frame,timestamp,confidence,success,gaze_angle_x,gaze_angle_y,pose_Rx,pose_Ry,pose_Rz,AU01_r,AU02_r,AU04_r,AU05_r,AU06_r,AU07_r,AU09_r,AU10_r,AU12_r,AU14_r,AU15_r,AU17_r,AU20_r,AU23_r,AU25_r,AU26_r,AU45_r,AU01_c,AU02_c,AU04_c,AU05_c,AU06_c,AU07_c,AU09_c,AU10_c,AU12_c,AU14_c,AU15_c,AU17_c,AU20_c,AU23_c,AU25_c,AU26_c,AU28_c,AU45_c,EAR,Pupil_Scale (Left),Pupil_Scale (Right)
1,0.0,0.88,1,-0.134,0.339,0.011,0.14,0.004,0.5,0.0,0.19,0.0,0.67,1.12,0.11,0.86,1.8,2.14,0.0,1.95,0.0,0.0,0.69,0.0,1.19,0.0,0.0,1.0,0.0,0.0,1.0,0.0,1.0,1.0,1.0,0.0,1.0,0.0,0.0,0.0,0.0,0.0,0.0,0.16414795165996116,28.50157890363269,28.304416616492865
2,0.04,0.88,1,-0.102,0.367,0.021,0.137,-0.004,0.61,0.0,0.29,0.02,0.73,1.19,0.04,0.86,1.84,2.04,0.02,1.58,0.0,0.0,1.1,0.0,1.27,0.0,0.0,1.0,0.0,0.0,0.0,0.0,1.0,1.0,1.0,0.0,0.0,0.0,0.0,1.0,0.0,0.0,0.0,0.18056720239878005,32.182293268193206,31.502539580167184
3,0.08,0.88,1,-0.138,0.374,0.034,0.141,-0.009,0.67,0.0,0.39,0.04,0.76,1.15,0.0,0.89,1.88,1.92,0.02,1.36,0.0,0.0,1.38,0.0,1.47,0.0,0.0,1.0,0.0,0.0,0.0,0.0,1.0,1.0,1.0,0.0,0.0,0.0,0.0,1.0,0.0,0.0,0.0,0.17099083281049332,31.445985435346202,30.108138434649103
4,0.12,0.88,1,-0.164,0.395,0.059,0.142,-0.017,0.77,0.0,0.26,0.03,0.74,1.0,0.0,0.93,1.89,1.88,0.02,1.24,0.0,0.0,1.48,0.0,1.68,0.0,0.0,1.0,0.0,0.0,0.0,0.0,1.0,1.0,1.0,0.0,0.0,0.0,0.0,1.0,0.0,0.0,0.0,0.1604921141656106,32.00562450570212,28.311305162425793
5,0.16,0.88,1,-0.162,0.388,0.07,0.143,-0.024,0.77,0.0,0.23,0.03,0.77,0.92,0.0,1.03,1.86,1.76,0.0,1.18,0.0,0.0,1.59,0.0,1.69,0.0,0.0,1.0,0.0,0.0,0.0,0.0,1.0,1.0,1.0,0.0,0.0,0.0,0.0,1.0,0.0,0.0,0.0,0.17415000982732082,31.415919531345978,27.518175811634027
6,0.2,0.88,1,-0.172,0.391,0.066,0.147,-0.03,0.83,0.0,0.16,0.0,0.73,0.77,0.01,1.05,1.82,1.75,0.0,1.06,0.0,0.0,1.68,0.05,1.69,0.0,0.0,1.0,0.0,0.0,0.0,0.0,1.0,1.0,1.0,0.0,0.0,0.0,0.0,1.0,0.0,0.0,0.0,0.16336228280814338,31.101446911679115,26.915051551130365
7,0.24,0.88,1,-0.177,0.381,0.084,0.153,-0.039,0.81,0.0,0.3,0.0,0.65,0.87,0.02,0.98,1.66,1.74,0.0,1.0,0.0,0.0,1.8,0.25,1.6,0.0,0.0,1.0,0.0,0.0,0.0,0.0,1.0,1.0,1.0,0.0,0.0,0.0,0.0,1.0,0.0,0.0,0.0,0.18264271013980007,32.30015479839063,26.722649569232505
8,0.28,0.88,1,-0.187,0.39,0.07,0.157,-0.044,0.92,0.0,0.39,0.0,0.56,0.84,0.02,0.87,1.53,1.78,0.0,0.9,0.0,0.0,1.87,0.57,1.84,0.0,0.0,1.0,0.0,0.0,0.0,0.0,1.0,0.0,1.0,0.0,0.0,0.0,0.0,1.0,0.0,0.0,0.0,0.17981097974141808,33.600148809194195,27.122315535366944
9,0.32,0.88,1,-0.205,0.44,0.086,0.154,-0.051,0.86,0.0,0.44,0.0,0.63,0.74,0.01,0.87,1.45,1.93,0.0,0.86,0.0,0.0,2.09,0.85,2.29,0.0,0.0,1.0,0.0,0.0,0.0,0.0,1.0,0.0,1.0,0.0,0.0,0.0,0.0,1.0,0.0,0.0,0.0,0.15084720418299755,33.002424153386066,27.247018185482286
10,0.36,0.88,1,-0.22,0.539,0.085,0.152,-0.055,0.82,0.0,0.53,0.0,0.83,0.54,0.0,0.98,1.61,2.26,0.0,0.76,0.0,0.0,2.26,1.02,2.85,0.0,0.0,1.0,0.0,1.0,0.0,1.0,1.0,0.0,1.0,0.0,0.0,0.0,0.0,1.0,0.0,0.0,1.0,0.04371432549480813,35.75597852108096,28.700000000000045
11,0.4,0.88,1,-0.222,0.571,0.103,0.143,-0.057,0.58,0.0,0.52,0.0,1.2,0.51,0.0,1.13,1.99,2.4,0.0,0.47,0.0,0.0,2.5,1.02,3.23,0.0,0.0,1.0,0.0,1.0,1.0,1.0,1.0,0.0,1.0,0.0,0.0,0.0,0.0,1.0,0.0,0.0,1.0,0.034271427220657506,37.76413642597965,29.80419433569707
12,0.44,0.88,1,-0.366,0.657,0.163,0.142,-0.07,0.46,0.0,0.47,0.0,1.53,0.84,0.0,1.2,2.31,2.39,0.0,0.38,0.0,0.0,2.71,0.99,3.42,0.0,0.0,1.0,0.0,1.0,1.0,1.0,1.0,1.0,1.0,0.0,0.0,0.0,0.0,1.0,1.0,0.0,1.0,0.04958485187006148,36.61652632350603,27.621911592067764
13,0.48,0.88,1,-0.393,0.634,0.177,0.145,-0.076,0.27,0.0,0.31,0.0,1.83,1.18,0.0,1.25,2.49,2.21,0.0,0.33,0.0,0.0,3.06,0.82,3.6,0.0,0.0,1.0,0.0,1.0,1.0,1.0,1.0,1.0,1.0,0.0,0.0,0.0,0.0,1.0,1.0,0.0,1.0,0.04710309892093546,39.80200999949644,30.904045042680185
14,0.52,0.88,1,-0.484,0.65,0.197,0.143,-0.086,0.29,0.0,0.23,0.0,1.88,1.49,0.0,1.23,2.39,2.11,0.0,0.37,0.0,0.0,3.45,0.66,3.78,0.0,0.0,1.0,0.0,1.0,1.0,1.0,1.0,1.0,1.0,0.0,0.0,0.0,0.0,1.0,1.0,0.0,1.0,0.04946809758447025,33.94775397577881,30.610455730027844
15,0.56,0.88,1,-0.461,0.607,0.193,0.142,-0.094,0.29,0.0,0.13,0.0,1.87,1.68,0.0,1.17,2.33,1.99,0.0,0.2,0.0,0.0,3.74,0.36,3.84,0.0,0.0,1.0,0.0,1.0,1.0,1.0,1.0,1.0,1.0,0.0,0.0,0.0,0.0,1.0,1.0,0.0,1.0,0.041100223766061594,29.84845054605031,28.70156790142313
16,0.6,0.88,1,-0.383,0.634,0.197,0.14,-0.105,0.37,0.0,0.06,0.0,1.74,1.88,0.0,0.92,2.23,1.94,0.0,0.05,0.0,0.0,3.97,0.16,3.9,0.0,0.0,1.0,0.0,1.0,1.0,1.0,1.0,1.0,1.0,0.0,0.0,0.0,0.0,1.0,1.0,0.0,1.0,0.04111752911231216,35.00685647126854,27.30164830188825
17,0.64,0.88,1,-0.336,0.638,0.203,0.132,-0.111,0.42,0.0,0.03,0.0,1.6,1.88,0.02,0.61,2.03,1.9,0.0,0.0,0.0,0.0,4.03,0.0,3.85,0.0,0.0,0.0,0.0,1.0,1.0,1.0,1.0,1.0,1.0,0.0,0.0,0.0,0.0,1.0,1.0,0.0,1.0,0.02768995025197858,36.81439935677325,24.303291958086618
18,0.68,0.88,1,-0.286,0.644,0.203,0.126,-0.114,0.54,0.0,0.03,0.0,1.54,1.8,0.02,0.33,1.81,1.85,0.0,0.0,0.0,0.0,4.03,0.01,3.85,0.0,0.0,0.0,0.0,1.0,1.0,1.0,1.0,0.0,1.0,0.0,0.0,0.0,0.0,1.0,1.0,0.0,1.0,0.028835422771505213,36.30881435684747,24.307406278745532
19,0.72,0.88,1,-0.25,0.614,0.21,0.127,-0.118,0.6,0.0,0.1,0.0,1.6,1.73,0.02,0.29,1.7,1.83,0.0,0.0,0.0,0.0,3.82,0.17,3.78,0.0,0.0,0.0,0.0,1.0,1.0,1.0,1.0,0.0,1.0,0.0,0.0,0.0,0.0,1.0,1.0,0.0,1.0,0.027651714097691172,33.53818719012702,22.70792813094145
20,0.76,0.88,1,-0.268,0.615,0.214,0.126,-0.124,0.75,0.0,0.19,0.0,1.64,1.64,0.02,0.44,1.69,1.85,0.0,0.0,0.0,0.0,3.83,0.54,3.76,0.0,0.0,0.0,0.0,1.0,1.0,1.0,1.0,0.0,1.0,0.0,0.0,0.0,0.0,1.0,1.0,0.0,1.0,0.03902598345534469,32.76110498746956,22.132555207205428
21,0.8,0.88,1,-0.262,0.625,0.218,0.123,-0.128,0.76,0.0,0.28,0.0,1.61,1.62,0.06,0.55,1.66,1.97,0.0,0.0,0.0,0.0,3.81,0.69,3.67,0.0,0.0,0.0,0.0,1.0,1.0,1.0,1.0,0.0,1.0,0.0,0.0,0.0,0.0,1.0,1.0,0.0,1.0,0.026990309975622698,31.624199594614243,25.05114767830009
22,0.84,0.88,1,-0.228,0.641,0.217,0.116,-0.126,0.7,0.0,0.22,0.0,1.5,1.57,0.07,0.6,1.61,1.91,0.0,0.0,0.0,0.0,4.01,0.69,3.58,0.0,0.0,0.0,0.0,1.0,1.0,1.0,1.0,0.0,1.0,0.0,0.0,0.0,0.0,1.0,1.0,0.0,1.0,0.02009479379827726,33.08715762950937,23.835477759004487
23,0.88,0.88,1,-0.214,0.659,0.232,0.104,-0.124,0.45,0.0,0.12,0.0,1.43,1.5,0.05,0.49,1.68,1.94,0.0,0.0,0.0,0.0,4.02,0.42,3.46,0.0,0.0,0.0,0.0,1.0,1.0,1.0,1.0,0.0,1.0,0.0,0.0,0.0,0.0,1.0,1.0,0.0,1.0,0.024365760334882455,32.64429506054609,24.140629652103247
24,0.92,0.93,1,-0.197,0.687,0.24,0.086,-0.114,0.3,0.0,0.07,0.0,1.38,1.43,0.01,0.54,1.78,1.92,0.0,0.0,0.0,0.0,3.88,0.37,3.17,0.0,0.0,0.0,0.0,1.0,1.0,1.0,1.0,0.0,1.0,0.0,0.0,0.0,0.0,1.0,1.0,0.0,1.0,0.03075721401665969,29.916717734403814,23.84722206044129
25,0.96,0.93,1,-0.183,0.628,0.235,0.078,-0.107,0.28,0.0,0.09,0.0,1.4,1.33,0.03,0.5,1.95,2.01,0.0,0.0,0.0,0.0,3.69,0.35,2.83,0.0,0.0,0.0,0.0,1.0,1.0,1.0,1.0,1.0,1.0,0.0,0.0,0.0,0.0,1.0,1.0,0.0,1.0,0.03299059449978014,31.236036880500745,23.87571988443485
26,1.0,0.88,1,-0.139,0.67,0.236,0.077,-0.1,0.35,0.0,0.1,0.0,1.38,1.25,0.04,0.56,2.16,1.73,0.0,0.0,0.0,0.0,3.6,0.42,2.53,0.0,0.0,0.0,0.0,1.0,1.0,1.0,1.0,1.0,1.0,0.0,0.0,0.0,0.0,1.0,1.0,0.0,1.0,0.03319720095574541,28.711147660795497,20.84058540444577
27,1.04,0.93,1,-0.118,0.674,0.25,0.077,-0.095,0.3,0.0,0.05,0.0,1.4,1.11,0.04,0.49,2.43,1.41,0.0,0.0,0.0,0.0,3.86,0.42,2.44,0.0,0.0,0.0,0.0,1.0,1.0,0.0,1.0,1.0,1.0,0.0,0.0,0.0,0.0,1.0,1.0,0.0,1.0,0.047290888362177666,22.00363606316011,22.963013739489725
28,1.08,0.93,1,-0.112,0.673,0.276,0.062,-0.086,0.18,0.0,0.09,0.0,1.43,1.46,0.01,0.5,2.57,1.26,0.0,0.0,0.0,0.0,4.13,0.32,2.12,0.0,0.0,0.0,0.0,1.0,1.0,0.0,1.0,1.0,1.0,0.0,0.0,0.0,0.0,1.0,1.0,0.0,1.0,0.05433107744844098,21.52812114421507,24.865236777477055
29,1.12,0.93,1,-0.121,0.615,0.322,0.042,-0.073,0.04,0.0,0.08,0.0,1.47,1.96,0.0,0.64,2.58,1.38,0.0,0.0,0.08,0.0,4.33,0.21,1.5,0.0,0.0,0.0,0.0,1.0,1.0,0.0,1.0,1.0,1.0,0.0,0.0,0.0,0.0,1.0,1.0,0.0,1.0,0.09883712679597913,20.60606706773531,23.02628932329306
30,1.16,0.98,1,-0.046,0.493,0.34,0.021,-0.049,0.0,0.0,0.08,0.0,1.39,2.77,0.0,0.87,2.44,1.58,0.0,0.0,0.29,0.0,4.15,0.17,0.87,0.0,0.0,0.0,0.0,1.0,1.0,0.0,1.0,1.0,1.0,0.0,0.0,0.0,0.0,1.0,1.0,0.0,1.0,0.16222656077789926,18.900264548413162,17.31415605797749
31,1.2,0.98,1,-0.046,0.471,0.318,0.012,-0.026,0.0,0.0,0.0,0.0,1.2,2.89,0.0,1.05,2.37,1.48,0.0,0.0,0.51,0.0,3.82,0.2,0.39,0.0,0.0,0.0,0.0,1.0,1.0,0.0,1.0,1.0,1.0,0.0,0.0,0.0,0.0,1.0,1.0,0.0,1.0,0.16012900768327598,19.20234360696636,19.606376513777256
32,1.24,0.98,1,-0.06,0.437,0.302,0.002,-0.011,0.0,0.0,0.0,0.0,1.0,3.11,0.0,0.95,2.28,1.39,0.0,0.0,0.6,0.0,3.5,0.19,0.18,0.0,0.0,0.0,0.0,1.0,1.0,0.0,1.0,1.0,1.0,0.0,0.0,0.0,0.0,1.0,1.0,0.0,1.0,0.17453846685850316,20.402205763103254,20.106217943710757
33,1.28,0.98,1,-0.055,0.411,0.282,-0.002,-0.003,0.0,0.0,0.0,0.0,0.76,2.93,0.0,0.83,2.25,1.18,0.05,0.21,0.39,0.0,3.04,0.47,0.01,0.0,0.0,0.0,0.0,1.0,1.0,0.0,1.0,1.0,1.0,0.0,0.0,0.0,0.0,1.0,1.0,0.0,0.0,0.20153539920670718,21.00380917833715,19.401030900444304
34,1.32,0.98,1,-0.041,0.344,0.162,0.008,0.007,0.0,0.0,0.0,0.0,0.57,2.94,0.0,0.69,2.21,1.11,0.11,0.47,0.17,0.0,2.69,0.78,0.0,0.0,0.0,0.0,0.0,1.0,1.0,0.0,1.0,1.0,1.0,0.0,0.0,0.0,0.0,1.0,1.0,0.0,0.0,0.2144842172009072,18.796276226954983,18.70026737776767
35,1.36,0.98,1,-0.031,0.35,0.162,0.005,-0.001,0.0,0.0,0.0,0.0,0.47,2.65,0.0,0.72,2.24,1.09,0.11,0.63,0.0,0.0,2.28,1.2,0.0,0.0,0.0,0.0,0.0,1.0,1.0,0.0,1.0,1.0,1.0,0.0,1.0,0.0,0.0,1.0,1.0,0.0,0.0,0.21779420968021324,18.80664776083185,19.20416621465253
36,1.4,0.98,1,-0.035,0.337,0.157,0.0,-0.009,0.0,0.0,0.0,0.0,0.48,2.51,0.0,0.77,2.27,1.16,0.13,0.57,0.03,0.0,2.22,1.28,0.0,0.0,0.0,0.0,0.0,1.0,1.0,0.0,1.0,1.0,1.0,0.0,1.0,0.0,0.0,1.0,1.0,0.0,0.0,0.22021460187211062,19.237983262286015,19.20104163841123
37,1.44,0.98,1,-0.025,0.337,0.15,-0.002,-0.014,0.0,0.0,0.0,0.0,0.52,2.49,0.0,0.77,2.29,1.2,0.07,0.52,0.03,0.0,2.18,1.33,0.0,0.0,0.0,0.0,0.0,1.0,1.0,0.0,1.0,1.0,1.0,0.0,1.0,0.0,0.0,1.0,1.0,0.0,0.0,0.22493379281824455,19.53586445489432,19.400257730246647
38,1.48,0.98,1,-0.035,0.324,0.143,0.002,-0.025,0.0,0.0,0.0,0.0,0.51,2.69,0.0,0.75,2.27,1.16,0.07,0.51,0.04,0.0,2.17,1.21,0.0,0.0,0.0,0.0,0.0,1.0,1.0,0.0,1.0,1.0,1.0,0.0,0.0,0.0,0.0,1.0,1.0,0.0,0.0,0.22167658756593384,21.595601403989534,19.70228413154175
39,1.52,0.98,1,-0.043,0.299,0.134,0.002,-0.03,0.0,0.06,0.0,0.0,0.55,2.6,0.01,0.74,2.26,1.06,0.0,0.48,0.01,0.0,2.2,1.1,0.0,0.0,0.0,0.0,0.0,1.0,1.0,0.0,1.0,1.0,1.0,0.0,0.0,0.0,0.0,1.0,1.0,0.0,0.0,0.22752313291954376,21.835750502330033,18.509727172489605
40,1.56,0.98,1,-0.04,0.317,0.149,0.005,-0.028,0.0,0.08,0.0,0.0,0.58,2.56,0.02,0.79,2.29,1.13,0.04,0.43,0.01,0.0,2.16,0.98,0.0,0.0,0.0,0.0,0.0,1.0,1.0,0.0,1.0,1.0,1.0,0.0,0.0,0.0,0.0,1.0,1.0,0.0,0.0,0.22298019661233567,21.298356744124558,19.40412327316013
41,1.6,0.98,1,-0.048,0.361,0.147,0.01,-0.026,0.0,0.08,0.0,0.0,0.63,2.35,0.02,0.92,2.32,1.25,0.04,0.37,0.0,0.0,2.1,0.9,0.23,0.0,0.0,0.0,0.0,1.0,1.0,0.0,1.0,1.0,1.0,0.0,0.0,0.0,0.0,1.0,1.0,0.0,0.0,0.19153014277485744,21.496511344867052,22.90087334579195
42,1.64,0.98,1,-0.037,0.389,0.145,0.009,-0.03,0.0,0.02,0.0,0.0,0.63,2.3,0.0,1.01,2.35,1.37,0.04,0.26,0.0,0.0,1.95,0.77,0.42,0.0,0.0,0.0,0.0,1.0,1.0,0.0,1.0,1.0,1.0,0.0,0.0,0.0,0.0,1.0,1.0,0.0,0.0,0.1757568443997957,19.42575609854079,20.012246250733572
43,1.68,0.98,1,-0.038,0.403,0.145,0.015,-0.039,0.0,0.0,0.0,0.0,0.61,2.24,0.0,1.02,2.33,1.33,0.0,0.11,0.0,0.0,1.93,0.71,0.59,0.0,0.0,0.0,0.0,1.0,1.0,0.0,1.0,1.0,1.0,0.0,0.0,0.0,0.0,1.0,1.0,0.0,0.0,0.17334284047998333,19.35071058126802,20.734753434752783
44,1.72,0.98,1,-0.032,0.373,0.13,0.02,-0.047,0.0,0.01,0.0,0.0,0.63,2.15,0.0,0.9,2.33,1.21,0.0,0.01,0.0,0.0,1.95,0.63,0.39,0.0,0.0,0.0,0.0,1.0,1.0,0.0,1.0,1.0,1.0,0.0,0.0,0.0,0.0,1.0,1.0,0.0,0.0,0.1767605742176323,20.8540163997252,21.922819161777394
45,1.76,0.98,1,-0.025,0.4,0.135,0.029,-0.054,0.05,0.12,0.0,0.0,0.67,2.22,0.0,0.81,2.31,1.26,0.0,0.0,0.0,0.0,2.07,0.7,0.27,0.0,0.0,0.0,0.0,1.0,1.0,0.0,1.0,1.0,1.0,0.0,0.0,0.0,0.0,1.0,1.0,0.0,0.0,0.1838384730757448,19.921847303902265,20.834586628968626
46,1.8,0.98,1,-0.03,0.42,0.143,0.029,-0.057,0.05,0.12,0.0,0.0,0.69,2.06,0.0,0.81,2.28,1.25,0.0,0.04,0.0,0.0,2.04,0.74,0.26,0.0,0.0,0.0,0.0,1.0,1.0,0.0,1.0,1.0,1.0,0.0,0.0,0.0,0.0,1.0,1.0,0.0,0.0,0.18009761579254913,20.84058540444577,22.14429949219451
47,1.84,0.98,1,-0.03,0.421,0.143,0.03,-0.057,0.05,0.11,0.0,0.0,0.7,2.17,0.01,0.87,2.24,1.3,0.0,0.05,0.0,0.0,2.02,0.85,0.23,0.0,0.0,0.0,0.0,1.0,1.0,0.0,1.0,1.0,1.0,0.0,0.0,0.0,0.0,1.0,1.0,0.0,0.0,0.17961639379963776,21.128653530218063,21.666794871415473
48,1.88,0.98,1,-0.03,0.412,0.135,0.03,-0.053,0.0,0.0,0.0,0.0,0.66,2.12,0.04,0.83,2.25,1.16,0.0,0.05,0.0,0.0,2.01,0.8,0.16,0.0,0.0,0.0,0.0,1.0,1.0,0.0,1.0,1.0,1.0,0.0,0.0,0.0,0.0,1.0,1.0,0.0,0.0,0.18049484623765655,20.847062143141596,20.64751801064733
49,1.92,0.98,1,-0.026,0.378,0.123,0.026,-0.047,0.0,0.0,0.0,0.0,0.68,2.16,0.1,0.8,2.25,1.01,0.0,0.05,0.0,0.0,2.05,0.76,0.12,0.0,0.0,0.0,0.0,1.0,1.0,0.0,1.0,1.0,1.0,0.0,0.0,0.0,0.0,1.0,0.0,0.0,0.0,0.22259664757513356,20.16358103115606,21.140009460735733
50,1.96,0.98,1,-0.027,0.389,0.122,0.025,-0.041,0.0,0.0,0.0,0.0,0.72,2.4,0.16,0.76,2.24,0.94,0.0,0.08,0.0,0.0,2.05,0.64,0.13,0.0,0.0,0.0,0.0,1.0,1.0,0.0,1.0,1.0,1.0,0.0,0.0,0.0,0.0,1.0,0.0,0.0,0.0,0.18775945839962402,20.224737328331408,19.730686759461815
51,2.0,0.98,1,-0.006,0.408,0.128,0.023,-0.031,0.01,0.11,0.0,0.0,0.74,2.58,0.19,0.83,2.19,1.09,0.0,0.14,0.0,0.0,2.04,0.57,0.16,0.0,0.0,0.0,0.0,1.0,1.0,0.0,1.0,1.0,1.0,0.0,0.0,0.0,0.0,1.0,0.0,0.0,0.0,0.1739075263775654,19.325889371514013,18.806647760831762
52,2.04,0.98,1,0.021,0.41,0.132,0.014,-0.022,0.01,0.11,0.0,0.0,0.74,2.91,0.13,0.89,2.22,1.29,0.0,0.13,0.0,0.0,2.09,0.61,0.15,0.0,0.0,0.0,0.0,1.0,1.0,0.0,1.0,1.0,1.0,0.0,0.0,0.0,0.0,1.0,0.0,0.0,0.0,0.17641429932282968,19.406442229321776,20.3415830259102
53,2.08,0.98,1,0.016,0.426,0.149,0.007,-0.017,0.02,0.11,0.0,0.0,0.65,2.85,0.05,0.97,2.27,1.26,0.0,0.13,0.0,0.0,2.25,0.85,0.22,0.0,0.0,0.0,0.0,1.0,1.0,0.0,1.0,1.0,1.0,0.0,0.0,0.0,0.0,1.0,1.0,0.0,0.0,0.17264325879717146,19.902261178067043,20.94039159137202
54,2.12,0.98,1,0.026,0.436,0.156,-0.001,-0.011,0.02,0.0,0.0,0.0,0.61,2.73,0.0,1.06,2.33,1.18,0.0,0.09,0.0,0.0,2.49,1.22,0.51,0.0,0.0,0.0,0.0,1.0,1.0,0.0,1.0,1.0,1.0,0.0,0.0,0.0,0.0,1.0,1.0,0.0,1.0,0.17580525457746934,19.004210059878837,21.54553317975677
55,2.16,0.98,1,0.033,0.43,0.163,-0.01,-0.003,0.39,0.13,0.0,0.0,0.4,2.12,0.0,1.16,2.37,1.33,0.0,0.11,0.0,0.0,2.68,1.52,1.25,0.0,0.0,0.0,0.0,0.0,1.0,0.0,1.0,1.0,1.0,0.0,0.0,0.0,0.0,1.0,1.0,0.0,1.0,0.17132869844759557,19.00026315607234,19.972481067709236
56,2.2,0.98,1,-0.015,0.53,0.174,-0.011,-0.025,0.69,0.28,0.0,0.0,0.24,1.41,0.0,1.29,2.43,1.65,0.0,0.18,0.0,0.0,2.88,1.55,2.15,0.0,0.0,0.0,0.0,0.0,0.0,0.0,1.0,1.0,1.0,0.0,0.0,0.0,0.0,1.0,1.0,0.0,1.0,0.16084087609091613,18.709623192357274,19.409276132818647
57,2.24,0.93,1,-0.054,0.579,0.198,-0.009,-0.013,0.88,0.28,0.0,0.0,0.08,0.86,0.0,1.35,2.42,1.92,0.07,0.28,0.0,0.0,2.97,1.52,2.87,0.0,0.0,0.0,0.0,0.0,0.0,0.0,1.0,1.0,1.0,0.0,0.0,0.0,0.0,1.0,1.0,0.0,1.0,0.10712331050764931,19.643064933966013,20.640978658968574
58,2.28,0.93,1,-0.058,0.601,0.223,-0.011,-0.009,0.66,0.15,0.0,0.0,0.06,0.66,0.0,1.37,2.37,1.93,0.08,0.39,0.0,0.0,2.95,1.46,3.18,0.0,0.0,0.0,0.0,0.0,0.0,0.0,1.0,1.0,1.0,0.0,0.0,0.0,0.0,1.0,1.0,0.0,1.0,0.09716249578765428,19.90226117806727,21.882641522448743
59,2.32,0.93,1,-0.029,0.6,0.229,-0.003,-0.007,0.53,0.03,0.0,0.0,0.09,0.62,0.0,1.32,2.31,1.95,0.09,0.47,0.0,0.0,2.84,1.52,3.25,0.0,0.0,0.0,0.0,0.0,0.0,0.0,0.0,1.0,1.0,0.0,0.0,0.0,0.0,1.0,1.0,0.0,1.0,0.1010234151911538,20.71545316907168,22.796929617823583
60,2.36,0.93,1,-0.059,0.612,0.237,0.001,-0.01,0.41,0.03,0.0,0.0,0.11,0.82,0.0,1.19,2.31,1.97,0.02,0.47,0.0,0.0,2.78,1.44,3.23,0.0,0.0,0.0,0.0,0.0,0.0,0.0,0.0,1.0,1.0,0.0,0.0,0.0,0.0,1.0,1.0,0.0,1.0,0.10782408061856051,17.90251378996802,23.16246964380107
61,2.4,0.93,1,-0.064,0.607,0.224,0.015,-0.012,0.41,0.03,0.0,0.0,0.12,0.94,0.0,1.17,2.31,2.01,0.01,0.49,0.0,0.0,2.76,1.32,2.93,0.0,0.0,0.0,0.0,0.0,0.0,0.0,0.0,1.0,1.0,0.0,0.0,0.0,0.0,1.0,1.0,0.0,1.0,0.10560020992693492,19.70634415613413,24.79778215889481
62,2.44,0.93,1,-0.07,0.607,0.205,0.023,-0.01,0.3,0.0,0.0,0.0,0.12,1.09,0.0,1.16,2.29,1.97,0.0,0.51,0.0,0.0,2.7,1.17,2.65,0.0,0.0,0.0,0.0,0.0,1.0,0.0,0.0,1.0,1.0,0.0,0.0,0.0,0.0,1.0,1.0,0.0,1.0,0.09417354523765668,20.012246250733575,25.94339993138919
63,2.48,0.93,1,-0.063,0.605,0.198,0.026,-0.013,0.26,0.0,0.0,0.0,0.19,0.97,0.0,1.19,2.27,1.93,0.0,0.58,0.0,0.0,2.58,1.13,2.55,0.0,0.0,0.0,0.0,0.0,1.0,0.0,0.0,1.0,1.0,0.0,0.0,0.0,0.0,1.0,1.0,0.0,1.0,0.09515792078241346,20.41568024827984,25.119912420229404
64,2.52,0.93,1,-0.051,0.588,0.197,0.025,-0.016,0.15,0.0,0.0,0.0,0.29,1.01,0.0,1.17,2.28,1.96,0.0,0.58,0.0,0.0,2.49,1.17,2.49,0.0,0.0,0.0,0.0,0.0,1.0,0.0,0.0,1.0,1.0,0.0,0.0,0.0,0.0,1.0,1.0,0.0,1.0,0.10695005353832221,22.102036105300254,24.51652503924649
65,2.56,0.93,1,-0.015,0.597,0.186,0.028,-0.017,0.21,0.0,0.0,0.0,0.31,1.04,0.0,1.16,2.33,1.94,0.0,0.53,0.04,0.0,2.46,1.19,2.7,0.0,0.0,0.0,0.0,0.0,0.0,0.0,1.0,1.0,1.0,0.0,0.0,0.0,0.0,1.0,1.0,0.0,1.0,0.08786929828416314,22.011133546457803,22.703523955544693
66,2.6,0.93,1,-0.025,0.595,0.21,0.019,-0.021,0.44,0.15,0.0,0.0,0.2,0.76,0.0,1.2,2.42,1.86,0.02,0.46,0.04,0.0,2.57,1.35,2.67,0.0,0.0,0.0,0.0,0.0,1.0,0.0,1.0,1.0,1.0,0.0,0.0,0.0,0.0,1.0,1.0,0.0,1.0,0.10984419890325517,18.5024322725419,22.756317804073703
67,2.64,0.93,1,-0.001,0.609,0.223,0.012,-0.02,0.51,0.15,0.0,0.0,0.06,0.6,0.0,1.23,2.42,1.76,0.02,0.45,0.04,0.0,2.57,1.32,2.78,0.0,0.0,0.0,0.0,0.0,1.0,0.0,1.0,1.0,1.0,0.0,0.0,0.0,0.0,1.0,1.0,0.0,1.0,0.13859221595455662,15.501290268877622,22.643321311150356
68,2.68,0.93,1,-0.049,0.579,0.196,0.016,-0.016,0.37,0.15,0.0,0.0,0.1,0.51,0.0,1.2,2.37,1.76,0.02,0.51,0.14,0.0,2.56,1.32,2.62,0.0,0.0,0.0,0.0,0.0,1.0,0.0,1.0,1.0,1.0,0.0,0.0,0.0,0.0,1.0,1.0,0.0,1.0,0.11584724067941868,15.572411502397436,22.332263655975364
69,2.72,0.98,1,-0.011,0.464,0.159,0.003,-0.011,0.11,0.0,0.0,0.0,0.27,1.22,0.0,1.09,2.24,1.68,0.0,0.49,0.19,0.0,2.43,1.29,2.34,0.0,0.0,0.0,0.0,0.0,1.0,0.0,1.0,1.0,1.0,0.0,0.0,0.0,0.0,1.0,1.0,0.0,1.0,0.1476846620175114,16.824089871371896,19.94241710525569
70,2.76,0.98,1,-0.033,0.425,0.161,0.001,-0.013,0.0,0.0,0.0,0.0,0.49,1.99,0.0,0.98,2.23,1.48,0.0,0.41,0.19,0.0,2.42,1.31,1.63,0.0,0.0,0.0,0.0,1.0,1.0,0.0,1.0,1.0,1.0,0.0,0.0,0.0,0.0,1.0,1.0,0.0,1.0,0.18299298741253506,18.102486017119215,21.247588098417104
71,2.8,0.98,1,-0.034,0.376,0.15,-0.006,-0.009,0.0,0.0,0.0,0.0,0.55,2.63,0.0,0.94,2.2,1.22,0.0,0.21,0.05,0.0,2.43,1.4,0.84,0.0,0.0,0.0,0.0,1.0,1.0,0.0,1.0,1.0,1.0,0.0,0.0,0.0,0.0,1.0,1.0,0.0,1.0,0.16420893670720618,18.10110493864937,19.84943324127916
72,2.84,0.98,1,-0.029,0.342,0.133,-0.006,-0.009,0.0,0.0,0.0,0.0,0.56,2.84,0.0,0.93,2.18,1.0,0.0,0.12,0.0,0.0,2.46,1.42,0.24,0.0,0.0,0.0,0.0,1.0,1.0,0.0,1.0,1.0,1.0,0.0,0.0,0.0,0.0,1.0,1.0,0.0,0.0,0.18556403119291984,21.10023696549415,21.315018179677867
73,2.88,0.98,1,-0.02,0.327,0.128,-0.005,-0.012,0.0,0.0,0.0,0.0,0.54,2.78,0.0,0.93,2.15,0.95,0.0,0.03,0.0,0.0,2.43,1.42,0.03,0.0,0.0,0.0,0.0,1.0,1.0,0.0,1.0,1.0,1.0,0.0,0.0,0.0,0.0,1.0,1.0,0.0,0.0,0.19942055800738007,22.74313083108836,22.018401395196697
74,2.92,0.98,1,-0.009,0.329,0.121,-0.002,-0.017,0.03,0.0,0.0,0.0,0.57,2.63,0.0,0.89,2.14,0.83,0.0,0.02,0.05,0.0,2.38,1.46,0.0,0.0,0.0,0.0,0.0,1.0,1.0,0.0,1.0,1.0,1.0,0.0,0.0,0.0,0.0,1.0,1.0,0.0,0.0,0.19853823523887199,22.656566377101502,22.3224102641269
75,2.96,0.98,1,-0.0,0.323,0.119,-0.001,-0.02,0.03,0.0,0.0,0.0,0.65,2.51,0.02,0.92,2.18,0.82,0.0,0.02,0.14,0.0,2.41,1.34,0.0,0.0,0.0,0.0,0.0,1.0,1.0,0.0,1.0,1.0,1.0,0.0,0.0,0.0,0.0,1.0,1.0,0.0,0.0,0.21163974185127898,22.364704335179532,22.617913254763266
76,3.0,0.98,1,-0.01,0.319,0.119,-0.003,-0.02,0.03,0.08,0.0,0.0,0.66,2.44,0.02,0.82,2.17,0.79,0.0,0.1,0.14,0.0,2.5,1.33,0.0,0.0,0.0,0.0,0.0,1.0,1.0,0.0,1.0,1.0,1.0,0.0,0.0,0.0,0.0,1.0,1.0,0.0,0.0,0.21881852305924054,22.1,22.011133546457803
77,3.04,0.98,1,-0.007,0.32,0.115,-0.006,-0.019,0.0,0.08,0.0,0.0,0.66,2.51,0.02,0.8,2.2,0.77,0.0,0.13,0.09,0.0,2.55,1.15,0.0,0.0,0.0,0.0,0.0,1.0,1.0,0.0,1.0,1.0,1.0,0.0,0.0,0.0,0.0,1.0,1.0,0.0,0.0,0.21672933790411858,22.638462845343543,22.21823575354267
78,3.08,0.98,1,-0.007,0.313,0.107,-0.011,-0.014,0.0,0.13,0.0,0.0,0.56,2.59,0.0,0.72,2.16,0.76,0.0,0.21,0.0,0.0,2.49,1.19,0.0,0.0,0.0,0.0,0.0,1.0,1.0,0.0,1.0,1.0,1.0,0.0,0.0,0.0,0.0,1.0,1.0,0.0,0.0,0.216698414170992,22.439696967650832,22.70792813094145
79,3.12,0.98,1,-0.01,0.309,0.106,-0.013,-0.011,0.0,0.06,0.0,0.0,0.51,2.69,0.0,0.79,2.16,0.73,0.0,0.14,0.0,0.0,2.44,1.17,0.0,0.0,0.0,0.0,0.0,1.0,1.0,0.0,1.0,1.0,1.0,0.0,0.0,0.0,0.0,1.0,1.0,0.0,0.0,0.2180371707013264,22.32935287911413,22.70550594018997
80,3.16,0.98,1,-0.005,0.308,0.104,-0.014,-0.01,0.04,0.06,0.0,0.0,0.5,2.61,0.0,0.8,2.13,0.79,0.0,0.15,0.0,0.0,2.33,1.25,0.0,0.0,0.0,0.0,0.0,1.0,1.0,0.0,1.0,1.0,1.0,0.0,0.0,0.0,0.0,1.0,1.0,0.0,0.0,0.2183258682993186,22.252415599210934,23.01064970834157
81,3.2,0.98,1,-0.006,0.309,0.104,-0.014,-0.011,0.04,0.0,0.0,0.0,0.49,2.6,0.0,0.85,2.13,0.75,0.0,0.1,0.0,0.0,2.32,1.27,0.0,0.0,0.0,0.0,0.0,1.0,1.0,0.0,1.0,1.0,1.0,0.0,0.0,0.0,0.0,1.0,1.0,0.0,0.0,0.21768565786440613,22.14158982548453,23.207757323791586
82,3.24,0.98,1,-0.007,0.312,0.103,-0.013,-0.011,0.04,0.0,0.0,0.0,0.48,2.53,0.0,0.91,2.08,0.67,0.0,0.11,0.03,0.0,2.3,1.36,0.0,0.0,0.0,0.0,0.0,1.0,1.0,0.0,1.0,1.0,1.0,0.0,0.0,0.0,0.0,1.0,1.0,0.0,0.0,0.21521355555106766,22.130521909796883,23.001956438529312
83,3.28,0.98,1,-0.01,0.313,0.106,-0.011,-0.013,0.0,0.0,0.0,0.0,0.45,2.62,0.0,0.96,2.05,0.57,0.0,0.11,0.08,0.0,2.26,1.39,0.0,0.0,0.0,0.0,0.0,1.0,1.0,0.0,1.0,1.0,1.0,0.0,0.0,0.0,0.0,1.0,1.0,0.0,0.0,0.21641493208304569,22.14158982548453,22.700220263248593
84,3.32,0.98,1,-0.007,0.313,0.11,-0.01,-0.013,0.0,0.0,0.0,0.0,0.43,2.54,0.0,1.04,2.01,0.53,0.0,0.08,0.08,0.0,2.27,1.4,0.0,0.0,0.0,0.0,0.0,1.0,1.0,0.0,1.0,1.0,1.0,0.0,0.0,0.0,0.0,1.0,1.0,0.0,0.0,0.2190638164518704,22.130521909796883,23.401922997907533
85,3.36,0.98,1,-0.011,0.315,0.115,-0.012,-0.012,0.0,0.0,0.0,0.0,0.45,2.69,0.0,1.01,2.01,0.5,0.0,0.1,0.08,0.0,2.26,1.39,0.0,0.0,0.0,0.0,0.0,1.0,1.0,0.0,1.0,1.0,1.0,0.0,0.0,0.0,0.0,1.0,1.0,0.0,0.0,0.22242356260627022,22.21936092690351,23.200862052949713
86,3.4,0.98,1,-0.008,0.308,0.112,-0.011,-0.008,0.0,0.0,0.0,0.0,0.4,2.65,0.0,0.98,2.04,0.58,0.0,0.06,0.04,0.0,2.35,1.42,0.0,0.0,0.0,0.0,0.0,1.0,1.0,0.0,1.0,1.0,1.0,0.0,0.0,0.0,0.0,1.0,1.0,0.0,0.0,0.2256173551220252,22.219360926903498,23.601906702637528
87,3.44,0.98,1,-0.003,0.311,0.111,-0.014,-0.006,0.0,0.06,0.0,0.0,0.36,2.63,0.0,0.96,2.06,0.67,0.0,0.15,0.1,0.0,2.29,1.42,0.0,0.0,0.0,0.0,0.0,0.0,1.0,0.0,1.0,1.0,1.0,0.0,0.0,0.0,0.0,1.0,1.0,0.0,0.0,0.22730241320120653,22.11990054227188,23.09999999999991
88,3.48,0.98,1,-0.006,0.312,0.114,-0.012,-0.005,0.0,0.06,0.0,0.0,0.28,2.42,0.0,0.94,2.08,0.76,0.0,0.2,0.14,0.0,2.24,1.36,0.0,0.0,0.0,0.0,0.0,0.0,1.0,0.0,1.0,1.0,1.0,0.0,0.0,0.0,0.0,1.0,1.0,0.0,0.0,0.2277990061604963,21.832315497903615,23.500212764994277
89,3.52,0.98,1,-0.001,0.301,0.111,-0.013,-0.002,0.0,0.09,0.0,0.0,0.23,2.34,0.0,0.93,2.06,0.74,0.0,0.33,0.16,0.0,2.21,1.32,0.0,0.0,0.0,0.0,0.0,0.0,1.0,0.0,1.0,1.0,1.0,0.0,0.0,0.0,0.0,1.0,1.0,0.0,0.0,0.23027960957945492,21.732924331529706,23.500212764994277
90,3.56,0.98,1,-0.002,0.311,0.121,-0.014,-0.004,0.0,0.11,0.0,0.0,0.25,2.44,0.0,0.92,2.11,0.66,0.02,0.38,0.1,0.0,2.23,1.29,0.0,0.0,0.0,0.0,0.0,0.0,1.0,0.0,1.0,1.0,1.0,0.0,0.0,0.0,0.0,1.0,1.0,0.0,0.0,0.2297643576947449,22.130521909796883,22.700000000000045
91,3.6,0.98,1,-0.013,0.303,0.115,-0.013,0.0,0.0,0.11,0.0,0.0,0.28,2.46,0.0,0.92,2.12,0.6,0.02,0.4,0.02,0.0,2.22,1.32,0.0,0.0,0.0,0.0,0.0,0.0,1.0,0.0,1.0,1.0,1.0,0.0,0.0,0.0,0.0,1.0,1.0,0.0,0.0,0.23022064998701916,22.34032228952846,22.70088104017115
92,3.64,0.98,1,-0.003,0.309,0.115,-0.014,0.0,0.0,0.08,0.0,0.0,0.29,2.36,0.0,0.91,2.13,0.56,0.02,0.39,0.0,0.0,2.22,1.34,0.0,0.0,0.0,0.0,0.0,0.0,1.0,0.0,1.0,1.0,1.0,0.0,0.0,0.0,0.0,1.0,1.0,0.0,0.0,0.22469308907694757,22.5077764339351,23.300214591286448
93,3.68,0.98,1,-0.006,0.305,0.113,-0.013,-0.001,0.17,0.15,0.0,0.0,0.23,2.13,0.0,0.88,2.08,0.68,0.0,0.41,0.0,0.0,2.16,1.32,0.44,0.0,0.0,0.0,0.0,0.0,1.0,0.0,1.0,1.0,1.0,0.0,0.0,0.0,0.0,1.0,1.0,0.0,0.0,0.22626555367066387,21.612265036316767,22.900218339570568
94,3.72,0.98,1,-0.015,0.35,0.111,-0.015,-0.0,0.45,0.15,0.0,0.0,0.13,1.59,0.0,0.94,2.14,0.92,0.0,0.48,0.0,0.0,2.19,1.33,1.24,0.0,0.0,0.0,0.0,0.0,1.0,0.0,1.0,1.0,1.0,0.0,0.0,0.0,0.0,1.0,1.0,0.0,1.0,0.19884743504398888,19.10942175995928,18.840912929048887
95,3.76,0.98,1,0.004,0.473,0.102,-0.025,0.003,0.71,0.23,0.0,0.0,0.09,1.18,0.0,1.12,2.2,1.26,0.05,0.5,0.06,0.0,2.22,1.17,2.12,0.0,0.0,0.0,0.0,0.0,1.0,0.0,1.0,1.0,1.0,0.0,0.0,0.0,0.0,1.0,1.0,0.0,1.0,0.16142119273209438,16.079800993793427,21.951309755911925
96,3.8,0.98,1,-0.032,0.443,0.094,-0.015,-0.019,0.67,0.13,0.0,0.0,0.11,1.17,0.0,1.15,2.21,1.29,0.05,0.47,0.06,0.0,2.27,1.14,2.31,0.0,0.0,0.0,0.0,0.0,1.0,0.0,1.0,1.0,1.0,0.0,0.0,0.0,0.0,1.0,1.0,0.0,1.0,0.16560466626255305,18.039955654047485,19.512560057562926
97,3.84,0.98,1,-0.021,0.386,0.088,-0.013,-0.003,0.41,0.13,0.0,0.0,0.21,1.67,0.0,1.13,2.14,1.23,0.05,0.43,0.06,0.0,2.27,1.17,1.85,0.0,0.0,0.0,0.0,0.0,1.0,0.0,1.0,1.0,1.0,0.0,0.0,0.0,0.0,1.0,1.0,0.0,1.0,0.17068743538915282,18.527007313648905,20.740781084616664
98,3.88,0.98,1,0.012,0.37,0.105,-0.022,0.001,0.29,0.04,0.0,0.0,0.34,2.33,0.0,1.07,2.12,1.15,0.0,0.3,0.0,0.0,2.18,1.23,1.08,0.0,0.0,0.0,0.0,0.0,1.0,0.0,1.0,1.0,1.0,0.0,0.0,0.0,0.0,1.0,1.0,0.0,1.0,0.18646097204624495,17.100292395161105,18.732325002519087
99,3.92,0.98,1,0.02,0.353,0.095,-0.014,-0.02,0.21,0.02,0.0,0.0,0.34,2.58,0.0,1.09,2.11,1.07,0.0,0.22,0.0,0.0,2.29,1.32,0.61,0.0,0.0,0.0,0.0,0.0,1.0,0.0,1.0,1.0,1.0,0.0,0.0,0.0,0.0,1.0,1.0,0.0,0.0,0.17096711707962126,18.7130970178643,19.36620768245549
100,3.96,0.98,1,0.008,0.349,0.107,-0.021,-0.009,0.21,0.03,0.0,0.0,0.42,2.68,0.0,1.14,2.15,0.96,0.0,0.13,0.0,0.0,2.24,1.15,0.31,0.0,0.0,0.0,0.0,1.0,1.0,0.0,1.0,1.0,1.0,0.0,0.0,0.0,0.0,1.0,1.0,0.0,0.0,0.18153525005090831,17.602556632489406,19.94918544703025
101,4.0,0.98,1,0.012,0.329,0.095,-0.016,-0.025,0.08,0.03,0.0,0.0,0.43,2.67,0.0,1.05,2.12,0.74,0.0,0.2,0.0,0.0,2.31,1.2,0.22,0.0,0.0,0.0,0.0,1.0,1.0,0.0,1.0,1.0,1.0,0.0,0.0,0.0,0.0,1.0,1.0,0.0,0.0,0.18654015881999098,19.00026315607234,20.112185361118904
102,4.04,0.98,1,0.012,0.347,0.107,-0.022,-0.012,0.11,0.04,0.0,0.0,0.56,2.72,0.02,1.04,2.16,0.82,0.0,0.21,0.0,0.0,2.11,1.05,0.24,0.0,0.0,0.0,0.0,1.0,1.0,0.0,1.0,1.0,1.0,0.0,0.0,0.0,0.0,1.0,1.0,0.0,0.0,0.19616964316694818,18.701069488133605,20.640978658968802
103,4.08,0.98,1,0.016,0.354,0.103,-0.01,-0.026,0.09,0.03,0.0,0.0,0.53,2.6,0.02,1.0,2.06,0.8,0.0,0.24,0.0,0.0,2.11,1.1,0.19,0.0,0.0,0.0,0.0,1.0,1.0,0.0,1.0,1.0,1.0,0.0,0.0,0.0,0.0,1.0,1.0,0.0,0.0,0.18210541106968542,18.700000000000045,20.115914098046762
104,4.12,0.98,1,0.007,0.345,0.103,-0.018,-0.008,0.12,0.04,0.0,0.0,0.51,2.55,0.02,1.13,2.06,0.99,0.0,0.21,0.02,0.0,1.96,1.0,0.17,0.0,0.0,0.0,0.0,1.0,1.0,0.0,1.0,1.0,1.0,0.0,0.0,0.0,0.0,1.0,1.0,0.0,0.0,0.18389227390741422,18.799999999999955,20.611889772652976
105,4.16,0.98,1,0.025,0.336,0.086,-0.017,-0.031,0.14,0.05,0.0,0.0,0.54,2.64,0.03,1.13,2.02,0.87,0.0,0.23,0.03,0.0,1.99,0.96,0.1,0.0,0.0,0.0,0.0,1.0,1.0,0.0,1.0,1.0,1.0,0.0,0.0,0.0,0.0,1.0,1.0,0.0,0.0,0.1852970820715356,20.100000000000136,20.6118897726532
106,4.2,0.98,1,0.013,0.34,0.093,-0.0,-0.027,0.14,0.09,0.0,0.0,0.54,2.69,0.03,1.27,2.01,0.9,0.03,0.19,0.07,0.0,1.94,0.88,0.1,0.0,0.0,0.0,0.0,1.0,1.0,0.0,1.0,1.0,1.0,0.0,0.0,0.0,0.0,1.0,1.0,0.0,0.0,0.18291653798375165,19.200260414900672,20.403921191771047
107,4.24,0.98,1,-0.006,0.322,0.089,-0.017,-0.015,0.15,0.13,0.0,0.0,0.54,2.78,0.03,1.21,1.99,0.71,0.03,0.19,0.04,0.0,2.03,0.93,0.11,0.0,0.0,0.0,0.0,1.0,1.0,0.0,1.0,1.0,1.0,0.0,0.0,0.0,0.0,1.0,1.0,0.0,0.0,0.18088984305779227,20.799999999999955,21.10023696549415
108,4.28,0.98,1,0.002,0.352,0.092,-0.005,-0.018,0.04,0.1,0.0,0.0,0.47,2.57,0.0,1.3,1.98,0.74,0.03,0.16,0.05,0.0,1.97,0.91,0.01,0.0,0.0,0.0,0.0,1.0,1.0,0.0,1.0,1.0,1.0,0.0,0.0,0.0,0.0,1.0,1.0,0.0,0.0,0.18320406547340953,19.800252523642172,21.11160818128255
109,4.32,0.98,1,0.004,0.33,0.088,-0.019,-0.012,0.13,0.08,0.0,0.0,0.53,2.62,0.0,1.24,2.03,0.73,0.02,0.17,0.01,0.0,2.02,1.01,0.01,0.0,0.0,0.0,0.0,1.0,1.0,0.0,1.0,1.0,1.0,0.0,0.0,0.0,0.0,1.0,1.0,0.0,0.0,0.19878218240321466,20.200247523235763,21.10094784600933
110,4.36,0.98,1,-0.0,0.352,0.097,-0.003,-0.021,0.08,0.01,0.0,0.0,0.53,2.56,0.0,1.12,2.0,0.71,0.02,0.15,0.04,0.0,2.02,1.12,0.06,0.0,0.0,0.0,0.0,1.0,1.0,0.0,1.0,1.0,1.0,0.0,0.0,0.0,0.0,1.0,1.0,0.0,0.0,0.1862181337790516,20.10099500024803,20.708693826506824
111,4.4,0.98,1,0.005,0.335,0.096,-0.016,-0.004,0.15,0.08,0.0,0.0,0.5,2.71,0.0,0.99,2.01,0.67,0.02,0.12,0.03,0.0,2.09,1.19,0.07,0.0,0.0,0.0,0.0,1.0,1.0,0.0,1.0,1.0,1.0,0.0,0.0,0.0,0.0,1.0,1.0,0.0,0.0,0.18905229516192487,21.403737991294975,20.903827400741804
112,4.44,0.98,1,0.006,0.352,0.098,-0.007,-0.021,0.06,0.06,0.0,0.0,0.42,2.62,0.0,0.84,1.96,0.56,0.0,0.19,0.03,0.0,2.05,1.2,0.07,0.0,0.0,0.0,0.0,1.0,1.0,0.0,1.0,1.0,1.0,0.0,0.0,0.0,0.0,1.0,1.0,0.0,0.0,0.18974816955886487,20.60606706773531,21.511392330576836
113,4.48,0.98,1,0.014,0.338,0.107,-0.019,-0.005,0.11,0.06,0.0,0.0,0.39,2.6,0.0,0.98,1.98,0.65,0.0,0.23,0.0,0.0,2.05,1.12,0.03,0.0,0.0,0.0,0.0,1.0,1.0,0.0,1.0,1.0,1.0,0.0,0.0,0.0,0.0,1.0,1.0,0.0,0.0,0.19499141928031,21.1059233391957,21.405840324547036
114,4.52,0.98,1,0.011,0.338,0.096,-0.009,-0.023,0.05,0.0,0.0,0.0,0.37,2.61,0.0,0.9,1.93,0.57,0.01,0.35,0.0,0.0,2.08,1.24,0.02,0.0,0.0,0.0,0.0,1.0,1.0,0.0,1.0,1.0,1.0,0.0,0.0,0.0,0.0,1.0,1.0,0.0,0.0,0.18666786782659622,21.105923339195474,21.71128738697897
115,4.56,0.98,1,0.008,0.339,0.109,-0.019,-0.008,0.09,0.0,0.0,0.0,0.42,2.6,0.0,1.05,2.01,0.71,0.01,0.26,0.03,0.0,2.1,1.2,0.02,0.0,0.0,0.0,0.0,1.0,1.0,0.0,1.0,1.0,1.0,0.0,0.0,0.0,0.0,1.0,1.0,0.0,0.0,0.20128953483184353,21.738905216224715,21.70575960430784
116,4.6,0.98,1,0.013,0.325,0.091,-0.012,-0.021,0.04,0.0,0.0,0.0,0.36,2.59,0.0,0.9,1.94,0.59,0.02,0.22,0.03,0.0,2.15,1.34,0.0,0.0,0.0,0.0,0.0,1.0,1.0,0.0,1.0,1.0,1.0,0.0,0.0,0.0,0.0,1.0,1.0,0.0,0.0,0.20464324528237177,21.33963448609179,22.208106627985917
117,4.64,0.98,1,0.004,0.323,0.109,-0.018,-0.006,0.04,0.0,0.0,0.02,0.37,2.43,0.0,1.06,2.03,0.7,0.01,0.18,0.14,0.0,2.06,1.24,0.0,0.0,0.0,0.0,0.0,1.0,1.0,0.0,1.0,1.0,1.0,0.0,0.0,0.0,0.0,1.0,1.0,0.0,0.0,0.2074808471776371,21.84490787346099,22.10090495884718
118,4.68,0.98,1,0.011,0.323,0.104,-0.013,-0.02,0.0,0.0,0.0,0.02,0.31,2.52,0.0,0.92,1.94,0.61,0.01,0.17,0.14,0.0,2.09,1.28,0.0,0.0,0.0,0.0,0.0,1.0,1.0,0.0,1.0,1.0,1.0,0.0,0.0,0.0,0.0,1.0,1.0,0.0,0.0,0.21049738753702904,21.666794871415473,22.103619613086135
119,4.72,0.98,1,0.005,0.327,0.109,-0.022,0.002,0.0,0.0,0.0,0.02,0.39,2.5,0.0,1.04,2.01,0.69,0.0,0.25,0.14,0.0,1.95,1.1,0.0,0.0,0.0,0.0,0.0,1.0,1.0,0.0,1.0,1.0,1.0,0.0,0.0,0.0,0.0,1.0,1.0,0.0,0.0,0.21673803928567908,21.666794871415473,21.90205469813287
120,4.76,0.98,1,0.017,0.334,0.102,-0.017,-0.013,0.07,0.0,0.0,0.0,0.42,2.51,0.0,1.01,1.97,0.73,0.0,0.27,0.03,0.0,1.96,1.12,0.0,0.0,0.0,0.0,0.0,1.0,1.0,0.0,1.0,1.0,1.0,0.0,0.0,0.0,0.0,1.0,1.0,0.0,0.0,0.2054569778182661,21.745114393812745,22.60553029681025
121,4.8,0.98,1,-0.002,0.336,0.104,-0.015,-0.021,0.09,0.05,0.0,0.0,0.46,2.5,0.0,1.11,2.05,0.84,0.0,0.32,0.01,0.0,1.94,1.05,0.0,0.0,0.0,0.0,0.0,1.0,1.0,0.0,1.0,1.0,1.0,0.0,0.0,0.0,0.0,1.0,1.0,0.0,0.0,0.2013512167421856,22.357325421436435,22.801973598791793
122,4.84,0.98,1,0.002,0.315,0.089,-0.02,-0.021,0.11,0.05,0.0,0.0,0.43,2.56,0.0,1.05,2.06,0.84,0.0,0.22,0.0,0.0,2.03,1.06,0.0,0.0,0.0,0.0,0.0,1.0,1.0,0.0,1.0,1.0,1.0,0.0,0.0,0.0,0.0,1.0,1.0,0.0,0.0,0.20933369199891633,21.79197099851209,22.002045359466017
123,4.88,0.98,1,0.004,0.32,0.099,-0.019,-0.029,0.07,0.06,0.0,0.0,0.42,2.61,0.0,1.05,2.15,0.81,0.0,0.13,0.05,0.0,2.07,1.01,0.0,0.0,0.0,0.0,0.0,1.0,1.0,0.0,1.0,1.0,1.0,0.0,0.0,0.0,0.0,1.0,1.0,0.0,0.0,0.20893475992735033,22.264994947225837,23.10086578464097
124,4.92,0.98,1,0.013,0.269,0.086,-0.019,-0.031,0.31,0.14,0.0,0.0,0.36,2.33,0.0,1.04,2.2,0.78,0.0,0.05,0.14,0.0,2.11,1.02,0.67,0.0,0.0,0.0,0.0,1.0,1.0,0.0,1.0,1.0,1.0,0.0,0.0,0.0,0.0,1.0,1.0,0.0,0.0,0.2501822345117042,21.18537231204601,22.408034273447637
125,4.96,0.98,1,0.008,0.429,0.083,-0.015,-0.032,0.5,0.24,0.0,0.0,0.27,1.59,0.0,1.02,2.17,0.77,0.0,0.04,0.2,0.0,2.17,1.19,1.41,0.0,1.0,0.0,0.0,1.0,1.0,0.0,1.0,1.0,1.0,0.0,0.0,0.0,0.0,1.0,1.0,0.0,1.0,0.18195331860511316,17.30462365958874,21.67487024182604
126,5.0,0.98,1,-0.025,0.458,0.093,-0.023,-0.011,0.62,0.22,0.0,0.0,0.22,1.06,0.0,1.0,2.09,0.77,0.0,0.06,0.21,0.0,2.24,1.22,2.06,0.0,1.0,0.0,0.0,1.0,1.0,0.0,1.0,1.0,1.0,0.0,0.0,0.0,0.0,1.0,1.0,0.0,1.0,0.16926733294231602,17.62554963681984,21.559452683219945
127,5.04,0.98,1,0.003,0.435,0.074,-0.018,-0.022,0.65,0.17,0.0,0.0,0.31,1.16,0.0,1.02,2.0,0.73,0.0,0.06,0.12,0.0,2.3,1.18,1.97,0.0,1.0,0.0,0.0,1.0,1.0,0.0,1.0,1.0,1.0,0.0,0.0,0.0,0.0,1.0,1.0,0.0,1.0,0.1646101484207137,17.833956375409198,21.01927686672403
128,5.08,0.98,1,0.006,0.356,0.082,-0.008,-0.03,0.43,0.08,0.0,0.0,0.49,2.0,0.0,1.03,1.94,0.69,0.0,0.16,0.07,0.0,2.31,1.11,1.4,0.0,1.0,0.0,0.0,1.0,1.0,0.0,1.0,1.0,1.0,0.0,0.0,0.0,0.0,1.0,1.0,0.0,1.0,0.17653529274298269,19.11674658512783,20.379646709400983
129,5.12,0.98,1,0.018,0.36,0.088,-0.02,-0.008,0.39,0.08,0.0,0.0,0.65,2.54,0.0,1.13,1.93,0.83,0.0,0.21,0.01,0.0,2.17,1.01,0.82,0.0,0.0,0.0,0.0,1.0,1.0,0.0,1.0,1.0,1.0,0.0,0.0,0.0,0.0,1.0,1.0,0.0,1.0,0.14810791581578292,18.006943105369107,18.626862323000218
130,5.16,0.98,1,0.021,0.343,0.079,-0.024,-0.037,0.26,0.14,0.0,0.0,0.75,2.8,0.02,1.15,1.96,0.97,0.0,0.21,0.1,0.0,2.12,1.04,0.24,0.0,0.0,0.0,0.0,1.0,1.0,0.0,1.0,1.0,1.0,0.0,0.0,0.0,0.0,1.0,1.0,0.0,0.0,0.170016829115746,18.001111076819672,19.237463450257724
131,5.2,0.98,1,0.013,0.345,0.095,-0.008,-0.036,0.26,0.14,0.0,0.0,0.68,2.84,0.02,1.16,1.97,0.92,0.01,0.12,0.08,0.0,2.12,1.09,0.07,0.0,0.0,0.0,0.0,1.0,1.0,0.0,1.0,1.0,1.0,0.0,0.0,0.0,0.0,1.0,1.0,0.0,0.0,0.17362761937274743,19.237463450257724,19.009471323527123
132,5.24,0.98,1,0.006,0.331,0.095,-0.021,-0.012,0.18,0.14,0.0,0.0,0.57,2.79,0.02,1.04,1.96,0.68,0.01,0.04,0.08,0.0,2.17,1.31,0.0,0.0,0.0,0.0,0.0,1.0,1.0,0.0,1.0,1.0,1.0,0.0,0.0,0.0,0.0,1.0,1.0,0.0,0.0,0.18452922649960135,19.70228413154152,19.42086506827115
133,5.28,0.98,1,0.007,0.352,0.103,-0.01,-0.028,0.02,0.0,0.0,0.0,0.48,2.74,0.0,1.04,1.9,0.58,0.01,0.06,0.0,0.0,2.05,1.39,0.01,0.0,0.0,0.0,0.0,1.0,1.0,0.0,1.0,1.0,1.0,0.0,0.0,0.0,0.0,1.0,1.0,0.0,0.0,0.18979549639176882,20.303940504246906,21.41144553737566
134,5.32,0.98,1,0.012,0.321,0.088,-0.026,-0.022,0.09,0.0,0.0,0.0,0.52,2.62,0.0,1.09,1.93,0.66,0.0,0.03,0.04,0.0,2.0,1.4,0.01,0.0,0.0,0.0,0.0,1.0,1.0,0.0,1.0,1.0,1.0,0.0,0.0,0.0,0.0,1.0,1.0,0.0,0.0,0.1897206644053155,20.800240383226527,20.903827400741804
135,5.36,0.98,1,0.008,0.343,0.102,-0.011,-0.029,0.08,0.0,0.0,0.0,0.56,2.66,0.0,1.1,1.88,0.65,0.01,0.09,0.04,0.0,2.03,1.31,0.01,0.0,0.0,0.0,0.0,1.0,1.0,0.0,1.0,1.0,1.0,0.0,0.0,0.0,0.0,1.0,1.0,0.0,0.0,0.19197437107485932,21.111608181282776,22.014540649307218
136,5.4,0.98,1,0.004,0.314,0.094,-0.023,-0.01,0.12,0.01,0.0,0.0,0.53,2.55,0.0,1.0,1.92,0.56,0.01,0.07,0.04,0.0,2.14,1.26,0.0,0.0,0.0,0.0,0.0,1.0,1.0,0.0,1.0,1.0,1.0,0.0,0.0,0.0,0.0,1.0,1.0,0.0,0.0,0.1978718292863917,20.934421415458417,21.81123563670793
137,5.44,0.98,1,0.009,0.34,0.106,-0.014,-0.028,0.04,0.01,0.0,0.0,0.49,2.29,0.0,1.02,1.9,0.59,0.01,0.11,0.06,0.0,2.08,1.16,0.0,0.0,0.0,0.0,0.0,1.0,1.0,0.0,0.0,1.0,1.0,0.0,0.0,0.0,0.0,1.0,1.0,0.0,0.0,0.200431913655993,20.94039159137202,23.117525819170318
138,5.48,0.98,1,0.029,0.297,0.089,-0.031,-0.02,0.04,0.01,0.0,0.0,0.47,2.21,0.0,0.98,1.95,0.66,0.0,0.07,0.06,0.0,1.93,1.22,0.0,0.0,0.0,0.0,0.0,1.0,1.0,0.0,0.0,1.0,1.0,0.0,0.0,0.0,0.0,1.0,1.0,0.0,0.0,0.23686578481195836,21.123683390924175,22.800219297191163
139,5.52,0.98,1,0.008,0.338,0.1,-0.006,-0.029,0.0,0.0,0.0,0.0,0.42,2.27,0.0,0.88,1.9,0.62,0.0,0.19,0.06,0.0,1.9,1.33,0.0,0.0,0.0,0.0,0.0,1.0,1.0,0.0,0.0,1.0,1.0,0.0,0.0,0.0,0.0,1.0,1.0,0.0,0.0,0.19565380124007034,21.12865353021829,22.514217730136664
140,5.56,0.98,1,0.004,0.282,0.096,-0.018,-0.01,0.06,0.0,0.0,0.0,0.44,2.52,0.0,0.83,1.93,0.56,0.0,0.24,0.0,0.0,1.92,1.31,0.0,0.0,0.0,0.0,0.0,1.0,1.0,0.0,0.0,1.0,1.0,0.0,0.0,0.0,0.0,1.0,1.0,0.0,0.0,0.23376532576419268,22.450167037240593,23.203448019637126
141,5.6,0.98,1,-0.009,0.335,0.106,-0.009,-0.027,0.06,0.0,0.0,0.0,0.44,2.59,0.0,0.83,1.92,0.5,0.01,0.25,0.0,0.0,2.04,1.36,0.0,0.0,0.0,0.0,0.0,1.0,1.0,0.0,1.0,1.0,1.0,0.0,0.0,0.0,0.0,1.0,1.0,0.0,0.0,0.19836827113074756,22.372527796384517,22.600884938426773
142,5.64,0.98,1,-0.01,0.29,0.102,-0.022,-0.009,0.14,0.0,0.0,0.0,0.42,2.4,0.0,0.95,1.95,0.59,0.01,0.13,0.0,0.0,2.07,1.29,0.0,0.0,0.0,0.0,0.0,1.0,1.0,0.0,1.0,1.0,1.0,0.0,0.0,0.0,0.0,1.0,1.0,0.0,0.0,0.2413302494391132,22.031114361284676,23.000217390276987
143,5.68,0.98,1,-0.02,0.322,0.109,-0.008,-0.028,0.09,0.0,0.0,0.0,0.39,2.4,0.0,0.93,1.89,0.57,0.01,0.08,0.01,0.0,2.13,1.42,0.0,0.0,0.0,0.0,0.0,1.0,1.0,0.0,1.0,1.0,1.0,0.0,0.0,0.0,0.0,1.0,1.0,0.0,0.0,0.19993159439757224,22.47220505424432,23.401922997907533
144,5.72,0.98,1,-0.012,0.301,0.104,-0.021,-0.005,0.16,0.01,0.0,0.0,0.34,2.39,0.0,1.01,1.88,0.61,0.0,0.03,0.01,0.0,2.12,1.33,0.0,0.0,0.0,0.0,0.0,1.0,1.0,0.0,1.0,1.0,1.0,0.0,0.0,0.0,0.0,1.0,1.0,0.0,0.0,0.22126835548429602,22.281157959136728,23.799999999999955
145,5.76,0.98,1,-0.023,0.324,0.109,-0.011,-0.025,0.07,0.01,0.0,0.0,0.38,2.63,0.0,0.97,1.83,0.51,0.0,0.09,0.01,0.0,2.15,1.45,0.0,0.0,0.0,0.0,0.0,1.0,1.0,0.0,1.0,1.0,1.0,0.0,0.0,0.0,0.0,1.0,1.0,0.0,0.0,0.20042916333445304,22.372527796384524,23.003477997902838
146,5.8,0.98,1,-0.013,0.308,0.113,-0.02,-0.007,0.12,0.01,0.0,0.0,0.39,2.53,0.0,0.95,1.87,0.54,0.0,0.09,0.0,0.0,2.15,1.36,0.0,0.0,0.0,0.0,0.0,1.0,1.0,0.0,1.0,1.0,1.0,0.0,0.0,0.0,0.0,1.0,1.0,0.0,0.0,0.22256104867242288,22.30874268084157,23.700210969525187
147,5.84,0.98,1,-0.003,0.304,0.118,-0.018,-0.026,0.05,0.0,0.0,0.0,0.4,2.44,0.0,0.82,1.84,0.57,0.0,0.26,0.01,0.0,2.15,1.45,0.0,0.0,0.0,0.0,0.0,1.0,1.0,0.0,1.0,1.0,1.0,0.0,0.0,0.0,0.0,1.0,1.0,0.0,0.0,0.25392638237778253,22.010224896624834,23.01064970834157
148,5.88,0.98,1,-0.012,0.315,0.123,-0.019,-0.008,0.2,0.0,0.0,0.0,0.49,2.52,0.0,0.92,1.9,0.75,0.0,0.24,0.01,0.0,2.12,1.4,0.11,0.0,0.0,0.0,0.0,1.0,1.0,0.0,0.0,1.0,1.0,0.0,0.0,0.0,0.0,1.0,1.0,0.0,0.0,0.2231761234012974,22.19031320193557,23.303433223454388
149,5.92,0.98,1,-0.019,0.392,0.129,-0.008,-0.029,0.27,0.06,0.0,0.0,0.42,2.57,0.0,0.84,1.9,0.82,0.0,0.35,0.01,0.0,2.15,1.43,0.32,0.0,0.0,0.0,0.0,1.0,1.0,0.0,0.0,1.0,1.0,0.0,0.0,0.0,0.0,1.0,1.0,0.0,0.0,0.17730851784089757,20.711832367031214,21.200943375236914
150,5.96,0.98,1,-0.027,0.378,0.124,-0.015,-0.008,0.43,0.06,0.0,0.0,0.45,2.86,0.0,0.89,1.92,0.88,0.0,0.2,0.04,0.0,2.16,1.46,0.42,0.0,0.0,0.0,0.0,1.0,1.0,0.0,0.0,1.0,1.0,0.0,0.0,0.0,0.0,1.0,1.0,0.0,0.0,0.19390956011200122,21.100236965493924,20.100248754679765
151,6.0,0.98,1,-0.023,0.364,0.129,-0.002,-0.025,0.34,0.06,0.0,0.0,0.33,2.72,0.0,0.76,1.9,0.77,0.0,0.3,0.04,0.0,2.12,1.6,0.49,0.0,0.0,0.0,0.0,0.0,1.0,0.0,0.0,1.0,1.0,0.0,0.0,0.0,0.0,1.0,1.0,0.0,0.0,0.2185949457299845,20.700241544484495,20.015993605114883
152,6.04,0.98,1,-0.026,0.381,0.118,-0.012,-0.005,0.3,0.05,0.0,0.0,0.32,2.67,0.0,0.75,1.9,0.73,0.0,0.26,0.04,0.0,2.09,1.64,0.38,0.0,0.0,0.0,0.0,0.0,1.0,0.0,0.0,1.0,1.0,0.0,0.0,0.0,0.0,1.0,1.0,0.0,0.0,0.1844309438913994,21.60092590608088,19.802272596851054
153,6.08,0.98,1,-0.036,0.35,0.112,-0.014,0.002,0.29,0.05,0.0,0.0,0.31,2.52,0.0,0.8,1.9,0.8,0.0,0.3,0.11,0.0,2.03,1.58,0.48,0.0,0.0,0.0,0.0,0.0,1.0,0.0,0.0,1.0,1.0,0.0,0.0,0.0,0.0,1.0,1.0,0.0,0.0,0.2204577828301899,21.200235847744757,20.40220576310303
154,6.12,0.98,1,-0.033,0.385,0.122,-0.003,-0.02,0.3,0.06,0.0,0.01,0.38,2.45,0.0,0.83,1.92,0.83,0.0,0.22,0.11,0.0,2.12,1.54,0.44,0.0,0.0,0.0,0.0,0.0,1.0,0.0,0.0,1.0,1.0,0.0,0.0,0.0,0.0,1.0,1.0,0.0,0.0,0.1957737448120035,21.000238093888363,19.50230755577401
155,6.16,0.98,1,-0.04,0.372,0.12,-0.015,-0.003,0.3,0.02,0.0,0.01,0.4,2.37,0.0,0.89,1.88,0.75,0.05,0.24,0.11,0.0,2.05,1.59,0.45,0.0,0.0,0.0,0.0,0.0,1.0,0.0,0.0,1.0,1.0,0.0,0.0,0.0,0.0,1.0,1.0,0.0,0.0,0.215058809240025,20.200990074746382,20.20396000787946
156,6.2,0.98,1,-0.035,0.388,0.123,-0.011,0.001,0.16,0.01,0.0,0.11,0.31,2.22,0.0,0.78,1.81,0.57,0.05,0.33,0.01,0.0,2.02,1.61,0.4,0.0,0.0,0.0,0.0,0.0,1.0,0.0,0.0,1.0,1.0,0.0,0.0,0.0,0.0,1.0,1.0,0.0,0.0,0.1837819337982438,19.906280415989187,19.800252523642172
157,6.24,0.98,1,-0.034,0.354,0.109,-0.016,0.003,0.17,0.13,0.0,0.18,0.25,2.37,0.0,0.74,1.81,0.64,0.05,0.35,0.05,0.0,1.9,1.46,0.44,0.0,0.0,0.0,0.0,0.0,1.0,0.0,0.0,1.0,1.0,0.0,0.0,0.0,0.0,1.0,1.0,0.0,0.0,0.21792174055522634,20.00224987345174,19.90226117806727
158,6.28,0.98,1,-0.029,0.361,0.11,-0.002,-0.02,0.09,0.13,0.0,0.18,0.25,2.36,0.0,0.66,1.84,0.72,0.0,0.32,0.04,0.0,1.91,1.43,0.57,0.0,0.0,0.0,0.0,0.0,1.0,0.0,0.0,1.0,1.0,0.0,0.0,0.0,0.0,1.0,1.0,0.0,0.0,0.2103522502416041,21.400233643584226,20.103979705520903
159,6.32,0.98,1,-0.03,0.391,0.122,-0.006,-0.01,0.09,0.27,0.0,0.08,0.24,2.13,0.0,0.68,1.86,0.75,0.05,0.3,0.13,0.0,1.92,1.42,0.97,0.0,0.0,0.0,0.0,0.0,0.0,0.0,0.0,1.0,1.0,0.0,0.0,0.0,0.0,1.0,1.0,0.0,0.0,0.1791365286521081,19.901004999747993,19.200260414900445
160,6.36,0.98,1,-0.044,0.395,0.106,-0.013,-0.0,0.35,0.3,0.0,0.0,0.13,1.54,0.0,0.74,1.89,0.78,0.05,0.32,0.19,0.0,1.98,1.46,1.62,0.0,0.0,0.0,0.0,0.0,0.0,0.0,0.0,1.0,1.0,0.0,0.0,0.0,0.0,1.0,1.0,0.0,1.0,0.18625749998963836,19.90000000000009,18.37879212570832
161,6.4,0.93,1,-0.016,0.496,0.131,-0.014,-0.024,0.47,0.3,0.0,0.0,0.03,1.2,0.0,0.86,1.93,0.94,0.13,0.45,0.2,0.0,2.02,1.37,2.22,0.0,0.0,0.0,0.0,0.0,1.0,0.0,0.0,1.0,1.0,0.0,0.0,0.0,0.0,1.0,1.0,0.0,1.0,0.16402635836612703,18.270194306574894,21.50279051658189
162,6.44,0.98,1,-0.005,0.463,0.122,-0.023,-0.002,0.6,0.27,0.0,0.0,0.05,1.34,0.0,0.87,1.87,0.99,0.11,0.43,0.13,0.0,1.95,1.31,2.22,0.0,0.0,0.0,0.0,0.0,1.0,0.0,0.0,1.0,1.0,0.0,0.0,0.0,0.0,1.0,1.0,0.0,1.0,0.1665824789567712,16.750522379914056,18.92643653728835
163,6.48,0.98,1,-0.021,0.392,0.104,-0.003,-0.021,0.26,0.1,0.0,0.0,0.07,1.83,0.0,0.67,1.61,0.77,0.3,0.61,0.03,0.0,1.64,1.33,1.52,0.0,0.0,0.0,0.0,0.0,1.0,0.0,0.0,1.0,1.0,0.0,1.0,0.0,0.0,1.0,1.0,0.0,1.0,0.1816258476817589,18.4219977201172,20.010497245196174
164,6.52,0.98,1,0.014,0.354,0.106,-0.018,-0.007,0.14,0.14,0.0,0.0,0.07,2.28,0.0,0.45,1.24,0.47,0.5,0.75,0.03,0.0,1.05,1.33,0.69,0.0,0.0,0.0,0.0,0.0,1.0,0.0,0.0,1.0,1.0,0.0,1.0,0.0,0.0,1.0,1.0,0.0,1.0,0.1778863592455049,19.34373283521044,19.258504614844885
165,6.56,0.98,1,-0.006,0.36,0.102,-0.011,-0.02,0.0,0.03,0.0,0.0,0.02,2.23,0.0,0.35,0.98,0.39,0.7,1.08,0.05,0.05,0.5,1.13,0.14,0.0,0.0,0.0,0.0,0.0,1.0,0.0,0.0,1.0,1.0,1.0,1.0,0.0,0.0,0.0,0.0,0.0,0.0,0.18979594735136524,18.40679222461109,20.619650821485706
166,6.6,0.98,1,0.0,0.348,0.096,-0.021,-0.022,0.11,0.1,0.0,0.0,0.0,2.2,0.0,0.23,0.8,0.47,0.83,1.22,0.05,0.09,0.11,0.88,0.01,0.0,0.0,0.0,0.0,0.0,1.0,0.0,0.0,1.0,1.0,1.0,1.0,0.0,0.0,0.0,0.0,0.0,0.0,0.21163814657514013,19.60025510038062,21.319005605327796
167,6.64,0.98,1,0.011,0.343,0.113,-0.013,-0.029,0.18,0.07,0.0,0.0,0.0,2.14,0.0,0.17,0.76,0.49,0.86,1.27,0.07,0.1,0.0,0.62,0.0,0.0,0.0,0.0,0.0,0.0,1.0,0.0,0.0,1.0,1.0,1.0,1.0,0.0,0.0,0.0,0.0,0.0,0.0,0.22485869593733718,21.11160818128255,22.83155710852872
168,6.68,0.98,1,0.012,0.336,0.106,-0.014,-0.03,0.19,0.07,0.0,0.0,0.0,2.36,0.0,0.17,0.81,0.48,0.81,1.1,0.16,0.05,0.0,0.64,0.0,0.0,0.0,0.0,0.0,0.0,1.0,0.0,0.0,1.0,1.0,1.0,1.0,0.0,0.0,0.0,0.0,0.0,0.0,0.21536258710603495,21.927608168699205,22.70550594018997
169,6.72,0.98,1,-0.002,0.35,0.116,-0.014,-0.031,0.08,0.0,0.0,0.0,0.0,2.31,0.0,0.25,0.9,0.49,0.56,0.94,0.18,0.01,0.0,0.67,0.0,0.0,0.0,0.0,0.0,0.0,1.0,0.0,0.0,1.0,1.0,0.0,1.0,0.0,0.0,0.0,0.0,0.0,0.0,0.19968264712118455,21.552262062252307,22.70550594018997
170,6.76,0.98,1,-0.006,0.34,0.101,-0.011,-0.03,0.02,0.0,0.0,0.0,0.0,2.22,0.0,0.32,0.98,0.46,0.34,0.76,0.33,0.06,0.0,0.8,0.0,0.0,0.0,0.0,0.0,0.0,1.0,0.0,0.0,1.0,1.0,0.0,1.0,0.0,0.0,0.0,0.0,0.0,0.0,0.19967672141986792,21.439449619801433,22.70198229230196
171,6.8,0.98,1,-0.0,0.314,0.103,-0.029,-0.021,0.0,0.0,0.0,0.0,0.0,2.09,0.0,0.26,1.04,0.58,0.25,0.77,0.26,0.06,0.03,0.83,0.0,0.0,0.0,0.0,0.0,0.0,1.0,0.0,0.0,1.0,1.0,0.0,1.0,0.0,0.0,0.0,0.0,0.0,0.0,0.2566876750040268,22.109726366465964,22.903493183355103
172,6.84,0.98,1,-0.007,0.335,0.111,-0.016,-0.03,0.0,0.01,0.0,0.0,0.0,1.97,0.0,0.31,1.1,0.67,0.31,0.74,0.31,0.06,0.14,0.81,0.0,0.0,0.0,0.0,0.0,0.0,1.0,0.0,0.0,1.0,1.0,0.0,1.0,0.0,0.0,0.0,0.0,0.0,0.0,0.2019663407597462,20.7963939181773,23.10194796981428
173,6.88,0.98,1,0.004,0.312,0.105,-0.022,-0.03,0.0,0.01,0.0,0.0,0.0,1.97,0.0,0.37,1.13,0.8,0.38,0.76,0.2,0.0,0.14,0.66,0.0,0.0,0.0,0.0,0.0,0.0,1.0,0.0,0.0,1.0,1.0,0.0,1.0,0.0,0.0,0.0,0.0,0.0,0.0,0.25213188458769886,21.50279051658189,23.701898658124232
174,6.92,0.98,1,-0.018,0.314,0.108,-0.014,-0.032,0.0,0.01,0.0,0.0,0.0,1.98,0.0,0.44,1.14,0.81,0.44,0.77,0.23,0.0,0.12,0.5,0.0,0.0,0.0,0.0,0.0,0.0,1.0,0.0,0.0,1.0,1.0,0.0,1.0,0.0,0.0,0.0,0.0,0.0,0.0,0.20278928383497014,20.886598574205376,23.305364189387998
175,6.96,0.98,1,0.009,0.31,0.11,-0.02,-0.034,0.0,0.0,0.0,0.0,0.0,2.16,0.0,0.47,1.13,0.65,0.42,0.75,0.24,0.0,0.01,0.46,0.0,0.0,0.0,0.0,0.0,0.0,1.0,0.0,0.0,1.0,1.0,0.0,1.0,0.0,0.0,0.0,0.0,0.0,0.0,0.25062283553135867,22.428776159211363,23.70759372015646
176,7.0,0.98,1,-0.01,0.299,0.108,-0.011,-0.034,0.0,0.0,0.0,0.0,0.0,2.07,0.0,0.48,1.18,0.62,0.42,0.68,0.16,0.0,0.02,0.63,0.0,0.0,0.0,0.0,0.0,0.0,1.0,0.0,0.0,1.0,1.0,0.0,1.0,0.0,0.0,0.0,0.0,0.0,0.0,0.20539312864753922,21.10473880435387,23.21055794245373
177,7.04,0.98,1,-0.005,0.285,0.103,-0.026,-0.026,0.0,0.0,0.0,0.0,0.09,2.04,0.0,0.45,1.19,0.54,0.28,0.46,0.08,0.0,0.3,0.97,0.0,0.0,0.0,0.0,0.0,0.0,1.0,0.0,0.0,1.0,1.0,0.0,1.0,0.0,0.0,0.0,0.0,0.0,0.0,0.2796999483499517,22.996086623597595,23.262201099637835
178,7.08,0.98,1,-0.002,0.326,0.123,-0.008,-0.037,0.0,0.0,0.0,0.0,0.09,1.81,0.0,0.41,1.26,0.55,0.17,0.33,0.02,0.0,0.71,1.42,0.0,0.0,0.0,0.0,0.0,0.0,1.0,0.0,0.0,1.0,1.0,0.0,0.0,0.0,0.0,1.0,1.0,0.0,0.0,0.21434581414300374,21.194574777522575,23.21055794245373
179,7.12,0.98,1,0.017,0.321,0.139,-0.03,-0.015,0.02,0.0,0.0,0.0,0.14,1.91,0.0,0.34,1.27,0.49,0.01,0.15,0.02,0.0,1.28,1.76,0.0,0.0,0.0,0.0,0.0,0.0,1.0,0.0,0.0,1.0,1.0,0.0,0.0,0.0,0.0,1.0,1.0,0.0,0.0,0.26175782568592676,21.656638705025305,24.00187492676353
180,7.16,0.98,1,0.019,0.351,0.16,-0.018,-0.029,0.02,0.0,0.0,0.0,0.11,1.96,0.0,0.37,1.33,0.48,0.0,0.11,0.02,0.0,1.73,2.05,0.0,0.0,0.0,0.0,0.0,0.0,1.0,0.0,0.0,1.0,1.0,0.0,0.0,0.0,0.0,1.0,1.0,0.0,0.0,0.23377190289547756,21.780725424099302,23.900209204105398
181,7.2,0.98,1,0.016,0.339,0.161,-0.03,-0.01,0.06,0.0,0.0,0.01,0.17,2.12,0.0,0.44,1.35,0.64,0.0,0.03,0.0,0.0,2.12,2.18,0.0,0.0,0.0,0.0,0.0,0.0,1.0,0.0,0.0,1.0,1.0,0.0,0.0,0.0,0.0,1.0,1.0,0.0,0.0,0.2216901280264882,20.93800372528402,23.70084386683314
182,7.24,0.98,1,0.002,0.363,0.158,-0.019,-0.02,0.08,0.0,0.0,0.01,0.13,2.32,0.0,0.61,1.49,0.76,0.0,0.02,0.0,0.0,2.54,2.25,0.0,0.0,0.0,0.0,0.0,0.0,1.0,0.0,0.0,1.0,1.0,0.0,0.0,0.0,0.0,1.0,1.0,0.0,0.0,0.21105267604099837,21.612265036316757,23.403418553707155
183,7.28,0.98,1,0.007,0.34,0.161,-0.025,-0.001,0.12,0.0,0.0,0.05,0.19,2.44,0.0,0.75,1.62,0.92,0.0,0.04,0.0,0.0,2.68,2.24,0.0,0.0,0.0,0.0,0.0,0.0,1.0,0.0,0.0,1.0,1.0,0.0,0.0,0.0,0.0,1.0,1.0,0.0,0.0,0.24739639644553824,22.439696967650832,22.90545786488461
184,7.32,0.98,1,0.004,0.367,0.15,-0.01,-0.019,0.08,0.0,0.0,0.04,0.23,2.41,0.0,0.84,1.75,0.93,0.0,0.04,0.09,0.0,2.79,2.26,0.0,0.0,0.0,0.0,0.0,0.0,1.0,0.0,0.0,1.0,1.0,0.0,0.0,0.0,0.0,1.0,1.0,0.0,0.0,0.20720449833627608,22.130521909796883,22.80789337049781
185,7.36,0.98,1,0.006,0.342,0.156,-0.027,-0.001,0.16,0.03,0.0,0.04,0.39,2.45,0.0,0.83,1.8,1.1,0.0,0.04,0.09,0.0,2.69,2.32,0.0,0.0,0.0,0.0,0.0,0.0,1.0,0.0,0.0,1.0,1.0,0.0,0.0,0.0,0.0,1.0,1.0,0.0,0.0,0.24958319881502017,22.363586474445512,22.71079038695047
186,7.4,0.98,1,-0.003,0.358,0.155,-0.011,-0.019,0.12,0.03,0.0,0.0,0.35,2.43,0.0,0.8,1.82,1.13,0.0,0.0,0.09,0.0,2.76,2.35,0.0,0.0,0.0,0.0,0.0,1.0,1.0,0.0,1.0,1.0,1.0,0.0,0.0,0.0,0.0,1.0,1.0,0.0,0.0,0.2032859987483665,21.53415891090255,22.807893370497805
187,7.44,0.98,1,0.005,0.332,0.159,-0.028,-0.001,0.13,0.03,0.0,0.0,0.43,2.64,0.0,0.84,1.82,1.12,0.0,0.0,0.01,0.0,2.7,2.24,0.0,0.0,0.0,0.0,0.0,1.0,1.0,0.0,1.0,1.0,1.0,0.0,0.0,0.0,0.0,1.0,1.0,0.0,0.0,0.25023716669954554,22.21936092690327,22.21103329428872
188,7.48,0.98,1,-0.015,0.347,0.157,-0.018,-0.016,0.01,0.0,0.0,0.02,0.4,2.46,0.0,0.95,1.84,1.0,0.01,0.02,0.01,0.0,2.63,2.15,0.0,0.0,0.0,0.0,0.0,1.0,1.0,0.0,1.0,1.0,1.0,0.0,0.0,0.0,0.0,1.0,1.0,0.0,0.0,0.21925233538580263,21.991134577369902,20.71545316907145
189,7.52,0.98,1,-0.006,0.327,0.148,-0.027,0.005,0.01,0.0,0.0,0.05,0.44,2.44,0.0,1.14,1.86,0.99,0.01,0.08,0.0,0.0,2.35,1.87,0.0,0.0,0.0,0.0,0.0,1.0,1.0,0.0,1.0,1.0,1.0,0.0,0.0,0.0,0.0,1.0,1.0,0.0,0.0,0.2291155169366583,21.160340261914506,20.919369015340646
190,7.56,0.98,1,0.01,0.321,0.128,-0.031,-0.02,0.0,0.0,0.0,0.1,0.42,2.47,0.0,1.21,1.89,1.04,0.01,0.17,0.0,0.0,2.11,1.62,0.0,0.0,0.0,0.0,0.0,1.0,1.0,0.0,1.0,1.0,1.0,0.0,0.0,0.0,0.0,1.0,1.0,0.0,0.0,0.26262050793366637,21.992044015961724,24.013329631685814
191,7.6,0.98,1,-0.005,0.315,0.132,-0.012,-0.021,0.0,0.0,0.0,0.08,0.37,2.68,0.0,1.08,1.88,0.97,0.0,0.27,0.0,0.0,1.87,1.42,0.0,0.0,0.0,0.0,0.0,1.0,1.0,0.0,1.0,1.0,1.0,0.0,0.0,0.0,0.0,1.0,1.0,0.0,0.0,0.22119396795787544,20.995475703112668,21.922819161777394
192,7.64,0.98,1,-0.002,0.313,0.129,-0.022,0.0,0.0,0.0,0.0,0.1,0.37,2.76,0.0,1.01,1.91,0.93,0.0,0.29,0.01,0.0,1.75,1.29,0.0,0.0,0.0,0.0,0.0,1.0,1.0,0.0,1.0,1.0,1.0,0.0,0.0,0.0,0.0,1.0,1.0,0.0,0.0,0.2272130624780911,20.418863827353544,22.41807306616704
193,7.68,0.98,1,0.006,0.308,0.111,-0.031,-0.023,0.0,0.0,0.0,0.04,0.38,2.7,0.0,0.98,1.92,0.98,0.0,0.32,0.01,0.0,1.62,1.19,0.0,0.0,0.0,0.0,0.0,1.0,1.0,0.0,1.0,1.0,1.0,0.0,0.0,0.0,0.0,1.0,1.0,0.0,0.0,0.264982244672173,22.5621364236633,24.329611587528433
194,7.72,0.98,1,0.004,0.308,0.099,-0.023,-0.03,0.0,0.0,0.0,0.24,0.43,2.56,0.0,1.08,1.98,1.18,0.0,0.29,0.02,0.0,1.54,0.99,0.0,0.0,0.0,0.0,0.0,1.0,1.0,0.0,1.0,1.0,1.0,0.0,0.0,0.0,0.0,1.0,0.0,0.0,0.0,0.2406149092771327,22.49822215198334,24.63980519403525
195,7.76,0.98,1,0.001,0.286,0.094,-0.026,-0.03,0.0,0.0,0.0,0.2,0.43,2.28,0.0,1.05,2.0,1.26,0.0,0.32,0.02,0.0,1.47,0.87,0.0,0.0,0.0,0.0,0.0,1.0,1.0,0.0,1.0,1.0,1.0,0.0,0.0,0.0,0.0,1.0,0.0,0.0,0.0,0.2776368927281778,22.439696967650832,23.621176939348437
196,7.8,0.98,1,0.002,0.303,0.094,-0.021,-0.035,0.0,0.0,0.0,0.21,0.38,2.15,0.0,1.0,2.0,1.27,0.0,0.29,0.03,0.0,1.37,0.73,0.0,0.0,0.0,0.0,0.0,1.0,1.0,0.0,1.0,1.0,1.0,0.0,0.0,0.0,0.0,1.0,0.0,0.0,0.0,0.23260275424251886,22.11990054227188,24.113274352522005
197,7.84,0.98,1,0.011,0.293,0.095,-0.02,-0.037,0.0,0.07,0.0,0.06,0.35,2.26,0.0,1.01,1.92,1.24,0.02,0.34,0.01,0.0,1.19,0.73,0.0,0.0,0.0,0.0,0.0,1.0,1.0,0.0,0.0,1.0,1.0,0.0,0.0,0.0,0.0,1.0,0.0,0.0,0.0,0.26908376258337474,22.574321695236037,23.935329536064554
198,7.88,0.98,1,-0.035,0.286,0.103,-0.007,-0.026,0.0,0.07,0.0,0.06,0.23,2.24,0.0,0.87,1.8,1.19,0.02,0.52,0.09,0.0,0.86,0.82,0.0,0.0,0.0,0.0,0.0,1.0,1.0,0.0,0.0,1.0,1.0,0.0,0.0,0.0,0.0,1.0,0.0,0.0,0.0,0.21892090528108063,20.71714266012561,21.702073633641604
199,7.92,0.98,1,-0.02,0.314,0.103,-0.019,-0.014,0.01,0.07,0.0,0.05,0.11,2.22,0.0,0.71,1.68,1.09,0.08,0.73,0.09,0.0,0.54,0.83,0.0,0.0,0.0,0.0,0.0,1.0,1.0,0.0,0.0,1.0,1.0,0.0,1.0,0.0,0.0,0.0,0.0,0.0,0.0,0.2524431884144892,22.5621364236633,24.629250902128682
200,7.96,0.98,1,-0.019,0.312,0.12,-0.012,-0.018,0.01,0.0,0.0,0.0,0.02,2.07,0.0,0.48,1.58,0.94,0.09,0.88,0.09,0.0,0.28,0.61,0.0,0.0,0.0,0.0,0.0,0.0,1.0,0.0,0.0,1.0,1.0,0.0,1.0,0.0,0.0,0.0,0.0,0.0,0.0,0.2328155761895027,21.545533179756863,21.80573319106716
201,8.0,0.98,1,-0.01,0.281,0.108,-0.011,-0.019,0.01,0.0,0.0,0.0,0.02,2.23,0.0,0.37,1.52,0.79,0.15,0.86,0.05,0.0,0.26,0.5,0.0,0.0,0.0,0.0,0.0,0.0,1.0,0.0,0.0,1.0,1.0,0.0,1.0,0.0,0.0,0.0,0.0,0.0,0.0,0.2400304778262343,19.592345444075853,22.50799857828323
202,8.04,0.98,1,-0.008,0.303,0.12,-0.015,-0.022,0.05,0.0,0.0,0.0,0.02,2.17,0.0,0.35,1.45,0.68,0.12,0.94,0.05,0.0,0.26,0.43,0.21,0.0,0.0,0.0,0.0,0.0,1.0,0.0,0.0,1.0,1.0,0.0,1.0,0.0,0.0,0.0,0.0,0.0,0.0,0.26843917284071295,19.811612756158997,21.727862297060014
203,8.08,0.98,1,-0.028,0.343,0.092,-0.011,-0.02,0.28,0.0,0.0,0.0,0.01,1.78,0.02,0.52,1.47,0.75,0.16,0.88,0.11,0.0,0.38,0.49,0.91,0.0,0.0,0.0,0.0,0.0,1.0,0.0,0.0,1.0,1.0,0.0,1.0,0.0,0.0,0.0,0.0,0.0,1.0,0.2053303053874755,18.204395073717595,19.6735863532808
204,8.12,0.98,1,-0.003,0.446,0.088,-0.018,-0.024,0.52,0.15,0.0,0.0,0.01,1.51,0.07,0.62,1.5,0.83,0.15,0.81,0.06,0.0,0.47,0.36,1.76,0.0,0.0,0.0,0.0,0.0,1.0,0.0,0.0,1.0,1.0,0.0,1.0,0.0,0.0,0.0,0.0,0.0,1.0,0.1706521705611343,16.633099530754937,20.50780339285499
205,8.16,0.98,1,-0.004,0.463,0.093,-0.014,-0.026,0.71,0.21,0.0,0.0,0.0,1.34,0.07,0.65,1.53,0.91,0.12,0.62,0.09,0.0,0.57,0.31,2.17,0.0,0.0,0.0,0.0,0.0,1.0,0.0,0.0,1.0,1.0,0.0,1.0,0.0,0.0,0.0,0.0,0.0,1.0,0.17013471768997557,16.278820596099752,20.78701517774983
206,8.2,0.98,1,-0.003,0.404,0.08,0.0,-0.029,0.48,0.21,0.0,0.0,0.06,1.88,0.05,0.6,1.5,0.87,0.06,0.75,0.04,0.0,0.43,0.29,1.87,0.0,0.0,0.0,0.0,0.0,1.0,0.0,0.0,1.0,1.0,0.0,1.0,0.0,0.0,0.0,0.0,0.0,1.0,0.17821895711261718,18.445866745696588,21.068697159530302
207,8.24,0.98,1,0.006,0.368,0.081,-0.019,-0.021,0.25,0.07,0.0,0.0,0.1,2.33,0.0,0.64,1.47,0.88,0.0,0.9,0.11,0.0,0.34,0.41,1.43,0.0,0.0,0.0,0.0,0.0,1.0,0.0,0.0,1.0,1.0,0.0,1.0,0.0,0.0,0.0,0.0,0.0,1.0,0.18207166610320552,17.10467772277527,19.573962296888173
208,8.28,0.98,1,0.004,0.339,0.099,-0.006,-0.026,0.01,0.0,0.0,0.0,0.16,2.63,0.0,0.71,1.41,0.9,0.0,1.03,0.08,0.0,0.28,0.57,1.01,0.0,0.0,0.0,0.0,0.0,1.0,0.0,0.0,1.0,1.0,0.0,1.0,0.0,0.0,0.0,0.0,0.0,0.0,0.17734364544059814,19.316573195057092,18.445866745696804
209,8.32,0.98,1,-0.002,0.327,0.087,-0.023,-0.02,0.01,0.0,0.0,0.0,0.15,2.56,0.0,0.68,1.39,0.84,0.0,0.81,0.13,0.0,0.44,0.71,0.64,0.0,0.0,0.0,0.0,0.0,1.0,0.0,0.0,1.0,1.0,0.0,1.0,0.0,0.0,0.0,0.0,0.0,0.0,0.1954996118457577,19.32097306038177,19.112822920751533
210,8.36,0.98,1,-0.003,0.344,0.108,-0.007,-0.027,0.0,0.0,0.0,0.0,0.12,2.39,0.0,0.69,1.37,0.87,0.0,0.69,0.15,0.0,0.52,0.76,0.22,0.0,0.0,0.0,0.0,0.0,1.0,0.0,0.0,1.0,1.0,0.0,1.0,0.0,0.0,0.0,0.0,0.0,0.0,0.18467264147315354,19.804039991880398,18.804254837669006
211,8.4,0.98,1,-0.007,0.324,0.092,-0.028,-0.018,0.0,0.0,0.0,0.0,0.12,2.5,0.0,0.66,1.38,0.9,0.0,0.59,0.14,0.0,0.66,0.78,0.02,0.0,0.0,0.0,0.0,0.0,1.0,0.0,0.0,1.0,1.0,0.0,1.0,0.0,0.0,0.0,0.0,0.0,0.0,0.21074650342700713,20.900239233080654,19.300259065618736
212,8.44,0.98,1,-0.006,0.354,0.105,-0.01,-0.027,0.0,0.0,0.0,0.0,0.13,2.47,0.0,0.73,1.44,0.89,0.0,0.66,0.15,0.0,0.62,0.78,0.0,0.0,0.0,0.0,0.0,0.0,1.0,0.0,0.0,1.0,1.0,0.0,0.0,0.0,0.0,0.0,0.0,0.0,0.0,0.18885278947184536,20.700241544484495,21.011663427725086
213,8.48,0.98,1,-0.012,0.329,0.087,-0.025,-0.018,0.0,0.0,0.0,0.0,0.21,2.66,0.0,0.67,1.46,0.7,0.0,0.54,0.06,0.0,0.69,0.74,0.0,0.0,0.0,0.0,0.0,0.0,1.0,0.0,0.0,1.0,1.0,0.0,0.0,0.0,0.0,0.0,0.0,0.0,0.0,0.19588144692525372,21.605786262018004,21.71128738697897
214,8.52,0.98,1,-0.016,0.351,0.109,-0.009,-0.028,0.0,0.0,0.0,0.0,0.2,2.5,0.0,0.73,1.5,0.69,0.0,0.55,0.1,0.0,0.66,0.76,0.0,0.0,0.0,0.0,0.0,0.0,1.0,0.0,0.0,1.0,1.0,0.0,0.0,0.0,0.0,0.0,0.0,0.0,0.0,0.1881172969284752,21.80573319106693,21.605786262018004
215,8.56,0.98,1,0.003,0.314,0.089,-0.026,-0.023,0.0,0.0,0.0,0.0,0.2,2.48,0.0,0.7,1.44,0.81,0.0,0.47,0.05,0.0,0.8,0.86,0.0,0.0,0.0,0.0,0.0,0.0,1.0,0.0,0.0,1.0,1.0,0.0,0.0,0.0,0.0,1.0,0.0,0.0,0.0,0.22150238209730688,21.905707018948373,21.500930212434998
216,8.6,0.98,1,-0.005,0.352,0.111,-0.007,-0.033,0.0,0.0,0.0,0.0,0.16,2.35,0.0,0.78,1.43,0.9,0.03,0.56,0.12,0.0,0.77,1.0,0.0,0.0,0.0,0.0,0.0,0.0,1.0,0.0,0.0,1.0,1.0,0.0,0.0,0.0,0.0,1.0,0.0,0.0,0.0,0.1884614186591897,21.822923727126895,21.408409562599324
217,8.64,0.98,1,0.003,0.326,0.108,-0.024,-0.024,0.02,0.0,0.0,0.0,0.13,2.32,0.0,0.64,1.41,0.84,0.03,0.49,0.08,0.0,0.96,1.09,0.0,0.0,0.0,0.0,0.0,0.0,1.0,0.0,0.0,1.0,1.0,0.0,0.0,0.0,0.0,1.0,0.0,0.0,0.0,0.21625457417687477,22.111083193729023,21.702073633641604
218,8.68,0.98,1,-0.01,0.354,0.118,-0.006,-0.035,0.02,0.0,0.0,0.0,0.1,2.28,0.0,0.7,1.42,0.78,0.03,0.54,0.08,0.0,0.86,1.1,0.0,0.0,0.0,0.0,0.0,0.0,1.0,0.0,0.0,1.0,1.0,0.0,0.0,0.0,0.0,1.0,0.0,0.0,0.0,0.19567275784176957,21.627991122617143,21.80206412246322
219,8.72,0.98,1,0.003,0.321,0.099,-0.026,-0.022,0.02,0.0,0.0,0.0,0.05,2.1,0.0,0.62,1.41,0.8,0.0,0.45,0.02,0.0,0.96,1.1,0.0,0.0,0.0,0.0,0.0,0.0,1.0,0.0,0.0,1.0,1.0,0.0,0.0,0.0,0.0,1.0,0.0,0.0,0.0,0.21114548412017112,22.32711356176606,21.799999999999955
220,8.76,0.98,1,-0.003,0.341,0.112,-0.005,-0.035,0.0,0.0,0.0,0.0,0.04,1.97,0.0,0.71,1.43,0.74,0.0,0.41,0.02,0.0,0.82,1.07,0.0,0.0,0.0,0.0,0.0,0.0,1.0,0.0,0.0,1.0,1.0,0.0,0.0,0.0,0.0,1.0,0.0,0.0,0.0,0.19850849538662693,21.844907873461217,21.905707018948373
221,8.8,0.98,1,-0.001,0.322,0.109,-0.023,-0.025,0.0,0.0,0.0,0.0,0.02,2.02,0.0,0.59,1.39,0.75,0.0,0.3,0.04,0.0,0.93,1.13,0.0,0.0,0.0,0.0,0.0,0.0,1.0,0.0,0.0,1.0,1.0,0.0,0.0,0.0,0.0,1.0,0.0,0.0,0.0,0.2352287943761131,21.77452640127914,21.700230413523308
222,8.84,0.98,1,-0.008,0.35,0.121,-0.007,-0.033,0.0,0.0,0.0,0.0,0.04,2.12,0.0,0.69,1.41,0.73,0.04,0.33,0.09,0.0,0.92,1.13,0.0,0.0,0.0,0.0,0.0,0.0,1.0,0.0,0.0,1.0,1.0,0.0,0.0,0.0,0.0,1.0,0.0,0.0,0.0,0.1971526275742448,21.260291625469346,21.708293346092454
223,8.88,0.98,1,-0.003,0.302,0.097,-0.028,-0.021,0.0,0.0,0.0,0.0,0.12,2.25,0.0,0.61,1.39,0.68,0.04,0.39,0.09,0.0,1.03,1.19,0.0,0.0,0.0,0.0,0.0,0.0,1.0,0.0,0.0,1.0,1.0,0.0,0.0,0.0,0.0,1.0,0.0,0.0,0.0,0.257005335855165,22.357325421436215,22.53752426510064
224,8.92,0.98,1,-0.014,0.331,0.109,-0.004,-0.031,0.0,0.0,0.0,0.0,0.1,2.21,0.0,0.69,1.42,0.67,0.04,0.48,0.13,0.0,1.04,1.19,0.0,0.0,0.0,0.0,0.0,0.0,1.0,0.0,0.0,1.0,1.0,0.0,0.0,0.0,0.0,1.0,0.0,0.0,0.0,0.19609074604197138,21.060864179800404,22.20360331117456
225,8.96,0.98,1,0.002,0.312,0.107,-0.026,-0.024,0.0,0.0,0.0,0.0,0.13,2.32,0.0,0.61,1.39,0.64,0.0,0.43,0.08,0.0,1.1,1.19,0.0,0.0,0.0,0.0,0.0,0.0,1.0,0.0,0.0,1.0,1.0,0.0,0.0,0.0,0.0,1.0,0.0,0.0,0.0,0.24935129449912002,22.199549544979423,22.405579662218162
226,9.0,0.98,1,-0.013,0.342,0.116,-0.005,-0.032,0.0,0.0,0.0,0.0,0.11,2.23,0.0,0.58,1.4,0.69,0.0,0.44,0.08,0.0,1.14,1.12,0.0,0.0,0.0,0.0,0.0,0.0,1.0,0.0,0.0,1.0,1.0,0.0,0.0,0.0,0.0,1.0,0.0,0.0,0.0,0.201020435823144,21.45972972802788,22.60022123785508
227,9.04,0.98,1,0.004,0.317,0.114,-0.025,-0.011,0.0,0.0,0.0,0.0,0.12,2.12,0.02,0.49,1.38,0.65,0.0,0.36,0.0,0.0,1.13,1.09,0.0,0.0,0.0,0.0,0.0,0.0,1.0,0.0,0.0,1.0,1.0,0.0,0.0,0.0,0.0,1.0,0.0,0.0,0.0,0.24892834567520364,22.272853431924744,23.40000000000009
228,9.08,0.98,1,-0.012,0.338,0.116,-0.009,-0.026,0.0,0.0,0.0,0.0,0.08,1.86,0.02,0.52,1.39,0.66,0.03,0.38,0.11,0.0,1.0,1.06,0.0,0.0,0.0,0.0,0.0,0.0,1.0,0.0,0.0,1.0,1.0,0.0,0.0,0.0,0.0,1.0,0.0,0.0,0.0,0.20258897109617602,21.783020910792008,22.30089684295226
229,9.12,0.98,1,-0.004,0.297,0.106,-0.024,-0.02,0.02,0.0,0.0,0.0,0.06,2.07,0.02,0.65,1.37,0.69,0.03,0.28,0.15,0.0,0.96,1.09,0.0,0.0,0.0,0.0,0.0,0.0,1.0,0.0,0.0,1.0,1.0,0.0,0.0,0.0,0.0,1.0,0.0,0.0,0.0,0.26370793285880406,22.61725005388587,23.71349826575555
230,9.16,0.98,1,-0.013,0.33,0.117,-0.004,-0.029,0.03,0.04,0.0,0.0,0.04,2.01,0.0,0.76,1.4,0.74,0.03,0.29,0.24,0.0,0.97,1.06,0.0,0.0,0.0,0.0,0.0,0.0,1.0,0.0,0.0,1.0,1.0,0.0,0.0,0.0,0.0,1.0,0.0,0.0,0.0,0.20352465361026595,21.284971223847165,22.20360331117456
231,9.2,0.98,1,0.0,0.3,0.112,-0.025,-0.023,0.07,0.04,0.0,0.01,0.06,2.27,0.02,0.7,1.38,0.72,0.0,0.26,0.13,0.0,1.14,1.09,0.0,0.0,0.0,0.0,0.0,0.0,1.0,0.0,0.0,1.0,1.0,0.0,0.0,0.0,0.0,1.0,0.0,0.0,0.0,0.2692078215427851,22.49822215198357,23.835477759004494
232,9.24,0.98,1,-0.02,0.327,0.116,-0.004,-0.028,0.04,0.04,0.0,0.01,0.02,1.95,0.02,0.62,1.39,0.65,0.01,0.3,0.11,0.0,1.09,1.0,0.0,0.0,0.0,0.0,0.0,0.0,1.0,0.0,0.0,1.0,1.0,0.0,0.0,0.0,0.0,1.0,0.0,0.0,0.0,0.20900977847970859,21.393690658696503,22.3224102641269
233,9.28,0.98,1,-0.009,0.289,0.107,-0.024,-0.019,0.03,0.01,0.0,0.07,0.03,2.07,0.02,0.59,1.39,0.63,0.01,0.28,0.02,0.0,1.11,1.04,0.0,0.0,0.0,0.0,0.0,0.0,1.0,0.0,0.0,1.0,1.0,0.0,0.0,0.0,0.0,1.0,0.0,0.0,0.0,0.2810511872776056,22.78530228019799,23.661149591683124
234,9.32,0.98,1,-0.019,0.324,0.126,-0.007,-0.028,0.0,0.01,0.0,0.06,0.01,1.93,0.0,0.67,1.42,0.63,0.01,0.26,0.03,0.0,1.02,1.03,0.0,0.0,0.0,0.0,0.0,0.0,1.0,0.0,0.0,1.0,1.0,0.0,0.0,0.0,0.0,1.0,0.0,0.0,0.0,0.21102318932803948,21.722108553268853,22.132555207205655
235,9.36,0.98,1,-0.005,0.295,0.107,-0.027,-0.019,0.07,0.01,0.0,0.07,0.01,2.06,0.0,0.71,1.45,0.68,0.0,0.22,0.01,0.0,1.04,1.07,0.0,0.0,0.0,0.0,0.0,0.0,1.0,0.0,0.0,1.0,1.0,0.0,0.0,0.0,0.0,1.0,0.0,0.0,0.0,0.2808298500111054,22.5621364236633,23.96038397021225
236,9.4,0.98,1,-0.02,0.305,0.121,-0.01,-0.025,0.07,0.0,0.0,0.05,0.0,2.21,0.0,0.65,1.45,0.57,0.0,0.25,0.03,0.0,0.99,1.05,0.0,0.0,0.0,0.0,0.0,0.0,1.0,0.0,0.0,1.0,1.0,0.0,0.0,0.0,0.0,1.0,0.0,0.0,0.0,0.20913448135490137,21.085777196963832,22.73169593321189
237,9.44,0.98,1,-0.011,0.29,0.103,-0.026,-0.015,0.07,0.0,0.0,0.05,0.0,2.22,0.0,0.63,1.42,0.63,0.0,0.26,0.01,0.0,1.05,1.16,0.0,0.0,0.0,0.0,0.0,0.0,1.0,0.0,0.0,1.0,1.0,0.0,0.0,0.0,0.0,1.0,1.0,0.0,0.0,0.27642324526542966,22.78530228019799,23.676359517459737
238,9.48,0.98,1,-0.022,0.319,0.122,-0.007,-0.025,0.0,0.0,0.0,0.03,0.0,2.27,0.0,0.63,1.42,0.52,0.0,0.3,0.01,0.0,0.97,1.12,0.0,0.0,0.0,0.0,0.0,0.0,1.0,0.0,0.0,1.0,1.0,0.0,0.0,0.0,0.0,1.0,0.0,0.0,0.0,0.2088603980816963,21.493254755853147,22.132555207205655
239,9.52,0.98,1,-0.006,0.299,0.107,-0.027,-0.017,0.03,0.0,0.0,0.0,0.03,2.09,0.0,0.61,1.44,0.57,0.0,0.31,0.0,0.0,1.05,1.14,0.0,0.0,0.0,0.0,0.0,0.0,1.0,0.0,0.0,1.0,1.0,0.0,0.0,0.0,0.0,1.0,1.0,0.0,0.0,0.2787163741457521,22.971286424577915,23.27767170487638
240,9.56,0.98,1,-0.031,0.309,0.12,-0.01,-0.024,0.03,0.0,0.0,0.0,0.03,2.03,0.0,0.59,1.46,0.47,0.0,0.31,0.0,0.0,0.94,1.07,0.0,0.0,0.0,0.0,0.0,0.0,1.0,0.0,0.0,1.0,1.0,0.0,0.0,0.0,0.0,1.0,0.0,0.0,0.0,0.2106730766402932,21.393690658696503,22.214409737825626
241,9.6,0.98,1,-0.005,0.298,0.108,-0.031,-0.015,0.03,0.0,0.0,0.0,0.03,2.13,0.0,0.56,1.51,0.53,0.0,0.23,0.0,0.0,1.08,1.12,0.0,0.0,0.0,0.0,0.0,0.0,1.0,0.0,0.0,1.0,1.0,0.0,0.0,0.0,0.0,1.0,1.0,0.0,0.0,0.28048158572073867,22.31636171063723,23.469128658729623
242,9.64,0.98,1,-0.007,0.322,0.13,-0.013,-0.028,0.0,0.0,0.0,0.0,0.01,1.93,0.0,0.7,1.58,0.57,0.0,0.17,0.0,0.0,1.01,1.12,0.0,0.0,0.0,0.0,0.0,0.0,1.0,0.0,0.0,1.0,1.0,0.0,0.0,0.0,0.0,1.0,1.0,0.0,0.0,0.22057591003873658,21.30375553746339,21.53926646847566
243,9.68,0.98,1,-0.001,0.303,0.113,-0.029,-0.019,0.0,0.0,0.0,0.0,0.08,2.02,0.0,0.75,1.72,0.82,0.0,0.12,0.01,0.0,1.24,1.16,0.0,0.0,0.0,0.0,0.0,0.0,1.0,0.0,0.0,1.0,1.0,0.0,0.0,0.0,0.0,1.0,1.0,0.0,0.0,0.27154098964721224,22.959311836376923,22.863289352146992
244,9.72,0.98,1,-0.014,0.33,0.133,-0.007,-0.031,0.0,0.0,0.0,0.0,0.13,2.02,0.0,0.78,1.83,0.98,0.0,0.22,0.01,0.0,1.38,1.14,0.0,0.0,0.0,0.0,0.0,0.0,1.0,0.0,0.0,1.0,1.0,0.0,0.0,0.0,0.0,1.0,1.0,0.0,0.0,0.22209802530639994,21.236054247435085,20.93442141545819
245,9.76,0.98,1,0.001,0.309,0.128,-0.019,-0.012,0.0,0.0,0.0,0.0,0.28,2.5,0.0,0.71,1.99,1.05,0.0,0.23,0.02,0.0,1.61,0.99,0.0,0.0,0.0,0.0,0.0,0.0,1.0,0.0,0.0,1.0,1.0,0.0,0.0,0.0,0.0,1.0,1.0,0.0,0.0,0.2522773842693386,20.096019506360058,22.111083193728795
246,9.8,0.98,1,-0.023,0.306,0.128,-0.007,-0.024,0.0,0.0,0.0,0.0,0.27,2.54,0.0,0.79,2.06,0.91,0.0,0.3,0.01,0.0,1.68,0.89,0.0,0.0,0.0,0.0,0.0,0.0,1.0,0.0,0.0,1.0,1.0,0.0,0.0,0.0,0.0,1.0,0.0,0.0,0.0,0.22280938000296716,21.125576915199257,21.123683390923947
247,9.84,0.98,1,-0.002,0.318,0.138,-0.016,-0.009,0.0,0.0,0.0,0.0,0.36,2.58,0.0,0.95,2.15,0.89,0.0,0.2,0.01,0.0,1.64,0.82,0.0,0.0,0.0,0.0,0.0,1.0,1.0,0.0,0.0,1.0,1.0,0.0,0.0,0.0,0.0,1.0,0.0,0.0,0.0,0.24164217448366387,19.857995870681457,22.917678765529324
248,9.88,0.98,1,-0.016,0.316,0.127,-0.007,-0.021,0.0,0.0,0.0,0.0,0.34,2.28,0.0,1.08,2.14,0.98,0.01,0.27,0.02,0.0,1.5,0.78,0.0,0.0,0.0,0.0,0.0,1.0,1.0,0.0,0.0,1.0,1.0,0.0,0.0,0.0,0.0,1.0,0.0,0.0,0.0,0.22330833912580983,20.739334608419725,20.911719202399272
249,9.92,0.98,1,-0.0,0.305,0.104,-0.023,-0.016,0.0,0.07,0.0,0.0,0.38,2.41,0.0,1.08,2.17,1.07,0.1,0.26,0.11,0.0,1.44,0.61,0.0,0.0,0.0,0.0,0.0,1.0,1.0,0.0,0.0,1.0,1.0,0.0,0.0,0.0,0.0,1.0,0.0,0.0,0.0,0.24911807178473053,21.259586073110782,23.547823678633232
250,9.96,0.98,1,0.005,0.296,0.112,-0.012,-0.025,0.0,0.07,0.0,0.12,0.37,2.27,0.0,1.04,2.09,1.16,0.23,0.5,0.28,0.0,1.2,0.53,0.0,0.0,0.0,0.0,0.0,1.0,1.0,0.0,0.0,1.0,1.0,0.0,0.0,0.0,0.0,1.0,0.0,0.0,0.0,0.2622373007524447,19.99699977496621,24.000208332429118
251,10.0,0.98,1,0.001,0.304,0.104,-0.021,-0.021,0.0,0.2,0.0,0.12,0.4,2.52,0.01,1.03,2.04,1.13,0.3,0.63,0.39,0.0,0.98,0.57,0.05,0.0,0.0,0.0,0.0,1.0,1.0,0.0,0.0,1.0,1.0,0.0,1.0,0.0,0.0,0.0,0.0,0.0,0.0,0.2319445613775536,19.98124120268817,23.830232898568106
252,10.04,0.98,1,-0.023,0.343,0.092,-0.008,-0.024,0.28,0.26,0.0,0.12,0.3,1.94,0.01,0.98,1.99,1.23,0.34,0.86,0.5,0.0,0.59,0.45,0.77,0.0,0.0,0.0,0.0,0.0,1.0,0.0,0.0,1.0,1.0,0.0,1.0,0.0,0.0,0.0,0.0,0.0,0.0,0.1982713401243204,19.90401969452411,20.961154548354525
253,10.08,0.98,1,-0.01,0.462,0.088,-0.022,-0.02,0.5,0.32,0.0,0.0,0.17,1.55,0.01,0.85,1.96,1.25,0.35,1.02,0.52,0.0,0.3,0.26,1.54,0.0,0.0,0.0,0.0,0.0,1.0,0.0,0.0,1.0,1.0,0.0,1.0,0.0,0.0,0.0,0.0,0.0,0.0,0.173534288195755,15.446682491719796,20.61771083316478
254,10.12,0.98,1,-0.01,0.447,0.084,-0.012,-0.02,0.7,0.2,0.0,0.0,0.1,1.39,0.0,0.69,1.88,1.36,0.37,1.17,0.52,0.0,0.12,0.04,1.98,0.0,0.0,0.0,0.0,0.0,1.0,0.0,0.0,1.0,1.0,0.0,1.0,0.0,0.0,0.0,0.0,0.0,0.0,0.1711512916947225,17.249057945290634,20.84058540444577
255,10.16,0.98,1,-0.034,0.387,0.088,-0.002,-0.023,0.56,0.08,0.0,0.0,0.22,1.88,0.0,0.71,1.8,1.45,0.5,1.25,0.42,0.0,0.01,0.0,1.52,0.0,0.0,0.0,0.0,0.0,1.0,0.0,0.0,1.0,1.0,0.0,1.0,0.0,0.0,0.0,0.0,0.0,0.0,0.18390114548177577,18.117670931993572,20.080836635957183
256,10.2,0.98,1,-0.01,0.353,0.098,-0.018,-0.034,0.45,0.02,0.0,0.0,0.38,2.42,0.0,0.77,1.8,1.51,0.63,1.18,0.32,0.0,0.0,0.0,0.82,0.0,0.0,0.0,0.0,1.0,1.0,0.0,0.0,1.0,1.0,0.0,1.0,0.0,0.0,0.0,0.0,0.0,0.0,0.1985542507726415,16.91064753343276,17.634341496069673
257,10.24,0.98,1,-0.024,0.345,0.092,-0.017,-0.035,0.29,0.02,0.0,0.0,0.45,2.51,0.0,0.84,1.84,1.57,0.7,1.1,0.2,0.02,0.01,0.0,0.33,0.0,0.0,0.0,0.0,1.0,1.0,0.0,0.0,1.0,1.0,0.0,1.0,0.0,0.0,0.0,0.0,0.0,0.0,0.18683224852916214,17.5182761709022,18.106904760339265
258,10.28,0.98,1,-0.001,0.313,0.076,-0.014,-0.038,0.23,0.0,0.0,0.0,0.44,2.58,0.0,0.73,1.82,1.51,0.61,0.97,0.12,0.06,0.01,0.0,0.08,0.0,0.0,0.0,0.0,1.0,1.0,0.0,0.0,1.0,1.0,0.0,1.0,0.0,0.0,0.0,0.0,0.0,0.0,0.20463811335199644,18.809572031282325,18.50432381904294
259,10.32,0.98,1,-0.017,0.34,0.091,-0.017,-0.038,0.22,0.02,0.0,0.0,0.41,2.72,0.0,0.72,1.8,1.53,0.61,0.94,0.05,0.11,0.01,0.0,0.0,0.0,0.0,0.0,0.0,1.0,1.0,0.0,0.0,1.0,1.0,0.0,1.0,0.0,0.0,0.0,0.0,0.0,0.0,0.20093684033492293,20.603883129158095,19.206509313250887
260,10.36,0.98,1,-0.008,0.335,0.083,-0.016,-0.04,0.18,0.07,0.0,0.0,0.35,2.76,0.0,0.61,1.77,1.39,0.59,0.87,0.07,0.18,0.0,0.0,0.0,0.0,0.0,0.0,0.0,1.0,1.0,0.0,0.0,1.0,1.0,0.0,1.0,0.0,0.0,0.0,0.0,0.0,0.0,0.2016456706304904,19.70228413154175,19.601020381602495
261,10.4,0.98,1,-0.02,0.359,0.105,-0.011,-0.031,0.12,0.07,0.0,0.0,0.34,2.76,0.0,0.65,1.79,1.38,0.61,0.88,0.13,0.23,0.0,0.0,0.0,0.0,0.0,0.0,0.0,1.0,1.0,0.0,0.0,1.0,1.0,0.0,1.0,0.0,0.0,0.0,0.0,0.0,0.0,0.19197686074882947,21.0,21.00380917833715
262,10.44,0.98,1,-0.028,0.329,0.087,-0.017,-0.036,0.05,0.06,0.0,0.0,0.29,2.58,0.0,0.54,1.78,1.36,0.63,0.88,0.18,0.27,0.0,0.0,0.0,0.0,0.0,0.0,0.0,1.0,1.0,0.0,0.0,1.0,1.0,0.0,1.0,0.0,0.0,0.0,0.0,0.0,0.0,0.19447019971940127,22.205629916757644,21.20094337523691
263,10.48,0.98,1,-0.024,0.347,0.102,-0.017,-0.042,0.07,0.01,0.0,0.0,0.22,2.52,0.0,0.53,1.76,1.48,0.62,0.92,0.14,0.28,0.0,0.03,0.0,0.0,0.0,0.0,0.0,1.0,1.0,0.0,0.0,1.0,1.0,0.0,1.0,0.0,0.0,0.0,0.0,0.0,0.0,0.19350937499727333,21.70575960430784,21.400934559032788
264,10.52,0.98,1,-0.025,0.333,0.086,-0.022,-0.036,0.05,0.01,0.0,0.01,0.13,2.4,0.0,0.42,1.64,1.51,0.62,0.94,0.15,0.34,0.0,0.11,0.0,0.0,0.0,0.0,0.0,0.0,1.0,0.0,0.0,1.0,1.0,0.0,1.0,0.0,0.0,0.0,0.0,0.0,0.0,0.1990945969290917,22.0081802973349,21.40210270043586
265,10.56,0.98,1,-0.023,0.343,0.105,-0.019,-0.041,0.02,0.02,0.0,0.01,0.03,2.57,0.0,0.36,1.48,1.45,0.56,0.94,0.16,0.43,0.0,0.19,0.0,0.0,0.0,0.0,0.0,0.0,1.0,0.0,0.0,1.0,1.0,0.0,1.0,0.0,0.0,0.0,0.0,0.0,0.0,0.1995513474964875,22.211033294288494,21.503720608304043
266,10.6,0.98,1,-0.039,0.33,0.11,-0.017,-0.042,0.06,0.1,0.0,0.01,0.02,2.59,0.0,0.23,1.3,1.33,0.64,0.93,0.29,0.51,0.0,0.41,0.0,0.0,0.0,0.0,0.0,0.0,1.0,0.0,0.0,1.0,1.0,0.0,1.0,0.0,0.0,0.0,1.0,0.0,0.0,0.20505638259561204,22.02271554554524,21.418916872708436
267,10.64,0.98,1,-0.039,0.336,0.116,-0.017,-0.04,0.09,0.1,0.0,0.0,0.0,2.62,0.0,0.09,1.12,1.28,0.72,0.97,0.4,0.58,0.0,0.58,0.0,0.0,0.0,0.0,0.0,0.0,1.0,0.0,0.0,1.0,1.0,0.0,1.0,0.0,0.0,0.0,1.0,0.0,0.0,0.21914094675678802,21.659178193089545,21.2285185540584
268,10.68,0.98,1,-0.039,0.335,0.12,-0.019,-0.041,0.08,0.08,0.0,0.0,0.0,2.49,0.0,0.0,1.0,1.27,0.71,1.08,0.6,0.62,0.0,0.77,0.0,0.0,0.0,0.0,0.0,0.0,1.0,0.0,0.0,1.0,1.0,0.0,1.0,0.0,0.0,0.0,1.0,0.0,0.0,0.2276366606463009,21.874185699129416,21.128653530218063
269,10.72,0.98,1,-0.036,0.339,0.12,-0.02,-0.043,0.15,0.0,0.0,0.03,0.0,2.4,0.0,0.02,1.02,1.37,0.73,1.18,0.75,0.59,0.0,0.85,0.0,0.0,0.0,0.0,0.0,0.0,1.0,0.0,0.0,1.0,1.0,0.0,1.0,0.0,0.0,0.0,1.0,0.0,0.0,0.20972200370057462,22.044500447957535,21.323461257497755
270,10.76,0.98,1,-0.019,0.338,0.125,-0.027,-0.045,0.28,0.08,0.0,0.05,0.03,2.35,0.0,0.02,1.09,1.43,0.7,1.4,0.84,0.57,0.02,0.97,0.0,1.0,0.0,0.0,0.0,0.0,1.0,0.0,0.0,1.0,1.0,0.0,1.0,0.0,0.0,0.0,1.0,0.0,0.0,0.22991087261742754,21.29413064672968,21.83300254202358
271,10.8,0.98,1,-0.023,0.325,0.112,-0.026,-0.045,0.4,0.08,0.0,0.14,0.05,2.22,0.0,0.05,1.22,1.63,0.75,1.59,0.82,0.49,0.02,1.0,0.0,1.0,0.0,0.0,0.0,0.0,1.0,0.0,0.0,1.0,1.0,0.0,1.0,0.0,0.0,0.0,0.0,0.0,0.0,0.23628820372425519,22.150846484954158,22.43769150336113
272,10.84,0.98,1,-0.024,0.321,0.12,-0.034,-0.05,0.37,0.09,0.0,0.12,0.11,2.21,0.0,0.1,1.35,1.76,0.58,1.76,0.81,0.59,0.02,0.84,0.0,1.0,0.0,0.0,0.0,0.0,1.0,0.0,0.0,1.0,1.0,0.0,1.0,0.0,0.0,0.0,0.0,0.0,0.0,0.24787478373754304,21.276277869965934,22.842942017174536
273,10.88,0.98,1,-0.028,0.315,0.11,-0.029,-0.047,0.22,0.02,0.0,0.1,0.2,2.2,0.0,0.17,1.46,1.88,0.33,1.78,0.77,0.67,0.0,0.64,0.0,1.0,0.0,0.0,0.0,0.0,1.0,0.0,0.0,1.0,1.0,0.0,1.0,0.0,0.0,0.0,0.0,0.0,0.0,0.23695601049260923,22.350391495452556,22.53197727675048
274,10.92,0.98,1,-0.02,0.312,0.105,-0.015,-0.05,0.1,0.02,0.0,0.01,0.37,2.12,0.0,0.2,1.61,1.98,0.1,1.8,0.75,0.87,0.0,0.37,0.0,1.0,0.0,0.0,0.0,1.0,1.0,0.0,0.0,1.0,1.0,0.0,1.0,0.0,0.0,0.0,0.0,0.0,0.0,0.2116821469109157,22.227235545609172,23.33623791445395
275,10.96,0.98,1,-0.019,0.301,0.096,-0.016,-0.048,0.02,0.04,0.0,0.0,0.53,2.3,0.0,0.28,1.79,2.04,0.04,1.76,0.63,0.96,0.0,0.21,0.0,1.0,0.0,0.0,0.0,1.0,1.0,0.0,0.0,1.0,1.0,0.0,1.0,0.0,0.0,0.0,0.0,0.0,0.0,0.222360770158983,22.222511109233402,22.74313083108836
276,11.0,0.98,1,-0.048,0.316,0.12,-0.019,-0.047,0.0,0.04,0.0,0.0,0.6,2.36,0.0,0.37,1.98,2.13,0.04,1.78,0.55,1.04,0.0,0.04,0.0,1.0,0.0,0.0,0.0,1.0,1.0,0.0,0.0,1.0,1.0,0.0,1.0,0.0,0.0,0.0,0.0,0.0,0.0,0.20580333198010442,23.35487101227488,23.107790893981964
277,11.04,0.98,1,-0.028,0.313,0.108,-0.02,-0.043,0.0,0.04,0.0,0.01,0.62,2.44,0.0,0.5,2.09,2.26,0.03,1.76,0.55,1.01,0.0,0.0,0.0,1.0,0.0,0.0,0.0,1.0,1.0,0.0,0.0,1.0,1.0,0.0,1.0,0.0,0.0,0.0,0.0,0.0,0.0,0.22050894190525583,22.56413082748812,22.71783440383352
278,11.08,0.98,1,0.009,0.329,0.112,-0.021,-0.046,0.0,0.0,0.0,0.01,0.59,2.31,0.0,0.42,2.04,2.18,0.02,1.87,0.74,0.99,0.0,0.07,0.0,1.0,0.0,0.0,0.0,1.0,1.0,0.0,0.0,1.0,1.0,0.0,1.0,0.0,0.0,0.0,0.0,0.0,0.0,0.22015549991522054,21.973848092675855,23.10779089398219
279,11.12,0.98,1,0.003,0.323,0.121,-0.012,-0.035,0.0,0.0,0.0,0.01,0.5,2.22,0.0,0.31,1.92,2.13,0.02,1.93,0.94,0.93,0.0,0.23,0.0,0.0,0.0,0.0,0.0,1.0,1.0,0.0,0.0,1.0,1.0,0.0,1.0,0.0,0.0,0.0,0.0,1.0,0.0,0.2189512673875503,21.51278689523964,22.80087717610877
280,11.16,0.93,1,-0.002,0.316,0.134,-0.014,-0.012,0.0,0.0,0.0,0.0,0.39,2.15,0.0,0.11,1.82,1.85,0.02,1.88,1.17,0.97,0.0,0.41,0.0,0.0,0.0,0.0,0.0,0.0,1.0,0.0,0.0,1.0,1.0,0.0,1.0,1.0,0.0,0.0,0.0,1.0,0.0,0.24378637889696864,22.20923231451271,21.3114992433662
281,11.2,0.98,1,-0.018,0.32,0.137,-0.014,-0.0,0.0,0.0,0.0,0.0,0.31,2.14,0.0,0.11,1.74,1.84,0.0,1.76,1.24,0.96,0.0,0.43,0.0,0.0,0.0,0.0,0.0,0.0,1.0,0.0,0.0,1.0,1.0,0.0,1.0,1.0,0.0,0.0,0.0,1.0,0.0,0.24260428247951865,22.24095321698254,20.708693826506824
282,11.24,0.98,1,-0.006,0.324,0.148,-0.008,-0.021,0.0,0.0,0.0,0.0,0.27,2.22,0.0,0.1,1.66,1.74,0.04,1.67,1.21,0.9,0.0,0.53,0.0,0.0,0.0,0.0,0.0,0.0,1.0,0.0,0.0,1.0,1.0,0.0,1.0,1.0,0.0,0.0,0.0,1.0,0.0,0.24083313287649039,22.130521909796897,21.80825531765432
283,11.28,0.98,1,-0.01,0.342,0.129,-0.015,0.002,0.18,0.12,0.0,0.0,0.17,2.05,0.0,0.25,1.64,1.84,0.04,1.69,1.12,0.55,0.0,0.57,0.54,0.0,0.0,0.0,0.0,0.0,1.0,0.0,0.0,1.0,1.0,0.0,1.0,1.0,0.0,0.0,0.0,1.0,0.0,0.21112395281855173,21.951309755911925,22.80087717610877
284,11.32,0.98,1,-0.02,0.452,0.131,-0.013,-0.016,0.46,0.23,0.0,0.0,0.05,1.51,0.0,0.37,1.6,1.73,0.18,1.64,1.02,0.24,0.05,0.68,1.26,0.0,1.0,0.0,0.0,0.0,1.0,0.0,0.0,1.0,1.0,0.0,1.0,1.0,0.0,0.0,0.0,0.0,1.0,0.19437640566264808,15.938004893963452,21.313845265460714
285,11.36,0.98,1,-0.035,0.466,0.111,-0.016,0.006,0.66,0.34,0.0,0.0,0.01,1.14,0.0,0.62,1.65,1.78,0.24,1.6,0.94,0.0,0.12,0.65,2.08,0.0,1.0,0.0,0.0,0.0,1.0,0.0,0.0,1.0,1.0,0.0,1.0,1.0,0.0,0.0,0.0,0.0,1.0,0.17257332810363663,16.918628786045236,19.836330305779803
286,11.4,0.98,1,-0.009,0.468,0.11,-0.004,-0.016,0.57,0.29,0.0,0.0,0.06,1.35,0.0,0.79,1.55,1.65,0.36,1.55,0.85,0.0,0.24,0.72,1.9,0.0,1.0,0.0,0.0,0.0,1.0,0.0,0.0,1.0,1.0,0.0,1.0,1.0,0.0,0.0,0.0,0.0,1.0,0.165866732016143,16.750522379914056,21.068697159530302
287,11.44,0.98,1,-0.035,0.395,0.102,-0.013,-0.009,0.44,0.19,0.0,0.0,0.2,2.04,0.0,1.0,1.55,1.67,0.47,1.45,0.75,0.0,0.29,0.78,1.5,0.0,1.0,0.0,0.0,0.0,1.0,0.0,0.0,1.0,1.0,0.0,1.0,0.0,0.0,0.0,0.0,0.0,1.0,0.18391225064390412,18.227451824103163,19.84263087395415
288,11.48,0.98,1,-0.015,0.38,0.113,-0.007,-0.019,0.26,0.08,0.0,0.0,0.31,2.58,0.0,1.19,1.47,1.6,0.5,1.33,0.71,0.0,0.34,0.83,0.73,0.0,1.0,0.0,0.0,0.0,1.0,0.0,0.0,1.0,1.0,0.0,1.0,0.0,0.0,0.0,0.0,0.0,1.0,0.18728243588274757,17.613914953808674,17.772169254201966
289,11.52,0.98,1,-0.01,0.357,0.103,-0.02,-0.01,0.21,0.02,0.0,0.0,0.36,2.76,0.0,1.22,1.48,1.51,0.53,1.2,0.64,0.0,0.42,0.8,0.38,0.0,1.0,0.0,0.0,0.0,1.0,0.0,0.0,1.0,1.0,0.0,1.0,0.0,0.0,0.0,0.0,0.0,0.0,0.18033324292270397,17.423260314877787,18.42715387682003
290,11.56,0.98,1,-0.027,0.36,0.112,-0.01,-0.019,0.05,0.02,0.0,0.0,0.31,2.69,0.0,1.18,1.37,1.4,0.52,1.25,0.65,0.03,0.51,0.85,0.06,0.0,0.0,0.0,0.0,0.0,1.0,0.0,0.0,1.0,1.0,1.0,1.0,0.0,0.0,0.0,0.0,0.0,0.0,0.1756109051018428,17.541094606665794,19.03181546778972
291,11.6,0.98,1,-0.03,0.341,0.099,-0.022,-0.012,0.05,0.02,0.0,0.0,0.26,2.78,0.0,1.23,1.35,1.27,0.61,1.08,0.61,0.03,0.54,0.8,0.0,0.0,0.0,0.0,0.0,0.0,1.0,0.0,0.0,1.0,1.0,1.0,1.0,0.0,0.0,0.0,0.0,0.0,0.0,0.1859793170749317,18.12236187697389,18.509727172489605
292,11.64,0.98,1,-0.02,0.357,0.105,-0.024,-0.037,0.07,0.0,0.0,0.0,0.27,2.8,0.0,1.32,1.34,1.39,0.7,0.88,0.65,0.03,0.47,0.75,0.0,0.0,0.0,0.0,0.0,0.0,1.0,0.0,0.0,1.0,1.0,1.0,1.0,0.0,0.0,0.0,0.0,0.0,0.0,0.18955997140945396,18.30682932678399,18.509727172489605
293,11.68,0.98,1,-0.016,0.318,0.086,-0.027,-0.042,0.17,0.0,0.0,0.0,0.25,2.73,0.0,1.33,1.36,1.39,0.77,0.77,0.64,0.0,0.56,0.68,0.0,0.0,0.0,0.0,0.0,0.0,1.0,0.0,0.0,1.0,1.0,1.0,1.0,0.0,0.0,1.0,0.0,0.0,0.0,0.22657760415997924,19.004210059878837,19.299999999999955
294,11.72,0.98,1,-0.028,0.364,0.111,-0.007,-0.036,0.16,0.0,0.0,0.0,0.24,2.54,0.0,1.12,1.35,1.22,0.84,0.98,0.5,0.0,0.7,0.74,0.0,0.0,0.0,0.0,0.0,0.0,1.0,0.0,0.0,1.0,1.0,1.0,1.0,0.0,0.0,0.0,0.0,0.0,0.0,0.1910152262426827,18.901058171435665,19.202343606966355
295,11.76,0.98,1,-0.03,0.345,0.094,-0.017,-0.005,0.22,0.0,0.0,0.0,0.19,2.59,0.0,0.88,1.28,1.16,0.8,1.21,0.38,0.0,0.81,0.78,0.0,0.0,0.0,0.0,0.0,0.0,1.0,0.0,0.0,1.0,1.0,1.0,1.0,0.0,0.0,0.0,0.0,0.0,0.0,0.1870545843658773,20.024984394500787,19.90401969452411
296,11.8,0.98,1,-0.032,0.368,0.122,-0.005,-0.024,0.12,0.0,0.0,0.0,0.12,2.59,0.0,0.64,1.26,1.02,0.82,1.33,0.36,0.06,0.65,0.9,0.0,0.0,0.0,0.0,0.0,0.0,1.0,0.0,0.0,1.0,1.0,0.0,1.0,0.0,0.0,0.0,0.0,0.0,0.0,0.19052636733487988,19.802272596851054,20.50219500443794
297,11.84,0.98,1,-0.032,0.373,0.131,-0.018,-0.004,0.23,0.0,0.0,0.0,0.09,2.6,0.0,0.49,1.2,1.07,0.77,1.22,0.46,0.1,0.37,0.85,0.0,0.0,0.0,0.0,0.0,0.0,1.0,0.0,0.0,1.0,1.0,0.0,1.0,0.0,0.0,0.0,0.0,0.0,0.0,0.1948578071056689,20.802163349036515,20.40612653102013
298,11.88,0.98,1,-0.041,0.371,0.127,-0.006,-0.021,0.12,0.0,0.0,0.0,0.02,2.48,0.0,0.4,1.16,1.08,0.91,1.3,0.5,0.21,0.11,0.8,0.0,0.0,0.0,0.0,0.0,0.0,1.0,0.0,0.0,1.0,1.0,0.0,1.0,0.0,0.0,0.0,0.0,0.0,0.0,0.19453233712929718,21.0,20.40220576310303
299,11.92,0.98,1,-0.034,0.346,0.12,-0.023,-0.014,0.13,0.0,0.0,0.0,0.02,2.51,0.0,0.28,1.12,1.21,0.8,1.35,0.53,0.25,0.0,0.63,0.0,0.0,0.0,0.0,0.0,0.0,1.0,0.0,0.0,1.0,1.0,0.0,1.0,0.0,0.0,0.0,0.0,0.0,0.0,0.20595452817920243,21.699999999999818,20.000249998437518
300,11.96,0.98,1,-0.036,0.359,0.122,-0.008,-0.026,0.01,0.1,0.0,0.0,0.01,2.41,0.0,0.18,1.13,1.17,0.68,1.44,0.57,0.38,0.02,0.55,0.0,0.0,0.0,0.0,0.0,0.0,1.0,0.0,0.0,1.0,1.0,0.0,1.0,0.0,0.0,0.0,0.0,0.0,0.0,0.19143866432020368,22.5055548698538,20.50219500443794
301,12.0,0.98,1,-0.033,0.341,0.123,-0.02,-0.007,0.02,0.1,0.0,0.0,0.05,2.43,0.0,0.12,1.13,1.06,0.46,1.32,0.7,0.43,0.02,0.53,0.0,0.0,0.0,0.0,0.0,0.0,1.0,0.0,0.0,1.0,1.0,0.0,1.0,1.0,0.0,0.0,0.0,0.0,0.0,0.22065256004872325,21.40840956259932,21.200000000000045
302,12.04,0.98,1,-0.04,0.352,0.12,-0.012,-0.023,0.01,0.1,0.0,0.0,0.06,2.26,0.0,0.25,1.14,1.08,0.44,1.29,0.84,0.57,0.02,0.51,0.0,0.0,0.0,0.0,0.0,0.0,1.0,0.0,0.0,1.0,1.0,0.0,1.0,1.0,0.0,0.0,0.0,0.0,0.0,0.19323381495550263,22.208106627986144,21.100236965493924
303,12.08,0.98,1,-0.04,0.331,0.111,-0.017,-0.017,0.04,0.0,0.0,0.0,0.06,2.23,0.0,0.28,1.15,1.24,0.52,1.24,0.91,0.53,0.0,0.46,0.0,0.0,0.0,0.0,0.0,0.0,1.0,0.0,0.0,1.0,1.0,0.0,1.0,1.0,0.0,0.0,0.0,0.0,0.0,0.20421451698358872,21.60208323287354,20.900239233080427
304,12.12,0.98,1,-0.04,0.347,0.114,-0.011,-0.027,0.03,0.0,0.0,0.0,0.05,2.29,0.0,0.31,1.15,1.28,0.63,1.21,0.92,0.65,0.0,0.41,0.0,0.0,0.0,0.0,0.0,0.0,1.0,0.0,0.0,1.0,1.0,0.0,1.0,1.0,0.0,0.0,0.0,0.0,0.0,0.19219917335183126,22.302017845925914,21.302112571292035
305,12.16,0.98,1,-0.04,0.334,0.112,-0.015,-0.024,0.03,0.0,0.0,0.0,0.05,2.58,0.0,0.28,1.16,1.36,0.66,1.19,0.8,0.58,0.0,0.34,0.0,0.0,0.0,0.0,0.0,0.0,1.0,0.0,0.0,1.0,1.0,0.0,1.0,1.0,0.0,0.0,0.0,0.0,0.0,0.2004593670814132,21.908217636311814,21.200235847744757
306,12.2,0.98,1,-0.039,0.338,0.111,-0.009,-0.03,0.0,0.0,0.0,0.0,0.07,2.69,0.0,0.28,1.12,1.37,0.69,1.24,0.86,0.74,0.0,0.33,0.0,0.0,0.0,0.0,0.0,0.0,1.0,0.0,0.0,1.0,1.0,0.0,1.0,1.0,0.0,0.0,0.0,0.0,0.0,0.19278243737517134,22.205629916757644,21.199999999999818
307,12.24,0.98,1,-0.042,0.324,0.107,-0.014,-0.023,0.0,0.01,0.0,0.0,0.09,2.66,0.0,0.32,1.18,1.38,0.57,1.21,0.78,0.66,0.0,0.29,0.0,0.0,0.0,0.0,0.0,0.0,1.0,0.0,0.0,1.0,1.0,0.0,1.0,1.0,0.0,0.0,0.0,0.0,0.0,0.20894174962298395,22.0111335464578,21.40210270043586
308,12.28,0.98,1,-0.014,0.337,0.106,-0.005,-0.03,0.0,0.01,0.0,0.0,0.14,2.64,0.0,0.34,1.16,1.41,0.58,1.26,0.85,0.8,0.0,0.34,0.0,0.0,0.0,0.0,0.0,0.0,1.0,0.0,0.0,1.0,1.0,0.0,1.0,1.0,0.0,0.0,0.0,0.0,0.0,0.20281734302113807,20.606067067735083,22.41807306616704
309,12.32,0.98,1,-0.01,0.319,0.107,-0.011,-0.025,0.0,0.01,0.0,0.0,0.14,2.5,0.0,0.41,1.17,1.43,0.49,1.27,0.87,0.78,0.0,0.29,0.0,0.0,0.0,0.0,0.0,0.0,1.0,0.0,0.0,1.0,1.0,0.0,1.0,1.0,0.0,0.0,0.0,0.0,0.0,0.2060907388158627,21.600231480241042,22.10090495884718
310,12.36,0.98,1,-0.008,0.323,0.1,-0.018,-0.022,0.0,0.0,0.0,0.0,0.13,2.65,0.0,0.32,1.11,1.43,0.47,1.24,0.84,0.74,0.0,0.26,0.0,0.0,0.0,0.0,0.0,0.0,1.0,0.0,0.0,1.0,1.0,0.0,1.0,1.0,0.0,0.0,0.0,0.0,0.0,0.2058475306552666,21.50581316760657,22.42231031807369
311,12.4,0.98,1,0.012,0.324,0.109,-0.009,-0.03,0.0,0.0,0.0,0.0,0.12,2.57,0.0,0.22,1.1,1.28,0.41,1.07,0.85,0.68,0.0,0.18,0.0,0.0,0.0,0.0,0.0,0.0,1.0,0.0,0.0,1.0,1.0,0.0,1.0,1.0,0.0,0.0,0.0,0.0,0.0,0.22080447470324216,20.619650821485706,22.631835983852614
312,12.44,0.98,1,-0.015,0.309,0.101,-0.015,-0.022,0.0,0.0,0.0,0.0,0.16,2.73,0.0,0.12,1.08,1.23,0.44,0.9,0.76,0.47,0.0,0.3,0.0,0.0,0.0,0.0,0.0,0.0,1.0,0.0,0.0,1.0,1.0,0.0,1.0,1.0,0.0,0.0,0.0,0.0,0.0,0.21585717601004448,21.5188289644209,22.202026934494114
313,12.48,0.98,1,-0.007,0.328,0.113,-0.009,-0.032,0.0,0.0,0.0,0.0,0.15,2.3,0.0,0.18,1.06,1.08,0.51,0.88,0.85,0.54,0.0,0.38,0.0,0.0,0.0,0.0,0.0,0.0,1.0,0.0,0.0,1.0,1.0,0.0,1.0,1.0,0.0,0.0,0.0,0.0,0.0,0.2146224044285934,21.140009460735726,22.805481797147113
314,12.52,0.98,1,-0.021,0.317,0.111,-0.014,-0.024,0.02,0.02,0.0,0.0,0.1,2.17,0.0,0.12,1.05,1.08,0.44,0.83,0.66,0.4,0.0,0.4,0.0,0.0,0.0,0.0,0.0,0.0,1.0,0.0,0.0,1.0,1.0,0.0,1.0,0.0,0.0,0.0,0.0,0.0,0.0,0.21617603222513093,21.04019961882491,22.700881040170923
315,12.56,0.98,1,0.018,0.329,0.113,-0.008,-0.035,0.02,0.02,0.0,0.0,0.09,2.1,0.0,0.21,1.05,0.91,0.41,0.79,0.63,0.47,0.01,0.32,0.0,0.0,0.0,0.0,0.0,0.0,1.0,0.0,0.0,1.0,1.0,0.0,1.0,0.0,0.0,0.0,0.0,0.0,0.0,0.21944346138738027,20.570367036103168,23.021728866442675
316,12.6,0.98,1,-0.016,0.321,0.097,-0.017,-0.025,0.03,0.02,0.0,0.0,0.05,2.32,0.0,0.21,1.05,0.8,0.44,0.73,0.36,0.3,0.03,0.29,0.0,0.0,0.0,0.0,0.0,0.0,1.0,0.0,0.0,1.0,1.0,0.0,1.0,0.0,0.0,0.0,0.0,0.0,0.0,0.21939232814776582,20.94039159137202,22.510886255321
317,12.64,0.98,1,0.003,0.321,0.104,-0.009,-0.035,0.01,0.0,0.0,0.0,0.06,2.49,0.0,0.33,1.07,0.7,0.52,0.73,0.31,0.33,0.04,0.39,0.0,0.0,0.0,0.0,0.0,0.0,1.0,0.0,0.0,1.0,1.0,0.0,1.0,0.0,0.0,0.0,0.0,0.0,0.0,0.22858314960838289,20.84706214314137,23.30536418938777
318,12.68,0.98,1,-0.024,0.313,0.083,-0.011,-0.025,0.01,0.0,0.0,0.0,0.02,2.4,0.0,0.31,1.09,0.68,0.54,0.71,0.15,0.22,0.12,0.41,0.0,0.0,0.0,0.0,0.0,0.0,1.0,0.0,0.0,1.0,1.0,0.0,0.0,0.0,0.0,0.0,0.0,0.0,0.0,0.20762510763727682,21.119185590358498,22.402008838494684
319,12.72,0.98,1,-0.004,0.305,0.089,-0.001,-0.034,0.0,0.0,0.0,0.0,0.07,2.37,0.0,0.38,1.13,0.62,0.55,0.73,0.17,0.31,0.14,0.35,0.0,0.0,0.0,0.0,0.0,0.0,1.0,0.0,0.0,1.0,1.0,0.0,0.0,0.0,0.0,0.0,0.0,0.0,0.0,0.2238030786605315,21.559452683219952,23.000217390276987
320,12.76,0.98,1,-0.027,0.302,0.084,-0.015,-0.024,0.0,0.0,0.0,0.0,0.05,2.35,0.0,0.36,1.16,0.61,0.5,0.63,0.12,0.22,0.13,0.27,0.0,0.0,0.0,0.0,0.0,0.0,1.0,0.0,0.0,1.0,1.0,0.0,0.0,0.0,0.0,0.0,0.0,0.0,0.0,0.21405427824683784,21.50581316760657,23.0
321,12.8,0.98,1,0.001,0.298,0.092,-0.004,-0.032,0.0,0.0,0.0,0.0,0.06,2.4,0.0,0.46,1.16,0.55,0.53,0.66,0.14,0.32,0.04,0.26,0.0,0.0,0.0,0.0,0.0,0.0,1.0,0.0,0.0,1.0,1.0,0.0,0.0,0.0,0.0,0.0,0.0,0.0,0.0,0.2333446558511567,21.54553317975678,23.70189865812446
322,12.84,0.98,1,-0.033,0.3,0.082,-0.015,-0.022,0.07,0.0,0.0,0.0,0.01,2.42,0.0,0.43,1.15,0.61,0.42,0.7,0.16,0.23,0.0,0.38,0.0,0.0,0.0,0.0,0.0,0.0,1.0,0.0,0.0,1.0,1.0,0.0,0.0,0.0,0.0,0.0,0.0,0.0,0.0,0.216522956826221,21.911184358678423,22.90087334579195
323,12.88,0.98,1,0.0,0.294,0.09,-0.007,-0.032,0.11,0.0,0.0,0.0,0.01,1.92,0.0,0.44,1.13,0.59,0.35,0.79,0.17,0.23,0.0,0.32,0.51,0.0,0.0,0.0,0.0,0.0,1.0,0.0,0.0,1.0,1.0,0.0,0.0,0.0,0.0,0.0,0.0,0.0,0.0,0.22673398180083051,20.72920644887287,23.705273674859598
324,12.92,0.98,1,0.015,0.41,0.069,-0.018,-0.023,0.45,0.03,0.0,0.0,0.0,1.52,0.0,0.51,1.2,0.81,0.37,0.75,0.39,0.08,0.0,0.2,1.2,0.0,0.0,0.0,0.0,0.0,1.0,0.0,0.0,1.0,1.0,0.0,1.0,0.0,0.0,0.0,0.0,0.0,1.0,0.18621977233663262,19.900251254695345,21.123683390924175
325,12.96,0.98,1,-0.088,0.474,0.073,-0.019,-0.038,0.65,0.05,0.0,0.0,0.0,0.89,0.0,0.59,1.21,0.87,0.38,0.75,0.59,0.04,0.0,0.04,1.88,0.0,1.0,0.0,0.0,0.0,1.0,0.0,0.0,1.0,1.0,0.0,1.0,1.0,0.0,0.0,0.0,0.0,1.0,0.17059351482267934,16.95670958647338,18.545619428857044
326,13.0,0.98,1,-0.022,0.439,0.07,-0.01,-0.033,0.78,0.05,0.0,0.0,0.0,1.01,0.03,0.61,1.19,0.92,0.45,0.91,0.7,0.0,0.0,0.0,1.84,0.0,1.0,0.0,0.0,0.0,1.0,0.0,0.0,1.0,1.0,0.0,1.0,1.0,0.0,0.0,0.0,0.0,1.0,0.17205458169794371,17.655594014362617,23.036058690670018
327,13.04,0.98,1,-0.029,0.379,0.058,-0.013,-0.023,0.6,0.02,0.0,0.0,0.02,1.28,0.04,0.54,1.1,0.91,0.33,1.05,0.69,0.0,0.0,0.02,1.42,0.0,1.0,0.0,0.0,0.0,1.0,0.0,0.0,1.0,1.0,0.0,1.0,1.0,0.0,0.0,0.0,0.0,1.0,0.17506597843342003,18.046883387443945,20.46582517271166
328,13.08,0.98,1,-0.006,0.326,0.068,-0.012,-0.025,0.37,0.0,0.0,0.0,0.02,1.92,0.05,0.47,1.04,0.97,0.4,1.14,0.66,0.0,0.0,0.02,1.08,0.0,1.0,0.0,0.0,0.0,1.0,0.0,0.0,1.0,1.0,0.0,1.0,1.0,0.0,0.0,0.0,0.0,1.0,0.19671909798911785,15.500322577288513,18.668690366493436
329,13.12,0.98,1,-0.007,0.364,0.089,-0.011,-0.028,0.26,0.0,0.0,0.0,0.06,2.27,0.1,0.48,1.0,0.98,0.25,1.08,0.7,0.0,0.0,0.04,0.89,0.0,0.0,0.0,0.0,0.0,1.0,0.0,0.0,1.0,1.0,0.0,1.0,1.0,0.0,0.0,0.0,0.0,1.0,0.17580569720259726,16.30766690854331,17.34156855650602
330,13.16,0.98,1,-0.013,0.347,0.074,-0.012,-0.021,0.1,0.0,0.0,0.0,0.07,2.41,0.14,0.4,0.98,0.94,0.17,1.04,0.55,0.0,0.0,0.01,0.66,0.0,0.0,0.0,0.0,0.0,1.0,0.0,0.0,1.0,1.0,0.0,1.0,1.0,0.0,0.0,0.0,0.0,0.0,0.17552323591570862,17.402586014727902,18.62176146340611
331,13.2,0.98,1,-0.033,0.324,0.075,-0.009,-0.023,0.11,0.0,0.0,0.0,0.11,2.44,0.2,0.41,1.02,0.92,0.0,0.96,0.42,0.0,0.0,0.01,0.42,0.0,0.0,0.0,0.0,0.0,1.0,0.0,0.0,1.0,1.0,0.0,1.0,0.0,0.0,0.0,0.0,0.0,0.0,0.17777815349331172,18.00999722376436,19.206509313251114
332,13.24,0.98,1,-0.036,0.322,0.077,-0.014,-0.022,0.14,0.0,0.0,0.0,0.08,2.49,0.14,0.43,1.03,0.9,0.0,0.9,0.3,0.0,0.0,0.0,0.18,0.0,0.0,0.0,0.0,0.0,1.0,0.0,0.0,1.0,1.0,0.0,1.0,0.0,0.0,0.0,0.0,0.0,0.0,0.2002726573291431,17.302600960549437,18.904232330354052
333,13.28,0.98,1,-0.03,0.331,0.079,-0.011,-0.027,0.34,0.0,0.0,0.0,0.1,2.52,0.11,0.46,1.03,0.81,0.0,0.84,0.34,0.0,0.0,0.0,0.36,0.0,0.0,0.0,0.0,0.0,1.0,0.0,0.0,1.0,1.0,0.0,1.0,0.0,0.0,0.0,0.0,0.0,0.0,0.19765630973231718,17.80252791038392,20.40220576310303
334,13.32,0.98,1,-0.03,0.354,0.07,-0.009,-0.025,0.56,0.09,0.0,0.14,0.11,2.39,0.07,0.44,1.0,0.76,0.09,0.81,0.28,0.0,0.0,0.0,0.5,0.0,0.0,0.0,0.0,0.0,1.0,0.0,0.0,1.0,1.0,0.0,1.0,0.0,0.0,0.0,0.0,0.0,0.0,0.1804575754391652,19.116746585127828,18.96760396043747
335,13.36,0.98,1,-0.04,0.369,0.078,-0.005,-0.027,0.65,0.09,0.0,0.14,0.14,2.28,0.05,0.35,1.01,0.72,0.09,0.84,0.36,0.0,0.03,0.0,0.61,0.0,0.0,0.0,0.0,0.0,1.0,0.0,0.0,1.0,1.0,0.0,1.0,0.0,0.0,0.0,0.0,0.0,1.0,0.17563893286546156,18.13339460773975,18.569060288555253
336,13.4,0.98,1,-0.028,0.351,0.057,-0.006,-0.022,0.7,0.09,0.0,0.14,0.13,2.23,0.03,0.38,1.04,0.76,0.09,0.84,0.28,0.0,0.08,0.0,0.52,0.0,0.0,0.0,0.0,0.0,1.0,0.0,0.0,1.0,1.0,0.0,1.0,0.0,0.0,0.0,0.0,0.0,1.0,0.17419286995599512,19.037857022259626,18.66038584810092
337,13.44,0.98,1,-0.018,0.364,0.069,-0.005,-0.027,0.62,0.0,0.0,0.09,0.1,2.23,0.0,0.39,1.08,0.71,0.05,0.75,0.34,0.0,0.13,0.0,0.53,0.0,0.0,0.0,0.0,0.0,1.0,0.0,0.0,1.0,1.0,0.0,1.0,0.0,0.0,0.0,0.0,0.0,1.0,0.17680240453603058,19.03181546778972,18.96760396043724
338,13.48,0.98,1,-0.033,0.366,0.074,-0.003,-0.028,0.46,0.0,0.0,0.09,0.08,2.29,0.0,0.45,1.12,0.7,0.05,0.69,0.22,0.0,0.1,0.07,0.68,0.0,0.0,0.0,0.0,0.0,1.0,0.0,0.0,1.0,1.0,0.0,1.0,0.0,0.0,0.0,0.0,0.0,1.0,0.1819874067804375,18.527007313648905,19.059118552545918
339,13.52,0.98,1,-0.045,0.35,0.063,-0.02,-0.016,0.34,0.0,0.0,0.11,0.08,2.32,0.0,0.39,1.18,0.65,0.05,0.62,0.34,0.0,0.16,0.16,0.67,0.0,0.0,0.0,0.0,0.0,1.0,0.0,0.0,1.0,1.0,0.0,1.0,0.0,0.0,0.0,0.0,0.0,0.0,0.20084219344360668,18.117670931993352,18.732325002518856
340,13.56,0.98,1,-0.03,0.367,0.071,-0.007,-0.024,0.34,0.06,0.0,0.1,0.11,2.38,0.0,0.34,1.17,0.63,0.0,0.64,0.39,0.0,0.18,0.21,0.64,0.0,0.0,0.0,0.0,0.0,1.0,0.0,0.0,1.0,1.0,0.0,1.0,0.0,0.0,0.0,0.0,0.0,0.0,0.17749549274269266,18.83215335536557,19.11674658512783
341,13.6,0.98,1,-0.015,0.36,0.067,-0.003,-0.026,0.39,0.06,0.0,0.19,0.13,2.07,0.0,0.36,1.19,0.7,0.0,0.71,0.48,0.0,0.21,0.14,0.44,0.0,0.0,0.0,0.0,0.0,1.0,0.0,0.0,1.0,1.0,0.0,1.0,0.0,0.0,0.0,0.0,0.0,0.0,0.18133569723812762,20.529490982486635,19.131649170941756
342,13.64,0.98,1,-0.031,0.355,0.072,-0.021,-0.019,0.61,0.18,0.0,0.16,0.16,2.14,0.0,0.37,1.16,0.7,0.0,0.73,0.35,0.0,0.16,0.14,0.5,0.0,0.0,0.0,0.0,0.0,1.0,0.0,0.0,1.0,1.0,0.0,1.0,0.0,0.0,0.0,0.0,0.0,0.0,0.19451263629088963,20.30886505937735,18.817013578142475
343,13.68,0.98,1,-0.021,0.369,0.075,-0.002,-0.027,0.43,0.12,0.0,0.08,0.13,2.04,0.0,0.4,1.15,0.79,0.04,0.76,0.35,0.0,0.17,0.09,0.53,0.0,0.0,0.0,0.0,0.0,1.0,0.0,0.0,1.0,1.0,0.0,1.0,0.0,0.0,0.0,0.0,0.0,0.0,0.1804470547297684,20.53509191603485,18.909521411183402
344,13.72,0.98,1,-0.047,0.347,0.063,-0.018,-0.017,0.67,0.2,0.0,0.02,0.1,2.14,0.0,0.36,1.06,0.74,0.04,0.65,0.28,0.0,0.27,0.2,0.71,0.0,0.0,0.0,0.0,0.0,1.0,0.0,0.0,1.0,1.0,0.0,1.0,0.0,0.0,0.0,0.0,0.0,0.0,0.1948183991769974,19.10942175995928,18.804254837669006
345,13.76,0.98,1,-0.019,0.37,0.076,-0.002,-0.027,0.48,0.15,0.0,0.02,0.02,1.98,0.0,0.38,1.02,0.79,0.12,0.71,0.36,0.0,0.3,0.19,0.74,0.0,0.0,0.0,0.0,0.0,1.0,0.0,0.0,1.0,1.0,0.0,1.0,0.0,0.0,0.0,0.0,0.0,0.0,0.18082480938393358,20.229928324143952,19.416487838947692
346,13.8,0.98,1,-0.031,0.344,0.065,-0.019,-0.016,0.61,0.15,0.0,0.07,0.06,1.92,0.0,0.35,1.03,0.77,0.08,0.62,0.27,0.0,0.38,0.34,0.65,0.0,0.0,0.0,0.0,0.0,1.0,0.0,0.0,1.0,1.0,0.0,1.0,0.0,0.0,0.0,0.0,0.0,0.0,0.20280114282057174,18.617196351760292,18.613167382259398
347,13.84,0.98,1,-0.017,0.363,0.074,-0.002,-0.025,0.38,0.07,0.0,0.07,0.06,1.88,0.0,0.34,1.05,0.79,0.14,0.69,0.34,0.0,0.35,0.32,0.57,0.0,0.0,0.0,0.0,0.0,1.0,0.0,0.0,1.0,1.0,0.0,1.0,0.0,0.0,0.0,0.0,0.0,0.0,0.18121299426718623,19.231484602079004,18.921416437465638
348,13.88,0.98,1,-0.03,0.346,0.066,-0.022,-0.016,0.4,0.0,0.0,0.07,0.12,1.95,0.0,0.37,1.1,0.66,0.08,0.59,0.31,0.0,0.42,0.39,0.52,0.0,0.0,0.0,0.0,0.0,1.0,0.0,0.0,1.0,1.0,0.0,1.0,0.0,0.0,0.0,0.0,0.0,0.0,0.20029247693532953,18.826576959182113,18.60430057809229
349,13.92,0.98,1,-0.021,0.367,0.081,-0.005,-0.026,0.31,0.01,0.0,0.01,0.06,1.81,0.0,0.42,1.07,0.62,0.11,0.68,0.33,0.0,0.39,0.33,0.53,0.0,0.0,0.0,0.0,0.0,1.0,0.0,0.0,1.0,1.0,0.0,1.0,0.0,0.0,0.0,0.0,0.0,0.0,0.18476229397763813,19.630843079195465,19.112822920751537
350,13.96,0.98,1,-0.028,0.355,0.071,-0.019,-0.017,0.41,0.01,0.0,0.01,0.06,2.05,0.0,0.45,1.08,0.55,0.05,0.63,0.22,0.0,0.41,0.36,0.46,0.0,0.0,0.0,0.0,0.0,1.0,0.0,0.0,1.0,1.0,0.0,1.0,0.0,0.0,0.0,0.0,0.0,0.0,0.1961973893764007,18.732325002519087,19.30233146539553
351,14.0,0.98,1,-0.03,0.359,0.08,-0.004,-0.025,0.32,0.01,0.0,0.01,0.01,2.05,0.0,0.5,1.04,0.58,0.03,0.71,0.11,0.0,0.4,0.38,0.53,0.0,0.0,0.0,0.0,0.0,1.0,0.0,0.0,1.0,1.0,0.0,1.0,0.0,0.0,0.0,0.0,0.0,0.0,0.18788426112574802,20.447982785595347,21.414948050368793
352,14.04,0.98,1,-0.028,0.361,0.08,-0.004,-0.025,0.38,0.0,0.0,0.01,0.01,2.26,0.0,0.5,1.05,0.58,0.0,0.74,0.11,0.0,0.37,0.42,0.64,0.0,0.0,0.0,0.0,0.0,1.0,0.0,0.0,1.0,1.0,0.0,1.0,0.0,0.0,0.0,0.0,0.0,0.0,0.1848171229942971,20.53509191603485,20.808652046684767
353,14.08,0.98,1,-0.03,0.37,0.077,-0.013,-0.016,0.53,0.17,0.0,0.0,0.01,1.96,0.0,0.59,1.09,0.68,0.04,0.61,0.18,0.0,0.53,0.34,1.3,0.0,0.0,0.0,0.0,0.0,1.0,0.0,0.0,1.0,1.0,0.0,1.0,0.0,0.0,0.0,0.0,0.0,1.0,0.19192902058881733,19.5,18.726718879718405
354,14.12,0.98,1,0.02,0.452,0.078,-0.025,-0.033,0.69,0.26,0.0,0.0,0.0,1.42,0.03,0.49,1.13,0.76,0.04,0.58,0.23,0.0,0.53,0.23,1.81,0.0,0.0,0.0,0.0,0.0,1.0,0.0,0.0,1.0,1.0,0.0,1.0,0.0,0.0,0.0,0.0,0.0,1.0,0.17625174191718704,18.519449235870788,20.861447696648433
355,14.16,0.98,1,-0.002,0.435,0.065,-0.006,-0.023,0.76,0.4,0.0,0.0,0.0,1.32,0.03,0.44,1.13,0.76,0.04,0.51,0.13,0.0,0.62,0.21,2.1,0.0,1.0,0.0,0.0,0.0,1.0,0.0,0.0,1.0,1.0,0.0,1.0,0.0,0.0,0.0,0.0,0.0,1.0,0.16835431542276286,17.4562309792233,21.938550544646382
356,14.2,0.98,1,-0.011,0.369,0.07,-0.001,-0.027,0.44,0.23,0.0,0.0,0.0,1.67,0.03,0.33,1.08,0.66,0.0,0.67,0.1,0.0,0.45,0.28,1.52,0.0,1.0,0.0,0.0,0.0,1.0,0.0,0.0,1.0,1.0,0.0,1.0,0.0,0.0,0.0,0.0,0.0,1.0,0.18177280252317307,18.104419349981836,20.47071078394677
357,14.24,0.98,1,0.002,0.348,0.075,-0.021,-0.017,0.2,0.2,0.0,0.0,0.0,2.25,0.0,0.35,1.03,0.64,0.0,0.66,0.05,0.0,0.45,0.43,0.95,0.0,1.0,0.0,0.0,0.0,1.0,0.0,0.0,1.0,1.0,0.0,1.0,0.0,0.0,0.0,0.0,0.0,0.0,0.18028788081060898,16.704789732289402,18.25376673456746
358,14.28,0.98,1,-0.02,0.354,0.088,-0.01,-0.025,0.08,0.12,0.0,0.0,0.0,2.56,0.0,0.39,1.04,0.64,0.0,0.66,0.05,0.0,0.38,0.5,0.39,0.0,1.0,0.0,0.0,0.0,1.0,0.0,0.0,1.0,1.0,0.0,1.0,0.0,0.0,0.0,0.0,0.0,0.0,0.18860430394364516,17.80449381476481,19.10942175995905
359,14.32,0.98,1,-0.016,0.354,0.09,-0.007,-0.027,0.08,0.12,0.0,0.0,0.0,2.32,0.0,0.4,1.07,0.66,0.0,0.67,0.04,0.0,0.42,0.63,0.18,0.0,1.0,0.0,0.0,0.0,1.0,0.0,0.0,1.0,1.0,0.0,1.0,0.0,0.0,0.0,0.0,0.0,0.0,0.181410205584085,19.509228585466932,19.90904317138329
360,14.36,0.98,1,-0.017,0.341,0.08,-0.015,-0.02,0.05,0.08,0.0,0.04,0.0,2.26,0.0,0.47,1.07,0.56,0.03,0.6,0.07,0.0,0.42,0.73,0.01,0.0,0.0,0.0,0.0,0.0,1.0,0.0,0.0,1.0,1.0,0.0,0.0,0.0,0.0,0.0,0.0,0.0,0.0,0.19539755313949808,21.21155345560532,20.506096654409877
361,14.4,0.98,1,-0.004,0.363,0.093,-0.007,-0.028,0.01,0.01,0.0,0.04,0.0,2.08,0.0,0.48,1.07,0.57,0.03,0.6,0.09,0.0,0.41,0.77,0.0,0.0,0.0,0.0,0.0,0.0,1.0,0.0,0.0,1.0,1.0,0.0,0.0,0.0,0.0,0.0,0.0,0.0,0.0,0.18946664311518624,20.402205763103254,20.424495097798715
362,14.44,0.98,1,-0.001,0.317,0.076,-0.012,-0.022,0.09,0.01,0.0,0.04,0.0,2.22,0.0,0.41,1.03,0.47,0.04,0.4,0.07,0.0,0.4,0.72,0.0,0.0,0.0,0.0,0.0,0.0,1.0,0.0,0.0,1.0,1.0,0.0,0.0,0.0,0.0,0.0,0.0,0.0,0.0,0.19835158152240734,20.51560381758236,20.911719202399496
363,14.48,0.98,1,0.003,0.339,0.095,-0.004,-0.03,0.08,0.0,0.0,0.0,0.0,2.34,0.0,0.27,0.98,0.45,0.11,0.48,0.04,0.0,0.27,0.63,0.0,0.0,0.0,0.0,0.0,0.0,1.0,0.0,0.0,1.0,1.0,0.0,0.0,0.0,0.0,0.0,0.0,0.0,0.0,0.21369598727553213,20.806008747474806,21.30586773637718
364,14.52,0.98,1,-0.019,0.335,0.091,-0.017,-0.023,0.14,0.0,0.0,0.0,0.0,2.21,0.0,0.21,0.9,0.31,0.21,0.5,0.07,0.0,0.16,0.62,0.0,0.0,0.0,0.0,0.0,0.0,1.0,0.0,0.0,1.0,1.0,0.0,0.0,0.0,0.0,0.0,0.0,0.0,0.0,0.21280762361970404,21.60208323287354,21.40210270043563
365,14.56,0.98,1,-0.015,0.348,0.103,-0.007,-0.029,0.06,0.0,0.0,0.0,0.0,1.95,0.0,0.19,0.86,0.23,0.3,0.68,0.06,0.07,0.04,0.7,0.0,0.0,0.0,0.0,0.0,0.0,1.0,0.0,0.0,1.0,1.0,0.0,1.0,0.0,0.0,0.0,0.0,0.0,0.0,0.21553207994160986,22.102036105300254,21.200235847744757
366,14.6,0.98,1,-0.023,0.328,0.088,-0.021,-0.019,0.09,0.0,0.0,0.0,0.0,1.87,0.0,0.13,0.85,0.14,0.27,0.71,0.06,0.07,0.0,0.63,0.0,0.0,0.0,0.0,0.0,0.0,1.0,0.0,0.0,1.0,1.0,0.0,1.0,0.0,0.0,0.0,0.0,0.0,0.0,0.2176823009921085,22.214409737825626,21.605786262017777
367,14.64,0.98,1,-0.015,0.347,0.107,-0.012,-0.029,0.03,0.0,0.0,0.0,0.0,1.95,0.0,0.17,0.89,0.15,0.34,0.72,0.05,0.07,0.0,0.58,0.0,0.0,0.0,0.0,0.0,0.0,1.0,0.0,0.0,1.0,1.0,0.0,1.0,0.0,0.0,0.0,0.0,0.0,0.0,0.218603245458242,22.42231031807369,22.200900882621905
368,14.68,0.98,1,-0.017,0.324,0.096,-0.011,-0.029,0.04,0.05,0.0,0.0,0.0,2.29,0.0,0.19,0.9,0.21,0.45,0.76,0.05,0.0,0.02,0.53,0.0,0.0,0.0,0.0,0.0,0.0,1.0,0.0,0.0,1.0,1.0,0.0,1.0,0.0,0.0,0.0,0.0,0.0,0.0,0.20485883226390833,22.032702966272655,23.00347799790284
369,14.72,0.98,1,-0.019,0.328,0.098,-0.01,-0.031,0.01,0.05,0.0,0.0,0.0,2.26,0.0,0.24,0.92,0.25,0.52,0.76,0.14,0.03,0.09,0.58,0.0,0.0,0.0,0.0,0.0,0.0,1.0,0.0,0.0,1.0,1.0,0.0,1.0,0.0,0.0,0.0,0.0,0.0,0.0,0.2022832046087466,21.82773465112672,23.001956438529312
370,14.76,0.98,1,-0.019,0.329,0.092,-0.011,-0.029,0.0,0.05,0.0,0.0,0.0,2.44,0.0,0.16,0.92,0.24,0.57,0.79,0.11,0.08,0.09,0.58,0.0,0.0,0.0,0.0,0.0,0.0,1.0,0.0,0.0,1.0,1.0,0.0,1.0,0.0,0.0,0.0,0.0,0.0,0.0,0.2025839027478647,22.02271554554524,22.600884938426546
371,14.8,0.98,1,-0.022,0.327,0.091,-0.009,-0.03,0.0,0.0,0.0,0.0,0.0,2.33,0.0,0.19,0.96,0.32,0.55,0.88,0.15,0.19,0.07,0.55,0.0,0.0,0.0,0.0,0.0,0.0,1.0,0.0,0.0,1.0,1.0,0.0,1.0,0.0,0.0,0.0,0.0,0.0,0.0,0.20326318201345847,22.032702966272655,22.80197359879179
372,14.84,0.98,1,-0.021,0.315,0.081,-0.021,-0.021,0.0,0.0,0.0,0.07,0.0,2.4,0.0,0.22,0.95,0.4,0.52,0.92,0.06,0.16,0.07,0.53,0.0,0.0,0.0,0.0,0.0,0.0,1.0,0.0,0.0,1.0,1.0,0.0,1.0,0.0,0.0,0.0,0.0,0.0,0.0,0.21718176496633035,22.842942017174536,22.0081802973349
373,14.88,0.98,1,-0.007,0.324,0.091,-0.013,-0.03,0.0,0.0,0.0,0.07,0.0,2.35,0.0,0.29,0.94,0.48,0.44,0.92,0.13,0.11,0.1,0.5,0.0,0.0,0.0,0.0,0.0,0.0,1.0,0.0,0.0,1.0,1.0,0.0,1.0,0.0,0.0,0.0,0.0,0.0,0.0,0.22120460044243187,22.36470433517952,22.700000000000045
374,14.92,0.98,1,-0.011,0.323,0.091,-0.008,-0.033,0.0,0.0,0.0,0.07,0.0,2.29,0.0,0.33,0.91,0.51,0.39,0.87,0.21,0.09,0.12,0.42,0.0,0.0,0.0,0.0,0.0,0.0,1.0,0.0,0.0,1.0,1.0,0.0,1.0,0.0,0.0,0.0,0.0,0.0,0.0,0.22163595903631836,22.257582977493357,22.90087334579195
375,14.96,0.98,1,-0.017,0.309,0.084,-0.016,-0.025,0.0,0.0,0.0,0.0,0.0,2.32,0.0,0.34,0.91,0.47,0.37,0.86,0.28,0.09,0.05,0.35,0.0,0.0,0.0,0.0,0.0,0.0,1.0,0.0,0.0,1.0,1.0,0.0,1.0,0.0,0.0,0.0,0.0,0.0,0.0,0.22485784561916558,22.289908030317264,23.21055794245373
376,15.0,0.98,1,-0.003,0.309,0.081,-0.005,-0.031,0.0,0.0,0.0,0.0,0.0,2.24,0.0,0.36,0.94,0.55,0.38,0.91,0.24,0.09,0.04,0.4,0.2,0.0,0.0,0.0,0.0,0.0,1.0,0.0,0.0,1.0,1.0,0.0,1.0,0.0,0.0,0.0,0.0,0.0,0.0,0.22099894112993818,22.144299492194282,23.100216449202286
377,15.04,0.98,1,-0.021,0.331,0.076,-0.021,-0.024,0.35,0.1,0.0,0.0,0.0,1.98,0.0,0.4,1.04,0.65,0.35,0.9,0.23,0.0,0.13,0.41,1.01,0.0,0.0,0.0,0.0,0.0,1.0,0.0,0.0,1.0,1.0,0.0,1.0,0.0,0.0,0.0,0.0,0.0,0.0,0.2166128159332995,19.7205476597381,19.137659209004777
378,15.08,0.98,1,0.017,0.463,0.081,-0.023,-0.032,0.72,0.23,0.0,0.0,0.0,1.48,0.0,0.4,1.12,0.83,0.34,0.83,0.31,0.0,0.26,0.38,1.86,0.0,1.0,0.0,0.0,0.0,1.0,0.0,0.0,1.0,1.0,0.0,1.0,0.0,0.0,0.0,0.0,0.0,1.0,0.17116076189807977,15.8808060248842,20.09004728715191
379,15.12,0.98,1,-0.004,0.451,0.071,-0.022,-0.027,0.9,0.23,0.0,0.0,0.0,1.18,0.0,0.33,1.09,0.82,0.23,0.73,0.47,0.0,0.4,0.3,2.32,0.0,1.0,0.0,0.0,0.0,1.0,0.0,0.0,1.0,1.0,0.0,1.0,1.0,0.0,0.0,0.0,0.0,1.0,0.17217254115975372,16.62077013859466,20.38872237291974
380,15.16,0.98,1,-0.002,0.396,0.049,-0.014,-0.025,0.78,0.24,0.0,0.0,0.0,1.4,0.0,0.2,0.97,0.72,0.13,0.67,0.52,0.0,0.35,0.4,1.98,0.0,1.0,0.0,0.0,0.0,1.0,0.0,0.0,1.0,1.0,0.0,1.0,1.0,0.0,0.0,0.0,0.0,1.0,0.1720942060092151,15.925451327984486,20.678491240900662
381,15.2,0.98,1,-0.021,0.353,0.051,-0.006,-0.03,0.42,0.12,0.0,0.02,0.0,1.75,0.0,0.22,0.91,0.76,0.12,0.77,0.56,0.0,0.27,0.54,1.57,0.0,1.0,0.0,0.0,0.0,1.0,0.0,0.0,1.0,1.0,0.0,1.0,1.0,0.0,0.0,0.0,0.0,1.0,0.18323616391439643,17.210461934532546,18.92828571212931
382,15.24,0.98,1,0.01,0.335,0.067,-0.022,-0.025,0.38,0.2,0.0,0.02,0.0,2.02,0.0,0.2,0.91,0.77,0.1,0.78,0.53,0.0,0.11,0.61,1.34,0.0,1.0,0.0,0.0,0.0,1.0,0.0,0.0,1.0,1.0,0.0,1.0,1.0,0.0,0.0,0.0,0.0,1.0,0.20969286345066512,17.906981878585885,17.64794605612803
383,15.28,0.98,1,-0.018,0.339,0.061,-0.006,-0.032,0.14,0.09,0.0,0.02,0.04,2.16,0.0,0.28,0.93,0.77,0.16,0.83,0.54,0.0,0.07,0.63,0.97,0.0,1.0,0.0,0.0,0.0,1.0,0.0,0.0,1.0,1.0,0.0,1.0,1.0,0.0,0.0,0.0,0.0,1.0,0.18878331458906233,16.70269439342053,17.97136611390451
384,15.32,0.98,1,-0.025,0.322,0.058,-0.016,-0.029,0.26,0.11,0.0,0.08,0.04,2.25,0.0,0.26,0.88,0.59,0.15,0.8,0.5,0.0,0.02,0.6,0.66,0.0,1.0,0.0,0.0,0.0,1.0,0.0,0.0,1.0,1.0,0.0,1.0,0.0,0.0,0.0,0.0,0.0,0.0,0.18974017786408642,18.82153022471889,18.154062906137476
385,15.36,0.98,1,-0.026,0.329,0.063,-0.002,-0.033,0.13,0.02,0.0,0.08,0.04,2.3,0.0,0.31,0.87,0.54,0.18,0.9,0.4,0.0,0.03,0.55,0.32,0.0,0.0,0.0,0.0,0.0,1.0,0.0,0.0,1.0,1.0,0.0,1.0,0.0,0.0,0.0,0.0,0.0,0.0,0.18429041320289535,19.112822920751306,18.821530224718664
386,15.4,0.98,1,-0.03,0.325,0.058,-0.019,-0.027,0.25,0.03,0.0,0.08,0.01,2.28,0.0,0.31,0.84,0.46,0.16,0.88,0.32,0.0,0.09,0.44,0.22,0.0,0.0,0.0,0.0,0.0,1.0,0.0,0.0,1.0,1.0,0.0,1.0,0.0,0.0,0.0,0.0,0.0,0.0,0.20181749223829676,18.50432381904294,19.712432625122702
387,15.44,0.98,1,-0.028,0.32,0.061,-0.002,-0.035,0.15,0.0,0.0,0.0,0.01,2.41,0.0,0.26,0.86,0.36,0.09,0.96,0.19,0.0,0.18,0.44,0.14,0.0,0.0,0.0,0.0,0.0,1.0,0.0,0.0,1.0,1.0,0.0,1.0,0.0,0.0,0.0,0.0,0.0,0.0,0.1967413107033466,18.902380802428127,19.00657780874821
388,15.48,0.98,1,-0.03,0.341,0.07,-0.01,-0.016,0.35,0.0,0.0,0.0,0.03,2.6,0.0,0.32,0.9,0.39,0.04,0.9,0.29,0.0,0.22,0.56,0.06,0.0,0.0,0.0,0.0,0.0,1.0,0.0,0.0,1.0,1.0,0.0,1.0,0.0,0.0,0.0,0.0,0.0,0.0,0.18168658891739542,19.609181522949815,19.231484602078996
389,15.52,0.98,1,-0.033,0.318,0.064,-0.005,-0.027,0.32,0.02,0.0,0.0,0.02,2.55,0.0,0.22,0.92,0.35,0.02,1.01,0.3,0.0,0.13,0.65,0.06,0.0,0.0,0.0,0.0,0.0,1.0,0.0,0.0,1.0,1.0,0.0,1.0,0.0,0.0,0.0,0.0,0.0,0.0,0.19395565238119875,20.412006270820214,17.91368192192781
390,15.56,0.98,1,-0.054,0.326,0.068,-0.013,-0.014,0.41,0.02,0.0,0.0,0.02,2.42,0.0,0.24,0.96,0.36,0.02,0.97,0.32,0.0,0.07,0.7,0.0,0.0,0.0,0.0,0.0,0.0,1.0,0.0,0.0,1.0,1.0,0.0,1.0,0.0,0.0,0.0,0.0,0.0,0.0,0.2010007775493454,20.412006270819987,18.906612599828755
391,15.6,0.98,1,-0.043,0.304,0.065,-0.003,-0.029,0.24,0.02,0.0,0.0,0.0,2.2,0.0,0.08,0.92,0.21,0.02,1.04,0.13,0.02,0.06,0.63,0.02,0.0,0.0,0.0,0.0,0.0,1.0,0.0,0.0,1.0,1.0,0.0,1.0,0.0,0.0,0.0,0.0,0.0,0.0,0.22520756639464318,21.111608181282776,18.602419197513132
392,15.64,0.98,1,-0.063,0.327,0.072,-0.01,-0.014,0.25,0.0,0.0,0.0,0.0,2.27,0.02,0.11,0.9,0.23,0.0,0.95,0.07,0.02,0.1,0.6,0.07,0.0,0.0,0.0,0.0,0.0,1.0,0.0,0.0,1.0,1.0,0.0,1.0,0.0,0.0,0.0,0.0,0.0,0.0,0.20435423831174113,21.10023696549415,19.104188022525236
393,15.68,0.98,1,-0.061,0.314,0.069,0.005,-0.031,0.11,0.0,0.0,0.0,0.0,2.12,0.02,0.04,0.88,0.24,0.0,1.01,0.02,0.1,0.16,0.51,0.07,0.0,0.0,0.0,0.0,0.0,0.0,0.0,0.0,1.0,1.0,0.0,1.0,0.0,0.0,0.0,0.0,0.0,0.0,0.1998696693650433,21.60370338622515,20.300985197768068
394,15.72,0.98,1,-0.066,0.309,0.07,-0.001,-0.016,0.13,0.0,0.0,0.0,0.0,2.19,0.02,0.05,0.87,0.18,0.0,0.93,0.02,0.15,0.16,0.61,0.06,0.0,0.0,0.0,0.0,0.0,0.0,0.0,0.0,1.0,1.0,0.0,1.0,0.0,0.0,0.0,0.0,0.0,0.0,0.19895795087337093,22.500888871331284,20.00224987345174
395,15.76,0.98,1,-0.074,0.308,0.071,-0.0,-0.01,0.05,0.0,0.0,0.0,0.0,2.2,0.0,0.0,0.85,0.08,0.0,1.04,0.04,0.24,0.12,0.78,0.0,0.0,0.0,0.0,0.0,0.0,0.0,0.0,0.0,1.0,1.0,0.0,1.0,0.0,0.0,0.0,0.0,0.0,0.0,0.19782246571305928,22.50022222112484,20.503902067655318
396,15.8,0.98,1,-0.072,0.309,0.07,0.001,-0.009,0.05,0.0,0.0,0.0,0.0,2.39,0.0,0.0,0.83,0.0,0.02,1.07,0.09,0.27,0.03,0.85,0.0,0.0,0.0,0.0,0.0,0.0,0.0,0.0,0.0,1.0,1.0,0.0,1.0,0.0,0.0,0.0,0.0,0.0,0.0,0.1930628145204135,22.900218339570568,19.90100499974822
397,15.84,0.98,1,-0.082,0.318,0.071,0.001,-0.008,0.01,0.0,0.0,0.0,0.0,2.39,0.0,0.0,0.86,0.06,0.05,1.22,0.19,0.26,0.04,0.82,0.0,0.0,0.0,0.0,0.0,0.0,0.0,0.0,0.0,1.0,1.0,0.0,1.0,0.0,0.0,0.0,0.0,0.0,0.0,0.19470807869942075,22.700220263248593,19.804039991880398
398,15.88,0.98,1,-0.087,0.293,0.065,-0.002,-0.008,0.0,0.02,0.0,0.0,0.0,2.37,0.0,0.0,0.86,0.08,0.13,1.16,0.33,0.3,0.04,0.74,0.0,0.0,0.0,0.0,0.0,0.0,0.0,0.0,0.0,1.0,1.0,0.0,1.0,0.0,0.0,0.0,0.0,0.0,0.0,0.22911210488134742,22.21823575354267,19.50230755577401
399,15.92,0.98,1,-0.074,0.327,0.08,0.009,-0.014,0.0,0.07,0.0,0.0,0.0,2.24,0.0,0.0,0.84,0.15,0.18,1.11,0.44,0.29,0.06,0.78,0.0,0.0,0.0,0.0,0.0,0.0,0.0,0.0,0.0,1.0,1.0,0.0,1.0,0.0,0.0,0.0,0.0,0.0,0.0,0.19889193545416511,22.205629916757644,20.00399960007998
400,15.96,0.98,1,-0.088,0.323,0.081,0.007,-0.014,0.03,0.08,0.0,0.0,0.01,2.06,0.02,0.0,0.78,0.09,0.21,1.01,0.46,0.31,0.1,0.78,0.11,0.0,0.0,0.0,0.0,0.0,1.0,0.0,0.0,1.0,1.0,0.0,1.0,0.0,0.0,0.0,0.0,0.0,0.0,0.2156704090139241,21.814673960433105,19.90401969452411
401,16.0,0.98,1,-0.102,0.311,0.081,0.013,-0.014,0.03,0.06,0.0,0.0,0.01,1.76,0.02,0.0,0.75,0.11,0.13,1.0,0.45,0.27,0.17,0.72,0.19,0.0,0.0,0.0,0.0,0.0,1.0,0.0,0.0,1.0,1.0,0.0,1.0,0.0,0.0,0.0,0.0,0.0,0.0,0.20775751554111996,22.600884938426546,19.8002525236424
402,16.04,0.98,1,-0.082,0.312,0.08,0.016,-0.017,0.03,0.01,0.0,0.0,0.01,1.63,0.02,0.0,0.71,0.07,0.06,0.92,0.42,0.29,0.29,0.71,0.19,0.0,0.0,0.0,0.0,0.0,1.0,0.0,0.0,1.0,1.0,0.0,1.0,0.0,0.0,0.0,0.0,0.0,0.0,0.2037123958976141,21.000238093888363,19.40025773024687
403,16.08,0.98,1,-0.045,0.311,0.084,0.019,-0.019,0.01,0.01,0.0,0.0,0.0,1.68,0.0,0.0,0.7,0.07,0.0,0.85,0.37,0.32,0.26,0.66,0.08,0.0,0.0,0.0,0.0,0.0,1.0,0.0,0.0,1.0,1.0,0.0,1.0,0.0,0.0,0.0,0.0,0.0,0.0,0.20423201597753243,20.706037766796474,21.30586773637718
404,16.12,0.98,1,-0.044,0.298,0.077,0.021,-0.016,0.01,0.01,0.0,0.0,0.0,1.94,0.0,0.0,0.7,0.03,0.0,0.88,0.31,0.37,0.19,0.64,0.0,0.0,0.0,0.0,0.0,0.0,1.0,0.0,0.0,1.0,1.0,0.0,1.0,0.0,0.0,0.0,0.0,0.0,0.0,0.20641829410638776,21.6113396160443,21.80206412246322
405,16.16,0.98,1,-0.048,0.299,0.072,0.021,-0.016,0.01,0.01,0.0,0.0,0.0,1.95,0.0,0.0,0.7,0.0,0.04,0.91,0.24,0.39,0.08,0.62,0.0,0.0,0.0,0.0,0.0,0.0,1.0,0.0,0.0,1.0,1.0,0.0,1.0,0.0,0.0,0.0,0.0,0.0,0.0,0.20814326914827763,21.30586773637718,22.09999999999991
406,16.2,0.98,1,-0.046,0.3,0.074,0.022,-0.018,0.0,0.0,0.0,0.0,0.0,1.78,0.0,0.0,0.72,0.0,0.11,0.91,0.23,0.39,0.03,0.6,0.0,0.0,0.0,0.0,0.0,0.0,1.0,0.0,0.0,1.0,1.0,0.0,1.0,0.0,0.0,0.0,0.0,0.0,0.0,0.2043096817691275,21.90365266342566,22.20022522408257
407,16.24,0.98,1,-0.042,0.299,0.067,0.019,-0.017,0.0,0.01,0.0,0.0,0.0,1.62,0.0,0.0,0.69,0.0,0.22,0.88,0.27,0.37,0.03,0.59,0.0,0.0,0.0,0.0,0.0,0.0,0.0,0.0,0.0,1.0,1.0,0.0,1.0,0.0,0.0,0.0,0.0,0.0,0.0,0.20140054057337853,22.10203610530048,22.000909072126998
408,16.28,0.98,1,-0.045,0.297,0.071,0.02,-0.02,0.0,0.01,0.0,0.0,0.0,1.63,0.0,0.0,0.68,0.02,0.25,0.93,0.33,0.37,0.01,0.54,0.0,0.0,0.0,0.0,0.0,0.0,0.0,0.0,0.0,1.0,1.0,0.0,1.0,0.0,0.0,0.0,0.0,0.0,0.0,0.20624454426653882,22.303587155433046,21.902054698132638
409,16.32,0.98,1,-0.044,0.3,0.066,0.016,-0.021,0.0,0.04,0.0,0.0,0.0,1.58,0.0,0.0,0.66,0.09,0.21,0.96,0.38,0.39,0.01,0.52,0.0,0.0,0.0,0.0,0.0,0.0,0.0,0.0,0.0,1.0,1.0,0.0,1.0,0.0,0.0,0.0,0.0,0.0,0.0,0.2046227168449036,21.60370338622515,22.10090495884741
410,16.36,0.98,1,-0.041,0.297,0.068,0.018,-0.025,0.0,0.04,0.0,0.0,0.0,1.45,0.0,0.0,0.7,0.09,0.09,0.9,0.32,0.36,0.07,0.55,0.0,0.0,0.0,0.0,0.0,0.0,0.0,0.0,0.0,1.0,1.0,0.0,1.0,0.0,0.0,0.0,0.0,0.0,0.0,0.20542243903710272,21.80825531765455,22.40022321317366
411,16.4,0.98,1,-0.041,0.302,0.068,0.021,-0.026,0.0,0.03,0.0,0.0,0.0,1.34,0.0,0.0,0.7,0.06,0.1,0.79,0.31,0.33,0.07,0.58,0.0,0.0,0.0,0.0,0.0,0.0,0.0,0.0,0.0,1.0,1.0,0.0,1.0,0.0,0.0,0.0,0.0,0.0,0.0,0.20190835041539662,22.103619613086135,21.400233643584453
412,16.44,0.98,1,-0.045,0.298,0.064,0.023,-0.027,0.0,0.0,0.0,0.07,0.0,1.34,0.0,0.0,0.68,0.0,0.11,0.74,0.36,0.34,0.07,0.58,0.0,0.0,0.0,0.0,0.0,0.0,0.0,0.0,0.0,1.0,1.0,0.0,1.0,0.0,0.0,0.0,0.0,0.0,0.0,0.20280701069830664,22.5055548698538,22.400892839348924
413,16.48,0.98,1,-0.051,0.297,0.062,0.025,-0.028,0.0,0.0,0.0,0.07,0.0,1.42,0.0,0.0,0.64,0.0,0.18,0.78,0.44,0.32,0.02,0.49,0.0,0.0,0.0,0.0,0.0,0.0,0.0,0.0,0.0,1.0,1.0,0.0,1.0,0.0,0.0,0.0,0.0,0.0,0.0,0.20456399224972296,22.305604676851914,22.20202693449411
414,16.52,0.98,1,-0.053,0.299,0.062,0.028,-0.03,0.06,0.03,0.0,0.07,0.0,1.41,0.0,0.0,0.64,0.09,0.22,0.86,0.48,0.3,0.11,0.52,0.0,0.0,0.0,0.0,0.0,0.0,0.0,0.0,0.0,1.0,1.0,0.0,1.0,0.0,0.0,0.0,0.0,0.0,0.0,0.2032619036537474,22.80789337049781,22.100226243185748
415,16.56,0.98,1,-0.053,0.303,0.066,0.031,-0.031,0.06,0.03,0.0,0.0,0.0,1.41,0.0,0.0,0.62,0.12,0.23,0.88,0.51,0.3,0.23,0.6,0.0,0.0,0.0,0.0,0.0,0.0,0.0,0.0,0.0,1.0,1.0,0.0,1.0,1.0,0.0,0.0,0.0,0.0,0.0,0.1994990167514919,22.810743083029934,22.799999999999955
416,16.6,0.98,1,-0.058,0.301,0.058,0.034,-0.029,0.11,0.13,0.0,0.0,0.0,1.31,0.0,0.0,0.58,0.17,0.27,0.9,0.52,0.34,0.3,0.69,0.0,0.0,0.0,0.0,0.0,0.0,0.0,0.0,0.0,1.0,1.0,0.0,1.0,1.0,0.0,0.0,0.0,0.0,0.0,0.1953196283482123,22.405579662218162,22.200225224082796
417,16.64,0.98,1,-0.057,0.305,0.066,0.035,-0.029,0.1,0.2,0.0,0.0,0.0,1.25,0.0,0.0,0.54,0.14,0.24,0.94,0.58,0.4,0.24,0.69,0.0,0.0,0.0,0.0,0.0,0.0,0.0,0.0,0.0,1.0,1.0,0.0,1.0,1.0,0.0,0.0,0.0,0.0,0.0,0.1990852346659453,22.805481797146886,23.00195643852931
418,16.68,0.98,1,-0.059,0.304,0.068,0.034,-0.029,0.09,0.2,0.0,0.0,0.0,1.24,0.0,0.0,0.52,0.11,0.26,0.91,0.56,0.41,0.17,0.64,0.09,0.0,0.0,0.0,0.0,0.0,0.0,0.0,0.0,1.0,1.0,0.0,1.0,1.0,0.0,0.0,0.0,0.0,0.0,0.2001377322469919,23.005434140654682,22.80197359879179
419,16.72,0.98,1,-0.099,0.293,0.057,0.03,-0.031,0.05,0.1,0.0,0.0,0.0,1.3,0.0,0.0,0.53,0.06,0.22,0.91,0.62,0.42,0.07,0.64,0.11,0.0,0.0,0.0,0.0,0.0,0.0,0.0,0.0,1.0,1.0,0.0,1.0,1.0,0.0,0.0,0.0,0.0,0.0,0.19753503433344957,23.40192299790776,20.00224987345174
420,16.76,0.98,1,-0.1,0.3,0.068,0.031,-0.035,0.0,0.0,0.0,0.0,0.0,1.5,0.0,0.0,0.54,0.03,0.19,0.88,0.56,0.41,0.14,0.7,0.11,0.0,0.0,0.0,0.0,0.0,0.0,0.0,0.0,1.0,1.0,0.0,1.0,1.0,0.0,0.0,0.0,0.0,0.0,0.19706627632862947,23.800210083106364,19.60025510038062
421,16.8,0.98,1,-0.099,0.287,0.057,0.032,-0.033,0.04,0.0,0.0,0.0,0.0,1.69,0.0,0.0,0.55,0.16,0.18,1.0,0.58,0.38,0.15,0.71,0.03,0.0,0.0,0.0,0.0,0.0,1.0,0.0,0.0,1.0,1.0,0.0,1.0,1.0,0.0,0.0,0.0,0.0,0.0,0.19644895325788428,24.0,19.901004999747993
422,16.84,0.98,1,-0.098,0.296,0.067,0.035,-0.038,0.04,0.0,0.0,0.04,0.0,1.91,0.0,0.0,0.51,0.19,0.15,0.98,0.55,0.39,0.23,0.7,0.05,0.0,0.0,0.0,0.0,0.0,1.0,0.0,0.0,1.0,1.0,0.0,1.0,1.0,0.0,0.0,0.0,0.0,0.0,0.1956471677370309,24.09999999999991,19.800252523642172
423,16.88,0.98,1,-0.108,0.292,0.06,0.037,-0.038,0.08,0.0,0.0,0.08,0.0,2.01,0.0,0.0,0.49,0.27,0.11,0.95,0.59,0.33,0.18,0.6,0.06,0.0,0.0,0.0,0.0,0.0,1.0,0.0,0.0,1.0,1.0,0.0,1.0,1.0,0.0,0.0,0.0,0.0,0.0,0.1940635137191255,23.100000000000136,19.40025773024687
424,16.92,0.98,1,-0.107,0.29,0.064,0.041,-0.04,0.04,0.0,0.0,0.25,0.0,2.09,0.0,0.0,0.46,0.17,0.09,0.86,0.58,0.34,0.19,0.7,0.06,0.0,0.0,0.0,0.0,0.0,1.0,0.0,0.0,1.0,1.0,0.0,1.0,1.0,0.0,0.0,0.0,0.0,0.0,0.20021949098610192,23.200215516240405,19.204166214652535
425,16.96,0.98,1,-0.111,0.289,0.06,0.044,-0.042,0.04,0.0,0.0,0.21,0.05,2.19,0.0,0.0,0.48,0.16,0.05,0.97,0.54,0.37,0.18,0.76,0.01,0.0,0.0,0.0,0.0,0.0,1.0,0.0,0.0,1.0,1.0,0.0,1.0,1.0,0.0,0.0,0.0,0.0,0.0,0.19678824219144767,23.700000000000045,18.7130970178643
426,17.0,0.98,1,-0.125,0.283,0.057,0.046,-0.044,0.0,0.0,0.0,0.17,0.05,2.29,0.0,0.0,0.48,0.07,0.02,1.01,0.58,0.46,0.13,0.8,0.0,0.0,0.0,0.0,0.0,0.0,1.0,0.0,0.0,1.0,1.0,0.0,1.0,1.0,0.0,0.0,0.0,0.0,0.0,0.20623692748598632,23.200215516240405,19.604081207748575
427,17.04,0.98,1,-0.123,0.29,0.061,0.047,-0.046,0.0,0.0,0.0,0.0,0.09,2.35,0.0,0.0,0.47,0.04,0.0,1.08,0.6,0.51,0.08,0.73,0.0,0.0,0.0,0.0,0.0,0.0,1.0,0.0,0.0,1.0,1.0,0.0,1.0,1.0,0.0,0.0,0.0,0.0,0.0,0.19975862847902376,23.500851048419502,19.509228585467046
428,17.08,0.98,1,-0.11,0.286,0.057,0.046,-0.048,0.0,0.0,0.0,0.0,0.07,2.35,0.0,0.0,0.48,0.02,0.0,1.03,0.62,0.52,0.04,0.66,0.0,0.0,0.0,0.0,0.0,0.0,1.0,0.0,0.0,1.0,1.0,0.0,1.0,1.0,0.0,0.0,0.0,0.0,0.0,0.20402458189549788,23.600211863455712,18.821530224718664
429,17.12,0.98,1,-0.111,0.289,0.063,0.047,-0.053,0.0,0.01,0.0,0.0,0.07,2.39,0.0,0.0,0.47,0.04,0.0,0.99,0.6,0.5,0.09,0.59,0.0,0.0,0.0,0.0,0.0,0.0,1.0,0.0,0.0,1.0,1.0,0.0,1.0,1.0,0.0,0.0,0.0,0.0,0.0,0.20431841994649574,23.801890681204252,19.112822920751306
430,17.16,0.98,1,-0.108,0.285,0.061,0.048,-0.057,0.0,0.01,0.0,0.0,0.03,2.3,0.0,0.0,0.47,0.14,0.0,0.97,0.65,0.48,0.09,0.65,0.05,0.0,0.0,0.0,0.0,0.0,1.0,0.0,0.0,1.0,1.0,0.0,1.0,1.0,0.0,0.0,0.0,0.0,0.0,0.20312267202210613,23.303433223454388,19.02130384595126
431,17.2,0.98,1,-0.094,0.284,0.06,0.051,-0.058,0.0,0.01,0.0,0.0,0.0,2.09,0.0,0.0,0.47,0.23,0.0,0.91,0.74,0.41,0.08,0.67,0.07,0.0,0.0,0.0,0.0,0.0,0.0,0.0,0.0,1.0,1.0,0.0,1.0,1.0,0.0,0.0,0.0,0.0,0.0,0.20177992878550743,22.910696191953754,19.53100099841264
432,17.24,0.98,1,-0.083,0.282,0.059,0.053,-0.058,0.02,0.0,0.0,0.0,0.01,1.95,0.0,0.0,0.48,0.22,0.0,0.92,0.75,0.39,0.1,0.82,0.07,0.0,0.0,0.0,0.0,0.0,0.0,0.0,0.0,1.0,1.0,0.0,1.0,1.0,0.0,0.0,0.0,0.0,0.0,0.20395452792665758,23.41046774415249,20.120139164528567
433,17.28,0.98,1,-0.085,0.285,0.066,0.055,-0.057,0.02,0.0,0.0,0.0,0.01,1.92,0.0,0.0,0.5,0.16,0.0,0.84,0.75,0.37,0.11,0.72,0.03,0.0,0.0,0.0,0.0,0.0,0.0,0.0,0.0,1.0,1.0,0.0,1.0,1.0,0.0,0.0,0.0,0.0,0.0,0.2037963185836748,23.617154782064574,20.529490982486635
434,17.32,0.98,1,-0.089,0.279,0.055,0.052,-0.052,0.02,0.0,0.0,0.0,0.01,2.08,0.0,0.0,0.56,0.19,0.0,0.84,0.67,0.4,0.1,0.68,0.0,0.0,0.0,0.0,0.0,0.0,0.0,0.0,0.0,1.0,1.0,0.0,1.0,1.0,0.0,0.0,0.0,0.0,0.0,0.20187535277892235,23.31372986032046,21.015232570685594
435,17.36,0.98,1,-0.107,0.239,0.053,0.051,-0.048,0.02,0.04,0.0,0.0,0.0,2.08,0.0,0.0,0.63,0.27,0.0,0.78,0.72,0.44,0.02,0.52,0.0,0.0,0.0,0.0,0.0,0.0,0.0,0.0,0.0,1.0,1.0,0.0,1.0,1.0,0.0,0.0,0.0,0.0,0.0,0.24286824380185815,22.21823575354267,20.503902067655318
436,17.4,0.98,1,-0.088,0.276,0.062,0.052,-0.047,0.02,0.04,0.0,0.0,0.0,2.08,0.0,0.0,0.76,0.32,0.0,0.83,0.72,0.37,0.0,0.44,0.0,0.0,0.0,0.0,0.0,0.0,1.0,0.0,0.0,1.0,1.0,0.0,1.0,1.0,0.0,0.0,0.0,0.0,0.0,0.2043979473383663,22.91069619195375,21.003809178337153
437,17.44,0.98,1,-0.089,0.269,0.07,0.05,-0.05,0.05,0.04,0.0,0.01,0.03,2.13,0.0,0.0,0.82,0.25,0.0,0.83,0.72,0.34,0.0,0.38,0.0,0.0,0.0,0.0,0.0,0.0,1.0,0.0,0.0,1.0,1.0,0.0,1.0,0.0,0.0,0.0,0.0,0.0,0.0,0.2266731713648527,23.41046774415226,20.31994094479614
438,17.48,0.98,1,-0.09,0.284,0.073,0.053,-0.052,0.03,0.0,0.0,0.01,0.08,2.22,0.0,0.0,0.9,0.18,0.0,0.82,0.63,0.29,0.01,0.36,0.0,0.0,0.0,0.0,0.0,0.0,1.0,0.0,0.0,1.0,1.0,0.0,1.0,0.0,0.0,0.0,0.0,0.0,0.0,0.20343275659694066,22.91069619195375,22.005681084665387
439,17.52,0.98,1,-0.089,0.294,0.073,0.054,-0.05,0.03,0.0,0.0,0.01,0.13,2.27,0.0,0.0,0.9,0.24,0.0,0.94,0.59,0.33,0.01,0.44,0.0,0.0,0.0,0.0,0.0,0.0,1.0,0.0,0.0,1.0,1.0,0.0,1.0,0.0,0.0,0.0,0.0,0.0,0.0,0.20338720478800415,23.210557942453505,21.41144553737554
440,17.56,0.98,1,-0.08,0.288,0.081,0.053,-0.05,0.0,0.0,0.0,0.03,0.17,2.24,0.0,0.0,0.91,0.38,0.0,1.1,0.55,0.38,0.06,0.45,0.0,0.0,0.0,0.0,0.0,0.0,1.0,0.0,0.0,1.0,1.0,0.0,1.0,0.0,0.0,0.0,0.0,0.0,0.0,0.20826514099730636,23.107790893982187,21.203773249117646
441,17.6,0.98,1,-0.083,0.301,0.084,0.051,-0.049,0.0,0.0,0.0,0.03,0.16,2.15,0.0,0.0,0.9,0.62,0.0,1.28,0.53,0.38,0.05,0.48,0.0,0.0,0.0,0.0,0.0,0.0,1.0,0.0,0.0,1.0,1.0,0.0,1.0,0.0,0.0,0.0,0.0,0.0,0.0,0.2015541822990296,23.10541062175711,21.503720608304043
442,17.64,0.98,1,-0.082,0.3,0.088,0.05,-0.047,0.05,0.01,0.0,0.03,0.12,2.1,0.0,0.0,0.91,0.68,0.0,1.29,0.43,0.36,0.06,0.4,0.0,0.0,0.0,0.0,0.0,0.0,1.0,0.0,0.0,1.0,1.0,0.0,1.0,0.0,0.0,0.0,0.0,0.0,0.0,0.20154530456663583,23.305364189387998,21.602083232873767
443,17.68,0.98,1,-0.083,0.281,0.089,0.049,-0.045,0.05,0.01,0.0,0.0,0.08,2.05,0.0,0.0,0.89,0.7,0.0,1.23,0.44,0.33,0.01,0.44,0.0,0.0,0.0,0.0,0.0,0.0,1.0,0.0,0.0,1.0,1.0,0.0,1.0,0.0,0.0,0.0,0.0,0.0,0.0,0.22108675241232265,23.405341270744255,21.311499243366196
444,17.72,0.98,1,-0.081,0.299,0.084,0.049,-0.041,0.05,0.01,0.0,0.0,0.05,2.04,0.0,0.0,0.89,0.6,0.0,1.13,0.52,0.37,0.01,0.44,0.0,0.0,0.0,0.0,0.0,0.0,1.0,0.0,0.0,1.0,1.0,0.0,1.0,0.0,0.0,0.0,0.0,0.0,0.0,0.2014858218542141,23.50531854708632,21.705759604307726
445,17.76,0.98,1,-0.076,0.302,0.09,0.049,-0.039,0.0,0.0,0.0,0.0,0.04,2.04,0.0,0.0,0.88,0.55,0.0,1.06,0.57,0.45,0.0,0.48,0.0,0.0,0.0,0.0,0.0,0.0,1.0,0.0,0.0,1.0,1.0,0.0,1.0,0.0,0.0,0.0,0.0,0.0,0.0,0.20333615253548296,23.50531854708632,22.00363606315999
446,17.8,0.98,1,-0.077,0.298,0.085,0.048,-0.033,0.0,0.0,0.0,0.08,0.04,1.76,0.0,0.0,0.88,0.48,0.02,1.03,0.54,0.49,0.0,0.45,0.0,0.0,0.0,0.0,0.0,0.0,1.0,0.0,0.0,1.0,1.0,0.0,1.0,0.0,0.0,0.0,0.0,0.0,0.0,0.20627129435482872,22.605530296810024,21.40093455903256
447,17.84,0.98,1,-0.075,0.28,0.085,0.045,-0.029,0.0,0.0,0.0,0.08,0.06,1.58,0.0,0.0,0.88,0.39,0.02,1.05,0.47,0.51,0.09,0.41,0.0,0.0,0.0,0.0,0.0,0.0,1.0,0.0,0.0,1.0,1.0,0.0,1.0,1.0,0.0,0.0,0.0,0.0,0.0,0.21609711806026577,22.703523955544693,21.50209292138791
448,17.88,0.98,1,-0.08,0.27,0.078,0.044,-0.025,0.0,0.0,0.0,0.08,0.06,1.44,0.0,0.0,0.87,0.3,0.02,1.08,0.46,0.49,0.18,0.44,0.0,0.0,0.0,0.0,0.0,0.0,1.0,0.0,0.0,1.0,1.0,0.0,1.0,1.0,0.0,0.0,0.0,0.0,0.0,0.22390372583505525,23.105410621756885,21.40373799129486
449,17.92,0.98,1,-0.098,0.264,0.073,0.04,-0.026,0.01,0.0,0.0,0.0,0.02,1.57,0.0,0.0,0.9,0.35,0.0,1.14,0.55,0.48,0.29,0.44,0.0,0.0,0.0,0.0,0.0,0.0,1.0,0.0,0.0,1.0,1.0,0.0,1.0,1.0,0.0,0.0,0.0,0.0,0.0,0.23237256753914082,23.107790893981964,20.500975586542104
450,17.96,0.98,1,-0.093,0.264,0.076,0.038,-0.026,0.01,0.0,0.0,0.01,0.03,1.58,0.0,0.0,0.91,0.44,0.0,1.15,0.7,0.51,0.27,0.49,0.0,0.0,0.0,0.0,0.0,0.0,1.0,0.0,0.0,1.0,1.0,0.0,1.0,1.0,0.0,0.0,0.0,0.0,0.0,0.23538325747400435,23.203448019636898,20.60218435020899
451,18.0,0.98,1,-0.087,0.266,0.071,0.039,-0.024,0.01,0.0,0.0,0.01,0.06,1.55,0.0,0.0,0.96,0.51,0.0,1.19,0.84,0.5,0.23,0.44,0.0,0.0,0.0,0.0,0.0,0.0,1.0,0.0,0.0,1.0,1.0,0.0,1.0,1.0,0.0,0.0,0.0,0.0,0.0,0.23075218111817244,22.80087717610877,20.50390206765543
452,18.04,0.98,1,-0.088,0.267,0.073,0.037,-0.026,0.0,0.0,0.0,0.01,0.06,1.43,0.0,0.0,0.95,0.49,0.0,1.2,0.91,0.53,0.15,0.43,0.0,0.0,0.0,0.0,0.0,0.0,0.0,0.0,0.0,1.0,1.0,0.0,1.0,1.0,0.0,0.0,0.0,0.0,0.0,0.2331499425594562,22.70352395554492,20.60606706773531
453,18.08,0.98,1,-0.096,0.244,0.062,0.036,-0.025,0.0,0.0,0.0,0.0,0.04,1.34,0.0,0.0,0.93,0.52,0.0,1.29,0.81,0.52,0.15,0.44,0.0,0.0,0.0,0.0,0.0,0.0,0.0,0.0,0.0,1.0,1.0,0.0,1.0,1.0,0.0,0.0,0.0,0.0,0.0,0.24593004515171335,22.403571143904806,20.602184350209104
454,18.12,0.98,1,-0.094,0.242,0.063,0.034,-0.026,0.0,0.0,0.0,0.0,0.0,1.3,0.0,0.0,0.87,0.48,0.0,1.31,0.78,0.56,0.17,0.44,0.0,0.0,0.0,0.0,0.0,0.0,0.0,0.0,0.0,1.0,1.0,0.0,1.0,1.0,0.0,0.0,0.0,0.0,0.0,0.24219517965193071,23.603389587090998,20.403921191770934
455,18.16,0.98,1,-0.099,0.235,0.057,0.034,-0.024,0.0,0.0,0.0,0.0,0.0,1.29,0.0,0.0,0.85,0.42,0.0,1.29,0.75,0.58,0.19,0.46,0.0,0.0,0.0,0.0,0.0,0.0,0.0,0.0,0.0,1.0,1.0,0.0,1.0,1.0,0.0,0.0,0.0,0.0,0.0,0.2430604258514923,22.603539545832106,20.90215299915296
456,18.2,0.98,1,-0.092,0.241,0.057,0.033,-0.024,0.0,0.0,0.0,0.0,0.0,1.31,0.0,0.0,0.85,0.39,0.02,1.27,0.84,0.6,0.19,0.47,0.0,0.0,0.0,0.0,0.0,0.0,0.0,0.0,0.0,1.0,1.0,0.0,1.0,1.0,0.0,0.0,0.0,0.0,0.0,0.244175333939569,22.50199991111901,20.902152999152957
457,18.24,0.98,1,-0.098,0.24,0.06,0.034,-0.026,0.0,0.0,0.0,0.0,0.0,1.28,0.0,0.0,0.88,0.43,0.02,1.29,0.83,0.59,0.18,0.53,0.0,0.0,0.0,0.0,0.0,0.0,0.0,0.0,0.0,1.0,1.0,0.0,1.0,0.0,0.0,0.0,0.0,0.0,0.0,0.24513908433093756,23.103462943896663,21.003809178337036
458,18.28,0.98,1,-0.096,0.24,0.061,0.034,-0.027,0.0,0.0,0.0,0.0,0.0,1.36,0.0,0.0,0.89,0.46,0.02,1.31,0.78,0.55,0.18,0.52,0.0,0.0,0.0,0.0,0.0,0.0,0.0,0.0,0.0,1.0,1.0,0.0,1.0,0.0,0.0,0.0,0.0,0.0,0.0,0.24526702454480837,23.30193125043497,21.1059233391957
459,18.32,0.98,1,-0.113,0.241,0.066,0.034,-0.027,0.0,0.0,0.0,0.0,0.0,1.53,0.0,0.0,0.88,0.33,0.0,1.26,0.75,0.51,0.2,0.52,0.0,0.0,0.0,0.0,0.0,0.0,1.0,0.0,0.0,1.0,1.0,0.0,1.0,0.0,0.0,0.0,0.0,0.0,0.0,0.24113027861291148,23.30193125043497,20.403921191771047
460,18.36,0.98,1,-0.11,0.251,0.063,0.033,-0.022,0.0,0.0,0.0,0.0,0.0,1.59,0.0,0.0,0.82,0.25,0.0,1.21,0.65,0.49,0.2,0.52,0.0,0.0,0.0,0.0,0.0,0.0,1.0,0.0,0.0,1.0,1.0,0.0,1.0,0.0,0.0,0.0,0.0,0.0,0.0,0.23639368061750676,23.5,20.300246303924446
461,18.4,0.98,1,-0.111,0.254,0.065,0.031,-0.021,0.0,0.0,0.0,0.0,0.04,1.66,0.0,0.0,0.83,0.25,0.01,1.18,0.68,0.5,0.15,0.58,0.0,0.0,0.0,0.0,0.0,0.0,1.0,0.0,0.0,1.0,1.0,0.0,1.0,0.0,0.0,0.0,0.0,0.0,0.0,0.23305139151801713,23.700210969525187,20.300246303924446
462,18.44,0.98,1,-0.107,0.27,0.069,0.03,-0.021,0.0,0.0,0.0,0.0,0.07,1.75,0.0,0.0,0.86,0.25,0.01,1.12,0.55,0.53,0.16,0.61,0.0,0.0,0.0,0.0,0.0,0.0,1.0,0.0,0.0,1.0,1.0,0.0,1.0,0.0,0.0,0.0,0.0,0.0,0.0,0.21862353516469935,23.700210969525187,20.700241544484495
463,18.48,0.98,1,-0.115,0.27,0.07,0.03,-0.02,0.0,0.0,0.0,0.0,0.07,1.87,0.0,0.0,0.89,0.24,0.01,1.09,0.46,0.57,0.15,0.59,0.0,0.0,0.0,0.0,0.0,0.0,0.0,0.0,0.0,1.0,1.0,0.0,1.0,0.0,0.0,0.0,0.0,0.0,0.0,0.21903920825872533,23.80336110720519,20.803845798313304
464,18.52,0.98,1,-0.119,0.261,0.068,0.029,-0.02,0.0,0.0,0.0,0.0,0.04,1.93,0.0,0.0,0.88,0.16,0.03,1.11,0.36,0.6,0.18,0.59,0.0,0.0,0.0,0.0,0.0,0.0,0.0,0.0,0.0,1.0,1.0,0.0,1.0,0.0,0.0,0.0,0.0,0.0,0.0,0.22522071625624962,24.3008230313298,20.300246303924446
465,18.56,0.98,1,-0.121,0.253,0.065,0.027,-0.019,0.0,0.0,0.0,0.0,0.01,1.81,0.0,0.0,0.85,0.23,0.04,1.11,0.44,0.56,0.16,0.65,0.0,0.0,0.0,0.0,0.0,0.0,0.0,0.0,0.0,1.0,1.0,0.0,1.0,0.0,0.0,0.0,0.0,0.0,0.0,0.23389296021348305,24.20020661068831,20.199999999999818
466,18.6,0.98,1,-0.121,0.252,0.067,0.024,-0.02,0.15,0.0,0.0,0.0,0.01,1.61,0.0,0.0,0.81,0.34,0.11,1.08,0.5,0.43,0.12,0.58,0.5,0.0,0.0,0.0,0.0,0.0,0.0,0.0,0.0,1.0,1.0,0.0,1.0,0.0,0.0,0.0,0.0,0.0,0.0,0.2310330829679562,24.00187492676353,20.399999999999864
467,18.64,0.98,1,-0.024,0.391,0.055,0.021,-0.014,0.4,0.0,0.0,0.0,0.0,1.07,0.0,0.0,0.84,0.48,0.1,1.0,0.57,0.23,0.18,0.5,1.17,0.0,0.0,0.0,0.0,0.0,0.0,0.0,0.0,1.0,1.0,0.0,1.0,0.0,0.0,0.0,0.0,0.0,1.0,0.17802297537663075,17.9011172835665,22.526872841120227
468,18.68,0.98,1,-0.04,0.45,0.071,0.016,-0.014,0.49,0.09,0.0,0.0,0.0,0.81,0.0,0.0,0.8,0.55,0.1,1.09,0.49,0.1,0.17,0.28,1.83,0.0,0.0,0.0,0.0,0.0,0.0,0.0,0.0,1.0,1.0,0.0,1.0,0.0,0.0,0.0,0.0,0.0,1.0,0.1712393847410918,16.451443705644664,20.171762441591603
469,18.72,0.98,1,-0.045,0.398,0.053,0.021,-0.011,0.33,0.09,0.0,0.0,0.0,1.04,0.0,0.01,0.78,0.55,0.07,1.08,0.48,0.15,0.19,0.39,1.68,0.0,0.0,0.0,0.0,0.0,1.0,0.0,0.0,1.0,1.0,0.0,1.0,0.0,0.0,0.0,0.0,0.0,1.0,0.16765925016493644,17.900279327429594,21.575217264259468
470,18.76,0.98,1,-0.035,0.358,0.073,0.022,-0.011,0.09,0.09,0.0,0.0,0.0,1.63,0.0,0.01,0.71,0.48,0.08,1.17,0.36,0.28,0.13,0.47,1.27,0.0,0.0,0.0,0.0,0.0,1.0,0.0,0.0,1.0,1.0,0.0,1.0,0.0,0.0,0.0,0.0,0.0,1.0,0.17955692418108055,18.904232330354056,18.57794391206949
471,18.8,0.98,1,-0.052,0.357,0.077,0.019,-0.01,0.0,0.0,0.0,0.0,0.0,1.95,0.0,0.01,0.72,0.38,0.1,1.19,0.43,0.35,0.12,0.67,0.64,0.0,0.0,0.0,0.0,0.0,1.0,0.0,0.0,1.0,1.0,0.0,1.0,0.0,0.0,0.0,0.0,0.0,1.0,0.18091716438630073,18.702406262296886,19.366207682455496
472,18.84,0.98,1,-0.064,0.295,0.072,0.015,-0.008,0.0,0.0,0.0,0.0,0.0,1.96,0.0,0.0,0.74,0.39,0.15,1.23,0.56,0.39,0.15,0.68,0.29,0.0,0.0,0.0,0.0,0.0,1.0,0.0,0.0,1.0,1.0,0.0,1.0,0.0,0.0,0.0,0.0,0.0,0.0,0.19212716954591247,18.409780009549365,18.8170135781427
473,18.88,0.98,1,-0.069,0.299,0.071,0.014,-0.008,0.0,0.0,0.0,0.0,0.0,1.86,0.0,0.0,0.75,0.38,0.14,1.2,0.65,0.4,0.21,0.73,0.03,0.0,0.0,0.0,0.0,0.0,1.0,0.0,0.0,1.0,1.0,0.0,1.0,0.0,0.0,0.0,0.0,0.0,0.0,0.2007553371850287,20.611889772652976,20.0
474,18.92,0.98,1,-0.061,0.297,0.064,0.013,-0.007,0.0,0.0,0.0,0.0,0.0,1.75,0.0,0.0,0.76,0.36,0.12,1.17,0.53,0.44,0.28,0.68,0.0,0.0,0.0,0.0,0.0,0.0,1.0,0.0,0.0,1.0,1.0,0.0,1.0,0.0,0.0,0.0,0.0,0.0,0.0,0.20879012524860507,21.20377324911776,20.000249998437518
475,18.96,0.98,1,-0.062,0.29,0.07,0.016,-0.01,0.0,0.01,0.0,0.0,0.0,1.78,0.0,0.0,0.79,0.2,0.08,1.11,0.42,0.47,0.25,0.67,0.0,0.0,0.0,0.0,0.0,0.0,0.0,0.0,0.0,1.0,1.0,0.0,1.0,1.0,0.0,0.0,0.0,0.0,0.0,0.21083724123427874,20.90095691589272,19.60229578391257
476,19.0,0.98,1,-0.064,0.301,0.064,0.02,-0.01,0.0,0.1,0.0,0.0,0.0,1.74,0.0,0.0,0.81,0.08,0.07,1.01,0.48,0.47,0.23,0.62,0.0,0.0,0.0,0.0,0.0,0.0,0.0,0.0,0.0,1.0,1.0,0.0,1.0,1.0,0.0,0.0,0.0,0.0,0.0,0.20561804109258805,21.2058954067024,20.600970850909082
477,19.04,0.98,1,-0.065,0.287,0.064,0.022,-0.011,0.07,0.1,0.0,0.0,0.0,1.64,0.0,0.0,0.82,0.01,0.13,0.92,0.62,0.48,0.18,0.51,0.0,0.0,0.0,0.0,0.0,0.0,0.0,0.0,0.0,1.0,1.0,0.0,1.0,1.0,0.0,0.0,0.0,0.0,0.0,0.21346434854213403,21.702073633641604,20.600970850909082
478,19.08,0.98,1,-0.06,0.284,0.065,0.023,-0.012,0.18,0.24,0.0,0.0,0.0,1.62,0.0,0.0,0.86,0.04,0.11,0.92,0.71,0.43,0.26,0.48,0.0,0.0,0.0,0.0,0.0,0.0,0.0,0.0,0.0,1.0,1.0,0.0,1.0,1.0,0.0,0.0,0.0,0.0,0.0,0.21249146394579962,21.702073633641604,20.402205763103257
479,19.12,0.98,1,-0.065,0.27,0.064,0.023,-0.011,0.26,0.28,0.0,0.0,0.0,1.7,0.0,0.0,0.88,0.05,0.1,0.98,0.66,0.4,0.35,0.49,0.0,0.0,0.0,0.0,0.0,0.0,0.0,0.0,0.0,1.0,1.0,0.0,1.0,1.0,0.0,0.0,0.0,0.0,0.0,0.21714075875042288,22.102036105300254,21.00095235935742
480,19.16,0.98,1,-0.07,0.271,0.062,0.026,-0.01,0.2,0.28,0.0,0.0,0.0,1.83,0.0,0.0,0.85,0.12,0.07,1.03,0.64,0.37,0.39,0.55,0.0,0.0,0.0,0.0,0.0,0.0,0.0,0.0,0.0,1.0,1.0,0.0,1.0,1.0,0.0,0.0,0.0,0.0,0.0,0.22202911904442907,21.80206412246322,20.903827400741577
481,19.2,0.98,1,-0.091,0.262,0.064,0.03,-0.011,0.1,0.12,0.0,0.0,0.0,1.75,0.0,0.0,0.81,0.1,0.04,0.96,0.58,0.38,0.38,0.48,0.0,0.0,0.0,0.0,0.0,0.0,0.0,0.0,0.0,1.0,1.0,0.0,1.0,1.0,0.0,0.0,0.0,0.0,0.0,0.22599571458897177,23.210557942453732,19.50102561405425
482,19.24,0.98,1,-0.097,0.262,0.064,0.033,-0.012,0.04,0.0,0.0,0.0,0.0,1.73,0.0,0.0,0.77,0.09,0.03,0.99,0.59,0.43,0.3,0.48,0.0,0.0,0.0,0.0,0.0,0.0,0.0,0.0,0.0,1.0,1.0,0.0,1.0,1.0,0.0,0.0,0.0,0.0,0.0,0.22760483222478767,23.80189068120425,19.0
483,19.28,0.98,1,-0.1,0.274,0.059,0.032,-0.012,0.03,0.0,0.0,0.0,0.0,1.63,0.0,0.0,0.77,0.02,0.0,0.98,0.61,0.51,0.3,0.5,0.0,0.0,0.0,0.0,0.0,0.0,0.0,0.0,0.0,1.0,1.0,0.0,1.0,1.0,0.0,0.0,0.0,0.0,0.0,0.21613183983759307,23.401922997907764,19.40000000000009
484,19.32,0.98,1,-0.102,0.281,0.068,0.039,-0.019,0.03,0.0,0.0,0.0,0.0,1.53,0.0,0.0,0.71,0.11,0.0,0.98,0.63,0.53,0.21,0.51,0.0,0.0,0.0,0.0,0.0,0.0,0.0,0.0,0.0,1.0,1.0,0.0,1.0,1.0,0.0,0.0,0.0,0.0,0.0,0.20082833038020825,23.900209204105398,21.002142747824564
485,19.36,0.98,1,-0.093,0.269,0.057,0.04,-0.022,0.0,0.0,0.0,0.0,0.0,1.47,0.0,0.0,0.65,0.14,0.0,0.93,0.64,0.5,0.21,0.47,0.0,0.0,0.0,0.0,0.0,0.0,0.0,0.0,0.0,1.0,1.0,0.0,1.0,1.0,0.0,0.0,0.0,0.0,0.0,0.21477800497396804,23.80189068120425,19.904019694523996
486,19.4,0.98,1,-0.092,0.284,0.057,0.051,-0.028,0.0,0.0,0.0,0.0,0.0,1.53,0.0,0.0,0.59,0.14,0.0,0.95,0.63,0.49,0.22,0.43,0.0,0.0,0.0,0.0,0.0,0.0,0.0,0.0,0.0,1.0,1.0,0.0,1.0,1.0,0.0,0.0,0.0,0.0,0.0,0.19876308655506317,23.30085835328814,20.706037766796474
487,19.44,0.98,1,-0.089,0.281,0.054,0.056,-0.032,0.03,0.0,0.0,0.0,0.0,1.57,0.0,0.0,0.55,0.06,0.0,1.0,0.6,0.52,0.21,0.4,0.0,0.0,0.0,0.0,0.0,0.0,0.0,0.0,0.0,1.0,1.0,0.0,1.0,1.0,1.0,0.0,0.0,0.0,0.0,0.20060348319302715,23.103462943896663,20.61188977265309
488,19.48,0.98,1,-0.095,0.286,0.052,0.061,-0.034,0.04,0.0,0.0,0.0,0.0,1.58,0.0,0.0,0.57,0.06,0.0,1.02,0.55,0.53,0.18,0.35,0.03,0.0,0.0,0.0,0.0,0.0,0.0,0.0,0.0,1.0,1.0,0.0,1.0,1.0,1.0,0.0,0.0,0.0,0.0,0.20126306119565146,22.70352395554492,20.408821622033916
489,19.52,0.98,1,-0.095,0.291,0.054,0.063,-0.035,0.06,0.03,0.0,0.0,0.0,1.67,0.0,0.0,0.6,0.1,0.0,1.01,0.51,0.51,0.13,0.36,0.03,0.0,0.0,0.0,0.0,0.0,0.0,0.0,0.0,1.0,1.0,0.0,1.0,1.0,1.0,0.0,0.0,0.0,0.0,0.19569214106323607,23.6008474424118,20.203960007879687
490,19.56,0.98,1,-0.098,0.295,0.055,0.063,-0.034,0.06,0.03,0.0,0.0,0.02,1.83,0.0,0.0,0.62,0.09,0.0,1.06,0.58,0.54,0.09,0.41,0.03,0.0,0.0,0.0,0.0,0.0,0.0,0.0,0.0,1.0,1.0,0.0,1.0,1.0,1.0,0.0,0.0,0.0,0.0,0.19411886699021808,23.20193957409577,20.20618717126024
491,19.6,0.98,1,-0.095,0.295,0.058,0.061,-0.035,0.08,0.03,0.0,0.0,0.05,1.9,0.0,0.0,0.63,0.06,0.0,1.09,0.65,0.58,0.04,0.33,0.0,0.0,0.0,0.0,0.0,0.0,0.0,0.0,0.0,1.0,1.0,0.0,1.0,1.0,1.0,0.0,0.0,0.0,0.0,0.19008695649686452,23.201939574096,20.12013916452868
492,19.64,0.98,1,-0.091,0.295,0.059,0.061,-0.036,0.06,0.0,0.0,0.0,0.11,1.95,0.0,0.0,0.66,0.12,0.0,1.05,0.78,0.62,0.0,0.23,0.0,0.0,0.0,0.0,0.0,1.0,0.0,0.0,0.0,1.0,1.0,0.0,1.0,1.0,1.0,0.0,0.0,0.0,0.0,0.19122327351624657,23.103462943896435,20.020239758804088
493,19.68,0.98,1,-0.09,0.295,0.059,0.061,-0.039,0.02,0.0,0.0,0.0,0.11,1.95,0.0,0.0,0.67,0.12,0.0,1.0,0.8,0.62,0.0,0.17,0.0,0.0,0.0,0.0,0.0,1.0,0.0,0.0,0.0,1.0,1.0,0.0,1.0,1.0,1.0,0.0,0.0,0.0,0.0,0.19135699623593716,23.10346294389644,20.024984394500787
494,19.72,0.98,1,-0.089,0.29,0.059,0.063,-0.044,0.0,0.0,0.0,0.0,0.1,2.06,0.0,0.0,0.66,0.11,0.0,0.94,0.89,0.62,0.0,0.17,0.0,0.0,0.0,0.0,0.0,1.0,0.0,0.0,0.0,1.0,1.0,0.0,1.0,1.0,1.0,0.0,0.0,0.0,0.0,0.19316907170500497,23.207757323791586,20.241788458533048
495,19.76,0.98,1,-0.083,0.279,0.057,0.063,-0.048,0.0,0.0,0.0,0.0,0.09,2.06,0.0,0.0,0.67,0.07,0.0,0.93,0.91,0.62,0.0,0.19,0.0,0.0,0.0,0.0,0.0,1.0,0.0,0.0,0.0,1.0,1.0,0.0,1.0,1.0,1.0,0.0,0.0,0.0,0.0,0.19479744040687103,22.81074308302993,20.554804791094465
496,19.8,0.98,1,-0.081,0.279,0.06,0.065,-0.052,0.0,0.0,0.0,0.0,0.08,2.15,0.0,0.0,0.68,0.08,0.0,0.93,0.87,0.62,0.0,0.11,0.0,0.0,0.0,0.0,0.0,0.0,0.0,0.0,0.0,1.0,1.0,0.0,1.0,1.0,1.0,0.0,0.0,0.0,0.0,0.1988216814106838,23.11752581917032,21.140009460735847
497,19.84,0.98,1,-0.084,0.278,0.059,0.065,-0.054,0.0,0.0,0.0,0.0,0.06,2.04,0.0,0.0,0.68,0.13,0.0,0.99,0.87,0.65,0.0,0.14,0.0,0.0,0.0,0.0,0.0,0.0,0.0,0.0,0.0,1.0,1.0,0.0,1.0,1.0,1.0,0.0,0.0,0.0,0.0,0.1979470904769997,23.53592997950155,21.452505681155266
498,19.88,0.98,1,-0.082,0.254,0.057,0.064,-0.057,0.0,0.0,0.0,0.0,0.04,1.86,0.0,0.0,0.66,0.15,0.0,0.96,0.78,0.64,0.0,0.06,0.0,0.0,0.0,0.0,0.0,0.0,0.0,0.0,0.0,1.0,1.0,0.0,1.0,1.0,1.0,0.0,0.0,0.0,0.0,0.21809605051572362,23.336237914453942,21.944703233354495
499,19.92,0.98,1,-0.072,0.281,0.063,0.063,-0.058,0.0,0.0,0.0,0.0,0.04,1.73,0.0,0.0,0.67,0.22,0.0,0.96,0.85,0.69,0.03,0.17,0.0,0.0,0.0,0.0,0.0,0.0,0.0,0.0,0.0,1.0,1.0,0.0,1.0,1.0,1.0,0.0,0.0,0.0,0.0,0.2033823113325893,23.33088082349224,21.94470323335449
500,19.96,0.98,1,-0.07,0.285,0.065,0.059,-0.06,0.0,0.0,0.0,0.0,0.1,1.85,0.0,0.0,0.7,0.22,0.0,0.93,0.77,0.69,0.08,0.15,0.0,0.0,0.0,0.0,0.0,0.0,0.0,0.0,0.0,1.0,1.0,0.0,1.0,1.0,1.0,0.0,0.0,0.0,0.0,0.19690593411004287,23.036709834522814,22.03837562072123
501,20.0,0.98,1,-0.063,0.299,0.068,0.052,-0.061,0.0,0.0,0.0,0.0,0.08,1.89,0.0,0.0,0.74,0.14,0.0,0.91,0.71,0.72,0.08,0.26,0.0,0.0,0.0,0.0,0.0,0.0,0.0,0.0,0.0,1.0,1.0,0.0,1.0,1.0,0.0,0.0,0.0,0.0,0.0,0.2001140657832345,23.33623791445395,21.539266468475667
502,20.04,0.98,1,-0.059,0.279,0.063,0.048,-0.056,0.0,0.0,0.0,0.0,0.08,1.84,0.0,0.0,0.76,0.14,0.0,1.0,0.57,0.69,0.16,0.33,0.0,0.0,0.0,0.0,0.0,0.0,0.0,0.0,0.0,1.0,1.0,0.0,1.0,1.0,0.0,0.0,0.0,0.0,0.0,0.19878598929497732,23.017601960239038,21.93285207172106
503,20.08,0.98,1,-0.046,0.269,0.065,0.043,-0.056,0.0,0.0,0.0,0.0,0.01,1.74,0.0,0.0,0.73,0.19,0.0,1.04,0.64,0.7,0.14,0.48,0.0,0.0,0.0,0.0,0.0,0.0,1.0,0.0,0.0,1.0,1.0,0.0,1.0,0.0,0.0,0.0,0.0,0.0,0.0,0.21125186251953565,22.731695933211892,21.93285207172106
504,20.12,0.98,1,-0.041,0.281,0.072,0.043,-0.056,0.0,0.0,0.0,0.0,0.01,1.92,0.0,0.0,0.71,0.23,0.0,1.13,0.64,0.67,0.16,0.55,0.0,0.0,0.0,0.0,0.0,0.0,1.0,0.0,0.0,1.0,1.0,0.0,1.0,0.0,0.0,0.0,0.0,0.0,0.0,0.2066852403807704,22.543513479491168,22.526872841120113
505,20.16,0.98,1,-0.031,0.278,0.072,0.042,-0.058,0.0,0.0,0.0,0.0,0.01,2.02,0.0,0.0,0.69,0.24,0.01,1.04,0.69,0.66,0.06,0.51,0.0,0.0,0.0,0.0,0.0,0.0,1.0,0.0,0.0,1.0,1.0,0.0,1.0,0.0,0.0,0.0,0.0,0.0,0.0,0.21215144900053773,22.743130831088134,22.43769150336101
506,20.2,0.98,1,-0.035,0.28,0.072,0.04,-0.058,0.0,0.0,0.0,0.0,0.01,2.06,0.0,0.0,0.69,0.24,0.01,1.04,0.55,0.62,0.02,0.39,0.0,0.0,0.0,0.0,0.0,0.0,1.0,0.0,0.0,1.0,1.0,0.0,1.0,0.0,0.0,0.0,0.0,0.0,0.0,0.20487390000930195,22.464416306683646,22.837031330713675
507,20.24,0.98,1,-0.03,0.281,0.069,0.038,-0.058,0.04,0.01,0.0,0.0,0.0,1.86,0.0,0.0,0.66,0.29,0.02,1.1,0.48,0.47,0.02,0.35,0.12,0.0,0.0,0.0,0.0,0.0,1.0,0.0,0.0,1.0,1.0,0.0,1.0,0.0,0.0,0.0,0.0,0.0,0.0,0.20600546319162216,22.15084648495393,22.332263655975364
508,20.28,0.98,1,-0.029,0.337,0.078,0.036,-0.058,0.19,0.06,0.0,0.0,0.0,1.2,0.0,0.0,0.65,0.35,0.08,1.17,0.42,0.25,0.04,0.3,0.84,0.0,0.0,0.0,0.0,0.0,0.0,0.0,0.0,1.0,1.0,0.0,1.0,0.0,0.0,0.0,0.0,0.0,1.0,0.18717753651387986,21.003809178337153,19.71217897646034
509,20.32,0.98,1,-0.011,0.425,0.071,0.032,-0.053,0.52,0.19,0.0,0.0,0.0,0.54,0.0,0.0,0.6,0.42,0.08,1.15,0.46,0.06,0.1,0.43,1.49,0.0,0.0,0.0,0.0,0.0,0.0,0.0,0.0,1.0,1.0,0.0,1.0,0.0,0.0,0.0,0.0,0.0,1.0,0.16501405454159643,17.12921480979198,19.857995870681457
510,20.36,0.98,1,-0.036,0.46,0.085,0.034,-0.051,0.67,0.26,0.0,0.0,0.0,0.07,0.0,0.0,0.59,0.48,0.09,1.11,0.54,0.0,0.18,0.48,2.09,0.0,0.0,0.0,0.0,0.0,0.0,0.0,0.0,1.0,1.0,0.0,1.0,0.0,0.0,0.0,0.0,0.0,1.0,0.18279615064388044,15.454772725601488,21.92031021678291
511,20.4,0.98,1,-0.024,0.456,0.066,0.03,-0.046,0.55,0.21,0.0,0.0,0.0,0.41,0.0,0.0,0.56,0.46,0.09,1.16,0.5,0.09,0.18,0.55,1.88,0.0,0.0,0.0,0.0,0.0,0.0,0.0,0.0,1.0,1.0,0.0,1.0,0.0,0.0,0.0,0.0,0.0,1.0,0.1707787730274677,17.7002824836216,21.061101585624602
512,20.44,0.98,1,-0.041,0.385,0.06,0.03,-0.043,0.22,0.08,0.0,0.0,0.0,0.9,0.0,0.0,0.56,0.32,0.14,1.18,0.49,0.27,0.15,0.46,1.42,0.0,0.0,0.0,0.0,0.0,0.0,0.0,0.0,1.0,1.0,0.0,1.0,0.0,0.0,0.0,0.0,0.0,1.0,0.1666003487834849,18.102486017119443,22.130521909797007
513,20.48,0.98,1,-0.023,0.353,0.081,0.029,-0.047,0.03,0.0,0.0,0.0,0.0,1.45,0.0,0.0,0.54,0.2,0.25,1.22,0.42,0.51,0.07,0.49,0.71,0.0,0.0,0.0,0.0,0.0,0.0,0.0,0.0,1.0,1.0,0.0,1.0,0.0,0.0,0.0,0.0,0.0,1.0,0.19120372801764468,19.60025510038062,18.060177186284832
514,20.52,0.98,1,-0.063,0.339,0.073,0.03,-0.046,0.0,0.0,0.0,0.0,0.0,1.6,0.0,0.0,0.5,0.07,0.35,1.2,0.44,0.68,0.04,0.4,0.19,0.0,0.0,0.0,0.0,0.0,0.0,0.0,0.0,1.0,1.0,0.0,1.0,0.0,0.0,0.0,0.0,0.0,0.0,0.19808498019767692,18.806647760831762,19.151240168720165
515,20.56,0.98,1,-0.06,0.316,0.074,0.03,-0.045,0.08,0.0,0.0,0.0,0.0,1.69,0.0,0.0,0.43,0.05,0.51,1.27,0.39,0.75,0.02,0.43,0.0,0.0,0.0,0.0,0.0,0.0,0.0,0.0,0.0,1.0,1.0,0.0,1.0,0.0,0.0,0.0,0.0,0.0,0.0,0.19355403358294926,19.900251254695117,19.84263087395415
516,20.6,0.98,1,-0.063,0.329,0.088,0.031,-0.043,0.14,0.0,0.0,0.01,0.0,1.35,0.0,0.0,0.39,0.02,0.63,1.34,0.39,0.79,0.0,0.49,0.0,0.0,0.0,0.0,0.0,0.0,0.0,0.0,0.0,0.0,1.0,0.0,1.0,1.0,1.0,0.0,0.0,0.0,0.0,0.2237864711999632,20.30615670184802,20.429635336931465
517,20.64,0.98,1,-0.056,0.313,0.088,0.031,-0.04,0.14,0.0,0.0,0.09,0.0,1.33,0.0,0.0,0.36,0.02,0.7,1.42,0.37,0.85,0.0,0.66,0.0,0.0,0.0,0.0,0.0,0.0,0.0,0.0,0.0,0.0,1.0,0.0,1.0,1.0,1.0,0.0,1.0,0.0,0.0,0.23209117839877275,20.506096654409877,21.215088969881837
518,20.68,0.98,1,-0.063,0.298,0.086,0.027,-0.035,0.07,0.0,0.0,0.09,0.0,1.26,0.0,0.0,0.3,0.02,0.69,1.45,0.29,0.95,0.0,0.72,0.0,0.0,0.0,0.0,0.0,0.0,0.0,0.0,0.0,0.0,1.0,0.0,1.0,1.0,1.0,0.0,1.0,0.0,0.0,0.24378690758854848,20.399999999999864,21.714741536569047
519,20.72,0.98,1,-0.059,0.318,0.097,0.023,-0.035,0.01,0.0,0.0,0.08,0.0,1.48,0.0,0.0,0.27,0.0,0.62,1.4,0.28,0.97,0.0,0.78,0.0,0.0,0.0,0.0,0.0,0.0,0.0,0.0,0.0,0.0,1.0,0.0,1.0,1.0,0.0,0.0,1.0,0.0,0.0,0.23805556277427653,21.2058954067024,21.7036863228347
520,20.76,0.98,1,-0.059,0.33,0.103,0.022,-0.034,0.01,0.0,0.0,0.0,0.0,1.49,0.0,0.0,0.25,0.06,0.49,1.46,0.41,0.97,0.0,1.02,0.0,0.0,0.0,0.0,0.0,0.0,0.0,0.0,0.0,0.0,1.0,0.0,1.0,1.0,0.0,0.0,1.0,0.0,0.0,0.2349590677321287,20.435263639111543,21.200235847744644
521,20.8,0.98,1,-0.057,0.318,0.103,0.025,-0.036,0.0,0.0,0.0,0.0,0.0,1.34,0.0,0.0,0.31,0.27,0.37,1.48,0.72,0.97,0.0,1.41,0.0,0.0,0.0,0.0,0.0,0.0,0.0,0.0,0.0,0.0,1.0,0.0,1.0,1.0,0.0,0.0,1.0,0.0,0.0,0.22299485642889366,20.519746587129188,21.50581316760657
522,20.84,0.98,1,-0.055,0.315,0.1,0.032,-0.036,0.0,0.0,0.0,0.0,0.0,1.25,0.0,0.0,0.39,0.57,0.2,1.71,1.03,1.04,0.0,1.61,0.0,0.0,0.0,0.0,0.0,0.0,0.0,0.0,0.0,0.0,1.0,0.0,1.0,1.0,0.0,0.0,1.0,1.0,0.0,0.21167854763899607,21.123683390923947,21.711287386978967
523,20.88,0.98,1,-0.061,0.306,0.092,0.041,-0.03,0.0,0.0,0.0,0.0,0.0,1.21,0.0,0.0,0.6,0.91,0.09,1.86,1.17,1.16,0.0,1.53,0.0,0.0,0.0,0.0,0.0,0.0,0.0,0.0,0.0,0.0,1.0,0.0,1.0,1.0,0.0,0.0,1.0,1.0,0.0,0.21615410007069696,21.618741869035674,22.402008838494684
524,20.92,0.98,1,-0.052,0.293,0.092,0.049,-0.03,0.0,0.0,0.0,0.0,0.1,1.26,0.0,0.0,0.9,1.14,0.0,2.08,1.2,1.35,0.0,1.23,0.0,0.0,0.0,0.0,0.0,0.0,0.0,0.0,0.0,0.0,1.0,0.0,1.0,1.0,0.0,0.0,1.0,1.0,0.0,0.22140945880182095,21.814673960433105,23.703375287076778
525,20.96,0.98,1,-0.05,0.305,0.106,0.05,-0.027,0.0,0.0,0.0,0.0,0.24,1.32,0.0,0.0,1.13,1.37,0.0,2.16,1.24,1.63,0.0,0.88,0.0,0.0,0.0,0.0,0.0,0.0,0.0,0.0,0.0,1.0,1.0,0.0,1.0,1.0,0.0,0.0,1.0,1.0,0.0,0.22517691355402014,21.423351745233383,22.705505940189745
526,21.0,0.98,1,-0.065,0.294,0.102,0.051,-0.022,0.0,0.0,0.0,0.0,0.36,1.43,0.0,0.0,1.31,1.52,0.0,2.21,1.36,1.8,0.0,0.71,0.0,0.0,0.0,0.0,0.0,1.0,0.0,0.0,0.0,1.0,1.0,0.0,1.0,1.0,0.0,0.0,1.0,1.0,0.0,0.21054693418329012,21.818570072303043,23.000217390276987
527,21.04,0.98,1,-0.047,0.297,0.107,0.046,-0.018,0.0,0.0,0.0,0.0,0.41,1.5,0.0,0.0,1.4,1.53,0.0,2.25,1.39,1.88,0.0,0.59,0.0,0.0,0.0,0.0,0.0,1.0,0.0,0.0,0.0,1.0,1.0,0.0,1.0,1.0,0.0,0.0,1.0,1.0,0.0,0.22267866428167826,22.122612865572776,22.80087717610877
528,21.08,0.98,1,-0.049,0.299,0.105,0.047,-0.013,0.0,0.0,0.0,0.0,0.47,1.46,0.0,0.0,1.53,1.55,0.0,2.24,1.38,1.88,0.0,0.61,0.0,0.0,0.0,0.0,0.0,1.0,0.0,0.0,0.0,1.0,1.0,0.0,1.0,1.0,0.0,0.0,1.0,1.0,0.0,0.2208309782503706,22.218235753542444,22.60022123785531
529,21.12,0.98,1,-0.051,0.297,0.104,0.047,-0.009,0.0,0.0,0.0,0.0,0.57,1.36,0.0,0.0,1.63,1.6,0.0,2.27,1.17,1.88,0.0,0.54,0.0,0.0,0.0,0.0,0.0,1.0,0.0,0.0,0.0,1.0,1.0,0.0,1.0,1.0,0.0,0.0,1.0,1.0,0.0,0.2275819636780403,21.844907873461224,22.700220263248593
530,21.16,0.98,1,-0.064,0.297,0.106,0.046,-0.006,0.0,0.0,0.0,0.0,0.65,1.4,0.0,0.0,1.7,1.68,0.0,2.26,1.1,1.84,0.0,0.56,0.0,0.0,0.0,0.0,0.0,1.0,0.0,0.0,0.0,1.0,1.0,0.0,1.0,1.0,0.0,0.0,1.0,1.0,0.0,0.2217166546909591,21.514878572745886,22.300000000000182
531,21.2,0.98,1,-0.094,0.272,0.096,0.04,-0.006,0.0,0.0,0.0,0.0,0.6,1.53,0.0,0.0,1.7,1.66,0.0,2.23,1.07,1.79,0.0,0.58,0.0,0.0,0.0,0.0,0.0,1.0,0.0,0.0,0.0,1.0,1.0,0.0,1.0,1.0,0.0,0.0,1.0,1.0,0.0,0.24944282029384268,22.814030770558897,21.205895406702172
532,21.24,0.98,1,-0.089,0.256,0.1,0.04,-0.003,0.0,0.0,0.0,0.0,0.54,1.68,0.0,0.0,1.7,1.6,0.0,2.21,1.21,1.73,0.0,0.61,0.0,0.0,0.0,0.0,0.0,1.0,0.0,0.0,0.0,1.0,1.0,0.0,1.0,1.0,0.0,0.0,1.0,1.0,0.0,0.25982493597561873,23.41730129626393,20.706037766796474
533,21.28,0.98,1,-0.086,0.256,0.099,0.044,-0.005,0.0,0.0,0.0,0.04,0.52,1.73,0.0,0.0,1.68,1.69,0.0,2.23,1.28,1.71,0.0,0.66,0.0,0.0,0.0,0.0,0.0,1.0,0.0,0.0,0.0,1.0,1.0,0.0,1.0,1.0,0.0,0.0,1.0,1.0,0.0,0.25769400020114525,22.821919288263157,21.30844902849567
534,21.32,0.98,1,-0.087,0.252,0.096,0.04,-0.002,0.0,0.0,0.0,0.07,0.52,1.72,0.0,0.0,1.67,1.68,0.0,2.26,1.31,1.64,0.0,0.69,0.0,0.0,0.0,0.0,0.0,1.0,0.0,0.0,0.0,1.0,1.0,0.0,1.0,1.0,0.0,0.0,1.0,1.0,0.0,0.25765169422388823,23.425840433162783,21.208488866489333
535,21.36,0.98,1,-0.097,0.246,0.095,0.044,0.001,0.0,0.0,0.0,0.07,0.49,1.61,0.0,0.0,1.64,1.55,0.0,2.3,1.34,1.57,0.0,0.68,0.0,0.0,0.0,0.0,0.0,1.0,0.0,0.0,0.0,1.0,1.0,0.0,1.0,1.0,0.0,0.0,1.0,1.0,0.0,0.26751992685947457,23.64148895480138,21.21155345560532
536,21.4,0.98,1,-0.09,0.243,0.091,0.048,0.003,0.0,0.0,0.0,0.04,0.38,1.46,0.0,0.0,1.6,1.46,0.0,2.38,1.3,1.53,0.0,0.62,0.0,0.0,0.0,0.0,0.0,1.0,0.0,0.0,0.0,1.0,1.0,0.0,1.0,1.0,0.0,0.0,1.0,1.0,0.0,0.2675175128800821,23.23639386824044,21.208488866489333
537,21.44,0.98,1,-0.099,0.235,0.085,0.05,0.007,0.0,0.0,0.0,0.0,0.33,1.45,0.0,0.0,1.6,1.42,0.0,2.44,1.1,1.5,0.0,0.51,0.0,0.0,0.0,0.0,0.0,1.0,0.0,0.0,0.0,1.0,1.0,0.0,1.0,1.0,0.0,0.0,1.0,1.0,0.0,0.26881973022463845,23.436083290516017,21.30844902849567
538,21.48,0.98,1,-0.082,0.267,0.091,0.047,0.006,0.0,0.0,0.0,0.0,0.31,1.36,0.0,0.0,1.62,1.55,0.0,2.4,0.91,1.49,0.0,0.44,0.0,0.0,0.0,0.0,0.0,1.0,0.0,0.0,0.0,1.0,1.0,0.0,1.0,1.0,0.0,0.0,1.0,1.0,0.0,0.24503853322048613,23.342022191746985,22.111083193728795
539,21.52,0.98,1,-0.085,0.252,0.085,0.045,0.006,0.0,0.0,0.0,0.0,0.24,1.36,0.0,0.0,1.55,1.65,0.0,2.36,0.81,1.49,0.0,0.37,0.0,0.0,0.0,0.0,0.0,1.0,0.0,0.0,0.0,1.0,1.0,0.0,1.0,1.0,0.0,0.0,1.0,0.0,0.0,0.26369596250995897,23.255106965997633,21.50581316760657
540,21.56,0.98,1,-0.085,0.258,0.089,0.041,0.006,0.0,0.0,0.0,0.0,0.19,1.22,0.0,0.0,1.47,1.79,0.0,2.4,0.94,1.58,0.0,0.48,0.0,0.0,0.0,0.0,0.0,0.0,0.0,0.0,0.0,1.0,1.0,0.0,1.0,1.0,0.0,0.0,1.0,0.0,0.0,0.2618962675575884,23.26220109963805,22.005681084665387
541,21.6,0.98,1,-0.082,0.246,0.085,0.027,0.005,0.0,0.0,0.0,0.0,0.15,1.4,0.0,0.0,1.33,1.85,0.0,2.34,1.1,1.73,0.0,0.62,0.0,0.0,0.0,0.0,0.0,0.0,0.0,0.0,0.0,1.0,1.0,0.0,1.0,1.0,0.0,0.0,1.0,0.0,0.0,0.266360579507694,22.649724060129206,21.818570072303043
542,21.64,0.98,1,-0.084,0.254,0.09,0.026,0.003,0.0,0.0,0.0,0.0,0.13,1.45,0.0,0.0,1.25,1.71,0.0,2.25,1.16,1.81,0.0,0.8,0.0,0.0,0.0,0.0,0.0,0.0,0.0,0.0,0.0,1.0,1.0,0.0,1.0,1.0,0.0,0.0,1.0,0.0,0.0,0.25307504556417104,23.641488954801606,22.02748283395086
543,21.68,0.98,1,-0.085,0.259,0.087,0.029,0.004,0.0,0.0,0.0,0.0,0.1,1.46,0.0,0.0,1.16,1.57,0.0,2.15,1.13,1.82,0.0,0.84,0.0,0.0,0.0,0.0,0.0,0.0,0.0,0.0,0.0,1.0,1.0,0.0,1.0,1.0,0.0,0.0,1.0,0.0,0.0,0.23213116169111803,23.753947040439453,22.710790386950475
544,21.72,0.98,1,-0.07,0.26,0.084,0.025,0.003,0.0,0.0,0.0,0.0,0.03,1.41,0.0,0.0,1.1,1.39,0.0,2.03,1.0,1.75,0.0,0.88,0.0,0.0,0.0,0.0,0.0,0.0,0.0,0.0,0.0,1.0,1.0,0.0,1.0,1.0,0.0,0.0,1.0,0.0,0.0,0.24010036366320453,23.630488780386994,23.017601960239038
545,21.76,0.93,1,-0.072,0.265,0.083,0.023,0.003,0.0,0.0,0.0,0.0,0.02,1.44,0.0,0.0,1.04,1.29,0.0,1.91,0.99,1.65,0.0,0.95,0.0,0.0,0.0,0.0,0.0,0.0,0.0,0.0,0.0,1.0,1.0,0.0,1.0,1.0,0.0,0.0,1.0,0.0,0.0,0.23764389871486824,22.936869882353268,22.910696191953523
546,21.8,0.98,1,-0.069,0.272,0.084,0.019,0.002,0.0,0.0,0.0,0.0,0.0,1.67,0.0,0.0,1.01,1.21,0.0,1.75,1.01,1.57,0.0,1.05,0.0,0.0,0.0,0.0,0.0,0.0,0.0,0.0,0.0,0.0,1.0,0.0,1.0,1.0,0.0,0.0,1.0,0.0,0.0,0.2366222505775723,23.62117693934821,22.308070288574896
547,21.84,0.98,1,-0.062,0.265,0.084,0.015,0.0,0.0,0.0,0.0,0.0,0.0,1.66,0.0,0.0,0.95,1.19,0.0,1.68,1.15,1.55,0.0,1.17,0.0,0.0,0.0,0.0,0.0,0.0,0.0,0.0,0.0,0.0,1.0,0.0,1.0,1.0,0.0,0.0,1.0,0.0,0.0,0.24925588014968159,23.15534495532286,22.71783440383352
548,21.88,0.98,1,-0.059,0.276,0.088,0.018,-0.0,0.0,0.17,0.0,0.0,0.0,1.56,0.0,0.0,0.85,1.22,0.0,1.69,1.22,1.57,0.0,1.29,0.0,0.0,0.0,0.0,0.0,0.0,0.0,0.0,0.0,0.0,1.0,0.0,1.0,1.0,0.0,0.0,1.0,0.0,0.0,0.24180856885716068,22.963013739489718,22.81074308302993
549,21.92,0.98,1,-0.053,0.273,0.085,0.014,0.003,0.0,0.17,0.0,0.0,0.0,1.33,0.0,0.0,0.74,1.2,0.0,1.74,1.15,1.61,0.0,1.29,0.0,0.0,0.0,0.0,0.0,0.0,0.0,0.0,0.0,0.0,1.0,0.0,1.0,1.0,0.0,0.0,1.0,0.0,0.0,0.24795643764592223,23.5306183514161,22.111083193729023
550,21.96,0.98,1,-0.053,0.276,0.087,0.014,0.005,0.0,0.17,0.0,0.0,0.0,1.19,0.0,0.0,0.73,1.08,0.02,1.79,1.01,1.65,0.0,1.33,0.0,0.0,0.0,0.0,0.0,0.0,0.0,0.0,0.0,0.0,1.0,0.0,1.0,1.0,0.0,0.0,1.0,0.0,0.0,0.24872190553741025,23.461670869739947,22.308070288574893
551,22.0,0.98,1,-0.063,0.257,0.082,0.012,0.009,0.0,0.0,0.0,0.0,0.0,1.48,0.0,0.0,0.75,0.94,0.11,1.76,0.88,1.6,0.0,1.25,0.0,0.0,0.0,0.0,0.0,0.0,0.0,0.0,0.0,0.0,1.0,0.0,1.0,1.0,0.0,0.0,1.0,0.0,0.0,0.26827099567620516,22.77125380825553,22.003636063160105
552,22.04,0.98,1,-0.069,0.289,0.088,0.006,0.011,0.1,0.0,0.0,0.0,0.0,1.44,0.0,0.0,0.83,0.97,0.15,1.8,0.92,1.28,0.0,1.28,0.45,0.0,0.0,0.0,0.0,0.0,0.0,0.0,0.0,0.0,1.0,0.0,1.0,1.0,0.0,0.0,1.0,0.0,0.0,0.23798190529598137,22.0,19.901004999748217
553,22.08,0.98,1,-0.035,0.427,0.086,-0.002,0.016,0.18,0.0,0.0,0.0,0.0,1.36,0.0,0.0,0.81,1.08,0.13,1.85,0.97,0.92,0.0,1.21,0.97,0.0,0.0,0.0,0.0,0.0,0.0,0.0,0.0,0.0,1.0,0.0,1.0,1.0,0.0,0.0,1.0,0.0,1.0,0.18155062375787057,15.953056133543678,20.371057900855504
554,22.12,0.98,1,-0.021,0.438,0.087,0.001,0.014,0.22,0.0,0.0,0.0,0.0,1.26,0.0,0.0,0.77,1.12,0.05,1.92,1.01,0.78,0.0,1.19,1.19,0.0,0.0,0.0,0.0,0.0,0.0,0.0,0.0,0.0,1.0,0.0,1.0,1.0,0.0,0.0,1.0,0.0,1.0,0.171572866391843,17.274258305351395,21.475567512873656
555,22.16,0.98,1,-0.058,0.362,0.096,0.002,0.013,0.12,0.0,0.0,0.0,0.0,1.49,0.0,0.0,0.65,1.0,0.02,1.94,0.88,0.96,0.0,1.19,0.74,0.0,0.0,0.0,0.0,0.0,0.0,0.0,0.0,0.0,1.0,0.0,1.0,1.0,0.0,0.0,1.0,0.0,1.0,0.1855527364817519,17.613914953808443,18.49783771147307
556,22.2,0.98,1,-0.059,0.364,0.105,0.003,0.009,0.04,0.0,0.0,0.0,0.0,1.85,0.0,0.0,0.61,0.89,0.02,1.88,0.79,1.15,0.0,1.23,0.22,0.0,0.0,0.0,0.0,0.0,0.0,0.0,0.0,0.0,1.0,0.0,1.0,1.0,0.0,0.0,1.0,0.0,1.0,0.18431112193046295,16.80743882928028,18.14662503056689
557,22.24,0.98,1,-0.061,0.321,0.096,0.003,0.013,0.0,0.0,0.0,0.0,0.0,1.81,0.0,0.0,0.62,0.83,0.02,1.88,0.63,1.22,0.0,1.31,0.0,0.0,0.0,0.0,0.0,0.0,0.0,0.0,0.0,0.0,1.0,0.0,1.0,1.0,0.0,0.0,1.0,0.0,0.0,0.1904746476278319,18.122361876973898,18.106904760339265
558,22.28,0.98,1,-0.068,0.307,0.098,-0.001,0.013,0.0,0.0,0.0,0.0,0.0,1.85,0.0,0.0,0.68,0.78,0.0,1.84,0.61,1.21,0.0,1.34,0.0,0.0,0.0,0.0,0.0,0.0,0.0,0.0,0.0,0.0,1.0,0.0,1.0,1.0,0.0,0.0,1.0,0.0,0.0,0.22412185947302793,19.402319448973195,18.200000000000045
559,22.32,0.98,1,-0.064,0.293,0.1,0.006,0.013,0.0,0.0,0.0,0.0,0.0,1.78,0.0,0.0,0.71,0.76,0.0,1.86,0.57,1.18,0.0,1.38,0.0,0.0,0.0,0.0,0.0,0.0,0.0,0.0,0.0,0.0,1.0,0.0,1.0,1.0,0.0,0.0,1.0,0.0,0.0,0.2405151667494717,20.012246250733572,18.70026737776767
560,22.36,0.98,1,-0.067,0.296,0.096,0.004,0.014,0.0,0.0,0.0,0.0,0.0,1.85,0.0,0.0,0.74,0.75,0.0,1.75,0.7,1.16,0.0,1.38,0.0,0.0,0.0,0.0,0.0,0.0,0.0,0.0,0.0,0.0,1.0,0.0,1.0,1.0,0.0,0.0,1.0,0.0,0.0,0.2456652158922235,20.90598000573028,19.70025380547169
561,22.4,0.98,1,-0.057,0.29,0.094,0.002,0.013,0.0,0.0,0.0,0.0,0.0,1.58,0.0,0.0,0.73,0.76,0.0,1.71,0.76,1.22,0.0,1.46,0.0,0.0,0.0,0.0,0.0,0.0,0.0,0.0,0.0,0.0,1.0,0.0,1.0,1.0,0.0,0.0,1.0,0.0,0.0,0.25111560257570287,20.611889772653203,20.503902067655318
562,22.44,0.98,1,-0.055,0.286,0.088,0.004,0.013,0.0,0.0,0.0,0.0,0.0,1.4,0.0,0.0,0.75,0.65,0.0,1.67,0.82,1.26,0.0,1.48,0.0,0.0,0.0,0.0,0.0,0.0,0.0,0.0,0.0,0.0,1.0,0.0,1.0,1.0,0.0,0.0,1.0,0.0,0.0,0.23687246110084842,21.2058954067024,20.300985197768068
563,22.48,0.98,1,-0.059,0.28,0.088,0.002,0.013,0.0,0.0,0.0,0.0,0.0,1.22,0.0,0.0,0.7,0.68,0.0,1.72,0.75,1.29,0.0,1.53,0.0,0.0,0.0,0.0,0.0,0.0,0.0,0.0,0.0,0.0,1.0,0.0,1.0,1.0,0.0,0.0,1.0,0.0,0.0,0.24952998553385947,21.01166342772509,20.70096616102741
564,22.52,0.98,1,-0.055,0.31,0.095,0.003,0.014,0.0,0.0,0.0,0.0,0.0,1.4,0.0,0.0,0.65,0.66,0.0,1.7,0.85,1.31,0.0,1.49,0.0,0.0,0.0,0.0,0.0,0.0,0.0,0.0,0.0,0.0,1.0,0.0,1.0,1.0,0.0,0.0,1.0,0.0,0.0,0.22543471177147478,21.600231480241042,21.10213259365025
565,22.56,0.98,1,-0.053,0.3,0.091,0.001,0.014,0.0,0.0,0.0,0.0,0.0,1.59,0.0,0.0,0.6,0.62,0.0,1.7,0.85,1.34,0.11,1.54,0.0,0.0,0.0,0.0,0.0,0.0,0.0,0.0,0.0,0.0,1.0,0.0,1.0,1.0,0.0,0.0,1.0,0.0,0.0,0.23173290825050324,21.40093455903256,21.70092163941435
566,22.6,0.98,1,-0.052,0.311,0.102,-0.003,0.013,0.0,0.0,0.0,0.0,0.0,1.79,0.0,0.0,0.61,0.51,0.0,1.61,0.96,1.49,0.3,1.57,0.0,0.0,0.0,0.0,0.0,0.0,0.0,0.0,0.0,0.0,1.0,0.0,1.0,1.0,0.0,0.0,1.0,0.0,0.0,0.22417807948251955,21.70092163941435,22.20202693449411
567,22.64,0.98,1,-0.05,0.313,0.108,-0.007,0.012,0.0,0.0,0.0,0.0,0.0,1.94,0.0,0.0,0.66,0.62,0.0,1.42,0.86,1.47,0.59,1.65,0.0,0.0,0.0,0.0,0.0,0.0,0.0,0.0,0.0,0.0,1.0,0.0,1.0,1.0,0.0,1.0,1.0,0.0,0.0,0.2212650689760164,21.900913222968672,22.50199991111901
568,22.68,0.98,1,-0.058,0.321,0.126,-0.008,0.012,0.01,0.0,0.0,0.0,0.0,2.12,0.0,0.0,0.72,0.82,0.0,1.23,0.89,1.36,0.74,1.72,0.0,0.0,0.0,0.0,0.0,0.0,0.0,0.0,0.0,0.0,1.0,0.0,1.0,1.0,0.0,1.0,1.0,0.0,0.0,0.2226808034201631,22.332263655975364,22.10090495884741
569,22.72,0.93,1,-0.059,0.325,0.128,-0.008,0.015,0.01,0.0,0.0,0.0,0.0,2.19,0.0,0.0,0.77,0.88,0.0,1.16,0.82,1.12,0.86,1.75,0.0,0.0,0.0,0.0,0.0,0.0,0.0,0.0,0.0,0.0,1.0,0.0,1.0,1.0,0.0,1.0,1.0,0.0,0.0,0.2193727339577281,22.826519664635647,22.50022222112484
570,22.76,0.93,1,-0.063,0.323,0.126,-0.011,0.017,0.01,0.0,0.0,0.0,0.0,2.02,0.0,0.0,0.8,0.75,0.0,1.16,0.79,0.86,0.87,1.88,0.0,0.0,0.0,0.0,0.0,0.0,0.0,0.0,0.0,0.0,1.0,0.0,1.0,1.0,0.0,1.0,1.0,0.0,0.0,0.2280962515435857,22.926403991904042,22.299999999999955
571,22.8,0.93,1,-0.054,0.317,0.117,-0.009,0.018,0.0,0.0,0.0,0.0,0.0,1.8,0.0,0.0,0.67,0.47,0.0,1.22,0.65,0.72,0.9,1.93,0.0,0.0,0.0,0.0,0.0,0.0,0.0,0.0,0.0,0.0,1.0,0.0,1.0,1.0,0.0,1.0,1.0,0.0,0.0,0.22495722125751294,23.02628932329306,22.200900882621905
572,22.84,0.93,1,-0.059,0.305,0.099,-0.002,0.021,0.0,0.0,0.0,0.0,0.0,1.72,0.0,0.0,0.6,0.38,0.0,1.2,0.73,0.74,0.68,2.0,0.0,0.0,0.0,0.0,0.0,0.0,0.0,0.0,0.0,0.0,1.0,0.0,1.0,1.0,0.0,1.0,1.0,1.0,0.0,0.22639449215409163,22.817756243767654,22.60353954583211
573,22.88,0.93,1,-0.063,0.314,0.113,0.003,0.019,0.0,0.0,0.0,0.0,0.0,1.81,0.0,0.0,0.45,0.24,0.0,1.28,0.7,0.75,0.53,1.96,0.0,0.0,0.0,0.0,0.0,0.0,0.0,0.0,0.0,0.0,1.0,0.0,1.0,1.0,0.0,1.0,1.0,1.0,0.0,0.22025048757865168,23.007824755939012,22.701982292302187
574,22.92,0.93,1,-0.061,0.296,0.096,-0.001,0.024,0.0,0.0,0.0,0.0,0.01,1.91,0.0,0.0,0.54,0.32,0.0,1.25,0.87,0.95,0.32,1.93,0.0,0.0,0.0,0.0,0.0,0.0,0.0,0.0,0.0,0.0,1.0,0.0,1.0,1.0,0.0,1.0,1.0,1.0,0.0,0.2255039536926567,23.01390883791799,23.000217390276987
575,22.96,0.93,1,-0.063,0.32,0.129,-0.01,0.016,0.0,0.0,0.0,0.0,0.03,1.94,0.0,0.0,0.62,0.29,0.0,1.16,0.79,0.94,0.38,1.82,0.0,0.0,0.0,0.0,0.0,0.0,0.0,0.0,0.0,0.0,1.0,0.0,1.0,1.0,0.0,1.0,1.0,1.0,0.0,0.21331272146639568,23.036709834522807,22.801973598791793
576,23.0,0.93,1,-0.063,0.325,0.135,-0.015,0.013,0.0,0.0,0.0,0.0,0.09,2.04,0.0,0.0,0.8,0.25,0.0,0.93,0.9,0.93,0.62,1.74,0.0,0.0,0.0,0.0,0.0,0.0,0.0,0.0,0.0,1.0,1.0,0.0,1.0,1.0,0.0,1.0,1.0,1.0,0.0,0.20182942448967417,22.91767876552955,23.103462943896663
577,23.04,0.93,1,-0.06,0.31,0.125,-0.014,0.015,0.04,0.0,0.0,0.0,0.16,2.21,0.0,0.06,0.89,0.18,0.07,0.71,0.84,0.66,0.93,1.77,0.0,0.0,0.0,0.0,0.0,0.0,0.0,0.0,0.0,1.0,1.0,0.0,1.0,1.0,0.0,1.0,1.0,0.0,0.0,0.20157262964058376,22.731695933211892,23.4008546852461
578,23.08,0.98,1,-0.046,0.305,0.118,-0.011,0.016,0.09,0.0,0.0,0.0,0.2,2.36,0.0,0.13,0.92,0.1,0.1,0.61,0.79,0.46,1.17,1.86,0.0,0.0,0.0,0.0,0.0,0.0,0.0,0.0,0.0,1.0,1.0,0.0,1.0,1.0,0.0,1.0,1.0,0.0,0.0,0.1939054207359091,22.907858913481935,23.503404008781366
579,23.12,0.98,1,-0.039,0.297,0.115,-0.016,0.013,0.1,0.0,0.0,0.0,0.21,2.4,0.0,0.22,0.89,0.08,0.22,0.7,0.56,0.37,1.19,1.93,0.0,0.0,0.0,0.0,0.0,0.0,0.0,0.0,0.0,1.0,1.0,0.0,1.0,0.0,0.0,1.0,1.0,0.0,0.0,0.20218398731156845,22.418073066166812,23.605296015936897
580,23.16,0.98,1,-0.03,0.3,0.109,-0.02,0.013,0.1,0.02,0.0,0.0,0.23,2.38,0.0,0.25,0.88,0.06,0.21,0.67,0.42,0.22,1.22,1.86,0.0,0.0,0.0,0.0,0.0,0.0,1.0,0.0,0.0,1.0,1.0,0.0,1.0,0.0,0.0,1.0,1.0,0.0,0.0,0.19388538807344174,22.50799857828323,23.50531854708632
581,23.2,0.98,1,-0.023,0.299,0.101,-0.011,-0.017,0.09,0.08,0.0,0.0,0.19,2.19,0.0,0.19,0.84,0.02,0.28,0.59,0.27,0.11,1.22,1.8,0.0,0.0,0.0,0.0,0.0,0.0,1.0,0.0,0.0,1.0,1.0,0.0,1.0,0.0,0.0,1.0,1.0,0.0,0.0,0.19798237862428192,21.80825531765432,23.30193125043497
582,23.24,0.98,1,-0.03,0.289,0.095,-0.02,0.001,0.09,0.08,0.0,0.0,0.19,2.21,0.0,0.17,0.85,0.24,0.23,0.56,0.3,0.02,1.15,1.68,0.0,0.0,0.0,0.0,0.0,0.0,1.0,0.0,0.0,1.0,1.0,0.0,1.0,0.0,0.0,1.0,1.0,0.0,0.0,0.19148374583057448,22.403571143904582,23.199999999999818
583,23.28,0.98,1,-0.019,0.292,0.077,-0.012,-0.021,0.05,0.06,0.0,0.0,0.19,2.16,0.0,0.24,0.89,0.53,0.31,0.73,0.41,0.28,1.02,1.61,0.0,0.0,0.0,0.0,0.0,0.0,1.0,0.0,0.0,1.0,1.0,0.0,0.0,0.0,0.0,1.0,1.0,0.0,0.0,0.19261362957774297,21.302112571292035,23.105410621756885
584,23.32,0.98,1,-0.022,0.279,0.061,-0.021,-0.017,0.0,0.0,0.0,0.0,0.27,2.39,0.0,0.43,1.05,1.03,0.25,0.82,0.6,0.37,1.01,1.5,0.0,0.0,0.0,0.0,0.0,0.0,1.0,0.0,0.0,1.0,1.0,0.0,0.0,1.0,0.0,1.0,1.0,0.0,0.0,0.18966227431976235,22.70088104017115,22.300224214119645
585,23.36,0.98,1,-0.004,0.277,0.062,-0.019,-0.041,0.02,0.0,0.0,0.0,0.36,2.51,0.0,0.63,1.23,1.24,0.18,0.67,0.77,0.51,1.02,1.36,0.0,0.0,0.0,0.0,0.0,1.0,1.0,0.0,0.0,1.0,1.0,0.0,1.0,1.0,0.0,1.0,1.0,0.0,0.0,0.1929656846362475,21.800917411889067,23.000217390276987
586,23.4,0.98,1,-0.003,0.276,0.058,-0.013,-0.043,0.02,0.0,0.0,0.0,0.34,2.57,0.02,0.57,1.27,1.17,0.04,0.64,0.9,0.4,1.06,1.35,0.0,0.0,0.0,0.0,0.0,1.0,1.0,0.0,0.0,1.0,1.0,0.0,1.0,1.0,0.0,1.0,1.0,0.0,0.0,0.20540499579715907,21.00095235935742,23.400213674238195
587,23.44,0.98,1,-0.011,0.291,0.064,-0.015,-0.012,0.02,0.02,0.0,0.0,0.32,2.53,0.02,0.44,1.24,1.03,0.01,0.68,1.06,0.37,0.94,1.25,0.0,0.0,0.0,0.0,0.0,1.0,1.0,0.0,0.0,1.0,1.0,0.0,1.0,1.0,0.0,1.0,1.0,0.0,0.0,0.19750800933578194,22.20360331117456,23.80189068120425
588,23.48,0.98,1,0.005,0.294,0.071,-0.01,-0.028,0.0,0.02,0.0,0.0,0.16,2.22,0.02,0.21,1.16,0.78,0.0,0.92,1.12,0.34,0.91,1.4,0.0,0.0,0.0,0.0,0.0,0.0,1.0,0.0,0.0,1.0,1.0,0.0,1.0,1.0,0.0,1.0,1.0,0.0,0.0,0.19308673054082146,22.005681084665387,23.800840321299535
589,23.52,0.98,1,-0.017,0.301,0.075,-0.015,-0.007,0.0,0.02,0.0,0.0,0.16,2.11,0.0,0.19,1.22,0.82,0.0,0.94,1.11,0.34,0.82,1.37,0.0,0.0,0.0,0.0,0.0,0.0,1.0,0.0,0.0,1.0,1.0,0.0,1.0,1.0,0.0,0.0,1.0,0.0,0.0,0.19967244274815055,22.403571143904806,23.40192299790776
590,23.56,0.98,1,-0.011,0.294,0.064,-0.013,-0.017,0.0,0.0,0.0,0.0,0.15,2.06,0.03,0.24,1.25,0.75,0.0,0.98,1.11,0.3,0.82,1.43,0.2,0.0,0.0,0.0,0.0,0.0,1.0,0.0,0.0,1.0,1.0,0.0,1.0,1.0,0.0,0.0,1.0,0.0,0.0,0.19948670945698965,22.205629916757644,23.403418553706924
591,23.6,0.98,1,-0.029,0.317,0.056,-0.005,-0.02,0.16,0.01,0.0,0.0,0.15,1.57,0.03,0.24,1.27,0.89,0.0,0.99,1.12,0.19,0.82,1.38,0.85,0.0,0.0,0.0,0.0,0.0,1.0,0.0,0.0,1.0,1.0,0.0,1.0,1.0,0.0,0.0,0.0,0.0,1.0,0.17943678068071328,17.840403582878906,18.45318400710281
592,23.64,0.98,1,-0.024,0.423,0.055,-0.021,-0.0,0.16,0.01,0.0,0.0,0.07,1.67,0.07,0.16,1.1,0.96,0.03,1.03,0.87,0.04,0.6,1.13,1.18,0.0,0.0,0.0,0.0,0.0,1.0,0.0,0.0,1.0,1.0,0.0,1.0,1.0,0.0,0.0,0.0,0.0,1.0,0.1657085239595082,14.313629868066364,18.959430371189818
593,23.68,0.98,1,-0.014,0.352,0.057,-0.006,-0.013,0.16,0.01,0.0,0.0,0.0,1.68,0.04,0.03,0.89,0.9,0.1,1.26,0.63,0.16,0.35,1.0,1.1,0.0,0.0,0.0,0.0,0.0,1.0,0.0,0.0,0.0,1.0,0.0,1.0,1.0,0.0,0.0,0.0,0.0,1.0,0.16948495258651858,17.5182761709022,17.75528090456453
594,23.72,0.98,1,-0.039,0.35,0.06,-0.009,0.001,0.0,0.0,0.0,0.0,0.0,2.22,0.04,0.0,0.72,0.86,0.14,1.36,0.46,0.25,0.05,0.72,0.49,0.0,0.0,0.0,0.0,0.0,1.0,0.0,0.0,0.0,1.0,0.0,1.0,1.0,0.0,0.0,0.0,0.0,1.0,0.16050774884190944,16.199999999999818,18.154062906137487
595,23.76,0.98,1,-0.042,0.325,0.051,-0.002,-0.016,0.0,0.0,0.0,0.0,0.0,2.14,0.0,0.0,0.69,0.8,0.22,1.55,0.49,0.46,0.01,0.78,0.16,0.0,0.0,0.0,0.0,0.0,1.0,0.0,0.0,0.0,1.0,0.0,1.0,1.0,0.0,0.0,0.0,0.0,1.0,0.1642631451238868,18.013605968822567,18.609674903124894
596,23.8,0.98,1,-0.045,0.322,0.057,-0.008,-0.004,0.01,0.0,0.0,0.0,0.0,2.07,0.0,0.0,0.69,0.79,0.29,1.52,0.55,0.57,0.0,0.8,0.04,0.0,0.0,0.0,0.0,0.0,1.0,0.0,0.0,0.0,1.0,0.0,1.0,1.0,0.0,0.0,0.0,0.0,0.0,0.1964009601752827,17.81796845883386,18.706683297688066
597,23.84,0.98,1,-0.039,0.312,0.044,-0.01,0.002,0.05,0.0,0.0,0.0,0.0,2.21,0.0,0.0,0.67,0.79,0.35,1.48,0.56,0.67,0.0,0.79,0.0,0.0,0.0,0.0,0.0,0.0,0.0,0.0,0.0,0.0,1.0,0.0,1.0,1.0,0.0,0.0,0.0,0.0,0.0,0.18406975385646007,18.921416437465865,19.40412327316013
598,23.88,0.98,1,-0.035,0.291,0.046,0.004,-0.023,0.05,0.0,0.0,0.0,0.0,2.07,0.0,0.0,0.65,0.72,0.29,1.38,0.59,0.78,0.0,0.78,0.0,0.0,0.0,0.0,0.0,0.0,0.0,0.0,0.0,0.0,1.0,0.0,1.0,1.0,0.0,0.0,0.0,0.0,0.0,0.197327350276309,20.611889772652972,19.401030900444532
599,23.92,0.98,1,-0.032,0.3,0.049,0.003,-0.014,0.04,0.0,0.0,0.0,0.0,1.92,0.0,0.0,0.62,0.68,0.27,1.42,0.53,0.88,0.0,0.7,0.0,0.0,0.0,0.0,0.0,0.0,0.0,0.0,0.0,0.0,1.0,0.0,1.0,1.0,0.0,0.0,0.0,0.0,0.0,0.19439806356369488,20.306156701847797,20.20222759994555
600,23.96,0.98,1,-0.04,0.29,0.039,-0.0,-0.01,0.0,0.0,0.0,0.0,0.0,1.7,0.0,0.0,0.67,0.6,0.17,1.55,0.4,1.09,0.0,0.8,0.0,0.0,0.0,0.0,0.0,0.0,0.0,0.0,0.0,0.0,1.0,0.0,1.0,0.0,0.0,0.0,0.0,0.0,0.0,0.2028012386575792,20.70096616102741,20.002249873451735
601,24.0,0.98,1,-0.047,0.296,0.046,-0.005,-0.01,0.0,0.0,0.0,0.0,0.0,1.74,0.0,0.0,0.73,0.6,0.12,1.65,0.39,1.15,0.0,0.79,0.0,0.0,0.0,0.0,0.0,0.0,0.0,0.0,0.0,1.0,1.0,0.0,1.0,0.0,0.0,0.0,0.0,0.0,0.0,0.19866892357559973,21.40840956259955,20.708693826506824
602,24.04,0.98,1,-0.045,0.25,0.032,-0.009,-0.006,0.0,0.0,0.0,0.0,0.04,2.1,0.07,0.0,0.84,0.76,0.0,1.57,0.3,1.08,0.01,0.71,0.0,0.0,0.0,0.0,0.0,0.0,0.0,0.0,0.0,1.0,1.0,0.0,1.0,0.0,0.0,0.0,0.0,0.0,0.0,0.2190221110556805,21.400934559032788,20.31206537996585
603,24.08,0.98,1,-0.026,0.275,0.049,0.008,-0.034,0.0,0.04,0.0,0.0,0.04,2.27,0.07,0.0,0.95,0.89,0.0,1.56,0.26,1.04,0.01,0.66,0.0,0.0,0.0,0.0,0.0,0.0,0.0,0.0,0.0,1.0,1.0,0.0,1.0,0.0,0.0,0.0,0.0,0.0,0.0,0.2084472599371492,20.21583537724825,21.10213259365025
604,24.12,0.98,1,-0.022,0.278,0.043,-0.005,-0.021,0.0,0.04,0.0,0.0,0.04,2.45,0.09,0.0,1.01,1.0,0.0,1.57,0.24,1.02,0.01,0.7,0.0,0.0,0.0,0.0,0.0,0.0,1.0,0.0,0.0,1.0,1.0,0.0,1.0,0.0,0.0,0.0,0.0,0.0,0.0,0.1960330704254736,21.00380917833715,21.21155345560532
605,24.16,0.98,1,-0.028,0.289,0.055,-0.009,-0.016,0.0,0.04,0.0,0.0,0.0,2.39,0.03,0.0,1.07,0.97,0.0,1.69,0.33,1.11,0.0,0.84,0.0,0.0,0.0,0.0,0.0,0.0,1.0,0.0,0.0,1.0,1.0,0.0,1.0,0.0,0.0,0.0,0.0,0.0,0.0,0.19866570794843358,21.423351745233383,21.311499243366196
606,24.2,0.98,1,-0.021,0.28,0.048,-0.015,-0.011,0.0,0.0,0.0,0.0,0.01,2.38,0.03,0.05,1.13,1.07,0.0,1.67,0.38,1.01,0.0,0.78,0.0,0.0,0.0,0.0,0.0,0.0,1.0,0.0,0.0,1.0,1.0,0.0,1.0,0.0,0.0,0.0,0.0,0.0,0.0,0.20130773045793576,22.114474897677454,20.611889772652976
607,24.24,0.98,1,-0.016,0.286,0.056,-0.0,-0.035,0.0,0.0,0.0,0.0,0.01,2.16,0.01,0.05,1.17,1.09,0.0,1.7,0.28,0.99,0.04,0.68,0.0,0.0,0.0,0.0,0.0,0.0,1.0,0.0,0.0,1.0,1.0,0.0,1.0,0.0,0.0,0.0,0.0,0.0,0.0,0.19922104954295738,21.51139233057684,21.911184358678653
608,24.28,0.98,1,-0.016,0.274,0.051,-0.004,-0.022,0.0,0.0,0.0,0.0,0.01,2.03,0.02,0.04,1.17,1.13,0.02,1.7,0.27,1.0,0.04,0.65,0.0,0.0,0.0,0.0,0.0,0.0,1.0,0.0,0.0,1.0,1.0,0.0,1.0,0.0,0.0,0.0,0.0,0.0,0.0,0.20630803754747998,21.523243250030884,22.21823575354267
609,24.32,0.98,1,-0.02,0.28,0.055,-0.01,-0.015,0.0,0.0,0.0,0.0,0.0,2.06,0.02,0.0,1.13,1.05,0.02,1.7,0.37,1.13,0.11,0.77,0.0,0.0,0.0,0.0,0.0,0.0,1.0,0.0,0.0,1.0,1.0,0.0,1.0,0.0,0.0,0.0,0.0,0.0,0.0,0.21430863122923832,21.718655575334353,22.614154859291023
610,24.36,0.98,1,-0.027,0.288,0.06,-0.013,-0.01,0.0,0.0,0.0,0.0,0.0,2.1,0.02,0.02,1.2,1.15,0.02,1.65,0.53,1.04,0.11,0.76,0.0,0.0,0.0,0.0,0.0,0.0,1.0,0.0,0.0,1.0,1.0,0.0,1.0,0.0,0.0,0.0,0.0,0.0,0.0,0.21174988531640299,21.54553317975677,22.910696191953754
611,24.4,0.98,1,-0.015,0.287,0.064,-0.006,-0.027,0.0,0.0,0.0,0.0,0.0,1.94,0.0,0.04,1.27,1.13,0.0,1.62,0.58,0.93,0.14,0.73,0.0,0.0,0.0,0.0,0.0,0.0,0.0,0.0,0.0,1.0,1.0,0.0,1.0,0.0,0.0,0.0,0.0,0.0,0.0,0.20939572872158463,21.01523257068548,23.503404008781366
612,24.44,0.98,1,-0.013,0.28,0.054,-0.007,-0.012,0.0,0.0,0.0,0.0,0.0,1.81,0.0,0.05,1.31,1.11,0.0,1.58,0.42,0.82,0.13,0.59,0.0,0.0,0.0,0.0,0.0,0.0,1.0,0.0,0.0,1.0,1.0,0.0,1.0,0.0,0.0,0.0,0.0,0.0,0.0,0.20321478926239334,21.63330765278384,23.81344158243402
613,24.48,0.98,1,-0.013,0.288,0.056,-0.015,-0.005,0.0,0.0,0.0,0.0,0.0,1.83,0.0,0.11,1.3,1.04,0.0,1.49,0.36,0.77,0.09,0.5,0.0,0.0,0.0,0.0,0.0,0.0,1.0,0.0,0.0,1.0,1.0,0.0,1.0,0.0,0.0,0.0,0.0,0.0,0.0,0.2054460997000072,22.34390297150429,23.417301296263698
614,24.52,0.98,1,-0.007,0.281,0.061,-0.006,-0.026,0.0,0.0,0.0,0.0,0.01,2.04,0.0,0.17,1.27,1.03,0.04,1.39,0.28,0.64,0.13,0.44,0.0,0.0,0.0,0.0,0.0,0.0,0.0,0.0,0.0,1.0,1.0,0.0,1.0,0.0,0.0,0.0,0.0,0.0,0.0,0.210907814169213,21.333776037073182,23.700210969525187
615,24.56,0.98,1,-0.011,0.29,0.067,-0.019,-0.009,0.0,0.0,0.0,0.0,0.02,2.1,0.0,0.24,1.27,1.15,0.04,1.38,0.35,0.48,0.1,0.42,0.0,0.0,0.0,0.0,0.0,0.0,0.0,0.0,0.0,1.0,1.0,0.0,1.0,0.0,0.0,0.0,0.0,0.0,0.0,0.22818409621797853,22.539077177204792,23.30085835328814
616,24.6,0.98,1,0.007,0.292,0.07,-0.006,-0.027,0.0,0.0,0.0,0.0,0.02,1.96,0.02,0.21,1.21,1.06,0.08,1.44,0.35,0.45,0.2,0.58,0.0,0.0,0.0,0.0,0.0,0.0,0.0,0.0,0.0,1.0,1.0,0.0,1.0,0.0,0.0,0.0,0.0,0.0,0.0,0.2208726575777711,22.318826134006056,23.300000000000182
617,24.64,0.98,1,-0.016,0.285,0.059,-0.016,-0.008,0.0,0.0,0.0,0.0,0.03,1.82,0.05,0.21,1.24,1.15,0.05,1.37,0.38,0.34,0.15,0.59,0.0,0.0,0.0,0.0,0.0,0.0,0.0,0.0,0.0,1.0,1.0,0.0,1.0,0.0,0.0,0.0,0.0,0.0,0.0,0.22125475008694298,22.52820454452582,22.600000000000136
618,24.68,0.98,1,0.004,0.294,0.067,-0.011,-0.025,0.0,0.0,0.0,0.0,0.03,1.67,0.05,0.16,1.19,0.98,0.13,1.35,0.38,0.39,0.15,0.69,0.0,0.0,0.0,0.0,0.0,0.0,0.0,0.0,0.0,1.0,1.0,0.0,1.0,0.0,0.0,0.0,0.0,0.0,0.0,0.23896328788382298,22.539077177204792,22.80789337049781
619,24.72,0.98,1,-0.01,0.283,0.068,-0.015,-0.011,0.0,0.0,0.0,0.0,0.03,1.88,0.03,0.17,1.18,1.06,0.24,1.3,0.38,0.31,0.05,0.51,0.0,0.0,0.0,0.0,0.0,0.0,0.0,0.0,0.0,1.0,1.0,0.0,1.0,0.0,0.0,0.0,0.0,0.0,0.0,0.23451806718495613,22.165062598603242,22.2009008826219
620,24.76,0.98,1,-0.017,0.269,0.074,-0.009,-0.028,0.0,0.0,0.0,0.0,0.0,1.73,0.0,0.17,1.08,0.89,0.39,1.44,0.3,0.48,0.02,0.57,0.0,0.0,0.0,0.0,0.0,0.0,0.0,0.0,0.0,1.0,1.0,0.0,1.0,0.0,0.0,0.0,0.0,0.0,0.0,0.21252634487588648,21.51278689523964,23.000869548780106
621,24.8,0.98,1,-0.004,0.274,0.07,-0.019,-0.014,0.0,0.0,0.0,0.0,0.06,1.95,0.0,0.18,1.02,0.91,0.48,1.43,0.38,0.4,0.0,0.45,0.0,0.0,0.0,0.0,0.0,0.0,1.0,0.0,0.0,1.0,1.0,0.0,1.0,0.0,0.0,0.0,0.0,0.0,0.0,0.24077523133954426,21.867327225795158,21.40840956259955
622,24.84,0.98,1,-0.023,0.249,0.069,-0.007,-0.031,0.0,0.0,0.0,0.0,0.06,1.73,0.0,0.14,0.98,0.77,0.5,1.49,0.3,0.49,0.0,0.58,0.0,0.0,0.0,0.0,0.0,0.0,0.0,0.0,0.0,1.0,1.0,0.0,1.0,0.0,0.0,0.0,0.0,0.0,0.0,0.21283529407269766,21.821548982599786,22.000227271553356
623,24.88,0.98,1,-0.003,0.27,0.073,-0.017,-0.014,0.0,0.0,0.0,0.0,0.07,2.08,0.0,0.17,0.98,0.82,0.48,1.38,0.3,0.37,0.05,0.45,0.0,0.0,0.0,0.0,0.0,0.0,1.0,0.0,0.0,1.0,1.0,0.0,1.0,0.0,0.0,0.0,0.0,0.0,0.0,0.24501276060655008,22.30269042066441,20.600970850909082
624,24.92,0.98,1,-0.026,0.25,0.068,-0.01,-0.029,0.0,0.0,0.0,0.0,0.01,1.84,0.0,0.13,1.0,0.74,0.53,1.49,0.12,0.49,0.05,0.49,0.0,0.0,0.0,0.0,0.0,0.0,0.0,0.0,0.0,1.0,1.0,0.0,1.0,0.0,0.0,0.0,0.0,0.0,0.0,0.21845437578196716,21.434784813475453,20.802163349036515
625,24.96,0.98,1,0.001,0.258,0.064,-0.016,-0.016,0.0,0.0,0.0,0.0,0.01,1.99,0.0,0.13,1.03,0.83,0.55,1.34,0.27,0.4,0.09,0.39,0.0,0.0,0.0,0.0,0.0,0.0,1.0,0.0,0.0,1.0,1.0,0.0,1.0,0.0,0.0,0.0,0.0,0.0,0.0,0.2519358140934917,22.190313201935655,20.40220576310303
626,25.0,0.98,1,-0.023,0.251,0.069,-0.01,-0.031,0.0,0.0,0.0,0.0,0.0,1.67,0.0,0.03,1.05,0.71,0.46,1.39,0.42,0.47,0.1,0.5,0.0,0.0,0.0,0.0,0.0,0.0,0.0,0.0,0.0,1.0,1.0,0.0,1.0,0.0,0.0,0.0,0.0,0.0,0.0,0.2194682575666144,20.751144546747206,20.500243900988107
627,25.04,0.98,1,-0.008,0.248,0.06,-0.019,-0.015,0.0,0.0,0.0,0.0,0.0,1.83,0.0,0.03,1.08,0.8,0.32,1.19,0.57,0.38,0.19,0.48,0.0,0.0,0.0,0.0,0.0,0.0,0.0,0.0,0.0,1.0,1.0,0.0,1.0,0.0,0.0,0.0,0.0,0.0,0.0,0.2797104402655183,22.627416997969394,21.918485349129487
628,25.08,0.98,1,-0.004,0.253,0.066,-0.006,-0.032,0.0,0.0,0.0,0.0,0.0,1.69,0.0,0.01,1.04,0.71,0.26,1.33,0.41,0.51,0.16,0.64,0.0,0.0,0.0,0.0,0.0,0.0,0.0,0.0,0.0,1.0,1.0,0.0,1.0,0.0,0.0,0.0,0.0,0.0,0.0,0.24173556312199482,21.992044015961724,22.80789337049781
629,25.12,0.98,1,-0.022,0.25,0.061,-0.016,-0.014,0.0,0.0,0.0,0.0,0.0,1.78,0.0,0.02,1.02,0.89,0.35,1.34,0.3,0.41,0.23,0.54,0.0,0.0,0.0,0.0,0.0,0.0,0.0,0.0,0.0,1.0,1.0,0.0,1.0,0.0,0.0,0.0,0.0,0.0,0.0,0.23760664492587658,21.595601403989757,23.007824755939012
630,25.16,0.98,1,0.002,0.256,0.062,-0.008,-0.034,0.0,0.0,0.0,0.0,0.0,1.52,0.0,0.02,0.94,0.85,0.3,1.46,0.27,0.48,0.24,0.63,0.0,0.0,0.0,0.0,0.0,0.0,0.0,0.0,0.0,1.0,1.0,0.0,1.0,0.0,0.0,0.0,0.0,0.0,0.0,0.2520175360179494,21.807338214463407,22.81403077055867
631,25.2,0.98,1,-0.035,0.267,0.053,-0.014,-0.012,0.0,0.0,0.0,0.0,0.0,1.37,0.03,0.15,0.98,1.08,0.27,1.45,0.42,0.26,0.29,0.63,0.56,0.0,0.0,0.0,0.0,0.0,0.0,0.0,0.0,1.0,1.0,0.0,1.0,0.0,0.0,0.0,0.0,0.0,0.0,0.20802743197820384,22.638462845343543,23.101947969814056
632,25.24,0.98,1,0.02,0.404,0.057,-0.014,-0.031,0.18,0.0,0.0,0.0,0.0,0.81,0.07,0.32,1.04,1.25,0.3,1.36,0.62,0.19,0.3,0.68,1.32,0.0,0.0,0.0,0.0,0.0,0.0,0.0,0.0,1.0,1.0,0.0,1.0,0.0,0.0,0.0,0.0,0.0,1.0,0.18425810929835662,18.302458851203756,21.711747972008062
633,25.28,0.98,1,-0.018,0.424,0.066,-0.013,-0.037,0.18,0.0,0.0,0.0,0.0,0.5,0.1,0.48,1.09,1.62,0.37,1.34,0.71,0.0,0.32,0.59,1.97,0.0,0.0,0.0,0.0,0.0,0.0,0.0,0.0,1.0,1.0,0.0,1.0,0.0,0.0,0.0,0.0,0.0,1.0,0.1816221122320032,16.410362579784728,21.423818520516072
634,25.32,0.98,1,0.001,0.408,0.044,-0.021,-0.031,0.18,0.0,0.0,0.0,0.0,0.78,0.12,0.4,1.1,1.5,0.37,1.24,0.71,0.0,0.33,0.49,1.9,0.0,0.0,0.0,0.0,0.0,0.0,0.0,0.0,1.0,1.0,0.0,1.0,0.0,0.0,0.0,0.0,0.0,1.0,0.17438670669634143,17.223530416264655,22.081893034792103
635,25.36,0.98,1,-0.015,0.348,0.045,0.001,-0.039,0.0,0.0,0.0,0.0,0.04,1.26,0.08,0.29,1.05,1.27,0.29,1.45,0.49,0.08,0.26,0.59,1.33,0.0,0.0,0.0,0.0,0.0,0.0,0.0,0.0,1.0,1.0,0.0,1.0,0.0,0.0,0.0,0.0,0.0,1.0,0.1835840682043312,18.609674903124898,20.529247428973232
636,25.4,0.98,1,-0.005,0.343,0.051,-0.012,-0.021,0.0,0.0,0.0,0.0,0.06,1.9,0.13,0.15,1.08,0.97,0.28,1.4,0.44,0.17,0.13,0.61,0.73,0.0,0.0,0.0,0.0,0.0,0.0,0.0,0.0,1.0,1.0,0.0,1.0,0.0,0.0,0.0,0.0,0.0,1.0,0.1643923388937175,17.202616080119952,17.67257762749953
637,25.44,0.98,1,-0.028,0.323,0.05,-0.005,-0.032,0.0,0.0,0.0,0.0,0.06,1.91,0.08,0.09,1.1,0.85,0.28,1.56,0.4,0.28,0.07,0.71,0.25,0.0,0.0,0.0,0.0,0.0,0.0,0.0,0.0,1.0,1.0,0.0,1.0,0.0,0.0,0.0,0.0,0.0,1.0,0.17896674596708684,18.002499826412997,18.752333188166258
638,25.48,0.98,1,-0.034,0.324,0.059,-0.014,-0.016,0.0,0.0,0.0,0.0,0.02,2.13,0.08,0.1,1.13,0.85,0.35,1.46,0.48,0.33,0.04,0.71,0.05,0.0,0.0,0.0,0.0,0.0,0.0,0.0,0.0,1.0,1.0,0.0,1.0,0.0,0.0,0.0,0.0,0.0,0.0,0.19448793421314303,18.101104938649375,19.730686759461815
639,25.52,0.98,1,-0.013,0.304,0.056,-0.008,-0.032,0.0,0.0,0.0,0.0,0.07,2.09,0.01,0.29,1.12,0.76,0.42,1.54,0.44,0.43,0.04,0.72,0.0,0.0,0.0,0.0,0.0,0.0,0.0,0.0,0.0,1.0,1.0,0.0,1.0,0.0,0.0,0.0,0.0,0.0,0.0,0.20889994637491532,19.401030900444532,20.719555979798457
640,25.56,0.98,1,-0.033,0.316,0.061,-0.016,-0.028,0.0,0.0,0.0,0.0,0.07,2.0,0.05,0.38,1.13,0.71,0.37,1.43,0.42,0.38,0.11,0.6,0.0,0.0,0.0,0.0,0.0,0.0,0.0,0.0,0.0,1.0,1.0,0.0,1.0,0.0,0.0,0.0,0.0,0.0,0.0,0.1945694331982264,20.70096616102741,20.806008747474806
641,25.6,0.98,1,-0.014,0.315,0.061,-0.005,-0.039,0.0,0.0,0.0,0.0,0.06,1.76,0.04,0.43,1.11,0.59,0.28,1.41,0.39,0.4,0.11,0.66,0.0,0.0,0.0,0.0,0.0,0.0,0.0,0.0,0.0,1.0,1.0,0.0,1.0,0.0,0.0,0.0,0.0,0.0,0.0,0.20449947069009694,20.000249998437518,21.208488866489105
642,25.64,0.98,1,-0.014,0.299,0.061,-0.014,-0.02,0.0,0.0,0.0,0.0,0.0,1.73,0.04,0.33,1.04,0.57,0.15,1.3,0.49,0.31,0.14,0.75,0.0,0.0,0.0,0.0,0.0,0.0,0.0,0.0,0.0,1.0,1.0,0.0,1.0,0.0,0.0,0.0,0.0,0.0,0.0,0.21547751715370006,21.11160818128255,21.208488866489333
643,25.68,0.98,1,0.004,0.297,0.063,-0.009,-0.035,0.0,0.0,0.0,0.0,0.01,1.77,0.0,0.37,0.95,0.64,0.29,1.31,0.42,0.41,0.1,0.87,0.0,0.0,0.0,0.0,0.0,0.0,0.0,0.0,0.0,1.0,1.0,1.0,1.0,0.0,0.0,0.0,0.0,0.0,0.0,0.22892390507169433,20.647518010647094,21.908217636311814
644,25.72,0.98,1,-0.011,0.299,0.063,-0.018,-0.029,0.0,0.0,0.0,0.0,0.01,1.75,0.0,0.4,0.9,0.7,0.44,1.21,0.41,0.33,0.06,0.76,0.0,0.0,0.0,0.0,0.0,0.0,0.0,0.0,0.0,1.0,1.0,0.0,1.0,0.0,0.0,0.0,0.0,0.0,0.0,0.2198133345094759,21.645322820415636,22.000909072126998
645,25.76,0.98,1,-0.02,0.3,0.063,-0.008,-0.037,0.0,0.0,0.0,0.0,0.02,1.71,0.0,0.42,0.88,0.74,0.54,1.31,0.34,0.39,0.07,0.78,0.0,0.0,0.0,0.0,0.0,0.0,0.0,0.0,0.0,1.0,1.0,1.0,1.0,0.0,0.0,0.0,0.0,0.0,0.0,0.2024931158759558,22.150846484954158,22.10090495884718
646,25.8,0.98,1,-0.015,0.301,0.066,-0.019,-0.028,0.0,0.0,0.0,0.0,0.01,1.75,0.01,0.45,0.88,0.76,0.48,1.3,0.39,0.29,0.1,0.72,0.0,0.0,0.0,0.0,0.0,0.0,1.0,0.0,0.0,0.0,1.0,1.0,1.0,0.0,0.0,0.0,0.0,0.0,0.0,0.22117820141056124,22.450167037240593,21.903652663425888
647,25.84,0.98,1,-0.008,0.296,0.071,-0.011,-0.039,0.0,0.0,0.0,0.0,0.01,1.97,0.01,0.44,0.86,0.73,0.48,1.39,0.42,0.39,0.09,0.72,0.0,0.0,0.0,0.0,0.0,0.0,1.0,0.0,0.0,0.0,1.0,1.0,1.0,0.0,0.0,0.0,0.0,0.0,0.0,0.22300272529605802,22.489108474992822,22.011133546457803
648,25.88,0.98,1,-0.009,0.295,0.067,-0.011,-0.033,0.0,0.0,0.0,0.0,0.0,1.86,0.01,0.42,0.84,0.71,0.44,1.38,0.27,0.42,0.08,0.64,0.0,0.0,0.0,0.0,0.0,0.0,1.0,0.0,0.0,0.0,1.0,1.0,1.0,0.0,0.0,0.0,0.0,0.0,0.0,0.21155016822547829,22.380795338861347,23.40769104375748
649,25.92,0.98,1,-0.02,0.288,0.06,-0.019,-0.027,0.0,0.0,0.0,0.0,0.0,1.67,0.0,0.37,0.84,0.71,0.47,1.32,0.25,0.39,0.04,0.6,0.0,0.0,0.0,0.0,0.0,0.0,1.0,0.0,0.0,0.0,1.0,0.0,1.0,0.0,0.0,0.0,0.0,0.0,0.0,0.21513405336258973,22.697356674291303,23.210557942453732
650,25.96,0.98,1,-0.015,0.288,0.065,-0.009,-0.039,0.0,0.0,0.0,0.0,0.01,1.56,0.0,0.33,0.88,0.83,0.41,1.34,0.18,0.33,0.13,0.49,0.0,0.0,0.0,0.0,0.0,0.0,1.0,0.0,0.0,0.0,1.0,0.0,1.0,0.0,0.0,0.0,0.0,0.0,0.0,0.23366157475968413,22.688322987828037,22.5055548698538
651,26.0,0.98,1,-0.006,0.284,0.071,-0.018,-0.034,0.0,0.0,0.0,0.0,0.06,1.8,0.03,0.3,0.91,0.96,0.37,1.27,0.29,0.21,0.1,0.46,0.0,0.0,0.0,0.0,0.0,0.0,1.0,0.0,0.0,0.0,1.0,0.0,1.0,0.0,0.0,0.0,0.0,0.0,0.0,0.2363014152000677,22.52820454452582,23.107790893982187
652,26.04,0.98,1,-0.012,0.288,0.064,-0.004,-0.042,0.0,0.0,0.0,0.0,0.06,1.94,0.03,0.21,0.95,0.83,0.27,1.22,0.31,0.22,0.15,0.45,0.0,0.0,0.0,0.0,0.0,0.0,1.0,0.0,0.0,0.0,1.0,0.0,1.0,0.0,0.0,0.0,0.0,0.0,0.0,0.20622770483407948,22.24095321698254,23.10021644920251
653,26.08,0.98,1,-0.0,0.271,0.063,-0.02,-0.021,0.0,0.0,0.0,0.0,0.06,1.98,0.03,0.27,0.91,0.7,0.2,1.1,0.31,0.19,0.1,0.48,0.0,0.0,0.0,0.0,0.0,0.0,1.0,0.0,0.0,0.0,1.0,0.0,1.0,0.0,0.0,0.0,0.0,0.0,0.0,0.2672535736642041,22.73785390048951,23.300214591286448
654,26.12,0.98,1,-0.016,0.291,0.07,-0.009,-0.036,0.0,0.0,0.0,0.0,0.01,1.66,0.0,0.24,0.91,0.56,0.13,1.02,0.24,0.2,0.17,0.44,0.0,0.0,0.0,0.0,0.0,0.0,1.0,0.0,0.0,0.0,1.0,0.0,1.0,0.0,0.0,0.0,0.0,0.0,0.0,0.21670020006355,22.38861317723793,22.700220263248593
655,26.16,0.98,1,-0.008,0.282,0.065,-0.026,-0.028,0.0,0.0,0.0,0.0,0.04,1.67,0.0,0.22,0.85,0.54,0.18,0.89,0.13,0.14,0.13,0.45,0.0,0.0,0.0,0.0,0.0,0.0,0.0,0.0,0.0,1.0,1.0,0.0,1.0,0.0,0.0,0.0,0.0,0.0,0.0,0.2574142338402419,22.936651891677606,23.31051264987556
656,26.2,0.98,1,-0.018,0.303,0.067,-0.001,-0.043,0.0,0.0,0.0,0.0,0.04,1.31,0.0,0.11,0.87,0.46,0.21,0.68,0.15,0.06,0.2,0.51,0.0,0.0,0.0,0.0,0.0,0.0,0.0,0.0,0.0,0.0,1.0,0.0,1.0,0.0,0.0,0.0,0.0,0.0,0.0,0.2038452105738674,22.35173371351765,22.50022222112484
657,26.24,0.98,1,-0.013,0.268,0.068,-0.025,-0.034,0.0,0.0,0.0,0.02,0.03,1.48,0.0,0.05,0.82,0.27,0.21,0.53,0.09,0.0,0.21,0.69,0.0,0.0,0.0,0.0,0.0,0.0,0.0,0.0,0.0,0.0,1.0,0.0,0.0,0.0,0.0,0.0,0.0,0.0,0.0,0.2652567509141813,23.036058690670245,23.82099913941474
658,26.28,0.98,1,-0.021,0.285,0.074,-0.001,-0.048,0.0,0.0,0.0,0.02,0.01,1.39,0.0,0.19,0.83,0.26,0.11,0.38,0.18,0.0,0.31,0.72,0.0,0.0,0.0,0.0,0.0,0.0,0.0,0.0,0.0,1.0,1.0,0.0,0.0,0.0,0.0,0.0,0.0,0.0,0.0,0.19789342300615098,22.388613177238152,23.60021186345594
659,26.32,0.98,1,-0.014,0.248,0.053,-0.031,-0.035,0.0,0.0,0.0,0.02,0.0,1.75,0.0,0.21,0.79,0.15,0.01,0.38,0.16,0.0,0.33,0.74,0.0,0.0,0.0,0.0,0.0,0.0,0.0,0.0,0.0,1.0,1.0,0.0,0.0,0.0,0.0,0.0,0.0,0.0,0.0,0.2787437001593065,22.87203532701018,23.713498265755778
660,26.36,0.98,1,-0.0,0.278,0.072,-0.009,-0.048,0.0,0.0,0.0,0.0,0.0,1.62,0.0,0.33,0.86,0.16,0.04,0.44,0.27,0.03,0.24,0.53,0.0,0.0,0.0,0.0,0.0,0.0,0.0,0.0,0.0,1.0,1.0,0.0,0.0,0.0,0.0,0.0,0.0,0.0,0.0,0.23583047996321227,23.067076104265965,22.903493183355106
661,26.4,0.98,1,0.003,0.277,0.063,-0.034,-0.037,0.0,0.0,0.0,0.0,0.0,1.71,0.0,0.27,0.83,0.15,0.06,0.55,0.18,0.03,0.13,0.49,0.0,0.0,0.0,0.0,0.0,0.0,1.0,0.0,0.0,1.0,1.0,0.0,0.0,0.0,0.0,0.0,0.0,0.0,0.0,0.2654313414897875,22.68611910398074,23.817010727629295
662,26.44,0.98,1,-0.013,0.27,0.071,-0.009,-0.045,0.0,0.0,0.0,0.0,0.0,1.76,0.0,0.28,0.83,0.18,0.13,0.55,0.26,0.09,0.0,0.4,0.0,0.0,0.0,0.0,0.0,0.0,1.0,0.0,0.0,1.0,1.0,0.0,0.0,0.0,0.0,0.0,0.0,0.0,0.0,0.21939278934442116,22.0336106891267,24.203305559365276
663,26.48,0.98,1,-0.015,0.249,0.059,-0.027,-0.034,0.0,0.0,0.0,0.0,0.0,1.88,0.0,0.21,0.78,0.16,0.12,0.47,0.17,0.06,0.0,0.51,0.0,0.0,0.0,0.0,0.0,0.0,1.0,0.0,0.0,1.0,1.0,0.0,0.0,0.0,0.0,0.0,0.0,0.0,0.0,0.2807512926533873,22.86000874890476,24.629250902128685
664,26.52,0.98,1,0.004,0.291,0.083,-0.012,-0.043,0.0,0.0,0.0,0.0,0.0,2.03,0.0,0.21,0.77,0.3,0.18,0.45,0.16,0.09,0.0,0.43,0.0,0.0,0.0,0.0,0.0,0.0,1.0,0.0,0.0,1.0,1.0,0.0,0.0,0.0,0.0,0.0,0.0,0.0,0.0,0.23742774748488965,21.964744478368097,24.305143488570433
665,26.56,0.98,1,0.012,0.297,0.07,-0.012,-0.055,0.0,0.0,0.0,0.13,0.01,2.12,0.0,0.2,0.75,0.44,0.11,0.43,0.03,0.04,0.0,0.37,0.0,0.0,0.0,0.0,0.0,0.0,0.0,0.0,0.0,1.0,1.0,0.0,0.0,0.0,0.0,0.0,0.0,0.0,0.0,0.2225566457539721,22.760711763914504,24.303291958086618
666,26.6,0.98,1,-0.011,0.285,0.078,-0.009,-0.048,0.0,0.0,0.0,0.13,0.01,2.2,0.0,0.29,0.74,0.48,0.2,0.43,0.0,0.09,0.0,0.23,0.0,0.0,0.0,0.0,0.0,0.0,0.0,0.0,0.0,1.0,1.0,0.0,0.0,0.0,0.0,0.0,0.0,0.0,0.0,0.20918068402356038,21.595601403989534,23.910248848558737
667,26.64,0.98,1,-0.011,0.269,0.071,-0.034,-0.033,0.0,0.0,0.0,0.23,0.01,2.09,0.0,0.22,0.72,0.39,0.2,0.35,0.0,0.05,0.0,0.25,0.0,0.0,0.0,0.0,0.0,0.0,0.0,0.0,0.0,1.0,1.0,0.0,0.0,0.0,0.0,0.0,0.0,0.0,0.0,0.28326151145751644,22.848413511664265,23.521266972678152
668,26.68,0.98,1,-0.005,0.281,0.07,-0.02,-0.052,0.0,0.0,0.0,0.1,0.0,1.83,0.0,0.23,0.69,0.37,0.29,0.33,0.0,0.05,0.0,0.17,0.0,0.0,0.0,0.0,0.0,0.0,0.0,0.0,0.0,1.0,1.0,0.0,0.0,0.0,0.0,0.0,0.0,0.0,0.0,0.2632674252777333,22.276669409945594,24.60995733437983
669,26.72,0.98,1,0.002,0.257,0.052,-0.017,-0.053,0.0,0.0,0.0,0.18,0.0,1.83,0.0,0.09,0.66,0.44,0.27,0.37,0.0,0.0,0.0,0.18,0.0,0.0,0.0,0.0,0.0,0.0,0.0,0.0,0.0,1.0,1.0,0.0,0.0,0.0,0.0,0.0,0.0,0.0,0.0,0.2650465989641017,22.318826134006283,24.416592718886974
670,26.76,0.98,1,-0.004,0.289,0.08,-0.012,-0.046,0.05,0.0,0.0,0.08,0.0,1.82,0.0,0.15,0.66,0.42,0.28,0.53,0.0,0.0,0.0,0.07,0.24,0.0,0.0,0.0,0.0,0.0,0.0,0.0,0.0,1.0,1.0,0.0,0.0,0.0,0.0,0.0,0.0,0.0,0.0,0.23319067601799792,22.14723459034996,23.401922997907764
671,26.8,0.98,1,-0.017,0.302,0.05,-0.018,-0.048,0.23,0.0,0.0,0.08,0.0,1.57,0.0,0.18,0.72,0.52,0.27,0.57,0.15,0.0,0.0,0.07,1.02,0.0,0.0,0.0,0.0,0.0,0.0,0.0,0.0,1.0,1.0,0.0,0.0,0.0,0.0,0.0,0.0,0.0,1.0,0.22528822726204945,19.809088823062968,19.005525512334653
672,26.84,0.98,1,0.018,0.438,0.056,-0.033,-0.052,0.49,0.04,0.0,0.0,0.0,1.13,0.0,0.26,0.75,0.6,0.35,0.56,0.28,0.0,0.05,0.01,2.01,0.0,0.0,0.0,0.0,0.0,0.0,0.0,0.0,1.0,1.0,0.0,0.0,0.0,0.0,0.0,0.0,0.0,1.0,0.1734389120218785,17.11724276862369,20.271408436514537
673,26.88,0.98,1,0.006,0.458,0.061,-0.02,-0.042,0.69,0.04,0.0,0.0,0.0,0.67,0.0,0.3,0.82,0.71,0.36,0.4,0.28,0.0,0.05,0.01,2.55,0.0,1.0,0.0,0.0,0.0,1.0,0.0,0.0,1.0,1.0,0.0,0.0,0.0,0.0,0.0,0.0,0.0,1.0,0.17093079898239627,18.37879212570832,19.933138237618454
674,26.92,0.98,1,-0.026,0.406,0.033,-0.022,-0.045,0.62,0.04,0.0,0.0,0.0,0.75,0.0,0.19,0.7,0.56,0.33,0.45,0.18,0.0,0.05,0.01,2.49,0.0,1.0,0.0,0.0,0.0,1.0,0.0,0.0,1.0,1.0,0.0,0.0,1.0,0.0,0.0,0.0,0.0,1.0,0.1848774628622752,20.072119967756276,21.900913222968537
675,26.96,0.98,1,-0.025,0.388,0.048,-0.013,-0.042,0.56,0.0,0.0,0.0,0.0,0.98,0.0,0.11,0.64,0.51,0.2,0.49,0.07,0.0,0.01,0.06,1.98,0.0,1.0,0.0,0.0,0.0,1.0,0.0,0.0,1.0,1.0,0.0,0.0,1.0,0.0,0.0,0.0,0.0,1.0,0.18949421482409765,18.7216452268491,20.80312476528457
676,27.0,0.98,1,-0.016,0.381,0.055,-0.007,-0.041,0.44,0.0,0.0,0.04,0.0,1.38,0.0,0.01,0.62,0.45,0.17,0.62,0.23,0.0,0.01,0.21,1.67,0.0,1.0,0.0,0.0,0.0,1.0,0.0,0.0,1.0,1.0,0.0,0.0,0.0,0.0,0.0,0.0,0.0,1.0,0.18763613097189458,17.718069872308146,18.8409129290489
677,27.04,0.98,1,-0.014,0.366,0.047,-0.014,-0.034,0.55,0.0,0.0,0.04,0.0,1.65,0.0,0.03,0.67,0.55,0.14,0.62,0.21,0.0,0.01,0.35,1.34,0.0,1.0,0.0,0.0,0.0,1.0,0.0,0.0,1.0,1.0,0.0,0.0,0.0,0.0,0.0,0.0,0.0,1.0,0.2001095485049628,17.940178371465635,18.7672587236388
678,27.08,0.98,1,-0.021,0.361,0.05,-0.009,-0.039,0.42,0.0,0.0,0.04,0.0,1.61,0.0,0.03,0.65,0.66,0.2,0.64,0.31,0.0,0.01,0.4,1.13,0.0,0.0,0.0,0.0,0.0,1.0,0.0,0.0,1.0,1.0,0.0,0.0,0.0,0.0,0.0,0.0,0.0,1.0,0.19577799991252498,18.122361876974118,17.791290003819338
679,27.12,0.98,1,-0.025,0.366,0.056,-0.008,-0.042,0.32,0.0,0.0,0.0,0.0,1.67,0.0,0.03,0.59,0.6,0.15,0.65,0.19,0.0,0.0,0.34,1.0,0.0,0.0,0.0,0.0,0.0,1.0,0.0,0.0,1.0,1.0,0.0,0.0,0.0,0.0,0.0,0.0,0.0,1.0,0.19595354327329678,17.507141400011598,18.597311633674366
680,27.16,0.98,1,-0.005,0.369,0.05,-0.01,-0.039,0.28,0.0,0.0,0.0,0.0,1.52,0.0,0.05,0.61,0.53,0.18,0.64,0.19,0.0,0.02,0.34,0.93,0.0,0.0,0.0,0.0,0.0,1.0,0.0,0.0,1.0,1.0,0.0,0.0,0.0,0.0,0.0,0.0,0.0,1.0,0.18722439195470864,19.00947132352712,18.388311504866305
681,27.2,0.98,1,-0.01,0.365,0.049,-0.014,-0.039,0.33,0.0,0.0,0.07,0.0,1.6,0.0,0.09,0.65,0.56,0.12,0.63,0.11,0.0,0.06,0.22,1.0,0.0,0.0,0.0,0.0,0.0,1.0,0.0,0.0,1.0,1.0,0.0,0.0,0.0,0.0,0.0,0.0,0.0,0.0,0.1904518322601196,18.506755523321747,18.408965207202893
682,27.24,0.98,1,-0.009,0.35,0.043,-0.015,-0.055,0.47,0.0,0.0,0.07,0.0,1.61,0.0,0.09,0.67,0.55,0.11,0.51,0.08,0.0,0.12,0.26,0.93,0.0,0.0,0.0,0.0,0.0,1.0,0.0,0.0,1.0,1.0,0.0,0.0,0.0,0.0,0.0,0.0,0.0,0.0,0.1926787600525144,17.59999999999991,18.885973631242795
683,27.28,0.98,1,-0.015,0.375,0.053,-0.007,-0.053,0.3,0.0,0.0,0.07,0.0,1.7,0.0,0.13,0.62,0.4,0.06,0.52,0.15,0.0,0.13,0.13,0.92,0.0,0.0,0.0,0.0,0.0,1.0,0.0,0.0,1.0,1.0,0.0,0.0,0.0,0.0,0.0,0.0,0.0,0.0,0.17954847022558357,17.90000000000009,19.314502323383895
684,27.32,0.98,1,-0.015,0.333,0.033,-0.022,-0.039,0.27,0.02,0.0,0.0,0.0,1.85,0.0,0.17,0.63,0.27,0.02,0.42,0.2,0.0,0.09,0.13,0.89,0.0,1.0,0.0,0.0,0.0,1.0,0.0,0.0,1.0,1.0,0.0,0.0,0.0,0.0,0.0,0.0,0.0,0.0,0.17441001823637453,18.299999999999955,18.487833837418457
685,27.36,0.98,1,-0.022,0.36,0.043,-0.014,-0.056,0.27,0.02,0.0,0.0,0.0,1.91,0.0,0.22,0.61,0.17,0.0,0.4,0.21,0.0,0.04,0.0,0.9,0.0,1.0,0.0,0.0,0.0,1.0,0.0,0.0,1.0,1.0,0.0,0.0,0.0,0.0,0.0,0.0,0.0,1.0,0.18105955366197957,17.301156030739634,19.00552551233443
686,27.4,0.98,1,-0.021,0.356,0.048,-0.01,-0.05,0.38,0.02,0.0,0.0,0.0,2.13,0.0,0.17,0.64,0.17,0.0,0.36,0.12,0.0,0.03,0.02,0.85,0.0,1.0,0.0,0.0,0.0,1.0,0.0,0.0,1.0,1.0,0.0,0.0,0.0,0.0,0.0,0.0,0.0,1.0,0.18471491751524494,16.900295855398372,19.005525512334653
687,27.44,0.98,1,-0.017,0.358,0.039,-0.01,-0.045,0.37,0.0,0.0,0.0,0.0,2.01,0.0,0.07,0.6,0.08,0.0,0.48,0.03,0.0,0.04,0.07,0.79,0.0,0.0,0.0,0.0,0.0,1.0,0.0,0.0,1.0,1.0,0.0,0.0,0.0,0.0,0.0,0.0,0.0,1.0,0.17824175591507638,17.20116275139566,19.492819190665948
688,27.48,0.98,1,-0.021,0.342,0.035,-0.012,-0.045,0.29,0.0,0.0,0.0,0.0,1.89,0.0,0.07,0.58,0.08,0.02,0.61,0.02,0.0,0.06,0.1,0.74,0.0,1.0,0.0,0.0,0.0,1.0,0.0,0.0,1.0,1.0,0.0,0.0,0.0,0.0,0.0,0.0,0.0,1.0,0.17531884155075667,17.00735135169495,19.28419041598588
689,27.52,0.98,1,-0.021,0.365,0.044,-0.013,-0.045,0.22,0.0,0.0,0.0,0.0,1.63,0.0,0.05,0.57,0.06,0.02,0.63,0.02,0.0,0.11,0.14,0.92,0.0,1.0,0.0,0.0,0.0,1.0,0.0,0.0,1.0,1.0,0.0,0.0,0.0,0.0,0.0,0.0,0.0,1.0,0.1797168958881794,17.800280896659984,19.215098230297876
690,27.56,0.98,1,-0.006,0.361,0.04,-0.011,-0.049,0.38,0.0,0.0,0.0,0.0,1.35,0.0,0.07,0.62,0.12,0.02,0.55,0.01,0.0,0.19,0.1,1.52,0.0,1.0,0.0,0.0,0.0,1.0,0.0,0.0,1.0,1.0,0.0,0.0,0.0,0.0,0.0,0.0,0.0,1.0,0.18018510579190913,18.909521411183174,18.97893569197195
691,27.6,0.98,1,-0.0,0.423,0.034,-0.023,-0.043,0.49,0.06,0.0,0.0,0.0,0.78,0.0,0.03,0.67,0.19,0.04,0.47,0.06,0.0,0.3,0.1,2.22,0.0,1.0,0.0,0.0,0.0,1.0,0.0,0.0,1.0,1.0,0.0,0.0,0.0,0.0,0.0,0.0,0.0,1.0,0.17816620404188274,17.075128110793187,21.33541656495138
692,27.64,0.98,1,0.001,0.414,0.034,-0.024,-0.043,0.57,0.15,0.0,0.0,0.0,0.66,0.0,0.05,0.67,0.19,0.04,0.48,0.05,0.0,0.42,0.13,2.27,0.0,1.0,0.0,0.0,0.0,1.0,0.0,0.0,1.0,1.0,0.0,0.0,0.0,0.0,0.0,0.0,0.0,1.0,0.17259634369552057,18.000555546982294,21.76809592040621
693,27.68,0.98,1,-0.006,0.36,0.027,-0.018,-0.043,0.39,0.15,0.0,0.0,0.0,1.12,0.0,0.21,0.64,0.25,0.11,0.51,0.1,0.0,0.41,0.19,1.6,0.0,0.0,0.0,0.0,0.0,1.0,0.0,0.0,1.0,1.0,0.0,0.0,0.0,0.0,0.0,0.0,0.0,1.0,0.17403464981209404,18.12760326132489,20.110196418732325
694,27.72,0.98,1,0.02,0.312,0.045,-0.022,-0.064,0.26,0.11,0.0,0.0,0.0,1.93,0.0,0.26,0.61,0.25,0.21,0.63,0.07,0.0,0.34,0.25,0.76,0.0,0.0,0.0,0.0,0.0,1.0,0.0,0.0,1.0,1.0,0.0,0.0,0.0,0.0,0.0,0.0,0.0,1.0,0.20970040437239762,18.001111076819676,18.718172987767936
695,27.76,0.98,1,0.012,0.333,0.052,-0.018,-0.057,0.14,0.01,0.0,0.0,0.0,2.45,0.0,0.28,0.63,0.31,0.24,0.62,0.09,0.0,0.26,0.25,0.3,0.0,0.0,0.0,0.0,0.0,1.0,0.0,0.0,1.0,1.0,0.0,0.0,0.0,0.0,0.0,0.0,0.0,1.0,0.1869141936504894,17.301156030739634,18.34611675532473
696,27.8,0.98,1,0.025,0.303,0.043,-0.018,-0.051,0.11,0.01,0.0,0.0,0.0,2.3,0.0,0.14,0.58,0.29,0.18,0.6,0.1,0.0,0.18,0.25,0.11,0.0,0.0,0.0,0.0,0.0,1.0,0.0,0.0,1.0,1.0,0.0,0.0,0.0,0.0,0.0,0.0,0.0,0.0,0.20705010556643916,19.912307751739966,19.42575609854102
697,27.84,0.98,1,0.034,0.284,0.042,-0.016,-0.063,0.05,0.0,0.0,0.0,0.0,2.19,0.0,0.16,0.55,0.34,0.08,0.54,0.21,0.0,0.14,0.24,0.02,0.0,0.0,0.0,0.0,0.0,1.0,0.0,0.0,1.0,1.0,0.0,0.0,0.0,0.0,0.0,0.0,0.0,0.0,0.21645159288109345,19.201041638411,19.20416621465253
698,27.88,0.98,1,0.018,0.286,0.041,-0.016,-0.066,0.07,0.04,0.0,0.03,0.0,1.83,0.0,0.13,0.55,0.39,0.05,0.54,0.28,0.0,0.03,0.21,0.02,0.0,0.0,0.0,0.0,0.0,1.0,0.0,0.0,1.0,1.0,0.0,0.0,0.0,0.0,0.0,0.0,0.0,0.0,0.23071365555360174,19.106543381784295,20.703864373589823
699,27.92,0.98,1,0.018,0.273,0.038,-0.013,-0.068,0.06,0.11,0.0,0.13,0.0,1.88,0.0,0.09,0.57,0.32,0.1,0.61,0.32,0.0,0.03,0.14,0.0,0.0,0.0,0.0,0.0,0.0,1.0,0.0,0.0,1.0,1.0,0.0,0.0,0.0,0.0,0.0,0.0,0.0,0.0,0.23930648231526175,20.115914098046762,20.806008747474806
700,27.96,0.98,1,0.018,0.28,0.036,-0.016,-0.065,0.1,0.11,0.0,0.13,0.0,2.05,0.0,0.04,0.6,0.22,0.07,0.55,0.28,0.0,0.01,0.12,0.0,0.0,0.0,0.0,0.0,0.0,1.0,0.0,0.0,1.0,1.0,0.0,0.0,0.0,0.0,0.0,0.0,0.0,0.0,0.2291428799558684,20.40612653102013,21.102132593650477
701,28.0,0.98,1,0.017,0.298,0.042,-0.019,-0.066,0.08,0.07,0.0,0.11,0.0,2.2,0.0,0.06,0.58,0.14,0.11,0.49,0.19,0.0,0.06,0.11,0.0,0.0,0.0,0.0,0.0,0.0,1.0,0.0,0.0,1.0,1.0,0.0,0.0,0.0,0.0,0.0,0.0,0.0,0.0,0.22357200783994513,20.81537893001225,21.50209292138791
702,28.04,0.98,1,0.024,0.281,0.031,-0.018,-0.062,0.05,0.0,0.0,0.0,0.0,2.24,0.0,0.06,0.55,0.1,0.18,0.43,0.16,0.03,0.08,0.12,0.0,0.0,0.0,0.0,0.0,0.0,1.0,0.0,0.0,1.0,1.0,0.0,0.0,0.0,0.0,0.0,0.0,0.0,0.0,0.2155779495838877,20.6038831291581,21.7020736336416
703,28.08,0.98,1,0.016,0.288,0.038,-0.016,-0.064,0.01,0.0,0.0,0.0,0.0,2.08,0.0,0.06,0.54,0.12,0.21,0.43,0.08,0.03,0.06,0.07,0.0,0.0,0.0,0.0,0.0,0.0,1.0,0.0,0.0,1.0,1.0,0.0,0.0,0.0,0.0,0.0,0.0,0.0,0.0,0.21168421966262727,21.3114992433662,22.105655384991326
704,28.12,0.98,1,0.019,0.295,0.035,-0.014,-0.064,0.01,0.0,0.0,0.02,0.0,2.16,0.0,0.03,0.56,0.14,0.19,0.44,0.11,0.05,0.05,0.02,0.0,0.0,0.0,0.0,0.0,0.0,1.0,0.0,0.0,1.0,1.0,0.0,0.0,0.0,0.0,0.0,0.0,0.0,0.0,0.20496614977248467,21.21155345560509,22.408034273447413
705,28.16,0.98,1,0.009,0.294,0.04,-0.013,-0.066,0.03,0.0,0.0,0.09,0.0,2.31,0.0,0.06,0.58,0.18,0.15,0.44,0.08,0.02,0.03,0.01,0.0,0.0,0.0,0.0,0.0,0.0,1.0,0.0,0.0,1.0,1.0,0.0,0.0,0.0,0.0,0.0,0.0,0.0,0.0,0.2035497178268299,21.414948050368796,21.803669415949187
706,28.2,0.98,1,0.01,0.28,0.033,-0.014,-0.064,0.03,0.0,0.0,0.15,0.0,2.35,0.0,0.06,0.58,0.2,0.13,0.4,0.13,0.02,0.03,0.0,0.0,0.0,0.0,0.0,0.0,0.0,1.0,0.0,0.0,1.0,1.0,0.0,0.0,0.0,0.0,0.0,0.0,0.0,0.0,0.21300655031970947,21.53926646847566,21.80206412246322
707,28.24,0.98,1,0.008,0.286,0.041,-0.011,-0.065,0.05,0.0,0.0,0.13,0.0,2.38,0.0,0.07,0.55,0.24,0.18,0.37,0.21,0.0,0.02,0.02,0.0,0.0,1.0,0.0,0.0,0.0,1.0,0.0,0.0,1.0,1.0,0.0,0.0,0.0,0.0,0.0,0.0,0.0,0.0,0.21559143610433096,21.818570072303043,21.80206412246345
708,28.28,0.98,1,0.004,0.277,0.036,-0.01,-0.063,0.07,0.03,0.0,0.19,0.0,2.34,0.01,0.04,0.52,0.32,0.15,0.36,0.29,0.0,0.02,0.04,0.0,0.0,1.0,0.0,0.0,0.0,1.0,0.0,0.0,1.0,1.0,0.0,0.0,0.0,0.0,0.0,0.0,0.0,0.0,0.21841359502944968,21.714741536569164,21.800229356591597
709,28.32,0.98,1,0.012,0.292,0.04,-0.012,-0.061,0.11,0.07,0.0,0.12,0.0,2.33,0.01,0.01,0.51,0.31,0.12,0.4,0.32,0.01,0.02,0.08,0.0,0.0,0.0,0.0,0.0,0.0,1.0,0.0,0.0,1.0,1.0,0.0,0.0,0.0,0.0,0.0,0.0,0.0,0.0,0.20934646289784548,21.818570072303046,22.100226243185976
710,28.36,0.98,1,0.014,0.28,0.038,-0.012,-0.06,0.09,0.07,0.0,0.12,0.0,2.32,0.01,0.01,0.51,0.23,0.05,0.4,0.28,0.01,0.03,0.06,0.0,0.0,0.0,0.0,0.0,0.0,1.0,0.0,0.0,1.0,1.0,0.0,0.0,0.0,0.0,0.0,0.0,0.0,0.0,0.21044122458675302,21.618741869035905,22.200900882621905
711,28.4,0.98,1,0.006,0.288,0.04,-0.015,-0.06,0.04,0.05,0.0,0.0,0.0,2.43,0.04,0.05,0.5,0.1,0.01,0.38,0.27,0.02,0.03,0.04,0.0,0.0,0.0,0.0,0.0,0.0,1.0,0.0,0.0,1.0,1.0,0.0,0.0,0.0,0.0,0.0,0.0,0.0,0.0,0.20688415359317586,22.11831820008013,22.10090495884741
712,28.44,0.98,1,-0.001,0.281,0.031,-0.015,-0.06,0.03,0.0,0.0,0.0,0.0,2.59,0.04,0.08,0.51,0.06,0.18,0.46,0.27,0.01,0.06,0.18,0.06,0.0,0.0,0.0,0.0,0.0,1.0,0.0,0.0,1.0,1.0,0.0,0.0,0.0,0.0,0.0,0.0,0.0,0.0,0.2042318436084073,22.31434516180114,22.40000000000009
713,28.48,0.98,1,0.027,0.352,0.054,-0.013,-0.049,0.08,0.0,0.0,0.0,0.0,2.49,0.04,0.09,0.52,0.05,0.22,0.62,0.28,0.01,0.06,0.28,0.11,0.0,0.0,0.0,0.0,0.0,1.0,0.0,0.0,1.0,1.0,0.0,0.0,0.0,0.0,0.0,0.0,0.0,0.0,0.19517450090138672,19.512560057562926,20.63492185592196
714,28.52,0.98,1,0.05,0.342,0.034,-0.012,-0.04,0.16,0.0,0.0,0.0,0.0,2.14,0.0,0.13,0.57,0.07,0.31,0.71,0.31,0.0,0.15,0.49,0.31,0.0,0.0,0.0,0.0,0.0,1.0,0.0,0.0,1.0,1.0,0.0,0.0,0.0,0.0,0.0,0.0,0.0,0.0,0.19853477482746743,18.102486017119443,21.8586367369973
715,28.56,0.98,1,0.053,0.351,0.037,-0.014,-0.037,0.15,0.0,0.0,0.0,0.0,2.0,0.0,0.13,0.58,0.04,0.23,0.7,0.21,0.0,0.2,0.48,0.36,0.0,1.0,0.0,0.0,0.0,1.0,0.0,0.0,0.0,1.0,0.0,0.0,0.0,0.0,0.0,0.0,0.0,0.0,0.1972853755689904,17.7002824836216,22.27285343192475
716,28.6,0.98,1,0.051,0.365,0.05,-0.015,-0.039,0.22,0.0,0.0,0.0,0.0,1.92,0.0,0.15,0.59,0.05,0.26,0.68,0.16,0.0,0.19,0.5,0.67,0.0,1.0,0.0,0.0,0.0,1.0,0.0,0.0,0.0,1.0,0.0,0.0,0.0,0.0,0.0,0.0,0.0,0.0,0.20084610937122332,17.400287353949164,21.965882636488892
717,28.64,0.98,1,0.048,0.361,0.041,-0.016,-0.035,0.51,0.2,0.0,0.0,0.0,1.61,0.0,0.19,0.6,0.23,0.28,0.65,0.07,0.0,0.1,0.29,1.09,0.0,1.0,0.0,0.0,0.0,1.0,0.0,0.0,0.0,1.0,0.0,0.0,0.0,0.0,0.0,0.0,0.0,0.0,0.1866199962925852,18.400271737123976,21.252999788265004
718,28.68,0.98,1,0.031,0.429,0.035,-0.036,-0.045,0.79,0.33,0.0,0.0,0.0,1.21,0.01,0.25,0.6,0.29,0.41,0.52,0.16,0.0,0.07,0.13,1.7,0.0,1.0,0.0,0.0,0.0,1.0,0.0,0.0,0.0,1.0,0.0,0.0,0.0,0.0,0.0,0.0,0.0,1.0,0.17671377662215845,17.55591068557824,21.015470491997174
719,28.72,0.98,1,0.013,0.405,0.026,-0.03,-0.049,0.84,0.33,0.0,0.0,0.0,1.01,0.01,0.29,0.59,0.32,0.35,0.51,0.29,0.0,0.06,0.0,1.76,0.0,1.0,0.0,0.0,0.0,1.0,0.0,0.0,0.0,1.0,0.0,0.0,0.0,0.0,0.0,0.0,0.0,1.0,0.16526651749237103,16.211724152600087,19.78206258204621
720,28.76,0.98,1,-0.001,0.359,0.032,-0.021,-0.054,0.53,0.15,0.0,0.0,0.0,1.48,0.04,0.19,0.55,0.18,0.3,0.51,0.37,0.0,0.06,0.01,1.35,0.0,1.0,0.0,0.0,0.0,1.0,0.0,0.0,0.0,1.0,0.0,0.0,0.0,0.0,0.0,0.0,0.0,1.0,0.18839267163279644,19.343732835210428,20.664220285314425
721,28.8,0.98,1,-0.01,0.317,0.038,-0.016,-0.061,0.25,0.06,0.0,0.0,0.0,1.8,0.02,0.19,0.54,0.23,0.08,0.56,0.42,0.0,0.0,0.01,0.62,0.0,1.0,0.0,0.0,0.0,1.0,0.0,0.0,1.0,1.0,0.0,0.0,0.0,0.0,0.0,0.0,0.0,1.0,0.18757078411304956,17.107308379753867,18.27922317824261
722,28.84,0.98,1,0.0,0.292,0.034,-0.016,-0.064,0.18,0.1,0.0,0.01,0.0,2.13,0.02,0.12,0.52,0.19,0.05,0.43,0.32,0.0,0.0,0.01,0.2,0.0,1.0,0.0,0.0,0.0,1.0,0.0,0.0,1.0,1.0,0.0,0.0,0.0,0.0,0.0,0.0,0.0,0.0,0.1941037672548661,18.804254837669006,19.22108217556966
723,28.88,0.98,1,-0.016,0.261,0.021,-0.015,-0.06,0.15,0.08,0.0,0.16,0.0,2.1,0.0,0.18,0.55,0.11,0.0,0.26,0.33,0.0,0.0,0.03,0.0,0.0,1.0,0.0,0.0,0.0,1.0,0.0,0.0,1.0,1.0,0.0,0.0,0.0,0.0,0.0,0.0,0.0,0.0,0.224475241249806,20.70096616102741,20.406126531019904
724,28.92,0.98,1,-0.008,0.283,0.034,-0.02,-0.061,0.12,0.04,0.0,0.16,0.0,2.08,0.0,0.11,0.53,0.0,0.0,0.25,0.25,0.0,0.0,0.03,0.0,0.0,1.0,0.0,0.0,0.0,1.0,0.0,0.0,1.0,1.0,0.0,0.0,0.0,0.0,0.0,0.0,0.0,0.0,0.2282150502311126,20.706037766796474,21.5
725,28.96,0.98,1,0.003,0.275,0.025,-0.018,-0.06,0.1,0.03,0.0,0.14,0.0,2.02,0.0,0.14,0.54,0.05,0.0,0.19,0.22,0.0,0.01,0.1,0.0,0.0,1.0,0.0,0.0,0.0,1.0,0.0,0.0,1.0,1.0,0.0,0.0,0.0,0.0,0.0,0.0,0.0,0.0,0.2270591066740094,21.103791128609952,21.30211257129203
726,29.0,0.98,1,-0.004,0.264,0.034,-0.02,-0.062,0.06,0.03,0.0,0.07,0.0,1.98,0.0,0.06,0.53,0.13,0.03,0.28,0.25,0.0,0.01,0.08,0.0,0.0,1.0,0.0,0.0,0.0,1.0,0.0,0.0,1.0,1.0,0.0,0.0,0.0,0.0,0.0,0.0,0.0,0.0,0.2390558272065174,21.914607000811216,21.602083232873767
727,29.04,0.98,1,-0.002,0.28,0.04,-0.018,-0.06,0.06,0.03,0.0,0.07,0.0,1.98,0.0,0.07,0.56,0.19,0.03,0.33,0.26,0.0,0.01,0.14,0.0,0.0,1.0,0.0,0.0,0.0,1.0,0.0,0.0,1.0,1.0,0.0,0.0,0.0,0.0,0.0,0.0,0.0,0.0,0.235634651995086,22.118318200080356,21.80091741188884
728,29.08,0.98,1,0.005,0.261,0.024,-0.016,-0.055,0.0,0.0,0.0,0.07,0.0,1.95,0.0,0.02,0.55,0.2,0.03,0.45,0.23,0.02,0.0,0.12,0.0,0.0,1.0,0.0,0.0,0.0,1.0,0.0,0.0,1.0,1.0,0.0,0.0,0.0,0.0,0.0,0.0,0.0,0.0,0.23549286351903537,22.108143296079977,21.30093894644079
729,29.12,0.98,1,-0.006,0.267,0.033,-0.014,-0.055,0.05,0.0,0.0,0.1,0.0,2.03,0.0,0.02,0.55,0.17,0.0,0.48,0.11,0.03,0.0,0.11,0.0,0.0,1.0,0.0,0.0,0.0,1.0,0.0,0.0,1.0,1.0,0.0,0.0,0.0,0.0,0.0,0.0,0.0,0.0,0.23690522187741653,22.30358715543305,21.400233643584226
730,29.16,0.98,1,-0.009,0.272,0.041,-0.011,-0.054,0.05,0.0,0.0,0.1,0.0,2.11,0.0,0.0,0.51,0.1,0.01,0.48,0.05,0.03,0.0,0.08,0.0,0.0,1.0,0.0,0.0,0.0,1.0,0.0,0.0,1.0,1.0,0.0,0.0,0.0,0.0,0.0,0.0,0.0,0.0,0.2417935342353148,22.00363606316011,21.602083232873767
731,29.2,0.98,1,-0.005,0.261,0.029,-0.012,-0.05,0.08,0.0,0.0,0.2,0.0,2.21,0.0,0.0,0.5,0.12,0.01,0.55,0.05,0.0,0.0,0.03,0.0,0.0,1.0,0.0,0.0,0.0,1.0,0.0,0.0,1.0,1.0,0.0,0.0,0.0,0.0,0.0,0.0,0.0,0.0,0.240161375129969,22.01454064930722,22.103619613085908
732,29.24,0.98,1,-0.007,0.278,0.043,-0.009,-0.053,0.03,0.03,0.0,0.1,0.0,2.29,0.0,0.01,0.48,0.1,0.02,0.46,0.0,0.0,0.03,0.08,0.0,0.0,1.0,0.0,0.0,0.0,1.0,0.0,0.0,1.0,1.0,0.0,0.0,0.0,0.0,0.0,0.0,0.0,0.0,0.23519657755001785,21.605786262017777,21.905707018948146
733,29.28,0.98,1,-0.02,0.267,0.028,-0.008,-0.049,0.06,0.03,0.0,0.15,0.0,2.11,0.0,0.01,0.43,0.11,0.1,0.46,0.07,0.0,0.03,0.11,0.0,0.0,1.0,0.0,0.0,0.0,1.0,0.0,0.0,1.0,1.0,0.0,0.0,0.0,0.0,0.0,0.0,0.0,0.0,0.22143647981587256,21.811235636708158,22.805481797146886
734,29.32,0.98,1,-0.007,0.278,0.045,-0.006,-0.043,0.03,0.03,0.0,0.05,0.0,2.0,0.0,0.01,0.35,0.04,0.16,0.46,0.17,0.01,0.09,0.3,0.0,0.0,0.0,0.0,0.0,0.0,1.0,0.0,0.0,0.0,1.0,0.0,0.0,0.0,0.0,0.0,0.0,0.0,0.0,0.22430378910090182,22.318154045530026,22.5
735,29.36,0.98,1,-0.005,0.279,0.032,-0.004,-0.037,0.03,0.0,0.0,0.05,0.0,1.86,0.0,0.0,0.32,0.03,0.26,0.67,0.31,0.01,0.09,0.34,0.0,0.0,0.0,0.0,0.0,0.0,1.0,0.0,0.0,0.0,1.0,0.0,0.0,0.0,0.0,0.0,0.0,0.0,0.0,0.21016130242062672,22.222511109233402,22.70088104017115
736,29.4,0.98,1,-0.01,0.288,0.046,-0.006,-0.041,0.0,0.0,0.0,0.0,0.0,1.99,0.0,0.05,0.31,0.01,0.2,0.77,0.24,0.01,0.1,0.4,0.0,0.0,0.0,0.0,0.0,0.0,0.0,0.0,0.0,0.0,1.0,0.0,1.0,0.0,0.0,0.0,0.0,0.0,0.0,0.21457122296074688,22.54994456755936,22.90021833957034
737,29.44,0.98,1,-0.016,0.268,0.035,-0.007,-0.038,0.0,0.0,0.0,0.0,0.0,2.21,0.0,0.05,0.36,0.01,0.29,0.8,0.23,0.0,0.11,0.42,0.0,0.0,0.0,0.0,0.0,0.0,0.0,0.0,0.0,0.0,1.0,0.0,1.0,0.0,0.0,0.0,0.0,0.0,0.0,0.22563513214481956,23.036709834522814,23.300000000000182
738,29.48,0.98,1,-0.024,0.288,0.053,-0.006,-0.043,0.0,0.0,0.0,0.0,0.0,2.1,0.0,0.05,0.34,0.02,0.28,0.88,0.1,0.05,0.09,0.41,0.0,0.0,0.0,0.0,0.0,0.0,0.0,0.0,0.0,0.0,1.0,0.0,1.0,1.0,0.0,0.0,0.0,0.0,0.0,0.22554355121860034,22.74950548913101,23.500851048419502
739,29.52,0.98,1,-0.032,0.275,0.041,-0.022,-0.029,0.0,0.0,0.0,0.0,0.0,2.09,0.0,0.0,0.36,0.11,0.38,0.91,0.26,0.05,0.07,0.37,0.0,0.0,0.0,0.0,0.0,0.0,1.0,0.0,0.0,0.0,1.0,0.0,1.0,1.0,0.0,0.0,0.0,0.0,0.0,0.22309228693566388,23.348233337878003,23.405341270744255
740,29.56,0.98,1,-0.023,0.282,0.046,-0.014,-0.049,0.01,0.0,0.0,0.0,0.0,1.89,0.0,0.0,0.36,0.13,0.29,0.95,0.31,0.05,0.0,0.31,0.0,0.0,0.0,0.0,0.0,0.0,1.0,0.0,0.0,0.0,1.0,0.0,1.0,0.0,0.0,0.0,0.0,0.0,0.0,0.2263384889100637,22.949074055395005,22.70550594018997
741,29.6,0.98,1,-0.016,0.278,0.042,-0.009,-0.042,0.06,0.07,0.0,0.0,0.0,2.02,0.0,0.0,0.37,0.17,0.25,0.86,0.34,0.01,0.0,0.42,0.0,0.0,1.0,0.0,0.0,0.0,1.0,0.0,0.0,0.0,1.0,0.0,1.0,0.0,0.0,0.0,0.0,0.0,0.0,0.22896205149086285,22.771253808255747,23.30193125043497
742,29.64,0.98,1,-0.015,0.269,0.031,-0.012,-0.048,0.12,0.07,0.0,0.0,0.0,2.1,0.0,0.0,0.39,0.14,0.23,0.89,0.23,0.01,0.0,0.51,0.04,0.0,1.0,0.0,0.0,0.0,1.0,0.0,0.0,0.0,1.0,0.0,1.0,0.0,0.0,0.0,0.0,0.0,0.0,0.21804498913922535,22.91069619195375,22.405579662218162
743,29.68,0.98,1,-0.02,0.301,0.046,-0.013,-0.039,0.24,0.15,0.0,0.0,0.0,1.91,0.0,0.0,0.42,0.11,0.19,0.87,0.1,0.01,0.05,0.63,0.46,0.0,1.0,0.0,0.0,0.0,1.0,0.0,0.0,0.0,1.0,0.0,1.0,1.0,0.0,0.0,0.0,0.0,1.0,0.19682393237034662,19.212756179163932,19.602295783912567
744,29.72,0.98,1,-0.0,0.353,0.045,-0.018,-0.033,0.46,0.13,0.0,0.0,0.0,1.34,0.0,0.04,0.47,0.29,0.28,0.87,0.21,0.0,0.14,0.46,1.19,0.0,1.0,0.0,0.0,0.0,1.0,0.0,0.0,0.0,1.0,0.0,1.0,0.0,0.0,0.0,0.0,0.0,1.0,0.1977988418365625,17.910053042914058,19.144189719076554
745,29.76,0.98,1,0.01,0.423,0.042,-0.031,-0.046,0.62,0.17,0.0,0.0,0.0,0.79,0.0,0.06,0.49,0.38,0.19,0.89,0.31,0.0,0.14,0.37,1.74,0.0,1.0,0.0,0.0,0.0,1.0,0.0,0.0,0.0,1.0,0.0,1.0,0.0,0.0,0.0,0.0,0.0,1.0,0.1801500218043613,16.688319268278637,19.358202395883946
746,29.8,0.98,1,0.022,0.418,0.046,-0.015,-0.043,0.56,0.09,0.0,0.0,0.0,0.8,0.0,0.06,0.46,0.51,0.17,0.75,0.38,0.0,0.09,0.17,1.72,0.0,1.0,0.0,0.0,0.0,1.0,0.0,0.0,0.0,1.0,0.0,1.0,0.0,0.0,0.0,0.0,0.0,1.0,0.17569714590475244,17.057549648176316,20.209403751719286
747,29.84,0.98,1,0.01,0.321,0.033,-0.012,-0.058,0.3,0.06,0.0,0.0,0.0,1.34,0.0,0.04,0.44,0.4,0.09,0.59,0.36,0.0,0.0,0.23,1.3,0.0,1.0,0.0,0.0,0.0,1.0,0.0,0.0,0.0,1.0,0.0,0.0,0.0,0.0,0.0,0.0,0.0,1.0,0.19539944104236678,17.900279327429367,19.393297811357584
748,29.88,0.98,1,0.004,0.31,0.034,-0.012,-0.06,0.12,0.12,0.0,0.0,0.0,1.92,0.0,0.07,0.39,0.31,0.1,0.39,0.29,0.0,0.0,0.21,0.9,0.0,1.0,0.0,0.0,0.0,1.0,0.0,0.0,0.0,1.0,0.0,0.0,0.0,0.0,0.0,0.0,0.0,1.0,0.1916122086488835,17.610224302943923,17.34156855650602
749,29.92,0.98,1,-0.009,0.304,0.038,-0.016,-0.062,0.11,0.12,0.0,0.0,0.0,1.96,0.01,0.14,0.4,0.27,0.1,0.36,0.24,0.0,0.0,0.16,0.56,0.0,1.0,0.0,0.0,0.0,1.0,0.0,0.0,0.0,1.0,0.0,0.0,0.0,0.0,0.0,0.0,0.0,0.0,0.19366615032589168,17.90446871593802,18.413310403075364
750,29.96,0.98,1,-0.01,0.289,0.028,-0.023,-0.061,0.11,0.09,0.0,0.04,0.0,2.14,0.01,0.13,0.38,0.14,0.04,0.38,0.16,0.0,0.0,0.2,0.25,0.0,1.0,0.0,0.0,0.0,1.0,0.0,0.0,1.0,1.0,0.0,0.0,0.0,0.0,0.0,0.0,0.0,0.0,0.20324946586956355,19.6163197363829,19.202343606966128
751,30.0,0.98,1,-0.001,0.286,0.032,-0.026,-0.062,0.08,0.0,0.0,0.12,0.0,2.19,0.01,0.08,0.4,0.1,0.01,0.33,0.08,0.0,0.0,0.16,0.06,0.0,1.0,0.0,0.0,0.0,1.0,0.0,0.0,1.0,1.0,0.0,0.0,0.0,0.0,0.0,0.0,0.0,0.0,0.21470991587286434,19.50230755577401,19.61249601657057
752,30.04,0.98,1,0.003,0.269,0.023,-0.025,-0.06,0.02,0.0,0.0,0.25,0.0,2.37,0.0,0.0,0.41,0.01,0.01,0.32,0.04,0.0,0.0,0.14,0.0,0.0,1.0,0.0,0.0,0.0,1.0,0.0,0.0,1.0,1.0,0.0,0.0,0.0,0.0,0.0,0.0,0.0,0.0,0.22587454293811313,19.509228585466932,19.906280415989414
753,30.08,0.98,1,-0.007,0.277,0.037,-0.023,-0.058,0.0,0.0,0.0,0.34,0.0,2.23,0.0,0.0,0.46,0.06,0.0,0.31,0.11,0.0,0.0,0.09,0.0,0.0,0.0,0.0,0.0,0.0,1.0,0.0,0.0,1.0,1.0,0.0,0.0,0.0,0.0,0.0,0.0,0.0,0.0,0.23242793420853108,20.30394050424691,20.00099997500125
754,30.12,0.98,1,-0.01,0.273,0.024,-0.023,-0.054,0.0,0.0,0.0,0.37,0.0,2.21,0.0,0.0,0.48,0.1,0.04,0.39,0.13,0.0,0.0,0.11,0.0,0.0,0.0,0.0,0.0,0.0,1.0,0.0,0.0,1.0,1.0,0.0,0.0,0.0,0.0,0.0,0.0,0.0,0.0,0.22655956613786724,20.60024271701662,21.00095235935742
755,30.16,0.98,1,-0.02,0.282,0.048,-0.02,-0.06,0.0,0.0,0.0,0.25,0.0,2.25,0.0,0.0,0.53,0.2,0.04,0.44,0.16,0.0,0.0,0.11,0.0,0.0,0.0,0.0,0.0,0.0,1.0,0.0,0.0,1.0,1.0,0.0,0.0,0.0,0.0,0.0,0.0,0.0,0.0,0.21827652206854345,21.20023584774453,20.899999999999864
756,30.2,0.98,1,-0.013,0.283,0.041,-0.021,-0.056,0.0,0.0,0.0,0.12,0.0,2.33,0.0,0.0,0.47,0.17,0.04,0.49,0.06,0.05,0.0,0.05,0.0,0.0,0.0,0.0,0.0,0.0,1.0,0.0,0.0,1.0,1.0,0.0,0.0,0.0,0.0,0.0,0.0,0.0,0.0,0.21177531734929628,21.500930212434998,21.400233643584453
757,30.24,0.98,1,-0.014,0.296,0.052,-0.019,-0.056,0.0,0.0,0.0,0.01,0.0,2.33,0.0,0.0,0.45,0.23,0.01,0.57,0.04,0.08,0.0,0.01,0.0,0.0,0.0,0.0,0.0,0.0,1.0,0.0,0.0,1.0,1.0,0.0,0.0,0.0,0.0,0.0,0.0,0.0,0.0,0.20624410509556185,21.903652663425888,21.399999999999864
758,30.28,0.98,1,-0.01,0.283,0.047,-0.02,-0.053,0.0,0.0,0.0,0.0,0.0,2.28,0.0,0.0,0.39,0.25,0.05,0.62,0.01,0.12,0.0,0.05,0.0,0.0,0.0,0.0,0.0,0.0,1.0,0.0,0.0,1.0,1.0,0.0,0.0,0.0,0.0,0.0,0.0,0.0,0.0,0.21027251837622757,22.305604676851914,21.900913222968445
759,30.32,0.98,1,-0.02,0.294,0.054,-0.017,-0.055,0.0,0.0,0.0,0.01,0.0,2.24,0.0,0.0,0.4,0.34,0.1,0.67,0.0,0.09,0.0,0.08,0.0,0.0,0.0,0.0,0.0,0.0,1.0,0.0,0.0,1.0,1.0,0.0,0.0,0.0,0.0,0.0,0.0,0.0,0.0,0.20902740271057946,21.80825531765432,21.700230413523308
760,30.36,0.98,1,-0.017,0.289,0.056,-0.014,-0.058,0.0,0.0,0.0,0.01,0.0,2.26,0.05,0.03,0.42,0.34,0.09,0.62,0.07,0.1,0.0,0.09,0.0,0.0,0.0,0.0,0.0,0.0,1.0,0.0,0.0,1.0,1.0,0.0,0.0,0.0,0.0,0.0,0.0,0.0,0.0,0.21534037052606772,22.208106627986144,21.80022935659182
761,30.4,0.98,1,-0.015,0.29,0.055,-0.013,-0.058,0.0,0.0,0.0,0.06,0.0,2.3,0.05,0.03,0.49,0.29,0.05,0.62,0.08,0.09,0.01,0.15,0.0,0.0,0.0,0.0,0.0,0.0,1.0,0.0,0.0,1.0,1.0,0.0,0.0,0.0,0.0,0.0,0.0,0.0,0.0,0.2097588276695066,21.911184358678653,22.40000000000009
762,30.44,0.98,1,-0.022,0.298,0.056,-0.007,-0.062,0.0,0.0,0.0,0.05,0.0,2.29,0.05,0.03,0.56,0.29,0.05,0.55,0.08,0.08,0.03,0.18,0.0,0.0,0.0,0.0,0.0,0.0,1.0,0.0,0.0,1.0,1.0,0.0,0.0,0.0,0.0,0.0,0.0,0.0,0.0,0.21009538459392724,21.914607000811216,21.900913222968445
763,30.48,0.98,1,-0.022,0.29,0.057,-0.007,-0.062,0.0,0.0,0.0,0.05,0.0,2.27,0.0,0.0,0.63,0.28,0.18,0.56,0.01,0.04,0.1,0.21,0.0,0.0,0.0,0.0,0.0,0.0,1.0,0.0,0.0,1.0,1.0,0.0,0.0,0.0,0.0,0.0,0.0,0.0,0.0,0.2130308871868783,22.11831820008013,22.400892839348924
764,30.52,0.98,1,-0.027,0.278,0.055,-0.011,-0.06,0.0,0.0,0.0,0.0,0.0,2.31,0.0,0.0,0.69,0.4,0.18,0.59,0.0,0.03,0.11,0.11,0.0,0.0,0.0,0.0,0.0,0.0,1.0,0.0,0.0,1.0,1.0,0.0,0.0,0.0,0.0,0.0,0.0,0.0,0.0,0.22741305405615314,21.927608168698978,22.203603311174334
765,30.56,0.98,1,-0.017,0.28,0.047,-0.012,-0.057,0.0,0.0,0.0,0.0,0.0,2.32,0.0,0.07,0.71,0.42,0.13,0.66,0.01,0.08,0.15,0.11,0.0,0.0,0.0,0.0,0.0,0.0,1.0,0.0,0.0,1.0,1.0,0.0,0.0,0.0,0.0,0.0,0.0,0.0,0.0,0.21628434531928153,22.02271554554524,22.202026934494114
766,30.6,0.98,1,-0.019,0.277,0.054,-0.012,-0.058,0.0,0.0,0.0,0.06,0.0,2.3,0.02,0.11,0.73,0.53,0.0,0.66,0.01,0.13,0.19,0.14,0.0,0.0,0.0,0.0,0.0,0.0,1.0,0.0,0.0,1.0,1.0,0.0,0.0,0.0,0.0,0.0,0.0,0.0,0.0,0.2262589778964342,22.044500447957535,22.100000000000136
767,30.64,0.98,1,-0.029,0.286,0.058,-0.006,-0.06,0.01,0.09,0.0,0.06,0.0,2.2,0.02,0.11,0.76,0.53,0.01,0.62,0.04,0.14,0.28,0.16,0.0,0.0,0.0,0.0,0.0,0.0,1.0,0.0,0.0,1.0,1.0,0.0,0.0,0.0,0.0,0.0,0.0,0.0,0.0,0.22093633323209128,21.927608168699205,21.402102700435858
768,30.68,0.98,1,-0.042,0.251,0.051,-0.007,-0.059,0.24,0.18,0.0,0.06,0.0,1.74,0.02,0.1,0.81,0.51,0.05,0.52,0.06,0.08,0.29,0.12,0.52,0.0,1.0,0.0,0.0,0.0,1.0,0.0,0.0,1.0,1.0,0.0,0.0,0.0,0.0,0.0,0.0,0.0,0.0,0.2342959164702041,20.503902067655318,20.70096616102741
769,30.72,0.98,1,0.029,0.417,0.046,-0.015,-0.052,0.61,0.33,0.0,0.0,0.0,1.4,0.0,0.19,0.85,0.58,0.08,0.45,0.1,0.02,0.27,0.05,1.15,0.0,1.0,0.0,0.0,0.0,1.0,0.0,0.0,1.0,1.0,0.0,0.0,0.0,0.0,0.0,0.0,0.0,1.0,0.19184338404310625,18.022485955050712,20.78701517774983
770,30.76,0.98,1,-0.026,0.443,0.048,-0.021,-0.046,0.72,0.31,0.0,0.0,0.0,1.19,0.0,0.18,0.82,0.59,0.07,0.4,0.08,0.0,0.18,0.05,1.7,0.0,1.0,0.0,0.0,0.0,1.0,0.0,0.0,1.0,1.0,0.0,0.0,0.0,0.0,0.0,0.0,0.0,1.0,0.1739525686999917,16.55928742428248,18.832153355365342
771,30.8,0.98,1,0.0,0.41,0.038,-0.012,-0.03,0.52,0.22,0.0,0.0,0.0,1.48,0.0,0.16,0.76,0.58,0.04,0.42,0.04,0.0,0.12,0.02,1.56,0.0,1.0,0.0,0.0,0.0,1.0,0.0,0.0,1.0,1.0,0.0,0.0,0.0,0.0,0.0,0.0,0.0,1.0,0.17275779355366075,17.890779748238984,22.86328935214698
772,30.84,0.98,1,-0.027,0.347,0.035,-0.013,-0.037,0.19,0.09,0.0,0.0,0.0,1.91,0.05,0.04,0.66,0.41,0.04,0.5,0.02,0.0,0.04,0.14,1.24,0.0,0.0,0.0,0.0,0.0,1.0,0.0,0.0,1.0,1.0,0.0,0.0,0.0,0.0,0.0,0.0,0.0,1.0,0.18840886955070085,16.407620180879462,22.272853431924744
773,30.88,0.98,1,-0.023,0.343,0.065,-0.013,-0.034,0.18,0.01,0.0,0.0,0.0,2.18,0.05,0.08,0.58,0.42,0.08,0.59,0.08,0.03,0.03,0.17,0.88,0.0,0.0,0.0,0.0,0.0,1.0,0.0,0.0,1.0,1.0,0.0,0.0,0.0,0.0,0.0,0.0,0.0,1.0,0.18820361879785918,18.30983342360051,18.099999999999998
774,30.92,0.98,1,-0.025,0.322,0.058,-0.016,-0.041,0.17,0.01,0.0,0.0,0.0,2.31,0.05,0.09,0.54,0.41,0.1,0.7,0.08,0.03,0.0,0.46,0.59,0.0,0.0,0.0,0.0,0.0,1.0,0.0,0.0,1.0,1.0,0.0,0.0,0.0,0.0,0.0,0.0,0.0,0.0,0.18627807607506486,17.800280896659984,17.92261141686655
775,30.96,0.98,1,-0.032,0.309,0.061,-0.01,-0.034,0.13,0.0,0.0,0.0,0.0,2.16,0.0,0.08,0.55,0.31,0.13,0.82,0.06,0.03,0.0,0.43,0.32,0.0,0.0,0.0,0.0,0.0,1.0,0.0,0.0,1.0,1.0,0.0,1.0,0.0,0.0,0.0,0.0,0.0,0.0,0.20352650759214258,19.221082175569666,18.802393464662902
776,31.0,0.98,1,-0.023,0.326,0.071,-0.008,-0.039,0.03,0.0,0.0,0.0,0.0,2.16,0.0,0.04,0.56,0.17,0.13,0.98,0.0,0.05,0.0,0.5,0.13,0.0,0.0,0.0,0.0,0.0,1.0,0.0,0.0,1.0,1.0,0.0,1.0,0.0,0.0,0.0,0.0,0.0,0.0,0.20220858850545445,21.202122535255803,19.409276132818647
777,31.04,0.98,1,-0.031,0.323,0.076,-0.021,-0.033,0.0,0.0,0.0,0.0,0.0,2.1,0.0,0.0,0.54,0.06,0.11,1.02,0.02,0.05,0.0,0.39,0.03,0.0,0.0,0.0,0.0,0.0,1.0,0.0,0.0,1.0,1.0,0.0,1.0,0.0,0.0,0.0,0.0,0.0,0.0,0.21813071356575853,21.100236965493924,18.900264548413162
778,31.08,0.98,1,-0.015,0.33,0.079,-0.006,-0.041,0.0,0.0,0.0,0.0,0.0,1.99,0.0,0.05,0.57,0.15,0.17,1.04,0.02,0.14,0.0,0.36,0.0,0.0,0.0,0.0,0.0,0.0,1.0,0.0,0.0,0.0,1.0,0.0,1.0,0.0,0.0,0.0,0.0,0.0,0.0,0.20462861145752564,20.802163349036515,19.206509313250887
779,31.12,0.98,1,-0.032,0.316,0.072,-0.022,-0.035,0.0,0.0,0.0,0.0,0.0,1.94,0.0,0.05,0.57,0.1,0.13,0.96,0.04,0.09,0.0,0.39,0.0,0.0,0.0,0.0,0.0,0.0,1.0,0.0,0.0,0.0,1.0,0.0,1.0,0.0,0.0,0.0,0.0,0.0,0.0,0.22114465528266417,22.0081802973349,20.20396000787946
780,31.16,0.98,1,-0.006,0.33,0.078,-0.006,-0.046,0.0,0.0,0.0,0.0,0.0,1.98,0.0,0.08,0.59,0.11,0.19,0.95,0.03,0.2,0.0,0.41,0.0,0.0,0.0,0.0,0.0,0.0,1.0,0.0,0.0,0.0,1.0,0.0,1.0,0.0,0.0,0.0,0.0,0.0,0.0,0.20117236800670218,20.60218435020922,20.402205763103254
781,31.2,0.98,1,-0.026,0.312,0.067,-0.021,-0.036,0.0,0.0,0.0,0.0,0.0,2.06,0.0,0.03,0.53,0.08,0.2,0.79,0.03,0.11,0.0,0.43,0.0,0.0,0.0,0.0,0.0,0.0,1.0,0.0,0.0,0.0,1.0,0.0,1.0,0.0,0.0,0.0,0.0,0.0,0.0,0.2272915545459499,20.70096616102741,21.10094784600933
782,31.24,0.98,1,-0.025,0.317,0.075,-0.012,-0.055,0.08,0.0,0.0,0.0,0.0,2.13,0.0,0.03,0.52,0.16,0.21,0.74,0.02,0.11,0.0,0.42,0.0,0.0,0.0,0.0,0.0,0.0,1.0,0.0,0.0,1.0,1.0,0.0,0.0,0.0,0.0,0.0,0.0,0.0,0.0,0.22729629305997628,20.402205763103254,21.500232556881798
783,31.28,0.98,1,-0.013,0.331,0.089,-0.008,-0.052,0.08,0.0,0.0,0.0,0.0,1.94,0.0,0.02,0.51,0.15,0.15,0.63,0.01,0.13,0.0,0.33,0.0,0.0,0.0,0.0,0.0,0.0,1.0,0.0,0.0,1.0,1.0,0.0,0.0,0.0,0.0,0.0,0.0,0.0,0.0,0.21552920368615078,21.718655575334353,21.3114992433662
784,31.32,0.98,1,-0.025,0.309,0.072,-0.016,-0.04,0.08,0.0,0.0,0.0,0.0,1.81,0.0,0.08,0.51,0.19,0.24,0.6,0.01,0.16,0.0,0.33,0.0,0.0,0.0,0.0,0.0,0.0,0.0,0.0,0.0,1.0,1.0,0.0,0.0,0.0,0.0,0.0,0.0,0.0,0.0,0.20950378108428314,21.703686322834702,21.5
785,31.36,0.98,1,-0.025,0.308,0.071,-0.009,-0.054,0.0,0.0,0.0,0.0,0.0,1.72,0.0,0.08,0.46,0.17,0.3,0.52,0.0,0.24,0.0,0.28,0.0,0.0,0.0,0.0,0.0,0.0,0.0,0.0,0.0,1.0,1.0,0.0,0.0,0.0,0.0,0.0,0.0,0.0,0.0,0.21895733407391976,21.80825531765432,21.90365266342566
786,31.4,0.98,1,-0.022,0.284,0.047,-0.012,-0.05,0.0,0.0,0.0,0.0,0.0,1.8,0.0,0.05,0.42,0.3,0.36,0.52,0.0,0.14,0.0,0.18,0.0,0.0,0.0,0.0,0.0,0.0,0.0,0.0,0.0,1.0,1.0,0.0,0.0,0.0,0.0,0.0,0.0,0.0,0.0,0.22248476565095182,21.908217636311587,21.40210270043563
787,31.44,0.98,1,-0.015,0.286,0.063,-0.016,-0.057,0.0,0.0,0.0,0.0,0.0,1.77,0.0,0.0,0.38,0.37,0.23,0.63,0.0,0.18,0.0,0.16,0.0,0.0,0.0,0.0,0.0,0.0,0.0,0.0,0.0,1.0,1.0,0.0,0.0,0.0,0.0,0.0,0.0,0.0,0.0,0.2436030978294347,22.127358631341334,20.900956915892724
788,31.48,0.98,1,-0.01,0.303,0.066,-0.018,-0.058,0.0,0.0,0.0,0.0,0.0,1.65,0.0,0.0,0.38,0.42,0.27,0.63,0.0,0.18,0.0,0.07,0.0,0.0,0.0,0.0,0.0,0.0,0.0,0.0,0.0,1.0,1.0,0.0,0.0,0.0,0.0,0.0,0.0,0.0,0.0,0.23607759034930922,21.618741869035677,21.200235847744757
789,31.52,0.98,1,-0.016,0.292,0.059,-0.018,-0.059,0.0,0.0,0.0,0.0,0.0,1.79,0.0,0.0,0.42,0.41,0.27,0.69,0.0,0.21,0.0,0.07,0.0,0.0,0.0,0.0,0.0,0.0,1.0,0.0,0.0,1.0,1.0,0.0,0.0,0.0,0.0,0.0,0.0,0.0,0.0,0.2416129258735061,22.12261286557255,21.100947846009102
790,31.56,0.98,1,-0.021,0.284,0.049,-0.019,-0.059,0.0,0.0,0.0,0.0,0.0,1.96,0.0,0.0,0.42,0.33,0.25,0.64,0.0,0.19,0.0,0.0,0.0,0.0,0.0,0.0,0.0,0.0,1.0,0.0,0.0,1.0,1.0,0.0,0.0,0.0,0.0,0.0,0.0,0.0,0.0,0.2356027370930326,21.811235636707927,21.100236965493924
791,31.6,0.98,1,-0.009,0.28,0.061,-0.018,-0.064,0.0,0.0,0.0,0.0,0.0,1.9,0.0,0.0,0.46,0.39,0.19,0.62,0.0,0.11,0.02,0.03,0.31,0.0,0.0,0.0,0.0,0.0,1.0,0.0,0.0,1.0,1.0,0.0,0.0,0.0,0.0,0.0,0.0,0.0,0.0,0.2371859824263141,21.508370463612533,20.500975586542218
792,31.64,0.98,1,-0.029,0.298,0.039,-0.021,-0.061,0.27,0.0,0.0,0.0,0.0,1.37,0.0,0.05,0.5,0.5,0.25,0.54,0.13,0.06,0.07,0.03,1.03,0.0,1.0,0.0,0.0,0.0,1.0,0.0,0.0,1.0,1.0,0.0,0.0,0.0,0.0,0.0,0.0,0.0,0.0,0.21764301096005703,19.41262475813085,19.23798326228624
793,31.68,0.98,1,0.017,0.451,0.062,-0.035,-0.06,0.54,0.06,0.0,0.0,0.0,0.74,0.0,0.12,0.56,0.65,0.31,0.52,0.2,0.0,0.18,0.03,1.87,0.0,1.0,0.0,0.0,0.0,1.0,0.0,0.0,1.0,1.0,0.0,0.0,0.0,0.0,0.0,0.0,0.0,1.0,0.16527720942073448,16.577394246382635,20.00024999843761
794,31.72,0.98,1,0.003,0.435,0.049,-0.028,-0.057,0.69,0.06,0.0,0.0,0.0,0.33,0.0,0.12,0.54,0.68,0.39,0.6,0.28,0.0,0.2,0.0,2.17,0.0,1.0,0.0,0.0,0.0,1.0,0.0,0.0,1.0,1.0,0.0,0.0,0.0,0.0,0.0,0.0,0.0,1.0,0.1668708596718301,16.368872899500396,19.801262586006803
795,31.76,0.98,1,-0.017,0.4,0.044,-0.019,-0.053,0.47,0.06,0.0,0.0,0.0,0.65,0.0,0.07,0.49,0.61,0.28,0.63,0.15,0.0,0.16,0.04,1.89,0.0,1.0,0.0,0.0,0.0,1.0,0.0,0.0,0.0,1.0,0.0,0.0,0.0,0.0,0.0,0.0,0.0,1.0,0.17108781012109298,16.436848846418307,20.50780339285499
796,31.8,0.98,1,-0.001,0.308,0.04,-0.017,-0.056,0.25,0.0,0.0,0.13,0.0,1.32,0.0,0.0,0.46,0.47,0.19,0.64,0.08,0.0,0.09,0.06,1.29,0.0,1.0,0.0,0.0,0.0,1.0,0.0,0.0,0.0,1.0,0.0,0.0,0.0,0.0,0.0,0.0,0.0,1.0,0.1985591953962877,18.009997223764362,20.109947787102772
797,31.84,0.98,1,-0.029,0.316,0.049,-0.015,-0.059,0.1,0.0,0.0,0.13,0.0,2.02,0.0,0.0,0.43,0.33,0.15,0.56,0.0,0.0,0.04,0.08,0.72,0.0,0.0,0.0,0.0,0.0,1.0,0.0,0.0,1.0,1.0,0.0,0.0,0.0,0.0,0.0,0.0,0.0,0.0,0.19779097161846765,17.107308379754095,18.408965207202893
798,31.88,0.98,1,-0.02,0.288,0.035,-0.015,-0.057,0.04,0.0,0.0,0.14,0.0,2.26,0.0,0.0,0.42,0.31,0.17,0.56,0.05,0.0,0.07,0.1,0.28,0.0,0.0,0.0,0.0,0.0,1.0,0.0,0.0,1.0,1.0,0.0,0.0,0.0,0.0,0.0,0.0,0.0,0.0,0.184945043819057,18.506755523321747,17.904468715937792
799,31.92,0.98,1,-0.037,0.293,0.048,-0.017,-0.06,0.09,0.0,0.0,0.03,0.0,2.3,0.0,0.0,0.39,0.31,0.23,0.54,0.05,0.0,0.04,0.2,0.04,0.0,0.0,0.0,0.0,0.0,1.0,0.0,0.0,1.0,1.0,0.0,0.0,0.0,0.0,0.0,0.0,0.0,0.0,0.20490782727135765,19.306475597581198,18.602419197512905
800,31.96,0.98,1,-0.037,0.292,0.057,-0.012,-0.063,0.09,0.0,0.0,0.04,0.0,2.22,0.0,0.01,0.45,0.47,0.17,0.59,0.05,0.0,0.04,0.23,0.0,0.0,0.0,0.0,0.0,0.0,1.0,0.0,0.0,1.0,1.0,0.0,0.0,0.0,0.0,0.0,0.0,0.0,0.0,0.2190419096636551,20.508778608196053,19.701015202268177
801,32.0,0.98,1,-0.034,0.273,0.043,-0.016,-0.06,0.09,0.0,0.0,0.04,0.0,2.07,0.0,0.03,0.48,0.5,0.18,0.6,0.0,0.0,0.02,0.19,0.0,0.0,0.0,0.0,0.0,0.0,1.0,0.0,0.0,1.0,1.0,0.0,0.0,0.0,0.0,0.0,0.0,0.0,0.0,0.2376731629185328,19.504102132628407,19.802272596851054
802,32.04,0.98,1,-0.039,0.276,0.053,-0.014,-0.062,0.0,0.0,0.0,0.02,0.0,2.0,0.0,0.06,0.52,0.54,0.12,0.58,0.02,0.01,0.01,0.14,0.0,0.0,0.0,0.0,0.0,0.0,1.0,0.0,0.0,1.0,1.0,0.0,0.0,0.0,0.0,0.0,0.0,0.0,0.0,0.2387237983087649,20.702173798903388,20.20396000787969
803,32.08,0.98,1,-0.048,0.267,0.056,-0.013,-0.064,0.0,0.0,0.0,0.0,0.0,1.83,0.0,0.09,0.5,0.38,0.19,0.57,0.04,0.01,0.01,0.15,0.0,0.0,0.0,0.0,0.0,0.0,1.0,0.0,0.0,1.0,1.0,0.0,0.0,0.0,0.0,0.0,0.0,0.0,0.0,0.2471872363335556,20.606067067735083,20.300246303924673
804,32.12,0.98,1,-0.032,0.272,0.045,-0.019,-0.059,0.02,0.0,0.0,0.0,0.0,1.81,0.0,0.08,0.46,0.4,0.23,0.59,0.04,0.01,0.0,0.2,0.0,0.0,0.0,0.0,0.0,0.0,1.0,0.0,0.0,1.0,1.0,0.0,0.0,0.0,0.0,0.0,0.0,0.0,0.0,0.24663332073590633,20.702173798903384,20.50219500443794
805,32.16,0.98,1,-0.032,0.28,0.059,-0.016,-0.062,0.02,0.0,0.0,0.0,0.0,1.74,0.0,0.05,0.43,0.42,0.26,0.65,0.02,0.0,0.0,0.2,0.0,0.0,0.0,0.0,0.0,0.0,1.0,0.0,0.0,1.0,1.0,0.0,0.0,0.0,0.0,0.0,0.0,0.0,0.0,0.25212738330771806,20.711832367031217,20.400245096566717
806,32.2,0.98,1,-0.036,0.273,0.056,-0.014,-0.064,0.04,0.0,0.0,0.07,0.0,1.78,0.0,0.04,0.4,0.49,0.26,0.67,0.0,0.01,0.0,0.18,0.0,0.0,0.0,0.0,0.0,0.0,1.0,0.0,0.0,1.0,1.0,0.0,0.0,0.0,0.0,0.0,0.0,0.0,0.0,0.25832270274404834,20.706037766796474,20.803845798313304
807,32.24,0.98,1,-0.036,0.277,0.061,-0.011,-0.065,0.01,0.0,0.0,0.07,0.0,1.72,0.0,0.03,0.44,0.37,0.17,0.64,0.0,0.01,0.01,0.14,0.0,0.0,0.0,0.0,0.0,0.0,1.0,0.0,0.0,1.0,1.0,0.0,0.0,0.0,0.0,0.0,0.0,0.0,0.0,0.2509727708005106,21.40840956259955,20.81537893001226
808,32.28,0.98,1,-0.033,0.267,0.049,-0.016,-0.063,0.08,0.0,0.0,0.07,0.0,1.8,0.0,0.02,0.44,0.33,0.12,0.63,0.0,0.01,0.03,0.11,0.0,0.0,0.0,0.0,0.0,0.0,1.0,0.0,0.0,1.0,1.0,0.0,0.0,0.0,0.0,0.0,0.0,0.0,0.0,0.2571244276218526,21.311499243366196,20.615528128088442
809,32.32,0.98,1,-0.038,0.273,0.059,-0.013,-0.066,0.08,0.0,0.0,0.0,0.0,1.89,0.0,0.0,0.47,0.19,0.11,0.58,0.0,0.06,0.03,0.07,0.0,0.0,0.0,0.0,0.0,0.0,1.0,0.0,0.0,1.0,1.0,0.0,0.0,0.0,0.0,0.0,0.0,0.0,0.0,0.257355752561978,21.6187418690359,20.811775512915943
810,32.36,0.98,1,-0.034,0.282,0.054,-0.012,-0.064,0.08,0.0,0.0,0.0,0.0,2.03,0.0,0.0,0.46,0.14,0.1,0.56,0.0,0.13,0.02,0.06,0.0,0.0,0.0,0.0,0.0,0.0,1.0,0.0,0.0,1.0,1.0,0.0,0.0,0.0,0.0,0.0,0.0,0.0,0.0,0.23571772230517368,22.111083193728795,20.60218435020899
811,32.4,0.98,1,-0.04,0.288,0.052,-0.011,-0.061,0.01,0.0,0.0,0.0,0.0,1.97,0.0,0.02,0.49,0.08,0.06,0.52,0.0,0.17,0.0,0.1,0.0,0.0,0.0,0.0,0.0,0.0,1.0,0.0,0.0,1.0,1.0,0.0,0.0,0.0,0.0,0.0,0.0,0.0,0.0,0.2368520136298658,21.711287386979198,21.202122535255572
812,32.44,0.98,1,-0.034,0.288,0.045,-0.012,-0.059,0.0,0.0,0.0,0.09,0.0,1.97,0.0,0.02,0.43,0.2,0.0,0.56,0.01,0.17,0.0,0.09,0.0,0.0,0.0,0.0,0.0,0.0,1.0,0.0,0.0,1.0,1.0,0.0,0.0,0.0,0.0,0.0,0.0,0.0,0.0,0.22272383270890098,21.914607000810992,21.202122535255803
813,32.48,0.98,1,-0.033,0.286,0.057,-0.012,-0.065,0.0,0.0,0.0,0.19,0.0,2.23,0.0,0.02,0.42,0.26,0.0,0.57,0.01,0.11,0.02,0.22,0.0,0.0,0.0,0.0,0.0,0.0,1.0,0.0,0.0,1.0,1.0,0.0,0.0,0.0,0.0,0.0,0.0,0.0,0.0,0.23081998381110785,22.11447489767722,20.600242717016847
814,32.52,0.98,1,-0.028,0.278,0.053,-0.016,-0.06,0.0,0.0,0.0,0.19,0.0,2.2,0.0,0.0,0.36,0.29,0.19,0.63,0.11,0.09,0.02,0.27,0.0,0.0,0.0,0.0,0.0,0.0,1.0,0.0,0.0,1.0,1.0,0.0,0.0,0.0,0.0,0.0,0.0,0.0,0.0,0.23660534656405574,22.118318200080136,21.0
815,32.56,0.98,1,-0.039,0.284,0.067,-0.009,-0.066,0.0,0.0,0.0,0.12,0.0,2.16,0.0,0.0,0.4,0.18,0.24,0.63,0.14,0.06,0.02,0.32,0.0,0.0,0.0,0.0,0.0,0.0,1.0,0.0,0.0,1.0,1.0,0.0,0.0,0.0,0.0,0.0,0.0,0.0,0.0,0.23722538676663385,22.2272355456094,20.80096151623761
816,32.6,0.98,1,-0.04,0.27,0.053,-0.012,-0.061,0.0,0.0,0.0,0.03,0.0,1.96,0.0,0.0,0.39,0.15,0.31,0.66,0.16,0.07,0.02,0.4,0.0,0.0,0.0,0.0,0.0,0.0,1.0,0.0,0.0,1.0,1.0,0.0,0.0,0.0,0.0,0.0,0.0,0.0,0.0,0.24450302806831567,22.42231031807392,20.802163349036515
817,32.64,0.98,1,-0.025,0.315,0.072,-0.007,-0.054,0.0,0.0,0.0,0.08,0.0,2.05,0.0,0.0,0.38,0.1,0.12,0.72,0.12,0.04,0.04,0.36,0.0,0.0,0.0,0.0,0.0,0.0,1.0,0.0,0.0,0.0,1.0,0.0,0.0,0.0,0.0,0.0,0.0,0.0,0.0,0.2094678003772173,22.2272355456094,20.80096151623761
818,32.68,0.98,1,-0.057,0.302,0.071,-0.012,-0.048,0.0,0.0,0.0,0.14,0.0,2.1,0.0,0.0,0.36,0.08,0.12,0.73,0.21,0.02,0.05,0.47,0.0,0.0,0.0,0.0,0.0,0.0,1.0,0.0,0.0,0.0,1.0,0.0,0.0,0.0,0.0,0.0,0.0,0.0,0.0,0.20670619509609153,20.220039564748447,20.000249998437518
819,32.72,0.98,1,-0.062,0.31,0.083,-0.01,-0.05,0.0,0.0,0.0,0.23,0.0,2.13,0.0,0.0,0.36,0.03,0.08,0.7,0.27,0.0,0.03,0.32,0.0,0.0,0.0,0.0,0.0,0.0,1.0,0.0,0.0,0.0,1.0,0.0,0.0,0.0,0.0,0.0,0.0,0.0,0.0,0.20472279732020293,18.832153355365573,20.400245096566945
820,32.76,0.98,1,-0.062,0.286,0.071,-0.011,-0.045,0.04,0.0,0.0,0.24,0.0,2.19,0.0,0.0,0.39,0.03,0.13,0.64,0.33,0.0,0.04,0.39,0.0,0.0,0.0,0.0,0.0,0.0,1.0,0.0,0.0,0.0,1.0,0.0,0.0,0.0,0.0,0.0,0.0,0.0,0.0,0.20264826938171496,18.227451824102932,21.600000000000136
821,32.8,0.98,1,-0.07,0.292,0.072,-0.005,-0.047,0.04,0.0,0.0,0.16,0.0,2.29,0.0,0.0,0.4,0.03,0.17,0.74,0.21,0.09,0.03,0.38,0.0,0.0,0.0,0.0,0.0,0.0,1.0,0.0,0.0,0.0,1.0,0.0,0.0,0.0,0.0,0.0,0.0,0.0,0.0,0.20025781202424248,19.630843079195692,21.800917411889067
822,32.84,0.98,1,-0.077,0.31,0.073,-0.019,-0.038,0.04,0.0,0.0,0.18,0.0,2.34,0.0,0.0,0.37,0.14,0.21,0.81,0.13,0.13,0.07,0.4,0.0,0.0,0.0,0.0,0.0,0.0,1.0,0.0,0.0,0.0,1.0,0.0,0.0,0.0,0.0,0.0,0.0,0.0,0.0,0.21950793901619242,21.323461257497527,20.102238681301053
823,32.88,0.98,1,-0.08,0.298,0.06,-0.01,-0.058,0.0,0.0,0.0,0.11,0.0,2.4,0.01,0.0,0.35,0.11,0.21,0.84,0.12,0.13,0.04,0.3,0.0,0.0,0.0,0.0,0.0,0.0,1.0,0.0,0.0,0.0,1.0,0.0,0.0,0.0,0.0,0.0,0.0,0.0,0.0,0.2114209308458583,21.932852071721175,20.700000000000045
824,32.92,0.98,1,-0.061,0.284,0.06,-0.006,-0.053,0.0,0.0,0.0,0.13,0.0,2.34,0.01,0.0,0.39,0.14,0.24,0.73,0.16,0.04,0.05,0.27,0.0,0.0,0.0,0.0,0.0,0.0,1.0,0.0,0.0,0.0,1.0,0.0,0.0,0.0,0.0,0.0,0.0,0.0,0.0,0.20643059778996303,19.12616009553421,20.70386437358982
825,32.96,0.98,1,-0.074,0.275,0.064,-0.01,-0.051,0.01,0.0,0.0,0.05,0.0,2.39,0.01,0.0,0.43,0.14,0.34,0.62,0.16,0.0,0.01,0.36,0.0,0.0,0.0,0.0,0.0,0.0,1.0,0.0,0.0,0.0,1.0,0.0,0.0,0.0,0.0,0.0,0.0,0.0,0.0,0.23949263880375823,18.809572031282325,19.200000000000045
826,33.0,0.98,1,-0.069,0.268,0.05,-0.017,-0.055,0.01,0.0,0.0,0.05,0.0,2.27,0.0,0.0,0.42,0.25,0.38,0.56,0.13,0.0,0.0,0.41,0.0,0.0,0.0,0.0,0.0,0.0,1.0,0.0,0.0,0.0,1.0,0.0,0.0,0.0,0.0,0.0,0.0,0.0,0.0,0.23801448287919544,18.22223915988377,18.900264548412935
827,33.04,0.98,1,-0.076,0.301,0.064,-0.008,-0.064,0.01,0.0,0.0,0.06,0.0,2.24,0.0,0.05,0.44,0.23,0.34,0.58,0.14,0.09,0.0,0.45,0.0,0.0,0.0,0.0,0.0,0.0,1.0,0.0,0.0,0.0,1.0,0.0,0.0,0.0,0.0,0.0,0.0,0.0,0.0,0.2261513504023526,19.42086506827115,19.701015202268177
828,33.08,0.98,1,-0.081,0.297,0.062,-0.017,-0.044,0.11,0.0,0.0,0.04,0.0,2.15,0.0,0.08,0.41,0.19,0.23,0.61,0.23,0.12,0.0,0.34,0.14,0.0,0.0,0.0,0.0,0.0,1.0,0.0,0.0,0.0,1.0,0.0,0.0,0.0,0.0,0.0,0.0,0.0,0.0,0.22608692952541348,20.020239758804088,19.90100499974822
829,33.12,0.98,1,-0.073,0.287,0.053,-0.008,-0.057,0.27,0.0,0.0,0.04,0.0,1.7,0.0,0.08,0.45,0.1,0.31,0.59,0.19,0.12,0.04,0.27,0.82,0.0,0.0,0.0,0.0,0.0,0.0,0.0,0.0,0.0,1.0,0.0,0.0,0.0,0.0,0.0,0.0,0.0,0.0,0.2153388466664867,20.60024271701662,18.50027026829608
830,33.16,0.98,1,0.037,0.415,0.04,-0.021,-0.053,0.53,0.03,0.0,0.0,0.0,1.21,0.0,0.08,0.48,0.32,0.37,0.56,0.26,0.03,0.07,0.14,1.56,0.0,0.0,0.0,0.0,0.0,0.0,0.0,0.0,0.0,1.0,0.0,0.0,1.0,0.0,0.0,0.0,0.0,1.0,0.1877598636517805,18.154062906137476,20.109947787102783
831,33.2,0.98,1,-0.006,0.441,0.042,-0.027,-0.055,0.56,0.03,0.0,0.0,0.0,0.83,0.0,0.06,0.5,0.28,0.32,0.53,0.29,0.0,0.07,0.06,2.11,0.0,0.0,0.0,0.0,0.0,0.0,0.0,0.0,0.0,1.0,0.0,0.0,1.0,0.0,0.0,0.0,0.0,1.0,0.17596923029839606,15.94521871910207,20.8273858177161
832,33.24,0.98,1,0.0,0.402,0.028,-0.013,-0.041,0.51,0.16,0.0,0.0,0.0,1.12,0.0,0.09,0.47,0.41,0.14,0.59,0.43,0.0,0.03,0.14,1.76,0.0,0.0,0.0,0.0,0.0,1.0,0.0,0.0,0.0,1.0,0.0,0.0,1.0,0.0,0.0,0.0,0.0,1.0,0.1717819872986011,16.519382555047265,19.80126258600703
833,33.28,0.98,1,-0.016,0.329,0.035,-0.021,-0.052,0.24,0.12,0.0,0.0,0.0,1.6,0.02,0.03,0.4,0.25,0.1,0.61,0.4,0.0,0.0,0.26,1.27,0.0,0.0,0.0,0.0,0.0,1.0,0.0,0.0,0.0,1.0,0.0,0.0,1.0,0.0,0.0,0.0,0.0,1.0,0.20224367231530233,17.607100840286137,19.50282030886824
834,33.32,0.98,1,-0.043,0.337,0.053,-0.012,-0.049,0.12,0.12,0.0,0.0,0.0,1.99,0.02,0.03,0.4,0.22,0.15,0.69,0.28,0.0,0.0,0.44,0.67,0.0,0.0,0.0,0.0,0.0,1.0,0.0,0.0,0.0,1.0,0.0,0.0,0.0,0.0,0.0,0.0,0.0,1.0,0.19410529077047012,17.210461934532542,17.075128110793198
835,33.36,0.98,1,-0.05,0.319,0.05,-0.013,-0.046,0.0,0.0,0.0,0.0,0.0,2.3,0.02,0.0,0.38,0.07,0.27,0.66,0.15,0.0,0.0,0.52,0.37,0.0,0.0,0.0,0.0,0.0,1.0,0.0,0.0,0.0,1.0,0.0,0.0,0.0,0.0,0.0,0.0,0.0,1.0,0.18019045497023603,19.520758181996925,17.428711943227565
836,33.4,0.98,1,-0.047,0.301,0.054,-0.01,-0.051,0.0,0.0,0.0,0.0,0.0,2.56,0.0,0.02,0.34,0.01,0.22,0.74,0.04,0.03,0.0,0.49,0.15,0.0,0.0,0.0,0.0,0.0,1.0,0.0,0.0,0.0,1.0,0.0,0.0,0.0,0.0,0.0,0.0,0.0,0.0,0.20330454952937674,20.020239758804088,18.009997223764362
837,33.44,0.98,1,-0.055,0.325,0.061,-0.023,-0.042,0.04,0.0,0.0,0.0,0.0,2.6,0.0,0.02,0.34,0.0,0.29,0.78,0.04,0.03,0.01,0.52,0.07,0.0,0.0,0.0,0.0,0.0,1.0,0.0,0.0,0.0,1.0,0.0,0.0,0.0,0.0,0.0,0.0,0.0,0.0,0.20066539688610896,20.50877860819605,18.101104938649375
838,33.48,0.98,1,-0.05,0.308,0.06,-0.012,-0.048,0.09,0.0,0.0,0.0,0.0,2.56,0.0,0.02,0.36,0.0,0.27,0.79,0.0,0.03,0.01,0.51,0.03,0.0,0.0,0.0,0.0,0.0,1.0,0.0,0.0,0.0,1.0,0.0,0.0,0.0,0.0,0.0,0.0,0.0,0.0,0.21822812180966888,21.202122535255803,18.5024322725419
839,33.52,0.98,1,-0.036,0.3,0.052,-0.009,-0.049,0.09,0.0,0.0,0.0,0.0,2.25,0.0,0.01,0.39,0.0,0.27,0.78,0.0,0.08,0.01,0.6,0.0,0.0,0.0,0.0,0.0,0.0,1.0,0.0,0.0,0.0,1.0,0.0,0.0,0.0,0.0,0.0,0.0,0.0,0.0,0.22469864895778702,20.80096151623761,19.60229578391257
840,33.56,0.98,1,-0.036,0.302,0.054,-0.021,-0.041,0.13,0.0,0.0,0.0,0.0,2.24,0.0,0.01,0.39,0.0,0.26,0.75,0.0,0.08,0.0,0.54,0.0,0.0,0.0,0.0,0.0,0.0,1.0,0.0,0.0,0.0,1.0,0.0,0.0,0.0,0.0,0.0,0.0,0.0,0.0,0.2120748884827096,20.900956915892497,20.09999999999991
841,33.6,0.98,1,-0.032,0.314,0.065,-0.01,-0.049,0.09,0.0,0.0,0.0,0.0,2.05,0.0,0.05,0.39,0.0,0.26,0.74,0.0,0.18,0.0,0.54,0.0,0.0,0.0,0.0,0.0,0.0,1.0,0.0,0.0,0.0,1.0,0.0,0.0,0.0,0.0,0.0,0.0,0.0,0.0,0.20722621170321998,20.800961516237837,19.70228413154152
842,33.64,0.98,1,-0.036,0.308,0.063,-0.019,-0.04,0.09,0.0,0.0,0.0,0.0,2.14,0.0,0.03,0.36,0.0,0.32,0.7,0.07,0.1,0.0,0.49,0.0,0.0,0.0,0.0,0.0,0.0,1.0,0.0,0.0,0.0,1.0,0.0,0.0,0.0,0.0,0.0,0.0,0.0,0.0,0.19898769919220133,21.70092163941435,20.400980368600028
843,33.68,0.98,1,-0.028,0.309,0.061,-0.009,-0.047,0.0,0.0,0.0,0.0,0.0,2.01,0.0,0.07,0.34,0.0,0.29,0.74,0.07,0.22,0.02,0.5,0.0,0.0,0.0,0.0,0.0,0.0,1.0,0.0,0.0,0.0,1.0,0.0,0.0,0.0,0.0,0.0,0.0,0.0,0.0,0.20491030684578587,21.10213259365025,20.608736011701584
844,33.72,0.98,1,-0.039,0.303,0.055,-0.02,-0.039,0.0,0.0,0.0,0.0,0.0,2.1,0.0,0.04,0.31,0.0,0.27,0.74,0.13,0.11,0.06,0.45,0.0,0.0,0.0,0.0,0.0,0.0,1.0,0.0,0.0,0.0,1.0,0.0,0.0,0.0,0.0,0.0,0.0,0.0,0.0,0.19901798150463446,21.700921639414123,20.700241544484495
845,33.76,0.98,1,-0.03,0.31,0.063,-0.011,-0.049,0.1,0.0,0.0,0.0,0.0,2.0,0.01,0.04,0.29,0.0,0.25,0.69,0.08,0.11,0.06,0.46,0.0,0.0,0.0,0.0,0.0,0.0,1.0,0.0,0.0,0.0,1.0,0.0,0.0,0.0,0.0,0.0,0.0,0.0,0.0,0.20662039458579462,21.60023148024127,20.40000000000009
846,33.8,0.98,1,-0.036,0.313,0.073,-0.011,-0.053,0.1,0.0,0.0,0.0,0.0,2.14,0.01,0.01,0.31,0.01,0.28,0.62,0.18,0.0,0.05,0.49,0.0,0.0,0.0,0.0,0.0,0.0,1.0,0.0,0.0,0.0,1.0,0.0,0.0,0.0,0.0,0.0,0.0,0.0,0.0,0.21001778836384863,22.722015755649895,20.00224987345174
847,33.84,0.98,1,-0.024,0.309,0.066,-0.007,-0.053,0.1,0.0,0.0,0.0,0.0,1.88,0.01,0.0,0.33,0.01,0.27,0.62,0.15,0.06,0.01,0.52,0.0,0.0,0.0,0.0,0.0,0.0,1.0,0.0,0.0,0.0,1.0,0.0,0.0,0.0,0.0,0.0,0.0,0.0,0.0,0.2016770016993259,22.607963198837844,21.100000000000136
848,33.88,0.98,1,-0.042,0.287,0.055,-0.025,-0.039,0.0,0.0,0.0,0.0,0.0,1.86,0.0,0.0,0.33,0.07,0.35,0.6,0.15,0.11,0.01,0.41,0.0,0.0,0.0,0.0,0.0,0.0,1.0,0.0,0.0,0.0,1.0,0.0,0.0,0.0,0.0,0.0,0.0,0.0,0.0,0.23753830855966557,22.31434516180114,20.10397970552113
849,33.92,0.98,1,-0.038,0.295,0.056,-0.01,-0.059,0.01,0.0,0.0,0.0,0.0,1.59,0.0,0.0,0.3,0.13,0.36,0.66,0.12,0.12,0.03,0.29,0.0,0.0,0.0,0.0,0.0,0.0,1.0,0.0,0.0,0.0,1.0,0.0,0.0,0.0,0.0,0.0,0.0,0.0,0.0,0.21871783398011163,21.611339616044077,20.703864373589592
850,33.96,0.98,1,-0.033,0.27,0.045,-0.013,-0.06,0.06,0.0,0.0,0.0,0.0,1.88,0.0,0.0,0.28,0.13,0.32,0.7,0.09,0.06,0.03,0.26,0.0,0.0,0.0,0.0,0.0,0.0,1.0,0.0,0.0,0.0,1.0,0.0,0.0,0.0,0.0,0.0,0.0,0.0,0.0,0.23285437806818657,21.814673960433105,21.100236965493924
851,34.0,0.98,1,-0.017,0.303,0.064,-0.01,-0.053,0.06,0.0,0.0,0.0,0.0,1.97,0.02,0.0,0.31,0.07,0.29,0.78,0.09,0.01,0.03,0.33,0.0,0.0,0.0,0.0,0.0,0.0,1.0,0.0,0.0,0.0,1.0,0.0,0.0,0.0,0.0,0.0,0.0,0.0,0.0,0.22253508204993794,22.626754075651377,20.799999999999955
852,34.04,0.98,1,-0.033,0.324,0.08,-0.011,-0.052,0.05,0.0,0.0,0.0,0.0,2.43,0.02,0.05,0.32,0.0,0.18,0.76,0.07,0.0,0.01,0.38,0.32,0.0,0.0,0.0,0.0,0.0,1.0,0.0,0.0,0.0,1.0,0.0,0.0,0.0,0.0,0.0,0.0,0.0,0.0,0.21958082229617815,22.327113561766062,21.50209292138791
853,34.08,0.98,1,-0.023,0.309,0.057,-0.016,-0.043,0.27,0.0,0.0,0.0,0.0,2.14,0.02,0.15,0.37,0.08,0.28,0.69,0.29,0.0,0.01,0.29,0.99,0.0,0.0,0.0,0.0,0.0,1.0,0.0,0.0,0.0,1.0,0.0,0.0,0.0,0.0,0.0,0.0,0.0,1.0,0.20024856101139338,19.520758181996932,19.059118552545918
854,34.12,0.98,1,0.015,0.451,0.079,-0.024,-0.046,0.53,0.03,0.0,0.0,0.0,1.8,0.0,0.18,0.37,0.12,0.27,0.63,0.47,0.0,0.06,0.21,1.67,0.0,0.0,0.0,0.0,0.0,1.0,0.0,0.0,0.0,1.0,0.0,0.0,0.0,0.0,0.0,0.0,0.0,1.0,0.17796045263269966,15.671949463930908,20.056420418409527
855,34.16,0.98,1,-0.011,0.457,0.07,-0.018,-0.046,0.73,0.03,0.0,0.0,0.0,1.13,0.0,0.12,0.38,0.14,0.4,0.65,0.45,0.0,0.09,0.16,2.04,0.0,0.0,0.0,0.0,0.0,1.0,0.0,0.0,0.0,1.0,0.0,0.0,0.0,0.0,0.0,0.0,0.0,1.0,0.16932068663530248,16.037767924496226,20.03247363657328
856,34.2,0.98,1,-0.015,0.411,0.05,-0.013,-0.042,0.6,0.03,0.0,0.0,0.0,1.33,0.0,0.08,0.36,0.06,0.33,0.72,0.35,0.0,0.09,0.23,1.85,0.0,0.0,0.0,0.0,0.0,1.0,0.0,0.0,0.0,1.0,0.0,0.0,0.0,0.0,0.0,0.0,0.0,1.0,0.17854250258133536,15.807909412696093,20.069130524265237
857,34.24,0.98,1,-0.008,0.346,0.063,-0.011,-0.048,0.37,0.0,0.0,0.0,0.0,1.6,0.0,0.07,0.35,0.03,0.3,0.78,0.32,0.0,0.03,0.31,1.38,0.0,0.0,0.0,0.0,0.0,1.0,0.0,0.0,0.0,1.0,0.0,1.0,1.0,0.0,0.0,0.0,0.0,1.0,0.19171576692370423,17.90251378996802,18.047160441465675
858,34.28,0.98,1,-0.022,0.346,0.061,-0.01,-0.048,0.17,0.0,0.0,0.05,0.0,1.91,0.0,0.07,0.36,0.01,0.27,0.83,0.34,0.01,0.0,0.31,0.73,0.0,0.0,0.0,0.0,0.0,1.0,0.0,0.0,0.0,1.0,0.0,1.0,0.0,0.0,0.0,0.0,0.0,1.0,0.1898464499899412,17.799999999999955,16.97557068260137
859,34.32,0.98,1,-0.038,0.308,0.058,-0.02,-0.041,0.09,0.0,0.0,0.05,0.0,2.06,0.0,0.02,0.34,0.0,0.34,0.9,0.34,0.01,0.0,0.34,0.25,0.0,0.0,0.0,0.0,0.0,1.0,0.0,0.0,0.0,1.0,0.0,1.0,0.0,0.0,0.0,0.0,0.0,0.0,0.1884402622208985,20.215835377248247,17.618172436436332
860,34.36,0.98,1,-0.044,0.312,0.07,-0.011,-0.05,0.17,0.0,0.0,0.05,0.0,2.13,0.0,0.04,0.36,0.02,0.27,0.92,0.24,0.01,0.0,0.32,0.05,0.0,0.0,0.0,0.0,0.0,0.0,0.0,0.0,0.0,1.0,0.0,1.0,0.0,0.0,0.0,0.0,0.0,0.0,0.21159985326887448,19.20416621465253,18.509727172489605
861,34.4,0.98,1,-0.053,0.32,0.071,-0.008,-0.052,0.22,0.02,0.0,0.0,0.0,2.05,0.0,0.04,0.35,0.02,0.23,0.94,0.22,0.0,0.0,0.31,0.06,0.0,0.0,0.0,0.0,0.0,1.0,0.0,0.0,0.0,1.0,0.0,1.0,0.0,0.0,0.0,0.0,0.0,0.0,0.21711618511346892,20.506096654409877,19.81615502563497
862,34.44,0.98,1,-0.035,0.307,0.061,-0.021,-0.04,0.25,0.02,0.0,0.08,0.0,2.02,0.0,0.04,0.35,0.02,0.12,0.95,0.21,0.0,0.0,0.24,0.06,0.0,0.0,0.0,0.0,0.0,1.0,0.0,0.0,0.0,1.0,0.0,1.0,0.0,0.0,0.0,0.0,0.0,0.0,0.22020371681565531,21.303755537463296,19.204166214652304
863,34.48,0.98,1,-0.035,0.298,0.055,-0.008,-0.043,0.14,0.02,0.0,0.08,0.0,1.97,0.0,0.0,0.33,0.0,0.2,0.98,0.19,0.05,0.0,0.21,0.05,0.0,0.0,0.0,0.0,0.0,1.0,0.0,0.0,0.0,1.0,0.0,1.0,0.0,0.0,0.0,0.0,0.0,0.0,0.22593072016462956,21.11918559035849,19.709134937891157
864,34.52,0.98,1,-0.048,0.308,0.059,-0.02,-0.037,0.11,0.0,0.0,0.08,0.0,2.31,0.02,0.0,0.31,0.0,0.14,0.94,0.23,0.05,0.0,0.25,0.0,0.0,0.0,0.0,0.0,0.0,1.0,0.0,0.0,0.0,1.0,0.0,1.0,0.0,0.0,0.0,0.0,0.0,0.0,0.22717876718643543,21.500930212434994,19.5
865,34.56,0.98,1,-0.036,0.326,0.072,-0.004,-0.046,0.02,0.0,0.0,0.0,0.0,2.09,0.02,0.0,0.3,0.0,0.22,0.88,0.21,0.12,0.0,0.28,0.0,0.0,0.0,0.0,0.0,0.0,1.0,0.0,0.0,0.0,1.0,0.0,1.0,0.0,0.0,0.0,0.0,0.0,0.0,0.20504181802630778,20.908610666421712,19.402319448973195
866,34.6,0.98,1,-0.044,0.285,0.045,-0.016,-0.033,0.02,0.0,0.0,0.0,0.0,2.15,0.02,0.0,0.33,0.0,0.16,0.9,0.24,0.07,0.0,0.34,0.0,0.0,0.0,0.0,0.0,0.0,1.0,0.0,0.0,0.0,1.0,0.0,1.0,0.0,0.0,0.0,0.0,0.0,0.0,0.21874564380520434,21.799999999999955,20.5
867,34.64,0.98,1,-0.036,0.31,0.062,-0.007,-0.041,0.0,0.0,0.0,0.0,0.0,1.8,0.0,0.0,0.33,0.0,0.3,0.94,0.16,0.19,0.0,0.33,0.04,0.0,0.0,0.0,0.0,0.0,1.0,0.0,0.0,0.0,1.0,0.0,1.0,0.0,0.0,0.0,0.0,0.0,0.0,0.20050352878240504,21.10213259365025,20.20024752323599
868,34.68,0.98,1,-0.054,0.301,0.054,-0.015,-0.035,0.0,0.0,0.0,0.0,0.0,2.09,0.0,0.0,0.34,0.0,0.21,0.92,0.08,0.12,0.0,0.31,0.04,0.0,0.0,0.0,0.0,0.0,1.0,0.0,0.0,0.0,1.0,0.0,1.0,0.0,0.0,0.0,0.0,0.0,0.0,0.2004174681746972,22.60199106273618,20.300985197768068
869,34.72,0.98,1,-0.041,0.309,0.065,-0.004,-0.046,0.0,0.0,0.0,0.0,0.0,1.96,0.0,0.0,0.27,0.0,0.16,0.94,0.04,0.16,0.0,0.42,0.05,0.0,0.0,0.0,0.0,0.0,1.0,0.0,0.0,0.0,1.0,0.0,1.0,0.0,0.0,0.0,0.0,0.0,0.0,0.2078089194134793,20.900239233080654,21.10094784600933
870,34.76,0.98,1,-0.054,0.296,0.059,-0.011,-0.027,0.05,0.0,0.0,0.0,0.0,2.12,0.0,0.0,0.27,0.0,0.18,0.9,0.11,0.09,0.0,0.46,0.01,0.0,0.0,0.0,0.0,0.0,0.0,0.0,0.0,0.0,1.0,0.0,1.0,0.0,0.0,0.0,0.0,0.0,0.0,0.20228909450803179,21.700000000000045,19.602295783912794
871,34.8,0.98,1,-0.044,0.324,0.08,-0.005,-0.046,0.04,0.0,0.0,0.01,0.0,1.93,0.0,0.0,0.25,0.0,0.18,1.01,0.11,0.13,0.0,0.56,0.01,0.0,0.0,0.0,0.0,0.0,0.0,0.0,0.0,0.0,1.0,0.0,1.0,0.0,0.0,0.0,0.0,0.0,0.0,0.20940988227822915,21.123683390923947,20.60024271701662
872,34.84,0.98,1,-0.073,0.289,0.064,-0.007,-0.028,0.04,0.0,0.0,0.01,0.0,2.01,0.0,0.0,0.2,0.0,0.22,0.95,0.1,0.22,0.0,0.58,0.0,0.0,0.0,0.0,0.0,0.0,0.0,0.0,0.0,0.0,1.0,0.0,1.0,0.0,0.0,0.0,0.0,0.0,0.0,0.20669865465248133,22.10090495884741,19.900251254695345
873,34.88,0.98,1,-0.087,0.287,0.06,-0.009,-0.02,0.0,0.0,0.0,0.01,0.0,1.98,0.0,0.0,0.11,0.0,0.09,1.06,0.03,0.36,0.0,0.64,0.0,0.0,0.0,0.0,0.0,0.0,0.0,0.0,0.0,0.0,1.0,0.0,1.0,0.0,0.0,0.0,0.0,0.0,0.0,0.20940703061411833,23.503404008781366,19.701015202268177
874,34.92,0.98,1,-0.095,0.279,0.055,-0.008,-0.015,0.0,0.0,0.0,0.03,0.0,2.02,0.0,0.0,0.07,0.0,0.09,1.02,0.03,0.5,0.03,0.56,0.0,0.0,0.0,0.0,0.0,0.0,0.0,0.0,0.0,0.0,1.0,0.0,1.0,0.0,0.0,0.0,0.0,0.0,0.0,0.21002912921703737,23.50531854708632,20.400980368600028
875,34.96,0.98,1,-0.088,0.282,0.058,-0.007,-0.011,0.0,0.0,0.0,0.03,0.0,1.91,0.0,0.0,0.07,0.0,0.02,1.13,0.0,0.58,0.03,0.39,0.0,0.0,0.0,0.0,0.0,0.0,0.0,0.0,0.0,0.0,1.0,0.0,1.0,0.0,0.0,0.0,0.0,0.0,0.0,0.20939340661949318,22.71783440383352,21.000238093888363
876,35.0,0.98,1,-0.094,0.274,0.055,-0.003,-0.007,0.0,0.0,0.0,0.03,0.0,1.82,0.0,0.0,0.08,0.0,0.06,1.16,0.0,0.63,0.07,0.36,0.0,0.0,0.0,0.0,0.0,0.0,0.0,0.0,0.0,0.0,1.0,0.0,1.0,0.0,0.0,0.0,0.0,0.0,0.0,0.21833940028721044,22.111083193728795,21.602083232873767
877,35.04,0.98,1,-0.103,0.275,0.055,-0.001,-0.003,0.0,0.0,0.0,0.0,0.0,1.58,0.0,0.0,0.07,0.0,0.14,1.23,0.07,0.65,0.06,0.43,0.0,0.0,0.0,0.0,0.0,0.0,0.0,0.0,0.0,0.0,1.0,0.0,1.0,0.0,0.0,0.0,0.0,0.0,0.0,0.2151544944967284,22.10814329607975,21.500232556881798
878,35.08,0.98,1,-0.098,0.293,0.056,-0.001,-0.001,0.0,0.03,0.0,0.0,0.0,1.57,0.0,0.0,0.08,0.0,0.14,1.22,0.07,0.6,0.06,0.52,0.03,0.0,0.0,0.0,0.0,0.0,0.0,0.0,0.0,0.0,1.0,0.0,1.0,0.0,0.0,0.0,0.0,0.0,0.0,0.21286745833773413,22.103619613086135,20.203960007879687
879,35.12,0.98,1,-0.104,0.295,0.062,-0.001,0.0,0.0,0.03,0.0,0.0,0.0,1.65,0.0,0.0,0.1,0.0,0.1,1.19,0.07,0.55,0.02,0.46,0.03,0.0,0.0,0.0,0.0,0.0,0.0,0.0,0.0,0.0,1.0,0.0,1.0,0.0,0.0,0.0,0.0,0.0,0.0,0.21783182603658463,20.20890892651065,20.302216627747775
880,35.16,0.98,1,-0.1,0.283,0.06,-0.002,0.001,0.0,0.03,0.0,0.0,0.0,1.83,0.0,0.0,0.11,0.0,0.05,1.23,0.0,0.49,0.0,0.44,0.03,0.0,0.0,0.0,0.0,0.0,0.0,0.0,0.0,0.0,1.0,0.0,1.0,0.0,0.0,0.0,0.0,0.0,0.0,0.21938170658733994,20.511947737842938,20.8002403832263
881,35.2,0.98,1,-0.104,0.288,0.07,-0.0,-0.001,0.0,0.03,0.0,0.0,0.0,1.78,0.0,0.0,0.12,0.0,0.06,1.22,0.0,0.52,0.0,0.38,0.0,0.0,0.0,0.0,0.0,0.0,0.0,0.0,0.0,0.0,1.0,0.0,1.0,0.0,0.0,0.0,0.0,0.0,0.0,0.22718001816645628,20.203960007879687,21.60023148024127
882,35.24,0.98,1,-0.108,0.292,0.065,0.003,-0.005,0.0,0.03,0.0,0.0,0.0,1.71,0.0,0.0,0.14,0.0,0.08,1.17,0.0,0.48,0.0,0.44,0.0,0.0,0.0,0.0,0.0,0.0,0.0,0.0,0.0,0.0,1.0,0.0,1.0,0.0,0.0,0.0,0.0,0.0,0.0,0.2204993159534595,21.714741536568933,20.5
883,35.28,0.98,1,-0.11,0.3,0.07,0.007,-0.009,0.02,0.03,0.0,0.0,0.0,1.61,0.0,0.0,0.13,0.0,0.12,1.1,0.0,0.46,0.0,0.49,0.0,0.0,0.0,0.0,0.0,0.0,0.0,0.0,0.0,0.0,1.0,0.0,1.0,0.0,0.0,0.0,0.0,0.0,0.0,0.22131767777917605,21.905707018948373,19.801010075246115
884,35.32,0.98,1,-0.101,0.298,0.068,0.012,-0.013,0.04,0.0,0.0,0.0,0.0,1.68,0.0,0.0,0.13,0.0,0.24,1.08,0.0,0.41,0.0,0.51,0.0,0.0,0.0,0.0,0.0,0.0,0.0,0.0,0.0,0.0,1.0,0.0,1.0,0.0,0.0,0.0,0.0,0.0,0.0,0.21777520844583018,22.114474897677223,20.000249998437518
885,35.36,0.98,1,-0.072,0.301,0.071,0.018,-0.016,0.04,0.0,0.0,0.0,0.0,1.49,0.0,0.0,0.12,0.0,0.33,1.08,0.0,0.42,0.0,0.43,0.0,0.0,0.0,0.0,0.0,0.0,0.0,0.0,0.0,0.0,1.0,0.0,1.0,0.0,0.0,0.0,0.0,0.0,0.0,0.20295551650527524,23.00195643852931,20.602184350209217
886,35.4,0.98,1,-0.068,0.294,0.069,0.024,-0.019,0.02,0.0,0.0,0.0,0.0,1.37,0.0,0.0,0.11,0.0,0.37,1.03,0.0,0.41,0.0,0.3,0.0,0.0,0.0,0.0,0.0,0.0,0.0,0.0,0.0,0.0,1.0,0.0,1.0,0.0,0.0,0.0,0.0,0.0,0.0,0.20762178086405314,22.305604676851914,21.500232556881798
887,35.44,0.98,1,-0.066,0.29,0.063,0.03,-0.02,0.0,0.0,0.0,0.0,0.0,1.31,0.0,0.0,0.08,0.0,0.3,0.94,0.02,0.4,0.0,0.29,0.0,0.0,0.0,0.0,0.0,0.0,0.0,0.0,0.0,0.0,1.0,0.0,1.0,0.0,0.0,0.0,0.0,0.0,0.0,0.2089050336191691,22.305604676851914,21.000238093888363
888,35.48,0.98,1,-0.071,0.293,0.061,0.032,-0.021,0.0,0.0,0.0,0.0,0.0,1.44,0.0,0.0,0.06,0.0,0.24,0.91,0.1,0.41,0.01,0.31,0.0,0.0,0.0,0.0,0.0,0.0,0.0,0.0,0.0,0.0,1.0,0.0,1.0,0.0,0.0,0.0,0.0,0.0,0.0,0.21732506719888078,22.500888871331284,21.002142747824564
889,35.52,0.98,1,-0.074,0.289,0.055,0.035,-0.021,0.0,0.0,0.0,0.0,0.0,1.48,0.0,0.0,0.06,0.0,0.16,0.88,0.15,0.41,0.03,0.33,0.0,0.0,0.0,0.0,0.0,0.0,0.0,0.0,0.0,0.0,1.0,0.0,1.0,0.0,0.0,0.0,0.0,0.0,0.0,0.2126670798386741,22.60022123785508,21.40000000000009
890,35.56,0.98,1,-0.075,0.28,0.05,0.036,-0.017,0.0,0.0,0.0,0.0,0.0,1.35,0.0,0.0,0.07,0.0,0.08,0.93,0.15,0.42,0.09,0.34,0.0,0.0,0.0,0.0,0.0,0.0,0.0,0.0,0.0,0.0,1.0,0.0,1.0,0.0,0.0,0.0,0.0,0.0,0.0,0.21127712675964389,22.799999999999955,21.799999999999955
891,35.6,0.98,1,-0.072,0.291,0.058,0.033,-0.019,0.0,0.0,0.0,0.01,0.0,1.21,0.0,0.0,0.09,0.0,0.07,0.91,0.18,0.4,0.08,0.33,0.0,0.0,0.0,0.0,0.0,0.0,0.0,0.0,0.0,0.0,1.0,0.0,1.0,0.0,0.0,0.0,0.0,0.0,0.0,0.20755298277038706,22.901964981197665,21.700230413523308
892,35.64,0.98,1,-0.086,0.282,0.058,0.035,-0.017,0.0,0.0,0.0,0.01,0.0,1.25,0.0,0.0,0.11,0.0,0.05,0.88,0.14,0.38,0.11,0.26,0.0,0.0,0.0,0.0,0.0,0.0,0.0,0.0,0.0,0.0,1.0,0.0,1.0,0.0,0.0,0.0,0.0,0.0,0.0,0.2105770305954104,23.300858353288373,21.400233643584226
893,35.68,0.98,1,-0.078,0.284,0.059,0.032,-0.018,0.0,0.0,0.0,0.01,0.0,1.36,0.0,0.0,0.11,0.0,0.05,0.83,0.21,0.36,0.06,0.22,0.0,0.0,0.0,0.0,0.0,0.0,0.0,0.0,0.0,0.0,1.0,0.0,1.0,0.0,0.0,0.0,0.0,0.0,0.0,0.20426743487350169,23.000217390276987,21.100236965493924
894,35.72,0.98,1,-0.079,0.289,0.063,0.031,-0.022,0.0,0.0,0.0,0.0,0.0,1.52,0.0,0.0,0.09,0.0,0.0,0.89,0.1,0.34,0.06,0.27,0.0,0.0,0.0,0.0,0.0,0.0,0.0,0.0,0.0,0.0,1.0,0.0,1.0,0.0,0.0,0.0,0.0,0.0,0.0,0.20412046085294203,23.10086578464097,20.90095691589272
895,35.76,0.98,1,-0.082,0.281,0.055,0.026,-0.02,0.0,0.01,0.0,0.0,0.0,1.5,0.0,0.0,0.08,0.0,0.03,0.96,0.09,0.32,0.04,0.31,0.0,0.0,0.0,0.0,0.0,0.0,0.0,0.0,0.0,0.0,1.0,0.0,1.0,0.0,0.0,0.0,0.0,0.0,0.0,0.2082907433399523,23.400854685245868,21.20094337523691
896,35.8,0.98,1,-0.077,0.291,0.065,0.026,-0.023,0.0,0.01,0.0,0.0,0.0,1.52,0.0,0.0,0.06,0.0,0.03,1.02,0.08,0.36,0.06,0.32,0.02,0.0,0.0,0.0,0.0,0.0,0.0,0.0,0.0,0.0,1.0,0.0,1.0,0.0,0.0,0.0,0.0,0.0,0.0,0.21029187057935528,22.799999999999955,21.2009433752368
897,35.84,0.98,1,-0.076,0.287,0.057,0.027,-0.025,0.0,0.04,0.0,0.0,0.0,1.33,0.0,0.0,0.04,0.0,0.03,0.98,0.11,0.39,0.06,0.29,0.02,0.0,0.0,0.0,0.0,0.0,0.0,0.0,0.0,0.0,1.0,0.0,1.0,0.0,0.0,0.0,0.0,0.0,0.0,0.2069962446145085,23.30193125043497,21.000238093888363
898,35.88,0.98,1,-0.078,0.283,0.057,0.032,-0.027,0.0,0.04,0.0,0.0,0.0,1.36,0.0,0.0,0.01,0.0,0.06,1.04,0.17,0.42,0.04,0.36,0.02,0.0,0.0,0.0,0.0,0.0,0.0,0.0,0.0,0.0,1.0,0.0,1.0,0.0,0.0,0.0,0.0,0.0,0.0,0.2105587927326604,23.301931250434972,21.102132593650364
899,35.92,0.98,1,-0.078,0.285,0.058,0.039,-0.029,0.0,0.04,0.0,0.0,0.0,1.39,0.0,0.0,0.0,0.0,0.08,1.09,0.14,0.36,0.04,0.4,0.2,0.0,0.0,0.0,0.0,0.0,0.0,0.0,0.0,0.0,1.0,0.0,1.0,0.0,0.0,0.0,0.0,0.0,0.0,0.20697050091165142,23.30085835328814,20.903827400741804
900,35.96,0.98,1,-0.068,0.33,0.05,0.037,-0.025,0.32,0.2,0.0,0.0,0.0,1.04,0.0,0.0,0.02,0.0,0.09,1.13,0.22,0.22,0.03,0.35,1.07,0.0,0.0,0.0,0.0,0.0,0.0,0.0,0.0,0.0,1.0,0.0,1.0,0.0,0.0,0.0,0.0,0.0,1.0,0.18805891136476205,19.501025614054253,18.054362353736014
901,36.0,0.98,1,-0.049,0.417,0.036,0.038,-0.019,0.63,0.48,0.0,0.0,0.0,0.6,0.0,0.0,0.04,0.03,0.05,1.09,0.26,0.09,0.02,0.26,1.81,0.0,0.0,0.0,0.0,0.0,0.0,0.0,0.0,0.0,1.0,0.0,1.0,0.0,0.0,0.0,0.0,0.0,1.0,0.17010998085207413,17.44849563716011,19.811612756158873
902,36.04,0.98,1,-0.057,0.409,0.028,0.037,-0.015,0.76,0.6,0.0,0.0,0.0,0.38,0.0,0.0,0.04,0.03,0.02,1.07,0.28,0.0,0.0,0.11,2.11,0.0,0.0,0.0,0.0,0.0,0.0,0.0,0.0,0.0,1.0,0.0,1.0,0.0,0.0,0.0,0.0,0.0,1.0,0.16904910791706207,19.194269978303556,19.492819190666058
903,36.08,0.98,1,-0.094,0.399,0.021,0.041,-0.013,0.6,0.59,0.0,0.0,0.0,0.67,0.0,0.0,0.02,0.03,0.01,1.08,0.17,0.05,0.0,0.05,1.72,0.0,0.0,0.0,0.0,0.0,0.0,0.0,0.0,0.0,1.0,0.0,1.0,0.0,0.0,0.0,0.0,0.0,1.0,0.16582069747763695,18.432851108821854,20.341583025910207
904,36.12,0.98,1,-0.097,0.33,0.026,0.041,-0.017,0.37,0.51,0.0,0.02,0.0,0.97,0.0,0.0,0.01,0.01,0.0,1.06,0.11,0.17,0.0,0.1,1.26,0.0,0.0,0.0,0.0,0.0,0.0,0.0,0.0,0.0,1.0,0.0,1.0,0.0,0.0,0.0,0.0,0.0,1.0,0.18485245655456453,20.120139164528567,20.34821859524804
905,36.16,0.98,1,-0.112,0.333,0.035,0.045,-0.019,0.24,0.38,0.0,0.04,0.0,1.11,0.0,0.0,0.07,0.0,0.0,1.06,0.03,0.25,0.0,0.18,0.97,0.0,0.0,0.0,0.0,0.0,0.0,0.0,0.0,0.0,1.0,0.0,1.0,0.0,0.0,0.0,0.0,0.0,1.0,0.18159163542418427,20.619650821485706,18.127603261325
906,36.2,0.98,1,-0.113,0.313,0.037,0.047,-0.022,0.14,0.2,0.0,0.06,0.0,1.36,0.0,0.0,0.09,0.0,0.0,1.03,0.11,0.28,0.0,0.24,0.61,0.0,0.0,0.0,0.0,0.0,0.0,0.0,0.0,0.0,1.0,0.0,1.0,0.0,0.0,0.0,0.0,0.0,1.0,0.19105245891956135,20.408821622033802,17.622996340009855
907,36.24,0.98,1,-0.131,0.285,0.03,0.049,-0.022,0.16,0.01,0.0,0.07,0.0,1.64,0.0,0.0,0.14,0.0,0.0,1.09,0.28,0.21,0.0,0.28,0.47,0.0,0.0,0.0,0.0,0.0,0.0,0.0,0.0,0.0,1.0,0.0,1.0,0.0,0.0,0.0,0.0,0.0,0.0,0.1887075244221292,20.100248754679765,18.30437106267239
908,36.28,0.98,1,-0.118,0.283,0.028,0.049,-0.02,0.19,0.07,0.0,0.12,0.0,1.7,0.0,0.0,0.16,0.0,0.0,1.03,0.39,0.18,0.0,0.28,0.47,0.0,0.0,0.0,0.0,0.0,0.0,0.0,0.0,0.0,1.0,0.0,1.0,0.0,0.0,0.0,0.0,0.0,0.0,0.19903602004338347,21.000238093888363,18.402445489662487
909,36.32,0.98,1,-0.128,0.288,0.033,0.052,-0.018,0.24,0.12,0.0,0.17,0.0,1.67,0.0,0.0,0.18,0.0,0.0,1.01,0.31,0.16,0.0,0.29,0.41,0.0,0.0,0.0,0.0,0.0,0.0,0.0,0.0,0.0,1.0,0.0,1.0,0.0,0.0,0.0,0.0,0.0,0.0,0.20189789464744456,22.105655384991554,17.80112356004526
910,36.36,0.98,1,-0.135,0.292,0.04,0.055,-0.019,0.14,0.12,0.0,0.16,0.0,1.61,0.0,0.0,0.17,0.0,0.0,0.97,0.14,0.19,0.0,0.3,0.27,0.0,0.0,0.0,0.0,0.0,0.0,0.0,0.0,0.0,1.0,0.0,1.0,0.0,0.0,0.0,0.0,0.0,0.0,0.1971406714174086,23.10194796981428,17.600000000000023
911,36.4,0.98,1,-0.153,0.286,0.04,0.057,-0.018,0.11,0.06,0.0,0.09,0.0,1.53,0.0,0.0,0.12,0.0,0.0,1.05,0.03,0.24,0.0,0.34,0.05,0.0,0.0,0.0,0.0,0.0,0.0,0.0,0.0,0.0,1.0,0.0,1.0,0.0,0.0,0.0,0.0,0.0,0.0,0.20123180990687253,23.399999999999864,17.90000000000009
912,36.44,0.98,1,-0.161,0.271,0.04,0.058,-0.014,0.01,0.0,0.0,0.05,0.0,1.54,0.0,0.0,0.11,0.0,0.0,1.06,0.11,0.26,0.0,0.43,0.01,0.0,0.0,0.0,0.0,0.0,0.0,0.0,0.0,0.0,1.0,0.0,1.0,0.0,0.0,0.0,0.0,0.0,0.0,0.20955010830642629,23.403418553706924,18.3043710626725
913,36.48,0.98,1,-0.167,0.269,0.046,0.06,-0.011,0.0,0.0,0.0,0.08,0.0,1.49,0.0,0.0,0.12,0.0,0.0,1.05,0.22,0.28,0.0,0.39,0.05,0.0,0.0,0.0,0.0,0.0,0.0,0.0,0.0,0.0,1.0,0.0,1.0,0.0,0.0,0.0,0.0,0.0,0.0,0.2127246933915296,23.400213674237968,18.40108692441833
914,36.52,0.98,1,-0.172,0.266,0.044,0.061,-0.006,0.0,0.0,0.0,0.15,0.0,1.62,0.0,0.0,0.17,0.0,0.0,1.01,0.24,0.32,0.0,0.41,0.05,0.0,0.0,0.0,0.0,0.0,0.0,0.0,0.0,0.0,1.0,0.0,1.0,0.0,0.0,0.0,0.0,0.0,0.0,0.2172836389820102,23.100216449202286,18.601075237738296
915,36.56,0.98,1,-0.16,0.288,0.052,0.061,-0.004,0.0,0.0,0.0,0.12,0.0,1.61,0.0,0.0,0.19,0.0,0.0,1.04,0.16,0.38,0.0,0.32,0.05,0.0,0.0,0.0,0.0,0.0,0.0,0.0,0.0,0.0,1.0,0.0,1.0,0.0,0.0,0.0,0.0,0.0,0.0,0.19786526571926516,24.207436873820452,18.499999999999886
916,36.6,0.98,1,-0.161,0.286,0.052,0.059,-0.001,0.0,0.0,0.0,0.07,0.0,1.64,0.0,0.0,0.15,0.0,0.0,1.08,0.02,0.46,0.0,0.41,0.0,0.0,0.0,0.0,0.0,0.0,0.0,0.0,0.0,0.0,1.0,0.0,1.0,0.0,0.0,0.0,0.0,0.0,0.0,0.20134347477128473,23.205387305537524,18.701069488133605
917,36.64,0.98,1,-0.167,0.278,0.05,0.058,0.003,0.0,0.0,0.0,0.0,0.0,1.46,0.0,0.0,0.1,0.0,0.0,1.12,0.01,0.5,0.0,0.44,0.0,0.0,0.0,0.0,0.0,0.0,0.0,0.0,0.0,0.0,1.0,0.0,1.0,0.0,0.0,0.0,0.0,0.0,0.0,0.20410303481300945,23.80336110720496,19.200260414900672
918,36.68,0.98,1,-0.167,0.288,0.053,0.055,0.005,0.0,0.0,0.0,0.0,0.0,1.41,0.0,0.0,0.06,0.0,0.05,1.16,0.01,0.56,0.0,0.55,0.0,0.0,0.0,0.0,0.0,0.0,0.0,0.0,0.0,0.0,1.0,0.0,1.0,0.0,0.0,0.0,0.0,0.0,0.0,0.1981297677775765,25.016194754598473,19.101047091717387
919,36.72,0.98,1,-0.162,0.29,0.056,0.055,0.002,0.0,0.0,0.0,0.0,0.0,1.31,0.0,0.0,0.06,0.0,0.12,1.18,0.05,0.63,0.0,0.51,0.0,0.0,0.0,0.0,0.0,0.0,0.0,0.0,0.0,0.0,1.0,0.0,1.0,0.0,0.0,0.0,0.0,0.0,0.0,0.20323126303789807,24.912848090894876,19.006577808748325
920,36.76,0.98,1,-0.164,0.276,0.046,0.054,0.005,0.05,0.11,0.0,0.0,0.0,1.39,0.0,0.0,0.05,0.0,0.12,1.19,0.07,0.62,0.01,0.55,0.0,0.0,0.0,0.0,0.0,0.0,0.0,0.0,0.0,0.0,1.0,0.0,1.0,0.0,0.0,0.0,0.0,0.0,0.0,0.20618127052793184,24.812899870833267,19.504102132628525
921,36.8,0.98,1,-0.165,0.277,0.05,0.056,-0.0,0.05,0.11,0.0,0.0,0.0,1.43,0.0,0.0,0.02,0.0,0.07,1.19,0.07,0.63,0.01,0.56,0.0,0.0,0.0,0.0,0.0,0.0,0.0,0.0,0.0,0.0,1.0,0.0,1.0,0.0,0.0,0.0,0.0,0.0,0.0,0.21234348594471592,24.70991703749713,19.10418802252546
922,36.84,0.98,1,-0.159,0.278,0.052,0.058,-0.003,0.05,0.11,0.0,0.0,0.0,1.47,0.0,0.0,0.04,0.0,0.0,1.17,0.04,0.58,0.01,0.56,0.0,0.0,0.0,0.0,0.0,0.0,0.0,0.0,0.0,0.0,1.0,0.0,1.0,0.0,0.0,0.0,0.0,0.0,0.0,0.2081477990299882,24.90321264415506,18.902380802428016
923,36.88,0.98,1,-0.157,0.289,0.047,0.059,-0.003,0.06,0.14,0.0,0.04,0.0,1.41,0.0,0.0,0.05,0.0,0.0,1.21,0.03,0.61,0.0,0.51,0.01,0.0,0.0,0.0,0.0,0.0,0.0,0.0,0.0,0.0,1.0,0.0,1.0,0.0,0.0,0.0,0.0,0.0,0.0,0.20326785305476305,24.503265088555036,18.401086924418326
924,36.92,0.98,1,-0.154,0.286,0.047,0.058,-0.004,0.07,0.22,0.0,0.12,0.0,1.36,0.0,0.0,0.06,0.0,0.01,1.16,0.05,0.59,0.0,0.37,0.01,0.0,0.0,0.0,0.0,0.0,0.0,0.0,0.0,0.0,1.0,0.0,1.0,0.0,0.0,0.0,0.0,0.0,0.0,0.19927724714131306,25.00319979522621,18.200274723201225
925,36.96,0.98,1,-0.146,0.281,0.045,0.059,-0.005,0.11,0.22,0.0,0.12,0.0,1.32,0.0,0.0,0.07,0.0,0.01,1.17,0.16,0.54,0.0,0.36,0.01,0.0,0.0,0.0,0.0,0.0,0.0,0.0,0.0,0.0,1.0,0.0,1.0,0.0,0.0,0.0,0.0,0.0,0.0,0.20589045269685216,24.305143488570433,17.900279327429594
926,37.0,0.98,1,-0.162,0.287,0.037,0.057,-0.003,0.06,0.09,0.0,0.08,0.0,1.26,0.0,0.0,0.09,0.0,0.01,1.04,0.25,0.46,0.0,0.23,0.0,0.0,0.0,0.0,0.0,0.0,0.0,0.0,0.0,0.0,1.0,0.0,1.0,0.0,0.0,0.0,0.0,0.0,0.0,0.19413882583149378,25.20317440323743,18.302458851203525
927,37.04,0.98,1,-0.161,0.29,0.033,0.061,-0.004,0.08,0.03,0.0,0.0,0.0,1.37,0.0,0.0,0.1,0.0,0.0,1.0,0.32,0.39,0.05,0.3,0.12,0.0,0.0,0.0,0.0,0.0,0.0,0.0,0.0,0.0,1.0,0.0,1.0,0.0,0.0,0.0,0.0,0.0,0.0,0.1933444363897352,25.30079050148429,18.402445489662487
928,37.08,0.98,1,-0.144,0.325,0.037,0.069,-0.004,0.25,0.03,0.0,0.0,0.0,1.0,0.0,0.0,0.12,0.0,0.03,0.92,0.3,0.23,0.1,0.15,0.95,0.0,0.0,0.0,0.0,0.0,0.0,0.0,0.0,0.0,1.0,0.0,1.0,0.0,0.0,0.0,0.0,0.0,0.0,0.17431668859801366,21.80825531765432,17.302600960549324
929,37.12,0.98,1,-0.08,0.401,0.027,0.069,0.004,0.48,0.14,0.0,0.0,0.0,0.65,0.0,0.0,0.09,0.0,0.03,0.91,0.3,0.12,0.13,0.14,1.76,0.0,0.0,0.0,0.0,0.0,0.0,0.0,0.0,0.0,1.0,0.0,1.0,0.0,1.0,0.0,0.0,0.0,1.0,0.17578745726018985,17.39338954890618,19.25850461484477
930,37.16,0.98,1,-0.089,0.416,0.024,0.068,0.008,0.46,0.13,0.0,0.0,0.0,0.2,0.0,0.0,0.07,0.0,0.03,0.96,0.29,0.05,0.08,0.09,2.17,0.0,0.0,0.0,0.0,0.0,0.0,0.0,0.0,0.0,1.0,0.0,1.0,0.0,1.0,0.0,0.0,0.0,1.0,0.16982577436093063,17.736967046256936,20.754276667713505
931,37.2,0.98,1,-0.118,0.396,0.022,0.063,0.011,0.29,0.15,0.0,0.0,0.0,0.59,0.0,0.0,0.01,0.0,0.0,1.02,0.17,0.09,0.04,0.22,1.74,0.0,0.0,0.0,0.0,0.0,0.0,0.0,0.0,0.0,1.0,0.0,1.0,1.0,1.0,0.0,0.0,0.0,1.0,0.16651462729329222,17.5410946066658,22.027482833950867
932,37.24,0.98,1,-0.122,0.338,0.03,0.063,0.003,0.06,0.03,0.0,0.0,0.0,1.12,0.0,0.0,0.0,0.0,0.0,1.05,0.15,0.16,0.01,0.31,1.25,0.0,0.0,0.0,0.0,0.0,0.0,0.0,0.0,0.0,1.0,0.0,1.0,1.0,1.0,0.0,0.0,0.0,1.0,0.18666591174896097,20.8693555243088,20.042205467462903
933,37.28,0.98,1,-0.117,0.346,0.036,0.069,-0.009,0.03,0.01,0.0,0.0,0.0,1.6,0.0,0.0,0.0,0.0,0.0,0.98,0.2,0.15,0.01,0.29,0.92,0.0,0.0,0.0,0.0,0.0,0.0,0.0,0.0,0.0,1.0,0.0,1.0,1.0,1.0,0.0,0.0,0.0,1.0,0.18220455445429928,21.52812114421507,17.43473544393488
934,37.32,0.98,1,-0.129,0.337,0.034,0.073,-0.018,0.0,0.0,0.0,0.0,0.0,1.75,0.0,0.0,0.02,0.0,0.0,1.01,0.36,0.17,0.0,0.23,0.74,0.0,0.0,0.0,0.0,0.0,0.0,0.0,0.0,0.0,1.0,0.0,1.0,1.0,1.0,0.0,0.0,0.0,1.0,0.18620846331635016,20.93442141545819,17.80449381476481
935,37.36,0.98,1,-0.137,0.327,0.042,0.08,-0.025,0.0,0.0,0.0,0.0,0.0,1.87,0.0,0.0,0.04,0.0,0.0,1.1,0.41,0.18,0.0,0.25,0.54,0.0,0.0,0.0,0.0,0.0,0.0,0.0,0.0,0.0,1.0,0.0,1.0,1.0,1.0,0.0,0.0,0.0,0.0,0.19147492940297436,21.514878572745882,18.402445489662483
936,37.4,0.98,1,-0.137,0.327,0.043,0.084,-0.024,0.01,0.0,0.0,0.0,0.0,1.76,0.0,0.0,0.04,0.0,0.0,1.2,0.32,0.23,0.0,0.32,0.4,0.0,0.0,0.0,0.0,0.0,0.0,0.0,0.0,0.0,1.0,0.0,1.0,1.0,1.0,0.0,0.0,0.0,0.0,0.19701883649386456,21.718655575334353,18.50027026829608
937,37.44,0.98,1,-0.125,0.301,0.036,0.085,-0.022,0.01,0.0,0.0,0.0,0.0,1.67,0.0,0.0,0.03,0.0,0.0,1.2,0.23,0.23,0.0,0.41,0.25,0.0,0.0,0.0,0.0,0.0,0.0,0.0,0.0,0.0,1.0,0.0,1.0,1.0,1.0,0.0,0.0,0.0,0.0,0.18633948104663672,21.60208323287354,18.20247235954494
938,37.48,0.98,1,-0.135,0.3,0.037,0.084,-0.018,0.01,0.0,0.0,0.01,0.0,1.47,0.0,0.0,0.01,0.0,0.0,1.11,0.23,0.21,0.0,0.39,0.23,0.0,0.0,0.0,0.0,0.0,0.0,0.0,0.0,0.0,1.0,0.0,1.0,1.0,1.0,0.0,0.0,0.0,0.0,0.18970691572769,21.405840324547036,18.801063799689587
939,37.52,0.98,1,-0.133,0.303,0.04,0.082,-0.016,0.0,0.0,0.0,0.01,0.0,1.44,0.0,0.0,0.0,0.0,0.0,1.07,0.31,0.23,0.0,0.4,0.35,0.0,0.0,0.0,0.0,0.0,0.0,0.0,0.0,0.0,1.0,0.0,1.0,1.0,1.0,0.0,0.0,0.0,0.0,0.19425912038836957,22.10814329607975,18.90026454841305
940,37.56,0.98,1,-0.127,0.309,0.047,0.084,-0.014,0.0,0.0,0.0,0.01,0.0,1.57,0.0,0.0,0.0,0.0,0.0,1.09,0.41,0.25,0.0,0.41,0.35,0.0,0.0,0.0,0.0,0.0,0.0,0.0,0.0,0.0,1.0,0.0,1.0,0.0,1.0,0.0,0.0,0.0,0.0,0.19021811826068985,22.510886255321005,19.201041638411226
941,37.6,0.98,1,-0.148,0.301,0.045,0.082,-0.011,0.0,0.0,0.0,0.0,0.0,1.75,0.0,0.0,0.0,0.0,0.0,1.07,0.37,0.36,0.0,0.48,0.28,0.0,0.0,0.0,0.0,0.0,0.0,0.0,0.0,0.0,1.0,0.0,1.0,0.0,1.0,0.0,0.0,0.0,0.0,0.18752035595441463,23.503404008781366,18.604300578092293
942,37.64,0.98,1,-0.153,0.3,0.051,0.083,-0.01,0.03,0.0,0.0,0.0,0.0,1.92,0.0,0.0,0.01,0.0,0.0,1.06,0.42,0.38,0.0,0.57,0.1,0.0,0.0,0.0,0.0,0.0,0.0,0.0,0.0,0.0,1.0,0.0,1.0,1.0,1.0,0.0,0.0,0.0,0.0,0.18019062486598975,24.21672975444872,18.201098867925463
943,37.68,0.98,1,-0.142,0.292,0.048,0.081,-0.009,0.07,0.0,0.0,0.0,0.0,1.84,0.0,0.0,0.01,0.0,0.0,1.01,0.33,0.43,0.0,0.56,0.05,0.0,0.0,0.0,0.0,0.0,0.0,0.0,0.0,0.0,1.0,0.0,1.0,0.0,1.0,0.0,0.0,0.0,0.0,0.18562254489668797,23.71708245126289,18.602419197512905
944,37.72,0.98,1,-0.15,0.286,0.047,0.082,-0.004,0.11,0.0,0.0,0.0,0.0,1.68,0.0,0.0,0.01,0.0,0.0,1.0,0.32,0.43,0.0,0.49,0.1,0.0,0.0,0.0,0.0,0.0,0.0,0.0,0.0,0.0,1.0,0.0,1.0,0.0,1.0,0.0,0.0,0.0,0.0,0.1886909993471519,23.713498265755778,19.202343606966245
945,37.76,0.98,1,-0.152,0.283,0.04,0.08,0.0,0.08,0.0,0.0,0.0,0.0,1.5,0.0,0.0,0.0,0.0,0.0,0.94,0.28,0.47,0.0,0.44,0.22,0.0,0.0,0.0,0.0,0.0,0.0,0.0,0.0,0.0,1.0,0.0,1.0,0.0,1.0,0.0,0.0,0.0,0.0,0.19192836527823204,23.81344158243402,19.30233146539553
946,37.8,0.98,1,-0.149,0.285,0.04,0.079,0.004,0.05,0.0,0.0,0.0,0.0,1.42,0.0,0.0,0.0,0.0,0.0,0.9,0.31,0.45,0.0,0.42,0.2,0.0,0.0,0.0,0.0,0.0,0.0,0.0,0.0,0.0,1.0,0.0,1.0,0.0,1.0,0.0,0.0,0.0,0.0,0.191316396822656,23.62117693934821,19.906280415989297
947,37.84,0.98,1,-0.142,0.29,0.038,0.077,0.005,0.02,0.03,0.0,0.08,0.0,1.47,0.0,0.0,0.0,0.0,0.0,0.91,0.33,0.44,0.0,0.47,0.18,0.0,0.0,0.0,0.0,0.0,0.0,0.0,0.0,0.0,1.0,0.0,1.0,0.0,1.0,0.0,0.0,0.0,0.0,0.1960557038903994,22.926403991904273,18.704277585622002
948,37.88,0.98,1,-0.143,0.291,0.045,0.079,0.004,0.02,0.03,0.0,0.08,0.0,1.54,0.0,0.0,0.0,0.0,0.0,0.97,0.28,0.45,0.0,0.43,0.06,0.0,0.0,0.0,0.0,0.0,0.0,0.0,0.0,0.0,1.0,0.0,1.0,0.0,1.0,0.0,0.0,0.0,0.0,0.19939285416316616,22.722015755649895,18.902380802428127
949,37.92,0.98,1,-0.143,0.279,0.041,0.077,0.005,0.09,0.07,0.0,0.16,0.0,1.5,0.0,0.0,0.01,0.0,0.0,0.98,0.2,0.46,0.0,0.41,0.06,0.0,0.0,0.0,0.0,0.0,0.0,0.0,0.0,0.0,1.0,0.0,1.0,0.0,1.0,0.0,0.0,0.0,0.0,0.20282071861390094,23.113848662652572,19.20234360696624
950,37.96,0.98,1,-0.137,0.283,0.046,0.074,0.004,0.07,0.04,0.0,0.08,0.0,1.39,0.0,0.0,0.05,0.0,0.0,1.09,0.24,0.52,0.0,0.37,0.0,0.0,0.0,0.0,0.0,0.0,0.0,0.0,0.0,0.0,1.0,0.0,1.0,0.0,1.0,0.0,0.0,0.0,0.0,0.20614429692700562,22.71783440383352,19.300259065618736
951,38.0,0.98,1,-0.124,0.296,0.044,0.074,0.002,0.07,0.04,0.0,0.08,0.0,1.3,0.0,0.0,0.1,0.0,0.0,1.15,0.28,0.52,0.0,0.36,0.0,0.0,0.0,0.0,0.0,0.0,0.0,0.0,0.0,0.0,1.0,0.0,1.0,0.0,1.0,0.0,0.0,0.0,0.0,0.19138850027655385,23.51722772777438,20.600242717016734
952,38.04,0.98,1,-0.122,0.299,0.046,0.073,0.001,0.0,0.0,0.0,0.0,0.0,1.39,0.0,0.0,0.11,0.0,0.0,1.28,0.42,0.55,0.0,0.37,0.0,0.0,0.0,0.0,0.0,0.0,0.0,0.0,0.0,0.0,1.0,0.0,1.0,0.0,1.0,0.0,0.0,0.0,0.0,0.1939242500926992,23.23639386824044,20.203960007879573
953,38.08,0.98,1,-0.113,0.31,0.048,0.069,-0.0,0.02,0.0,0.0,0.0,0.0,1.41,0.0,0.0,0.07,0.0,0.0,1.29,0.36,0.51,0.0,0.34,0.0,0.0,0.0,0.0,0.0,0.0,0.0,0.0,0.0,0.0,1.0,0.0,1.0,0.0,1.0,0.0,0.0,0.0,0.0,0.19430262912861795,21.811235636707927,20.40612653102013
954,38.12,0.98,1,-0.101,0.296,0.043,0.066,-0.0,0.02,0.0,0.0,0.0,0.0,1.34,0.0,0.0,0.04,0.0,0.0,1.25,0.28,0.55,0.03,0.32,0.07,0.0,0.0,0.0,0.0,0.0,0.0,0.0,0.0,0.0,1.0,0.0,1.0,0.0,1.0,0.0,0.0,0.0,0.0,0.1962097825587177,22.12261286557255,20.20099007474627
955,38.16,0.98,1,-0.106,0.292,0.039,0.063,0.0,0.02,0.0,0.0,0.0,0.0,1.58,0.0,0.0,0.03,0.0,0.0,1.19,0.13,0.59,0.07,0.28,0.14,0.0,0.0,0.0,0.0,0.0,0.0,0.0,0.0,0.0,1.0,0.0,1.0,0.0,1.0,0.0,0.0,0.0,0.0,0.18627399707209236,22.826519664635647,20.300000000000068
956,38.2,0.98,1,-0.113,0.278,0.041,0.061,-0.0,0.0,0.0,0.0,0.0,0.0,1.81,0.0,0.0,0.03,0.0,0.0,1.14,0.1,0.63,0.07,0.33,0.14,0.0,0.0,0.0,0.0,0.0,0.0,0.0,0.0,0.0,1.0,0.0,1.0,0.0,1.0,0.0,0.0,0.0,0.0,0.18837551022621385,22.926403991904273,19.60637651377737
957,38.24,0.98,1,-0.113,0.266,0.039,0.056,-0.001,0.0,0.0,0.0,0.0,0.0,1.97,0.0,0.0,0.0,0.0,0.0,1.15,0.09,0.65,0.03,0.46,0.07,0.0,0.0,0.0,0.0,0.0,0.0,0.0,0.0,0.0,1.0,0.0,1.0,0.0,0.0,0.0,0.0,0.0,0.0,0.1998513984911086,23.81701072762906,19.40412327316036
958,38.28,0.98,1,-0.111,0.264,0.043,0.054,-0.002,0.0,0.0,0.0,0.0,0.0,1.79,0.0,0.0,0.0,0.0,0.01,1.17,0.19,0.67,0.0,0.62,0.0,0.0,0.0,0.0,0.0,0.0,0.0,0.0,0.0,0.0,1.0,0.0,1.0,0.0,0.0,0.0,0.0,0.0,0.0,0.20408621181470765,23.113848662652572,19.801010075246115
959,38.32,0.98,1,-0.108,0.261,0.045,0.05,-0.001,0.0,0.0,0.0,0.0,0.0,1.67,0.0,0.0,0.0,0.0,0.03,1.22,0.19,0.68,0.0,0.64,0.0,0.0,0.0,0.0,0.0,0.0,0.0,0.0,0.0,0.0,1.0,0.0,1.0,0.0,0.0,0.0,0.0,0.0,0.0,0.20035355786337872,23.713498265755778,20.10223868130128
960,38.36,0.98,1,-0.102,0.274,0.047,0.045,-0.0,0.0,0.0,0.0,0.0,0.0,1.68,0.0,0.0,0.0,0.0,0.05,1.26,0.18,0.68,0.0,0.58,0.0,0.0,0.0,0.0,0.0,0.0,0.0,0.0,0.0,0.0,1.0,0.0,1.0,0.0,0.0,0.0,0.0,0.0,0.0,0.19742401344958566,23.217450333746857,19.70228413154175
961,38.4,0.98,1,-0.1,0.277,0.054,0.042,-0.001,0.05,0.0,0.0,0.0,0.0,1.61,0.0,0.0,0.02,0.0,0.04,1.27,0.05,0.63,0.0,0.5,0.0,0.0,0.0,0.0,0.0,0.0,0.0,0.0,0.0,0.0,1.0,0.0,1.0,0.0,0.0,0.0,0.0,0.0,0.0,0.19760102559552534,23.213789005675096,19.90000000000009
962,38.44,0.98,1,-0.098,0.28,0.058,0.039,-0.003,0.05,0.0,0.0,0.0,0.0,1.66,0.0,0.0,0.03,0.0,0.06,1.25,0.02,0.66,0.03,0.6,0.0,0.0,0.0,0.0,0.0,0.0,0.0,0.0,0.0,0.0,1.0,0.0,1.0,0.0,0.0,0.0,0.0,0.0,0.0,0.19795938417677117,23.513613078385042,19.801010075246342
963,38.48,0.98,1,-0.093,0.284,0.062,0.033,-0.004,0.05,0.0,0.0,0.0,0.0,1.58,0.0,0.0,0.03,0.0,0.04,1.24,0.0,0.68,0.03,0.64,0.0,0.0,0.0,0.0,0.0,0.0,0.0,0.0,0.0,0.0,1.0,0.0,1.0,0.0,0.0,0.0,0.0,0.0,0.0,0.2062051800938759,23.41046774415249,20.20024752323599
964,38.52,0.98,1,-0.093,0.285,0.055,0.027,-0.002,0.0,0.0,0.0,0.0,0.0,1.72,0.0,0.0,0.01,0.0,0.04,1.19,0.0,0.71,0.03,0.76,0.0,0.0,0.0,0.0,0.0,0.0,0.0,0.0,0.0,0.0,1.0,0.0,1.0,0.0,0.0,0.0,0.0,0.0,0.0,0.2002266177949647,23.613555429032612,20.5
965,38.56,0.98,1,-0.095,0.291,0.062,0.024,-0.0,0.0,0.0,0.0,0.0,0.0,1.59,0.0,0.0,0.0,0.0,0.09,1.15,0.0,0.68,0.03,0.73,0.0,0.0,0.0,0.0,0.0,0.0,0.0,0.0,0.0,0.0,1.0,0.0,1.0,0.0,0.0,0.0,0.0,0.0,0.0,0.1990325198267939,23.403418553707155,20.8002403832263
966,38.6,0.98,1,-0.097,0.29,0.063,0.022,0.001,0.0,0.0,0.0,0.0,0.0,1.58,0.0,0.0,0.0,0.0,0.23,1.11,0.0,0.66,0.05,0.76,0.0,0.0,0.0,0.0,0.0,0.0,0.0,0.0,0.0,0.0,1.0,0.0,1.0,0.0,0.0,0.0,0.0,0.0,0.0,0.19621486174594888,23.80525152146051,21.000238093888363
967,38.64,0.98,1,-0.088,0.284,0.061,0.015,0.006,0.0,0.0,0.0,0.0,0.0,1.54,0.0,0.0,0.02,0.0,0.32,1.18,0.0,0.66,0.1,0.69,0.0,0.0,0.0,0.0,0.0,0.0,0.0,0.0,0.0,0.0,1.0,0.0,1.0,0.0,0.0,0.0,0.0,0.0,0.0,0.20492956846659882,23.203448019637126,20.802163349036515
968,38.68,0.98,1,-0.078,0.281,0.06,0.009,0.009,0.0,0.0,0.0,0.0,0.0,1.79,0.0,0.0,0.05,0.0,0.23,1.28,0.0,0.68,0.07,0.7,0.0,0.0,0.0,0.0,0.0,0.0,0.0,0.0,0.0,0.0,1.0,0.0,1.0,0.0,0.0,0.0,0.0,0.0,0.0,0.2054419962655501,22.707928130941223,21.405840324547036
969,38.72,0.98,1,-0.072,0.271,0.054,-0.0,0.013,0.0,0.0,0.0,0.0,0.0,2.02,0.0,0.0,0.05,0.0,0.18,1.36,0.0,0.7,0.07,0.64,0.0,0.0,0.0,0.0,0.0,0.0,0.0,0.0,0.0,0.0,1.0,0.0,1.0,0.0,0.0,0.0,0.0,0.0,0.0,0.22065182248037885,22.805481797146886,21.10379112861018
970,38.76,0.98,1,-0.07,0.282,0.057,-0.0,0.011,0.0,0.0,0.0,0.0,0.0,1.93,0.0,0.0,0.03,0.0,0.24,1.37,0.14,0.7,0.01,0.59,0.0,0.0,0.0,0.0,0.0,0.0,0.0,0.0,0.0,0.0,1.0,0.0,1.0,0.0,0.0,0.0,0.0,0.0,0.0,0.21102190830625162,22.305604676851914,21.60208323287354
971,38.8,0.98,1,-0.079,0.283,0.06,-0.008,0.001,0.0,0.0,0.0,0.0,0.0,1.91,0.0,0.0,0.06,0.08,0.3,1.33,0.22,0.49,0.01,0.47,0.0,0.0,0.0,0.0,0.0,0.0,0.0,0.0,0.0,0.0,1.0,0.0,1.0,0.0,0.0,0.0,0.0,0.0,0.0,0.2211988138331869,22.90087334579195,21.105923339195474
972,38.84,0.98,1,-0.057,0.307,0.075,0.009,-0.016,0.0,0.0,0.0,0.0,0.0,1.74,0.0,0.0,0.11,0.08,0.28,1.28,0.22,0.3,0.0,0.49,0.0,0.0,0.0,0.0,0.0,0.0,0.0,0.0,0.0,0.0,1.0,0.0,1.0,0.0,0.0,0.0,0.0,0.0,0.0,0.21349892174129975,22.60553029681025,21.811235636707927
973,38.88,0.98,1,-0.058,0.268,0.066,-0.007,0.005,0.0,0.0,0.0,0.0,0.0,2.0,0.0,0.0,0.17,0.13,0.22,1.15,0.21,0.13,0.0,0.51,0.0,0.0,0.0,0.0,0.0,0.0,0.0,0.0,0.0,0.0,1.0,0.0,1.0,0.0,0.0,0.0,0.0,0.0,0.0,0.23614757979097611,22.901964981197665,21.10852908186632
974,38.92,0.98,1,-0.051,0.305,0.087,0.003,-0.008,0.0,0.0,0.0,0.0,0.0,1.83,0.0,0.0,0.17,0.06,0.2,1.04,0.21,0.24,0.0,0.56,0.0,0.0,0.0,0.0,0.0,0.0,0.0,0.0,0.0,0.0,1.0,0.0,1.0,0.0,0.0,0.0,0.0,0.0,0.0,0.21661872889459485,22.703523955544917,22.522211259110417
975,38.96,0.98,1,-0.056,0.264,0.077,-0.016,-0.0,0.0,0.0,0.0,0.0,0.0,1.99,0.0,0.0,0.17,0.06,0.21,0.96,0.21,0.23,0.02,0.53,0.0,0.0,0.0,0.0,0.0,0.0,0.0,0.0,0.0,0.0,1.0,0.0,1.0,0.0,0.0,0.0,0.0,0.0,0.0,0.2503174897751901,22.402008838494684,22.54994456755936
976,39.0,0.98,1,-0.045,0.303,0.093,-0.005,-0.015,0.0,0.0,0.0,0.0,0.0,1.8,0.0,0.0,0.2,0.08,0.31,1.01,0.08,0.3,0.06,0.54,0.0,0.0,0.0,0.0,0.0,0.0,0.0,0.0,0.0,0.0,1.0,0.0,1.0,0.0,0.0,0.0,0.0,0.0,0.0,0.21945460173097872,21.80825531765455,23.007824755939012
977,39.04,0.98,1,-0.048,0.277,0.086,-0.025,-0.01,0.0,0.0,0.0,0.0,0.0,1.78,0.0,0.0,0.2,0.17,0.39,0.95,0.0,0.27,0.06,0.51,0.0,0.0,0.0,0.0,0.0,0.0,0.0,0.0,0.0,0.0,1.0,0.0,1.0,0.0,0.0,0.0,0.0,0.0,0.0,0.25476973863050556,22.051077071199945,23.330880823492233
978,39.08,0.98,1,-0.042,0.289,0.074,-0.01,-0.034,0.0,0.0,0.0,0.0,0.0,1.51,0.0,0.0,0.22,0.17,0.54,1.03,0.04,0.29,0.05,0.5,0.06,0.0,0.0,0.0,0.0,0.0,0.0,0.0,0.0,0.0,1.0,0.0,1.0,0.0,0.0,0.0,0.0,0.0,0.0,0.23527328555043198,22.81403077055867,23.71708245126289
979,39.12,0.98,1,-0.034,0.325,0.086,-0.031,-0.023,0.17,0.07,0.0,0.0,0.0,1.21,0.0,0.0,0.25,0.25,0.52,0.92,0.05,0.16,0.0,0.3,0.94,0.0,0.0,0.0,0.0,0.0,0.0,0.0,0.0,0.0,1.0,0.0,1.0,0.0,0.0,0.0,0.0,0.0,0.0,0.21753476202846225,20.400980368600028,18.413310403075133
980,39.16,0.98,1,0.031,0.431,0.07,-0.032,-0.044,0.25,0.07,0.0,0.0,0.0,0.88,0.0,0.0,0.34,0.33,0.64,0.89,0.07,0.07,0.0,0.16,1.55,0.0,0.0,0.0,0.0,0.0,0.0,0.0,0.0,0.0,1.0,0.0,1.0,0.0,0.0,0.0,0.0,0.0,0.0,0.1792196597043692,16.9664374575217,20.578872661057027
981,39.2,0.98,1,0.001,0.419,0.064,-0.033,-0.05,0.34,0.07,0.0,0.0,0.0,0.99,0.0,0.0,0.36,0.42,0.56,0.76,0.03,0.01,0.0,0.0,1.95,0.0,0.0,0.0,0.0,0.0,0.0,0.0,0.0,0.0,1.0,0.0,1.0,0.0,0.0,0.0,0.0,0.0,0.0,0.18038298915738407,17.075128110793198,21.176638071233025
982,39.24,0.98,1,0.014,0.325,0.055,-0.025,-0.058,0.17,0.0,0.0,0.0,0.0,1.17,0.0,0.0,0.35,0.39,0.43,0.8,0.02,0.01,0.0,0.0,1.25,0.0,0.0,0.0,0.0,0.0,0.0,0.0,0.0,0.0,1.0,0.0,1.0,0.0,0.0,0.0,0.0,0.0,0.0,0.18525732059831213,18.82153022471867,20.670026608594302
983,39.28,0.98,1,0.032,0.298,0.052,-0.04,-0.06,0.09,0.0,0.0,0.0,0.0,1.56,0.0,0.0,0.29,0.3,0.32,0.8,0.0,0.04,0.0,0.03,0.64,0.0,0.0,0.0,0.0,0.0,0.0,0.0,0.0,0.0,1.0,0.0,0.0,0.0,0.0,0.0,0.0,0.0,0.0,0.21533655720818407,18.0,17.57299063904604
984,39.32,0.98,1,0.012,0.312,0.066,-0.041,-0.067,0.0,0.0,0.0,0.0,0.0,1.67,0.0,0.0,0.26,0.23,0.28,0.8,0.0,0.05,0.0,0.03,0.18,0.0,0.0,0.0,0.0,0.0,0.0,0.0,0.0,0.0,1.0,0.0,0.0,0.0,0.0,0.0,0.0,0.0,0.0,0.19721619536847473,18.700000000000045,18.039955654047485
985,39.36,0.98,1,0.01,0.283,0.053,-0.045,-0.065,0.0,0.0,0.0,0.0,0.0,1.84,0.0,0.0,0.27,0.09,0.4,0.69,0.04,0.06,0.0,0.03,0.0,0.0,0.0,0.0,0.0,0.0,0.0,0.0,0.0,0.0,1.0,0.0,0.0,0.0,0.0,0.0,0.0,0.0,0.0,0.2274090363336716,19.90000000000009,18.821530224718664
986,39.4,0.98,1,0.012,0.293,0.067,-0.051,-0.069,0.0,0.01,0.0,0.0,0.0,1.75,0.0,0.0,0.27,0.05,0.38,0.72,0.04,0.09,0.0,0.02,0.0,0.0,0.0,0.0,0.0,0.0,0.0,0.0,0.0,0.0,1.0,0.0,0.0,0.0,0.0,0.0,0.0,0.0,0.0,0.25049674041897513,19.804039991880398,19.61631973638268
987,39.44,0.98,1,0.026,0.286,0.056,-0.054,-0.069,0.0,0.01,0.0,0.0,0.0,1.66,0.0,0.0,0.29,0.05,0.37,0.72,0.04,0.11,0.0,0.02,0.0,0.0,0.0,0.0,0.0,0.0,0.0,0.0,0.0,0.0,1.0,0.0,0.0,0.0,0.0,0.0,0.0,0.0,0.0,0.25102819913984975,20.30886505937735,19.91607391028673
988,39.48,0.98,1,0.03,0.289,0.057,-0.058,-0.071,0.0,0.01,0.0,0.0,0.0,1.61,0.0,0.0,0.27,0.06,0.29,0.81,0.0,0.16,0.0,0.02,0.0,0.0,0.0,0.0,0.0,0.0,0.0,0.0,0.0,0.0,1.0,0.0,0.0,0.0,0.0,0.0,0.0,0.0,0.0,0.24817478098202617,21.22357180118375,21.115160430363908
989,39.52,0.98,1,0.031,0.299,0.065,-0.059,-0.075,0.0,0.0,0.0,0.0,0.0,1.77,0.0,0.0,0.31,0.07,0.25,0.79,0.0,0.12,0.0,0.0,0.0,0.0,0.0,0.0,0.0,0.0,0.0,0.0,0.0,0.0,1.0,0.0,0.0,0.0,0.0,0.0,0.0,0.0,0.0,0.2553764594366737,20.75427666771362,21.623135757794152
990,39.56,0.98,1,0.036,0.284,0.056,-0.061,-0.072,0.0,0.0,0.0,0.0,0.0,1.81,0.0,0.0,0.33,0.05,0.25,0.71,0.0,0.12,0.0,0.0,0.0,0.0,0.0,0.0,0.0,0.0,0.0,0.0,0.0,0.0,1.0,0.0,0.0,0.0,0.0,0.0,0.0,0.0,0.0,0.2643390661525074,20.97736875778284,21.508370463612533
991,39.6,0.98,1,0.038,0.291,0.058,-0.059,-0.07,0.0,0.0,0.0,0.0,0.0,1.77,0.0,0.0,0.34,0.04,0.22,0.65,0.0,0.12,0.0,0.0,0.0,0.0,0.0,0.0,0.0,0.0,0.0,0.0,0.0,0.0,1.0,0.0,0.0,0.0,0.0,0.0,0.0,0.0,0.0,0.2588595105278016,20.654539452623876,21.927608168699205
992,39.64,0.98,1,0.046,0.284,0.049,-0.057,-0.068,0.0,0.0,0.0,0.0,0.0,1.65,0.0,0.0,0.27,0.04,0.25,0.6,0.0,0.15,0.0,0.0,0.0,0.0,0.0,0.0,0.0,0.0,0.0,0.0,0.0,0.0,1.0,0.0,0.0,0.0,0.0,0.0,0.0,0.0,0.0,0.25516296946809486,20.829066229670453,22.11447489767722
993,39.68,0.98,1,0.033,0.298,0.061,-0.062,-0.068,0.0,0.0,0.0,0.0,0.0,1.47,0.0,0.0,0.22,0.07,0.18,0.58,0.0,0.12,0.0,0.0,0.0,0.0,0.0,0.0,0.0,0.0,0.0,0.0,0.0,0.0,1.0,0.0,0.0,0.0,0.0,0.0,0.0,0.0,0.0,0.24980911536371225,21.40327077808432,22.303587155433274
994,39.72,0.98,1,0.042,0.284,0.045,-0.062,-0.062,0.0,0.0,0.0,0.0,0.0,1.55,0.0,0.0,0.2,0.08,0.19,0.52,0.0,0.1,0.0,0.0,0.0,0.0,0.0,0.0,0.0,0.0,0.0,0.0,0.0,0.0,1.0,0.0,0.0,0.0,0.0,0.0,0.0,0.0,0.0,0.246223061503542,21.674870241826046,22.5055548698538
995,39.76,0.98,1,0.039,0.299,0.062,-0.061,-0.062,0.0,0.0,0.0,0.01,0.0,1.42,0.0,0.0,0.24,0.04,0.11,0.45,0.0,0.08,0.0,0.0,0.0,0.0,0.0,0.0,0.0,0.0,0.0,0.0,0.0,0.0,1.0,0.0,0.0,0.0,0.0,0.0,0.0,0.0,0.0,0.2563794622707344,21.484180226389697,22.20022522408257
996,39.8,0.98,1,0.04,0.276,0.045,-0.058,-0.055,0.0,0.0,0.0,0.01,0.0,1.47,0.0,0.0,0.26,0.0,0.13,0.39,0.0,0.05,0.0,0.0,0.0,0.0,0.0,0.0,0.0,0.0,0.0,0.0,0.0,0.0,1.0,0.0,0.0,0.0,0.0,0.0,0.0,0.0,0.0,0.2533058024603736,21.583790213954543,23.30085835328814
997,39.84,0.98,1,0.027,0.288,0.06,-0.063,-0.057,0.0,0.0,0.0,0.04,0.0,1.3,0.0,0.0,0.29,0.0,0.09,0.4,0.0,0.01,0.0,0.0,0.0,0.0,0.0,0.0,0.0,0.0,0.0,0.0,0.0,0.0,1.0,0.0,0.0,0.0,0.0,0.0,0.0,0.0,0.0,0.2610531185142681,21.592822881689184,23.303433223454388
998,39.88,0.98,1,0.027,0.273,0.044,-0.067,-0.048,0.0,0.0,0.0,0.03,0.0,1.32,0.0,0.01,0.29,0.0,0.15,0.46,0.0,0.0,0.0,0.0,0.0,0.0,0.0,0.0,0.0,0.0,0.0,0.0,0.0,0.0,1.0,0.0,0.0,0.0,0.0,0.0,0.0,0.0,0.0,0.26288864015819025,21.78302091079202,23.205387305537524
999,39.92,0.98,1,0.025,0.29,0.055,-0.065,-0.048,0.0,0.0,0.0,0.03,0.0,1.34,0.0,0.02,0.36,0.1,0.11,0.49,0.0,0.01,0.0,0.0,0.0,0.0,0.0,0.0,0.0,0.0,0.0,0.0,0.0,0.0,1.0,0.0,0.0,0.0,0.0,0.0,0.0,0.0,0.0,0.255059306089798,21.900913222968526,23.71033529918949
1000,39.96,0.98,1,0.034,0.294,0.051,-0.066,-0.044,0.0,0.0,0.0,0.0,0.0,1.52,0.0,0.09,0.36,0.1,0.09,0.49,0.01,0.03,0.0,0.0,0.0,0.0,0.0,0.0,0.0,0.0,0.0,0.0,0.0,0.0,1.0,0.0,0.0,0.0,0.0,0.0,0.0,0.0,0.0,0.24477796729595516,22.181523843054524,23.405341270744024
1001,40.0,0.98,1,0.036,0.292,0.059,-0.067,-0.042,0.0,0.0,0.0,0.0,0.0,1.5,0.0,0.08,0.37,0.1,0.02,0.5,0.01,0.03,0.0,0.06,0.0,0.0,0.0,0.0,0.0,0.0,0.0,0.0,0.0,0.0,1.0,0.0,0.0,0.0,0.0,0.0,0.0,0.0,0.0,0.25689432680277774,21.832315497903604,23.80336110720496
1002,40.04,0.98,1,0.033,0.279,0.049,-0.072,-0.035,0.0,0.0,0.0,0.07,0.0,1.67,0.0,0.15,0.34,0.07,0.07,0.55,0.01,0.02,0.0,0.06,0.0,0.0,0.0,0.0,0.0,0.0,1.0,0.0,0.0,0.0,1.0,0.0,0.0,0.0,0.0,0.0,0.0,0.0,0.0,0.26563834541005743,22.119900542271893,23.30772404161351
1003,40.08,0.98,1,0.025,0.278,0.055,-0.068,-0.04,0.0,0.0,0.0,0.07,0.0,1.56,0.0,0.08,0.34,0.07,0.11,0.67,0.0,0.05,0.0,0.07,0.0,0.0,0.0,0.0,0.0,0.0,1.0,0.0,0.0,0.0,1.0,0.0,0.0,0.0,0.0,0.0,0.0,0.0,0.0,0.25836490504274146,20.04894012161241,22.814030770558674
1004,40.12,0.98,1,0.021,0.286,0.046,-0.062,-0.039,0.0,0.0,0.0,0.09,0.0,1.89,0.0,0.09,0.35,0.12,0.11,0.67,0.0,0.05,0.0,0.0,0.0,0.0,0.0,0.0,0.0,0.0,1.0,0.0,0.0,0.0,1.0,0.0,0.0,0.0,0.0,0.0,0.0,0.0,0.0,0.24036121817428802,20.67002660859453,22.703523955544917
1005,40.16,0.98,1,0.027,0.289,0.058,-0.06,-0.047,0.0,0.0,0.0,0.11,0.0,1.83,0.0,0.01,0.36,0.09,0.16,0.7,0.0,0.05,0.0,0.0,0.0,0.0,0.0,0.0,0.0,0.0,1.0,0.0,0.0,0.0,1.0,0.0,0.0,0.0,0.0,0.0,0.0,0.0,0.0,0.2544363148639064,21.185372312045782,23.61037907361943
1006,40.2,0.98,1,0.028,0.279,0.046,-0.054,-0.05,0.0,0.0,0.0,0.12,0.0,2.13,0.0,0.05,0.41,0.2,0.24,0.62,0.0,0.0,0.0,0.0,0.0,0.0,0.0,0.0,0.0,0.0,1.0,0.0,0.0,0.0,1.0,0.0,0.0,0.0,0.0,0.0,0.0,0.0,0.0,0.2602703829931053,22.318826134006294,24.005207768315607
1007,40.24,0.98,1,0.022,0.287,0.057,-0.052,-0.052,0.0,0.0,0.0,0.09,0.0,1.98,0.0,0.04,0.45,0.2,0.29,0.6,0.03,0.0,0.0,0.0,0.0,0.0,0.0,0.0,0.0,0.0,1.0,0.0,0.0,0.0,1.0,0.0,0.0,0.0,0.0,0.0,0.0,0.0,0.0,0.25705680246533646,21.52324325003097,23.62117693934821
1008,40.28,0.98,1,0.024,0.279,0.042,-0.048,-0.049,0.0,0.0,0.0,0.01,0.0,2.06,0.0,0.04,0.41,0.19,0.22,0.56,0.05,0.02,0.0,0.06,0.0,0.0,0.0,0.0,0.0,0.0,1.0,0.0,0.0,0.0,1.0,0.0,0.0,0.0,0.0,0.0,0.0,0.0,0.0,0.23548298058331268,22.02044504545705,23.513613078385042
1009,40.32,0.98,1,0.012,0.287,0.053,-0.047,-0.051,0.0,0.0,0.0,0.0,0.0,1.99,0.0,0.0,0.36,0.17,0.1,0.6,0.12,0.02,0.0,0.08,0.0,0.0,0.0,0.0,0.0,0.0,1.0,0.0,0.0,0.0,1.0,0.0,0.0,0.0,0.0,0.0,0.0,0.0,0.0,0.24942787489803903,22.281157959136728,23.217450333746857
1010,40.36,0.98,1,0.022,0.277,0.04,-0.046,-0.047,0.0,0.0,0.0,0.0,0.0,2.2,0.0,0.0,0.3,0.2,0.09,0.61,0.11,0.04,0.0,0.1,0.0,0.0,0.0,0.0,0.0,0.0,1.0,0.0,0.0,0.0,1.0,0.0,0.0,0.0,0.0,0.0,0.0,0.0,0.0,0.23266609775530223,22.165288177689145,23.617154782064574
1011,40.4,0.98,1,0.005,0.284,0.046,-0.044,-0.046,0.0,0.0,0.0,0.0,0.0,2.18,0.0,0.0,0.28,0.22,0.05,0.64,0.1,0.04,0.0,0.04,0.0,0.0,0.0,0.0,0.0,0.0,1.0,0.0,0.0,0.0,1.0,0.0,0.0,0.0,0.0,0.0,0.0,0.0,0.0,0.25011654407557826,22.073513539987236,23.126175645791413
1012,40.44,0.98,1,0.015,0.293,0.042,-0.041,-0.042,0.0,0.0,0.0,0.06,0.0,2.16,0.0,0.0,0.24,0.12,0.21,0.62,0.03,0.04,0.0,0.02,0.02,0.0,0.0,0.0,0.0,0.0,1.0,0.0,0.0,0.0,1.0,0.0,0.0,0.0,0.0,0.0,0.0,0.0,0.0,0.22823662152317362,22.47220505424432,23.11060362690676
1013,40.48,0.98,1,0.002,0.3,0.054,-0.041,-0.042,0.05,0.09,0.0,0.06,0.0,1.63,0.0,0.0,0.26,0.06,0.31,0.6,0.01,0.02,0.0,0.0,0.64,0.0,0.0,0.0,0.0,0.0,0.0,0.0,0.0,0.0,1.0,0.0,0.0,0.0,0.0,0.0,0.0,0.0,0.0,0.22061858602506912,22.00363606316011,22.50022222112484
1014,40.52,0.98,1,0.061,0.402,0.045,-0.057,-0.034,0.08,0.12,0.0,0.06,0.0,1.09,0.0,0.03,0.31,0.0,0.45,0.59,0.06,0.0,0.0,0.0,1.37,0.0,0.0,0.0,0.0,0.0,0.0,0.0,0.0,0.0,1.0,0.0,0.0,1.0,0.0,0.0,0.0,0.0,1.0,0.2033176229076551,17.049633427144407,20.26326725876165
1015,40.56,0.98,1,0.019,0.407,0.032,-0.064,-0.032,0.1,0.12,0.0,0.0,0.0,0.75,0.0,0.03,0.34,0.0,0.41,0.5,0.15,0.0,0.0,0.0,1.84,0.0,0.0,0.0,0.0,0.0,0.0,0.0,0.0,0.0,1.0,0.0,0.0,1.0,0.0,0.0,0.0,0.0,1.0,0.18379249005504633,16.236378906640397,19.8645412733342
1016,40.6,0.98,1,-0.003,0.362,0.032,-0.047,-0.038,0.14,0.02,0.0,0.01,0.0,1.12,0.0,0.03,0.28,0.0,0.33,0.5,0.21,0.0,0.0,0.0,1.47,0.0,0.0,0.0,0.0,0.0,0.0,0.0,0.0,0.0,1.0,0.0,0.0,1.0,0.0,0.0,0.0,0.0,1.0,0.18822393958506575,18.02276338412073,20.298768435547824
1017,40.64,0.98,1,0.025,0.318,0.04,-0.034,-0.047,0.11,0.0,0.0,0.01,0.0,1.67,0.0,0.0,0.22,0.0,0.31,0.47,0.16,0.0,0.0,0.02,0.96,0.0,0.0,0.0,0.0,0.0,0.0,0.0,0.0,0.0,1.0,0.0,0.0,1.0,0.0,0.0,0.0,0.0,1.0,0.19792414748429588,16.501212076693033,21.160576551691502
1018,40.68,0.98,1,0.026,0.335,0.051,-0.034,-0.051,0.09,0.0,0.0,0.01,0.0,2.06,0.0,0.0,0.22,0.0,0.25,0.62,0.07,0.0,0.0,0.08,0.57,0.0,0.0,0.0,0.0,0.0,1.0,0.0,0.0,0.0,1.0,0.0,0.0,0.0,0.0,0.0,0.0,0.0,1.0,0.19175812193887765,16.699999999999818,18.607794065928395
1019,40.72,0.98,1,0.011,0.306,0.046,-0.033,-0.049,0.0,0.0,0.0,0.07,0.0,2.23,0.0,0.0,0.24,0.0,0.24,0.65,0.03,0.0,0.0,0.13,0.37,0.0,0.0,0.0,0.0,0.0,1.0,0.0,0.0,0.0,1.0,0.0,0.0,0.0,0.0,0.0,0.0,0.0,1.0,0.19389151741173444,17.402586014727675,18.65261375786238
1020,40.76,0.98,1,0.002,0.305,0.048,-0.028,-0.056,0.0,0.0,0.0,0.07,0.0,2.33,0.0,0.0,0.24,0.0,0.22,0.78,0.03,0.0,0.0,0.14,0.15,0.0,0.0,0.0,0.0,0.0,1.0,0.0,0.0,0.0,1.0,0.0,0.0,0.0,0.0,0.0,0.0,0.0,0.0,0.19895468525075044,18.201098867925577,18.92643653728835
1021,40.8,0.98,1,-0.001,0.312,0.053,-0.024,-0.049,0.0,0.0,0.0,0.07,0.0,2.25,0.0,0.0,0.2,0.0,0.2,0.85,0.03,0.0,0.0,0.15,0.05,0.0,0.0,0.0,0.0,0.0,1.0,0.0,0.0,0.0,1.0,0.0,0.0,0.0,0.0,0.0,0.0,0.0,0.0,0.21287657712244779,19.001052602421794,18.91295852054868
1022,40.84,0.98,1,0.004,0.301,0.043,-0.023,-0.049,0.0,0.0,0.0,0.0,0.0,2.21,0.0,0.0,0.17,0.0,0.28,1.06,0.0,0.0,0.0,0.19,0.0,0.0,0.0,0.0,0.0,0.0,1.0,0.0,0.0,0.0,1.0,0.0,1.0,0.0,0.0,0.0,0.0,0.0,0.0,0.20769259455326877,19.9160739102865,19.716236963477638
1023,40.88,0.98,1,-0.007,0.305,0.044,-0.024,-0.045,0.0,0.0,0.0,0.0,0.0,2.13,0.0,0.0,0.15,0.0,0.27,1.06,0.03,0.0,0.0,0.29,0.0,0.0,0.0,0.0,0.0,0.0,0.0,0.0,0.0,0.0,1.0,0.0,1.0,0.0,0.0,0.0,0.0,0.0,0.0,0.20835487575471387,21.005951537600005,20.020239758804088
1024,40.92,0.98,1,-0.004,0.292,0.042,-0.019,-0.047,0.0,0.0,0.0,0.0,0.0,1.9,0.0,0.0,0.15,0.0,0.32,1.11,0.1,0.01,0.0,0.37,0.0,0.0,0.0,0.0,0.0,0.0,0.0,0.0,0.0,0.0,1.0,0.0,1.0,0.0,0.0,0.0,0.0,0.0,0.0,0.22070370319417654,21.405840324547036,19.716236963477634
1025,40.96,0.98,1,-0.012,0.285,0.042,-0.038,-0.04,0.0,0.0,0.0,0.0,0.0,1.84,0.0,0.0,0.1,0.0,0.28,1.02,0.09,0.02,0.03,0.46,0.0,0.0,0.0,0.0,0.0,0.0,0.0,0.0,0.0,0.0,1.0,0.0,1.0,0.0,0.0,0.0,0.0,0.0,0.0,0.23037575224461937,21.30211257129203,19.50640920313116
1026,41.0,0.98,1,0.019,0.301,0.037,-0.022,-0.049,0.0,0.0,0.0,0.0,0.0,1.81,0.0,0.0,0.04,0.0,0.38,1.15,0.07,0.12,0.03,0.46,0.0,0.0,0.0,0.0,0.0,0.0,0.0,0.0,0.0,0.0,1.0,0.0,1.0,0.0,0.0,0.0,0.0,0.0,0.0,0.19159335137226227,21.80206412246322,21.738905216224715
1027,41.04,0.98,1,0.018,0.297,0.037,-0.034,-0.044,0.0,0.0,0.0,0.0,0.0,2.08,0.0,0.0,0.0,0.0,0.42,1.13,0.0,0.13,0.04,0.37,0.0,0.0,0.0,0.0,0.0,0.0,0.0,0.0,0.0,0.0,1.0,0.0,1.0,0.0,0.0,0.0,0.0,0.0,0.0,0.18341598322275854,22.500888871331284,22.737194198053366
1028,41.08,0.98,1,0.026,0.3,0.044,-0.023,-0.055,0.0,0.0,0.0,0.0,0.0,2.29,0.0,0.0,0.01,0.0,0.46,1.16,0.0,0.13,0.01,0.35,0.0,0.0,0.0,0.0,0.0,0.0,0.0,0.0,0.0,0.0,1.0,0.0,1.0,0.0,0.0,0.0,0.0,0.0,0.0,0.19889247124008036,21.30586773637718,22.837031330713668
1029,41.12,0.98,1,0.026,0.292,0.035,-0.017,-0.057,0.0,0.0,0.0,0.0,0.0,2.27,0.0,0.0,0.01,0.0,0.51,1.01,0.0,0.08,0.01,0.34,0.0,0.0,0.0,0.0,0.0,0.0,0.0,0.0,0.0,0.0,1.0,0.0,1.0,0.0,0.0,0.0,0.0,0.0,0.0,0.1910770750412179,22.50799857828323,22.537524265100636
1030,41.16,0.98,1,0.019,0.289,0.03,-0.022,-0.052,0.0,0.0,0.0,0.0,0.0,2.25,0.0,0.0,0.01,0.0,0.57,0.91,0.0,0.06,0.0,0.44,0.0,0.0,0.0,0.0,0.0,0.0,0.0,0.0,0.0,0.0,0.0,0.0,1.0,0.0,0.0,0.0,0.0,0.0,0.0,0.19022848116746477,22.305604676851914,22.522211259110417
1031,41.2,0.98,1,0.033,0.285,0.028,-0.012,-0.056,0.0,0.0,0.0,0.0,0.0,1.99,0.0,0.0,0.0,0.0,0.58,0.96,0.0,0.1,0.0,0.49,0.0,0.0,0.0,0.0,0.0,0.0,0.0,0.0,0.0,0.0,1.0,0.0,1.0,0.0,0.0,0.0,0.0,0.0,0.0,0.1994367582082375,22.21103329428872,22.726636354726843
1032,41.24,0.98,1,0.015,0.274,0.024,-0.024,-0.037,0.0,0.0,0.0,0.0,0.0,1.89,0.0,0.0,0.0,0.0,0.5,0.96,0.0,0.04,0.03,0.48,0.0,0.0,0.0,0.0,0.0,0.0,0.0,0.0,0.0,0.0,0.0,0.0,1.0,0.0,0.0,0.0,0.0,0.0,0.0,0.2013690337921062,22.2272355456094,23.02628932329306
1033,41.28,0.98,1,0.034,0.278,0.023,-0.014,-0.052,0.0,0.0,0.0,0.0,0.0,1.79,0.0,0.0,0.0,0.0,0.46,1.03,0.0,0.05,0.03,0.48,0.0,0.0,0.0,0.0,0.0,0.0,0.0,0.0,0.0,0.0,0.0,0.0,1.0,0.0,0.0,0.0,0.0,0.0,0.0,0.20518785601366304,21.514878572745886,23.13114783144162
1034,41.32,0.98,1,0.012,0.283,0.021,-0.026,-0.046,0.0,0.0,0.0,0.0,0.0,1.73,0.0,0.0,0.0,0.0,0.43,0.91,0.0,0.01,0.03,0.42,0.02,0.0,0.0,0.0,0.0,0.0,0.0,0.0,0.0,0.0,0.0,0.0,0.0,0.0,0.0,0.0,0.0,0.0,0.0,0.2072988755190647,22.232408776378506,22.510886255321
1035,41.36,0.98,1,0.035,0.286,0.025,-0.011,-0.056,0.0,0.0,0.0,0.0,0.0,1.72,0.0,0.0,0.0,0.0,0.47,0.96,0.0,0.01,0.0,0.4,0.02,0.0,0.0,0.0,0.0,0.0,0.0,0.0,0.0,0.0,0.0,0.0,1.0,0.0,0.0,0.0,0.0,0.0,0.0,0.20637263458517097,21.73315439599144,23.136551169091646
1036,41.4,0.98,1,0.015,0.276,0.028,-0.024,-0.051,0.01,0.0,0.0,0.0,0.0,1.84,0.0,0.0,0.02,0.0,0.43,0.9,0.0,0.0,0.0,0.35,0.02,0.0,0.0,0.0,0.0,0.0,0.0,0.0,0.0,0.0,0.0,0.0,1.0,0.0,0.0,0.0,0.0,0.0,0.0,0.21381794595491624,22.244100341438894,22.91767876552956
1037,41.44,0.98,1,0.006,0.279,0.022,-0.008,-0.057,0.01,0.0,0.0,0.0,0.0,1.97,0.0,0.0,0.02,0.0,0.48,0.98,0.0,0.0,0.0,0.46,0.0,0.0,0.0,0.0,0.0,0.0,0.0,0.0,0.0,0.0,0.0,0.0,1.0,0.0,0.0,0.0,0.0,0.0,0.0,0.20579615939485266,21.80825531765455,21.611339616044077
1038,41.48,0.98,1,-0.02,0.293,0.032,-0.018,-0.039,0.01,0.0,0.0,0.0,0.0,1.94,0.0,0.0,0.02,0.0,0.45,0.99,0.0,0.0,0.02,0.52,0.0,0.0,0.0,0.0,0.0,0.0,0.0,0.0,0.0,0.0,0.0,0.0,1.0,0.0,0.0,0.0,0.0,0.0,0.0,0.2059701797996172,23.14238535674307,22.0081802973349
1039,41.52,0.98,1,0.001,0.283,0.017,-0.008,-0.05,0.0,0.0,0.0,0.0,0.0,1.77,0.0,0.0,0.0,0.0,0.51,1.15,0.0,0.03,0.03,0.59,0.0,0.0,0.0,0.0,0.0,0.0,0.0,0.0,0.0,0.0,0.0,0.0,1.0,0.0,0.0,0.0,0.0,0.0,0.0,0.19843066410418614,21.61480973777021,22.02271554554524
1040,41.56,0.98,1,-0.021,0.289,0.027,-0.018,-0.034,0.0,0.0,0.0,0.0,0.0,1.61,0.0,0.0,0.0,0.0,0.5,1.07,0.03,0.05,0.03,0.39,0.0,0.0,0.0,0.0,0.0,0.0,0.0,0.0,0.0,0.0,0.0,0.0,1.0,0.0,0.0,0.0,0.0,0.0,0.0,0.19773773998383853,23.13655116909164,22.222511109233174
1041,41.6,0.98,1,-0.017,0.274,0.015,-0.008,-0.062,0.01,0.0,0.0,0.0,0.0,1.7,0.0,0.0,0.0,0.0,0.49,1.1,0.03,0.07,0.03,0.42,0.0,0.0,0.0,0.0,0.0,0.0,0.0,0.0,0.0,0.0,0.0,0.0,1.0,0.0,0.0,0.0,0.0,0.0,0.0,0.19979788149234876,22.614154859291023,22.0081802973349
1042,41.64,0.98,1,-0.022,0.287,0.036,-0.017,-0.04,0.02,0.0,0.0,0.0,0.0,1.7,0.0,0.0,0.0,0.0,0.47,1.0,0.03,0.03,0.02,0.35,0.0,0.0,0.0,0.0,0.0,0.0,0.0,0.0,0.0,0.0,0.0,0.0,1.0,0.0,0.0,0.0,0.0,0.0,0.0,0.20200372194083005,22.73169593321189,22.614154859291023
1043,41.68,0.98,1,0.0,0.271,0.023,-0.009,-0.051,0.02,0.0,0.0,0.0,0.0,1.78,0.0,0.0,0.0,0.0,0.5,1.1,0.0,0.05,0.06,0.48,0.0,0.0,0.0,0.0,0.0,0.0,0.0,0.0,0.0,0.0,0.0,0.0,1.0,0.0,0.0,0.0,0.0,0.0,0.0,0.21077382242573536,21.918485349129487,22.41093483101506
1044,41.72,0.98,1,-0.014,0.274,0.025,-0.018,-0.036,0.01,0.0,0.0,0.01,0.0,1.48,0.0,0.0,0.0,0.0,0.54,1.04,0.0,0.04,0.04,0.49,0.0,0.0,0.0,0.0,0.0,0.0,0.0,0.0,0.0,0.0,0.0,0.0,1.0,0.0,0.0,0.0,0.0,0.0,0.0,0.2060410356799801,22.522211259110417,22.0111335464578
1045,41.76,0.98,1,-0.016,0.275,0.031,-0.009,-0.052,0.0,0.0,0.0,0.01,0.0,1.43,0.0,0.0,0.0,0.0,0.52,1.12,0.0,0.09,0.04,0.52,0.0,0.0,0.0,0.0,0.0,0.0,0.0,0.0,0.0,0.0,0.0,0.0,1.0,0.0,0.0,0.0,0.0,0.0,0.0,0.22318873298565756,22.214409737825626,22.20360331117456
1046,41.8,0.98,1,-0.017,0.285,0.031,-0.016,-0.037,0.04,0.0,0.0,0.01,0.0,1.2,0.0,0.0,0.0,0.0,0.57,1.15,0.0,0.05,0.0,0.54,0.0,0.0,0.0,0.0,0.0,0.0,0.0,0.0,0.0,0.0,0.0,0.0,1.0,0.0,0.0,0.0,0.0,0.0,0.0,0.20813400443887167,22.73169593321189,21.714741536569157
1047,41.84,0.98,1,-0.01,0.284,0.038,-0.009,-0.054,0.04,0.0,0.0,0.0,0.0,1.38,0.0,0.0,0.0,0.0,0.45,1.26,0.0,0.14,0.0,0.41,0.0,0.0,0.0,0.0,0.0,0.0,0.0,0.0,0.0,0.0,0.0,0.0,1.0,0.0,0.0,0.0,0.0,0.0,0.0,0.22257600815214706,21.319005605327796,21.814673960433105
1048,41.88,0.98,1,-0.017,0.288,0.03,-0.013,-0.039,0.1,0.0,0.0,0.0,0.0,1.44,0.0,0.0,0.0,0.0,0.57,1.21,0.0,0.1,0.03,0.46,0.0,0.0,0.0,0.0,0.0,0.0,0.0,0.0,0.0,0.0,0.0,0.0,1.0,0.0,0.0,0.0,0.0,0.0,0.0,0.19624468073308485,22.3224102641269,21.50209292138791
1049,41.92,0.98,1,-0.015,0.291,0.041,-0.007,-0.057,0.06,0.0,0.0,0.0,0.0,1.71,0.0,0.0,0.0,0.0,0.44,1.23,0.0,0.17,0.03,0.4,0.0,0.0,0.0,0.0,0.0,0.0,0.0,0.0,0.0,0.0,0.0,0.0,1.0,0.0,0.0,0.0,0.0,0.0,0.0,0.21729027762454556,21.822923727126895,21.01523257068548
1050,41.96,0.98,1,-0.025,0.286,0.033,-0.012,-0.04,0.06,0.0,0.0,0.0,0.0,1.71,0.03,0.0,0.0,0.0,0.58,1.15,0.0,0.2,0.03,0.54,0.0,0.0,0.0,0.0,0.0,0.0,0.0,0.0,0.0,0.0,0.0,0.0,1.0,0.0,0.0,0.0,0.0,0.0,0.0,0.19910518558840484,22.526872841120227,21.203773249117532
1051,42.0,0.98,1,-0.038,0.283,0.034,-0.022,-0.043,0.0,0.0,0.0,0.08,0.0,1.68,0.03,0.0,0.0,0.0,0.44,1.12,0.0,0.25,0.0,0.5,0.0,0.0,0.0,0.0,0.0,0.0,0.0,0.0,0.0,0.0,0.0,0.0,1.0,0.0,0.0,0.0,0.0,0.0,0.0,0.1996936327239468,23.33623791445395,22.000909072126998
1052,42.04,0.98,1,-0.025,0.277,0.03,-0.006,-0.054,0.0,0.0,0.0,0.08,0.0,1.54,0.05,0.0,0.01,0.0,0.47,1.1,0.0,0.26,0.0,0.54,0.0,0.0,0.0,0.0,0.0,0.0,0.0,0.0,0.0,0.0,0.0,0.0,1.0,0.0,0.0,0.0,0.0,0.0,0.0,0.20753201928432996,22.111083193728795,20.908610666421712
1053,42.08,0.98,1,-0.026,0.272,0.03,-0.014,-0.04,0.0,0.0,0.0,0.14,0.0,1.44,0.02,0.0,0.03,0.0,0.39,1.12,0.01,0.13,0.02,0.56,0.0,0.0,0.0,0.0,0.0,0.0,0.0,0.0,0.0,0.0,0.0,1.0,1.0,0.0,0.0,0.0,0.0,0.0,0.0,0.20659860802034652,22.0111335464578,21.708293346092457
1054,42.12,0.98,1,-0.029,0.259,0.025,-0.01,-0.053,0.0,0.0,0.0,0.06,0.0,1.48,0.07,0.0,0.03,0.0,0.42,1.22,0.01,0.12,0.02,0.64,0.0,0.0,0.0,0.0,0.0,0.0,0.0,0.0,0.0,0.0,0.0,1.0,1.0,0.0,0.0,0.0,0.0,0.0,0.0,0.22510598086765243,22.405579662217935,20.706037766796474
1055,42.16,0.98,1,-0.035,0.284,0.033,-0.013,-0.041,0.0,0.02,0.0,0.06,0.0,1.41,0.05,0.0,0.05,0.0,0.42,1.15,0.06,0.04,0.09,0.67,0.0,0.0,0.0,0.0,0.0,0.0,0.0,0.0,0.0,0.0,0.0,0.0,1.0,0.0,0.0,0.0,0.0,0.0,0.0,0.19751807583220166,22.005681084665387,21.01166342772509
1056,42.2,0.98,1,-0.025,0.26,0.022,-0.009,-0.053,0.0,0.02,0.0,0.0,0.0,1.59,0.09,0.0,0.03,0.0,0.4,1.14,0.05,0.05,0.13,0.68,0.0,0.0,0.0,0.0,0.0,0.0,0.0,0.0,0.0,0.0,0.0,0.0,1.0,0.0,0.0,0.0,0.0,0.0,0.0,0.21588838692888573,22.003636063160105,20.203960007879687
1057,42.24,0.98,1,-0.032,0.288,0.035,-0.016,-0.039,0.0,0.02,0.0,0.0,0.0,1.67,0.06,0.0,0.03,0.0,0.32,1.0,0.05,0.0,0.2,0.61,0.04,0.0,0.0,0.0,0.0,0.0,0.0,0.0,0.0,0.0,0.0,0.0,1.0,0.0,0.0,0.0,0.0,0.0,0.0,0.19853457987135636,22.208106627985917,20.811775512915716
1058,42.28,0.98,1,-0.023,0.301,0.02,-0.006,-0.053,0.0,0.0,0.0,0.0,0.0,1.66,0.06,0.0,0.01,0.0,0.27,1.03,0.0,0.0,0.18,0.57,0.22,0.0,0.0,0.0,0.0,0.0,0.0,0.0,0.0,0.0,0.0,0.0,1.0,0.0,0.0,0.0,0.0,0.0,1.0,0.1936256646300581,20.500975586542218,19.909043171383292
1059,42.32,0.98,1,-0.007,0.337,0.026,-0.015,-0.04,0.08,0.0,0.0,0.0,0.0,1.55,0.03,0.0,0.01,0.0,0.18,1.03,0.0,0.0,0.14,0.45,0.31,0.0,0.0,0.0,0.0,0.0,0.0,0.0,0.0,0.0,0.0,0.0,1.0,0.0,0.0,0.0,0.0,0.0,1.0,0.17180639944646292,19.406442229321776,19.094763680129688
1060,42.36,0.98,1,-0.018,0.316,0.019,-0.003,-0.051,0.12,0.0,0.0,0.0,0.0,1.33,0.0,0.0,0.01,0.0,0.24,1.09,0.0,0.0,0.09,0.45,0.54,0.0,0.0,0.0,0.0,0.0,0.0,0.0,0.0,0.0,0.0,0.0,1.0,0.0,0.0,0.0,0.0,0.0,1.0,0.17787136152075358,19.409276132818647,19.067249408344143
1061,42.4,0.98,1,-0.023,0.332,0.024,-0.01,-0.036,0.16,0.0,0.0,0.0,0.0,1.31,0.0,0.0,0.0,0.0,0.28,1.05,0.18,0.05,0.03,0.49,0.63,0.0,0.0,0.0,0.0,0.0,0.0,0.0,0.0,0.0,0.0,0.0,1.0,0.0,0.0,0.0,0.0,0.0,1.0,0.17312869483461948,18.71309701786407,18.995262567282502
1062,42.44,0.98,1,-0.036,0.322,0.019,-0.018,-0.036,0.15,0.01,0.0,0.0,0.0,1.3,0.0,0.0,0.0,0.0,0.37,0.98,0.19,0.05,0.02,0.56,0.75,0.0,0.0,0.0,0.0,0.0,0.0,0.0,0.0,0.0,0.0,0.0,1.0,0.0,0.0,0.0,0.0,0.0,1.0,0.17923833859702026,18.909521411183174,18.587361297397763
1063,42.48,0.98,1,-0.027,0.335,0.033,-0.005,-0.051,0.19,0.01,0.0,0.0,0.0,1.29,0.0,0.0,0.0,0.0,0.3,1.01,0.28,0.05,0.07,0.47,0.72,0.0,0.0,0.0,0.0,0.0,0.0,0.0,0.0,0.0,0.0,0.0,1.0,0.0,0.0,0.0,0.0,0.0,1.0,0.17662826174600194,18.813027401245083,18.995262567282264
1064,42.52,0.98,1,-0.019,0.337,0.024,-0.016,-0.046,0.26,0.01,0.0,0.0,0.0,1.39,0.0,0.0,0.0,0.0,0.2,0.97,0.18,0.0,0.07,0.4,0.6,0.0,0.0,0.0,0.0,0.0,0.0,0.0,0.0,0.0,0.0,0.0,1.0,0.0,0.0,0.0,0.0,0.0,1.0,0.1761858974386043,17.70112990743816,19.80126258600703
1065,42.56,0.98,1,-0.015,0.337,0.036,-0.002,-0.056,0.23,0.0,0.0,0.0,0.0,1.37,0.0,0.0,0.0,0.0,0.15,1.04,0.19,0.0,0.09,0.36,0.74,0.0,0.0,0.0,0.0,0.0,0.0,0.0,0.0,0.0,0.0,0.0,1.0,0.0,0.0,0.0,0.0,0.0,1.0,0.17637768280228333,18.009997223764362,20.48828933805855
1066,42.6,0.98,1,-0.011,0.333,0.024,-0.012,-0.049,0.31,0.01,0.0,0.0,0.0,1.44,0.0,0.0,0.0,0.0,0.23,0.97,0.23,0.0,0.02,0.39,0.72,0.0,0.0,0.0,0.0,0.0,0.0,0.0,0.0,0.0,0.0,0.0,1.0,0.0,0.0,0.0,0.0,0.0,1.0,0.1812602615942227,18.20247235954505,20.29876843554805
1067,42.64,0.98,1,-0.004,0.345,0.042,-0.007,-0.057,0.24,0.01,0.0,0.0,0.0,1.26,0.0,0.0,0.0,0.0,0.21,1.05,0.22,0.0,0.1,0.45,0.93,0.0,0.0,0.0,0.0,0.0,0.0,0.0,0.0,0.0,1.0,0.0,1.0,0.0,0.0,0.0,0.0,0.0,1.0,0.18023181152427514,17.510282693320516,20.18960128382939
1068,42.68,0.98,1,0.006,0.328,0.023,-0.02,-0.047,0.35,0.01,0.0,0.0,0.0,1.26,0.0,0.0,0.02,0.0,0.23,1.03,0.21,0.0,0.1,0.4,0.79,0.0,1.0,0.0,0.0,0.0,0.0,0.0,0.0,0.0,1.0,0.0,1.0,1.0,0.0,0.0,0.0,0.0,1.0,0.17454765541459472,17.613914953808443,19.93313823761847
1069,42.72,0.98,1,0.056,0.363,0.038,-0.011,-0.058,0.26,0.0,0.0,0.0,0.0,1.21,0.0,0.0,0.03,0.0,0.23,1.07,0.12,0.0,0.1,0.28,0.86,0.0,1.0,0.0,0.0,0.0,0.0,0.0,0.0,0.0,1.0,0.0,1.0,1.0,0.0,0.0,0.0,0.0,1.0,0.17927018730211358,16.107762104029135,20.862646045025098
1070,42.76,0.98,1,0.069,0.33,0.019,-0.015,-0.068,0.28,0.0,0.0,0.0,0.0,1.22,0.0,0.0,0.08,0.0,0.33,1.02,0.12,0.0,0.07,0.07,0.89,0.0,1.0,0.0,0.0,0.0,0.0,0.0,0.0,0.0,1.0,0.0,1.0,1.0,0.0,0.0,0.0,0.0,1.0,0.17647951792243338,16.301226947687052,19.782062582046443
1071,42.8,0.98,1,0.08,0.325,0.013,-0.017,-0.072,0.31,0.0,0.0,0.0,0.0,1.03,0.0,0.0,0.09,0.0,0.34,0.89,0.13,0.0,0.05,0.0,1.25,1.0,1.0,0.0,0.0,0.0,0.0,0.0,0.0,0.0,1.0,0.0,1.0,1.0,0.0,0.0,0.0,0.0,1.0,0.1763302606656687,16.607528413343285,20.28915966717207
1072,42.84,0.98,1,0.046,0.363,0.02,-0.021,-0.074,0.57,0.18,0.0,0.0,0.0,0.65,0.0,0.06,0.21,0.0,0.38,0.78,0.13,0.0,0.16,0.0,1.61,1.0,1.0,0.0,0.0,0.0,0.0,0.0,0.0,0.0,1.0,0.0,1.0,1.0,0.0,0.0,0.0,0.0,1.0,0.20481062991207244,18.601075237738183,20.916261616264077
1073,42.88,0.98,1,0.018,0.416,0.022,-0.034,-0.072,0.75,0.29,0.0,0.0,0.0,0.46,0.0,0.06,0.18,0.0,0.49,0.8,0.1,0.0,0.22,0.0,1.99,1.0,1.0,0.0,0.0,0.0,0.0,0.0,0.0,0.0,1.0,0.0,0.0,1.0,0.0,0.0,0.0,0.0,1.0,0.17387680008312822,17.21656179380764,20.155644370746373
1074,42.92,0.98,1,0.028,0.395,0.003,-0.03,-0.068,0.74,0.29,0.0,0.0,0.0,0.46,0.0,0.06,0.18,0.0,0.49,0.86,0.09,0.0,0.22,0.0,1.8,1.0,1.0,0.0,0.0,0.0,0.0,0.0,0.0,0.0,1.0,0.0,0.0,1.0,0.0,0.0,0.0,0.0,1.0,0.17203154214405536,16.667633305301536,20.33051893090783
1075,42.96,0.98,1,-0.006,0.332,-0.0,-0.026,-0.068,0.46,0.1,0.0,0.0,0.0,0.91,0.0,0.0,0.07,0.0,0.49,0.89,0.04,0.0,0.12,0.0,1.26,1.0,1.0,0.0,0.0,0.0,1.0,0.0,0.0,0.0,1.0,0.0,0.0,0.0,0.0,0.0,0.0,0.0,1.0,0.17925810951950905,17.707060738586787,20.565018842685134
1076,43.0,0.98,1,0.021,0.298,0.012,-0.025,-0.072,0.23,0.0,0.0,0.0,0.0,1.2,0.0,0.0,0.12,0.0,0.46,0.77,0.0,0.0,0.05,0.0,0.49,0.0,1.0,0.0,0.0,0.0,1.0,0.0,0.0,0.0,1.0,1.0,0.0,0.0,0.0,0.0,0.0,0.0,1.0,0.18816692206838026,16.500303027520435,18.29890707118876
1077,43.04,0.98,1,0.02,0.261,-0.005,-0.032,-0.068,0.06,0.0,0.0,0.0,0.0,1.47,0.0,0.0,0.09,0.0,0.52,0.66,0.0,0.0,0.11,0.0,0.11,0.0,1.0,0.0,0.0,0.0,1.0,0.0,0.0,0.0,1.0,1.0,0.0,0.0,0.0,0.0,0.0,0.0,0.0,0.1980641234520259,17.813758727455763,18.333030300525834
1078,43.08,0.98,1,0.022,0.271,0.009,-0.033,-0.075,0.0,0.0,0.0,0.0,0.0,1.59,0.0,0.0,0.1,0.0,0.52,0.65,0.0,0.0,0.21,0.0,0.0,0.0,1.0,0.0,0.0,0.0,1.0,0.0,0.0,0.0,1.0,1.0,0.0,0.0,0.0,0.0,0.0,0.0,0.0,0.19993461250126543,20.312065379965624,18.813027401245083
1079,43.12,0.98,1,0.036,0.272,0.002,-0.038,-0.075,0.0,0.0,0.0,0.0,0.0,1.68,0.0,0.0,0.08,0.0,0.53,0.64,0.07,0.0,0.18,0.0,0.0,0.0,0.0,0.0,0.0,0.0,1.0,0.0,0.0,0.0,1.0,1.0,0.0,0.0,0.0,0.0,0.0,0.0,0.0,0.20400632366285115,21.600000000000136,19.620652384668468
1080,43.16,0.98,1,0.021,0.279,0.01,-0.035,-0.079,0.0,0.0,0.0,0.01,0.0,1.71,0.0,0.0,0.13,0.0,0.43,0.7,0.09,0.0,0.17,0.0,0.0,0.0,0.0,0.0,0.0,0.0,1.0,0.0,0.0,0.0,1.0,1.0,0.0,0.0,0.0,0.0,0.0,0.0,0.0,0.2097670284851369,20.40000000000009,20.030227157973023
1081,43.2,0.98,1,0.017,0.268,-0.006,-0.033,-0.076,0.01,0.0,0.0,0.05,0.0,1.78,0.0,0.0,0.15,0.0,0.42,0.62,0.09,0.0,0.06,0.0,0.0,0.0,0.0,0.0,0.0,0.0,1.0,0.0,0.0,0.0,1.0,1.0,0.0,0.0,0.0,0.0,0.0,0.0,0.0,0.20731620129892203,19.802272596851054,20.32978111047923
1082,43.24,0.98,1,0.015,0.281,0.011,-0.028,-0.081,0.01,0.0,0.0,0.1,0.0,1.85,0.0,0.0,0.16,0.0,0.31,0.47,0.03,0.0,0.1,0.0,0.0,0.0,0.0,0.0,0.0,0.0,1.0,0.0,0.0,0.0,1.0,1.0,0.0,0.0,0.0,0.0,0.0,0.0,0.0,0.20924344151321939,20.506096654409877,20.729206448873096
1083,43.28,0.98,1,0.015,0.278,0.005,-0.027,-0.077,0.01,0.0,0.0,0.12,0.0,1.88,0.0,0.0,0.15,0.0,0.29,0.37,0.09,0.0,0.09,0.01,0.0,0.0,0.0,0.0,0.0,0.0,1.0,0.0,0.0,0.0,1.0,1.0,0.0,0.0,0.0,0.0,0.0,0.0,0.0,0.20446256063273754,20.808652046684767,21.418916872708664
1084,43.32,0.98,1,0.016,0.26,0.008,-0.033,-0.075,0.0,0.0,0.0,0.08,0.0,1.74,0.0,0.03,0.15,0.0,0.31,0.26,0.14,0.0,0.19,0.01,0.0,0.0,0.0,0.0,0.0,0.0,1.0,0.0,0.0,0.0,1.0,1.0,0.0,0.0,0.0,0.0,0.0,0.0,0.0,0.2145299767372724,20.315757431117312,20.71545316907168
1085,43.36,0.98,1,0.003,0.273,0.015,-0.034,-0.073,0.0,0.0,0.0,0.03,0.0,1.7,0.0,0.03,0.16,0.0,0.38,0.28,0.14,0.0,0.25,0.01,0.0,0.0,0.0,0.0,0.0,0.0,1.0,0.0,0.0,0.0,1.0,0.0,0.0,0.0,0.0,0.0,0.0,0.0,0.0,0.2262764998585175,21.01166342772509,21.40584032454681
1086,43.4,0.98,1,0.011,0.279,0.021,-0.038,-0.071,0.0,0.0,0.0,0.0,0.0,1.8,0.0,0.03,0.16,0.0,0.42,0.25,0.05,0.0,0.29,0.04,0.0,0.0,0.0,0.0,0.0,0.0,1.0,0.0,0.0,0.0,1.0,0.0,0.0,0.0,0.0,0.0,0.0,0.0,0.0,0.22296363336111896,21.405840324547036,21.400934559032788
1087,43.44,0.98,1,0.014,0.281,0.023,-0.039,-0.07,0.0,0.0,0.0,0.0,0.0,1.81,0.0,0.0,0.16,0.0,0.26,0.31,0.0,0.0,0.27,0.05,0.0,0.0,0.0,0.0,0.0,0.0,1.0,0.0,0.0,0.0,1.0,0.0,0.0,0.0,0.0,0.0,0.0,0.0,0.0,0.22623042717581301,21.41494805036902,21.500930212434994
1088,43.48,0.98,1,0.021,0.294,0.028,-0.035,-0.072,0.0,0.0,0.0,0.0,0.0,1.73,0.0,0.0,0.14,0.0,0.15,0.3,0.0,0.0,0.22,0.07,0.0,0.0,0.0,0.0,0.0,0.0,1.0,0.0,0.0,0.0,1.0,0.0,0.0,0.0,0.0,0.0,0.0,0.0,0.0,0.21517418482600997,21.215088969881833,21.40840956259955
1089,43.52,0.98,1,0.011,0.279,0.021,-0.038,-0.072,0.0,0.0,0.0,0.0,0.0,1.62,0.0,0.0,0.16,0.0,0.13,0.31,0.0,0.0,0.17,0.14,0.0,0.0,0.0,0.0,0.0,0.0,0.0,0.0,0.0,0.0,1.0,0.0,0.0,0.0,0.0,0.0,0.0,0.0,0.0,0.21999032257548376,22.027482833950867,21.300938946440787
1090,43.56,0.98,1,0.009,0.285,0.03,-0.032,-0.081,0.0,0.0,0.0,0.0,0.0,1.57,0.0,0.0,0.11,0.01,0.17,0.25,0.01,0.0,0.12,0.18,0.0,0.0,0.0,0.0,0.0,0.0,0.0,0.0,0.0,0.0,1.0,0.0,0.0,0.0,0.0,0.0,0.0,0.0,0.0,0.2250518709213632,21.63908500838231,21.60370338622515
1091,43.6,0.98,1,0.011,0.278,0.02,-0.025,-0.083,0.0,0.05,0.0,0.15,0.0,1.61,0.0,0.0,0.07,0.01,0.17,0.28,0.06,0.0,0.08,0.22,0.0,0.0,0.0,0.0,0.0,0.0,0.0,0.0,0.0,0.0,1.0,0.0,0.0,0.0,0.0,0.0,0.0,0.0,0.0,0.221209425700021,21.333776037073413,22.011133546457803
1092,43.64,0.98,1,0.011,0.28,0.029,-0.019,-0.088,0.0,0.07,0.0,0.28,0.0,1.63,0.0,0.0,0.01,0.01,0.1,0.37,0.06,0.0,0.04,0.15,0.0,0.0,0.0,0.0,0.0,0.0,0.0,0.0,0.0,0.0,1.0,0.0,0.0,0.0,0.0,0.0,0.0,0.0,0.0,0.23298142874024308,20.940391591371792,22.517992805754247
1093,43.68,0.98,1,0.012,0.28,0.033,-0.016,-0.087,0.04,0.14,0.0,0.49,0.0,1.82,0.0,0.0,0.02,0.0,0.13,0.43,0.05,0.0,0.0,0.13,0.0,0.0,0.0,0.0,0.0,0.0,0.0,0.0,0.0,0.0,1.0,0.0,0.0,0.0,0.0,0.0,0.0,0.0,0.0,0.2219499064976405,21.03425777154973,21.708293346092226
1094,43.72,0.98,1,0.021,0.276,0.036,-0.011,-0.087,0.13,0.16,0.0,0.47,0.0,1.81,0.0,0.0,0.07,0.0,0.18,0.47,0.0,0.0,0.0,0.07,0.0,0.0,0.0,0.0,0.0,0.0,0.0,0.0,0.0,0.0,1.0,0.0,0.0,0.0,0.0,0.0,0.0,0.0,0.0,0.22200396752977347,20.82402458700065,21.315018179677867
1095,43.76,0.98,1,0.026,0.281,0.032,-0.017,-0.085,0.13,0.29,0.0,0.51,0.0,1.81,0.0,0.0,0.1,0.0,0.2,0.45,0.0,0.0,0.0,0.12,0.0,0.0,0.0,0.0,0.0,0.0,1.0,0.0,0.0,0.0,1.0,0.0,0.0,0.0,0.0,0.0,0.0,0.0,0.0,0.2237726277585203,20.811775512915712,21.408409562599324
1096,43.8,0.98,1,0.02,0.292,0.036,-0.018,-0.084,0.09,0.22,0.0,0.39,0.0,1.65,0.0,0.0,0.1,0.0,0.11,0.47,0.0,0.0,0.0,0.14,0.0,0.0,0.0,0.0,0.0,0.0,1.0,0.0,0.0,0.0,1.0,0.0,0.0,0.0,0.0,0.0,0.0,0.0,0.0,0.20799977293947003,20.915305400591077,21.608331726443062
1097,43.84,0.98,1,0.006,0.295,0.037,-0.023,-0.087,0.0,0.15,0.0,0.26,0.0,1.62,0.02,0.0,0.05,0.0,0.06,0.53,0.0,0.0,0.0,0.18,0.0,0.0,0.0,0.0,0.0,0.0,1.0,0.0,0.0,0.0,1.0,0.0,0.0,0.0,0.0,0.0,0.0,0.0,0.0,0.22034311359669173,21.533462331914944,21.41144553737566
1098,43.88,0.98,1,0.012,0.309,0.04,-0.025,-0.091,0.0,0.0,0.0,0.14,0.0,1.62,0.07,0.0,0.04,0.0,0.08,0.51,0.0,0.0,0.02,0.19,0.0,0.0,0.0,0.0,0.0,0.0,1.0,0.0,0.0,0.0,1.0,0.0,0.0,0.0,0.0,0.0,0.0,0.0,0.0,0.20824960025384875,22.138202275704227,21.028789789238942
1099,43.92,0.98,1,0.011,0.301,0.031,-0.023,-0.093,0.0,0.0,0.0,0.05,0.0,1.79,0.11,0.0,0.03,0.0,0.17,0.56,0.0,0.0,0.02,0.3,0.0,0.0,0.0,0.0,0.0,0.0,1.0,0.0,0.0,0.0,1.0,0.0,0.0,0.0,0.0,0.0,0.0,0.0,0.0,0.20839472363015552,21.6187418690359,20.928927349484578
1100,43.96,0.98,1,-0.0,0.311,0.054,-0.018,-0.09,0.05,0.0,0.0,0.05,0.0,1.66,0.09,0.0,0.02,0.0,0.13,0.56,0.03,0.0,0.13,0.37,0.31,0.0,0.0,0.0,0.0,0.0,1.0,0.0,0.0,0.0,1.0,0.0,0.0,0.0,0.0,0.0,0.0,0.0,0.0,0.19644452642204624,21.618741869035674,20.840585404445775
1101,44.0,0.98,1,0.012,0.311,0.031,-0.017,-0.083,0.31,0.03,0.0,0.0,0.0,1.09,0.04,0.0,0.06,0.0,0.21,0.66,0.14,0.0,0.25,0.32,1.06,0.0,0.0,0.0,0.0,0.0,1.0,0.0,0.0,0.0,1.0,0.0,0.0,0.0,0.0,0.0,0.0,0.0,1.0,0.1769937374442544,20.30886505937735,18.853381659532637
1102,44.04,0.98,1,0.031,0.42,0.033,-0.03,-0.079,0.66,0.13,0.0,0.0,0.0,0.49,0.0,0.0,0.14,0.05,0.29,0.57,0.14,0.0,0.31,0.17,1.89,1.0,0.0,0.0,0.0,0.0,1.0,0.0,0.0,0.0,1.0,0.0,0.0,0.0,0.0,0.0,0.0,0.0,1.0,0.16885188278249683,15.394154734833569,19.92711720244556
1103,44.08,0.98,1,0.029,0.406,0.017,-0.028,-0.084,0.86,0.13,0.0,0.0,0.0,0.44,0.0,0.0,0.15,0.2,0.47,0.59,0.11,0.0,0.27,0.05,2.22,1.0,0.0,0.0,0.0,0.0,1.0,0.0,0.0,0.0,1.0,0.0,0.0,0.0,0.0,0.0,0.0,0.0,1.0,0.16281065194741723,16.079800993793416,21.524404753674556
1104,44.12,0.98,1,0.028,0.399,0.022,-0.024,-0.087,0.72,0.1,0.0,0.0,0.0,0.9,0.0,0.0,0.09,0.21,0.44,0.54,0.01,0.0,0.17,0.0,1.82,1.0,1.0,0.0,0.0,0.0,1.0,0.0,0.0,0.0,1.0,0.0,0.0,0.0,0.0,0.0,0.0,0.0,1.0,0.171503108085107,15.82561215245712,21.31220307711045
1105,44.16,0.98,1,0.015,0.322,0.003,-0.018,-0.083,0.5,0.01,0.0,0.0,0.0,1.44,0.0,0.0,0.06,0.19,0.41,0.65,0.01,0.0,0.15,0.0,1.22,1.0,1.0,0.0,0.0,0.0,1.0,0.0,0.0,0.0,1.0,0.0,0.0,0.0,0.0,0.0,0.0,0.0,1.0,0.18893065225518196,18.513238506539047,21.18584433059017
1106,44.2,0.98,1,0.011,0.309,0.018,-0.02,-0.086,0.37,0.01,0.0,0.0,0.0,1.56,0.0,0.0,0.12,0.04,0.37,0.61,0.0,0.0,0.15,0.0,0.79,0.0,1.0,0.0,0.0,0.0,1.0,0.0,0.0,0.0,1.0,0.0,0.0,0.0,0.0,0.0,0.0,0.0,1.0,0.19731820556125762,16.100310556010932,17.861970775925077
1107,44.24,0.98,1,0.016,0.292,0.009,-0.024,-0.084,0.35,0.01,0.0,0.01,0.0,1.58,0.0,0.0,0.19,0.03,0.4,0.62,0.0,0.0,0.19,0.0,0.66,0.0,1.0,0.0,0.0,0.0,1.0,0.0,0.0,0.0,1.0,0.0,0.0,0.0,0.0,0.0,0.0,0.0,0.0,0.18365400985379934,16.300306745579928,16.34411208967944
1108,44.28,0.98,1,0.017,0.305,0.023,-0.022,-0.086,0.26,0.0,0.0,0.01,0.0,1.47,0.0,0.0,0.18,0.0,0.29,0.56,0.04,0.0,0.26,0.0,0.55,0.0,0.0,0.0,0.0,0.0,1.0,0.0,0.0,0.0,1.0,0.0,0.0,0.0,0.0,0.0,0.0,0.0,0.0,0.18959072690440393,17.000294115102832,17.95466513193702
1109,44.32,0.98,1,0.013,0.298,0.027,-0.018,-0.087,0.2,0.0,0.0,0.01,0.0,1.56,0.0,0.0,0.15,0.0,0.15,0.57,0.05,0.0,0.25,0.02,0.5,0.0,0.0,0.0,0.0,0.0,1.0,0.0,0.0,0.0,1.0,0.0,0.0,0.0,0.0,0.0,0.0,0.0,0.0,0.19098684440016592,17.700282483621372,17.747675904185364
1110,44.36,0.98,1,0.007,0.304,0.021,-0.017,-0.084,0.14,0.0,0.0,0.0,0.0,1.67,0.04,0.0,0.12,0.0,0.06,0.55,0.05,0.0,0.2,0.02,0.35,0.0,0.0,0.0,0.0,0.0,1.0,0.0,0.0,0.0,1.0,0.0,0.0,0.0,0.0,0.0,0.0,0.0,0.0,0.18576872357637061,18.304371062672388,18.13973538947017
1111,44.4,0.98,1,0.002,0.314,0.033,-0.018,-0.089,0.22,0.0,0.0,0.06,0.0,1.73,0.04,0.0,0.13,0.0,0.12,0.57,0.01,0.0,0.2,0.02,0.34,0.0,0.0,0.0,0.0,0.0,1.0,0.0,0.0,0.0,1.0,0.0,0.0,0.0,0.0,0.0,0.0,0.0,0.0,0.19212187871337844,18.50027026829608,18.23951753747894
1112,44.44,0.98,1,0.016,0.287,0.015,-0.017,-0.085,0.19,0.0,0.0,0.09,0.0,1.73,0.04,0.0,0.14,0.0,0.11,0.56,0.0,0.0,0.22,0.0,0.17,0.0,0.0,0.0,0.0,0.0,1.0,0.0,0.0,0.0,1.0,0.0,0.0,0.0,0.0,0.0,0.0,0.0,0.0,0.19643193881213494,19.30414463269477,19.026297590440446
1113,44.48,0.98,1,0.023,0.289,0.021,-0.013,-0.089,0.22,0.0,0.0,0.09,0.0,1.69,0.0,0.0,0.12,0.0,0.09,0.6,0.0,0.0,0.2,0.0,0.11,0.0,0.0,0.0,0.0,0.0,1.0,0.0,0.0,0.0,1.0,0.0,0.0,0.0,0.0,0.0,0.0,0.0,0.0,0.20509696330845192,18.799999999999955,19.13765920900477
1114,44.52,0.98,1,0.019,0.299,0.03,-0.013,-0.091,0.21,0.0,0.0,0.02,0.0,1.77,0.0,0.0,0.09,0.0,0.07,0.64,0.0,0.0,0.12,0.0,0.0,0.0,0.0,0.0,0.0,0.0,1.0,0.0,0.0,0.0,1.0,0.0,0.0,0.0,0.0,0.0,0.0,0.0,0.0,0.19980481075496753,19.0,19.325889371514013
1115,44.56,0.98,1,0.013,0.301,0.034,-0.01,-0.09,0.18,0.0,0.0,0.08,0.0,1.73,0.0,0.0,0.07,0.0,0.09,0.71,0.0,0.0,0.06,0.06,0.0,0.0,0.0,0.0,0.0,0.0,1.0,0.0,0.0,0.0,1.0,0.0,0.0,0.0,0.0,0.0,0.0,0.0,0.0,0.19957629897895435,19.300259065618963,19.531000998412754
1116,44.6,0.98,1,0.003,0.314,0.028,-0.023,-0.068,0.19,0.0,0.0,0.08,0.0,1.91,0.0,0.0,0.07,0.0,0.18,0.7,0.0,0.0,0.07,0.06,0.0,0.0,0.0,0.0,0.0,0.0,1.0,0.0,0.0,0.0,1.0,0.0,0.0,0.0,0.0,0.0,0.0,0.0,0.0,0.19566253850756932,19.600000000000136,19.62549362436513
1117,44.64,0.98,1,0.001,0.308,0.035,-0.012,-0.081,0.12,0.0,0.0,0.17,0.0,1.78,0.0,0.0,0.05,0.0,0.16,0.74,0.0,0.0,0.07,0.16,0.0,0.0,0.0,0.0,0.0,0.0,1.0,0.0,0.0,0.0,1.0,0.0,0.0,0.0,0.0,0.0,0.0,0.0,0.0,0.20081626419122067,20.0,19.9203413625368
1118,44.68,0.98,1,0.002,0.299,0.027,-0.004,-0.071,0.12,0.0,0.0,0.09,0.0,1.89,0.0,0.0,0.02,0.0,0.26,0.79,0.0,0.05,0.06,0.15,0.0,0.0,0.0,0.0,0.0,0.0,0.0,0.0,0.0,0.0,1.0,0.0,0.0,0.0,0.0,0.0,0.0,0.0,0.0,0.18812513339344,21.002142747824564,19.730686759461815
1119,44.72,0.98,1,-0.014,0.295,0.031,-0.019,-0.055,0.03,0.0,0.0,0.09,0.0,1.83,0.02,0.0,0.0,0.0,0.35,0.87,0.03,0.05,0.03,0.27,0.0,0.0,0.0,0.0,0.0,0.0,0.0,0.0,0.0,0.0,1.0,0.0,0.0,0.0,0.0,0.0,0.0,0.0,0.0,0.19810781387805143,21.100236965493924,20.00224987345174
1120,44.76,0.98,1,-0.006,0.321,0.058,-0.012,-0.065,0.0,0.0,0.0,0.0,0.0,1.91,0.02,0.0,0.02,0.0,0.37,0.86,0.03,0.05,0.02,0.31,0.0,0.0,0.0,0.0,0.0,0.0,0.0,0.0,0.0,0.0,1.0,0.0,0.0,0.0,0.0,0.0,0.0,0.0,0.0,0.195501172411017,20.506096654409877,20.03596765818911
1121,44.8,0.98,1,-0.002,0.292,0.038,-0.011,-0.06,0.05,0.0,0.0,0.09,0.0,2.0,0.02,0.0,0.03,0.0,0.35,0.79,0.08,0.0,0.02,0.32,0.0,0.0,0.0,0.0,0.0,0.0,0.0,0.0,0.0,0.0,1.0,0.0,0.0,0.0,0.0,0.0,0.0,0.0,0.0,0.2023167548607145,20.902152999153074,19.61249601657057
1122,44.84,0.98,1,-0.022,0.303,0.057,-0.013,-0.066,0.05,0.0,0.0,0.09,0.0,1.9,0.0,0.0,0.02,0.0,0.19,0.78,0.05,0.0,0.07,0.27,0.03,0.0,0.0,0.0,0.0,0.0,0.0,0.0,0.0,0.0,1.0,0.0,0.0,0.0,0.0,0.0,0.0,0.0,0.0,0.20908711344723668,21.02379604162864,20.012246250733575
1123,44.88,0.98,1,-0.005,0.297,0.041,-0.012,-0.064,0.05,0.0,0.0,0.09,0.0,1.74,0.0,0.0,0.02,0.0,0.14,0.83,0.05,0.0,0.05,0.21,0.03,0.0,0.0,0.0,0.0,0.0,0.0,0.0,0.0,0.0,1.0,0.0,0.0,0.0,0.0,0.0,0.0,0.0,0.0,0.20004634702299365,20.02023975880409,20.724140512938092
1124,44.92,0.98,1,0.007,0.303,0.049,-0.009,-0.067,0.0,0.0,0.0,0.0,0.0,1.47,0.0,0.0,0.01,0.0,0.17,0.95,0.0,0.0,0.05,0.2,0.03,0.0,0.0,0.0,0.0,0.0,0.0,0.0,0.0,0.0,1.0,0.0,0.0,0.0,0.0,0.0,0.0,0.0,0.0,0.1930483642428014,20.319940944796034,21.423351745233383
1125,44.96,0.98,1,0.009,0.298,0.039,-0.023,-0.057,0.03,0.0,0.0,0.0,0.0,1.61,0.05,0.0,0.02,0.0,0.3,0.89,0.02,0.0,0.04,0.34,0.0,0.0,0.0,0.0,0.0,0.0,0.0,0.0,0.0,0.0,1.0,0.0,1.0,0.0,0.0,0.0,0.0,0.0,0.0,0.19241201169047623,20.915305400591308,21.339634486091796
1126,45.0,0.98,1,0.013,0.308,0.055,-0.016,-0.064,0.03,0.0,0.0,0.0,0.0,1.86,0.05,0.0,0.05,0.0,0.42,0.87,0.02,0.0,0.04,0.38,0.0,0.0,0.0,0.0,0.0,0.0,0.0,0.0,0.0,0.0,1.0,0.0,1.0,0.0,0.0,0.0,0.0,0.0,0.0,0.2163499411803142,21.63908500838231,22.42231031807369
1127,45.04,0.98,1,0.032,0.297,0.05,-0.007,-0.066,0.03,0.0,0.0,0.0,0.0,2.02,0.05,0.0,0.05,0.0,0.47,0.87,0.05,0.0,0.04,0.47,0.0,0.0,0.0,0.0,0.0,0.0,0.0,0.0,0.0,0.0,1.0,0.0,1.0,0.0,0.0,0.0,0.0,0.0,0.0,0.19552444313649275,21.02379604162864,22.42231031807369
1128,45.08,0.98,1,0.018,0.286,0.037,-0.024,-0.054,0.0,0.0,0.0,0.0,0.0,1.97,0.0,0.0,0.05,0.0,0.43,0.93,0.04,0.0,0.0,0.37,0.0,0.0,0.0,0.0,0.0,0.0,0.0,0.0,0.0,0.0,1.0,0.0,1.0,0.0,0.0,0.0,0.0,0.0,0.0,0.2064240643172072,21.439449619801433,22.32711356176606
1129,45.12,0.98,1,0.025,0.297,0.051,-0.012,-0.062,0.0,0.0,0.0,0.0,0.0,2.0,0.0,0.0,0.01,0.0,0.39,0.96,0.04,0.0,0.0,0.35,0.0,0.0,0.0,0.0,0.0,0.0,0.0,0.0,0.0,0.0,1.0,0.0,1.0,0.0,0.0,0.0,0.0,0.0,0.0,0.20633984696583513,20.462648899885952,22.42231031807392
1130,45.16,0.98,1,0.023,0.292,0.042,-0.011,-0.061,0.0,0.0,0.0,0.0,0.0,1.94,0.0,0.0,0.05,0.0,0.29,0.89,0.02,0.04,0.0,0.3,0.0,0.0,0.0,0.0,0.0,0.0,0.0,0.0,0.0,0.0,1.0,0.0,1.0,0.0,0.0,0.0,0.0,0.0,0.0,0.20038646753628586,21.040199618824918,22.14429949219451
1131,45.2,0.98,1,0.019,0.28,0.037,-0.02,-0.051,0.0,0.0,0.0,0.0,0.0,1.97,0.01,0.0,0.08,0.0,0.29,0.89,0.04,0.06,0.0,0.33,0.0,0.0,0.0,0.0,0.0,0.0,0.0,0.0,0.0,0.0,1.0,0.0,1.0,0.0,0.0,0.0,0.0,0.0,0.0,0.18673039127105673,21.80825531765455,22.826519664635644
1132,45.24,0.98,1,0.01,0.27,0.048,-0.007,-0.059,0.0,0.0,0.0,0.0,0.0,1.88,0.01,0.0,0.1,0.0,0.31,0.84,0.12,0.09,0.02,0.42,0.0,0.0,0.0,0.0,0.0,0.0,0.0,0.0,0.0,0.0,1.0,0.0,1.0,0.0,0.0,0.0,0.0,0.0,0.0,0.20833382817969326,21.31501817967787,22.72663635472707
1133,45.28,0.98,1,-0.058,0.265,0.038,-0.022,-0.051,0.0,0.0,0.0,0.05,0.0,1.97,0.07,0.0,0.11,0.0,0.4,0.89,0.11,0.04,0.02,0.48,0.0,0.0,0.0,0.0,0.0,0.0,1.0,0.0,0.0,0.0,1.0,0.0,1.0,0.0,0.0,0.0,0.0,0.0,0.0,0.20869542157313387,20.400245096566717,17.84740877550572
1134,45.32,0.98,1,-0.093,0.267,0.043,-0.016,-0.06,0.0,0.0,0.0,0.07,0.0,1.9,0.1,0.0,0.13,0.0,0.45,0.91,0.08,0.03,0.02,0.39,0.0,0.0,0.0,0.0,0.0,0.0,1.0,0.0,0.0,0.0,1.0,0.0,1.0,0.0,0.0,0.0,0.0,0.0,0.0,0.21150811365195055,17.318487231857134,18.944656238633495
1135,45.36,0.98,1,-0.115,0.274,0.045,-0.007,-0.063,0.0,0.0,0.0,0.09,0.0,1.9,0.1,0.0,0.13,0.0,0.36,1.06,0.0,0.07,0.03,0.3,0.0,0.0,0.0,0.0,0.0,0.0,1.0,0.0,0.0,0.0,1.0,0.0,1.0,0.0,0.0,0.0,0.0,0.0,0.0,0.2229012210657758,17.822738285684565,19.536888186197928
1136,45.4,0.98,1,-0.134,0.254,0.047,-0.022,-0.038,0.0,0.0,0.0,0.21,0.0,1.89,0.05,0.0,0.14,0.0,0.23,1.02,0.0,0.11,0.03,0.33,0.0,0.0,0.0,0.0,0.0,0.0,1.0,0.0,0.0,0.0,1.0,0.0,1.0,0.0,0.0,0.0,0.0,0.0,0.0,0.24789581731857346,17.722866585290358,20.229928324143952
1137,45.44,0.98,1,-0.14,0.28,0.046,-0.011,-0.049,0.0,0.0,0.0,0.24,0.0,1.58,0.0,0.0,0.17,0.0,0.17,0.96,0.0,0.21,0.03,0.42,0.0,0.0,0.0,0.0,0.0,0.0,1.0,0.0,0.0,0.0,1.0,0.0,1.0,0.0,0.0,0.0,0.0,0.0,0.0,0.22068684242728542,17.81796845883386,20.441379601191166
1138,45.48,0.98,1,-0.134,0.245,0.045,-0.021,-0.044,0.0,0.0,0.0,0.24,0.0,1.61,0.05,0.0,0.2,0.0,0.18,0.75,0.0,0.14,0.0,0.42,0.0,0.0,0.0,0.0,0.0,0.0,1.0,0.0,0.0,0.0,1.0,0.0,1.0,0.0,0.0,0.0,0.0,0.0,0.0,0.2596091905339849,17.93376703316967,21.53346233191495
1139,45.52,0.98,1,-0.148,0.256,0.055,-0.005,-0.056,0.0,0.0,0.0,0.19,0.0,1.57,0.05,0.0,0.17,0.0,0.17,0.75,0.0,0.18,0.0,0.39,0.0,0.0,0.0,0.0,1.0,0.0,1.0,0.0,0.0,0.0,1.0,0.0,1.0,0.0,0.0,0.0,0.0,0.0,0.0,0.24214375070394709,17.707060738586787,20.81537893001225
1140,45.56,0.98,1,-0.147,0.251,0.057,-0.019,-0.036,0.0,0.0,0.0,0.31,0.0,1.9,0.05,0.0,0.15,0.0,0.07,0.84,0.0,0.17,0.0,0.28,0.0,0.0,0.0,0.0,1.0,0.0,0.0,0.0,0.0,0.0,1.0,0.0,1.0,0.0,0.0,0.0,0.0,0.0,0.0,0.26558074580529517,17.41838109584249,20.711832367030986
1141,45.6,0.98,1,-0.15,0.268,0.057,-0.008,-0.048,0.0,0.0,0.0,0.49,0.0,1.73,0.0,0.0,0.14,0.0,0.06,0.92,0.0,0.3,0.0,0.29,0.0,0.0,0.0,0.0,1.0,0.0,0.0,0.0,0.0,0.0,1.0,0.0,1.0,0.0,0.0,0.0,0.0,0.0,0.0,0.24114535255191324,17.80702108720036,21.31501817967787
1142,45.64,0.98,1,-0.141,0.235,0.053,-0.019,-0.047,0.01,0.0,0.0,0.49,0.0,1.73,0.0,0.0,0.13,0.0,0.09,0.93,0.0,0.26,0.0,0.14,0.0,0.0,0.0,0.0,0.0,0.0,0.0,0.0,0.0,0.0,1.0,0.0,1.0,0.0,0.0,0.0,0.0,0.0,0.0,0.2753876187477195,17.640861656960087,23.021728866442675
1143,45.68,0.98,1,-0.152,0.264,0.057,-0.003,-0.054,0.01,0.0,0.0,0.37,0.0,1.53,0.0,0.0,0.08,0.0,0.13,0.92,0.0,0.26,0.0,0.1,0.0,0.0,0.0,0.0,0.0,0.0,0.0,0.0,0.0,0.0,1.0,0.0,1.0,0.0,0.0,0.0,0.0,0.0,0.0,0.24365177668915788,17.513994404475525,22.200900882621905
1144,45.72,0.98,1,-0.148,0.241,0.061,-0.016,-0.038,0.01,0.0,0.0,0.38,0.0,1.63,0.0,0.0,0.08,0.0,0.13,0.97,0.0,0.19,0.0,0.01,0.0,0.0,0.0,0.0,0.0,0.0,0.0,0.0,0.0,0.0,1.0,0.0,1.0,0.0,0.0,0.0,0.0,0.0,0.0,0.25849125601622525,17.02380685980665,22.200225224082796
1145,45.76,0.98,1,-0.156,0.267,0.06,-0.007,-0.047,0.0,0.0,0.0,0.37,0.0,1.42,0.0,0.0,0.08,0.0,0.14,0.97,0.07,0.26,0.0,0.16,0.0,0.0,0.0,0.0,0.0,0.0,0.0,0.0,0.0,0.0,1.0,0.0,1.0,0.0,0.0,0.0,0.0,0.0,0.0,0.24261395500943966,17.510282693320516,22.200225224082796
1146,45.8,0.98,1,-0.159,0.235,0.058,-0.017,-0.031,0.0,0.0,0.0,0.58,0.0,1.56,0.0,0.0,0.12,0.0,0.1,0.99,0.07,0.22,0.0,0.16,0.0,0.0,0.0,0.0,0.0,0.0,0.0,0.0,0.0,0.0,1.0,0.0,1.0,0.0,0.0,0.0,0.0,0.0,0.0,0.270378234757092,17.518276170902208,23.600000000000136
1147,45.84,0.98,1,-0.151,0.256,0.058,-0.009,-0.045,0.0,0.0,0.0,0.47,0.0,1.32,0.0,0.0,0.1,0.0,0.13,1.02,0.07,0.29,0.01,0.34,0.0,0.0,0.0,0.0,0.0,0.0,0.0,0.0,0.0,0.0,1.0,0.0,1.0,0.0,0.0,0.0,0.0,0.0,0.0,0.24755554068691651,17.710166571774575,22.200225224082796
1148,45.88,0.98,1,-0.152,0.239,0.055,-0.019,-0.027,0.0,0.0,0.0,0.51,0.0,1.52,0.0,0.0,0.11,0.0,0.08,1.04,0.0,0.25,0.01,0.2,0.0,0.0,0.0,0.0,0.0,0.0,0.0,0.0,0.0,0.0,1.0,0.0,1.0,0.0,0.0,0.0,0.0,0.0,0.0,0.2655659663437496,17.613914953808447,22.20022522408257
1149,45.92,0.98,1,-0.152,0.255,0.061,-0.009,-0.043,0.0,0.0,0.0,0.26,0.0,1.36,0.0,0.0,0.1,0.0,0.13,0.96,0.05,0.31,0.01,0.28,0.0,0.0,0.0,0.0,0.0,0.0,0.0,0.0,0.0,0.0,1.0,0.0,1.0,0.0,0.0,0.0,0.0,0.0,0.0,0.24509043015713772,17.810109488714502,22.60022123785508
1150,45.96,0.98,1,-0.116,0.252,0.053,-0.018,-0.04,0.35,0.0,0.0,0.15,0.0,1.27,0.04,0.0,0.13,0.09,0.12,0.87,0.08,0.18,0.0,0.13,0.42,0.0,0.0,0.0,0.0,0.0,0.0,0.0,0.0,0.0,1.0,0.0,1.0,0.0,0.0,0.0,0.0,0.0,0.0,0.25213248508050085,19.80126258600703,21.439449619801433
1151,46.0,0.98,1,0.0,0.419,0.062,-0.011,-0.048,0.66,0.0,0.0,0.0,0.0,0.72,0.04,0.0,0.15,0.16,0.2,0.74,0.19,0.11,0.0,0.11,1.05,0.0,0.0,0.0,0.0,0.0,0.0,0.0,0.0,0.0,1.0,0.0,1.0,0.0,0.0,0.0,0.0,0.0,1.0,0.1838688374355534,16.419500601419124,19.845654436173216
1152,46.04,0.93,1,-0.021,0.453,0.068,-0.003,-0.049,0.7,0.0,0.0,0.0,0.0,0.26,0.07,0.0,0.12,0.22,0.26,0.78,0.13,0.0,0.0,0.03,1.66,0.0,0.0,0.0,0.0,0.0,0.0,0.0,0.0,0.0,1.0,0.0,1.0,0.0,0.0,0.0,0.0,0.0,1.0,0.16049775076524925,19.85673689204745,19.944924166313545
1153,46.08,0.98,1,-0.028,0.408,0.047,-0.019,-0.036,0.4,0.0,0.0,0.0,0.0,0.51,0.1,0.0,0.06,0.13,0.27,0.82,0.11,0.0,0.0,0.0,1.41,0.0,0.0,0.0,0.0,0.0,0.0,0.0,0.0,0.0,1.0,0.0,1.0,0.0,0.0,0.0,0.0,0.0,1.0,0.17616250093960817,16.501212076693033,19.166898549321864
1154,46.12,0.98,1,-0.061,0.367,0.068,-0.001,-0.053,0.09,0.0,0.0,0.0,0.0,0.92,0.1,0.0,0.05,0.09,0.32,0.97,0.0,0.0,0.0,0.03,0.97,0.0,0.0,0.0,0.0,0.0,0.0,0.0,0.0,0.0,1.0,0.0,1.0,0.0,0.0,0.0,0.0,0.0,1.0,0.18163961688242886,18.013605968822567,19.565530915362356
1155,46.16,0.98,1,-0.085,0.308,0.05,-0.024,-0.038,0.05,0.0,0.0,0.0,0.0,1.44,0.13,0.0,0.07,0.03,0.28,0.98,0.0,0.0,0.0,0.03,0.63,0.0,0.0,0.0,0.0,0.0,0.0,0.0,0.0,0.0,1.0,0.0,1.0,0.0,0.0,0.0,0.0,0.0,1.0,0.2058787623900863,17.5025712396779,18.353473785635202
1156,46.2,0.98,1,-0.085,0.31,0.061,-0.01,-0.049,0.0,0.0,0.0,0.0,0.0,1.38,0.08,0.0,0.12,0.03,0.26,0.99,0.0,0.06,0.0,0.11,0.57,0.0,0.0,0.0,0.0,0.0,0.0,0.0,0.0,0.0,1.0,0.0,1.0,0.0,0.0,0.0,0.0,0.0,0.0,0.18698639077573265,18.5097271724896,18.227451824103163
1157,46.24,0.98,1,-0.086,0.296,0.059,-0.013,-0.043,0.0,0.0,0.0,0.0,0.0,1.51,0.13,0.0,0.14,0.0,0.13,0.86,0.0,0.06,0.0,0.16,0.38,0.0,0.0,0.0,0.0,0.0,0.0,0.0,0.0,0.0,1.0,0.0,1.0,0.0,0.0,0.0,0.0,0.0,0.0,0.19202652887315858,20.120139164528794,18.745132701584208
1158,46.28,0.98,1,-0.116,0.28,0.064,-0.005,-0.052,0.0,0.0,0.0,0.0,0.0,1.62,0.08,0.0,0.25,0.0,0.14,0.82,0.0,0.18,0.0,0.3,0.12,0.0,0.0,0.0,0.0,0.0,0.0,0.0,0.0,0.0,1.0,0.0,1.0,0.0,0.0,0.0,0.0,0.0,0.0,0.22291384140394432,23.60084744241203,18.11767093199358
1159,46.32,0.98,1,-0.055,0.303,0.068,-0.011,-0.041,0.03,0.0,0.0,0.0,0.0,1.86,0.12,0.0,0.33,0.0,0.18,0.74,0.05,0.14,0.05,0.27,0.0,0.0,0.0,0.0,0.0,0.0,0.0,0.0,0.0,0.0,1.0,0.0,1.0,0.0,0.0,0.0,0.0,0.0,0.0,0.19927672415756084,19.704060495238075,18.346116755324505
1160,46.36,0.98,1,-0.014,0.304,0.083,-0.008,-0.051,0.03,0.0,0.0,0.0,0.0,1.87,0.07,0.0,0.4,0.01,0.19,0.81,0.05,0.14,0.05,0.23,0.0,0.0,0.0,0.0,0.0,0.0,0.0,0.0,0.0,0.0,1.0,0.0,1.0,0.0,0.0,0.0,0.0,0.0,0.0,0.23070241014814752,20.700241544484268,21.108529081866546
1161,46.4,0.98,1,-0.016,0.292,0.065,-0.011,-0.045,0.03,0.0,0.0,0.0,0.0,1.89,0.1,0.0,0.41,0.01,0.23,0.77,0.13,0.02,0.05,0.12,0.0,0.0,0.0,0.0,0.0,0.0,1.0,0.0,0.0,0.0,1.0,0.0,1.0,0.0,0.0,0.0,0.0,0.0,0.0,0.2295836690522627,21.215088969881837,21.602083232873767
1162,46.44,0.98,1,-0.02,0.32,0.075,-0.012,-0.046,0.0,0.0,0.0,0.0,0.0,1.75,0.05,0.0,0.42,0.01,0.19,0.81,0.09,0.02,0.0,0.09,0.0,0.0,0.0,0.0,0.0,0.0,1.0,0.0,0.0,0.0,1.0,0.0,1.0,0.0,0.0,0.0,0.0,0.0,0.0,0.21142782291022302,21.019276866724034,21.800229356591597
1163,46.48,0.98,1,0.002,0.294,0.059,-0.013,-0.046,0.0,0.0,0.0,0.0,0.0,1.81,0.05,0.0,0.43,0.0,0.23,0.75,0.09,0.02,0.02,0.12,0.0,0.0,0.0,0.0,0.0,0.0,0.0,0.0,0.0,0.0,1.0,0.0,1.0,0.0,0.0,0.0,0.0,0.0,0.0,0.2221702057551254,21.758906222510404,23.000869548780106
1164,46.52,0.98,1,0.002,0.319,0.075,-0.016,-0.048,0.0,0.0,0.0,0.0,0.0,1.7,0.0,0.0,0.44,0.0,0.13,0.8,0.01,0.03,0.02,0.12,0.0,0.0,0.0,0.0,0.0,0.0,1.0,0.0,0.0,0.0,1.0,0.0,1.0,0.0,0.0,0.0,0.0,0.0,0.0,0.22574335445109184,22.264994947226054,22.80197359879179
1165,46.56,0.98,1,0.001,0.305,0.061,-0.017,-0.045,0.0,0.0,0.0,0.0,0.0,1.73,0.03,0.0,0.44,0.0,0.07,0.79,0.01,0.01,0.02,0.09,0.0,0.0,0.0,0.0,0.0,0.0,1.0,0.0,0.0,0.0,1.0,0.0,1.0,0.0,0.0,0.0,0.0,0.0,0.0,0.22019943476735857,22.00045454075901,22.70022026324837
1166,46.6,0.98,1,-0.0,0.318,0.074,-0.016,-0.049,0.0,0.0,0.0,0.0,0.0,1.69,0.06,0.0,0.44,0.0,0.05,0.85,0.01,0.01,0.03,0.03,0.0,0.0,0.0,0.0,0.0,0.0,1.0,0.0,0.0,0.0,1.0,0.0,1.0,0.0,0.0,0.0,0.0,0.0,0.0,0.2169899205424094,22.090722034374522,23.200862052949713
1167,46.64,0.98,1,-0.002,0.291,0.06,-0.015,-0.047,0.0,0.0,0.0,0.0,0.0,1.83,0.06,0.0,0.41,0.0,0.06,0.9,0.0,0.01,0.03,0.03,0.0,0.0,0.0,0.0,0.0,0.0,1.0,0.0,0.0,0.0,1.0,0.0,1.0,0.0,0.0,0.0,0.0,0.0,0.0,0.21022915387896318,21.811235636708027,23.500851048419502
1168,46.68,0.98,1,-0.005,0.315,0.08,-0.014,-0.051,0.0,0.0,0.0,0.0,0.0,1.8,0.07,0.0,0.42,0.0,0.06,0.93,0.0,0.01,0.03,0.07,0.0,0.0,0.0,0.0,0.0,0.0,1.0,0.0,0.0,0.0,1.0,0.0,1.0,0.0,0.0,0.0,0.0,0.0,0.0,0.2117249036475502,21.732924331529706,23.200215516240405
1169,46.72,0.98,1,-0.002,0.3,0.062,-0.015,-0.048,0.0,0.0,0.0,0.03,0.0,1.86,0.09,0.0,0.38,0.0,0.08,0.9,0.0,0.01,0.0,0.09,0.0,0.0,0.0,0.0,0.0,0.0,1.0,0.0,0.0,0.0,1.0,0.0,1.0,0.0,0.0,0.0,0.0,0.0,0.0,0.209335746013268,22.209232314512725,23.30193125043497
1170,46.76,0.98,1,-0.007,0.306,0.073,-0.013,-0.053,0.0,0.0,0.0,0.04,0.0,1.8,0.08,0.0,0.34,0.0,0.05,0.82,0.0,0.0,0.0,0.06,0.0,0.0,0.0,0.0,0.0,0.0,1.0,0.0,0.0,0.0,1.0,0.0,1.0,0.0,0.0,0.0,0.0,0.0,0.0,0.2281803483280744,22.199549544979423,23.000217390276987
1171,46.8,0.98,1,-0.006,0.285,0.065,-0.012,-0.052,0.0,0.0,0.0,0.04,0.0,1.8,0.05,0.0,0.3,0.0,0.05,0.82,0.0,0.0,0.01,0.02,0.0,0.0,0.0,0.0,0.0,0.0,1.0,0.0,0.0,0.0,1.0,0.0,1.0,0.0,0.0,0.0,0.0,0.0,0.0,0.2244610905781233,21.867327225795158,23.303433223454388
1172,46.84,0.98,1,-0.007,0.298,0.071,-0.012,-0.055,0.0,0.0,0.0,0.06,0.0,1.72,0.0,0.0,0.27,0.09,0.09,0.85,0.0,0.0,0.01,0.0,0.0,0.0,0.0,0.0,0.0,0.0,1.0,0.0,0.0,0.0,1.0,0.0,1.0,0.0,0.0,0.0,0.0,0.0,0.0,0.2232286243887276,22.24095321698254,23.403418553707155
1173,46.88,0.98,1,-0.005,0.29,0.061,-0.013,-0.063,0.0,0.0,0.0,0.05,0.0,1.61,0.0,0.0,0.26,0.14,0.1,0.92,0.0,0.0,0.01,0.0,0.0,0.0,0.0,0.0,0.0,0.0,1.0,0.0,0.0,0.0,1.0,0.0,1.0,0.0,0.0,0.0,0.0,0.0,0.0,0.23119957335360491,22.607299706068396,23.413671220037102
1174,46.92,0.98,1,0.002,0.295,0.069,-0.014,-0.053,0.0,0.0,0.0,0.05,0.0,1.58,0.0,0.0,0.24,0.33,0.14,0.91,0.06,0.0,0.0,0.0,0.0,0.0,0.0,0.0,0.0,0.0,1.0,0.0,0.0,0.0,1.0,0.0,0.0,0.0,0.0,0.0,0.0,0.0,0.0,0.2332249806538842,22.6614209616255,23.30772404161328
1175,46.96,0.98,1,0.001,0.297,0.068,-0.014,-0.064,0.0,0.0,0.0,0.02,0.0,1.67,0.0,0.03,0.31,0.37,0.22,0.84,0.06,0.0,0.0,0.0,0.0,0.0,0.0,0.0,0.0,0.0,1.0,0.0,0.0,0.0,1.0,0.0,1.0,0.0,0.0,0.0,0.0,0.0,0.0,0.23568501268609404,22.57188516717201,23.521266972678152
1176,47.0,0.98,1,0.003,0.29,0.067,-0.013,-0.069,0.0,0.0,0.0,0.01,0.0,1.82,0.04,0.03,0.34,0.33,0.32,0.73,0.06,0.0,0.0,0.0,0.0,0.0,0.0,0.0,0.0,0.0,1.0,0.0,0.0,0.0,1.0,0.0,1.0,0.0,0.0,0.0,0.0,0.0,0.0,0.24419725244540497,22.408257406590057,23.001956438529312
1177,47.04,0.98,1,0.007,0.292,0.067,-0.014,-0.068,0.0,0.0,0.0,0.07,0.0,1.98,0.04,0.03,0.36,0.19,0.44,0.7,0.0,0.02,0.0,0.0,0.0,0.0,0.0,0.0,0.0,0.0,1.0,0.0,0.0,0.0,1.0,0.0,0.0,0.0,0.0,0.0,0.0,0.0,0.0,0.24694096741630955,22.109726366465953,22.805481797146886
1178,47.08,0.98,1,-0.001,0.285,0.062,-0.011,-0.07,0.0,0.0,0.0,0.05,0.0,1.94,0.04,0.01,0.33,0.1,0.27,0.66,0.0,0.03,0.0,0.0,0.0,0.0,0.0,0.0,0.0,0.0,1.0,0.0,0.0,0.0,1.0,0.0,0.0,0.0,0.0,0.0,0.0,0.0,0.0,0.2492170073584205,22.209232314512725,23.205387305537524
1179,47.12,0.98,1,-0.008,0.268,0.044,-0.009,-0.068,0.0,0.0,0.0,0.05,0.0,1.98,0.0,0.0,0.37,0.18,0.27,0.64,0.0,0.04,0.0,0.0,0.0,0.0,0.0,0.0,0.0,0.0,1.0,0.0,0.0,0.0,1.0,0.0,0.0,0.0,0.0,0.0,0.0,0.0,0.0,0.24783947896849007,22.50777643393509,22.805481797146886
1180,47.16,0.98,1,-0.051,0.287,0.058,-0.009,-0.068,0.0,0.0,0.0,0.16,0.0,1.9,0.0,0.0,0.37,0.19,0.23,0.59,0.0,0.05,0.0,0.0,0.0,0.0,0.0,0.0,0.0,0.0,1.0,0.0,0.0,0.0,1.0,0.0,0.0,0.0,0.0,0.0,0.0,0.0,0.0,0.23227043986412765,18.333030300525834,21.103791128609952
1181,47.2,0.98,1,-0.054,0.272,0.058,-0.014,-0.07,0.0,0.0,0.0,0.22,0.0,1.96,0.0,0.0,0.37,0.25,0.23,0.66,0.0,0.08,0.0,0.0,0.0,0.0,0.0,0.0,0.0,0.0,1.0,0.0,0.0,0.0,1.0,0.0,0.0,0.0,0.0,0.0,0.0,0.0,0.0,0.25798700384337825,18.745132701584215,20.10397970552113
1182,47.24,0.98,1,-0.047,0.273,0.045,-0.01,-0.068,0.0,0.0,0.0,0.22,0.0,1.82,0.07,0.0,0.33,0.22,0.16,0.77,0.0,0.07,0.0,0.0,0.33,0.0,0.0,0.0,0.0,0.0,1.0,0.0,0.0,0.0,1.0,0.0,0.0,0.0,0.0,0.0,0.0,0.0,0.0,0.24625275050406537,19.443507913954072,20.30615670184802
1183,47.28,0.98,1,-0.053,0.305,0.048,-0.014,-0.056,0.2,0.0,0.0,0.06,0.0,1.21,0.07,0.01,0.35,0.28,0.15,0.72,0.12,0.04,0.0,0.0,1.21,0.0,0.0,0.0,0.0,0.0,1.0,0.0,0.0,0.0,1.0,0.0,0.0,0.0,0.0,0.0,0.0,0.0,1.0,0.19279376413498095,17.80702108720036,18.867962264113164
1184,47.32,0.98,1,0.007,0.427,0.042,-0.021,-0.055,0.37,0.0,0.0,0.0,0.0,0.74,0.1,0.01,0.36,0.24,0.31,0.65,0.12,0.0,0.0,0.0,1.89,0.0,0.0,0.0,0.0,0.0,0.0,0.0,0.0,0.0,1.0,0.0,0.0,0.0,0.0,0.0,0.0,0.0,1.0,0.1717994098400616,15.945218719101842,19.990497742677732
1185,47.36,0.98,1,-0.021,0.429,0.052,-0.017,-0.05,0.37,0.0,0.0,0.0,0.0,0.54,0.05,0.01,0.3,0.24,0.33,0.6,0.12,0.0,0.0,0.0,2.17,0.0,0.0,0.0,0.0,0.0,0.0,0.0,0.0,0.0,1.0,0.0,1.0,0.0,0.0,0.0,0.0,0.0,1.0,0.1699686098467852,16.23083485221883,19.1049731745428
1186,47.4,0.98,1,-0.037,0.375,0.039,-0.013,-0.045,0.16,0.0,0.0,0.0,0.0,1.01,0.1,0.0,0.27,0.13,0.26,0.72,0.04,0.0,0.0,0.01,1.63,0.0,0.0,0.0,0.0,0.0,0.0,0.0,0.0,0.0,1.0,0.0,1.0,0.0,0.0,0.0,0.0,0.0,1.0,0.16537886773132837,16.410971939528842,18.768324379123506
1187,47.44,0.98,1,-0.086,0.331,0.046,-0.015,-0.045,0.0,0.0,0.0,0.05,0.0,1.3,0.16,0.0,0.23,0.06,0.17,0.88,0.13,0.0,0.0,0.05,1.08,0.0,0.0,0.0,0.0,0.0,0.0,0.0,0.0,0.0,1.0,0.0,1.0,0.0,0.0,0.0,0.0,0.0,1.0,0.18983292011918285,16.71077496706845,18.97630100941685
1188,47.48,0.98,1,-0.082,0.304,0.064,-0.015,-0.049,0.0,0.0,0.0,0.05,0.0,1.4,0.14,0.0,0.23,0.01,0.13,0.99,0.13,0.02,0.0,0.09,0.51,0.0,0.0,0.0,0.0,0.0,0.0,0.0,0.0,0.0,1.0,0.0,1.0,0.0,0.0,0.0,0.0,0.0,1.0,0.19210023708115287,19.416487838947464,18.179658962697747
1189,47.52,0.98,1,-0.105,0.288,0.05,-0.014,-0.045,0.0,0.0,0.0,0.05,0.0,1.47,0.09,0.0,0.24,0.0,0.08,1.02,0.09,0.06,0.0,0.08,0.17,0.0,0.0,0.0,0.0,0.0,0.0,0.0,0.0,0.0,1.0,0.0,1.0,0.0,0.0,0.0,0.0,0.0,0.0,0.2140816930991902,19.409276132818647,18.931983519959115
1190,47.56,0.98,1,-0.108,0.299,0.058,-0.014,-0.047,0.0,0.0,0.0,0.0,0.0,1.58,0.04,0.0,0.26,0.0,0.02,1.04,0.0,0.07,0.0,0.04,0.04,0.0,0.0,0.0,0.0,0.0,0.0,0.0,0.0,0.0,1.0,0.0,1.0,0.0,0.0,0.0,0.0,0.0,0.0,0.22124462824901314,19.0168346472277,18.652613757862596
1191,47.6,0.98,1,-0.105,0.293,0.061,-0.014,-0.047,0.0,0.0,0.0,0.08,0.0,1.63,0.04,0.0,0.27,0.05,0.2,1.01,0.08,0.08,0.0,0.0,0.0,0.0,0.0,0.0,0.0,0.0,0.0,0.0,0.0,0.0,1.0,0.0,1.0,0.0,0.0,0.0,0.0,0.0,0.0,0.22760930615785238,17.404597093871583,18.333030300525834
1192,47.64,0.98,1,-0.126,0.256,0.056,-0.009,-0.061,0.0,0.0,0.0,0.15,0.0,1.53,0.05,0.0,0.28,0.06,0.32,0.98,0.12,0.08,0.0,0.0,0.0,0.0,0.0,0.0,0.0,0.0,0.0,0.0,0.0,0.0,1.0,0.0,1.0,0.0,0.0,0.0,0.0,0.0,0.0,0.2387320462401627,18.621761463406102,20.135789033459712
1193,47.68,0.98,1,-0.115,0.258,0.057,-0.01,-0.066,0.02,0.0,0.0,0.23,0.0,1.52,0.11,0.0,0.24,0.06,0.4,0.9,0.12,0.1,0.0,0.05,0.0,0.0,0.0,0.0,0.0,0.0,0.0,0.0,0.0,0.0,1.0,0.0,1.0,0.0,0.0,0.0,0.0,0.0,0.0,0.2503775897304965,18.30682932678399,19.41648783894769
1194,47.72,0.98,1,-0.108,0.305,0.073,-0.012,-0.057,0.02,0.0,0.0,0.15,0.0,1.57,0.11,0.0,0.27,0.02,0.2,0.8,0.11,0.09,0.0,0.05,0.0,0.0,0.0,0.0,0.0,0.0,0.0,0.0,0.0,0.0,1.0,0.0,1.0,0.0,0.0,0.0,0.0,0.0,0.0,0.23338942367213122,17.202616080119952,18.538878067455972
1195,47.76,0.98,1,-0.102,0.268,0.05,-0.015,-0.048,0.02,0.0,0.0,0.08,0.0,1.66,0.09,0.0,0.26,0.0,0.09,0.85,0.07,0.09,0.0,0.05,0.0,0.0,0.0,0.0,0.0,0.0,0.0,0.0,0.0,0.0,1.0,0.0,1.0,0.0,0.0,0.0,0.0,0.0,0.0,0.243981583398247,18.609674903124898,18.022485955050712
1196,47.8,0.98,1,-0.108,0.286,0.061,-0.01,-0.052,0.0,0.0,0.0,0.04,0.0,1.63,0.0,0.0,0.31,0.01,0.04,0.95,0.07,0.12,0.0,0.0,0.0,0.0,0.0,0.0,0.0,0.0,0.0,0.0,0.0,0.0,1.0,0.0,1.0,0.0,0.0,0.0,0.0,0.0,0.0,0.23684072291340857,17.70254219031836,18.7130970178643
1197,47.84,0.98,1,-0.116,0.287,0.06,-0.011,-0.048,0.0,0.0,0.0,0.15,0.0,1.73,0.05,0.0,0.28,0.01,0.07,1.07,0.0,0.12,0.0,0.0,0.0,0.0,0.0,0.0,0.0,0.0,0.0,0.0,0.0,0.0,1.0,0.0,1.0,0.0,0.0,0.0,0.0,0.0,0.0,0.23446542556536204,18.10441934998184,18.71710447692168
1198,47.88,0.98,1,-0.112,0.294,0.064,-0.013,-0.049,0.0,0.0,0.0,0.28,0.0,1.73,0.12,0.0,0.29,0.01,0.08,1.01,0.07,0.13,0.0,0.0,0.01,0.0,0.0,0.0,0.0,0.0,0.0,0.0,0.0,0.0,1.0,0.0,1.0,0.0,0.0,0.0,0.0,0.0,0.0,0.23719146819365866,18.60671921645525,18.617196351760292
1199,47.92,0.98,1,-0.122,0.289,0.064,-0.014,-0.046,0.0,0.0,0.0,0.32,0.0,1.85,0.2,0.0,0.26,0.0,0.04,0.94,0.14,0.06,0.0,0.0,0.01,0.0,0.0,0.0,0.0,0.0,0.0,0.0,0.0,0.0,1.0,0.0,1.0,1.0,0.0,0.0,0.0,0.0,0.0,0.24045775713592152,18.20439507371782,18.217573932881447
1200,47.96,0.98,1,-0.118,0.292,0.065,-0.014,-0.045,0.0,0.0,0.0,0.2,0.0,1.88,0.16,0.0,0.24,0.0,0.06,0.92,0.35,0.12,0.0,0.0,0.01,0.0,0.0,0.0,0.0,0.0,0.0,0.0,0.0,0.0,1.0,0.0,1.0,1.0,0.0,0.0,0.0,0.0,0.0,0.23657512144641743,18.002499826412997,18.10994202088998
1201,48.0,0.98,1,-0.116,0.296,0.069,-0.015,-0.044,0.0,0.0,0.0,0.08,0.0,1.96,0.11,0.0,0.22,0.0,0.09,0.94,0.42,0.17,0.0,0.0,0.0,0.0,0.0,0.0,0.0,0.0,1.0,0.0,0.0,0.0,1.0,0.0,1.0,1.0,0.0,0.0,0.0,0.0,0.0,0.23234144660398173,17.80449381476481,18.717104476921456
1202,48.04,0.98,1,-0.115,0.29,0.062,-0.014,-0.046,0.0,0.0,0.0,0.0,0.0,1.97,0.05,0.0,0.2,0.04,0.11,1.01,0.54,0.25,0.0,0.0,0.0,0.0,0.0,0.0,0.0,0.0,1.0,0.0,0.0,0.0,1.0,0.0,1.0,1.0,0.0,0.0,0.0,0.0,0.0,0.22992492237782836,18.527007313648905,17.72822608159095
1203,48.08,0.98,1,-0.115,0.293,0.069,-0.013,-0.045,0.0,0.0,0.0,0.0,0.0,1.91,0.04,0.0,0.21,0.04,0.1,1.06,0.54,0.27,0.0,0.0,0.0,0.0,0.0,0.0,0.0,0.0,1.0,0.0,0.0,0.0,1.0,0.0,1.0,1.0,0.0,0.0,0.0,0.0,0.0,0.2226995552637297,18.527007313648905,18.51323850653904
1204,48.12,0.98,1,-0.112,0.292,0.061,-0.013,-0.044,0.0,0.0,0.0,0.0,0.0,1.9,0.03,0.0,0.19,0.04,0.07,1.14,0.6,0.27,0.0,0.0,0.0,0.0,0.0,0.0,0.0,0.0,1.0,0.0,0.0,0.0,1.0,0.0,1.0,1.0,0.0,0.0,0.0,0.0,0.0,0.22007722070748376,18.12760326132489,18.022485955050705
1205,48.16,0.98,1,-0.117,0.288,0.064,-0.013,-0.044,0.0,0.0,0.0,0.0,0.0,1.88,0.08,0.0,0.19,0.0,0.08,1.13,0.58,0.26,0.0,0.0,0.0,0.0,0.0,0.0,0.0,0.0,1.0,0.0,0.0,0.0,1.0,0.0,1.0,1.0,0.0,0.0,0.0,0.0,0.0,0.22419258199242365,18.421997720117204,18.21757393288145
1206,48.2,0.98,1,-0.099,0.297,0.062,-0.015,-0.043,0.0,0.0,0.0,0.0,0.0,1.95,0.08,0.0,0.2,0.07,0.15,1.04,0.45,0.22,0.0,0.0,0.02,0.0,0.0,0.0,0.0,0.0,1.0,0.0,0.0,0.0,1.0,0.0,1.0,1.0,0.0,0.0,0.0,0.0,0.0,0.21163722861563983,22.302017845925917,18.409780009549362
1207,48.24,0.98,1,-0.039,0.259,0.034,-0.01,-0.047,0.0,0.0,0.0,0.0,0.0,2.07,0.07,0.0,0.24,0.18,0.21,1.02,0.38,0.2,0.0,0.0,0.02,0.0,0.0,0.0,0.0,0.0,1.0,0.0,0.0,0.0,1.0,0.0,1.0,1.0,0.0,0.0,0.0,0.0,0.0,0.1960070410545262,19.902261178067043,17.60710084028591
1208,48.28,0.98,1,-0.039,0.269,0.045,-0.009,-0.057,0.0,0.0,0.0,0.0,0.0,2.04,0.0,0.0,0.26,0.24,0.28,0.93,0.32,0.3,0.0,0.0,0.02,0.0,0.0,0.0,0.0,0.0,1.0,0.0,0.0,0.0,1.0,0.0,1.0,1.0,0.0,0.0,0.0,0.0,0.0,0.19531123238428783,20.10099500024803,19.106543381784068
1209,48.32,0.98,1,-0.039,0.254,0.052,-0.011,-0.056,0.0,0.0,0.0,0.04,0.0,2.05,0.0,0.0,0.27,0.31,0.27,1.0,0.37,0.34,0.0,0.0,0.0,0.0,0.0,0.0,0.0,0.0,1.0,0.0,0.0,0.0,1.0,0.0,1.0,1.0,0.0,0.0,0.0,0.0,0.0,0.21099053590972613,20.900956915892724,20.106217943710757
1210,48.36,0.98,1,-0.043,0.24,0.035,-0.01,-0.056,0.0,0.0,0.0,0.11,0.0,1.81,0.0,0.0,0.24,0.21,0.33,0.94,0.36,0.39,0.0,0.0,0.0,0.0,0.0,0.0,0.0,0.0,1.0,0.0,0.0,0.0,1.0,0.0,1.0,1.0,0.0,0.0,0.0,0.0,0.0,0.2156570990908959,21.400233643584226,20.415680248279845
1211,48.4,0.98,1,-0.033,0.235,0.046,-0.008,-0.058,0.0,0.0,0.0,0.11,0.0,1.85,0.0,0.0,0.24,0.14,0.32,0.97,0.37,0.35,0.0,0.0,0.0,0.0,0.0,0.0,0.0,0.0,1.0,0.0,0.0,0.0,1.0,0.0,1.0,1.0,0.0,0.0,0.0,0.0,0.0,0.23746840653683093,20.10099500024803,20.903827400741804
1212,48.44,0.98,1,-0.023,0.254,0.059,-0.009,-0.059,0.0,0.0,0.0,0.07,0.0,1.83,0.0,0.0,0.22,0.04,0.34,0.9,0.35,0.32,0.0,0.0,0.0,0.0,0.0,0.0,0.0,0.0,1.0,0.0,0.0,0.0,1.0,0.0,1.0,1.0,0.0,0.0,0.0,0.0,0.0,0.2315478624965221,20.400245096566717,22.00363606316011
1213,48.48,0.98,1,0.002,0.245,0.04,-0.007,-0.058,0.0,0.0,0.0,0.01,0.0,1.95,0.0,0.0,0.26,0.08,0.31,0.82,0.36,0.31,0.0,0.0,0.0,0.0,0.0,0.0,0.0,0.0,1.0,0.0,0.0,0.0,1.0,0.0,1.0,1.0,0.0,0.0,0.0,0.0,0.0,0.23315806805261408,20.702173798903384,21.814673960433105
1214,48.52,0.98,1,0.002,0.26,0.051,-0.01,-0.059,0.0,0.0,0.0,0.0,0.0,1.77,0.0,0.0,0.24,0.14,0.28,0.75,0.37,0.24,0.0,0.0,0.0,0.0,0.0,0.0,0.0,0.0,1.0,0.0,0.0,0.0,1.0,0.0,1.0,1.0,0.0,0.0,0.0,0.0,0.0,0.23747711911717617,20.811775512915712,22.118318200080356
1215,48.56,0.98,1,0.005,0.252,0.041,-0.007,-0.058,0.0,0.0,0.0,0.0,0.0,1.63,0.0,0.0,0.27,0.1,0.26,0.69,0.35,0.3,0.0,0.0,0.0,0.0,0.0,0.0,0.0,0.0,1.0,0.0,0.0,0.0,1.0,0.0,1.0,1.0,0.0,0.0,0.0,0.0,0.0,0.22162658099555227,20.11591409804676,22.018401395196697
1216,48.6,0.98,1,0.009,0.251,0.053,-0.008,-0.061,0.0,0.0,0.0,0.0,0.0,1.55,0.0,0.0,0.29,0.11,0.19,0.69,0.23,0.26,0.0,0.0,0.0,0.0,0.0,0.0,0.0,0.0,1.0,0.0,0.0,0.0,1.0,0.0,1.0,1.0,0.0,0.0,0.0,0.0,0.0,0.2271922680283765,20.724140512938092,22.111083193728795
1217,48.64,0.98,1,0.016,0.237,0.041,-0.006,-0.061,0.0,0.0,0.0,0.0,0.0,1.82,0.0,0.0,0.34,0.18,0.2,0.7,0.18,0.26,0.0,0.0,0.0,0.0,0.0,0.0,0.0,0.0,1.0,0.0,0.0,0.0,1.0,0.0,1.0,1.0,0.0,0.0,0.0,0.0,0.0,0.2314698225333529,19.7124326251227,21.73315439599144
1218,48.68,0.98,1,0.027,0.273,0.054,-0.013,-0.06,0.0,0.0,0.0,0.05,0.0,1.91,0.0,0.0,0.31,0.32,0.14,0.75,0.16,0.21,0.0,0.0,0.0,0.0,0.0,0.0,0.0,0.0,1.0,0.0,0.0,0.0,1.0,0.0,1.0,1.0,0.0,0.0,0.0,0.0,0.0,0.23391104028498264,19.806312125178636,22.543513479491168
1219,48.72,0.98,1,0.031,0.265,0.04,-0.008,-0.059,0.0,0.0,0.0,0.05,0.0,2.05,0.0,0.0,0.32,0.31,0.21,0.77,0.29,0.24,0.0,0.0,0.0,0.0,0.0,0.0,0.0,0.0,1.0,0.0,0.0,0.0,1.0,0.0,1.0,1.0,0.0,0.0,0.0,0.0,0.0,0.2155671062319511,19.304144632694996,21.951309755912153
1220,48.76,0.98,1,0.029,0.267,0.052,-0.012,-0.06,0.0,0.0,0.0,0.1,0.0,1.91,0.01,0.0,0.29,0.3,0.14,0.79,0.29,0.25,0.0,0.0,0.0,0.0,0.0,0.0,0.0,0.0,1.0,0.0,0.0,0.0,1.0,0.0,1.0,0.0,0.0,0.0,0.0,0.0,0.0,0.23212288115038315,19.606376513777484,22.244100341438894
1221,48.8,0.98,1,0.034,0.261,0.042,-0.009,-0.058,0.0,0.0,0.0,0.05,0.0,1.93,0.01,0.0,0.3,0.22,0.12,0.76,0.29,0.33,0.0,0.0,0.0,0.0,0.0,0.0,0.0,0.0,1.0,0.0,0.0,0.0,1.0,0.0,1.0,1.0,0.0,0.0,0.0,0.0,0.0,0.22185660909458693,19.804039991880398,21.951309755911925
1222,48.84,0.98,1,0.015,0.267,0.052,-0.011,-0.061,0.0,0.0,0.0,0.05,0.0,1.83,0.01,0.0,0.27,0.21,0.13,0.88,0.21,0.31,0.0,0.0,0.0,0.0,0.0,0.0,0.0,0.0,1.0,0.0,0.0,0.0,1.0,0.0,1.0,1.0,0.0,0.0,0.0,0.0,0.0,0.2192087204724771,19.716236963477638,20.61965082148594
1223,48.88,0.98,1,-0.017,0.25,0.041,-0.006,-0.061,0.0,0.0,0.0,0.0,0.0,1.82,0.0,0.0,0.28,0.18,0.17,0.83,0.22,0.31,0.0,0.0,0.0,0.0,0.0,0.0,0.0,0.0,1.0,0.0,0.0,0.0,1.0,0.0,0.0,1.0,0.0,0.0,0.0,0.0,0.0,0.22328051537667906,20.81537893001226,20.212125073826396
1224,48.92,0.98,1,-0.024,0.248,0.051,-0.01,-0.063,0.0,0.0,0.0,0.0,0.0,1.77,0.0,0.0,0.27,0.11,0.24,0.76,0.21,0.26,0.0,0.0,0.0,0.0,0.0,0.0,0.0,0.0,1.0,0.0,0.0,0.0,1.0,0.0,0.0,1.0,0.0,0.0,0.0,0.0,0.0,0.2260030946976404,21.2058954067024,20.61552812808821
1225,48.96,0.98,1,-0.026,0.24,0.045,-0.01,-0.063,0.0,0.0,0.0,0.0,0.0,1.91,0.0,0.0,0.32,0.1,0.3,0.65,0.29,0.3,0.0,0.0,0.0,0.0,0.0,0.0,0.0,0.0,1.0,0.0,0.0,0.0,1.0,0.0,0.0,1.0,0.0,0.0,0.0,0.0,0.0,0.22969212370098147,21.308449028495897,20.71545316907168
1226,49.0,0.98,1,-0.03,0.248,0.046,-0.008,-0.061,0.0,0.01,0.0,0.0,0.0,1.92,0.0,0.0,0.34,0.05,0.32,0.68,0.28,0.33,0.0,0.0,0.0,0.0,0.0,0.0,0.0,0.0,1.0,0.0,0.0,0.0,1.0,0.0,0.0,1.0,0.0,0.0,0.0,0.0,0.0,0.22953876397639328,20.908610666421712,21.402102700435634
1227,49.04,0.98,1,-0.029,0.244,0.041,-0.011,-0.058,0.0,0.01,0.0,0.0,0.0,1.92,0.0,0.0,0.38,0.06,0.32,0.68,0.31,0.29,0.0,0.0,0.0,0.0,0.0,0.0,0.0,0.0,1.0,0.0,0.0,0.0,1.0,0.0,0.0,1.0,0.0,0.0,0.0,0.0,0.0,0.2287471354648578,21.311499243366196,21.900913222968672
1228,49.08,0.98,1,-0.04,0.224,0.049,-0.013,-0.06,0.0,0.01,0.0,0.08,0.0,1.81,0.0,0.0,0.38,0.12,0.25,0.74,0.2,0.21,0.0,0.0,0.0,0.0,0.0,0.0,0.0,0.0,1.0,0.0,0.0,0.0,1.0,0.0,0.0,0.0,0.0,0.0,0.0,0.0,0.0,0.24724872928967312,21.111608181282776,22.000227271553356
1229,49.12,0.98,1,-0.026,0.226,0.041,-0.021,-0.054,0.0,0.0,0.0,0.08,0.0,2.02,0.0,0.0,0.36,0.19,0.3,0.67,0.16,0.16,0.0,0.0,0.0,0.0,0.0,0.0,0.0,0.0,1.0,0.0,0.0,0.0,1.0,0.0,0.0,0.0,0.0,0.0,0.0,0.0,0.0,0.24530922281236128,20.919369015340873,21.900913222968672
1230,49.16,0.98,1,0.045,0.292,0.055,-0.024,-0.056,0.0,0.0,0.0,0.08,0.0,2.1,0.03,0.07,0.34,0.32,0.3,0.69,0.07,0.16,0.0,0.0,0.0,0.0,0.0,0.0,0.0,0.0,1.0,0.0,0.0,0.0,1.0,0.0,0.0,0.0,0.0,0.0,0.0,0.0,0.0,0.20138405387099462,18.81302740124508,19.325889371514013
1231,49.2,0.98,1,0.088,0.318,0.054,-0.045,-0.065,0.0,0.0,0.0,0.0,0.0,2.11,0.06,0.21,0.42,0.4,0.25,0.7,0.15,0.24,0.0,0.0,0.0,0.0,0.0,0.0,0.0,0.0,1.0,0.0,0.0,0.0,1.0,0.0,0.0,0.0,0.0,0.0,0.0,0.0,0.0,0.17892342506487754,20.4792577990513,18.162048342629106
1232,49.24,0.98,1,0.176,0.318,0.05,-0.106,-0.075,0.0,0.0,0.0,0.0,0.0,1.85,0.1,0.47,0.52,0.4,0.23,0.78,0.25,0.4,0.0,0.0,0.0,0.0,0.0,0.0,0.0,0.0,1.0,0.0,0.0,0.0,1.0,0.0,0.0,0.0,0.0,0.0,0.0,0.0,0.0,0.18756355509305883,20.68743580050452,17.50342823563416
1233,49.28,0.98,1,0.213,0.294,0.043,-0.155,-0.094,0.0,0.0,0.0,0.0,0.0,1.61,0.08,0.63,0.57,0.26,0.31,0.92,0.25,0.61,0.0,0.0,0.0,0.0,0.0,0.0,0.0,0.0,1.0,0.0,0.0,0.0,1.0,0.0,0.0,0.0,0.0,0.0,0.0,0.0,0.0,0.20543864737785214,20.6341949200836,20.041207548448728
1234,49.32,0.98,1,0.277,0.287,0.047,-0.219,-0.113,0.0,0.0,0.0,0.0,0.0,1.59,0.14,0.79,0.55,0.1,0.42,0.97,0.14,0.75,0.0,0.0,0.0,0.0,0.0,0.0,0.0,0.0,1.0,0.0,0.0,0.0,0.0,0.0,0.0,0.0,0.0,0.0,0.0,0.0,0.0,0.23992721860125465,20.447493733951944,18.10331461362825
1235,49.36,0.98,1,0.354,0.288,0.056,-0.279,-0.134,0.0,0.0,0.08,0.0,0.0,1.62,0.15,0.94,0.44,0.01,0.47,1.15,0.0,0.68,0.02,0.0,0.0,0.0,0.0,0.0,1.0,0.0,1.0,0.0,0.0,0.0,0.0,0.0,0.0,0.0,0.0,0.0,0.0,0.0,0.0,0.28486893351392356,18.822327167489206,16.155494421403628
1236,49.4,0.93,1,0.299,0.243,0.021,-0.298,-0.153,0.08,0.21,0.26,0.0,0.0,1.64,0.15,1.01,0.28,0.0,0.56,1.24,0.0,0.42,0.02,0.0,0.0,0.0,0.0,1.0,1.0,0.0,1.0,0.0,0.0,0.0,0.0,0.0,0.0,0.0,0.0,0.0,0.0,0.0,0.0,0.29193449926422105,19.600255100380615,15.068510211696449
1237,49.44,0.93,1,0.302,0.203,0.017,-0.315,-0.17,0.16,0.35,0.47,0.13,0.0,1.24,0.06,0.95,0.1,0.0,0.61,1.28,0.0,0.17,0.02,0.0,0.0,1.0,0.0,1.0,1.0,0.0,1.0,0.0,0.0,0.0,0.0,0.0,0.0,0.0,0.0,0.0,0.0,0.0,0.0,0.3548094794387949,18.603763060198258,14.011780757633971
1238,49.48,0.98,1,0.36,0.215,0.025,-0.336,-0.181,0.26,0.56,0.7,0.19,0.0,0.81,0.01,0.94,0.0,0.0,0.69,1.24,0.02,0.01,0.1,0.0,0.0,1.0,0.0,1.0,1.0,0.0,1.0,0.0,0.0,0.0,0.0,0.0,0.0,0.0,0.0,0.0,0.0,0.0,0.0,0.3734969794417539,17.39683879329797,13.92838827718412
1239,49.52,0.98,1,0.417,0.26,0.045,-0.333,-0.194,0.31,0.75,0.81,0.49,0.0,0.45,0.0,0.99,0.0,0.0,0.73,1.21,0.02,0.0,0.12,0.0,0.0,1.0,0.0,1.0,1.0,0.0,1.0,0.0,0.0,0.0,0.0,1.0,0.0,0.0,0.0,0.0,0.0,0.0,0.0,0.36926244078767323,13.485177047410357,14.948578527739558
1240,49.56,0.98,1,0.366,0.241,0.052,-0.311,-0.194,0.5,1.1,0.97,0.36,0.0,0.49,0.0,1.21,0.18,0.0,0.78,1.27,0.02,0.0,0.12,0.0,0.0,1.0,0.0,1.0,1.0,0.0,1.0,0.0,0.0,0.0,0.0,1.0,0.0,0.0,0.0,0.0,0.0,0.0,0.0,0.368288935795068,16.752910194948214,15.037619492459582
1241,49.6,0.98,1,0.353,0.315,0.063,-0.308,-0.194,0.55,1.42,0.79,0.3,0.0,0.43,0.0,1.05,0.39,0.18,0.64,1.19,0.0,0.0,0.07,0.0,0.1,0.0,0.0,1.0,1.0,0.0,1.0,0.0,0.0,0.0,0.0,1.0,0.0,0.0,0.0,0.0,0.0,0.0,0.0,0.3435537614515525,15.516765126791174,14.208800090084974
1242,49.64,0.98,1,0.241,0.377,0.078,-0.277,-0.182,0.59,1.41,0.56,0.0,0.0,0.57,0.08,0.75,0.55,0.48,0.35,0.97,0.0,0.0,0.08,0.0,0.45,0.0,0.0,0.0,0.0,0.0,1.0,0.0,0.0,0.0,1.0,1.0,0.0,0.0,0.0,0.0,0.0,0.0,0.0,0.257842345516327,11.101801655587169,17.24673882216575
1243,49.68,0.98,1,0.184,0.384,0.068,-0.233,-0.141,0.47,1.4,0.22,0.0,0.0,0.35,0.17,0.32,0.51,0.84,0.1,0.62,0.0,0.0,0.08,0.0,1.03,0.0,0.0,0.0,0.0,0.0,1.0,0.0,0.0,0.0,1.0,0.0,0.0,0.0,0.0,0.0,0.0,0.0,0.0,0.20069802643367218,15.111915828246175,18.474306482247297
1244,49.72,0.98,1,0.088,0.39,0.056,-0.18,-0.111,0.34,1.03,0.09,0.0,0.0,0.45,0.28,0.08,0.44,0.85,0.06,0.33,0.19,0.0,0.03,0.0,1.39,0.0,0.0,0.0,0.0,0.0,1.0,0.0,0.0,0.0,1.0,0.0,0.0,0.0,0.0,0.0,0.0,0.0,0.0,0.19744895871123785,15.900314462299256,19.220041623263995
1245,49.76,0.98,1,0.017,0.381,0.046,-0.106,-0.096,0.17,0.64,0.05,0.0,0.0,0.67,0.29,0.02,0.43,0.7,0.24,0.1,0.33,0.0,0.0,0.06,1.51,0.0,0.0,0.0,0.0,0.0,1.0,0.0,0.0,0.0,1.0,0.0,0.0,0.0,0.0,0.0,0.0,0.0,0.0,0.1876062647348014,16.404877323527767,21.52324325003098
1246,49.8,0.98,1,-0.024,0.346,0.052,-0.044,-0.094,0.3,0.43,0.01,0.0,0.0,1.29,0.5,0.0,0.3,0.58,0.43,0.01,0.37,0.0,0.0,0.17,1.02,0.0,0.0,0.0,0.0,0.0,1.0,0.0,0.0,0.0,1.0,0.0,0.0,0.0,0.0,0.0,0.0,0.0,0.0,0.19477969826026414,17.500285711953392,23.817010727629295
1247,49.84,0.98,1,-0.122,0.349,0.088,0.047,-0.091,0.36,0.27,0.0,0.0,0.0,1.69,0.43,0.0,0.17,0.43,0.4,0.08,0.19,0.0,0.05,0.3,0.72,0.0,0.0,0.0,0.0,0.0,0.0,0.0,0.0,0.0,1.0,0.0,0.0,0.0,0.0,0.0,0.0,0.0,0.0,0.18199453641868335,17.202616080119725,21.70368632283447
1248,49.88,0.98,1,-0.157,0.305,0.082,0.088,-0.054,0.36,0.27,0.0,0.0,0.0,1.71,0.35,0.0,0.01,0.29,0.22,0.3,0.09,0.0,0.05,0.28,0.41,0.0,0.0,0.0,0.0,0.0,0.0,0.0,0.0,0.0,1.0,0.0,0.0,0.0,0.0,0.0,0.0,0.0,0.0,0.18876768400568297,20.100000000000136,21.80206412246322
1249,49.92,0.98,1,-0.172,0.309,0.08,0.086,-0.027,0.08,0.0,0.0,0.05,0.0,1.65,0.06,0.0,0.01,0.05,0.03,0.61,0.04,0.07,0.05,0.17,0.34,0.0,0.0,0.0,0.0,0.0,0.0,0.0,0.0,0.0,1.0,0.0,0.0,0.0,0.0,0.0,0.0,0.0,0.0,0.2050257314382548,21.60208323287354,19.20416621465253
1250,49.96,0.98,1,-0.186,0.284,0.068,0.079,-0.007,0.0,0.0,0.0,0.13,0.0,1.65,0.01,0.0,0.05,0.0,0.01,0.86,0.17,0.16,0.0,0.05,0.2,0.0,0.0,0.0,0.0,0.0,0.0,0.0,0.0,0.0,1.0,0.0,1.0,0.0,0.0,0.0,0.0,0.0,1.0,0.21679234407059755,23.10021644920251,19.202343606966355
1251,50.0,0.98,1,-0.198,0.293,0.074,0.076,-0.002,0.0,0.0,0.0,0.13,0.0,1.64,0.0,0.0,0.08,0.0,0.01,0.97,0.25,0.29,0.0,0.0,0.38,0.0,0.0,0.0,0.0,0.0,0.0,0.0,0.0,0.0,1.0,0.0,1.0,0.0,0.0,0.0,0.0,0.0,1.0,0.22896364921430226,21.60023148024127,19.60408120774846
1252,50.04,0.98,1,-0.157,0.35,0.071,0.071,0.003,0.09,0.0,0.0,0.08,0.0,1.09,0.0,0.0,0.08,0.05,0.04,1.06,0.31,0.22,0.0,0.06,1.07,0.0,0.0,0.0,0.0,0.0,0.0,0.0,0.0,0.0,1.0,0.0,1.0,0.0,0.0,0.0,0.0,0.0,1.0,0.18846893457668196,20.135789033459705,20.106217943710757
1253,50.08,0.98,1,-0.075,0.45,0.06,0.054,0.012,0.2,0.0,0.0,0.0,0.0,0.5,0.0,0.0,0.03,0.05,0.14,1.1,0.28,0.13,0.0,0.13,1.69,0.0,0.0,0.0,0.0,0.0,0.0,0.0,0.0,0.0,1.0,0.0,1.0,0.0,0.0,0.0,0.0,0.0,1.0,0.17002388552670372,15.34698667491458,21.611339616044077
1254,50.12,0.98,1,-0.041,0.436,0.053,0.036,0.013,0.2,0.0,0.0,0.0,0.0,0.46,0.0,0.0,0.01,0.05,0.36,1.22,0.16,0.07,0.0,0.23,1.66,0.0,0.0,0.0,0.0,0.0,0.0,0.0,0.0,0.0,1.0,0.0,1.0,0.0,0.0,0.0,0.0,0.0,1.0,0.16679748565633853,18.45318400710281,23.026289323293057
1255,50.16,0.98,1,-0.012,0.345,0.062,0.018,0.007,0.11,0.0,0.0,0.0,0.0,1.08,0.0,0.0,0.0,0.0,0.54,1.27,0.1,0.24,0.0,0.33,0.96,0.0,0.0,0.0,0.0,0.0,0.0,0.0,0.0,0.0,1.0,0.0,1.0,0.0,0.0,0.0,0.0,0.0,1.0,0.18989932223459438,18.117670931993345,20.587860500790264
1256,50.2,0.98,1,0.005,0.336,0.071,0.001,0.003,0.0,0.0,0.0,0.0,0.0,1.49,0.0,0.0,0.02,0.0,0.6,1.36,0.0,0.43,0.0,0.39,0.31,0.0,0.0,0.0,0.0,0.0,0.0,0.0,0.0,0.0,1.0,0.0,1.0,0.0,0.0,0.0,0.0,0.0,1.0,0.18535675793280493,18.900264548412935,19.15124016872028
1257,50.24,0.98,1,0.008,0.312,0.075,-0.019,0.002,0.0,0.0,0.0,0.0,0.0,1.68,0.0,0.0,0.04,0.0,0.56,1.31,0.01,0.42,0.0,0.47,0.01,0.0,0.0,0.0,0.0,0.0,0.0,0.0,0.0,0.0,1.0,0.0,1.0,0.0,0.0,0.0,0.0,0.0,0.0,0.23137136938297578,19.70228413154175,20.64751801064732
1258,50.28,0.98,1,0.012,0.326,0.08,-0.012,-0.023,0.0,0.0,0.0,0.0,0.0,1.52,0.0,0.0,0.08,0.0,0.56,1.23,0.03,0.45,0.0,0.42,0.0,0.0,0.0,0.0,0.0,0.0,0.0,0.0,0.0,0.0,1.0,0.0,1.0,0.0,0.0,0.0,0.0,0.0,0.0,0.21215263337010346,20.20396000787969,21.433618453261776
1259,50.32,0.98,1,0.008,0.313,0.075,-0.026,-0.021,0.0,0.0,0.0,0.0,0.0,1.65,0.0,0.0,0.11,0.02,0.52,1.03,0.03,0.32,0.0,0.29,0.0,0.0,0.0,0.0,0.0,0.0,0.0,0.0,0.0,0.0,1.0,0.0,1.0,0.0,0.0,0.0,0.0,0.0,0.0,0.21009663699210923,21.5188289644209,22.21103329428872
1260,50.36,0.98,1,0.008,0.297,0.074,-0.022,-0.045,0.0,0.0,0.0,0.0,0.0,1.54,0.0,0.0,0.16,0.03,0.43,0.85,0.02,0.31,0.0,0.12,0.0,0.0,0.0,0.0,0.0,0.0,0.0,0.0,0.0,0.0,1.0,0.0,1.0,0.0,0.0,0.0,0.0,0.0,0.0,0.2382095066915283,21.659178193089552,22.70550594018997
1261,50.4,0.98,1,0.005,0.297,0.077,-0.017,-0.055,0.0,0.09,0.0,0.03,0.0,1.68,0.0,0.0,0.2,0.11,0.36,0.69,0.0,0.11,0.0,0.0,0.0,0.0,0.0,0.0,0.0,0.0,0.0,0.0,0.0,0.0,1.0,0.0,1.0,0.0,0.0,0.0,0.0,0.0,0.0,0.22945881310910554,22.090722034374522,23.200000000000045
1262,50.44,0.98,1,0.009,0.304,0.084,-0.026,-0.06,0.0,0.09,0.0,0.03,0.0,1.58,0.0,0.0,0.22,0.21,0.37,0.71,0.0,0.05,0.0,0.0,0.0,0.0,0.0,0.0,0.0,0.0,0.0,0.0,0.0,0.0,1.0,0.0,0.0,0.0,0.0,0.0,0.0,0.0,0.0,0.24906350924312232,22.020445045457286,23.10086578464097
1263,50.48,0.98,1,0.016,0.297,0.078,-0.024,-0.061,0.0,0.09,0.0,0.11,0.0,1.45,0.0,0.0,0.22,0.31,0.44,0.81,0.0,0.0,0.0,0.0,0.0,0.0,0.0,0.0,0.0,0.0,0.0,0.0,0.0,0.0,1.0,0.0,0.0,0.0,0.0,0.0,0.0,0.0,0.0,0.22932925542868918,21.79197099851232,23.101947969814056
1264,50.52,0.98,1,0.014,0.293,0.083,-0.027,-0.062,0.0,0.0,0.0,0.08,0.0,1.31,0.0,0.0,0.22,0.34,0.38,0.87,0.0,0.0,0.0,0.0,0.0,0.0,0.0,0.0,0.0,0.0,0.0,0.0,0.0,0.0,1.0,0.0,0.0,0.0,0.0,0.0,0.0,0.0,0.0,0.2545156531978057,22.607299706068385,23.00195643852931
1265,50.56,0.98,1,-0.007,0.295,0.074,-0.024,-0.061,0.0,0.0,0.0,0.08,0.0,1.38,0.0,0.0,0.19,0.26,0.45,0.83,0.0,0.0,0.0,0.0,0.0,0.0,0.0,0.0,0.0,0.0,0.0,0.0,0.0,0.0,1.0,0.0,0.0,0.0,0.0,0.0,0.0,0.0,0.0,0.23166033603289676,21.53415891090255,22.40803427344764
1266,50.6,0.98,1,-0.017,0.291,0.083,-0.022,-0.064,0.03,0.0,0.0,0.17,0.0,1.68,0.0,0.0,0.18,0.22,0.48,0.73,0.0,0.0,0.0,0.0,0.0,0.0,0.0,0.0,0.0,0.0,0.0,0.0,0.0,0.0,1.0,0.0,0.0,0.0,0.0,0.0,0.0,0.0,0.0,0.24396796388274006,21.557365330670482,22.01454064930722
1267,50.64,0.98,1,-0.014,0.283,0.069,-0.017,-0.064,0.03,0.0,0.0,0.18,0.0,1.69,0.0,0.0,0.15,0.24,0.58,0.71,0.02,0.0,0.0,0.0,0.0,0.0,0.0,0.0,1.0,0.0,0.0,0.0,0.0,0.0,1.0,0.0,0.0,0.0,0.0,0.0,0.0,0.0,0.0,0.24843952292658328,22.49822215198357,22.617913254763266
1268,50.68,0.98,1,-0.027,0.286,0.085,-0.017,-0.066,0.03,0.0,0.0,0.33,0.0,1.65,0.0,0.0,0.19,0.29,0.47,0.69,0.02,0.0,0.0,0.0,0.0,0.0,0.0,0.0,1.0,0.0,0.0,0.0,0.0,0.0,1.0,0.0,0.0,0.0,0.0,0.0,0.0,0.0,0.0,0.2576455590133562,22.04223219186283,22.426992665090076
1269,50.72,0.98,1,-0.024,0.28,0.069,-0.012,-0.063,0.0,0.0,0.0,0.2,0.0,1.44,0.0,0.0,0.2,0.22,0.5,0.8,0.04,0.0,0.0,0.0,0.0,0.0,0.0,0.0,1.0,0.0,0.0,0.0,0.0,0.0,1.0,0.0,0.0,0.0,0.0,0.0,0.0,0.0,0.0,0.24259889175379587,22.61725005388587,22.91767876552955
1270,50.76,0.98,1,-0.026,0.277,0.08,-0.011,-0.064,0.0,0.0,0.0,0.2,0.0,1.42,0.0,0.0,0.23,0.1,0.45,0.8,0.02,0.09,0.0,0.06,0.0,0.0,0.0,0.0,1.0,0.0,0.0,0.0,0.0,0.0,1.0,0.0,0.0,0.0,0.0,0.0,0.0,0.0,0.0,0.25564716501755713,22.190313201935655,23.021728866442675
1271,50.8,0.98,1,-0.039,0.26,0.067,-0.019,-0.043,0.0,0.0,0.0,0.14,0.0,1.37,0.0,0.0,0.22,0.11,0.52,0.86,0.02,0.11,0.0,0.1,0.0,0.0,0.0,0.0,0.0,0.0,0.0,0.0,0.0,0.0,1.0,0.0,1.0,0.0,0.0,0.0,0.0,0.0,0.0,0.23774773683350564,22.480435938833658,23.321449354617688
1272,50.84,0.98,1,-0.018,0.283,0.085,-0.015,-0.058,0.0,0.0,0.0,0.31,0.0,1.28,0.0,0.0,0.23,0.2,0.4,0.79,0.0,0.13,0.0,0.1,0.0,0.0,0.0,0.0,0.0,0.0,0.0,0.0,0.0,0.0,1.0,0.0,1.0,0.0,0.0,0.0,0.0,0.0,0.0,0.2580569372643282,22.6614209616255,23.521266972678152
1273,50.88,0.98,1,-0.024,0.263,0.068,-0.012,-0.062,0.0,0.0,0.0,0.31,0.0,1.24,0.0,0.0,0.22,0.19,0.4,0.81,0.0,0.12,0.0,0.06,0.0,0.0,0.0,0.0,0.0,0.0,0.0,0.0,0.0,0.0,1.0,0.0,1.0,0.0,0.0,0.0,0.0,0.0,0.0,0.25822261820398157,22.959311836376937,23.321449354617688
1274,50.92,0.98,1,-0.043,0.271,0.079,-0.025,-0.041,0.0,0.0,0.0,0.24,0.0,1.41,0.0,0.0,0.23,0.16,0.42,0.91,0.18,0.11,0.0,0.08,0.0,0.0,0.0,0.0,0.0,0.0,0.0,0.0,0.0,0.0,1.0,0.0,1.0,0.0,0.0,0.0,0.0,0.0,0.0,0.26244779399217066,22.6614209616255,23.841140912296922
1275,50.96,0.98,1,-0.032,0.308,0.11,-0.016,-0.048,0.0,0.0,0.0,0.02,0.0,1.57,0.0,0.0,0.22,0.07,0.39,0.97,0.18,0.13,0.0,0.11,0.0,0.0,0.0,0.0,0.0,0.0,0.0,0.0,0.0,0.0,1.0,0.0,1.0,0.0,0.0,0.0,0.0,0.0,0.0,0.25688720839359225,22.177466041006586,24.12073796549342
1276,51.0,0.98,1,-0.027,0.295,0.088,-0.011,-0.044,0.0,0.0,0.0,0.02,0.0,1.75,0.0,0.0,0.22,0.11,0.38,1.09,0.18,0.18,0.0,0.24,0.0,0.0,0.0,0.0,0.0,0.0,0.0,0.0,0.0,0.0,1.0,0.0,1.0,0.0,0.0,0.0,0.0,0.0,0.0,0.23291355310613693,22.276669409945384,24.70991703749713
1277,51.04,0.98,1,-0.039,0.304,0.089,-0.022,-0.032,0.0,0.0,0.0,0.0,0.0,1.68,0.0,0.0,0.18,0.12,0.32,1.05,0.0,0.18,0.0,0.29,0.0,0.0,0.0,0.0,0.0,0.0,0.0,0.0,0.0,0.0,1.0,0.0,1.0,0.0,0.0,0.0,0.0,0.0,0.0,0.2404181718788559,22.826519664635736,23.217450333746857
1278,51.08,0.98,1,-0.023,0.283,0.092,-0.017,-0.039,0.0,0.0,0.0,0.0,0.0,1.63,0.0,0.0,0.16,0.22,0.35,1.11,0.0,0.17,0.0,0.38,0.0,0.0,0.0,0.0,0.0,0.0,0.0,0.0,0.0,0.0,1.0,0.0,1.0,0.0,0.0,0.0,0.0,0.0,0.0,0.24418415522703188,21.569654610123074,24.010206163213176
1279,51.12,0.98,1,-0.022,0.289,0.086,-0.014,-0.041,0.0,0.0,0.0,0.0,0.0,1.43,0.0,0.0,0.19,0.17,0.45,1.12,0.0,0.25,0.0,0.32,0.0,0.0,0.0,0.0,0.0,0.0,0.0,0.0,0.0,0.0,1.0,0.0,1.0,0.0,0.0,0.0,0.0,0.0,0.0,0.23224235009613536,21.33541656495138,23.81344158243402
1280,51.16,0.98,1,-0.043,0.302,0.081,-0.024,-0.029,0.0,0.0,0.0,0.0,0.0,1.41,0.0,0.0,0.24,0.11,0.51,1.22,0.0,0.28,0.06,0.37,0.0,0.0,0.0,0.0,0.0,0.0,0.0,0.0,0.0,0.0,1.0,0.0,1.0,0.0,0.0,0.0,0.0,0.0,0.0,0.24340263900933662,23.622235287965456,22.717834403833525
1281,51.2,0.98,1,-0.024,0.293,0.098,-0.018,-0.042,0.0,0.0,0.0,0.0,0.0,1.48,0.0,0.0,0.24,0.07,0.57,1.38,0.0,0.26,0.06,0.39,0.0,0.0,0.0,0.0,0.0,0.0,0.0,0.0,0.0,0.0,1.0,0.0,1.0,0.0,0.0,0.0,0.0,0.0,0.0,0.26486664935977233,21.96656550305505,24.320567427590948
1282,51.24,0.98,1,-0.018,0.293,0.086,-0.01,-0.042,0.0,0.0,0.0,0.0,0.0,1.59,0.0,0.0,0.23,0.07,0.47,1.41,0.0,0.21,0.06,0.48,0.0,0.0,0.0,0.0,0.0,0.0,0.0,0.0,0.0,0.0,1.0,0.0,1.0,0.0,0.0,0.0,0.0,0.0,0.0,0.24484373242266816,22.130521909796883,24.5246814454337
1283,51.28,0.98,1,-0.03,0.288,0.082,-0.021,-0.023,0.0,0.0,0.0,0.0,0.0,1.67,0.0,0.0,0.21,0.06,0.39,1.36,0.0,0.2,0.01,0.49,0.0,0.0,0.0,0.0,0.0,0.0,0.0,0.0,0.0,0.0,1.0,0.0,1.0,0.0,0.0,0.0,0.0,0.0,0.0,0.235350982710751,22.104524423746465,23.907530194480657
1284,51.32,0.98,1,-0.024,0.293,0.089,-0.016,-0.036,0.0,0.0,0.0,0.0,0.0,1.41,0.0,0.0,0.2,0.0,0.45,1.27,0.02,0.32,0.01,0.44,0.03,0.0,0.0,0.0,0.0,0.0,0.0,0.0,0.0,0.0,1.0,0.0,1.0,0.0,0.0,0.0,0.0,0.0,0.0,0.23933955196138984,22.28945939227791,24.107467722678706
1285,51.36,0.98,1,-0.034,0.296,0.07,-0.026,-0.027,0.18,0.0,0.0,0.0,0.0,1.0,0.0,0.0,0.23,0.12,0.46,1.19,0.04,0.17,0.01,0.35,0.75,0.0,0.0,0.0,0.0,0.0,0.0,0.0,0.0,0.0,1.0,0.0,1.0,0.0,0.0,0.0,0.0,0.0,0.0,0.22994965826223354,21.90365266342566,20.303940504246906
1286,51.4,0.98,1,0.015,0.436,0.07,-0.021,-0.037,0.41,0.0,0.0,0.0,0.0,0.41,0.0,0.0,0.27,0.18,0.42,1.1,0.04,0.13,0.0,0.17,1.55,0.0,0.0,0.0,0.0,0.0,0.0,0.0,0.0,0.0,1.0,0.0,1.0,0.0,0.0,0.0,0.0,0.0,1.0,0.17363501788662256,15.970597985047489,21.16837263466411
1287,51.44,0.98,1,-0.008,0.439,0.068,-0.018,-0.036,0.46,0.0,0.0,0.0,0.0,0.26,0.0,0.0,0.28,0.26,0.28,1.02,0.02,0.0,0.0,0.11,2.15,0.0,0.0,0.0,0.0,0.0,0.0,0.0,0.0,0.0,1.0,0.0,1.0,0.0,0.0,0.0,0.0,0.0,1.0,0.17501517213693585,15.861904047118644,22.408257406590057
1288,51.48,0.98,1,-0.025,0.382,0.054,-0.013,-0.035,0.44,0.0,0.0,0.0,0.0,0.77,0.03,0.0,0.22,0.18,0.19,1.03,0.0,0.0,0.0,0.02,1.87,0.0,0.0,0.0,0.0,0.0,0.0,0.0,0.0,0.0,1.0,0.0,1.0,0.0,0.0,0.0,0.0,0.0,1.0,0.17264059021522385,18.222239159883777,20.22003956474877
1289,51.52,0.98,1,0.005,0.324,0.065,-0.011,-0.04,0.21,0.0,0.0,0.0,0.0,1.21,0.03,0.0,0.19,0.13,0.23,1.21,0.0,0.01,0.0,0.06,1.22,0.0,0.0,0.0,0.0,0.0,0.0,0.0,0.0,0.0,1.0,0.0,1.0,0.0,0.0,0.0,0.0,0.0,1.0,0.19325969987436825,17.707060738586787,18.978935691971728
1290,51.56,0.98,1,0.005,0.313,0.056,-0.029,-0.029,0.16,0.0,0.0,0.0,0.0,1.75,0.03,0.0,0.19,0.06,0.17,1.29,0.0,0.02,0.0,0.12,0.62,0.0,0.0,0.0,0.0,0.0,0.0,0.0,0.0,0.0,1.0,0.0,1.0,0.0,0.0,0.0,0.0,0.0,0.0,0.19148693859814236,18.002499826412997,17.840403582878906
1291,51.6,0.98,1,-0.016,0.316,0.061,-0.014,-0.039,0.0,0.0,0.0,0.0,0.0,1.76,0.0,0.0,0.22,0.02,0.22,1.25,0.02,0.09,0.0,0.17,0.22,0.0,0.0,0.0,0.0,0.0,0.0,0.0,0.0,0.0,1.0,0.0,1.0,0.0,0.0,0.0,0.0,0.0,0.0,0.19155558197102998,17.70112990743793,18.71710447692168
1292,51.64,0.98,1,-0.019,0.287,0.054,-0.026,-0.029,0.0,0.0,0.0,0.0,0.0,1.95,0.0,0.0,0.22,0.0,0.22,1.07,0.02,0.08,0.0,0.15,0.06,0.0,0.0,0.0,0.0,0.0,0.0,0.0,0.0,0.0,1.0,0.0,1.0,0.0,0.0,0.0,0.0,0.0,0.0,0.20319517408194437,19.50640920313116,18.300273222004044
1293,51.68,0.98,1,-0.014,0.292,0.059,-0.013,-0.04,0.0,0.0,0.0,0.0,0.0,1.65,0.0,0.0,0.2,0.0,0.29,1.0,0.02,0.14,0.02,0.13,0.03,0.0,0.0,0.0,0.0,0.0,0.0,0.0,0.0,0.0,1.0,0.0,1.0,0.0,0.0,0.0,0.0,0.0,0.0,0.22252029070344206,19.501025614054253,19.304144632694772
1294,51.72,0.98,1,-0.015,0.278,0.056,-0.022,-0.022,0.01,0.0,0.0,0.0,0.0,1.79,0.0,0.0,0.24,0.0,0.35,1.02,0.04,0.11,0.02,0.08,0.0,0.0,0.0,0.0,0.0,0.0,0.0,0.0,0.0,0.0,1.0,0.0,1.0,0.0,0.0,0.0,0.0,0.0,0.0,0.2286628074710057,20.300246303924446,18.80106379968959
1295,51.76,0.98,1,-0.016,0.315,0.08,-0.014,-0.04,0.01,0.0,0.0,0.0,0.0,1.8,0.0,0.0,0.26,0.0,0.39,1.08,0.05,0.22,0.02,0.1,0.0,0.0,0.0,0.0,0.0,0.0,0.0,0.0,0.0,0.0,1.0,0.0,1.0,0.0,0.0,0.0,0.0,0.0,0.0,0.23112898661037276,19.606376513777256,20.806008747474806
1296,51.8,0.98,1,-0.024,0.268,0.05,-0.028,-0.026,0.01,0.0,0.0,0.0,0.0,2.09,0.0,0.0,0.29,0.0,0.35,1.0,0.05,0.14,0.0,0.05,0.0,0.0,0.0,0.0,0.0,0.0,1.0,0.0,0.0,0.0,1.0,0.0,1.0,0.0,0.0,0.0,0.0,0.0,0.0,0.22998757908018747,19.90226117806727,20.306156701847797
1297,51.84,0.98,1,-0.019,0.313,0.063,-0.016,-0.038,0.0,0.0,0.0,0.07,0.0,2.07,0.0,0.0,0.27,0.0,0.24,0.98,0.01,0.11,0.0,0.04,0.0,0.0,0.0,0.0,0.0,0.0,1.0,0.0,0.0,0.0,1.0,0.0,1.0,0.0,0.0,0.0,0.0,0.0,0.0,0.22733311635960984,20.106217943710984,20.503902067655318
1298,51.88,0.98,1,-0.001,0.293,0.061,-0.01,-0.041,0.0,0.0,0.0,0.07,0.0,2.0,0.0,0.0,0.29,0.0,0.16,0.97,0.03,0.1,0.0,0.0,0.0,0.0,0.0,0.0,0.0,0.0,1.0,0.0,0.0,0.0,1.0,0.0,1.0,0.0,0.0,0.0,0.0,0.0,0.0,0.21965730420342391,19.804039991880625,20.5
1299,51.92,0.98,1,-0.025,0.297,0.064,-0.021,-0.035,0.0,0.0,0.0,0.07,0.0,1.93,0.0,0.0,0.26,0.0,0.18,0.94,0.03,0.12,0.0,0.02,0.0,0.0,0.0,0.0,0.0,0.0,1.0,0.0,0.0,0.0,1.0,0.0,1.0,0.0,0.0,0.0,0.0,0.0,0.0,0.2056291849981302,20.60388312915787,20.900239233080427
1300,51.96,0.98,1,-0.011,0.298,0.072,-0.012,-0.045,0.0,0.0,0.0,0.0,0.0,1.74,0.0,0.0,0.23,0.0,0.13,1.01,0.03,0.24,0.0,0.12,0.0,0.0,0.0,0.0,0.0,0.0,1.0,0.0,0.0,0.0,1.0,0.0,1.0,0.0,0.0,0.0,0.0,0.0,0.0,0.2250350438906714,20.708693826506824,21.208488866489333
1301,52.0,0.98,1,-0.007,0.298,0.056,-0.02,-0.022,0.0,0.0,0.0,0.07,0.0,1.76,0.03,0.0,0.18,0.0,0.06,0.96,0.04,0.14,0.0,0.16,0.0,0.0,0.0,0.0,0.0,0.0,1.0,0.0,0.0,0.0,1.0,0.0,1.0,0.0,0.0,0.0,0.0,0.0,0.0,0.20452254760166316,20.719555979798454,22.0
1302,52.04,0.98,1,-0.005,0.303,0.064,-0.01,-0.036,0.0,0.0,0.0,0.06,0.0,1.7,0.03,0.0,0.19,0.0,0.0,1.12,0.04,0.2,0.0,0.3,0.0,0.0,0.0,0.0,0.0,0.0,1.0,0.0,0.0,0.0,1.0,0.0,1.0,0.0,0.0,0.0,0.0,0.0,0.0,0.20797181906023135,20.719555979798454,22.302017845925917
1303,52.08,0.98,1,-0.031,0.3,0.063,-0.019,-0.02,0.0,0.0,0.0,0.06,0.0,1.68,0.03,0.0,0.2,0.0,0.0,1.07,0.04,0.14,0.0,0.22,0.0,0.0,0.0,0.0,0.0,0.0,1.0,0.0,0.0,0.0,1.0,0.0,1.0,0.0,0.0,0.0,0.0,0.0,0.0,0.20450999246264617,22.018401395196697,21.600231480241042
1304,52.12,0.98,1,-0.012,0.312,0.073,-0.013,-0.035,0.0,0.0,0.0,0.0,0.0,1.83,0.0,0.0,0.19,0.0,0.01,1.08,0.0,0.18,0.0,0.19,0.0,0.0,0.0,0.0,0.0,0.0,1.0,0.0,0.0,0.0,1.0,0.0,1.0,0.0,0.0,0.0,0.0,0.0,0.0,0.20809852505217563,21.015232570685487,22.60199106273595
1305,52.16,0.98,1,-0.01,0.296,0.061,-0.012,-0.037,0.0,0.0,0.0,0.0,0.0,1.93,0.0,0.0,0.21,0.0,0.07,1.02,0.02,0.22,0.02,0.04,0.0,0.0,0.0,0.0,0.0,0.0,1.0,0.0,0.0,0.0,1.0,0.0,1.0,0.0,0.0,0.0,0.0,0.0,0.0,0.21201220280892166,21.319005605327796,22.800219297191163
1306,52.2,0.98,1,-0.009,0.298,0.066,-0.025,-0.029,0.0,0.0,0.0,0.0,0.0,2.02,0.01,0.0,0.19,0.0,0.18,0.95,0.03,0.2,0.02,0.02,0.0,0.0,0.0,0.0,0.0,0.0,1.0,0.0,0.0,0.0,1.0,0.0,1.0,0.0,0.0,0.0,0.0,0.0,0.0,0.20968664096181241,21.208488866489105,22.200225224082796
1307,52.24,0.98,1,-0.001,0.309,0.077,-0.015,-0.037,0.0,0.0,0.0,0.0,0.0,2.0,0.01,0.0,0.22,0.0,0.21,0.95,0.03,0.2,0.02,0.0,0.0,0.0,0.0,0.0,0.0,0.0,1.0,0.0,0.0,0.0,1.0,0.0,1.0,0.0,0.0,0.0,0.0,0.0,0.0,0.2249607512515644,21.345959805077822,22.90000000000009
1308,52.28,0.98,1,0.011,0.29,0.066,-0.015,-0.038,0.0,0.0,0.0,0.0,0.0,2.09,0.01,0.0,0.21,0.0,0.2,0.88,0.02,0.08,0.02,0.03,0.0,0.0,0.0,0.0,0.0,0.0,1.0,0.0,0.0,0.0,1.0,0.0,1.0,0.0,0.0,0.0,0.0,0.0,0.0,0.23220991081593714,21.484180226389935,23.00195643852931
1309,52.32,0.98,1,0.016,0.298,0.076,-0.012,-0.04,0.0,0.0,0.0,0.0,0.0,2.14,0.0,0.0,0.23,0.0,0.17,0.92,0.02,0.17,0.02,0.04,0.0,0.0,0.0,0.0,0.0,0.0,1.0,0.0,0.0,0.0,1.0,0.0,1.0,0.0,0.0,0.0,0.0,0.0,0.0,0.2261052600361675,20.946837470129083,23.703375287076778
1310,52.36,0.98,1,-0.007,0.297,0.071,-0.017,-0.032,0.0,0.0,0.0,0.0,0.0,2.16,0.0,0.0,0.21,0.0,0.21,0.87,0.02,0.17,0.02,0.04,0.0,0.0,0.0,0.0,0.0,0.0,1.0,0.0,0.0,0.0,1.0,0.0,1.0,0.0,0.0,0.0,0.0,0.0,0.0,0.20096996430999378,22.03837562072123,22.600884938426773
1311,52.4,0.98,1,0.011,0.305,0.079,-0.013,-0.043,0.0,0.0,0.0,0.0,0.0,2.1,0.0,0.0,0.22,0.0,0.23,0.9,0.02,0.19,0.0,0.01,0.0,0.0,0.0,0.0,0.0,0.0,1.0,0.0,0.0,0.0,1.0,0.0,1.0,0.0,0.0,0.0,0.0,0.0,0.0,0.2350201151733517,21.367732682715726,23.500851048419502
1312,52.44,0.98,1,0.017,0.272,0.064,-0.009,-0.038,0.0,0.0,0.0,0.0,0.0,2.03,0.0,0.0,0.25,0.0,0.3,0.86,0.0,0.18,0.0,0.05,0.0,0.0,0.0,0.0,0.0,0.0,1.0,0.0,0.0,0.0,1.0,0.0,1.0,0.0,0.0,0.0,0.0,0.0,0.0,0.23028561782429327,21.04019961882491,23.301931250434972
1313,52.48,0.98,1,-0.004,0.296,0.07,-0.021,-0.032,0.0,0.0,0.0,0.01,0.0,1.98,0.0,0.0,0.27,0.0,0.32,0.88,0.02,0.15,0.0,0.07,0.0,0.0,0.0,0.0,0.0,0.0,1.0,0.0,0.0,0.0,1.0,0.0,1.0,0.0,0.0,0.0,0.0,0.0,0.0,0.20894646100714784,22.144299492194282,22.80197359879179
1314,52.52,0.98,1,0.009,0.306,0.078,-0.016,-0.039,0.0,0.0,0.0,0.01,0.0,1.92,0.0,0.0,0.29,0.0,0.27,0.96,0.04,0.18,0.0,0.12,0.0,0.0,0.0,0.0,0.0,0.0,1.0,0.0,0.0,0.0,1.0,0.0,1.0,0.0,0.0,0.0,0.0,0.0,0.0,0.22403364429590633,22.073513539987236,23.201939574096
1315,52.56,0.98,1,0.019,0.296,0.069,-0.011,-0.04,0.0,0.0,0.0,0.01,0.0,1.97,0.0,0.0,0.26,0.0,0.18,1.02,0.04,0.18,0.0,0.1,0.0,0.0,0.0,0.0,0.0,0.0,1.0,0.0,0.0,0.0,1.0,0.0,1.0,0.0,0.0,0.0,0.0,0.0,0.0,0.22278345731261273,21.459729728027664,23.303433223454388
1316,52.6,0.98,1,-0.005,0.275,0.06,-0.02,-0.033,0.0,0.0,0.0,0.0,0.0,1.88,0.0,0.0,0.26,0.0,0.1,1.02,0.12,0.25,0.0,0.08,0.0,0.0,0.0,0.0,0.0,0.0,1.0,0.0,0.0,0.0,1.0,0.0,1.0,0.0,0.0,0.0,0.0,0.0,0.0,0.22882906346991408,21.623135757794152,22.205629916757644
1317,52.64,0.98,1,0.011,0.304,0.081,-0.016,-0.041,0.0,0.0,0.0,0.0,0.0,1.77,0.0,0.0,0.24,0.0,0.08,0.94,0.09,0.27,0.0,0.03,0.0,0.0,0.0,0.0,0.0,0.0,1.0,0.0,0.0,0.0,1.0,0.0,1.0,0.0,0.0,0.0,0.0,0.0,0.0,0.23318127599840213,20.778113485107404,22.80087717610877
1318,52.68,0.98,1,0.017,0.282,0.062,-0.011,-0.04,0.0,0.0,0.0,0.0,0.0,1.93,0.0,0.0,0.29,0.0,0.2,0.96,0.09,0.24,0.0,0.04,0.0,0.0,0.0,0.0,0.0,0.0,0.0,0.0,0.0,0.0,1.0,0.0,1.0,0.0,0.0,0.0,0.0,0.0,0.0,0.2242657786487004,20.647518010647094,23.200862052949713
1319,52.72,0.98,1,-0.008,0.278,0.058,-0.027,-0.03,0.0,0.0,0.0,0.0,0.0,1.9,0.0,0.0,0.28,0.0,0.29,0.88,0.0,0.22,0.0,0.04,0.0,0.0,0.0,0.0,0.0,0.0,1.0,0.0,0.0,0.0,1.0,0.0,1.0,0.0,0.0,0.0,0.0,0.0,0.0,0.2264514514372175,21.215088969881837,22.20360331117456
1320,52.76,0.98,1,-0.007,0.274,0.061,-0.016,-0.052,0.0,0.0,0.0,0.0,0.0,1.86,0.0,0.0,0.27,0.0,0.29,0.86,0.0,0.15,0.0,0.04,0.0,0.0,0.0,0.0,0.0,0.0,0.0,0.0,0.0,0.0,1.0,0.0,1.0,0.0,0.0,0.0,0.0,0.0,0.0,0.24143982810218345,21.233935103979245,22.70088104017115
1321,52.8,0.98,1,0.018,0.302,0.066,-0.017,-0.048,0.0,0.0,0.0,0.0,0.0,1.86,0.03,0.0,0.22,0.0,0.11,0.81,0.0,0.08,0.0,0.0,0.0,0.0,0.0,0.0,0.0,0.0,0.0,0.0,0.0,0.0,1.0,0.0,1.0,0.0,0.0,0.0,0.0,0.0,0.0,0.2254360857975901,21.79197099851209,23.200862052949713
1322,52.84,0.98,1,-0.012,0.304,0.076,-0.012,-0.049,0.0,0.0,0.0,0.0,0.0,1.86,0.03,0.0,0.24,0.0,0.07,0.98,0.0,0.17,0.0,0.01,0.0,0.0,0.0,0.0,0.0,0.0,0.0,0.0,0.0,0.0,1.0,0.0,1.0,0.0,0.0,0.0,0.0,0.0,0.0,0.22227777326361642,21.65202069091927,21.400934559032788
1323,52.88,0.98,1,-0.04,0.271,0.05,-0.023,-0.038,0.0,0.0,0.0,0.0,0.0,1.85,0.03,0.0,0.25,0.0,0.07,1.02,0.0,0.21,0.0,0.01,0.0,0.0,0.0,0.0,0.0,0.0,0.0,0.0,0.0,0.0,1.0,0.0,1.0,0.0,0.0,0.0,0.0,0.0,0.0,0.2221955888985451,22.61415485929125,21.111608181282776
1324,52.92,0.98,1,-0.025,0.272,0.06,-0.017,-0.047,0.0,0.0,0.0,0.0,0.0,1.7,0.0,0.0,0.28,0.0,0.14,0.99,0.04,0.2,0.0,0.06,0.0,0.0,0.0,0.0,0.0,0.0,0.0,0.0,0.0,0.0,1.0,0.0,1.0,0.0,0.0,0.0,0.0,0.0,0.0,0.2309328918774659,22.826519664635647,21.200235847744757
1325,52.96,0.98,1,-0.037,0.304,0.078,-0.018,-0.049,0.0,0.0,0.0,0.0,0.0,1.79,0.0,0.0,0.25,0.0,0.16,1.0,0.04,0.11,0.0,0.09,0.0,0.0,0.0,0.0,0.0,0.0,0.0,0.0,0.0,0.0,1.0,0.0,1.0,0.0,0.0,0.0,0.0,0.0,0.0,0.2206861680407644,22.856071403458593,23.003477997902838
1326,53.0,0.98,1,-0.032,0.292,0.064,-0.015,-0.048,0.0,0.0,0.0,0.0,0.0,1.86,0.0,0.0,0.22,0.0,0.25,1.01,0.04,0.09,0.01,0.11,0.0,0.0,0.0,0.0,0.0,0.0,0.0,0.0,0.0,0.0,1.0,0.0,1.0,0.0,0.0,0.0,0.0,0.0,0.0,0.21549640204458603,22.936869882353268,23.000869548780106
1327,53.04,0.98,1,-0.031,0.295,0.067,-0.012,-0.049,0.0,0.0,0.0,0.0,0.0,1.65,0.0,0.0,0.18,0.0,0.25,1.02,0.0,0.23,0.01,0.13,0.0,0.0,0.0,0.0,0.0,0.0,0.0,0.0,0.0,0.0,1.0,0.0,1.0,0.0,0.0,0.0,0.0,0.0,0.0,0.20962499565513504,22.94275484766365,22.903493183355106
1328,53.08,0.98,1,-0.053,0.285,0.06,-0.023,-0.037,0.0,0.0,0.0,0.0,0.0,1.71,0.02,0.0,0.17,0.0,0.23,0.93,0.06,0.26,0.01,0.12,0.0,0.0,0.0,0.0,0.0,0.0,0.0,0.0,0.0,0.0,1.0,0.0,1.0,0.0,0.0,0.0,0.0,0.0,0.0,0.21216097029696662,23.825406607233333,21.20377324911776
1329,53.12,0.98,1,-0.04,0.286,0.067,-0.014,-0.044,0.0,0.0,0.0,0.0,0.0,1.82,0.02,0.0,0.15,0.0,0.14,0.94,0.12,0.28,0.0,0.16,0.0,0.0,0.0,0.0,0.0,0.0,0.0,0.0,0.0,0.0,1.0,0.0,1.0,0.0,0.0,0.0,0.0,0.0,0.0,0.21477393935658248,22.837031330713668,23.2034480196369
1330,53.16,0.98,1,-0.031,0.285,0.059,-0.012,-0.043,0.0,0.0,0.0,0.0,0.0,1.97,0.02,0.0,0.11,0.0,0.06,0.97,0.16,0.15,0.0,0.1,0.0,0.0,0.0,0.0,0.0,0.0,0.0,0.0,0.0,0.0,1.0,0.0,1.0,0.0,0.0,0.0,0.0,0.0,0.0,0.21323594612473762,22.921823662178227,22.002045359466017
1331,53.2,0.98,1,-0.035,0.284,0.064,-0.014,-0.045,0.0,0.0,0.0,0.04,0.0,1.8,0.02,0.0,0.07,0.0,0.0,0.95,0.1,0.11,0.0,0.15,0.0,0.0,0.0,0.0,0.0,0.0,0.0,0.0,0.0,0.0,1.0,0.0,1.0,0.0,0.0,0.0,0.0,0.0,0.0,0.21668213766579197,23.136551169091646,22.40357114390458
1332,53.24,0.98,1,-0.044,0.276,0.069,-0.012,-0.047,0.0,0.0,0.0,0.1,0.0,1.75,0.02,0.0,0.06,0.0,0.0,0.87,0.04,0.08,0.0,0.2,0.0,0.0,0.0,0.0,0.0,0.0,0.0,0.0,0.0,0.0,1.0,0.0,1.0,0.0,0.0,0.0,0.0,0.0,0.0,0.22820572974725262,22.73719419805359,22.60199106273618
1333,53.28,0.98,1,-0.036,0.273,0.06,-0.012,-0.044,0.0,0.0,0.0,0.18,0.0,1.67,0.02,0.0,0.08,0.0,0.0,0.88,0.04,0.09,0.0,0.24,0.0,0.0,0.0,0.0,0.0,0.0,0.0,0.0,0.0,0.0,1.0,0.0,1.0,0.0,0.0,0.0,0.0,0.0,0.0,0.2161526580407043,22.74313083108836,22.70550594018997
1334,53.32,0.98,1,-0.042,0.283,0.066,-0.009,-0.045,0.0,0.0,0.0,0.14,0.0,1.77,0.0,0.0,0.12,0.0,0.06,0.88,0.08,0.21,0.0,0.24,0.0,0.0,0.0,0.0,0.0,0.0,0.0,0.0,0.0,0.0,1.0,0.0,1.0,0.0,0.0,0.0,0.0,0.0,0.0,0.2159078096637247,23.121634890292594,22.40803427344741
1335,53.36,0.98,1,-0.061,0.283,0.065,-0.02,-0.037,0.0,0.0,0.0,0.08,0.0,1.88,0.0,0.0,0.13,0.0,0.06,0.92,0.09,0.27,0.0,0.21,0.0,0.0,0.0,0.0,0.0,0.0,0.0,0.0,0.0,0.0,1.0,0.0,1.0,0.0,0.0,0.0,0.0,0.0,0.0,0.21604466937684652,23.407691043757485,21.005951537600005
1336,53.4,0.98,1,-0.047,0.272,0.065,-0.013,-0.042,0.02,0.0,0.0,0.0,0.0,1.87,0.0,0.0,0.15,0.01,0.06,0.92,0.08,0.25,0.0,0.2,0.0,0.0,0.0,0.0,0.0,0.0,0.0,0.0,0.0,0.0,1.0,0.0,1.0,0.0,0.0,0.0,0.0,0.0,0.0,0.2284367521138379,22.91767876552955,21.80091741188884
1337,53.44,0.98,1,-0.043,0.269,0.058,-0.011,-0.041,0.02,0.0,0.0,0.0,0.0,1.77,0.0,0.0,0.1,0.01,0.0,0.93,0.04,0.16,0.0,0.15,0.0,0.0,0.0,0.0,0.0,0.0,0.0,0.0,0.0,0.0,1.0,0.0,1.0,0.0,0.0,0.0,0.0,0.0,0.0,0.22114111998706426,23.213789005675096,22.5055548698538
1338,53.48,0.98,1,-0.042,0.284,0.065,-0.011,-0.046,0.02,0.0,0.0,0.0,0.0,1.58,0.0,0.0,0.11,0.01,0.0,0.97,0.05,0.26,0.0,0.09,0.0,0.0,0.0,0.0,0.0,0.0,0.0,0.0,0.0,0.0,1.0,0.0,1.0,0.0,0.0,0.0,0.0,0.0,0.0,0.21839043067520153,23.513613078385042,21.803669415949187
1339,53.52,0.98,1,-0.067,0.282,0.064,-0.017,-0.035,0.0,0.0,0.0,0.0,0.0,1.68,0.0,0.0,0.09,0.0,0.06,0.92,0.07,0.31,0.0,0.06,0.0,0.0,0.0,0.0,0.0,0.0,0.0,0.0,0.0,0.0,1.0,0.0,1.0,0.0,0.0,0.0,0.0,0.0,0.0,0.213618719967493,23.601906702637528,20.90861066642171
1340,53.56,0.98,1,-0.049,0.283,0.071,-0.011,-0.044,0.0,0.0,0.0,0.03,0.0,1.77,0.0,0.0,0.09,0.0,0.06,0.93,0.07,0.3,0.0,0.03,0.0,0.0,0.0,0.0,0.0,0.0,0.0,0.0,0.0,0.0,1.0,0.0,1.0,0.0,0.0,0.0,0.0,0.0,0.0,0.2212080282103791,23.310512649875328,21.30093894644079
1341,53.6,0.98,1,-0.045,0.278,0.061,-0.01,-0.044,0.0,0.0,0.0,0.03,0.0,1.76,0.0,0.0,0.09,0.0,0.13,0.94,0.06,0.29,0.0,0.02,0.0,0.0,0.0,0.0,0.0,0.0,0.0,0.0,0.0,0.0,1.0,0.0,1.0,0.0,0.0,0.0,0.0,0.0,0.0,0.20966197607444106,22.910696191953523,21.903652663425664
1342,53.64,0.98,1,-0.066,0.281,0.062,-0.021,-0.035,0.03,0.0,0.0,0.03,0.0,1.65,0.0,0.0,0.11,0.0,0.07,0.95,0.0,0.34,0.0,0.04,0.0,0.0,0.0,0.0,0.0,0.0,0.0,0.0,0.0,0.0,1.0,0.0,1.0,0.0,0.0,0.0,0.0,0.0,0.0,0.2114706443707537,23.405341270744024,20.403921191771047
1343,53.68,0.98,1,-0.055,0.266,0.067,-0.012,-0.043,0.03,0.0,0.0,0.0,0.0,1.61,0.0,0.0,0.14,0.0,0.07,0.92,0.0,0.37,0.0,0.08,0.0,0.0,0.0,0.0,0.0,0.0,0.0,0.0,0.0,0.0,1.0,0.0,1.0,0.0,0.0,0.0,0.0,0.0,0.0,0.21995677720216888,23.51042322035058,22.805481797146886
1344,53.72,0.98,1,-0.055,0.269,0.063,-0.009,-0.043,0.03,0.0,0.0,0.08,0.0,1.69,0.0,0.0,0.15,0.0,0.13,0.91,0.13,0.4,0.0,0.12,0.0,0.0,0.0,0.0,0.0,0.0,0.0,0.0,0.0,0.0,1.0,0.0,1.0,0.0,0.0,0.0,0.0,0.0,0.0,0.21778541797701603,23.405341270744024,21.902054698132865
1345,53.76,0.98,1,-0.075,0.281,0.06,-0.021,-0.034,0.0,0.0,0.0,0.09,0.0,1.72,0.0,0.0,0.17,0.0,0.19,0.88,0.13,0.37,0.0,0.08,0.0,0.0,0.0,0.0,0.0,0.0,0.0,0.0,0.0,0.0,1.0,0.0,1.0,0.0,0.0,0.0,0.0,0.0,0.0,0.21426526548009683,23.10541062175711,20.702173798903384
1346,53.8,0.98,1,-0.062,0.288,0.074,-0.014,-0.044,0.0,0.0,0.0,0.09,0.0,1.75,0.0,0.0,0.17,0.0,0.21,0.91,0.13,0.32,0.0,0.04,0.0,0.0,0.0,0.0,0.0,0.0,0.0,0.0,0.0,0.0,1.0,0.0,1.0,0.0,0.0,0.0,0.0,0.0,0.0,0.21129505543940721,23.30772404161351,22.70088104017115
1347,53.84,0.98,1,-0.065,0.274,0.059,-0.008,-0.043,0.0,0.0,0.0,0.01,0.0,1.64,0.0,0.0,0.14,0.0,0.19,0.94,0.1,0.31,0.0,0.06,0.0,0.0,0.0,0.0,0.0,0.0,0.0,0.0,0.0,0.0,1.0,0.0,1.0,0.0,0.0,0.0,0.0,0.0,0.0,0.21198392738287242,23.001956438529312,22.003636063160105
1348,53.88,0.98,1,-0.08,0.274,0.058,-0.02,-0.033,0.0,0.0,0.0,0.0,0.0,1.79,0.0,0.0,0.15,0.0,0.17,0.98,0.1,0.29,0.0,0.1,0.0,0.0,0.0,0.0,0.0,0.0,0.0,0.0,0.0,0.0,1.0,0.0,1.0,0.0,0.0,0.0,0.0,0.0,0.0,0.21672170342826952,22.805481797146886,20.40220576310303
1349,53.92,0.98,1,-0.066,0.272,0.063,-0.012,-0.042,0.0,0.0,0.0,0.0,0.0,1.77,0.0,0.0,0.18,0.0,0.28,1.08,0.13,0.42,0.0,0.18,0.0,0.0,0.0,0.0,0.0,0.0,0.0,0.0,0.0,0.0,1.0,0.0,1.0,0.0,0.0,0.0,0.0,0.0,0.0,0.21319039546766086,23.303433223454388,22.701982292302183
1350,53.96,0.98,1,-0.071,0.275,0.058,-0.022,-0.032,0.0,0.0,0.0,0.0,0.0,1.95,0.04,0.0,0.18,0.0,0.17,1.08,0.03,0.29,0.0,0.14,0.0,0.0,0.0,0.0,0.0,0.0,0.0,0.0,0.0,0.0,1.0,0.0,1.0,0.0,0.0,0.0,0.0,0.0,0.0,0.2180630078081588,21.402102700435858,20.702173798903384
1351,54.0,0.98,1,-0.057,0.274,0.065,-0.012,-0.042,0.0,0.0,0.0,0.0,0.0,1.92,0.05,0.0,0.22,0.0,0.19,1.18,0.03,0.31,0.0,0.21,0.26,0.0,0.0,0.0,0.0,0.0,0.0,0.0,0.0,0.0,1.0,0.0,1.0,0.0,0.0,0.0,0.0,0.0,0.0,0.21356255988731598,22.803508501982712,22.59999999999991
1352,54.04,0.98,1,-0.073,0.317,0.056,-0.027,-0.031,0.15,0.0,0.0,0.0,0.0,1.47,0.1,0.01,0.2,0.0,0.19,1.06,0.11,0.15,0.0,0.14,0.86,0.0,0.0,0.0,0.0,0.0,0.0,0.0,0.0,0.0,1.0,0.0,1.0,0.0,0.0,0.0,0.0,0.0,1.0,0.20515913252077322,18.704277585622002,19.649936386665388
1353,54.08,0.98,1,-0.012,0.437,0.066,-0.024,-0.038,0.33,0.0,0.0,0.0,0.0,1.09,0.1,0.01,0.27,0.03,0.36,1.05,0.25,0.09,0.0,0.11,1.53,0.0,0.0,0.0,0.0,0.0,0.0,0.0,0.0,0.0,1.0,0.0,1.0,0.0,0.0,0.0,0.0,0.0,1.0,0.16464836762187987,15.980300372646171,20.739334608419725
1354,54.12,0.98,1,-0.005,0.444,0.064,-0.019,-0.039,0.35,0.0,0.0,0.0,0.0,0.84,0.08,0.01,0.22,0.03,0.35,1.05,0.25,0.0,0.0,0.0,1.81,0.0,0.0,0.0,0.0,0.0,0.0,0.0,0.0,0.0,1.0,0.0,1.0,0.0,0.0,0.0,0.0,0.0,1.0,0.16889045632441496,16.152399202595394,22.25241559921071
1355,54.16,0.98,1,-0.036,0.39,0.057,-0.017,-0.038,0.37,0.0,0.0,0.0,0.0,1.28,0.03,0.0,0.2,0.03,0.22,1.18,0.14,0.0,0.0,0.0,1.6,0.0,0.0,0.0,0.0,0.0,0.0,0.0,0.0,0.0,1.0,0.0,1.0,0.0,0.0,0.0,0.0,0.0,1.0,0.1717820610358134,17.5182761709022,19.84565443617323
1356,54.2,0.98,1,-0.012,0.314,0.043,-0.013,-0.036,0.19,0.0,0.0,0.0,0.0,1.53,0.02,0.0,0.16,0.0,0.07,1.25,0.0,0.0,0.0,0.05,1.19,0.0,0.0,0.0,0.0,0.0,0.0,0.0,0.0,0.0,1.0,0.0,1.0,0.0,0.0,0.0,0.0,0.0,1.0,0.19081619266891564,18.002499826412997,20.497804760510423
1357,54.24,0.98,1,-0.022,0.311,0.053,-0.017,-0.039,0.18,0.0,0.0,0.0,0.0,1.78,0.02,0.0,0.19,0.0,0.02,1.22,0.0,0.0,0.0,0.08,0.65,0.0,0.0,0.0,0.0,0.0,0.0,0.0,0.0,0.0,1.0,0.0,1.0,0.0,0.0,0.0,0.0,0.0,0.0,0.1850851995432732,17.202616080119952,17.763445611705
1358,54.28,0.98,1,-0.013,0.323,0.053,-0.016,-0.04,0.0,0.0,0.0,0.08,0.0,1.86,0.03,0.0,0.19,0.01,0.03,1.18,0.0,0.0,0.0,0.08,0.26,0.0,0.0,0.0,0.0,0.0,0.0,0.0,0.0,0.0,1.0,0.0,1.0,0.0,0.0,0.0,0.0,0.0,0.0,0.18052498530666394,17.301156030739634,17.917868176766873
1359,54.32,0.98,1,-0.025,0.332,0.072,-0.015,-0.047,0.0,0.0,0.0,0.08,0.0,2.17,0.01,0.02,0.18,0.01,0.05,1.2,0.03,0.07,0.0,0.13,0.0,0.0,0.0,0.0,0.0,0.0,0.0,0.0,0.0,0.0,1.0,0.0,1.0,0.0,0.0,0.0,0.0,0.0,0.0,0.19748209346241857,18.209887424144103,17.80702108720036
1360,54.36,0.98,1,-0.045,0.295,0.043,-0.031,-0.028,0.01,0.0,0.0,0.08,0.0,2.19,0.01,0.02,0.16,0.01,0.05,1.2,0.03,0.07,0.0,0.11,0.0,0.0,0.0,0.0,0.0,0.0,0.0,0.0,0.0,0.0,1.0,0.0,1.0,0.0,0.0,0.0,0.0,0.0,0.0,0.1961999676028096,19.712432625122467,18.704277585621774
1361,54.4,0.98,1,-0.034,0.288,0.048,-0.018,-0.04,0.02,0.0,0.0,0.02,0.0,2.16,0.0,0.02,0.17,0.03,0.04,1.22,0.03,0.07,0.0,0.11,0.0,0.0,0.0,0.0,0.0,0.0,0.0,0.0,0.0,0.0,1.0,0.0,1.0,0.0,0.0,0.0,0.0,0.0,0.0,0.1985950988132838,20.41200627082021,18.40679222461109
1362,54.44,0.98,1,-0.024,0.297,0.051,-0.018,-0.041,0.02,0.0,0.0,0.03,0.0,1.98,0.0,0.0,0.17,0.03,0.0,1.18,0.0,0.0,0.0,0.01,0.0,0.0,0.0,0.0,0.0,0.0,1.0,0.0,0.0,0.0,1.0,0.0,1.0,0.0,0.0,0.0,0.0,0.0,0.0,0.20449993731210553,20.30615670184802,19.116746585128055
1363,54.48,0.98,1,-0.031,0.295,0.052,-0.018,-0.044,0.01,0.0,0.0,0.03,0.0,1.93,0.0,0.0,0.2,0.03,0.0,1.14,0.0,0.0,0.0,0.0,0.0,0.0,0.0,0.0,0.0,0.0,1.0,0.0,0.0,0.0,1.0,0.0,1.0,0.0,0.0,0.0,0.0,0.0,0.0,0.20233817471604812,21.10213259365025,19.00657780874821
1364,54.52,0.98,1,-0.029,0.303,0.052,-0.019,-0.043,0.0,0.0,0.0,0.05,0.0,2.01,0.0,0.0,0.21,0.0,0.04,1.1,0.0,0.02,0.0,0.0,0.0,0.0,0.0,0.0,0.0,0.0,1.0,0.0,0.0,0.0,1.0,0.0,1.0,0.0,0.0,0.0,0.0,0.0,0.0,0.20479551748426483,20.803845798313304,18.9023808024279
1365,54.56,0.98,1,-0.036,0.309,0.064,-0.017,-0.048,0.0,0.0,0.0,0.04,0.0,2.06,0.0,0.0,0.24,0.0,0.1,1.09,0.0,0.02,0.0,0.0,0.0,0.0,0.0,0.0,0.0,0.0,1.0,0.0,0.0,0.0,1.0,0.0,1.0,0.0,0.0,0.0,0.0,0.0,0.0,0.20594773955414442,21.100236965493924,18.509727172489605
1366,54.6,0.98,1,-0.032,0.298,0.052,-0.016,-0.044,0.04,0.0,0.0,0.04,0.0,2.11,0.0,0.0,0.21,0.0,0.1,1.12,0.04,0.04,0.0,0.0,0.0,0.0,0.0,0.0,0.0,0.0,1.0,0.0,0.0,0.0,1.0,0.0,1.0,0.0,0.0,0.0,0.0,0.0,0.0,0.2091970638870548,21.40210270043586,19.402319448972968
1367,54.64,0.98,1,-0.03,0.298,0.06,-0.011,-0.048,0.04,0.0,0.0,0.0,0.0,2.16,0.0,0.0,0.22,0.0,0.12,1.22,0.04,0.12,0.0,0.03,0.0,0.0,0.0,0.0,0.0,0.0,1.0,0.0,0.0,0.0,1.0,0.0,1.0,0.0,0.0,0.0,0.0,0.0,0.0,0.2057413193959425,20.900956915892493,18.506755523321747
1368,54.68,0.98,1,-0.023,0.295,0.04,-0.025,-0.033,0.12,0.0,0.0,0.05,0.0,2.13,0.0,0.0,0.17,0.1,0.16,1.2,0.07,0.12,0.0,0.03,0.0,0.0,0.0,0.0,0.0,0.0,1.0,0.0,0.0,0.0,1.0,0.0,1.0,0.0,0.0,0.0,0.0,0.0,0.0,0.1976450773569028,19.602295783912567,19.90226117806727
1369,54.72,0.98,1,-0.033,0.283,0.051,-0.017,-0.056,0.08,0.0,0.0,0.05,0.0,2.26,0.0,0.0,0.17,0.1,0.21,1.14,0.08,0.14,0.0,0.08,0.0,0.0,0.0,0.0,0.0,0.0,1.0,0.0,0.0,0.0,1.0,0.0,1.0,0.0,0.0,0.0,0.0,0.0,0.0,0.21411088272907575,19.399999999999864,18.906612599828527
1370,54.76,0.98,1,-0.035,0.3,0.063,-0.016,-0.049,0.17,0.0,0.0,0.05,0.0,2.28,0.0,0.0,0.13,0.13,0.15,1.04,0.14,0.05,0.0,0.04,0.0,0.0,0.0,0.0,0.0,0.0,1.0,0.0,0.0,0.0,1.0,0.0,1.0,0.0,0.0,0.0,0.0,0.0,0.0,0.2111902323937288,21.700000000000045,18.80106379968959
1371,54.8,0.98,1,-0.029,0.275,0.043,-0.017,-0.041,0.1,0.0,0.0,0.03,0.0,2.27,0.0,0.0,0.13,0.03,0.09,1.02,0.14,0.05,0.0,0.04,0.0,0.0,0.0,0.0,0.0,0.0,1.0,0.0,0.0,0.0,1.0,0.0,1.0,0.0,0.0,0.0,0.0,0.0,0.0,0.22403080796114194,21.30211257129203,20.00099997500125
1372,54.84,0.98,1,-0.047,0.291,0.058,-0.015,-0.044,0.1,0.0,0.0,0.03,0.0,2.06,0.0,0.0,0.15,0.06,0.04,1.08,0.13,0.0,0.0,0.0,0.0,0.0,0.0,0.0,0.0,0.0,1.0,0.0,0.0,0.0,1.0,0.0,1.0,0.0,0.0,0.0,0.0,0.0,0.0,0.2223909359284416,21.80022935659182,19.704060495238075
1373,54.88,0.98,1,-0.039,0.286,0.051,-0.017,-0.041,0.01,0.0,0.0,0.03,0.0,1.92,0.0,0.0,0.14,0.03,0.1,1.11,0.09,0.0,0.0,0.0,0.0,0.0,0.0,0.0,0.0,0.0,1.0,0.0,0.0,0.0,1.0,0.0,1.0,0.0,0.0,0.0,0.0,0.0,0.0,0.22181146578372432,21.800229356591597,20.603883129158095
1374,54.92,0.98,1,-0.021,0.288,0.057,-0.017,-0.041,0.0,0.0,0.0,0.0,0.0,1.99,0.0,0.0,0.16,0.03,0.05,1.18,0.06,0.02,0.0,0.0,0.0,0.0,0.0,0.0,0.0,0.0,1.0,0.0,0.0,0.0,1.0,0.0,1.0,0.0,0.0,0.0,0.0,0.0,0.0,0.21926104389447754,19.701015202268174,21.822923727127122
1375,54.96,0.98,1,0.007,0.279,0.049,-0.014,-0.04,0.02,0.0,0.0,0.0,0.0,2.13,0.0,0.0,0.17,0.0,0.16,1.1,0.05,0.08,0.0,0.0,0.0,0.0,0.0,0.0,0.0,0.0,1.0,0.0,0.0,0.0,1.0,0.0,1.0,0.0,0.0,0.0,0.0,0.0,0.0,0.2222794942157092,20.100248754679537,22.74313083108836
1376,55.0,0.98,1,0.022,0.311,0.069,-0.016,-0.046,0.02,0.0,0.0,0.0,0.0,2.27,0.0,0.0,0.21,0.0,0.18,1.11,0.03,0.11,0.0,0.0,0.0,0.0,0.0,0.0,0.0,0.0,1.0,0.0,0.0,0.0,1.0,0.0,1.0,0.0,0.0,0.0,0.0,0.0,0.0,0.22589927555533124,19.22108217556966,22.722015755649668
1377,55.04,0.98,1,0.016,0.285,0.056,-0.015,-0.043,0.07,0.0,0.0,0.0,0.0,2.28,0.0,0.0,0.21,0.02,0.26,1.09,0.03,0.17,0.0,0.01,0.0,0.0,0.0,0.0,0.0,0.0,1.0,0.0,0.0,0.0,1.0,0.0,1.0,0.0,0.0,0.0,0.0,0.0,0.0,0.22576772456378028,19.809088823062968,22.308070288574893
1378,55.08,0.98,1,0.02,0.295,0.062,-0.014,-0.046,0.11,0.0,0.0,0.07,0.0,2.2,0.0,0.0,0.24,0.09,0.33,1.01,0.09,0.14,0.0,0.03,0.0,0.0,0.0,0.0,0.0,0.0,1.0,0.0,0.0,0.0,1.0,0.0,1.0,0.0,0.0,0.0,0.0,0.0,0.0,0.21788488525371727,19.50640920313116,22.62211307548449
1379,55.12,0.98,1,0.004,0.249,0.043,-0.012,-0.057,0.11,0.0,0.0,0.07,0.0,1.99,0.0,0.01,0.3,0.09,0.38,0.93,0.09,0.25,0.0,0.03,0.0,0.0,0.0,0.0,0.0,0.0,1.0,0.0,0.0,0.0,1.0,0.0,1.0,0.0,0.0,0.0,0.0,0.0,0.0,0.23318781746872136,20.012246250733575,22.31434516180114
1380,55.16,0.98,1,-0.025,0.254,0.044,-0.024,-0.04,0.06,0.0,0.0,0.12,0.0,1.98,0.0,0.01,0.31,0.07,0.51,0.75,0.15,0.24,0.0,0.05,0.0,0.0,0.0,0.0,0.0,0.0,1.0,0.0,0.0,0.0,1.0,0.0,1.0,0.0,0.0,0.0,0.0,0.0,0.0,0.22799526302451928,22.100226243185748,22.403571143904806
1381,55.2,0.98,1,-0.005,0.277,0.054,-0.015,-0.057,0.0,0.0,0.0,0.06,0.0,1.98,0.0,0.01,0.3,0.1,0.47,0.81,0.06,0.28,0.0,0.04,0.0,0.0,0.0,0.0,0.0,0.0,1.0,0.0,0.0,0.0,1.0,0.0,1.0,0.0,0.0,0.0,0.0,0.0,0.0,0.2317530275241219,20.908610666421485,22.011133546457803
1382,55.24,0.98,1,0.0,0.239,0.037,-0.013,-0.06,0.0,0.0,0.0,0.06,0.0,1.86,0.0,0.0,0.22,0.1,0.5,0.85,0.06,0.3,0.0,0.11,0.0,0.0,0.0,0.0,0.0,0.0,1.0,0.0,0.0,0.0,1.0,0.0,1.0,0.0,0.0,0.0,0.0,0.0,0.0,0.23894949371060414,20.708693826506824,21.900913222968445
1383,55.28,0.98,1,-0.019,0.262,0.045,-0.024,-0.045,0.0,0.0,0.0,0.0,0.0,1.7,0.0,0.0,0.23,0.1,0.43,1.03,0.0,0.37,0.0,0.08,0.0,0.0,0.0,0.0,0.0,0.0,1.0,0.0,0.0,0.0,1.0,0.0,1.0,0.0,0.0,0.0,0.0,0.0,0.0,0.22800574409284025,22.003636063160105,22.200900882621905
1384,55.32,0.98,1,-0.006,0.248,0.043,-0.018,-0.059,0.04,0.0,0.0,0.13,0.0,1.61,0.0,0.0,0.18,0.0,0.44,1.05,0.0,0.33,0.0,0.14,0.0,0.0,0.0,0.0,0.0,0.0,1.0,0.0,0.0,0.0,1.0,0.0,1.0,0.0,0.0,0.0,0.0,0.0,0.0,0.24306916507797205,21.219095173922987,21.7036863228347
1385,55.36,0.98,1,0.006,0.262,0.058,-0.014,-0.054,0.04,0.0,0.0,0.14,0.0,1.77,0.0,0.0,0.19,0.0,0.33,1.03,0.0,0.22,0.0,0.06,0.0,0.0,0.0,0.0,0.0,0.0,0.0,0.0,0.0,0.0,1.0,0.0,1.0,0.0,0.0,0.0,0.0,0.0,0.0,0.24375607830459817,21.128653530218063,22.10814329607975
1386,55.4,0.98,1,0.004,0.268,0.048,-0.016,-0.048,0.04,0.0,0.0,0.27,0.0,1.71,0.0,0.0,0.16,0.0,0.29,0.99,0.0,0.15,0.0,0.06,0.0,0.0,0.0,0.0,0.0,0.0,1.0,0.0,0.0,0.0,1.0,0.0,1.0,0.0,0.0,0.0,0.0,0.0,0.0,0.22725507220914914,21.818570072303043,22.211033294288722
1387,55.44,0.98,1,0.011,0.271,0.061,-0.016,-0.051,0.0,0.0,0.0,0.16,0.0,1.64,0.0,0.0,0.12,0.0,0.18,1.07,0.0,0.23,0.0,0.01,0.0,0.0,0.0,0.0,0.0,0.0,1.0,0.0,0.0,0.0,1.0,0.0,1.0,0.0,0.0,0.0,0.0,0.0,0.0,0.23908860269199678,21.633307652784076,22.310983842045108
1388,55.48,0.98,1,0.015,0.258,0.047,-0.017,-0.047,0.0,0.0,0.0,0.18,0.0,1.71,0.0,0.0,0.06,0.0,0.22,1.09,0.0,0.26,0.0,0.01,0.0,0.0,0.0,0.0,0.0,0.0,1.0,0.0,0.0,0.0,1.0,0.0,1.0,0.0,0.0,0.0,0.0,0.0,0.0,0.23441094882402702,21.433618453261776,22.211033294288494
1389,55.52,0.98,1,0.004,0.267,0.058,-0.018,-0.05,0.0,0.0,0.0,0.05,0.0,2.0,0.0,0.0,0.04,0.0,0.21,1.09,0.0,0.24,0.0,0.01,0.0,0.0,0.0,0.0,0.0,0.0,0.0,0.0,0.0,0.0,1.0,0.0,1.0,0.0,0.0,0.0,0.0,0.0,0.0,0.24256406441944972,21.22357180118375,22.111083193728792
1390,55.56,0.98,1,0.0,0.276,0.043,-0.018,-0.045,0.12,0.0,0.0,0.03,0.0,1.83,0.02,0.0,0.09,0.0,0.35,1.08,0.0,0.13,0.01,0.04,0.56,0.0,0.0,0.0,0.0,0.0,0.0,0.0,0.0,0.0,1.0,0.0,1.0,0.0,0.0,0.0,0.0,0.0,0.0,0.21055269360260226,20.202227599945324,19.706344156133902
1391,55.6,0.98,1,0.021,0.406,0.051,-0.025,-0.05,0.28,0.0,0.0,0.0,0.0,1.4,0.02,0.0,0.2,0.08,0.4,0.92,0.07,0.05,0.01,0.04,1.32,0.0,0.0,0.0,0.0,0.0,1.0,0.0,0.0,0.0,1.0,0.0,1.0,0.0,0.0,0.0,0.0,0.0,1.0,0.17621620905338942,15.608010763707115,20.80624906127969
1392,55.64,0.98,1,-0.006,0.421,0.036,-0.028,-0.057,0.35,0.0,0.0,0.0,0.0,0.96,0.02,0.0,0.23,0.08,0.43,0.97,0.07,0.0,0.01,0.04,1.98,0.0,0.0,0.0,0.0,0.0,1.0,0.0,0.0,0.0,1.0,0.0,1.0,0.0,0.0,0.0,0.0,0.0,1.0,0.17008457261956625,16.9852877514629,21.236054247434858
1393,55.68,0.98,1,0.009,0.379,0.024,-0.022,-0.045,0.29,0.0,0.0,0.02,0.0,1.21,0.0,0.0,0.19,0.18,0.44,0.91,0.1,0.0,0.01,0.0,1.73,0.0,0.0,0.0,0.0,0.0,1.0,0.0,0.0,0.0,1.0,0.0,1.0,0.0,0.0,0.0,0.0,0.0,1.0,0.16773147608729644,16.5366260162102,21.51278689523964
1394,55.72,0.98,1,0.004,0.33,0.032,-0.015,-0.059,0.16,0.0,0.0,0.02,0.0,1.67,0.03,0.0,0.11,0.1,0.43,1.07,0.03,0.01,0.01,0.0,1.12,0.0,0.0,0.0,0.0,0.0,1.0,0.0,0.0,0.0,1.0,0.0,1.0,0.0,0.0,0.0,0.0,0.0,1.0,0.18948388957943535,18.113530854032756,19.691876497682905
1395,55.76,0.98,1,0.0,0.297,0.044,-0.019,-0.054,0.1,0.0,0.0,0.02,0.0,2.18,0.03,0.0,0.11,0.25,0.54,0.96,0.03,0.01,0.01,0.0,0.46,0.0,0.0,0.0,0.0,0.0,1.0,0.0,0.0,0.0,1.0,0.0,1.0,0.0,0.0,0.0,0.0,0.0,1.0,0.18342241650167496,17.70112990743816,18.408965207202666
1396,55.8,0.98,1,0.004,0.288,0.038,-0.015,-0.064,0.06,0.0,0.0,0.02,0.0,2.38,0.03,0.0,0.11,0.15,0.55,1.03,0.0,0.01,0.0,0.0,0.16,0.0,0.0,0.0,0.0,0.0,1.0,0.0,0.0,0.0,1.0,0.0,1.0,0.0,0.0,0.0,0.0,0.0,0.0,0.18156563714390256,16.60481857775039,17.833956375409198
1397,55.84,0.98,1,-0.005,0.31,0.055,-0.016,-0.057,0.02,0.0,0.0,0.02,0.0,2.39,0.0,0.0,0.14,0.15,0.51,1.02,0.0,0.0,0.0,0.0,0.01,0.0,0.0,0.0,0.0,0.0,1.0,0.0,0.0,0.0,1.0,0.0,1.0,0.0,0.0,0.0,0.0,0.0,0.0,0.18914803162403215,17.5025712396779,18.333030300525834
1398,55.88,0.98,1,-0.017,0.289,0.039,-0.018,-0.048,0.02,0.0,0.0,0.02,0.0,2.32,0.02,0.0,0.12,0.0,0.46,1.05,0.0,0.0,0.0,0.0,0.01,0.0,0.0,0.0,0.0,0.0,1.0,0.0,0.0,0.0,1.0,0.0,1.0,0.0,0.0,0.0,0.0,0.0,0.0,0.19228906676781132,19.916073910286723,18.809572031282322
1399,55.92,0.98,1,-0.018,0.303,0.053,-0.02,-0.05,0.03,0.0,0.0,0.0,0.0,2.28,0.02,0.0,0.13,0.01,0.41,0.91,0.03,0.0,0.0,0.0,0.0,0.0,0.0,0.0,0.0,0.0,1.0,0.0,0.0,0.0,1.0,0.0,0.0,0.0,0.0,0.0,0.0,0.0,0.0,0.19580435717598924,20.302216627747775,18.506755523321747
1400,55.96,0.98,1,0.004,0.269,0.035,-0.015,-0.06,0.03,0.0,0.0,0.0,0.0,2.23,0.03,0.0,0.1,0.01,0.46,0.84,0.06,0.01,0.0,0.0,0.0,0.0,0.0,0.0,0.0,0.0,1.0,0.0,0.0,0.0,1.0,0.0,1.0,0.0,0.0,0.0,0.0,0.0,0.0,0.20183659861925474,20.30221662774777,18.802393464662906
1401,56.0,0.98,1,-0.001,0.258,0.037,-0.013,-0.063,0.03,0.0,0.0,0.04,0.0,2.13,0.0,0.0,0.11,0.03,0.39,0.76,0.14,0.01,0.0,0.0,0.0,0.0,0.0,0.0,0.0,0.0,1.0,0.0,0.0,0.0,1.0,0.0,1.0,0.0,0.0,0.0,0.0,0.0,0.0,0.21375469537835068,20.300246303924673,19.10418802252546
1402,56.04,0.98,1,0.001,0.256,0.027,-0.017,-0.063,0.06,0.0,0.0,0.04,0.0,2.16,0.0,0.0,0.16,0.08,0.31,0.84,0.16,0.03,0.0,0.0,0.08,0.0,0.0,0.0,0.0,0.0,1.0,0.0,0.0,0.0,1.0,0.0,0.0,0.0,0.0,0.0,0.0,0.0,0.0,0.22545094564062135,20.20396000787969,19.809088823062968
1403,56.08,0.98,1,0.016,0.314,0.041,-0.014,-0.068,0.28,0.0,0.0,0.04,0.0,2.12,0.0,0.0,0.15,0.09,0.23,0.92,0.13,0.02,0.1,0.05,0.45,0.0,0.0,0.0,0.0,0.0,1.0,0.0,0.0,0.0,1.0,0.0,0.0,0.0,0.0,0.0,0.0,0.0,0.0,0.1781620704871288,20.503902067655318,19.636700333813856
1404,56.12,0.98,1,0.019,0.386,0.039,-0.014,-0.057,0.58,0.11,0.0,0.0,0.0,1.64,0.0,0.0,0.17,0.08,0.22,0.87,0.1,0.02,0.17,0.05,0.88,0.0,0.0,0.0,0.0,0.0,1.0,0.0,0.0,0.0,1.0,0.0,0.0,0.0,0.0,0.0,0.0,0.0,1.0,0.1754264865857909,18.902380802427903,19.388914358467883
1405,56.16,0.98,1,-0.002,0.375,0.019,-0.016,-0.058,0.84,0.14,0.0,0.0,0.0,1.07,0.0,0.0,0.15,0.03,0.23,0.8,0.22,0.0,0.28,0.06,1.35,1.0,1.0,0.0,0.0,0.0,0.0,0.0,0.0,0.0,1.0,0.0,0.0,0.0,0.0,0.0,0.0,0.0,1.0,0.20286809440566567,17.718069872308376,20.91626161626385
1406,56.2,0.98,1,-0.015,0.382,0.041,-0.017,-0.05,0.93,0.14,0.0,0.0,0.0,0.53,0.0,0.0,0.22,0.01,0.36,0.68,0.38,0.0,0.24,0.01,1.41,1.0,1.0,0.0,0.0,0.0,0.0,0.0,0.0,0.0,1.0,0.0,0.0,0.0,0.0,0.0,0.0,0.0,1.0,0.19599412902769953,19.075901027212314,18.988944151795312
1407,56.24,0.98,1,-0.023,0.392,0.036,-0.02,-0.055,0.93,0.09,0.0,0.0,0.0,0.63,0.0,0.0,0.24,0.0,0.29,0.76,0.49,0.0,0.28,0.01,1.55,1.0,1.0,0.0,0.0,0.0,0.0,0.0,0.0,0.0,1.0,0.0,0.0,1.0,0.0,0.0,0.0,0.0,1.0,0.21578694059362127,18.13339460773975,21.06015194627042
1408,56.28,0.98,1,-0.007,0.38,0.033,-0.021,-0.045,0.87,0.07,0.0,0.0,0.0,0.83,0.0,0.0,0.22,0.0,0.27,0.84,0.34,0.0,0.29,0.0,1.44,1.0,1.0,0.0,0.0,0.0,0.0,0.0,0.0,0.0,1.0,0.0,0.0,1.0,0.0,0.0,0.0,0.0,1.0,0.21499738257784723,17.740631330367073,19.3499354004091
1409,56.32,0.98,1,-0.02,0.383,0.031,-0.023,-0.04,0.86,0.07,0.0,0.0,0.0,0.91,0.0,0.0,0.18,0.05,0.23,0.82,0.27,0.0,0.24,0.0,1.59,1.0,1.0,0.0,0.0,0.0,0.0,0.0,0.0,0.0,1.0,0.0,0.0,1.0,0.0,0.0,0.0,0.0,1.0,0.22324799761020275,17.53453734776027,19.828262657126704
1410,56.36,0.98,1,0.0,0.41,0.041,-0.019,-0.052,0.93,0.05,0.0,0.0,0.0,0.85,0.0,0.0,0.17,0.05,0.2,0.75,0.2,0.0,0.17,0.0,1.51,1.0,1.0,0.0,0.0,0.0,0.0,0.0,0.0,0.0,1.0,0.0,0.0,1.0,0.0,0.0,0.0,0.0,1.0,0.21414965804662825,21.627991122617143,21.289668856043768
1411,56.4,0.98,1,-0.013,0.414,0.031,-0.018,-0.043,1.05,0.13,0.0,0.0,0.0,0.55,0.0,0.0,0.16,0.14,0.16,0.62,0.27,0.0,0.08,0.0,1.59,1.0,1.0,0.0,0.0,0.0,0.0,0.0,0.0,0.0,1.0,0.0,0.0,1.0,0.0,0.0,0.0,0.0,1.0,0.20561622696339948,20.415680248279617,20.831946620515243
1412,56.44,0.98,1,-0.027,0.411,0.04,-0.017,-0.042,1.03,0.13,0.0,0.0,0.0,0.63,0.0,0.0,0.12,0.1,0.06,0.62,0.33,0.0,0.2,0.0,1.61,1.0,1.0,0.0,0.0,0.0,0.0,0.0,0.0,0.0,1.0,0.0,0.0,1.0,0.0,0.0,0.0,0.0,1.0,0.20845505905314196,20.429635336931586,20.619408332927364
1413,56.48,0.98,1,-0.028,0.425,0.034,-0.017,-0.039,0.98,0.07,0.0,0.0,0.0,0.57,0.0,0.0,0.13,0.21,0.16,0.6,0.34,0.0,0.21,0.0,1.71,1.0,1.0,0.0,0.0,0.0,0.0,0.0,0.0,0.0,1.0,0.0,0.0,1.0,0.0,0.0,0.0,0.0,1.0,0.20841644188706587,20.915305400591304,22.264321233758636
1414,56.52,0.98,1,-0.013,0.425,0.041,-0.017,-0.056,0.95,0.07,0.0,0.0,0.0,0.66,0.0,0.0,0.15,0.13,0.34,0.6,0.4,0.0,0.24,0.0,1.8,1.0,1.0,0.0,0.0,0.0,0.0,0.0,0.0,0.0,1.0,0.0,0.0,1.0,0.0,0.0,0.0,0.0,1.0,0.2052600317337233,19.742846805868744,23.04712563423048
1415,56.56,0.98,1,-0.032,0.42,0.052,-0.016,-0.05,0.94,0.07,0.0,0.0,0.0,0.66,0.0,0.0,0.14,0.12,0.38,0.68,0.33,0.0,0.16,0.0,1.72,1.0,1.0,0.0,0.0,0.0,0.0,0.0,0.0,0.0,1.0,0.0,0.0,1.0,0.0,0.0,0.0,0.0,1.0,0.21042718065825525,19.806312125178636,20.421557237390147
1416,56.6,0.98,1,-0.018,0.419,0.041,-0.014,-0.043,0.93,0.07,0.0,0.0,0.0,0.5,0.0,0.0,0.17,0.1,0.45,0.71,0.26,0.0,0.18,0.0,1.9,1.0,1.0,0.0,0.0,0.0,0.0,0.0,0.0,0.0,1.0,0.0,0.0,1.0,0.0,0.0,0.0,0.0,1.0,0.20292337263107893,18.50108104949546,22.363586474445498
1417,56.64,0.98,1,-0.023,0.43,0.036,-0.025,-0.053,1.0,0.05,0.0,0.0,0.0,0.55,0.0,0.05,0.22,0.18,0.51,0.6,0.28,0.0,0.11,0.0,2.11,1.0,1.0,0.0,0.0,0.0,0.0,0.0,0.0,0.0,1.0,0.0,0.0,1.0,0.0,0.0,0.0,0.0,1.0,0.2151037160697039,20.578872661057027,22.607299706068396
1418,56.68,0.98,1,0.014,0.464,0.061,-0.025,-0.063,1.12,0.07,0.0,0.0,0.0,0.33,0.0,0.06,0.28,0.31,0.68,0.46,0.36,0.0,0.07,0.0,2.51,1.0,1.0,0.0,0.0,0.0,0.0,0.0,0.0,0.0,1.0,0.0,0.0,1.0,0.0,0.0,0.0,0.0,1.0,0.18123047465686865,17.64086165695986,21.10473880435386
1419,56.72,0.98,1,-0.013,0.447,0.046,-0.022,-0.06,0.94,0.07,0.0,0.0,0.0,0.62,0.0,0.06,0.28,0.42,0.7,0.45,0.43,0.0,0.06,0.0,2.32,1.0,1.0,0.0,0.0,0.0,0.0,0.0,0.0,0.0,1.0,0.0,0.0,0.0,0.0,0.0,0.0,0.0,1.0,0.17018291212844827,16.388410539158418,20.28003944769343
1420,56.76,0.98,1,0.014,0.426,0.035,-0.018,-0.059,0.63,0.02,0.0,0.0,0.0,0.86,0.01,0.01,0.2,0.34,0.55,0.64,0.28,0.0,0.06,0.0,1.96,1.0,1.0,0.0,0.0,0.0,1.0,0.0,0.0,0.0,1.0,0.0,0.0,0.0,0.0,0.0,0.0,0.0,1.0,0.17694272122223997,18.73846311734241,20.977368757782624
1421,56.8,0.98,1,0.005,0.35,0.047,-0.007,-0.053,0.23,0.0,0.0,0.0,0.0,1.61,0.01,0.0,0.2,0.21,0.38,0.83,0.15,0.04,0.05,0.0,1.26,0.0,0.0,0.0,0.0,0.0,1.0,0.0,0.0,0.0,1.0,0.0,0.0,1.0,0.0,0.0,0.0,0.0,1.0,0.18076358992628927,19.509228585466932,20.86264604502489
1422,56.84,0.98,1,0.005,0.306,0.046,-0.036,-0.037,0.11,0.0,0.0,0.04,0.0,1.94,0.01,0.0,0.15,0.0,0.36,0.85,0.14,0.04,0.0,0.0,0.67,0.0,0.0,0.0,0.0,0.0,1.0,0.0,0.0,0.0,1.0,0.0,0.0,0.0,0.0,0.0,0.0,0.0,1.0,0.179773276719904,17.107308379753867,17.534537347760278
1423,56.88,0.98,1,-0.011,0.293,0.039,-0.02,-0.054,0.03,0.0,0.0,0.16,0.0,2.12,0.0,0.0,0.21,0.03,0.4,0.78,0.2,0.04,0.0,0.0,0.21,0.0,0.0,0.0,0.0,0.0,1.0,0.0,0.0,0.0,1.0,0.0,0.0,0.0,0.0,0.0,0.0,0.0,0.0,0.19794550076773987,19.90401969452411,18.93198351995888
1424,56.92,0.98,1,0.003,0.296,0.053,-0.02,-0.064,0.03,0.0,0.0,0.16,0.0,1.93,0.0,0.0,0.21,0.03,0.45,0.7,0.22,0.0,0.0,0.0,0.0,0.0,0.0,0.0,0.0,0.0,1.0,0.0,0.0,0.0,1.0,0.0,0.0,0.0,0.0,0.0,0.0,0.0,0.0,0.22669851914501854,19.50102561405425,20.00224987345174
1425,56.96,0.98,1,-0.011,0.307,0.067,-0.02,-0.054,0.03,0.0,0.0,0.18,0.0,1.96,0.0,0.0,0.23,0.03,0.48,0.76,0.12,0.0,0.0,0.0,0.0,0.0,0.0,0.0,0.0,0.0,1.0,0.0,0.0,0.0,1.0,0.0,0.0,0.0,0.0,0.0,0.0,0.0,0.0,0.22102297356769673,20.603883129157868,20.90598000573051
1426,57.0,0.98,1,-0.011,0.266,0.041,-0.02,-0.057,0.0,0.0,0.0,0.06,0.0,1.98,0.0,0.0,0.25,0.02,0.5,0.84,0.05,0.0,0.0,0.0,0.0,0.0,0.0,0.0,0.0,0.0,1.0,0.0,0.0,0.0,1.0,0.0,0.0,0.0,0.0,0.0,0.0,0.0,0.0,0.25047508155966813,20.811775512915943,21.703686322834702
1427,57.04,0.98,1,-0.004,0.277,0.053,-0.02,-0.067,0.0,0.0,0.0,0.11,0.0,2.07,0.0,0.0,0.25,0.02,0.42,0.8,0.01,0.0,0.0,0.0,0.0,0.0,0.0,0.0,0.0,0.0,1.0,0.0,0.0,0.0,1.0,0.0,0.0,0.0,0.0,0.0,0.0,0.0,0.0,0.25217902688394506,21.323461257497755,22.205629916757644
1428,57.08,0.98,1,0.02,0.266,0.047,-0.016,-0.067,0.0,0.0,0.0,0.05,0.0,2.01,0.0,0.0,0.25,0.03,0.37,0.8,0.01,0.0,0.0,0.0,0.0,0.0,0.0,0.0,0.0,0.0,1.0,0.0,0.0,0.0,1.0,0.0,0.0,0.0,0.0,0.0,0.0,0.0,0.0,0.26405183840390195,20.87773934122174,23.2034480196369
1429,57.12,0.98,1,0.009,0.277,0.063,-0.021,-0.072,0.0,0.0,0.0,0.1,0.0,1.96,0.02,0.0,0.23,0.01,0.26,0.71,0.0,0.0,0.0,0.0,0.0,0.0,0.0,0.0,0.0,0.0,1.0,0.0,0.0,0.0,1.0,0.0,0.0,0.0,0.0,0.0,0.0,0.0,0.0,0.2734020740615922,22.199549544979423,23.605296015936673
1430,57.16,0.98,1,0.016,0.257,0.05,-0.015,-0.068,0.0,0.0,0.0,0.04,0.0,1.73,0.02,0.0,0.23,0.01,0.22,0.81,0.0,0.0,0.0,0.0,0.0,0.0,0.0,0.0,0.0,0.0,1.0,0.0,0.0,0.0,1.0,0.0,1.0,0.0,0.0,0.0,0.0,0.0,0.0,0.2628808531337896,22.418296099391636,23.705273674859598
1431,57.2,0.98,1,0.007,0.262,0.053,-0.022,-0.056,0.0,0.0,0.0,0.07,0.0,1.59,0.08,0.0,0.28,0.0,0.1,0.87,0.04,0.0,0.0,0.0,0.0,0.0,0.0,0.0,0.0,0.0,1.0,0.0,0.0,0.0,1.0,0.0,1.0,0.0,0.0,0.0,0.0,0.0,0.0,0.2626643363643978,22.05379785887216,21.60092590608111
1432,57.24,0.98,1,0.007,0.281,0.071,-0.023,-0.053,0.0,0.0,0.0,0.13,0.0,1.53,0.06,0.0,0.29,0.0,0.14,0.96,0.1,0.0,0.0,0.0,0.0,0.0,0.0,0.0,0.0,0.0,1.0,0.0,0.0,0.0,1.0,0.0,1.0,0.0,0.0,0.0,0.0,0.0,0.0,0.2543843993508155,22.177466041006586,22.300896842952255
1433,57.28,0.98,1,0.017,0.265,0.063,-0.02,-0.046,0.0,0.0,0.0,0.13,0.0,1.6,0.06,0.0,0.28,0.0,0.23,0.96,0.16,0.0,0.0,0.0,0.0,0.0,0.0,0.0,0.0,0.0,0.0,0.0,0.0,0.0,1.0,0.0,1.0,0.0,0.0,0.0,0.0,0.0,0.0,0.24545672355927256,22.302690420664636,23.500212764994277
1434,57.32,0.98,1,-0.014,0.293,0.076,-0.017,-0.048,0.0,0.0,0.0,0.11,0.0,1.71,0.0,0.0,0.23,0.0,0.21,0.95,0.12,0.0,0.0,0.0,0.0,0.0,0.0,0.0,0.0,0.0,0.0,0.0,0.0,0.0,1.0,0.0,1.0,0.0,0.0,0.0,0.0,0.0,0.0,0.24279288272924954,22.45105788153417,22.907858913481935
1435,57.36,0.98,1,-0.025,0.272,0.059,-0.018,-0.043,0.0,0.0,0.0,0.02,0.0,1.56,0.0,0.0,0.2,0.0,0.28,0.88,0.07,0.01,0.0,0.0,0.0,0.0,0.0,0.0,0.0,0.0,0.0,0.0,0.0,0.0,1.0,0.0,1.0,0.0,0.0,0.0,0.0,0.0,0.0,0.2375792659148333,23.070327262524913,23.000217390276987
1436,57.4,0.98,1,-0.048,0.255,0.06,-0.014,-0.059,0.0,0.0,0.0,0.04,0.0,1.74,0.0,0.0,0.22,0.0,0.31,0.93,0.0,0.12,0.0,0.02,0.0,0.0,0.0,0.0,0.0,0.0,0.0,0.0,0.0,0.0,1.0,0.0,1.0,0.0,0.0,0.0,0.0,0.0,0.0,0.25131866318142937,23.13114783144162,22.921823662178227
1437,57.44,0.98,1,-0.036,0.286,0.067,-0.028,-0.044,0.0,0.0,0.0,0.11,0.0,1.62,0.0,0.0,0.22,0.01,0.38,0.78,0.07,0.12,0.0,0.02,0.0,0.0,0.0,0.0,0.0,0.0,0.0,0.0,0.0,0.0,1.0,0.0,1.0,0.0,0.0,0.0,0.0,0.0,0.0,0.23743976790224774,21.333776037073413,22.105655384991554
1438,57.48,0.98,1,-0.041,0.258,0.053,-0.021,-0.06,0.0,0.0,0.0,0.21,0.0,1.66,0.03,0.0,0.22,0.01,0.35,0.79,0.07,0.11,0.0,0.02,0.0,0.0,0.0,0.0,0.0,0.0,0.0,0.0,0.0,0.0,1.0,0.0,1.0,0.0,0.0,0.0,0.0,0.0,0.0,0.26464081936567496,22.55681715136247,22.617913254763266
1439,57.52,0.98,1,-0.024,0.27,0.074,-0.019,-0.062,0.0,0.0,0.0,0.19,0.0,1.54,0.03,0.0,0.22,0.01,0.22,0.73,0.07,0.04,0.0,0.0,0.0,0.0,0.0,0.0,0.0,0.0,0.0,0.0,0.0,0.0,1.0,0.0,1.0,0.0,0.0,0.0,0.0,0.0,0.0,0.2517685534895761,21.32439917090285,23.305364189387998
1440,57.56,0.98,1,-0.023,0.264,0.059,-0.015,-0.055,0.0,0.0,0.0,0.13,0.0,1.61,0.03,0.0,0.22,0.0,0.24,0.88,0.0,0.18,0.0,0.0,0.0,0.0,0.0,0.0,0.0,0.0,0.0,0.0,0.0,0.0,1.0,0.0,1.0,0.0,0.0,0.0,0.0,0.0,0.0,0.23913693501020838,22.18152384305474,23.30772404161328
1441,57.6,0.98,1,-0.051,0.275,0.057,-0.023,-0.046,0.13,0.0,0.0,0.0,0.0,1.35,0.0,0.0,0.22,0.0,0.15,0.9,0.02,0.17,0.0,0.02,0.43,0.0,0.0,0.0,0.0,0.0,0.0,0.0,0.0,0.0,1.0,0.0,1.0,0.0,0.0,0.0,0.0,0.0,0.0,0.22770120266959312,21.439449619801433,21.911184358678423
1442,57.64,0.98,1,0.014,0.402,0.062,-0.02,-0.048,0.29,0.0,0.0,0.0,0.0,0.78,0.0,0.0,0.27,0.06,0.34,0.79,0.15,0.14,0.0,0.02,1.36,0.0,0.0,0.0,0.0,0.0,0.0,0.0,0.0,0.0,1.0,0.0,1.0,0.0,0.0,0.0,0.0,0.0,1.0,0.18815565676360202,17.710166571774575,20.09004728715191
1443,57.68,0.93,1,-0.019,0.462,0.053,-0.02,-0.057,0.4,0.0,0.0,0.0,0.0,0.28,0.0,0.0,0.35,0.21,0.39,0.87,0.23,0.0,0.0,0.02,2.21,0.0,0.0,0.0,0.0,0.0,0.0,0.0,0.0,0.0,1.0,0.0,1.0,0.0,0.0,0.0,0.0,0.0,1.0,0.17336682278078802,16.62077013859466,19.612750954417375
1444,57.72,0.98,1,0.013,0.411,0.033,-0.039,-0.036,0.31,0.0,0.0,0.0,0.0,0.35,0.0,0.0,0.35,0.23,0.51,0.95,0.26,0.0,0.0,0.01,2.46,0.0,0.0,0.0,0.0,0.0,0.0,0.0,0.0,0.0,1.0,0.0,1.0,0.0,0.0,0.0,0.0,0.0,1.0,0.1694772065685095,16.9664374575217,17.85497129653247
1445,57.76,0.98,1,-0.016,0.384,0.048,-0.024,-0.039,0.27,0.0,0.0,0.0,0.0,1.03,0.0,0.0,0.28,0.24,0.4,1.15,0.16,0.0,0.0,0.07,1.83,0.0,0.0,0.0,0.0,0.0,0.0,0.0,0.0,0.0,1.0,0.0,1.0,0.0,0.0,0.0,0.0,0.0,1.0,0.1699387201668558,16.524527224704492,19.150979087242522
1446,57.8,0.98,1,-0.019,0.326,0.05,-0.018,-0.043,0.16,0.0,0.0,0.0,0.0,1.72,0.0,0.0,0.21,0.13,0.35,1.11,0.14,0.0,0.0,0.11,1.16,0.0,0.0,0.0,0.0,0.0,0.0,0.0,0.0,0.0,1.0,0.0,1.0,0.0,0.0,0.0,0.0,0.0,1.0,0.19178381754804374,17.72822608159095,17.762882648939748
1447,57.84,0.98,1,-0.01,0.327,0.047,-0.019,-0.044,0.14,0.0,0.0,0.0,0.0,2.02,0.0,0.0,0.24,0.11,0.28,1.11,0.11,0.0,0.0,0.12,0.48,0.0,0.0,0.0,0.0,0.0,1.0,0.0,0.0,0.0,1.0,0.0,1.0,0.0,0.0,0.0,0.0,0.0,1.0,0.18269044079056254,18.613167382259395,16.5366260162102
1448,57.88,0.98,1,-0.038,0.31,0.055,-0.02,-0.048,0.07,0.0,0.0,0.08,0.0,2.04,0.0,0.0,0.24,0.05,0.26,1.06,0.13,0.0,0.0,0.07,0.17,0.0,0.0,0.0,0.0,0.0,1.0,0.0,0.0,0.0,1.0,0.0,1.0,0.0,0.0,0.0,0.0,0.0,0.0,0.19195296778686488,17.102631376487206,17.62299634000997
1449,57.92,0.98,1,-0.042,0.321,0.067,-0.019,-0.053,0.07,0.0,0.0,0.08,0.0,1.99,0.0,0.0,0.23,0.0,0.18,0.97,0.06,0.01,0.0,0.04,0.02,0.0,0.0,0.0,0.0,0.0,1.0,0.0,0.0,0.0,1.0,0.0,1.0,0.0,0.0,0.0,0.0,0.0,0.0,0.20531616779020145,18.204395073717592,18.11353085403276
1450,57.96,0.98,1,-0.056,0.311,0.052,-0.025,-0.042,0.05,0.0,0.0,0.08,0.0,2.05,0.0,0.0,0.2,0.0,0.14,0.9,0.15,0.01,0.0,0.16,0.25,0.0,0.0,0.0,0.0,0.0,1.0,0.0,0.0,0.0,1.0,0.0,1.0,0.0,0.0,0.0,0.0,0.0,0.0,0.1993944111467058,19.70634415613413,19.70634415613413
1451,58.0,0.98,1,-0.065,0.333,0.057,-0.015,-0.051,0.0,0.0,0.0,0.08,0.0,1.87,0.01,0.0,0.22,0.05,0.06,0.93,0.19,0.02,0.0,0.34,0.59,0.0,0.0,0.0,0.0,0.0,0.0,0.0,0.0,0.0,1.0,0.0,1.0,0.0,0.0,0.0,0.0,0.0,0.0,0.18192918151046017,17.699999999999818,17.718069872308142
1452,58.04,0.98,1,-0.077,0.318,0.047,-0.03,-0.041,0.0,0.0,0.0,0.15,0.0,1.68,0.08,0.0,0.25,0.05,0.04,0.87,0.24,0.02,0.0,0.53,0.85,0.0,0.0,0.0,0.0,0.0,0.0,0.0,0.0,0.0,1.0,0.0,1.0,0.0,0.0,0.0,0.0,0.0,0.0,0.19266420366932352,19.0168346472277,20.662042493422483
1453,58.08,0.98,1,-0.103,0.333,0.059,-0.016,-0.05,0.0,0.0,0.0,0.15,0.0,1.59,0.08,0.0,0.27,0.05,0.0,0.93,0.18,0.09,0.02,0.58,0.88,0.0,0.0,0.0,0.0,0.0,0.0,0.0,0.0,0.0,1.0,0.0,1.0,0.0,0.0,0.0,0.0,0.0,0.0,0.19112405033527788,20.006249023742555,21.514878572745882
1454,58.12,0.98,1,-0.08,0.328,0.051,-0.022,-0.042,0.07,0.0,0.0,0.15,0.0,1.67,0.11,0.0,0.19,0.0,0.0,0.78,0.26,0.07,0.02,0.6,0.79,0.0,0.0,0.0,0.0,0.0,0.0,0.0,0.0,0.0,1.0,0.0,1.0,0.0,0.0,0.0,0.0,0.0,0.0,0.1962774014580111,18.821530224718664,26.92248131209315
1455,58.16,0.98,1,-0.092,0.361,0.074,-0.015,-0.054,0.07,0.0,0.0,0.15,0.0,1.67,0.04,0.0,0.14,0.0,0.0,0.85,0.25,0.15,0.02,0.43,0.9,0.0,0.0,0.0,0.0,0.0,0.0,0.0,0.0,0.0,1.0,0.0,1.0,0.0,0.0,0.0,0.0,0.0,0.0,0.20544205765869616,20.300246303924446,23.430749027720054
1456,58.2,0.98,1,-0.083,0.278,0.034,-0.018,-0.04,0.1,0.0,0.0,0.35,0.0,1.57,0.06,0.0,0.06,0.0,0.0,0.79,0.24,0.1,0.0,0.31,0.91,0.0,0.0,0.0,0.0,0.0,0.0,0.0,0.0,0.0,1.0,0.0,1.0,0.0,0.0,0.0,0.0,0.0,0.0,0.18542153211390394,21.811235636707927,28.434486104025257
1457,58.24,0.98,1,-0.106,0.355,0.061,-0.005,-0.052,0.03,0.0,0.0,0.37,0.0,1.48,0.02,0.0,0.08,0.0,0.0,0.79,0.16,0.19,0.0,0.25,0.91,0.0,0.0,0.0,0.0,0.0,0.0,0.0,0.0,0.0,1.0,0.0,1.0,0.0,0.0,0.0,0.0,0.0,0.0,0.18214090494080268,21.70092163941435,23.920911353875994
1458,58.28,0.98,1,-0.118,0.294,0.043,-0.012,-0.042,0.07,0.0,0.0,0.36,0.0,1.52,0.02,0.0,0.07,0.0,0.0,0.82,0.2,0.12,0.0,0.33,0.76,0.0,0.0,0.0,0.0,0.0,0.0,0.0,0.0,0.0,1.0,0.0,1.0,0.0,0.0,0.0,0.0,0.0,0.0,0.19260114365019493,22.714092541856083,26.032479712851018
1459,58.32,0.98,1,-0.102,0.367,0.069,-0.005,-0.052,0.04,0.0,0.0,0.19,0.0,1.55,0.0,0.0,0.09,0.0,0.0,0.86,0.21,0.24,0.0,0.32,0.57,0.0,0.0,0.0,0.0,0.0,0.0,0.0,0.0,0.0,1.0,0.0,1.0,0.0,0.0,0.0,0.0,0.0,0.0,0.19077946409590402,21.80091741188884,24.601829200285223
1460,58.36,0.98,1,-0.1,0.298,0.05,-0.013,-0.042,0.08,0.0,0.0,0.24,0.0,1.63,0.0,0.0,0.09,0.0,0.0,0.98,0.11,0.15,0.0,0.26,0.57,0.0,0.0,0.0,0.0,0.0,0.0,0.0,0.0,0.0,1.0,0.0,1.0,0.0,0.0,0.0,0.0,0.0,0.0,0.1820456006003242,22.122612865572776,28.924902765609982
1461,58.4,0.98,1,-0.108,0.359,0.073,-0.004,-0.051,0.04,0.0,0.0,0.28,0.0,1.68,0.0,0.0,0.13,0.0,0.01,1.02,0.05,0.22,0.0,0.19,0.41,0.0,0.0,0.0,0.0,0.0,0.0,0.0,0.0,0.0,1.0,0.0,1.0,0.0,0.0,0.0,0.0,0.0,0.0,0.17964674422246335,21.30093894644102,25.1447807705696
1462,58.44,0.98,1,-0.118,0.277,0.057,-0.019,-0.044,0.1,0.02,0.0,0.34,0.0,1.58,0.0,0.0,0.15,0.0,0.01,1.03,0.02,0.11,0.0,0.17,0.33,0.0,0.0,0.0,0.0,0.0,0.0,0.0,0.0,0.0,1.0,0.0,1.0,0.0,0.0,0.0,0.0,0.0,0.0,0.21061791584228304,20.923909768491985,26.860379744151
1463,58.48,0.98,1,-0.151,0.257,0.059,-0.005,-0.05,0.06,0.02,0.0,0.37,0.0,1.29,0.0,0.0,0.15,0.0,0.01,1.05,0.08,0.28,0.0,0.09,0.07,0.0,0.0,0.0,0.0,0.0,0.0,0.0,0.0,0.0,1.0,0.0,1.0,0.0,0.0,0.0,0.0,0.0,0.0,0.2638769871705216,21.800917411889067,27.109039082933116
1464,58.52,0.98,1,-0.17,0.257,0.056,-0.014,-0.028,0.16,0.02,0.0,0.45,0.0,1.26,0.0,0.0,0.11,0.0,0.0,0.92,0.07,0.28,0.0,0.04,0.0,0.0,0.0,0.0,0.0,0.0,0.0,0.0,0.0,0.0,1.0,0.0,1.0,0.0,0.0,0.0,0.0,0.0,0.0,0.2625292842856408,21.60370338622515,27.558846129691283
1465,58.56,0.98,1,-0.15,0.253,0.059,-0.004,-0.043,0.1,0.0,0.0,0.35,0.0,1.22,0.0,0.0,0.11,0.0,0.13,0.95,0.15,0.27,0.0,0.05,0.48,0.0,0.0,0.0,0.0,0.0,0.0,0.0,0.0,0.0,1.0,0.0,1.0,0.0,0.0,0.0,0.0,0.0,0.0,0.2669006848774381,22.717834403833525,27.758422145359823
1466,58.6,0.98,1,-0.082,0.304,0.049,-0.022,-0.035,0.25,0.0,0.0,0.17,0.0,1.16,0.02,0.02,0.15,0.0,0.31,0.96,0.16,0.11,0.0,0.11,1.16,0.0,0.0,0.0,0.0,0.0,0.0,0.0,0.0,0.0,1.0,0.0,1.0,0.0,0.0,0.0,0.0,0.0,1.0,0.2179696070653775,16.300306745579928,23.32595121318738
1467,58.64,0.98,1,-0.014,0.442,0.069,-0.021,-0.037,0.24,0.0,0.0,0.0,0.0,0.81,0.02,0.02,0.19,0.12,0.41,1.13,0.18,0.02,0.0,0.11,1.75,0.0,0.0,0.0,0.0,0.0,0.0,0.0,0.0,0.0,1.0,0.0,1.0,0.0,0.0,0.0,0.0,0.0,1.0,0.17060106637199912,17.76344561170477,20.54069132234829
1468,58.68,0.98,1,0.018,0.403,0.045,-0.017,-0.037,0.27,0.0,0.0,0.0,0.0,0.95,0.04,0.02,0.2,0.25,0.38,1.05,0.2,0.0,0.0,0.08,1.5,0.0,0.0,0.0,0.0,0.0,0.0,0.0,0.0,0.0,1.0,0.0,1.0,0.0,0.0,0.0,0.0,0.0,1.0,0.17032967556670028,16.13102600580646,20.199257412093058
1469,58.72,0.98,1,0.026,0.309,0.045,-0.016,-0.05,0.13,0.0,0.0,0.0,0.0,1.3,0.02,0.0,0.19,0.25,0.3,1.07,0.12,0.0,0.0,0.03,0.84,0.0,0.0,0.0,0.0,0.0,0.0,0.0,0.0,0.0,1.0,0.0,1.0,0.0,0.0,0.0,0.0,0.0,1.0,0.18905043986235,18.102486017119215,18.587361297397752
1470,58.76,0.98,1,-0.001,0.331,0.069,-0.017,-0.045,0.03,0.0,0.0,0.0,0.0,1.74,0.02,0.0,0.2,0.13,0.21,0.97,0.11,0.01,0.0,0.03,0.25,0.0,0.0,0.0,0.0,0.0,0.0,0.0,0.0,0.0,1.0,0.0,1.0,0.0,0.0,0.0,0.0,0.0,0.0,0.1937649422075403,17.200000000000045,20.024984394500787
1471,58.8,0.98,1,0.008,0.302,0.056,-0.019,-0.039,0.0,0.0,0.0,0.0,0.0,1.88,0.0,0.0,0.2,0.0,0.12,1.06,0.08,0.03,0.0,0.01,0.02,0.0,0.0,0.0,0.0,0.0,0.0,0.0,0.0,0.0,1.0,0.0,1.0,0.0,0.0,0.0,0.0,0.0,0.0,0.21203169765944269,19.100261778310927,21.219095173922987
1472,58.84,0.98,1,0.019,0.29,0.068,-0.014,-0.043,0.0,0.0,0.0,0.0,0.0,2.04,0.0,0.0,0.2,0.0,0.01,1.01,0.08,0.03,0.0,0.0,0.0,0.0,0.0,0.0,0.0,0.0,0.0,0.0,0.0,0.0,1.0,0.0,1.0,0.0,0.0,0.0,0.0,0.0,0.0,0.21369810793687663,19.60229578391257,22.617913254763266
1473,58.88,0.98,1,0.011,0.277,0.06,-0.017,-0.04,0.04,0.0,0.0,0.0,0.0,2.18,0.0,0.0,0.2,0.0,0.05,1.01,0.15,0.02,0.0,0.0,0.0,0.0,0.0,0.0,0.0,0.0,0.0,0.0,0.0,0.0,1.0,0.0,1.0,0.0,0.0,0.0,0.0,0.0,0.0,0.21870548639169823,20.20618717126024,23.61037907361943
1474,58.92,0.98,1,0.011,0.28,0.07,-0.017,-0.041,0.04,0.0,0.0,0.0,0.0,2.1,0.0,0.0,0.22,0.03,0.08,0.93,0.15,0.0,0.0,0.0,0.0,0.0,0.0,0.0,0.0,0.0,0.0,0.0,0.0,0.0,1.0,0.0,1.0,0.0,0.0,0.0,0.0,0.0,0.0,0.23607296681284923,20.11591409804676,23.09999999999991
1475,58.96,0.98,1,0.012,0.274,0.053,-0.016,-0.05,0.04,0.0,0.0,0.0,0.0,2.14,0.03,0.0,0.23,0.03,0.08,0.88,0.14,0.02,0.0,0.0,0.0,0.0,0.0,0.0,0.0,0.0,1.0,0.0,0.0,0.0,1.0,0.0,1.0,0.0,0.0,0.0,0.0,0.0,0.0,0.235489936432867,20.919369015340873,22.80197359879179
1476,59.0,0.98,1,0.024,0.275,0.059,-0.017,-0.044,0.0,0.0,0.0,0.02,0.0,2.06,0.03,0.0,0.23,0.03,0.08,0.8,0.1,0.03,0.0,0.0,0.0,0.0,0.0,0.0,0.0,0.0,1.0,0.0,0.0,0.0,1.0,0.0,1.0,0.0,0.0,0.0,0.0,0.0,0.0,0.24533626482863108,21.323461257497527,23.103462943896663
1477,59.04,0.98,1,0.015,0.261,0.05,-0.013,-0.053,0.0,0.0,0.0,0.02,0.0,2.09,0.03,0.0,0.24,0.0,0.12,0.69,0.04,0.03,0.0,0.0,0.0,0.0,0.0,0.0,0.0,0.0,1.0,0.0,0.0,0.0,1.0,0.0,1.0,0.0,0.0,0.0,0.0,0.0,0.0,0.24419428955059747,21.215088969881833,22.40200883849491
1478,59.08,0.98,1,0.013,0.269,0.056,-0.016,-0.062,0.06,0.01,0.0,0.2,0.0,2.06,0.0,0.0,0.27,0.12,0.21,0.55,0.04,0.02,0.0,0.0,0.0,0.0,0.0,0.0,0.0,0.0,1.0,0.0,0.0,0.0,1.0,0.0,0.0,0.0,0.0,0.0,0.0,0.0,0.0,0.23857832440251733,21.459729728027888,22.900218339570568
1479,59.12,0.98,1,0.016,0.24,0.045,-0.02,-0.063,0.06,0.01,0.0,0.18,0.0,2.1,0.0,0.0,0.32,0.22,0.18,0.61,0.02,0.01,0.0,0.0,0.0,0.0,0.0,0.0,0.0,0.0,1.0,0.0,0.0,0.0,1.0,0.0,0.0,0.0,0.0,0.0,0.0,0.0,0.0,0.2600008659783697,21.65202069091927,23.300214591286448
1480,59.16,0.98,1,0.013,0.276,0.062,-0.023,-0.069,0.06,0.03,0.0,0.18,0.0,2.01,0.0,0.0,0.34,0.28,0.14,0.63,0.0,0.0,0.0,0.0,0.0,0.0,0.0,0.0,0.0,0.0,1.0,0.0,0.0,0.0,1.0,0.0,0.0,0.0,0.0,0.0,0.0,0.0,0.0,0.2504235345876068,22.398660674245637,23.503404008781366
1481,59.2,0.98,1,0.022,0.252,0.049,-0.023,-0.069,0.0,0.01,0.0,0.0,0.0,1.97,0.01,0.0,0.31,0.2,0.1,0.76,0.0,0.0,0.0,0.0,0.0,0.0,0.0,0.0,0.0,0.0,1.0,0.0,0.0,0.0,1.0,0.0,1.0,0.0,0.0,0.0,0.0,0.0,0.0,0.2520000637197003,21.910727965998717,23.6008474424118
1482,59.24,0.98,1,0.013,0.278,0.062,-0.022,-0.072,0.0,0.01,0.0,0.0,0.0,1.87,0.01,0.0,0.26,0.16,0.12,0.79,0.0,0.0,0.0,0.0,0.0,0.0,0.0,0.0,0.0,0.0,1.0,0.0,0.0,0.0,1.0,0.0,1.0,0.0,0.0,0.0,0.0,0.0,0.0,0.2577593649083059,21.77452640127913,23.501914815605982
1483,59.28,0.98,1,0.02,0.271,0.049,-0.021,-0.071,0.0,0.0,0.0,0.0,0.0,2.07,0.01,0.0,0.26,0.09,0.08,0.89,0.0,0.04,0.0,0.0,0.0,0.0,0.0,0.0,0.0,0.0,1.0,0.0,0.0,0.0,1.0,0.0,1.0,0.0,0.0,0.0,0.0,0.0,0.0,0.2412734229750214,21.49325475585292,23.200000000000045
1484,59.32,0.98,1,0.017,0.262,0.052,-0.022,-0.073,0.0,0.0,0.0,0.0,0.0,2.05,0.0,0.0,0.29,0.1,0.07,0.87,0.0,0.05,0.0,0.0,0.0,0.0,0.0,0.0,1.0,0.0,1.0,0.0,0.0,0.0,1.0,0.0,0.0,0.0,0.0,0.0,0.0,0.0,0.0,0.2581553200022402,21.751781536232887,23.40192299790776
1485,59.36,0.98,1,0.014,0.255,0.052,-0.023,-0.071,0.0,0.0,0.0,0.0,0.0,2.02,0.0,0.0,0.3,0.04,0.1,0.84,0.0,0.1,0.0,0.0,0.0,0.0,0.0,0.0,1.0,0.0,1.0,0.0,0.0,1.0,1.0,0.0,0.0,0.0,0.0,0.0,0.0,0.0,0.0,0.264152551904236,21.268051156605807,23.500212764994277
1486,59.4,0.98,1,0.007,0.246,0.046,-0.023,-0.07,0.0,0.01,0.0,0.09,0.0,1.84,0.0,0.0,0.29,0.04,0.15,0.76,0.0,0.07,0.0,0.0,0.0,0.0,0.0,0.0,1.0,0.0,0.0,0.0,0.0,1.0,1.0,0.0,0.0,0.0,0.0,0.0,0.0,0.0,0.0,0.26347020037738,21.78302091079179,23.800840321299535
1487,59.44,0.98,1,0.016,0.259,0.048,-0.023,-0.068,0.0,0.01,0.0,0.09,0.0,1.63,0.0,0.0,0.27,0.06,0.13,0.77,0.0,0.12,0.0,0.0,0.0,0.0,0.0,0.0,1.0,0.0,0.0,0.0,0.0,1.0,1.0,0.0,0.0,0.0,0.0,0.0,0.0,0.0,0.0,0.25389894305650906,21.98226557932563,23.70189865812446
1488,59.48,0.98,1,0.012,0.251,0.044,-0.025,-0.066,0.0,0.01,0.0,0.09,0.0,1.66,0.01,0.0,0.31,0.08,0.13,0.75,0.0,0.07,0.0,0.0,0.0,0.0,0.0,0.0,1.0,0.0,0.0,0.0,0.0,1.0,1.0,0.0,0.0,0.0,0.0,0.0,0.0,0.0,0.0,0.26375933995407946,21.583790213954543,23.805251521460736
1489,59.52,0.98,1,0.004,0.263,0.046,-0.024,-0.063,0.0,0.0,0.0,0.0,0.0,1.82,0.01,0.0,0.36,0.12,0.12,0.83,0.0,0.05,0.0,0.0,0.0,0.0,0.0,0.0,0.0,0.0,0.0,0.0,0.0,1.0,1.0,0.0,0.0,0.0,0.0,0.0,0.0,0.0,0.0,0.26606765159330337,21.858636736997067,23.605296015936673
1490,59.56,0.98,1,0.015,0.264,0.045,-0.022,-0.067,0.0,0.0,0.0,0.06,0.0,2.02,0.01,0.0,0.38,0.11,0.1,0.84,0.0,0.02,0.0,0.0,0.0,0.0,0.0,0.0,0.0,0.0,0.0,0.0,0.0,1.0,1.0,0.0,0.0,0.0,0.0,0.0,0.0,0.0,0.0,0.2566671204816875,22.044500447957535,23.207757323791586
1491,59.6,0.98,1,0.016,0.276,0.052,-0.022,-0.065,0.0,0.0,0.0,0.06,0.0,1.99,0.0,0.0,0.33,0.13,0.04,0.85,0.0,0.05,0.0,0.0,0.0,0.0,0.0,0.0,0.0,0.0,1.0,0.0,0.0,1.0,1.0,0.0,0.0,0.0,0.0,0.0,0.0,0.0,0.0,0.2547350028087806,21.851544567833365,23.703375287076778
1492,59.64,0.98,1,0.001,0.248,0.048,-0.019,-0.065,0.0,0.0,0.0,0.06,0.0,1.79,0.0,0.0,0.28,0.09,0.13,0.85,0.0,0.08,0.0,0.0,0.0,0.0,0.0,0.0,0.0,0.0,1.0,0.0,0.0,1.0,1.0,0.0,0.0,0.0,0.0,0.0,0.0,0.0,0.0,0.26375991284719236,22.051077071199945,23.51361307838504
1493,59.68,0.98,1,-0.002,0.243,0.044,-0.017,-0.06,0.0,0.03,0.0,0.0,0.0,1.69,0.02,0.0,0.28,0.1,0.2,0.86,0.0,0.1,0.0,0.0,0.0,0.0,0.0,0.0,0.0,0.0,1.0,0.0,0.0,1.0,1.0,0.0,0.0,0.0,0.0,0.0,0.0,0.0,0.0,0.26462000836919086,21.97384809267607,23.81344158243402
1494,59.72,0.98,1,0.009,0.265,0.048,-0.021,-0.057,0.0,0.03,0.0,0.02,0.0,1.77,0.02,0.0,0.32,0.06,0.23,0.83,0.0,0.11,0.0,0.0,0.0,0.0,0.0,0.0,0.0,0.0,1.0,0.0,0.0,1.0,1.0,0.0,0.0,0.0,0.0,0.0,0.0,0.0,0.0,0.25748794684855514,22.244100341438894,23.81701072762906
1495,59.76,0.98,1,0.014,0.257,0.043,-0.02,-0.057,0.0,0.03,0.0,0.05,0.0,1.94,0.02,0.0,0.34,0.07,0.13,0.81,0.0,0.12,0.0,0.0,0.0,0.0,0.0,0.0,0.0,0.0,1.0,0.0,0.0,1.0,1.0,0.0,0.0,0.0,0.0,0.0,0.0,0.0,0.0,0.24709193860161838,22.073513539987246,24.31008021377136
1496,59.8,0.98,1,0.01,0.251,0.046,-0.024,-0.058,0.0,0.0,0.0,0.09,0.0,1.89,0.0,0.0,0.33,0.01,0.08,0.72,0.0,0.09,0.0,0.0,0.0,0.0,0.0,0.0,0.0,0.0,1.0,0.0,0.0,1.0,1.0,0.0,0.0,0.0,0.0,0.0,0.0,0.0,0.0,0.2562357318235868,22.281157959136728,24.31008021377136
1497,59.84,0.98,1,-0.007,0.242,0.046,-0.022,-0.058,0.0,0.0,0.0,0.11,0.0,1.76,0.0,0.0,0.31,0.04,0.05,0.72,0.0,0.06,0.0,0.0,0.0,0.0,0.0,0.0,0.0,0.0,1.0,0.0,0.0,1.0,1.0,0.0,0.0,0.0,0.0,0.0,0.0,0.0,0.0,0.2623991711652126,22.244100341438894,23.513613078385042
1498,59.88,0.98,1,-0.006,0.231,0.033,-0.024,-0.055,0.0,0.0,0.0,0.19,0.0,1.8,0.0,0.0,0.26,0.03,0.07,0.63,0.0,0.02,0.0,0.0,0.0,0.0,0.0,0.0,0.0,0.0,1.0,0.0,0.0,1.0,1.0,0.0,0.0,0.0,0.0,0.0,0.0,0.0,0.0,0.2644979111355604,22.1,23.610379073619203
1499,59.92,0.98,1,-0.012,0.245,0.05,-0.016,-0.063,0.0,0.0,0.0,0.16,0.0,1.94,0.0,0.0,0.24,0.09,0.08,0.72,0.0,0.01,0.0,0.0,0.0,0.0,0.0,0.0,0.0,0.0,1.0,0.0,0.0,1.0,1.0,0.0,0.0,0.0,0.0,0.0,0.0,0.0,0.0,0.2640898612694105,22.081893034792103,23.413671220037102
1500,59.96,0.98,1,-0.018,0.241,0.038,-0.013,-0.059,0.04,0.0,0.0,0.12,0.0,2.06,0.0,0.0,0.2,0.06,0.2,0.7,0.0,0.0,0.0,0.0,0.0,0.0,0.0,0.0,0.0,0.0,1.0,0.0,0.0,0.0,1.0,0.0,0.0,0.0,0.0,0.0,0.0,0.0,0.0,0.2550989940138461,22.472205054244093,23.121634890292594
1501,60.0,0.98,1,-0.024,0.266,0.051,-0.017,-0.061,0.04,0.0,0.0,0.0,0.0,2.03,0.0,0.0,0.26,0.06,0.25,0.73,0.0,0.0,0.0,0.0,0.0,0.0,0.0,0.0,0.0,0.0,1.0,0.0,0.0,0.0,1.0,0.0,0.0,0.0,0.0,0.0,0.0,0.0,0.0,0.25030654332178703,22.731695933211892,22.907858913482162
1502,60.04,0.98,1,-0.011,0.251,0.037,-0.021,-0.057,0.13,0.0,0.0,0.0,0.0,2.03,0.0,0.0,0.28,0.0,0.36,0.73,0.0,0.02,0.0,0.0,0.0,0.0,0.0,0.0,0.0,0.0,1.0,0.0,0.0,0.0,1.0,0.0,0.0,0.0,0.0,0.0,0.0,0.0,0.0,0.2541545648395796,22.02271554554524,23.605296015936673
1503,60.08,0.98,1,-0.011,0.264,0.05,-0.022,-0.058,0.08,0.0,0.0,0.03,0.0,2.01,0.0,0.0,0.33,0.11,0.25,0.71,0.0,0.03,0.0,0.0,0.0,0.0,0.0,0.0,0.0,0.0,1.0,0.0,0.0,0.0,1.0,0.0,0.0,0.0,0.0,0.0,0.0,0.0,0.0,0.25247688676899294,22.21440973782563,23.121634890292594
1504,60.12,0.98,1,-0.003,0.256,0.033,-0.027,-0.053,0.1,0.0,0.0,0.03,0.0,1.86,0.0,0.0,0.32,0.15,0.16,0.66,0.01,0.03,0.0,0.0,0.36,0.0,0.0,0.0,0.0,0.0,1.0,0.0,0.0,0.0,1.0,0.0,0.0,0.0,0.0,0.0,0.0,0.0,0.0,0.24748473911333324,22.018401395196697,22.51421773013666
1505,60.16,0.98,1,-0.017,0.291,0.043,-0.021,-0.058,0.23,0.13,0.0,0.03,0.0,1.28,0.0,0.07,0.39,0.21,0.14,0.58,0.12,0.01,0.0,0.0,1.04,0.0,1.0,0.0,0.0,0.0,1.0,0.0,0.0,0.0,1.0,0.0,0.0,0.0,0.0,0.0,0.0,0.0,0.0,0.2155486648133353,20.519746587129195,18.597311633674366
1506,60.2,0.98,1,0.032,0.418,0.036,-0.036,-0.053,0.4,0.15,0.0,0.0,0.0,0.8,0.0,0.07,0.4,0.17,0.13,0.55,0.19,0.0,0.0,0.0,1.84,1.0,1.0,0.0,0.0,0.0,1.0,0.0,0.0,0.0,1.0,0.0,0.0,0.0,0.0,0.0,0.0,0.0,1.0,0.16537087437310924,15.47191003076215,20.60728026693478
1507,60.24,0.98,1,0.016,0.404,0.022,-0.031,-0.052,0.38,0.15,0.0,0.0,0.0,0.64,0.0,0.07,0.41,0.21,0.18,0.59,0.24,0.0,0.0,0.0,2.09,0.0,1.0,0.0,0.0,0.0,1.0,0.0,0.0,0.0,1.0,0.0,0.0,0.0,0.0,0.0,0.0,0.0,1.0,0.1711280535493695,16.46845469374694,20.78701517774983
1508,60.28,0.98,1,-0.004,0.343,0.025,-0.026,-0.053,0.24,0.02,0.0,0.07,0.0,1.15,0.0,0.0,0.35,0.17,0.16,0.7,0.17,0.0,0.0,0.0,1.71,0.0,1.0,0.0,0.0,0.0,1.0,0.0,0.0,0.0,1.0,0.0,0.0,0.0,0.0,0.0,0.0,0.0,1.0,0.18034088605712054,16.929559947027656,19.461243536834903
1509,60.32,0.98,1,0.012,0.295,0.045,-0.021,-0.061,0.08,0.0,0.0,0.07,0.0,1.72,0.01,0.05,0.32,0.11,0.32,0.84,0.1,0.0,0.0,0.0,1.0,0.0,1.0,0.0,0.0,0.0,1.0,0.0,0.0,0.0,1.0,0.0,0.0,0.0,0.0,0.0,0.0,0.0,1.0,0.1905857028561207,16.614752480852804,18.786431273661368
1510,60.36,0.98,1,0.002,0.284,0.039,-0.028,-0.057,0.09,0.0,0.0,0.07,0.0,2.06,0.02,0.07,0.28,0.05,0.37,0.87,0.04,0.0,0.02,0.0,0.43,0.0,0.0,0.0,0.0,0.0,1.0,0.0,0.0,0.0,1.0,0.0,0.0,0.0,0.0,0.0,0.0,0.0,0.0,0.191132706218422,17.10263137648698,17.149344010777696
1511,60.4,0.98,1,-0.012,0.284,0.042,-0.018,-0.058,0.01,0.0,0.0,0.1,0.0,2.17,0.02,0.07,0.32,0.03,0.4,0.81,0.0,0.0,0.02,0.0,0.12,0.0,0.0,0.0,0.0,0.0,1.0,0.0,0.0,0.0,1.0,0.0,0.0,0.0,0.0,0.0,0.0,0.0,0.0,0.19120313931580774,19.730686759461815,18.409780009549138
1512,60.44,0.98,1,-0.009,0.258,0.028,-0.019,-0.054,0.02,0.0,0.0,0.17,0.0,2.18,0.01,0.02,0.28,0.08,0.45,0.85,0.0,0.0,0.02,0.0,0.03,0.0,0.0,0.0,0.0,0.0,1.0,0.0,0.0,0.0,1.0,0.0,0.0,0.0,0.0,0.0,0.0,0.0,0.0,0.21248742799353268,19.93037882229045,19.401030900444532
1513,60.48,0.98,1,-0.01,0.275,0.043,-0.018,-0.059,0.0,0.0,0.0,0.26,0.0,2.12,0.0,0.0,0.34,0.06,0.43,0.84,0.0,0.0,0.0,0.0,0.0,0.0,0.0,0.0,0.0,0.0,1.0,0.0,0.0,0.0,1.0,0.0,0.0,0.0,0.0,0.0,0.0,0.0,0.0,0.21380835167812484,20.51560381758236,19.300000000000182
1514,60.52,0.98,1,-0.004,0.272,0.033,-0.024,-0.057,0.02,0.0,0.0,0.19,0.0,2.13,0.0,0.0,0.29,0.16,0.37,0.84,0.0,0.0,0.0,0.0,0.0,0.0,0.0,0.0,0.0,0.0,1.0,0.0,0.0,0.0,1.0,0.0,0.0,0.0,0.0,0.0,0.0,0.0,0.0,0.22590759223403442,19.70406049523808,20.60024271701662
1515,60.56,0.98,1,-0.014,0.301,0.052,-0.024,-0.062,0.03,0.0,0.0,0.13,0.0,2.09,0.0,0.0,0.31,0.17,0.18,0.7,0.0,0.0,0.0,0.0,0.0,0.0,0.0,0.0,0.0,0.0,1.0,0.0,0.0,0.0,1.0,0.0,0.0,0.0,0.0,0.0,0.0,0.0,0.0,0.2251694710839146,20.400245096566945,21.30023474049049
1516,60.6,0.98,1,0.003,0.28,0.034,-0.019,-0.061,0.03,0.0,0.0,0.13,0.0,2.05,0.0,0.0,0.22,0.2,0.19,0.7,0.0,0.0,0.02,0.0,0.0,0.0,0.0,0.0,0.0,0.0,1.0,0.0,0.0,0.0,1.0,0.0,0.0,0.0,0.0,0.0,0.0,0.0,0.0,0.21821049006655194,20.500243900988107,21.403737991294975
1517,60.64,0.98,1,-0.01,0.269,0.046,-0.018,-0.067,0.06,0.0,0.0,0.12,0.0,1.97,0.0,0.0,0.21,0.14,0.26,0.77,0.0,0.0,0.02,0.0,0.0,0.0,0.0,0.0,0.0,0.0,1.0,0.0,0.0,0.0,1.0,0.0,0.0,0.0,0.0,0.0,0.0,0.0,0.0,0.23372407399167927,21.003809178337153,20.70096616102741
1518,60.68,0.98,1,-0.004,0.262,0.038,-0.019,-0.067,0.05,0.0,0.0,0.18,0.0,1.9,0.0,0.0,0.15,0.08,0.37,0.75,0.0,0.02,0.02,0.0,0.0,0.0,0.0,0.0,0.0,0.0,1.0,0.0,0.0,0.0,1.0,0.0,0.0,0.0,0.0,0.0,0.0,0.0,0.0,0.22903880311762664,21.008569680013917,20.902152999152847
1519,60.72,0.98,1,0.003,0.26,0.047,-0.018,-0.066,0.06,0.02,0.0,0.17,0.0,1.9,0.0,0.0,0.19,0.12,0.37,0.76,0.0,0.02,0.0,0.0,0.0,0.0,0.0,0.0,0.0,0.0,1.0,0.0,0.0,0.0,1.0,0.0,0.0,0.0,0.0,0.0,0.0,0.0,0.0,0.23630794625282958,20.511947737842938,21.002142747824564
1520,60.76,0.98,1,-0.002,0.261,0.04,-0.018,-0.066,0.01,0.02,0.0,0.22,0.0,1.94,0.0,0.0,0.18,0.13,0.35,0.66,0.0,0.02,0.0,0.0,0.0,0.0,0.0,0.0,0.0,0.0,1.0,0.0,0.0,0.0,1.0,0.0,0.0,0.0,0.0,0.0,0.0,0.0,0.0,0.23408514405162678,21.208488866489333,21.40000000000009
1521,60.8,0.98,1,0.006,0.269,0.05,-0.02,-0.068,0.01,0.02,0.0,0.16,0.0,2.03,0.0,0.0,0.22,0.2,0.26,0.7,0.0,0.0,0.0,0.0,0.0,0.0,0.0,0.0,0.0,0.0,1.0,0.0,0.0,0.0,1.0,0.0,0.0,0.0,0.0,0.0,0.0,0.0,0.0,0.229299324881389,20.915305400591304,21.40840956259932
1522,60.84,0.98,1,0.005,0.273,0.035,-0.018,-0.065,0.07,0.0,0.0,0.08,0.0,1.86,0.0,0.0,0.2,0.12,0.18,0.65,0.01,0.0,0.0,0.0,0.16,0.0,0.0,0.0,0.0,0.0,1.0,0.0,0.0,0.0,1.0,0.0,0.0,0.0,0.0,0.0,0.0,0.0,0.0,0.21600715766462136,20.515603817582363,22.208106627986144
1523,60.88,0.98,1,-0.001,0.33,0.043,-0.014,-0.068,0.11,0.05,0.0,0.03,0.0,1.79,0.0,0.0,0.22,0.19,0.08,0.72,0.01,0.0,0.0,0.0,0.51,0.0,0.0,0.0,0.0,0.0,1.0,0.0,0.0,0.0,1.0,0.0,0.0,0.0,0.0,0.0,0.0,0.0,0.0,0.195169757253359,19.00026315607234,19.565530915362356
1524,60.92,0.98,1,0.003,0.325,0.03,-0.017,-0.066,0.11,0.05,0.0,0.03,0.0,1.58,0.0,0.0,0.21,0.15,0.04,0.69,0.03,0.0,0.0,0.0,0.72,0.0,0.0,0.0,0.0,0.0,1.0,0.0,0.0,0.0,1.0,0.0,0.0,0.0,0.0,0.0,0.0,0.0,0.0,0.1880434533928234,19.1002617783107,19.059118552545918
1525,60.96,0.98,1,-0.009,0.33,0.039,-0.018,-0.066,0.24,0.06,0.0,0.08,0.0,1.71,0.0,0.0,0.24,0.16,0.0,0.65,0.02,0.0,0.0,0.0,0.63,0.0,0.0,0.0,0.0,0.0,1.0,0.0,0.0,0.0,1.0,0.0,0.0,0.0,0.0,0.0,0.0,0.0,0.0,0.18650519519784373,18.900264548413162,19.051509126575773
1526,61.0,0.98,1,0.008,0.3,0.02,-0.019,-0.061,0.28,0.02,0.0,0.05,0.0,1.72,0.0,0.0,0.25,0.08,0.07,0.55,0.03,0.0,0.0,0.0,0.43,0.0,0.0,0.0,0.0,0.0,1.0,0.0,0.0,0.0,1.0,0.0,0.0,0.0,0.0,0.0,0.0,0.0,0.0,0.19779769827110671,18.706683297688066,18.552897347853783
1527,61.04,0.98,1,-0.01,0.337,0.04,-0.018,-0.065,0.36,0.04,0.0,0.09,0.0,1.84,0.0,0.0,0.24,0.11,0.13,0.53,0.01,0.0,0.07,0.0,0.34,0.0,0.0,0.0,0.0,0.0,1.0,0.0,0.0,0.0,1.0,0.0,0.0,0.0,0.0,0.0,0.0,0.0,0.0,0.18814232646323747,17.61022430294415,18.995262567282502
1528,61.08,0.98,1,-0.002,0.311,0.023,-0.02,-0.06,0.26,0.03,0.0,0.14,0.0,1.89,0.0,0.0,0.18,0.09,0.16,0.59,0.01,0.0,0.1,0.04,0.28,0.0,0.0,0.0,0.0,0.0,1.0,0.0,0.0,0.0,1.0,0.0,0.0,0.0,0.0,0.0,0.0,0.0,0.0,0.19573651411057236,19.10104709171716,18.951780918953325
1529,61.12,0.98,1,0.003,0.323,0.037,-0.013,-0.054,0.23,0.03,0.0,0.17,0.0,1.87,0.0,0.0,0.14,0.06,0.12,0.75,0.0,0.0,0.1,0.05,0.3,0.0,0.0,0.0,0.0,0.0,1.0,0.0,0.0,0.0,1.0,0.0,0.0,0.0,0.0,0.0,0.0,0.0,0.0,0.19105590363649305,20.306156701847797,19.383756085960172
1530,61.16,0.98,1,-0.004,0.318,0.033,-0.017,-0.049,0.29,0.0,0.0,0.12,0.0,1.76,0.0,0.0,0.12,0.0,0.05,0.86,0.0,0.0,0.03,0.07,0.39,0.0,0.0,0.0,0.0,0.0,1.0,0.0,0.0,0.0,1.0,0.0,1.0,0.0,0.0,0.0,0.0,0.0,0.0,0.1931260506363161,19.70228413154175,19.25097400133284
1531,61.2,0.98,1,-0.003,0.327,0.037,-0.018,-0.048,0.3,0.0,0.0,0.03,0.0,1.61,0.0,0.0,0.1,0.0,0.05,0.96,0.0,0.0,0.01,0.03,0.57,0.0,0.0,0.0,0.0,0.0,0.0,0.0,0.0,0.0,1.0,0.0,1.0,0.0,0.0,0.0,0.0,0.0,0.0,0.18732733103716584,19.7124326251227,19.144189719076554
1532,61.24,0.98,1,-0.003,0.323,0.032,-0.017,-0.048,0.31,0.0,0.0,0.0,0.0,1.56,0.0,0.0,0.1,0.0,0.02,0.95,0.0,0.0,0.01,0.03,0.64,0.0,0.0,0.0,0.0,0.0,0.0,0.0,0.0,0.0,1.0,0.0,1.0,0.0,0.0,0.0,0.0,0.0,0.0,0.18535445288871544,20.508778608196053,19.33726971420728
1533,61.28,0.98,1,-0.004,0.322,0.029,-0.018,-0.048,0.19,0.0,0.0,0.0,0.0,1.53,0.0,0.0,0.11,0.0,0.09,0.92,0.04,0.0,0.01,0.0,0.62,0.0,0.0,0.0,0.0,0.0,0.0,0.0,0.0,0.0,1.0,0.0,1.0,0.0,0.0,0.0,0.0,0.0,0.0,0.18801607840669854,20.102238681301284,18.931983519958887
1534,61.32,0.98,1,-0.004,0.321,0.03,-0.015,-0.054,0.09,0.0,0.0,0.0,0.0,1.52,0.0,0.0,0.09,0.0,0.1,0.93,0.04,0.05,0.0,0.04,0.68,0.0,0.0,0.0,0.0,0.0,0.0,0.0,0.0,0.0,1.0,0.0,1.0,0.0,0.0,0.0,0.0,0.0,0.0,0.18570055649633327,20.711832367031217,19.77321420508061
1535,61.36,0.98,1,-0.018,0.321,0.029,-0.028,-0.044,0.09,0.0,0.0,0.0,0.0,1.43,0.0,0.0,0.1,0.0,0.18,0.92,0.07,0.05,0.0,0.16,0.66,0.0,0.0,0.0,0.0,0.0,0.0,0.0,0.0,0.0,1.0,0.0,1.0,0.0,0.0,0.0,0.0,0.0,0.0,0.19085900974555153,19.402319448973195,18.951780918953325
1536,61.4,0.98,1,-0.009,0.333,0.033,-0.014,-0.054,0.06,0.0,0.0,0.0,0.0,1.34,0.0,0.0,0.08,0.0,0.18,0.99,0.03,0.08,0.0,0.26,0.59,0.0,0.0,0.0,0.0,0.0,0.0,0.0,0.0,0.0,1.0,0.0,1.0,0.0,0.0,0.0,0.0,0.0,0.0,0.18277007938234485,20.212125073826396,19.80126258600703
1537,61.44,0.98,1,-0.012,0.317,0.021,-0.025,-0.046,0.19,0.11,0.0,0.0,0.0,1.24,0.0,0.0,0.08,0.0,0.26,1.0,0.08,0.03,0.06,0.29,0.52,0.0,0.0,0.0,0.0,0.0,0.0,0.0,0.0,0.0,1.0,0.0,1.0,0.0,0.0,0.0,0.0,0.0,0.0,0.18816296086099768,20.20099007474615,19.749683541768277
1538,61.48,0.98,1,-0.002,0.323,0.028,-0.013,-0.058,0.12,0.11,0.0,0.0,0.0,1.06,0.0,0.0,0.1,0.0,0.19,1.03,0.05,0.03,0.06,0.17,0.47,0.0,0.0,0.0,0.0,0.0,0.0,0.0,0.0,0.0,1.0,0.0,1.0,0.0,0.0,0.0,0.0,0.0,1.0,0.18138042206165259,21.01166342772509,20.22003956474876
1539,61.52,0.98,1,0.003,0.319,0.022,-0.025,-0.052,0.33,0.11,0.0,0.0,0.0,0.8,0.0,0.0,0.1,0.0,0.12,0.99,0.05,0.0,0.11,0.07,0.9,0.0,1.0,0.0,0.0,0.0,0.0,0.0,0.0,0.0,1.0,0.0,1.0,0.0,0.0,0.0,0.0,0.0,1.0,0.1910657835050299,20.106217943710984,19.65731416038329
1540,61.56,0.98,1,-0.004,0.339,0.034,-0.021,-0.058,0.48,0.02,0.0,0.0,0.0,0.46,0.0,0.0,0.12,0.0,0.14,0.93,0.1,0.0,0.09,0.0,1.58,0.0,1.0,0.0,0.0,0.0,0.0,0.0,0.0,0.0,1.0,0.0,1.0,1.0,0.0,0.0,0.0,0.0,1.0,0.21091495299879773,18.902380802428127,17.526266002774328
1541,61.6,0.98,1,0.018,0.444,0.036,-0.025,-0.058,0.7,0.02,0.0,0.0,0.0,0.17,0.0,0.0,0.1,0.0,0.21,0.9,0.27,0.0,0.2,0.0,2.13,0.0,1.0,0.0,0.0,0.0,0.0,0.0,0.0,0.0,1.0,0.0,1.0,1.0,0.0,0.0,0.0,0.0,1.0,0.1668112182667149,15.133076356114909,20.945882650296745
1542,61.64,0.98,1,0.017,0.428,0.033,-0.022,-0.06,0.6,0.02,0.0,0.0,0.0,0.2,0.0,0.0,0.1,0.05,0.28,1.01,0.39,0.0,0.18,0.0,2.26,0.0,1.0,0.0,0.0,0.0,0.0,0.0,0.0,0.0,1.0,0.0,1.0,1.0,0.0,0.0,0.0,0.0,1.0,0.1657402852117666,15.446682491719796,20.875344308537798
1543,61.68,0.98,1,0.013,0.383,0.019,-0.017,-0.058,0.4,0.0,0.0,0.0,0.0,0.55,0.0,0.0,0.12,0.06,0.17,1.15,0.39,0.0,0.14,0.0,1.9,0.0,1.0,0.0,0.0,0.0,0.0,0.0,0.0,0.0,1.0,0.0,1.0,1.0,0.0,0.0,0.0,0.0,1.0,0.16803333812219376,15.838244852255752,20.87534430853759
1544,61.72,0.98,1,-0.011,0.319,0.024,-0.024,-0.055,0.26,0.0,0.0,0.0,0.0,1.12,0.0,0.0,0.11,0.06,0.1,1.21,0.27,0.0,0.05,0.05,1.42,0.0,0.0,0.0,0.0,0.0,0.0,0.0,0.0,0.0,1.0,0.0,1.0,1.0,0.0,0.0,0.0,0.0,1.0,0.19171316711923947,17.11432148815713,21.40327077808432
1545,61.76,0.98,1,0.006,0.303,0.025,-0.018,-0.061,0.15,0.0,0.0,0.0,0.0,1.47,0.0,0.0,0.14,0.01,0.03,1.17,0.23,0.0,0.02,0.05,0.82,0.0,0.0,0.0,0.0,0.0,0.0,0.0,0.0,0.0,1.0,0.0,1.0,1.0,0.0,0.0,0.0,0.0,1.0,0.18835952081448493,17.61022430294415,17.72484132510068
1546,61.8,0.98,1,0.015,0.295,0.023,-0.026,-0.058,0.12,0.0,0.0,0.0,0.0,1.73,0.0,0.0,0.12,0.0,0.02,1.07,0.12,0.0,0.02,0.05,0.32,0.0,0.0,0.0,0.0,0.0,1.0,0.0,0.0,0.0,1.0,0.0,1.0,0.0,0.0,0.0,0.0,0.0,0.0,0.17542191157094977,18.30437106267239,18.951780918953098
1547,61.84,0.98,1,-0.001,0.309,0.036,-0.017,-0.066,0.04,0.0,0.0,0.0,0.0,1.78,0.0,0.0,0.13,0.0,0.05,1.11,0.07,0.02,0.0,0.11,0.08,0.0,0.0,0.0,0.0,0.0,1.0,0.0,0.0,0.0,1.0,0.0,1.0,0.0,0.0,0.0,0.0,0.0,0.0,0.19572129888726575,17.799999999999955,19.243960091415747
1548,61.88,0.98,1,0.002,0.3,0.027,-0.026,-0.042,0.09,0.0,0.0,0.0,0.0,1.91,0.0,0.0,0.14,0.0,0.05,0.99,0.0,0.02,0.0,0.13,0.0,0.0,0.0,0.0,0.0,0.0,1.0,0.0,0.0,0.0,1.0,0.0,1.0,0.0,0.0,0.0,0.0,0.0,0.0,0.19849383895652226,19.100261778310927,19.337269714207288
1549,61.92,0.98,1,0.003,0.297,0.025,-0.019,-0.061,0.05,0.0,0.0,0.0,0.0,1.71,0.0,0.0,0.16,0.0,0.11,1.03,0.0,0.02,0.0,0.24,0.0,0.0,0.0,0.0,0.0,0.0,0.0,0.0,0.0,0.0,1.0,0.0,1.0,0.0,0.0,0.0,0.0,0.0,0.0,0.20005939630494693,19.20104163841123,19.72536438193203
1550,61.96,0.98,1,0.003,0.312,0.035,-0.024,-0.049,0.05,0.0,0.0,0.0,0.0,1.82,0.0,0.0,0.17,0.0,0.07,0.91,0.03,0.0,0.0,0.18,0.0,0.0,0.0,0.0,0.0,0.0,0.0,0.0,0.0,0.0,1.0,0.0,1.0,0.0,0.0,0.0,0.0,0.0,0.0,0.1965695707203418,19.60229578391257,20.13578903345994
1551,62.0,0.98,1,0.011,0.28,0.025,-0.018,-0.062,0.0,0.0,0.0,0.0,0.0,1.67,0.0,0.0,0.13,0.0,0.08,1.03,0.03,0.03,0.0,0.31,0.0,0.0,0.0,0.0,0.0,0.0,0.0,0.0,0.0,0.0,1.0,0.0,1.0,0.0,0.0,0.0,0.0,0.0,0.0,0.21125833154339801,20.706037766796474,21.523243250030884
1552,62.04,0.98,1,0.006,0.304,0.035,-0.023,-0.05,0.0,0.0,0.0,0.0,0.0,1.91,0.0,0.0,0.15,0.0,0.01,0.97,0.08,0.03,0.0,0.24,0.0,0.0,0.0,0.0,0.0,0.0,0.0,0.0,0.0,0.0,1.0,0.0,1.0,0.0,0.0,0.0,0.0,0.0,0.0,0.20061362625709223,20.919369015340653,21.745114393812738
1553,62.08,0.98,1,0.016,0.279,0.023,-0.018,-0.059,0.0,0.0,0.0,0.0,0.0,1.82,0.0,0.0,0.11,0.0,0.04,1.04,0.04,0.07,0.0,0.29,0.0,0.0,0.0,0.0,0.0,0.0,0.0,0.0,0.0,0.0,1.0,0.0,1.0,0.0,0.0,0.0,0.0,0.0,0.0,0.21288287738099376,20.90598000573051,21.922819161777394
1554,62.12,0.98,1,0.002,0.305,0.032,-0.022,-0.049,0.0,0.0,0.0,0.0,0.0,1.87,0.0,0.0,0.14,0.0,0.03,0.92,0.09,0.05,0.0,0.18,0.0,0.0,0.0,0.0,0.0,0.0,0.0,0.0,0.0,0.0,1.0,0.0,1.0,0.0,0.0,0.0,0.0,0.0,0.0,0.19270956576173498,21.215088969881833,22.250617968946436
1555,62.16,0.98,1,0.015,0.275,0.026,-0.013,-0.061,0.0,0.0,0.0,0.0,0.0,1.57,0.0,0.0,0.11,0.0,0.12,0.94,0.04,0.09,0.0,0.21,0.0,0.0,0.0,0.0,0.0,0.0,0.0,0.0,0.0,0.0,1.0,0.0,1.0,0.0,0.0,0.0,0.0,0.0,0.0,0.2033595971142408,21.41144553737566,22.03837562072123
1556,62.2,0.98,1,-0.003,0.303,0.037,-0.021,-0.048,0.0,0.0,0.0,0.0,0.0,1.38,0.0,0.0,0.14,0.0,0.09,0.93,0.11,0.21,0.0,0.18,0.0,0.0,0.0,0.0,0.0,0.0,0.0,0.0,0.0,0.0,1.0,0.0,1.0,0.0,0.0,0.0,0.0,0.0,0.0,0.1976982610954059,21.418916872708664,22.450167037240366
1557,62.24,0.98,1,0.02,0.266,0.02,-0.029,-0.051,0.0,0.0,0.0,0.0,0.0,1.28,0.0,0.0,0.13,0.0,0.1,0.96,0.1,0.2,0.01,0.25,0.0,0.0,0.0,0.0,0.0,0.0,0.0,0.0,0.0,0.0,1.0,0.0,1.0,0.0,0.0,0.0,0.0,0.0,0.0,0.21551987069156503,20.903827400741804,21.822923727127122
1558,62.28,0.98,1,0.018,0.28,0.023,-0.013,-0.063,0.0,0.0,0.0,0.0,0.0,1.27,0.0,0.0,0.13,0.0,0.04,0.98,0.1,0.24,0.01,0.18,0.0,0.0,0.0,0.0,0.0,0.0,0.0,0.0,0.0,0.0,1.0,0.0,1.0,0.0,0.0,0.0,0.0,0.0,0.0,0.21025061228223973,21.42335174523361,22.332263655975588
1559,62.32,0.98,1,0.002,0.299,0.033,-0.022,-0.046,0.0,0.02,0.0,0.0,0.0,1.39,0.0,0.0,0.13,0.0,0.15,0.97,0.06,0.09,0.03,0.23,0.0,0.0,0.0,0.0,0.0,0.0,0.0,0.0,0.0,0.0,1.0,0.0,1.0,0.0,0.0,0.0,0.0,0.0,0.0,0.2017841492139032,21.944703233354602,23.17002373757946
1560,62.36,0.98,1,0.018,0.282,0.024,-0.018,-0.054,0.0,0.02,0.0,0.0,0.0,1.32,0.0,0.0,0.13,0.0,0.19,0.96,0.05,0.24,0.09,0.13,0.0,0.0,0.0,0.0,0.0,0.0,0.0,0.0,0.0,0.0,1.0,0.0,1.0,0.0,0.0,0.0,0.0,0.0,0.0,0.21795226897257433,21.140009460735733,23.021728866442675
1561,62.4,0.98,1,0.025,0.283,0.023,-0.029,-0.048,0.0,0.02,0.0,0.0,0.0,1.61,0.0,0.0,0.16,0.0,0.2,0.92,0.05,0.18,0.1,0.18,0.0,0.0,0.0,0.0,0.0,0.0,0.0,0.0,0.0,0.0,1.0,0.0,1.0,0.0,0.0,0.0,0.0,0.0,0.0,0.21970967761541116,21.04019961882491,23.63577796477188
1562,62.44,0.98,1,0.025,0.293,0.031,-0.017,-0.056,0.0,0.0,0.0,0.0,0.0,1.47,0.0,0.0,0.16,0.0,0.08,0.87,0.02,0.22,0.17,0.06,0.0,0.0,0.0,0.0,0.0,0.0,0.0,0.0,0.0,0.0,1.0,0.0,1.0,0.0,0.0,0.0,0.0,0.0,0.0,0.20223084856894796,21.319005605327796,23.155344955322853
1563,62.48,0.98,1,0.039,0.272,0.027,-0.036,-0.048,0.0,0.0,0.0,0.0,0.0,1.52,0.0,0.0,0.15,0.01,0.07,0.76,0.0,0.07,0.16,0.05,0.0,0.0,0.0,0.0,0.0,0.0,0.0,0.0,0.0,0.0,1.0,0.0,0.0,0.0,0.0,0.0,0.0,0.0,0.0,0.24621781271290988,21.0535032714273,23.621176939348437
1564,62.52,0.98,1,0.033,0.309,0.036,-0.017,-0.069,0.0,0.0,0.0,0.0,0.0,1.4,0.0,0.0,0.17,0.01,0.09,0.72,0.02,0.08,0.16,0.01,0.0,0.0,0.0,0.0,0.0,0.0,0.0,0.0,0.0,0.0,1.0,0.0,0.0,0.0,0.0,0.0,0.0,0.0,0.0,0.19663572203286755,21.02379604162864,23.461670869739947
1565,62.56,0.98,1,0.027,0.275,0.027,-0.034,-0.048,0.0,0.0,0.0,0.0,0.0,1.63,0.05,0.0,0.21,0.06,0.17,0.61,0.02,0.04,0.08,0.07,0.0,0.0,0.0,0.0,0.0,0.0,0.0,0.0,0.0,0.0,1.0,0.0,0.0,0.0,0.0,0.0,0.0,0.0,0.0,0.2285470445109137,21.433618453261555,22.41428116179513
1566,62.6,0.98,1,0.004,0.281,0.042,-0.019,-0.07,0.0,0.0,0.0,0.01,0.0,1.85,0.05,0.0,0.21,0.05,0.16,0.66,0.02,0.04,0.09,0.07,0.0,0.0,0.0,0.0,0.0,0.0,0.0,0.0,0.0,0.0,1.0,0.0,0.0,0.0,0.0,0.0,0.0,0.0,0.0,0.21604288244363362,21.73315439599144,22.408034273447413
1567,62.64,0.98,1,-0.002,0.281,0.041,-0.034,-0.051,0.0,0.0,0.0,0.01,0.0,1.85,0.05,0.0,0.22,0.15,0.16,0.55,0.03,0.01,0.11,0.09,0.0,0.0,0.0,0.0,0.0,0.0,0.0,0.0,0.0,0.0,1.0,0.0,0.0,0.0,0.0,0.0,0.0,0.0,0.0,0.22335226734902766,22.372527796384517,23.103462943896663
1568,62.68,0.98,1,0.013,0.267,0.039,-0.024,-0.07,0.04,0.0,0.0,0.01,0.0,1.81,0.0,0.0,0.21,0.25,0.25,0.59,0.05,0.02,0.09,0.03,0.0,0.0,0.0,0.0,0.0,0.0,0.0,0.0,0.0,0.0,1.0,0.0,0.0,0.0,0.0,0.0,0.0,0.0,0.0,0.2438611459899761,21.944703233354375,23.09999999999991
1569,62.72,0.98,1,0.006,0.298,0.059,-0.023,-0.065,0.04,0.0,0.0,0.0,0.0,1.75,0.0,0.0,0.28,0.38,0.25,0.55,0.05,0.01,0.02,0.04,0.0,0.0,0.0,0.0,0.0,0.0,0.0,0.0,0.0,0.0,1.0,0.0,0.0,0.0,0.0,0.0,0.0,0.0,0.0,0.2157349464293194,23.28604732452466,23.21378900567487
1570,62.76,0.98,1,0.004,0.258,0.038,-0.024,-0.069,0.05,0.0,0.0,0.0,0.0,1.88,0.0,0.0,0.31,0.4,0.26,0.68,0.03,0.01,0.0,0.02,0.0,0.0,0.0,0.0,0.0,0.0,0.0,0.0,0.0,0.0,1.0,0.0,0.0,0.0,0.0,0.0,0.0,0.0,0.0,0.24478826593035347,21.85154456783314,23.100216449202286
1571,62.8,0.98,1,0.016,0.294,0.056,-0.023,-0.068,0.02,0.01,0.0,0.0,0.0,1.82,0.05,0.0,0.34,0.25,0.26,0.72,0.1,0.01,0.0,0.05,0.0,0.0,0.0,0.0,0.0,0.0,0.0,0.0,0.0,0.0,1.0,0.0,0.0,0.0,0.0,0.0,0.0,0.0,0.0,0.22128634815684134,22.996086623597584,23.30536418938777
1572,62.84,0.98,1,-0.002,0.298,0.069,-0.023,-0.067,0.02,0.01,0.0,0.14,0.0,2.05,0.05,0.0,0.36,0.17,0.22,0.82,0.1,0.0,0.04,0.05,0.0,0.0,0.0,0.0,0.0,0.0,1.0,0.0,0.0,0.0,1.0,0.0,0.0,0.0,0.0,0.0,0.0,0.0,0.0,0.23204928875754424,22.051077071199945,23.50531854708632
1573,62.88,0.98,1,0.011,0.292,0.053,-0.02,-0.061,0.0,0.01,0.0,0.4,0.0,2.05,0.05,0.0,0.33,0.06,0.16,0.72,0.14,0.0,0.06,0.14,0.0,0.0,0.0,0.0,0.0,0.0,1.0,0.0,0.0,0.0,1.0,0.0,0.0,0.0,0.0,0.0,0.0,0.0,0.0,0.21419524801253903,22.771253808255747,23.510423220350585
1574,62.92,0.98,1,0.002,0.281,0.064,-0.023,-0.063,0.01,0.0,0.0,0.55,0.0,2.39,0.0,0.0,0.32,0.06,0.0,0.69,0.04,0.0,0.06,0.17,0.0,0.0,0.0,0.0,0.0,0.0,1.0,0.0,0.0,0.0,1.0,0.0,0.0,0.0,0.0,0.0,0.0,0.0,0.0,0.2497247769236165,22.597787502319783,23.50531854708632
1575,62.96,0.98,1,0.022,0.28,0.056,-0.019,-0.062,0.07,0.0,0.0,0.49,0.0,2.15,0.0,0.0,0.32,0.0,0.0,0.61,0.04,0.0,0.03,0.22,0.0,0.0,0.0,0.0,0.0,0.0,1.0,0.0,0.0,0.0,1.0,0.0,0.0,0.0,0.0,0.0,0.0,0.0,0.0,0.2137559474550004,22.706827167175867,24.210121850168417
1576,63.0,0.98,1,0.018,0.29,0.069,-0.019,-0.066,0.07,0.0,0.0,0.24,0.0,1.95,0.0,0.0,0.31,0.0,0.15,0.52,0.06,0.0,0.0,0.15,0.0,0.0,0.0,0.0,0.0,0.0,1.0,0.0,0.0,0.0,1.0,0.0,0.0,0.0,0.0,0.0,0.0,0.0,0.0,0.23156549114233577,22.19954954497964,23.10194796981428
1577,63.04,0.98,1,0.015,0.305,0.07,-0.018,-0.077,0.07,0.0,0.0,0.09,0.0,1.74,0.0,0.0,0.36,0.0,0.19,0.49,0.06,0.03,0.0,0.19,0.0,0.0,0.0,0.0,0.0,0.0,1.0,0.0,0.0,0.0,1.0,0.0,0.0,0.0,0.0,0.0,0.0,0.0,0.0,0.2325417524622592,22.408257406590057,23.207757323791363
1578,63.08,0.98,1,0.014,0.288,0.054,-0.035,-0.056,0.0,0.0,0.0,0.0,0.0,1.75,0.0,0.0,0.35,0.0,0.35,0.49,0.12,0.03,0.05,0.22,0.0,0.0,0.0,0.0,0.0,0.0,1.0,0.0,0.0,0.0,1.0,0.0,0.0,0.0,0.0,0.0,0.0,0.0,0.0,0.2375203803403118,22.787935404507405,23.20021551624018
1579,63.12,0.98,1,0.017,0.295,0.063,-0.025,-0.078,0.0,0.0,0.0,0.0,0.0,1.79,0.0,0.0,0.38,0.01,0.39,0.59,0.14,0.03,0.05,0.2,0.0,0.0,0.0,0.0,0.0,0.0,1.0,0.0,0.0,0.0,1.0,0.0,0.0,0.0,0.0,0.0,0.0,0.0,0.0,0.24561978181132227,22.073513539987236,23.603389587090998
1580,63.16,0.98,1,0.019,0.292,0.066,-0.023,-0.082,0.0,0.0,0.0,0.05,0.0,1.76,0.0,0.0,0.34,0.1,0.44,0.62,0.14,0.0,0.05,0.1,0.0,0.0,0.0,0.0,0.0,0.0,1.0,0.0,0.0,0.0,1.0,0.0,0.0,0.0,0.0,0.0,0.0,0.0,0.0,0.24957463390574267,21.276277869965934,23.10021644920251
1581,63.2,0.98,1,0.029,0.285,0.06,-0.022,-0.083,0.08,0.0,0.0,0.05,0.0,1.78,0.0,0.0,0.34,0.09,0.36,0.69,0.12,0.0,0.0,0.02,0.0,0.0,0.0,0.0,0.0,0.0,1.0,0.0,0.0,0.0,1.0,0.0,0.0,0.0,0.0,0.0,0.0,0.0,0.0,0.24780693149189864,21.49325475585292,23.203448019636898
1582,63.24,0.98,1,0.01,0.28,0.071,-0.022,-0.077,0.28,0.0,0.0,0.05,0.0,1.52,0.0,0.0,0.39,0.08,0.31,0.76,0.06,0.0,0.0,0.09,0.71,0.0,0.0,0.0,0.0,0.0,1.0,0.0,0.0,0.0,1.0,0.0,0.0,0.0,0.0,0.0,0.0,0.0,0.0,0.2328257151476784,19.830532015052125,20.81946204876577
1583,63.28,0.98,1,0.035,0.406,0.049,-0.033,-0.064,0.52,0.0,0.0,0.0,0.0,0.93,0.0,0.03,0.44,0.16,0.37,0.75,0.13,0.0,0.07,0.11,1.4,0.0,0.0,0.0,0.0,0.0,1.0,0.0,0.0,0.0,1.0,0.0,0.0,0.0,0.0,0.0,0.0,0.0,1.0,0.18160730449430595,16.419500601419124,20.35411506305302
1584,63.32,0.98,1,0.008,0.435,0.052,-0.038,-0.072,0.51,0.0,0.0,0.0,0.0,0.67,0.0,0.05,0.41,0.3,0.41,0.75,0.14,0.0,0.07,0.11,1.94,0.0,0.0,0.0,0.0,0.0,1.0,0.0,0.0,0.0,1.0,0.0,0.0,0.0,0.0,0.0,0.0,0.0,1.0,0.17754705759517203,16.650825805346628,21.236054247434858
1585,63.36,0.98,1,-0.002,0.439,0.047,-0.022,-0.073,0.48,0.15,0.0,0.0,0.0,1.19,0.0,0.05,0.35,0.41,0.36,0.71,0.11,0.0,0.07,0.09,1.44,0.0,0.0,0.0,0.0,0.0,1.0,0.0,0.0,0.0,1.0,0.0,0.0,0.0,0.0,0.0,0.0,0.0,1.0,0.16913212274965744,16.707483353276206,23.20452542070179
1586,63.4,0.98,1,0.008,0.328,0.044,-0.021,-0.073,0.25,0.15,0.0,0.0,0.0,1.77,0.0,0.02,0.33,0.43,0.25,0.8,0.05,0.0,0.0,0.07,0.93,0.0,0.0,0.0,0.0,0.0,1.0,0.0,0.0,0.0,1.0,0.0,0.0,0.0,0.0,0.0,0.0,0.0,1.0,0.18460760009652669,17.100292395160874,21.214381914163713
1587,63.44,0.98,1,0.032,0.294,0.036,-0.033,-0.073,0.19,0.15,0.0,0.0,0.0,2.1,0.0,0.0,0.33,0.43,0.27,0.8,0.0,0.0,0.0,0.09,0.46,0.0,0.0,0.0,0.0,0.0,1.0,0.0,0.0,0.0,1.0,0.0,0.0,0.0,0.0,0.0,0.0,0.0,0.0,0.19656007726246943,16.0,17.90111728356636
1588,63.48,0.98,1,0.018,0.308,0.057,-0.028,-0.077,0.02,0.01,0.0,0.0,0.0,2.01,0.0,0.0,0.37,0.42,0.35,0.74,0.0,0.0,0.0,0.04,0.25,0.0,0.0,0.0,0.0,0.0,1.0,0.0,0.0,0.0,1.0,0.0,0.0,0.0,0.0,0.0,0.0,0.0,0.0,0.19385663909182663,17.502571239677902,18.45318400710281
1589,63.52,0.98,1,0.029,0.297,0.053,-0.025,-0.081,0.02,0.01,0.0,0.0,0.0,1.87,0.0,0.0,0.35,0.47,0.43,0.69,0.0,0.0,0.0,0.04,0.07,0.0,0.0,0.0,0.0,0.0,1.0,0.0,0.0,0.0,1.0,0.0,0.0,0.0,0.0,0.0,0.0,0.0,0.0,0.21988890160568486,19.001052602421794,18.752333188166258
1590,63.56,0.98,1,0.021,0.291,0.052,-0.025,-0.082,0.01,0.01,0.0,0.0,0.0,1.95,0.0,0.0,0.38,0.44,0.33,0.68,0.0,0.0,0.0,0.0,0.0,0.0,0.0,0.0,0.0,0.0,1.0,0.0,0.0,0.0,1.0,0.0,0.0,0.0,0.0,0.0,0.0,0.0,0.0,0.21506236822228858,18.904232330354052,19.22108217556966
1591,63.6,0.98,1,-0.003,0.285,0.051,-0.027,-0.081,0.01,0.0,0.0,0.02,0.0,1.96,0.0,0.0,0.34,0.38,0.27,0.79,0.0,0.0,0.0,0.0,0.0,0.0,0.0,0.0,0.0,0.0,1.0,0.0,0.0,0.0,1.0,0.0,0.0,0.0,0.0,0.0,0.0,0.0,0.0,0.2266842271693213,18.800265955565582,18.900264548413162
1592,63.64,0.98,1,-0.006,0.281,0.052,-0.023,-0.085,0.08,0.0,0.0,0.04,0.0,2.12,0.0,0.0,0.32,0.23,0.23,0.73,0.0,0.0,0.0,0.01,0.0,0.0,0.0,0.0,0.0,0.0,1.0,0.0,0.0,0.0,1.0,0.0,0.0,0.0,0.0,0.0,0.0,0.0,0.0,0.22508595217755356,19.10235587565066,19.20416621465253
1593,63.68,0.98,1,-0.003,0.276,0.048,-0.022,-0.085,0.08,0.0,0.0,0.04,0.0,1.93,0.0,0.0,0.33,0.26,0.2,0.66,0.0,0.0,0.0,0.01,0.0,0.0,0.0,0.0,0.0,0.0,1.0,0.0,0.0,1.0,1.0,0.0,0.0,0.0,0.0,0.0,0.0,0.0,0.0,0.23288978870519686,20.10895322984258,19.700000000000045
1594,63.72,0.98,1,0.002,0.27,0.038,-0.023,-0.082,0.1,0.0,0.0,0.02,0.0,2.06,0.0,0.0,0.37,0.32,0.17,0.55,0.0,0.0,0.0,0.01,0.0,0.0,0.0,0.0,0.0,0.0,1.0,0.0,0.0,1.0,1.0,0.0,0.0,0.0,0.0,0.0,0.0,0.0,0.0,0.23625165209487625,19.516403357176237,20.300985197768068
1595,63.76,0.98,1,-0.009,0.285,0.051,-0.024,-0.083,0.02,0.0,0.0,0.13,0.0,2.18,0.0,0.0,0.39,0.29,0.09,0.57,0.0,0.0,0.0,0.0,0.0,0.0,0.0,0.0,0.0,0.0,1.0,0.0,0.0,1.0,1.0,0.0,0.0,0.0,0.0,0.0,0.0,0.0,0.0,0.24466073251102993,19.730686759461587,20.0
1596,63.8,0.98,1,0.003,0.277,0.048,-0.021,-0.086,0.11,0.03,0.0,0.13,0.0,2.53,0.01,0.0,0.39,0.2,0.07,0.64,0.0,0.0,0.0,0.0,0.0,0.0,0.0,0.0,0.0,0.0,1.0,0.0,0.0,1.0,1.0,0.0,0.0,0.0,0.0,0.0,0.0,0.0,0.0,0.23830941786712473,19.312690128513896,20.60606706773531
1597,63.84,0.98,1,-0.0,0.278,0.04,-0.024,-0.08,0.11,0.03,0.0,0.13,0.0,2.65,0.01,0.0,0.34,0.15,0.06,0.71,0.0,0.0,0.0,0.0,0.0,0.0,0.0,0.0,0.0,0.0,1.0,0.0,0.0,1.0,1.0,0.0,0.0,0.0,0.0,0.0,0.0,0.0,0.0,0.2435649399584704,19.620652384668468,20.603883129157868
1598,63.88,0.98,1,0.002,0.281,0.05,-0.023,-0.084,0.19,0.03,0.0,0.02,0.0,2.56,0.01,0.0,0.33,0.19,0.16,0.72,0.0,0.0,0.0,0.0,0.0,0.0,0.0,0.0,0.0,0.0,1.0,0.0,0.0,1.0,1.0,0.0,0.0,0.0,0.0,0.0,0.0,0.0,0.0,0.23397717254409478,20.41568024827984,20.802163349036515
1599,63.92,0.98,1,0.005,0.284,0.055,-0.025,-0.086,0.13,0.0,0.0,0.02,0.0,2.41,0.0,0.0,0.32,0.23,0.16,0.66,0.0,0.0,0.0,0.0,0.0,0.0,0.0,0.0,0.0,0.0,1.0,0.0,0.0,1.0,1.0,0.0,0.0,0.0,0.0,0.0,0.0,0.0,0.0,0.23951412033475433,20.506096654409877,20.802163349036515
1600,63.96,0.98,1,0.007,0.27,0.041,-0.026,-0.083,0.11,0.01,0.0,0.16,0.0,2.3,0.0,0.0,0.32,0.26,0.18,0.57,0.0,0.0,0.0,0.0,0.0,0.0,0.0,0.0,0.0,0.0,1.0,0.0,0.0,1.0,1.0,0.0,0.0,0.0,0.0,0.0,0.0,0.0,0.0,0.2385804592853908,20.51560381758236,20.903827400741804
1601,64.0,0.98,1,-0.004,0.27,0.051,-0.024,-0.085,0.03,0.01,0.0,0.16,0.0,2.31,0.0,0.0,0.29,0.26,0.08,0.58,0.0,0.0,0.01,0.0,0.0,0.0,0.0,0.0,0.0,0.0,1.0,0.0,0.0,1.0,1.0,0.0,0.0,0.0,0.0,0.0,0.0,0.0,0.0,0.2397872762753827,20.519746587129188,20.803845798313304
1602,64.04,0.98,1,0.001,0.25,0.036,-0.026,-0.082,0.02,0.01,0.0,0.33,0.0,2.27,0.0,0.0,0.28,0.32,0.11,0.63,0.0,0.0,0.01,0.0,0.0,0.0,0.0,0.0,0.0,0.0,1.0,0.0,0.0,1.0,1.0,0.0,0.0,0.0,0.0,0.0,0.0,0.0,0.0,0.24351820630834123,20.724140512938092,21.50209292138791
1603,64.08,0.98,1,0.001,0.274,0.051,-0.026,-0.083,0.02,0.0,0.0,0.2,0.0,2.31,0.0,0.0,0.32,0.32,0.05,0.68,0.04,0.0,0.01,0.0,0.0,0.0,0.0,0.0,0.0,0.0,1.0,0.0,0.0,1.0,1.0,0.0,0.0,0.0,0.0,0.0,0.0,0.0,0.0,0.2406871746813073,20.424495097798715,21.400233643584453
1604,64.12,0.98,1,0.022,0.261,0.045,-0.025,-0.081,0.08,0.0,0.0,0.18,0.0,2.26,0.0,0.0,0.34,0.26,0.09,0.68,0.04,0.0,0.0,0.01,0.0,0.0,0.0,0.0,0.0,0.0,1.0,0.0,0.0,1.0,1.0,0.0,0.0,0.0,0.0,0.0,0.0,0.0,0.0,0.23929967896460444,20.647518010647094,21.80825531765432
1605,64.16,0.98,1,0.025,0.273,0.057,-0.025,-0.084,0.07,0.0,0.0,0.0,0.0,2.09,0.0,0.0,0.39,0.25,0.11,0.67,0.04,0.0,0.0,0.01,0.0,0.0,0.0,0.0,0.0,0.0,1.0,0.0,0.0,1.0,1.0,0.0,0.0,0.0,0.0,0.0,0.0,0.0,0.0,0.23609364659651094,20.72920644887287,22.20360331117456
1606,64.2,0.98,1,0.034,0.266,0.046,-0.027,-0.08,0.1,0.05,0.0,0.0,0.0,1.96,0.0,0.0,0.35,0.26,0.21,0.67,0.0,0.0,0.0,0.01,0.0,0.0,0.0,0.0,0.0,0.0,1.0,0.0,0.0,1.0,1.0,0.0,0.0,0.0,0.0,0.0,0.0,0.0,0.0,0.23390927223860497,21.046614929722068,22.305604676851914
1607,64.24,0.98,1,0.022,0.257,0.051,-0.025,-0.084,0.07,0.05,0.0,0.04,0.0,1.93,0.0,0.0,0.39,0.35,0.17,0.69,0.0,0.0,0.01,0.0,0.0,0.0,0.0,0.0,0.0,0.0,1.0,0.0,0.0,1.0,1.0,0.0,0.0,0.0,0.0,0.0,0.0,0.0,0.0,0.24436347470074188,21.04019961882491,22.5055548698538
1608,64.28,0.98,1,0.027,0.269,0.043,-0.027,-0.08,0.05,0.05,0.0,0.13,0.0,2.0,0.0,0.0,0.34,0.31,0.15,0.69,0.0,0.0,0.01,0.0,0.0,0.0,0.0,0.0,0.0,0.0,1.0,0.0,0.0,1.0,1.0,0.0,0.0,0.0,0.0,0.0,0.0,0.0,0.0,0.23557338130426714,21.360009363293784,22.305604676851914
1609,64.32,0.98,1,0.026,0.278,0.052,-0.026,-0.085,0.11,0.0,0.0,0.13,0.0,2.03,0.0,0.0,0.4,0.31,0.07,0.66,0.06,0.0,0.01,0.0,0.0,0.0,0.0,0.0,0.0,0.0,1.0,0.0,0.0,1.0,1.0,0.0,0.0,0.0,0.0,0.0,0.0,0.0,0.0,0.24654788535144045,21.034257771549722,22.803508501982716
1610,64.36,0.98,1,0.023,0.25,0.039,-0.027,-0.08,0.09,0.02,0.0,0.09,0.0,2.09,0.0,0.0,0.38,0.31,0.11,0.52,0.06,0.0,0.0,0.0,0.0,0.0,0.0,0.0,0.0,0.0,1.0,0.0,0.0,1.0,1.0,0.0,0.0,0.0,0.0,0.0,0.0,0.0,0.0,0.24810959733163618,21.484180226389924,22.50022222112484
1611,64.4,0.98,1,0.023,0.256,0.051,-0.024,-0.084,0.11,0.05,0.0,0.0,0.0,2.17,0.0,0.0,0.38,0.32,0.1,0.47,0.07,0.0,0.0,0.0,0.0,0.0,0.0,0.0,0.0,0.0,1.0,0.0,0.0,0.0,1.0,0.0,0.0,0.0,0.0,0.0,0.0,0.0,0.0,0.24472068581222078,21.683403791840338,22.40022321317366
1612,64.44,0.98,1,0.03,0.261,0.042,-0.028,-0.08,0.03,0.05,0.0,0.0,0.0,2.22,0.03,0.0,0.32,0.32,0.17,0.49,0.01,0.0,0.0,0.01,0.0,0.0,0.0,0.0,0.0,0.0,1.0,0.0,0.0,0.0,1.0,0.0,0.0,0.0,0.0,0.0,0.0,0.0,0.0,0.24144936506496625,21.900913222968537,22.500888871331284
1613,64.48,0.98,1,0.017,0.274,0.051,-0.026,-0.083,0.04,0.14,0.0,0.0,0.0,2.33,0.03,0.0,0.26,0.25,0.16,0.57,0.01,0.0,0.0,0.01,0.0,0.0,0.0,0.0,0.0,0.0,1.0,0.0,0.0,0.0,1.0,0.0,0.0,0.0,0.0,0.0,0.0,0.0,0.0,0.24102635960662885,21.367732682715726,22.299999999999955
1614,64.52,0.98,1,0.024,0.272,0.044,-0.024,-0.079,0.02,0.11,0.0,0.0,0.0,2.25,0.03,0.0,0.21,0.17,0.15,0.64,0.0,0.0,0.0,0.01,0.0,0.0,0.0,0.0,0.0,0.0,1.0,0.0,0.0,0.0,1.0,0.0,0.0,0.0,0.0,0.0,0.0,0.0,0.0,0.22756055550895535,21.683403791840576,22.100000000000136
1615,64.56,0.98,1,0.025,0.285,0.046,-0.027,-0.079,0.02,0.11,0.0,0.0,0.0,2.15,0.0,0.0,0.21,0.15,0.06,0.63,0.0,0.0,0.0,0.0,0.0,0.0,0.0,0.0,0.0,0.0,1.0,0.0,0.0,0.0,1.0,0.0,0.0,0.0,0.0,0.0,0.0,0.0,0.0,0.22238940092341558,21.459729728027664,21.799999999999955
1616,64.6,0.98,1,0.028,0.274,0.037,-0.028,-0.078,0.0,0.0,0.0,0.06,0.0,2.06,0.0,0.0,0.23,0.11,0.11,0.62,0.0,0.0,0.0,0.0,0.0,0.0,0.0,0.0,0.0,0.0,1.0,0.0,0.0,0.0,1.0,0.0,0.0,0.0,0.0,0.0,0.0,0.0,0.0,0.23249418062140734,21.345959805077822,21.900228309312077
1617,64.64,0.98,1,0.024,0.279,0.052,-0.027,-0.082,0.04,0.09,0.0,0.06,0.0,2.07,0.0,0.0,0.24,0.13,0.14,0.63,0.0,0.0,0.0,0.0,0.0,0.0,0.0,0.0,0.0,0.0,1.0,0.0,0.0,0.0,1.0,0.0,0.0,0.0,0.0,0.0,0.0,0.0,0.0,0.2318343436969679,21.552262062252307,22.200000000000045
1618,64.68,0.98,1,0.027,0.267,0.042,-0.028,-0.08,0.04,0.09,0.0,0.09,0.0,2.22,0.01,0.0,0.25,0.07,0.22,0.66,0.0,0.0,0.0,0.0,0.0,0.0,0.0,0.0,0.0,0.0,1.0,0.0,0.0,0.0,1.0,0.0,0.0,0.0,0.0,0.0,0.0,0.0,0.0,0.23430128148083174,21.76648800335051,22.30089684295226
1619,64.72,0.98,1,0.022,0.278,0.053,-0.025,-0.082,0.06,0.09,0.0,0.03,0.0,2.17,0.01,0.0,0.23,0.09,0.21,0.63,0.0,0.0,0.0,0.0,0.0,0.0,0.0,0.0,1.0,0.0,1.0,0.0,0.0,0.0,1.0,0.0,0.0,0.0,0.0,0.0,0.0,0.0,0.0,0.24405444342263205,21.459729728027888,22.20202693449411
1620,64.76,0.98,1,0.016,0.255,0.042,-0.026,-0.079,0.02,0.0,0.0,0.03,0.0,2.27,0.01,0.01,0.28,0.16,0.22,0.6,0.0,0.0,0.0,0.0,0.0,0.0,0.0,0.0,1.0,0.0,1.0,0.0,0.0,0.0,1.0,0.0,0.0,0.0,0.0,0.0,0.0,0.0,0.0,0.2514324284929847,21.559452683219952,22.000227271553356
1621,64.8,0.98,1,0.026,0.269,0.05,-0.028,-0.08,0.03,0.0,0.0,0.06,0.0,2.25,0.01,0.01,0.32,0.3,0.2,0.62,0.0,0.0,0.0,0.0,0.0,0.0,0.0,0.0,1.0,0.0,1.0,0.0,0.0,0.0,1.0,0.0,0.0,0.0,0.0,0.0,0.0,0.0,0.0,0.2505638972547475,21.701843239688102,22.100226243185748
1622,64.84,0.98,1,0.033,0.277,0.054,-0.028,-0.084,0.02,0.0,0.0,0.12,0.0,2.27,0.01,0.01,0.33,0.36,0.22,0.71,0.05,0.0,0.0,0.0,0.0,0.0,0.0,0.0,1.0,0.0,1.0,0.0,0.0,0.0,1.0,0.0,0.0,0.0,0.0,0.0,0.0,0.0,0.0,0.23283986396527168,21.62267328523464,22.60022123785531
1623,64.88,0.98,1,0.024,0.253,0.05,-0.028,-0.082,0.02,0.0,0.0,0.12,0.0,2.12,0.01,0.0,0.3,0.34,0.21,0.72,0.05,0.0,0.0,0.0,0.0,0.0,0.0,0.0,1.0,0.0,1.0,0.0,0.0,0.0,1.0,0.0,0.0,0.0,0.0,0.0,0.0,0.0,0.0,0.25016525117236005,21.284971223847165,22.50022222112484
1624,64.92,0.98,1,0.027,0.234,0.045,-0.025,-0.081,0.03,0.0,0.0,0.06,0.0,2.1,0.01,0.0,0.29,0.28,0.25,0.68,0.06,0.0,0.0,0.0,0.0,0.0,0.0,0.0,1.0,0.0,1.0,0.0,0.0,0.0,1.0,0.0,0.0,0.0,0.0,0.0,0.0,0.0,0.0,0.2583607941204561,20.371057900855504,22.102036105300254
1625,64.96,0.98,1,0.04,0.236,0.044,-0.028,-0.08,0.04,0.01,0.0,0.01,0.0,2.43,0.01,0.0,0.32,0.24,0.18,0.63,0.0,0.0,0.0,0.0,0.0,0.0,0.0,0.0,0.0,0.0,1.0,0.0,0.0,1.0,1.0,0.0,0.0,0.0,0.0,0.0,0.0,0.0,0.0,0.2564184434282061,20.816579930430503,22.111083193728795
1626,65.0,0.98,1,0.053,0.235,0.043,-0.026,-0.081,0.09,0.03,0.0,0.03,0.0,2.71,0.01,0.0,0.37,0.14,0.18,0.56,0.01,0.0,0.0,0.0,0.0,0.0,0.0,0.0,0.0,0.0,1.0,0.0,0.0,1.0,1.0,0.0,0.0,0.0,0.0,0.0,0.0,0.0,0.0,0.22918633261886812,20.508778608196053,21.418916872708436
1627,65.04,0.98,1,0.054,0.235,0.049,-0.026,-0.079,0.06,0.03,0.0,0.07,0.0,2.89,0.0,0.01,0.37,0.07,0.11,0.57,0.01,0.0,0.0,0.0,0.0,0.0,0.0,0.0,0.0,0.0,1.0,0.0,0.0,1.0,1.0,0.0,0.0,0.0,0.0,0.0,0.0,0.0,0.0,0.22954694471364492,20.103979705520903,21.52812114421507
1628,65.08,0.98,1,0.043,0.239,0.045,-0.03,-0.078,0.04,0.02,0.0,0.07,0.0,2.75,0.0,0.04,0.4,0.03,0.1,0.58,0.03,0.0,0.0,0.0,0.0,0.0,0.0,0.0,0.0,0.0,1.0,0.0,0.0,1.0,1.0,0.0,0.0,0.0,0.0,0.0,0.0,0.0,0.0,0.22286198263073734,21.019276866724034,20.923909768492212
1629,65.12,0.98,1,0.043,0.245,0.045,-0.032,-0.076,0.0,0.0,0.0,0.04,0.0,2.78,0.0,0.04,0.39,0.03,0.09,0.64,0.02,0.0,0.0,0.0,0.0,0.0,0.0,0.0,0.0,0.0,1.0,0.0,0.0,0.0,1.0,0.0,0.0,0.0,0.0,0.0,0.0,0.0,0.0,0.22933921963469564,20.711832367031214,20.934421415458417
1630,65.16,0.98,1,0.049,0.255,0.046,-0.034,-0.075,0.08,0.0,0.0,0.0,0.0,2.15,0.0,0.05,0.42,0.02,0.11,0.63,0.14,0.0,0.0,0.0,0.48,0.0,0.0,0.0,0.0,0.0,1.0,0.0,0.0,0.0,1.0,0.0,0.0,0.0,0.0,0.0,0.0,0.0,0.0,0.2251102288340996,20.112185361118673,20.20396000787969
1631,65.2,0.98,1,0.06,0.395,0.034,-0.043,-0.071,0.41,0.0,0.0,0.0,0.0,1.57,0.0,0.14,0.47,0.2,0.19,0.61,0.26,0.0,0.0,0.0,1.15,0.0,1.0,0.0,0.0,0.0,1.0,0.0,0.0,0.0,1.0,0.0,0.0,0.0,0.0,0.0,0.0,0.0,1.0,0.19148770399085668,17.30028901492707,21.247588098417104
1632,65.24,0.98,1,0.027,0.439,0.052,-0.053,-0.074,0.58,0.0,0.0,0.0,0.0,0.98,0.0,0.19,0.48,0.26,0.28,0.61,0.34,0.0,0.0,0.0,1.74,0.0,1.0,0.0,0.0,0.0,1.0,0.0,0.0,0.0,1.0,0.0,0.0,0.0,0.0,0.0,0.0,0.0,1.0,0.1734142786372933,17.861970775925077,19.1049731745428
1633,65.28,0.98,1,0.035,0.402,0.03,-0.038,-0.071,0.52,0.0,0.0,0.0,0.0,0.96,0.0,0.17,0.44,0.32,0.25,0.67,0.26,0.0,0.0,0.0,1.61,0.0,1.0,0.0,0.0,0.0,1.0,0.0,0.0,0.0,1.0,0.0,0.0,0.0,0.0,0.0,0.0,0.0,1.0,0.17397289030172525,16.64331697709315,22.109726366465964
1634,65.32,0.98,1,0.014,0.335,0.029,-0.031,-0.075,0.29,0.0,0.0,0.0,0.0,1.23,0.0,0.05,0.38,0.18,0.18,0.7,0.18,0.0,0.0,0.0,1.25,0.0,1.0,0.0,0.0,0.0,1.0,0.0,0.0,0.0,1.0,0.0,0.0,0.0,0.0,0.0,0.0,0.0,1.0,0.182639994222822,18.745132701584215,21.87989945132271
1635,65.36,0.98,1,0.021,0.276,0.029,-0.029,-0.072,0.12,0.02,0.0,0.0,0.0,1.62,0.06,0.05,0.4,0.27,0.1,0.72,0.16,0.0,0.0,0.0,0.83,0.0,1.0,0.0,0.0,0.0,1.0,0.0,0.0,0.0,1.0,0.0,0.0,0.0,0.0,0.0,0.0,0.0,0.0,0.1875953595316025,18.239517537478932,19.623710148695128
1636,65.4,0.98,1,0.038,0.316,0.041,-0.039,-0.076,0.1,0.02,0.0,0.02,0.0,1.99,0.1,0.09,0.45,0.3,0.16,0.64,0.17,0.0,0.0,0.0,0.52,0.0,1.0,0.0,0.0,0.0,1.0,0.0,0.0,0.0,1.0,0.0,0.0,0.0,0.0,0.0,0.0,0.0,0.0,0.18940916170694594,16.500303027520435,17.304623659588827
1637,65.44,0.98,1,0.017,0.29,0.043,-0.032,-0.075,0.04,0.02,0.0,0.09,0.0,2.12,0.1,0.09,0.49,0.42,0.12,0.67,0.16,0.0,0.0,0.0,0.2,0.0,1.0,0.0,0.0,0.0,1.0,0.0,0.0,0.0,1.0,0.0,0.0,0.0,0.0,0.0,0.0,0.0,0.0,0.19319812280174065,17.50114281982751,17.755280904564746
1638,65.48,0.98,1,0.021,0.271,0.028,-0.031,-0.072,0.07,0.01,0.0,0.09,0.0,2.1,0.04,0.06,0.47,0.4,0.11,0.66,0.13,0.0,0.0,0.0,0.04,0.0,1.0,0.0,0.0,0.0,1.0,0.0,0.0,0.0,1.0,0.0,0.0,0.0,0.0,0.0,0.0,0.0,0.0,0.196469176312153,17.607100840286137,17.613914953808443
1639,65.52,0.98,1,0.015,0.276,0.032,-0.03,-0.072,0.07,0.01,0.0,0.07,0.0,1.96,0.0,0.03,0.44,0.37,0.11,0.72,0.13,0.0,0.0,0.0,0.0,0.0,0.0,0.0,0.0,0.0,1.0,0.0,0.0,0.0,1.0,0.0,0.0,0.0,0.0,0.0,0.0,0.0,0.0,0.19307399180629042,18.513238506539047,17.901117283566272
1640,65.56,0.98,1,0.012,0.271,0.033,-0.029,-0.074,0.03,0.01,0.0,0.0,0.0,1.92,0.01,0.06,0.38,0.32,0.24,0.7,0.15,0.0,0.0,0.0,0.0,0.0,0.0,0.0,0.0,0.0,1.0,0.0,0.0,0.0,1.0,0.0,0.0,0.0,0.0,0.0,0.0,0.0,0.0,0.1910641981246518,20.015993605114883,17.40114938732483
1641,65.6,0.98,1,0.016,0.291,0.047,-0.035,-0.074,0.0,0.0,0.0,0.01,0.0,2.01,0.01,0.04,0.34,0.28,0.25,0.78,0.17,0.0,0.0,0.0,0.0,0.0,0.0,0.0,0.0,0.0,1.0,0.0,0.0,0.0,1.0,0.0,0.0,0.0,0.0,0.0,0.0,0.0,0.0,0.19656816421227932,20.106217943710984,17.61391495380867
1642,65.64,0.98,1,0.021,0.272,0.033,-0.031,-0.072,0.0,0.0,0.0,0.03,0.0,2.27,0.01,0.03,0.32,0.2,0.27,0.72,0.16,0.0,0.0,0.0,0.0,0.0,0.0,0.0,0.0,0.0,1.0,0.0,0.0,0.0,1.0,0.0,0.0,0.0,0.0,0.0,0.0,0.0,0.0,0.19834080731843468,18.509727172489605,18.10994202088998
1643,65.68,0.98,1,0.001,0.276,0.044,-0.03,-0.073,0.0,0.0,0.0,0.03,0.0,2.4,0.0,0.02,0.36,0.21,0.21,0.71,0.14,0.0,0.0,0.0,0.0,0.0,0.0,0.0,0.0,0.0,1.0,0.0,0.0,0.0,1.0,0.0,0.0,0.0,0.0,0.0,0.0,0.0,0.0,0.2078988326319827,19.806312125178636,18.202472359545055
1644,65.72,0.98,1,-0.0,0.27,0.034,-0.031,-0.072,0.0,0.0,0.0,0.04,0.0,2.37,0.0,0.02,0.36,0.18,0.31,0.65,0.09,0.0,0.0,0.0,0.0,0.0,0.0,0.0,0.0,0.0,1.0,0.0,0.0,0.0,1.0,0.0,0.0,0.0,0.0,0.0,0.0,0.0,0.0,0.20871730949968653,18.62686232299999,18.50027026829608
1645,65.76,0.98,1,0.005,0.284,0.051,-0.029,-0.076,0.0,0.0,0.0,0.1,0.0,2.36,0.0,0.02,0.34,0.22,0.24,0.72,0.09,0.0,0.0,0.0,0.0,0.0,0.0,0.0,0.0,0.0,1.0,0.0,0.0,0.0,1.0,0.0,0.0,0.0,0.0,0.0,0.0,0.0,0.0,0.21177756786975122,20.303940504247134,18.804254837669234
1646,65.8,0.98,1,0.02,0.273,0.037,-0.03,-0.076,0.0,0.0,0.0,0.1,0.0,2.21,0.0,0.0,0.3,0.14,0.31,0.79,0.09,0.0,0.0,0.0,0.0,0.0,0.0,0.0,0.0,0.0,1.0,0.0,0.0,0.0,1.0,0.0,0.0,0.0,0.0,0.0,0.0,0.0,0.0,0.21702498762683603,18.802393464662906,19.20937271229859
1647,65.84,0.98,1,0.012,0.277,0.048,-0.029,-0.074,0.0,0.0,0.0,0.08,0.0,2.16,0.0,0.0,0.33,0.08,0.32,0.81,0.09,0.0,0.0,0.0,0.0,0.0,0.0,0.0,0.0,0.0,1.0,0.0,0.0,0.0,1.0,0.0,0.0,0.0,0.0,0.0,0.0,0.0,0.0,0.22691134482060932,19.200000000000045,20.312065379965624
1648,65.88,0.98,1,0.019,0.284,0.05,-0.029,-0.075,0.0,0.0,0.0,0.02,0.0,2.26,0.0,0.0,0.37,0.04,0.35,0.74,0.06,0.0,0.0,0.0,0.0,0.0,0.0,0.0,0.0,0.0,1.0,0.0,0.0,0.0,1.0,0.0,0.0,0.0,0.0,0.0,0.0,0.0,0.0,0.22351418106025167,19.00657780874821,20.51560381758236
1649,65.92,0.98,1,0.023,0.268,0.037,-0.032,-0.072,0.02,0.0,0.0,0.02,0.0,2.28,0.0,0.0,0.35,0.06,0.29,0.69,0.0,0.0,0.0,0.0,0.0,0.0,0.0,0.0,0.0,0.0,1.0,0.0,0.0,1.0,1.0,0.0,0.0,0.0,0.0,0.0,0.0,0.0,0.0,0.23502713983644358,19.406442229321776,20.319940944796027
1650,65.96,0.98,1,0.013,0.289,0.049,-0.032,-0.074,0.09,0.0,0.0,0.1,0.0,2.4,0.0,0.0,0.37,0.11,0.14,0.64,0.0,0.0,0.0,0.0,0.0,0.0,0.0,0.0,0.0,0.0,1.0,0.0,0.0,1.0,1.0,0.0,0.0,0.0,0.0,0.0,0.0,0.0,0.0,0.22985397681190206,19.602295783912798,20.20890892651042
1651,66.0,0.98,1,0.019,0.246,0.04,-0.031,-0.074,0.12,0.0,0.0,0.09,0.0,2.38,0.0,0.01,0.36,0.11,0.17,0.67,0.0,0.0,0.0,0.0,0.0,0.0,0.0,0.0,0.0,0.0,1.0,0.0,0.0,1.0,1.0,0.0,0.0,0.0,0.0,0.0,0.0,0.0,0.0,0.2520943516038398,19.41648783894746,20.20222759994555
1652,66.04,0.98,1,0.004,0.252,0.038,-0.029,-0.073,0.09,0.0,0.0,0.09,0.0,2.38,0.0,0.01,0.38,0.05,0.25,0.7,0.0,0.0,0.0,0.0,0.0,0.0,0.0,0.0,0.0,0.0,1.0,0.0,0.0,1.0,1.0,0.0,0.0,0.0,0.0,0.0,0.0,0.0,0.0,0.23770736785631516,20.706037766796474,20.0
1653,66.08,0.98,1,0.001,0.267,0.042,-0.029,-0.074,0.03,0.0,0.0,0.12,0.0,2.34,0.0,0.01,0.36,0.02,0.31,0.75,0.0,0.0,0.0,0.0,0.0,0.0,0.0,0.0,0.0,0.0,1.0,0.0,0.0,1.0,1.0,0.0,0.0,0.0,0.0,0.0,0.0,0.0,0.0,0.23539074198936605,19.61249601657057,20.400980368600028
1654,66.12,0.98,1,0.012,0.252,0.035,-0.031,-0.073,0.0,0.0,0.0,0.1,0.0,2.16,0.0,0.02,0.37,0.06,0.3,0.85,0.0,0.0,0.02,0.0,0.0,0.0,0.0,0.0,0.0,0.0,1.0,0.0,0.0,1.0,1.0,0.0,0.0,0.0,0.0,0.0,0.0,0.0,0.0,0.24671093054320406,19.812369873389663,20.00099997500125
1655,66.16,0.98,1,0.01,0.269,0.039,-0.031,-0.074,0.0,0.0,0.0,0.11,0.0,2.22,0.0,0.03,0.38,0.06,0.25,0.84,0.0,0.0,0.02,0.0,0.0,0.0,0.0,0.0,0.0,0.0,1.0,0.0,0.0,1.0,1.0,0.0,0.0,0.0,0.0,0.0,0.0,0.0,0.0,0.23759323179204683,20.00399960007998,20.500975586542218
1656,66.2,0.98,1,0.004,0.274,0.047,-0.029,-0.075,0.0,0.0,0.0,0.01,0.0,2.14,0.0,0.05,0.4,0.04,0.25,0.77,0.0,0.0,0.02,0.0,0.0,0.0,0.0,0.0,0.0,0.0,1.0,0.0,0.0,1.0,1.0,0.0,0.0,0.0,0.0,0.0,0.0,0.0,0.0,0.23979189780081606,20.312065379965627,20.60097085090885
1657,66.24,0.98,1,0.01,0.269,0.037,-0.033,-0.072,0.0,0.0,0.0,0.01,0.0,2.13,0.0,0.04,0.36,0.01,0.28,0.64,0.0,0.0,0.0,0.0,0.0,0.0,0.0,0.0,0.0,0.0,1.0,0.0,0.0,1.0,1.0,0.0,0.0,0.0,0.0,0.0,0.0,0.0,0.0,0.2419585041159671,20.215835377248247,21.000238093888363
1658,66.28,0.98,1,0.012,0.268,0.044,-0.031,-0.073,0.0,0.0,0.0,0.0,0.0,2.19,0.0,0.05,0.35,0.08,0.28,0.66,0.0,0.0,0.0,0.0,0.0,0.0,0.0,0.0,0.0,0.0,1.0,0.0,0.0,1.0,1.0,0.0,0.0,0.0,0.0,0.0,0.0,0.0,0.0,0.22931649749045938,20.315757431117312,21.102132593650246
1659,66.32,0.98,1,0.023,0.259,0.034,-0.035,-0.073,0.0,0.0,0.0,0.02,0.0,2.3,0.0,0.03,0.32,0.08,0.37,0.71,0.0,0.0,0.0,0.0,0.0,0.0,0.0,0.0,0.0,0.0,1.0,0.0,0.0,1.0,1.0,0.0,0.0,0.0,0.0,0.0,0.0,0.0,0.0,0.23797426424855161,20.408821622033802,20.806008747474806
1660,66.36,0.98,1,0.014,0.279,0.055,-0.031,-0.075,0.0,0.0,0.0,0.02,0.0,2.31,0.0,0.05,0.36,0.07,0.34,0.71,0.0,0.0,0.0,0.0,0.0,0.0,0.0,0.0,0.0,0.0,1.0,0.0,0.0,1.0,1.0,0.0,0.0,0.0,0.0,0.0,0.0,0.0,0.0,0.22535308045016322,21.02379604162864,20.503902067655318
1661,66.4,0.98,1,0.023,0.258,0.037,-0.034,-0.071,0.0,0.0,0.0,0.02,0.0,2.23,0.0,0.02,0.37,0.02,0.31,0.74,0.01,0.0,0.0,0.0,0.0,0.0,0.0,0.0,0.0,0.0,1.0,0.0,0.0,0.0,1.0,0.0,0.0,0.0,0.0,0.0,0.0,0.0,0.0,0.23790603503274882,20.923909768492212,20.60218435020899
1662,66.44,0.98,1,0.018,0.275,0.049,-0.034,-0.073,0.0,0.0,0.0,0.05,0.0,2.19,0.0,0.03,0.42,0.06,0.22,0.76,0.01,0.0,0.0,0.0,0.0,0.0,0.0,0.0,0.0,0.0,1.0,0.0,0.0,0.0,1.0,0.0,0.0,0.0,0.0,0.0,0.0,0.0,0.0,0.22910648773261605,21.215088969881837,20.902152999152847
1663,66.48,0.98,1,0.025,0.269,0.031,-0.034,-0.069,0.0,0.0,0.0,0.05,0.0,2.22,0.0,0.01,0.39,0.06,0.27,0.8,0.01,0.0,0.0,0.0,0.0,0.0,0.0,0.0,0.0,0.0,1.0,0.0,0.0,0.0,1.0,0.0,0.0,0.0,0.0,0.0,0.0,0.0,0.0,0.23010702430718533,20.915305400591308,19.806312125178863
1664,66.52,0.98,1,0.013,0.279,0.047,-0.035,-0.072,0.0,0.0,0.0,0.05,0.0,2.33,0.0,0.01,0.37,0.04,0.22,0.78,0.0,0.0,0.0,0.0,0.0,0.0,0.0,0.0,0.0,0.0,1.0,0.0,0.0,0.0,1.0,0.0,0.0,0.0,0.0,0.0,0.0,0.0,0.0,0.22419215085086822,21.711287386979194,20.902152999153074
1665,66.56,0.98,1,0.016,0.246,0.027,-0.034,-0.072,0.03,0.0,0.0,0.0,0.0,2.16,0.0,0.01,0.34,0.0,0.27,0.79,0.0,0.0,0.0,0.0,0.4,0.0,0.0,0.0,0.0,0.0,1.0,0.0,0.0,0.0,1.0,0.0,0.0,0.0,0.0,0.0,0.0,0.0,0.0,0.2417739585368941,20.90598000573051,20.003999600079982
1666,66.6,0.98,1,0.003,0.301,0.045,-0.037,-0.071,0.25,0.01,0.0,0.0,0.0,1.63,0.0,0.09,0.38,0.07,0.21,0.73,0.06,0.0,0.05,0.0,1.13,0.0,0.0,0.0,0.0,0.0,1.0,0.0,0.0,0.0,1.0,0.0,0.0,0.0,0.0,0.0,0.0,0.0,1.0,0.2188349940892929,18.000277775634462,18.060177186284832
1667,66.64,0.98,1,0.036,0.42,0.039,-0.054,-0.066,0.49,0.01,0.0,0.0,0.0,1.13,0.0,0.18,0.42,0.13,0.34,0.65,0.13,0.0,0.05,0.0,1.8,0.0,0.0,0.0,0.0,0.0,1.0,0.0,0.0,0.0,1.0,0.0,0.0,0.0,0.0,0.0,0.0,0.0,1.0,0.16964144475775525,16.697305171793346,19.4249839124772
1668,66.68,0.98,1,0.036,0.414,0.04,-0.042,-0.07,0.51,0.01,0.0,0.0,0.0,0.75,0.0,0.17,0.4,0.22,0.23,0.63,0.2,0.0,0.06,0.0,1.94,0.0,0.0,0.0,0.0,0.0,1.0,0.0,0.0,0.0,1.0,0.0,0.0,0.0,0.0,0.0,0.0,0.0,1.0,0.17405820294214663,15.980300372646182,20.850419660045034
1669,66.72,0.98,1,0.024,0.366,0.025,-0.037,-0.065,0.3,0.0,0.0,0.0,0.0,0.98,0.0,0.09,0.37,0.2,0.18,0.73,0.14,0.0,0.01,0.0,1.59,0.0,0.0,0.0,0.0,0.0,1.0,0.0,0.0,0.0,1.0,0.0,0.0,0.0,0.0,0.0,0.0,0.0,1.0,0.18484981543189652,16.923947530053244,20.19504889818295
1670,66.76,0.98,1,0.025,0.313,0.024,-0.035,-0.065,0.05,0.0,0.0,0.0,0.0,1.3,0.0,0.0,0.36,0.16,0.01,0.83,0.07,0.0,0.01,0.0,1.21,0.0,0.0,0.0,0.0,0.0,1.0,0.0,0.0,0.0,1.0,0.0,0.0,0.0,0.0,0.0,0.0,0.0,1.0,0.19774527413673765,18.401086924418216,19.857995870681457
1671,66.8,0.98,1,0.029,0.309,0.035,-0.039,-0.07,0.0,0.0,0.0,0.0,0.0,1.71,0.0,0.0,0.39,0.18,0.06,0.88,0.03,0.0,0.0,0.0,0.9,0.0,0.0,0.0,0.0,0.0,1.0,0.0,0.0,0.0,1.0,0.0,0.0,0.0,0.0,0.0,0.0,0.0,0.0,0.18838105217552875,16.100310556010932,17.81263596439341
1672,66.84,0.98,1,0.023,0.306,0.046,-0.043,-0.071,0.0,0.0,0.0,0.0,0.0,2.02,0.0,0.0,0.38,0.2,0.1,0.85,0.03,0.0,0.0,0.0,0.61,0.0,0.0,0.0,0.0,0.0,1.0,0.0,0.0,0.0,1.0,0.0,0.0,0.0,0.0,0.0,0.0,0.0,0.0,0.19488279094805516,15.800316452527099,18.062391868188442
1673,66.88,0.98,1,0.015,0.3,0.04,-0.033,-0.071,0.0,0.0,0.0,0.0,0.0,2.19,0.0,0.0,0.35,0.25,0.15,0.81,0.03,0.0,0.0,0.0,0.4,0.0,0.0,0.0,0.0,0.0,1.0,0.0,0.0,0.0,1.0,0.0,0.0,0.0,0.0,0.0,0.0,0.0,0.0,0.18884764549245062,17.202616080119725,18.117670931993345
1674,66.92,0.98,1,0.019,0.293,0.041,-0.036,-0.068,0.0,0.0,0.0,0.0,0.0,2.36,0.0,0.0,0.33,0.24,0.19,0.83,0.01,0.0,0.0,0.0,0.17,0.0,0.0,0.0,0.0,0.0,1.0,0.0,0.0,0.0,1.0,0.0,0.0,0.0,0.0,0.0,0.0,0.0,0.0,0.20203602408854,18.621761463406102,17.913681921927587
1675,66.96,0.98,1,0.017,0.291,0.046,-0.032,-0.074,0.0,0.0,0.0,0.0,0.0,2.38,0.0,0.0,0.34,0.34,0.15,0.85,0.01,0.0,0.0,0.0,0.08,0.0,0.0,0.0,0.0,0.0,1.0,0.0,0.0,0.0,1.0,0.0,0.0,0.0,0.0,0.0,0.0,0.0,0.0,0.2123258990499915,19.720547659738102,18.626862323000218
1676,67.0,0.98,1,0.005,0.276,0.041,-0.031,-0.072,0.0,0.0,0.0,0.0,0.0,2.38,0.0,0.02,0.31,0.35,0.12,0.85,0.0,0.0,0.0,0.0,0.0,0.0,0.0,0.0,0.0,0.0,1.0,0.0,0.0,0.0,1.0,0.0,0.0,0.0,0.0,0.0,0.0,0.0,0.0,0.22016518931375606,18.50432381904294,19.906280415989187
1677,67.04,0.98,1,0.011,0.266,0.037,-0.027,-0.076,0.0,0.0,0.0,0.0,0.0,2.27,0.0,0.02,0.28,0.37,0.07,0.78,0.0,0.0,0.0,0.0,0.0,0.0,0.0,0.0,0.0,0.0,1.0,0.0,0.0,0.0,1.0,0.0,0.0,0.0,0.0,0.0,0.0,0.0,0.0,0.21651680664576683,19.901004999747993,19.409276132818647
1678,67.08,0.98,1,0.002,0.287,0.052,-0.028,-0.077,0.0,0.0,0.0,0.0,0.0,2.31,0.0,0.02,0.3,0.29,0.07,0.69,0.0,0.0,0.0,0.0,0.0,0.0,0.0,0.0,0.0,0.0,1.0,0.0,0.0,0.0,1.0,0.0,0.0,0.0,0.0,0.0,0.0,0.0,0.0,0.2228676439087171,18.700267377767442,20.10223868130128
1679,67.12,0.98,1,0.006,0.269,0.033,-0.032,-0.071,0.0,0.0,0.0,0.0,0.0,2.33,0.0,0.0,0.31,0.29,0.05,0.66,0.0,0.0,0.0,0.0,0.0,0.0,0.0,0.0,0.0,0.0,1.0,0.0,0.0,0.0,1.0,0.0,0.0,0.0,0.0,0.0,0.0,0.0,0.0,0.2318588451384916,19.0,20.70096616102741
1680,67.16,0.98,1,0.004,0.281,0.045,-0.031,-0.074,0.0,0.0,0.0,0.0,0.0,2.38,0.0,0.0,0.35,0.21,0.05,0.6,0.0,0.0,0.0,0.0,0.0,0.0,0.0,0.0,0.0,0.0,1.0,0.0,0.0,0.0,1.0,0.0,0.0,0.0,0.0,0.0,0.0,0.0,0.0,0.2281092425152188,20.300985197768295,20.802163349036515
1681,67.2,0.98,1,0.021,0.282,0.044,-0.029,-0.075,0.0,0.0,0.0,0.0,0.0,2.23,0.0,0.0,0.33,0.27,0.12,0.61,0.0,0.0,0.0,0.0,0.0,0.0,0.0,0.0,0.0,0.0,1.0,0.0,0.0,0.0,1.0,0.0,0.0,0.0,0.0,0.0,0.0,0.0,0.0,0.2259224861679759,20.4009803685998,20.802163349036515
1682,67.24,0.98,1,0.02,0.277,0.04,-0.029,-0.074,0.0,0.0,0.0,0.0,0.0,2.06,0.0,0.0,0.37,0.32,0.18,0.59,0.0,0.0,0.0,0.0,0.0,0.0,0.0,0.0,0.0,0.0,1.0,0.0,0.0,0.0,1.0,0.0,0.0,0.0,0.0,0.0,0.0,0.0,0.0,0.22839540489604776,20.606067067735083,21.405840324547036
1683,67.28,0.98,1,0.021,0.275,0.038,-0.029,-0.074,0.0,0.0,0.0,0.05,0.0,1.92,0.02,0.0,0.34,0.34,0.14,0.59,0.0,0.0,0.0,0.0,0.0,0.0,0.0,0.0,0.0,0.0,1.0,0.0,0.0,0.0,1.0,0.0,0.0,0.0,0.0,0.0,0.0,0.0,0.0,0.232069828607244,20.200990074746382,21.618741869035674
1684,67.32,0.98,1,0.019,0.29,0.051,-0.027,-0.077,0.0,0.0,0.0,0.05,0.0,1.77,0.02,0.0,0.32,0.19,0.07,0.53,0.0,0.0,0.0,0.0,0.0,0.0,0.0,0.0,0.0,0.0,1.0,0.0,0.0,0.0,1.0,0.0,0.0,0.0,0.0,0.0,0.0,0.0,0.0,0.23552949235454015,19.806312125178863,22.614154859291254
1685,67.36,0.98,1,0.023,0.277,0.038,-0.03,-0.075,0.0,0.0,0.0,0.05,0.0,1.7,0.02,0.0,0.29,0.13,0.01,0.52,0.0,0.01,0.0,0.0,0.0,0.0,0.0,0.0,0.0,0.0,1.0,0.0,0.0,0.0,1.0,0.0,0.0,0.0,0.0,0.0,0.0,0.0,0.0,0.2366687000700975,20.115914098046762,22.31434516180114
1686,67.4,0.98,1,0.019,0.275,0.042,-0.027,-0.075,0.0,0.0,0.0,0.0,0.0,1.73,0.0,0.0,0.31,0.15,0.01,0.51,0.0,0.01,0.0,0.0,0.0,0.0,0.0,0.0,0.0,0.0,1.0,0.0,0.0,0.0,1.0,0.0,0.0,0.0,0.0,0.0,0.0,0.0,0.0,0.23646169188479205,20.412006270819987,22.51799280575425
1687,67.44,0.98,1,0.01,0.278,0.037,-0.03,-0.072,0.0,0.0,0.0,0.0,0.0,1.91,0.0,0.0,0.31,0.22,0.1,0.55,0.0,0.01,0.0,0.0,0.0,0.0,0.0,0.0,0.0,0.0,1.0,0.0,0.0,0.0,1.0,0.0,0.0,0.0,0.0,0.0,0.0,0.0,0.0,0.22780224824702938,20.615528128088215,20.802163349036515
1688,67.48,0.98,1,0.008,0.288,0.048,-0.028,-0.076,0.0,0.0,0.0,0.0,0.0,2.21,0.0,0.0,0.32,0.15,0.1,0.5,0.0,0.0,0.0,0.0,0.0,0.0,0.0,0.0,0.0,0.0,1.0,0.0,0.0,0.0,1.0,0.0,0.0,0.0,0.0,0.0,0.0,0.0,0.0,0.23119393639206276,21.5188289644209,21.80825531765432
1689,67.52,0.98,1,0.007,0.278,0.036,-0.029,-0.075,0.0,0.0,0.0,0.0,0.0,2.22,0.0,0.0,0.27,0.07,0.16,0.48,0.02,0.0,0.0,0.0,0.0,0.0,0.0,0.0,0.0,0.0,1.0,0.0,0.0,0.0,1.0,0.0,0.0,0.0,0.0,0.0,0.0,0.0,0.0,0.22550243829909977,21.718655575334353,22.102036105300254
1690,67.56,0.98,1,0.003,0.288,0.054,-0.026,-0.078,0.0,0.0,0.0,0.0,0.0,2.19,0.0,0.0,0.23,0.0,0.07,0.48,0.02,0.0,0.0,0.0,0.0,0.0,0.0,0.0,0.0,0.0,1.0,0.0,0.0,0.0,1.0,0.0,0.0,0.0,0.0,0.0,0.0,0.0,0.0,0.23005705796287573,21.627991122616912,21.60370338622538
1691,67.6,0.98,1,0.004,0.271,0.036,-0.028,-0.074,0.0,0.0,0.0,0.06,0.0,1.99,0.0,0.0,0.21,0.0,0.13,0.47,0.02,0.0,0.0,0.0,0.0,0.0,0.0,0.0,0.0,0.0,1.0,0.0,0.0,0.0,1.0,0.0,0.0,0.0,0.0,0.0,0.0,0.0,0.0,0.2363981570668654,21.523243250030884,21.103791128609952
1692,67.64,0.98,1,-0.007,0.278,0.049,-0.025,-0.077,0.0,0.0,0.0,0.06,0.0,2.05,0.0,0.0,0.22,0.0,0.06,0.48,0.0,0.0,0.0,0.0,0.0,0.0,0.0,0.0,0.0,0.0,1.0,0.0,0.0,0.0,1.0,0.0,0.0,0.0,0.0,0.0,0.0,0.0,0.0,0.2353212553592256,21.52812114421507,21.102132593650477
1693,67.68,0.98,1,-0.001,0.271,0.043,-0.028,-0.075,0.0,0.0,0.0,0.12,0.0,2.17,0.0,0.0,0.23,0.11,0.06,0.48,0.0,0.0,0.0,0.0,0.0,0.0,0.0,0.0,0.0,0.0,1.0,0.0,0.0,0.0,1.0,0.0,0.0,0.0,0.0,0.0,0.0,0.0,0.0,0.2347605701272235,21.418916872708436,21.005951537600005
1694,67.72,0.98,1,0.003,0.274,0.045,-0.028,-0.076,0.0,0.01,0.0,0.06,0.0,2.23,0.0,0.0,0.23,0.17,0.0,0.54,0.0,0.0,0.0,0.0,0.0,0.0,0.0,0.0,0.0,0.0,1.0,0.0,0.0,0.0,1.0,0.0,0.0,0.0,0.0,0.0,0.0,0.0,0.0,0.23181434408254614,20.928927349484585,20.203960007879687
1695,67.76,0.98,1,0.003,0.278,0.043,-0.028,-0.076,0.0,0.01,0.0,0.22,0.0,2.31,0.0,0.0,0.2,0.22,0.02,0.52,0.0,0.0,0.0,0.0,0.0,0.0,1.0,0.0,0.0,0.0,1.0,0.0,0.0,0.0,1.0,0.0,0.0,0.0,0.0,0.0,0.0,0.0,0.0,0.22818743199269337,20.824024587000423,20.8002403832263
1696,67.8,0.98,1,0.0,0.282,0.049,-0.024,-0.079,0.0,0.01,0.0,0.16,0.0,2.13,0.0,0.0,0.21,0.13,0.02,0.48,0.0,0.0,0.0,0.0,0.0,0.0,0.0,0.0,0.0,0.0,1.0,0.0,0.0,0.0,1.0,0.0,0.0,0.0,0.0,0.0,0.0,0.0,0.0,0.2261405050627515,21.2285185540584,20.899999999999864
1697,67.84,0.98,1,-0.006,0.27,0.04,-0.026,-0.076,0.0,0.0,0.0,0.16,0.0,2.08,0.0,0.0,0.22,0.11,0.06,0.46,0.0,0.0,0.0,0.0,0.0,0.0,1.0,0.0,0.0,0.0,1.0,0.0,0.0,0.0,1.0,0.0,0.0,0.0,0.0,0.0,0.0,0.0,0.0,0.22431997980928486,21.523243250030884,20.803845798313304
1698,67.88,0.98,1,-0.001,0.27,0.047,-0.026,-0.078,0.0,0.0,0.0,0.0,0.0,1.97,0.0,0.0,0.28,0.14,0.04,0.49,0.0,0.0,0.0,0.0,0.0,0.0,0.0,0.0,0.0,0.0,1.0,0.0,0.0,0.0,1.0,0.0,0.0,0.0,0.0,0.0,0.0,0.0,0.0,0.22911948665564508,21.128653530218056,20.20222759994555
1699,67.92,0.98,1,0.012,0.268,0.041,-0.029,-0.074,0.03,0.05,0.0,0.05,0.0,2.0,0.0,0.0,0.29,0.17,0.1,0.49,0.0,0.0,0.0,0.0,0.0,0.0,0.0,0.0,0.0,0.0,1.0,0.0,0.0,0.0,1.0,0.0,0.0,0.0,0.0,0.0,0.0,0.0,0.0,0.23365079142024162,20.524375751773793,20.608736011701357
1700,67.96,0.98,1,0.011,0.275,0.052,-0.026,-0.078,0.03,0.05,0.0,0.05,0.0,2.09,0.0,0.0,0.35,0.24,0.06,0.53,0.0,0.0,0.0,0.0,0.0,0.0,0.0,0.0,0.0,0.0,1.0,0.0,0.0,0.0,1.0,0.0,0.0,0.0,0.0,0.0,0.0,0.0,0.0,0.22816111446236187,20.724140512938092,21.108529081866546
1701,68.0,0.98,1,0.024,0.25,0.04,-0.028,-0.075,0.03,0.05,0.0,0.05,0.0,2.18,0.01,0.0,0.36,0.23,0.14,0.59,0.0,0.0,0.0,0.0,0.0,0.0,1.0,0.0,0.0,0.0,1.0,0.0,0.0,1.0,1.0,0.0,0.0,0.0,0.0,0.0,0.0,0.0,0.0,0.2449449879431571,21.015232570685487,20.500975586542218
1702,68.04,0.98,1,0.017,0.288,0.055,-0.03,-0.077,0.01,0.0,0.0,0.0,0.0,2.25,0.01,0.0,0.4,0.24,0.12,0.67,0.0,0.0,0.0,0.0,0.0,0.0,1.0,0.0,0.0,0.0,1.0,0.0,0.0,1.0,1.0,0.0,0.0,0.0,0.0,0.0,0.0,0.0,0.0,0.24062655269977118,21.108529081866546,21.500232556881798
1703,68.08,0.98,1,0.019,0.259,0.042,-0.026,-0.075,0.06,0.0,0.0,0.0,0.0,2.23,0.01,0.0,0.37,0.18,0.21,0.72,0.0,0.0,0.0,0.0,0.0,0.0,1.0,0.0,0.0,0.0,1.0,0.0,0.0,1.0,1.0,0.0,0.0,0.0,0.0,0.0,0.0,0.0,0.0,0.24202197138668624,21.123683390923947,20.90000000000009
1704,68.12,0.98,1,0.017,0.263,0.05,-0.029,-0.077,0.06,0.0,0.0,0.03,0.0,2.24,0.0,0.0,0.37,0.24,0.12,0.75,0.0,0.0,0.0,0.0,0.0,0.0,1.0,0.0,0.0,0.0,1.0,0.0,0.0,1.0,1.0,0.0,0.0,0.0,0.0,0.0,0.0,0.0,0.0,0.24630664881946257,20.915305400591308,20.60097085090885
1705,68.16,0.98,1,0.016,0.241,0.042,-0.026,-0.077,0.05,0.0,0.0,0.03,0.0,2.41,0.0,0.0,0.37,0.24,0.16,0.71,0.0,0.0,0.0,0.0,0.0,0.0,1.0,0.0,0.0,0.0,1.0,0.0,0.0,1.0,1.0,0.0,0.0,0.0,0.0,0.0,0.0,0.0,0.0,0.25325724186927034,20.82906622967068,20.600970850909082
1706,68.2,0.98,1,-0.002,0.271,0.051,-0.028,-0.078,0.0,0.0,0.0,0.09,0.0,2.56,0.0,0.0,0.4,0.21,0.17,0.67,0.0,0.0,0.0,0.0,0.0,0.0,0.0,0.0,0.0,0.0,1.0,0.0,0.0,1.0,1.0,0.0,0.0,0.0,0.0,0.0,0.0,0.0,0.0,0.24341079439522106,20.908610666421485,21.299999999999955
1707,68.24,0.98,1,0.005,0.257,0.04,-0.024,-0.075,0.0,0.0,0.0,0.06,0.0,2.48,0.0,0.0,0.39,0.06,0.3,0.71,0.0,0.0,0.0,0.0,0.0,0.0,0.0,0.0,0.0,0.0,1.0,0.0,0.0,1.0,1.0,0.0,0.0,0.0,0.0,0.0,0.0,0.0,0.0,0.24394821846606632,20.819462048765768,20.700000000000045
1708,68.28,0.98,1,0.012,0.27,0.042,-0.029,-0.074,0.0,0.0,0.0,0.06,0.0,2.53,0.0,0.0,0.37,0.02,0.35,0.76,0.0,0.0,0.0,0.06,0.0,0.0,0.0,0.0,0.0,0.0,1.0,0.0,0.0,0.0,1.0,0.0,0.0,0.0,0.0,0.0,0.0,0.0,0.0,0.23715674185976038,20.928927349484585,20.50219500443794
1709,68.32,0.98,1,0.009,0.268,0.038,-0.027,-0.071,0.0,0.0,0.0,0.0,0.0,2.3,0.0,0.0,0.34,0.06,0.32,0.84,0.0,0.0,0.0,0.06,0.0,0.0,0.0,0.0,0.0,0.0,1.0,0.0,0.0,0.0,1.0,0.0,0.0,0.0,0.0,0.0,0.0,0.0,0.0,0.23716279334111512,20.603883129158095,20.402205763103257
1710,68.36,0.98,1,0.03,0.266,0.044,-0.028,-0.072,0.0,0.0,0.0,0.01,0.0,2.48,0.0,0.0,0.3,0.12,0.27,0.73,0.0,0.02,0.0,0.06,0.0,0.0,0.0,0.0,0.0,0.0,1.0,0.0,0.0,0.0,1.0,0.0,0.0,0.0,0.0,0.0,0.0,0.0,0.0,0.2368911903224754,20.11591409804676,21.323461257497755
1711,68.4,0.98,1,0.062,0.28,0.053,-0.021,-0.076,0.0,0.0,0.0,0.09,0.0,2.49,0.0,0.0,0.28,0.15,0.26,0.74,0.0,0.05,0.0,0.01,0.0,0.0,0.0,0.0,0.0,0.0,1.0,0.0,0.0,0.0,1.0,0.0,0.0,0.0,0.0,0.0,0.0,0.0,0.0,0.22432232334201108,20.100000000000136,21.30375553746316
1712,68.44,0.98,1,0.071,0.272,0.048,-0.022,-0.079,0.0,0.0,0.0,0.09,0.0,2.74,0.0,0.0,0.22,0.1,0.38,0.66,0.0,0.07,0.0,0.03,0.0,0.0,0.0,0.0,0.0,0.0,1.0,0.0,0.0,0.0,1.0,0.0,0.0,0.0,0.0,0.0,0.0,0.0,0.0,0.22798390984376615,19.8002525236424,21.811235636708027
1713,68.48,0.98,1,0.078,0.282,0.055,-0.023,-0.08,0.0,0.0,0.0,0.08,0.0,2.68,0.0,0.0,0.26,0.19,0.35,0.7,0.0,0.06,0.0,0.03,0.0,0.0,0.0,0.0,0.0,0.0,1.0,0.0,0.0,0.0,1.0,0.0,0.0,0.0,0.0,0.0,0.0,0.0,0.0,0.2240048227594664,20.0,21.821548982599786
1714,68.52,0.98,1,0.083,0.273,0.046,-0.03,-0.079,0.0,0.0,0.0,0.0,0.0,2.47,0.0,0.0,0.27,0.22,0.35,0.75,0.0,0.07,0.0,0.04,0.0,0.0,0.0,0.0,0.0,0.0,1.0,0.0,0.0,0.0,1.0,0.0,0.0,0.0,0.0,0.0,0.0,0.0,0.0,0.23921178465543705,19.20104163841123,21.722108553268864
1715,68.56,0.98,1,0.067,0.273,0.046,-0.025,-0.079,0.0,0.0,0.0,0.0,0.0,2.17,0.01,0.0,0.3,0.27,0.2,0.76,0.02,0.04,0.0,0.02,0.34,0.0,0.0,0.0,0.0,0.0,1.0,0.0,0.0,0.0,1.0,0.0,0.0,0.0,0.0,0.0,0.0,0.0,0.0,0.23148018240420784,19.801010075246115,21.35883891975409
1716,68.6,0.98,1,0.051,0.298,0.031,-0.029,-0.077,0.13,0.04,0.0,0.0,0.0,1.82,0.03,0.0,0.27,0.19,0.32,0.74,0.02,0.04,0.0,0.01,0.95,0.0,1.0,0.0,0.0,0.0,1.0,0.0,0.0,0.0,1.0,0.0,0.0,0.0,0.0,0.0,0.0,0.0,0.0,0.19578132141534935,17.7002824836216,19.944924166313545
1717,68.64,0.98,1,0.023,0.343,0.031,-0.03,-0.077,0.24,0.04,0.0,0.0,0.0,1.66,0.03,0.05,0.22,0.2,0.33,0.75,0.07,0.0,0.0,0.0,1.47,0.0,1.0,0.0,0.0,0.0,1.0,0.0,0.0,0.0,1.0,0.0,0.0,0.0,0.0,0.0,0.0,0.0,1.0,0.1768645767363407,17.100292395160874,17.84880948410851
1718,68.68,0.98,1,0.033,0.321,0.036,-0.025,-0.079,0.37,0.06,0.0,0.0,0.0,1.51,0.02,0.05,0.15,0.17,0.4,0.73,0.05,0.0,0.0,0.0,1.49,0.0,1.0,0.0,0.0,0.0,1.0,0.0,0.0,0.0,1.0,0.0,0.0,0.0,0.0,0.0,0.0,0.0,1.0,0.19263608642415814,17.80702108720036,20.987615395751796
1719,68.72,0.98,1,0.043,0.308,0.03,-0.024,-0.073,0.34,0.03,0.0,0.0,0.0,1.26,0.01,0.05,0.17,0.12,0.33,0.61,0.09,0.0,0.06,0.0,1.59,0.0,1.0,0.0,0.0,0.0,1.0,0.0,0.0,0.0,1.0,0.0,0.0,0.0,0.0,0.0,0.0,0.0,1.0,0.185658782531003,19.037857022259626,19.63517252279695
1720,68.76,0.98,1,0.043,0.398,0.024,-0.042,-0.069,0.46,0.1,0.0,0.0,0.0,0.68,0.01,0.0,0.22,0.06,0.29,0.51,0.05,0.0,0.06,0.0,1.78,0.0,1.0,0.0,0.0,0.0,1.0,0.0,0.0,0.0,1.0,0.0,0.0,0.0,0.0,0.0,0.0,0.0,1.0,0.17599339963319444,17.5823775411632,19.204426573058754
1721,68.8,0.98,1,0.029,0.394,0.011,-0.036,-0.064,0.42,0.07,0.0,0.0,0.0,0.47,0.01,0.0,0.21,0.02,0.27,0.53,0.11,0.0,0.06,0.0,2.0,0.0,1.0,0.0,0.0,0.0,1.0,0.0,0.0,0.0,1.0,0.0,0.0,0.0,0.0,0.0,0.0,0.0,1.0,0.16304313900488976,16.686821147240845,20.03247363657305
1722,68.84,0.98,1,0.006,0.337,-0.001,-0.033,-0.062,0.4,0.07,0.0,0.0,0.0,0.83,0.0,0.0,0.14,0.0,0.2,0.55,0.09,0.0,0.0,0.0,1.74,0.0,1.0,0.0,0.0,0.0,1.0,0.0,0.0,0.0,1.0,0.0,0.0,0.0,0.0,0.0,0.0,0.0,1.0,0.16886085960372998,19.80126258600703,19.215098230297876
1723,68.88,0.98,1,0.011,0.298,0.005,-0.031,-0.065,0.2,0.01,0.0,0.0,0.0,1.34,0.03,0.01,0.09,0.03,0.1,0.55,0.09,0.0,0.0,0.0,1.35,0.0,1.0,0.0,0.0,0.0,1.0,0.0,0.0,0.0,1.0,0.0,0.0,0.0,0.0,0.0,0.0,0.0,1.0,0.19259450255242366,18.4219977201172,20.90574083834386
1724,68.92,0.98,1,0.019,0.281,0.001,-0.032,-0.068,0.1,0.01,0.0,0.0,0.0,1.88,0.04,0.01,0.11,0.08,0.15,0.57,0.02,0.0,0.0,0.0,0.96,0.0,1.0,0.0,0.0,0.0,1.0,0.0,0.0,0.0,1.0,0.0,0.0,0.0,0.0,0.0,0.0,0.0,1.0,0.17361767926352703,17.76344561170477,18.011385288200216
1725,68.96,0.98,1,0.006,0.303,0.018,-0.026,-0.074,0.02,0.01,0.0,0.0,0.0,2.0,0.04,0.01,0.12,0.08,0.15,0.58,0.0,0.0,0.0,0.0,0.92,0.0,1.0,0.0,0.0,0.0,1.0,0.0,0.0,0.0,1.0,0.0,0.0,0.0,0.0,0.0,0.0,0.0,1.0,0.16474900665340897,17.428711943227338,17.095028517086476
1726,69.0,0.98,1,0.003,0.291,0.003,-0.028,-0.073,0.0,0.0,0.0,0.0,0.0,2.22,0.01,0.0,0.1,0.05,0.25,0.58,0.02,0.0,0.0,0.0,0.84,0.0,1.0,0.0,0.0,0.0,1.0,0.0,0.0,0.0,1.0,0.0,0.0,0.0,0.0,0.0,0.0,0.0,1.0,0.1624321708558497,18.538878067455965,17.990275150758393
1727,69.04,0.98,1,-0.003,0.293,0.005,-0.02,-0.078,0.0,0.04,0.0,0.0,0.0,2.1,0.0,0.01,0.07,0.0,0.12,0.57,0.06,0.0,0.0,0.0,0.89,0.0,1.0,0.0,0.0,0.0,1.0,0.0,0.0,0.0,1.0,0.0,0.0,0.0,0.0,0.0,0.0,0.0,1.0,0.1661012802684162,19.42575609854102,18.777113729218392
1728,69.08,0.98,1,0.008,0.278,-0.008,-0.02,-0.079,0.03,0.04,0.0,0.0,0.0,2.07,0.0,0.01,0.04,0.0,0.12,0.62,0.12,0.0,0.02,0.0,0.63,0.0,0.0,0.0,0.0,0.0,1.0,0.0,0.0,0.0,1.0,0.0,0.0,0.0,0.0,0.0,0.0,0.0,0.0,0.167870176521615,19.81615502563497,18.532673849177836
1729,69.12,0.98,1,-0.003,0.265,-0.003,-0.018,-0.083,0.05,0.04,0.0,0.0,0.0,1.89,0.01,0.01,0.06,0.0,0.03,0.65,0.19,0.0,0.03,0.0,0.45,0.0,1.0,0.0,0.0,0.0,1.0,0.0,0.0,0.0,1.0,0.0,0.0,0.0,0.0,0.0,0.0,0.0,0.0,0.17701399116302152,20.024984394500787,19.243960091415737
1730,69.16,0.98,1,-0.006,0.262,-0.003,-0.017,-0.082,0.05,0.0,0.0,0.0,0.0,1.86,0.01,0.0,0.07,0.0,0.08,0.64,0.2,0.0,0.03,0.0,0.34,0.0,1.0,0.0,0.0,0.0,1.0,0.0,0.0,0.0,1.0,0.0,0.0,0.0,0.0,0.0,0.0,0.0,0.0,0.17894949061009235,19.52075818199693,18.931983519959115
1731,69.2,0.98,1,-0.005,0.271,0.0,-0.018,-0.078,0.03,0.0,0.0,0.0,0.0,1.75,0.01,0.0,0.11,0.0,0.07,0.63,0.18,0.0,0.02,0.0,0.33,0.0,1.0,0.0,0.0,0.0,1.0,0.0,0.0,0.0,1.0,0.0,0.0,0.0,0.0,0.0,0.0,0.0,0.0,0.17703504328156464,19.11674658512783,18.91692363995804
1732,69.24,0.98,1,-0.001,0.267,-0.001,-0.019,-0.076,0.01,0.05,0.0,0.0,0.0,1.73,0.0,0.03,0.11,0.0,0.06,0.54,0.11,0.0,0.04,0.0,0.42,0.0,1.0,0.0,0.0,0.0,1.0,0.0,0.0,0.0,1.0,0.0,0.0,0.0,0.0,0.0,0.0,0.0,0.0,0.1807554328887388,19.216659439142717,18.916923639958043
1733,69.28,0.98,1,-0.0,0.276,0.0,-0.02,-0.076,0.01,0.09,0.0,0.0,0.0,1.66,0.0,0.03,0.14,0.0,0.01,0.49,0.06,0.0,0.08,0.0,0.44,0.0,1.0,0.0,0.0,0.0,1.0,0.0,0.0,0.0,1.0,0.0,0.0,0.0,0.0,0.0,0.0,0.0,0.0,0.1807704773073305,18.826576959181885,19.112822920751306
1734,69.32,0.98,1,0.004,0.275,-0.002,-0.02,-0.076,0.02,0.09,0.0,0.0,0.0,1.78,0.02,0.03,0.11,0.0,0.01,0.5,0.02,0.0,0.06,0.0,0.32,0.0,1.0,0.0,0.0,0.0,1.0,0.0,0.0,0.0,1.0,1.0,0.0,0.0,0.0,0.0,0.0,0.0,0.0,0.1828385489994878,19.121192431435993,19.112822920751306
1735,69.36,0.98,1,0.002,0.278,0.0,-0.02,-0.077,0.03,0.05,0.0,0.0,0.0,1.74,0.01,0.04,0.14,0.0,0.02,0.55,0.07,0.0,0.03,0.0,0.15,0.0,1.0,0.0,0.0,0.0,1.0,0.0,0.0,0.0,1.0,1.0,0.0,0.0,0.0,0.0,0.0,0.0,0.0,0.18533865195209137,18.621761463406102,19.8204439909909
1736,69.4,0.98,1,-0.002,0.274,0.003,-0.016,-0.078,0.03,0.05,0.0,0.0,0.0,1.77,0.04,0.04,0.14,0.0,0.01,0.54,0.08,0.0,0.08,0.0,0.01,0.0,1.0,0.0,0.0,0.0,1.0,0.0,0.0,0.0,1.0,1.0,0.0,0.0,0.0,0.0,0.0,0.0,0.0,0.18556802153578203,18.4271538768198,20.21583537724825
1737,69.44,0.98,1,-0.001,0.286,0.004,-0.018,-0.079,0.03,0.05,0.0,0.0,0.0,1.68,0.04,0.04,0.18,0.0,0.0,0.51,0.09,0.0,0.11,0.0,0.13,0.0,1.0,0.0,0.0,0.0,1.0,0.0,0.0,0.0,1.0,1.0,0.0,0.0,0.0,0.0,0.0,0.0,0.0,0.18471323749597468,18.322117781522916,19.620652384668695
1738,69.48,0.98,1,-0.001,0.282,0.004,-0.018,-0.078,0.0,0.04,0.0,0.0,0.0,1.87,0.05,0.0,0.15,0.0,0.05,0.49,0.03,0.0,0.16,0.0,0.24,0.0,1.0,0.0,0.0,0.0,1.0,0.0,0.0,0.0,1.0,1.0,0.0,0.0,0.0,0.0,0.0,0.0,0.0,0.18324828726191827,17.91368192192781,19.616319736382902
1739,69.52,0.98,1,-0.01,0.285,0.005,-0.017,-0.077,0.01,0.0,0.0,0.02,0.0,1.87,0.06,0.0,0.12,0.0,0.09,0.48,0.09,0.0,0.11,0.0,0.32,0.0,1.0,0.0,0.0,0.0,1.0,0.0,0.0,0.0,1.0,0.0,0.0,0.0,0.0,0.0,0.0,0.0,0.0,0.18043834972003858,18.912958520548678,19.62549362436513
1740,69.56,0.98,1,-0.007,0.285,0.012,-0.018,-0.081,0.03,0.0,0.0,0.07,0.0,1.71,0.05,0.0,0.09,0.0,0.12,0.42,0.11,0.0,0.08,0.0,0.3,0.0,1.0,0.0,0.0,0.0,1.0,0.0,0.0,0.0,1.0,0.0,0.0,0.0,0.0,0.0,0.0,0.0,0.0,0.18513515711982348,19.10418802252546,19.525624189766635
1741,69.6,0.98,1,-0.015,0.29,0.014,-0.014,-0.082,0.06,0.0,0.0,0.1,0.0,1.58,0.07,0.0,0.09,0.0,0.07,0.37,0.11,0.0,0.02,0.0,0.19,0.0,1.0,0.0,0.0,0.0,1.0,0.0,0.0,0.0,1.0,0.0,0.0,0.0,0.0,0.0,0.0,0.0,0.0,0.1842610729002631,19.40927613281842,19.516403357176237
1742,69.64,0.98,1,-0.012,0.276,0.002,-0.013,-0.08,0.05,0.0,0.0,0.07,0.0,1.39,0.03,0.0,0.12,0.0,0.03,0.42,0.08,0.0,0.09,0.0,0.16,0.0,1.0,0.0,0.0,0.0,1.0,0.0,0.0,0.0,1.0,0.0,0.0,0.0,0.0,0.0,0.0,0.0,0.0,0.18840993978511494,18.613167382259167,19.420865068271155
1743,69.68,0.98,1,-0.001,0.291,0.01,-0.02,-0.081,0.03,0.0,0.0,0.03,0.0,1.38,0.06,0.0,0.14,0.0,0.0,0.49,0.11,0.0,0.12,0.0,0.07,0.0,1.0,0.0,0.0,0.0,1.0,0.0,0.0,0.0,1.0,0.0,0.0,0.0,0.0,0.0,0.0,0.0,0.0,0.1910550286443728,19.416487838947692,19.016834647227704
1744,69.72,0.98,1,-0.006,0.294,0.002,-0.018,-0.079,0.0,0.0,0.0,0.0,0.0,1.2,0.04,0.0,0.15,0.0,0.0,0.6,0.12,0.0,0.12,0.0,0.12,0.0,1.0,0.0,0.0,0.0,1.0,0.0,0.0,0.0,1.0,0.0,0.0,0.0,0.0,0.0,0.0,0.0,0.0,0.19268715882121978,18.61719635176052,19.71243262512247
1745,69.76,0.98,1,-0.005,0.283,0.002,-0.018,-0.079,0.04,0.0,0.0,0.0,0.0,1.19,0.06,0.02,0.13,0.0,0.0,0.57,0.08,0.0,0.05,0.0,0.11,0.0,1.0,0.0,0.0,0.0,1.0,0.0,0.0,0.0,1.0,0.0,0.0,0.0,0.0,0.0,0.0,0.0,0.0,0.18867815154970785,18.916923639958043,19.32097306038177
1746,69.8,0.98,1,-0.007,0.296,0.004,-0.012,-0.081,0.11,0.0,0.0,0.0,0.0,1.35,0.09,0.02,0.09,0.0,0.05,0.68,0.05,0.0,0.06,0.0,0.45,0.0,1.0,0.0,0.0,0.0,1.0,0.0,0.0,0.0,1.0,0.0,0.0,0.0,0.0,0.0,0.0,0.0,0.0,0.1817337399269816,19.609181522950042,19.412624758131074
1747,69.84,0.98,1,-0.013,0.349,0.024,-0.004,-0.07,0.11,0.0,0.0,0.0,0.0,1.38,0.15,0.02,0.03,0.0,0.05,0.81,0.04,0.0,0.14,0.06,0.99,0.0,0.0,0.0,0.0,0.0,1.0,0.0,0.0,0.0,1.0,0.0,0.0,0.0,0.0,0.0,0.0,0.0,1.0,0.1697736009587929,17.202616080119952,18.483776670367092
1748,69.88,0.98,1,-0.042,0.356,0.016,-0.001,-0.036,0.07,0.0,0.0,0.0,0.0,1.54,0.19,0.0,0.0,0.0,0.05,0.93,0.04,0.0,0.12,0.25,1.49,0.0,0.0,0.0,0.0,0.0,0.0,0.0,0.0,0.0,1.0,0.0,0.0,0.0,0.0,0.0,0.0,0.0,1.0,0.1676593648539399,17.43473544393477,19.175505208468568
1749,69.92,0.98,1,-0.124,0.337,0.022,0.03,-0.023,0.0,0.0,0.0,0.0,0.0,1.66,0.14,0.0,0.0,0.0,0.0,0.83,0.05,0.03,0.07,0.42,1.54,0.0,0.0,0.0,0.0,0.0,0.0,0.0,0.0,0.0,1.0,0.0,0.0,0.0,0.0,0.0,0.0,0.0,1.0,0.16825597524800143,16.115210206509783,20.724140512938092
1750,69.96,0.98,1,-0.173,0.334,0.033,0.07,-0.015,0.0,0.0,0.0,0.0,0.0,1.88,0.07,0.0,0.0,0.0,0.0,0.61,0.2,0.11,0.0,0.52,1.27,0.0,0.0,0.0,0.0,0.0,0.0,0.0,0.0,0.0,1.0,0.0,0.0,0.0,0.0,0.0,0.0,0.0,1.0,0.1896761357948106,16.119863522995384,24.307406278745763
1751,70.0,0.98,1,-0.196,0.29,0.03,0.104,-0.006,0.02,0.03,0.0,0.0,0.0,2.13,0.02,0.0,0.01,0.0,0.0,0.51,0.36,0.19,0.01,0.54,0.92,0.0,0.0,0.0,0.0,0.0,0.0,0.0,0.0,0.0,1.0,0.0,0.0,0.0,0.0,0.0,0.0,0.0,1.0,0.21162323872931527,18.300273222004044,27.308972884383692
1752,70.04,0.98,1,-0.228,0.284,0.026,0.129,-0.0,0.13,0.03,0.0,0.0,0.0,1.93,0.0,0.0,0.01,0.0,0.0,0.5,0.4,0.22,0.05,0.61,0.75,0.0,0.0,0.0,0.0,0.0,0.0,0.0,0.0,0.0,1.0,0.0,0.0,0.0,0.0,0.0,0.0,0.0,0.0,0.21666030303875428,19.50230755577401,22.60022123785508
1753,70.08,0.98,1,-0.245,0.288,0.03,0.149,0.005,0.21,0.03,0.0,0.0,0.0,1.78,0.0,0.0,0.01,0.0,0.0,0.59,0.29,0.19,0.13,0.59,0.64,0.0,0.0,0.0,0.0,0.0,0.0,0.0,0.0,0.0,1.0,0.0,0.0,0.0,0.0,0.0,0.0,0.0,0.0,0.20647993087011385,19.801010075246115,22.20202693449411
1754,70.12,0.98,1,-0.258,0.277,0.03,0.16,0.01,0.27,0.0,0.0,0.0,0.0,1.28,0.0,0.0,0.0,0.0,0.0,0.64,0.18,0.18,0.27,0.52,0.49,0.0,0.0,0.0,0.0,0.0,0.0,0.0,0.0,0.0,1.0,0.0,0.0,0.0,0.0,0.0,0.0,0.0,0.0,0.21452415388063145,19.402319448973195,21.41891687270855
1755,70.16,0.98,1,-0.268,0.278,0.034,0.166,0.012,0.29,0.04,0.0,0.0,0.0,1.21,0.0,0.0,0.02,0.0,0.0,0.67,0.09,0.17,0.31,0.46,0.38,0.0,0.0,0.0,0.0,0.0,0.0,0.0,0.0,0.0,1.0,0.0,0.0,0.0,0.0,0.0,0.0,0.0,0.0,0.21426587874643105,19.11282292075131,20.911719202399382
1756,70.2,0.98,1,-0.269,0.281,0.035,0.169,0.011,0.37,0.04,0.0,0.0,0.0,1.16,0.0,0.0,0.05,0.0,0.0,0.62,0.05,0.19,0.29,0.4,0.2,0.0,0.0,0.0,0.0,0.0,0.0,0.0,0.0,0.0,1.0,0.0,0.0,0.0,1.0,0.0,0.0,0.0,0.0,0.21445512705293843,19.906280415989414,21.203773249117646
1757,70.24,0.98,1,-0.262,0.283,0.038,0.168,0.009,0.42,0.15,0.0,0.0,0.0,1.3,0.0,0.0,0.09,0.0,0.0,0.6,0.02,0.21,0.23,0.46,0.27,0.0,0.0,0.0,0.0,0.0,0.0,0.0,0.0,0.0,1.0,0.0,0.0,0.0,1.0,0.0,0.0,0.0,0.0,0.21007807848468624,19.606376513777484,21.202122535255803
1758,70.28,0.98,1,-0.268,0.298,0.043,0.168,0.007,0.31,0.11,0.0,0.0,0.0,1.35,0.0,0.0,0.19,0.07,0.0,0.59,0.0,0.23,0.3,0.47,0.21,0.0,0.0,0.0,0.0,0.0,0.0,0.0,0.0,0.0,1.0,0.0,0.0,0.0,1.0,0.0,0.0,0.0,0.0,0.20189010744454172,19.62549362436513,20.70386437358971
1759,70.32,0.98,1,-0.26,0.311,0.046,0.166,0.005,0.16,0.11,0.0,0.0,0.0,1.5,0.0,0.0,0.39,0.23,0.0,0.59,0.02,0.27,0.4,0.48,0.44,0.0,0.0,0.0,0.0,0.0,0.0,0.0,0.0,1.0,1.0,0.0,0.0,0.0,1.0,0.0,0.0,0.0,0.0,0.1945846876439467,19.630843079195465,20.40024509656683
1760,70.36,0.98,1,-0.257,0.324,0.051,0.162,0.003,0.05,0.0,0.0,0.0,0.04,1.62,0.0,0.0,0.71,0.59,0.0,0.61,0.14,0.33,0.44,0.29,1.03,0.0,0.0,0.0,0.0,0.0,0.0,0.0,0.0,1.0,1.0,0.0,0.0,1.0,1.0,0.0,0.0,0.0,0.0,0.18786793665814555,19.11674658512783,19.900251254695345
1761,70.4,0.98,1,-0.217,0.338,0.034,0.149,0.006,0.15,0.01,0.0,0.0,0.04,1.23,0.0,0.0,1.08,0.94,0.0,0.63,0.36,0.26,0.45,0.1,2.14,0.0,0.0,0.0,0.0,0.0,1.0,0.0,0.0,1.0,1.0,0.0,0.0,1.0,1.0,0.0,0.0,0.0,0.0,0.16659023259283312,18.83215335536535,22.000909072126998
1762,70.44,0.98,1,-0.155,0.41,0.034,0.143,0.007,0.12,0.01,0.0,0.0,0.05,0.89,0.0,0.0,1.38,1.21,0.0,0.78,0.58,0.16,0.28,0.02,2.91,0.0,0.0,0.0,0.0,0.0,1.0,0.0,0.0,1.0,1.0,0.0,0.0,1.0,1.0,0.0,0.0,0.0,0.0,0.15671608055942482,21.539034333042824,16.736188335460422
1763,70.48,0.98,1,-0.15,0.414,0.012,0.128,0.007,0.12,0.01,0.0,0.0,0.23,0.91,0.03,0.0,1.59,1.26,0.0,0.88,0.62,0.14,0.15,0.0,2.76,0.0,0.0,0.0,0.0,1.0,1.0,0.0,0.0,1.0,1.0,0.0,1.0,1.0,1.0,0.0,0.0,0.0,0.0,0.14981513641510047,17.628386199536155,18.626862323000104
1764,70.52,0.98,1,-0.129,0.327,0.006,0.106,0.002,0.0,0.0,0.0,0.0,0.58,1.55,0.16,0.04,1.74,1.27,0.0,1.1,0.52,0.31,0.0,0.0,2.0,0.0,0.0,0.0,0.0,1.0,1.0,1.0,0.0,1.0,1.0,0.0,1.0,1.0,0.0,0.0,0.0,0.0,0.0,0.14706394102143716,17.863090438107243,18.23321145602172
1765,70.56,0.98,1,-0.11,0.321,0.005,0.096,-0.002,0.0,0.0,0.0,0.0,0.96,2.21,0.36,0.11,1.86,1.32,0.0,1.27,0.39,0.58,0.0,0.0,1.19,0.0,0.0,0.0,0.0,1.0,1.0,1.0,0.0,1.0,1.0,0.0,1.0,1.0,0.0,0.0,0.0,0.0,0.0,0.1300019138557778,18.60967490312512,16.71077496706845
1766,70.6,0.98,1,-0.112,0.335,0.008,0.089,-0.006,0.0,0.0,0.0,0.0,1.15,2.32,0.53,0.27,1.94,1.44,0.0,1.59,0.3,0.84,0.0,0.0,0.82,0.0,0.0,0.0,0.0,1.0,1.0,1.0,0.0,1.0,1.0,0.0,1.0,0.0,0.0,0.0,0.0,0.0,0.0,0.13828012921314314,17.400287353949164,16.504847772699996
1767,70.64,0.98,1,-0.082,0.314,0.004,0.077,-0.007,0.0,0.0,0.0,0.0,1.19,2.5,0.68,0.45,1.99,1.54,0.0,1.78,0.18,1.08,0.0,0.0,0.51,0.0,0.0,0.0,0.0,1.0,1.0,1.0,1.0,1.0,1.0,0.0,1.0,0.0,0.0,0.0,0.0,0.0,0.0,0.14092387227958064,18.80106379968959,17.010584939971935
1768,70.68,0.98,1,-0.076,0.313,0.001,0.067,-0.006,0.0,0.0,0.0,0.0,1.26,2.54,0.76,0.67,2.04,1.63,0.0,2.05,0.06,1.25,0.0,0.0,0.3,0.0,0.0,0.0,0.0,1.0,1.0,1.0,1.0,1.0,1.0,0.0,1.0,0.0,0.0,0.0,0.0,0.0,0.0,0.14177715414938813,19.50640920313116,17.613914953808447
1769,70.72,0.98,1,-0.071,0.316,0.004,0.06,-0.005,0.0,0.0,0.0,0.0,1.28,2.75,0.9,0.81,2.11,1.59,0.0,2.19,0.09,1.25,0.0,0.0,0.13,0.0,0.0,0.0,0.0,1.0,1.0,1.0,1.0,1.0,1.0,0.0,1.0,0.0,0.0,0.0,0.0,0.0,0.0,0.14423552615269206,19.606376513777256,17.613914953808447
1770,70.76,0.98,1,-0.079,0.313,0.004,0.053,-0.007,0.0,0.13,0.0,0.0,1.31,2.7,0.91,0.83,2.18,1.46,0.0,2.19,0.09,1.26,0.0,0.0,0.01,0.0,0.0,0.0,0.0,1.0,1.0,1.0,1.0,1.0,1.0,0.0,1.0,0.0,0.0,0.0,0.0,0.0,0.0,0.14915465568013753,20.20222759994555,17.513994404475525
1771,70.8,0.98,1,-0.072,0.302,0.003,0.049,-0.009,0.0,0.17,0.0,0.0,1.34,2.61,0.95,0.82,2.23,1.46,0.0,2.06,0.09,1.19,0.05,0.0,0.0,0.0,0.0,0.0,0.0,1.0,1.0,1.0,1.0,1.0,1.0,0.0,1.0,0.0,0.0,0.0,0.0,0.0,0.0,0.15210338622080158,19.602295783912794,16.724233913695464
1772,70.84,0.98,1,-0.05,0.319,0.005,0.046,-0.011,0.0,0.29,0.0,0.0,1.32,2.42,0.92,0.83,2.29,1.41,0.0,1.8,0.0,1.09,0.1,0.0,0.0,0.0,0.0,0.0,0.0,1.0,1.0,1.0,1.0,1.0,1.0,0.0,1.0,0.0,0.0,0.0,0.0,0.0,0.0,0.15087067933405182,18.60026881526192,17.12366783139631
1773,70.88,0.98,1,-0.037,0.326,0.007,0.048,-0.013,0.02,0.18,0.0,0.0,1.3,2.49,0.95,0.9,2.31,1.5,0.0,1.67,0.01,1.03,0.17,0.0,0.0,0.0,0.0,0.0,0.0,1.0,1.0,1.0,1.0,1.0,1.0,0.0,1.0,0.0,0.0,0.0,0.0,0.0,0.0,0.15331002553882284,17.9011172835665,19.409276132818643
1774,70.92,0.98,1,-0.041,0.311,0.011,0.044,-0.014,0.02,0.18,0.0,0.0,1.21,2.47,0.91,0.95,2.36,1.45,0.0,1.56,0.01,0.96,0.29,0.0,0.0,0.0,0.0,0.0,0.0,1.0,1.0,1.0,1.0,1.0,1.0,0.0,1.0,0.0,0.0,0.0,0.0,0.0,0.0,0.15473173684310504,17.70254219031836,20.20618717126024
1775,70.96,0.98,1,-0.034,0.311,0.011,0.037,-0.014,0.02,0.06,0.0,0.0,1.31,2.58,0.98,1.08,2.32,1.4,0.0,1.55,0.01,0.98,0.35,0.0,0.0,0.0,0.0,0.0,0.0,1.0,1.0,1.0,1.0,1.0,1.0,0.0,1.0,0.0,0.0,0.0,0.0,0.0,0.0,0.15785519998055603,18.40000000000009,20.806008747474806
1776,71.0,0.98,1,-0.03,0.308,0.016,0.036,-0.014,0.0,0.04,0.0,0.0,1.34,2.47,0.99,1.16,2.27,1.41,0.0,1.53,0.03,0.83,0.43,0.0,0.0,0.0,0.0,0.0,0.0,1.0,1.0,1.0,1.0,1.0,1.0,0.0,1.0,0.0,0.0,0.0,0.0,0.0,0.0,0.15892211583170923,19.004210059878837,20.611889772652972
1777,71.04,0.98,1,-0.031,0.307,0.02,0.033,-0.013,0.0,0.0,0.0,0.0,1.39,2.5,1.01,1.25,2.23,1.23,0.0,1.53,0.03,0.76,0.44,0.0,0.0,0.0,0.0,0.0,0.0,1.0,1.0,1.0,1.0,1.0,1.0,0.0,1.0,0.0,0.0,0.0,0.0,0.0,0.0,0.160313297129537,19.004210059878837,21.60370338622515
1778,71.08,0.98,1,-0.024,0.305,0.024,0.03,-0.011,0.0,0.0,0.0,0.0,1.27,2.51,0.89,1.3,2.2,1.18,0.0,1.43,0.03,0.59,0.44,0.0,0.0,0.0,0.0,0.0,0.0,1.0,1.0,1.0,1.0,1.0,1.0,0.0,1.0,0.0,0.0,0.0,0.0,0.0,0.0,0.1629792083650784,19.004210059878837,21.700921639414123
1779,71.12,0.98,1,-0.025,0.317,0.032,0.031,-0.013,0.0,0.0,0.0,0.0,1.14,2.53,0.72,1.26,2.16,1.04,0.0,1.43,0.03,0.46,0.45,0.0,0.0,0.0,0.0,0.0,0.0,1.0,1.0,1.0,1.0,1.0,1.0,0.0,1.0,0.0,0.0,0.0,0.0,0.0,0.0,0.1682965440136161,19.50640920313116,21.302112571292035
1780,71.16,0.98,1,-0.025,0.316,0.041,0.028,-0.009,0.0,0.0,0.0,0.0,0.91,2.29,0.52,1.24,2.06,0.96,0.0,1.29,0.03,0.22,0.37,0.0,0.51,0.0,0.0,0.0,0.0,1.0,1.0,1.0,1.0,1.0,1.0,0.0,1.0,0.0,0.0,0.0,0.0,0.0,0.0,0.16802864254361097,19.716236963477407,21.30093894644079
1781,71.2,0.98,1,-0.065,0.374,0.04,0.03,-0.005,0.04,0.0,0.0,0.0,0.59,1.5,0.35,1.02,2.0,0.92,0.0,1.21,0.26,0.08,0.35,0.0,1.4,0.0,0.0,0.0,0.0,1.0,1.0,1.0,1.0,1.0,1.0,0.0,1.0,0.0,0.0,0.0,0.0,0.0,1.0,0.17891739649300195,18.299999999999955,19.184629264074836
1782,71.24,0.98,1,-0.067,0.45,0.054,0.057,-0.003,0.09,0.04,0.0,0.0,0.35,0.83,0.33,0.78,1.83,0.78,0.0,0.91,0.4,0.0,0.28,0.0,2.4,0.0,0.0,0.0,0.0,1.0,1.0,1.0,0.0,1.0,1.0,0.0,1.0,1.0,0.0,0.0,0.0,0.0,1.0,0.1405075134452729,16.89615340839465,17.241809649801894
1783,71.28,0.98,1,-0.157,0.432,0.061,0.111,0.011,0.09,0.04,0.0,0.0,0.22,0.78,0.32,0.48,1.61,0.77,0.0,0.83,0.61,0.0,0.18,0.0,2.65,0.0,0.0,0.0,0.0,1.0,1.0,1.0,0.0,1.0,1.0,0.0,1.0,1.0,0.0,0.0,0.0,0.0,1.0,0.1554095886861488,20.739334608419725,18.33930205869369
1784,71.32,0.98,1,-0.205,0.414,0.055,0.166,0.025,0.05,0.04,0.0,0.0,0.36,1.17,0.31,0.35,1.32,0.85,0.0,0.82,0.52,0.0,0.14,0.0,2.33,0.0,0.0,0.0,0.0,1.0,1.0,1.0,0.0,1.0,1.0,0.0,1.0,1.0,0.0,0.0,0.0,0.0,1.0,0.1548393481852605,18.77711372921838,18.50027026829608
1785,71.36,0.98,1,-0.308,0.392,0.06,0.226,0.035,0.13,0.1,0.0,0.0,0.5,1.47,0.25,0.37,1.19,0.98,0.0,0.86,0.38,0.0,0.13,0.0,1.73,0.0,0.0,0.0,0.0,1.0,1.0,0.0,0.0,1.0,1.0,0.0,0.0,1.0,0.0,0.0,0.0,0.0,1.0,0.16899658454901706,19.43296168884202,21.674870241826042
1786,71.4,0.98,1,-0.32,0.363,0.068,0.258,0.042,0.17,0.13,0.0,0.0,0.61,1.5,0.14,0.56,1.18,0.95,0.0,0.71,0.26,0.2,0.33,0.0,1.19,0.0,0.0,0.0,0.0,1.0,1.0,0.0,0.0,1.0,1.0,0.0,0.0,1.0,0.0,0.0,0.0,0.0,0.0,0.16198469224186884,16.57377446449657,26.548069609672165
1787,71.44,0.98,1,-0.356,0.377,0.076,0.275,0.083,0.17,0.19,0.0,0.0,0.59,1.71,0.06,0.66,1.25,0.76,0.0,0.44,0.23,0.55,0.66,0.01,0.86,0.0,0.0,0.0,0.0,1.0,1.0,0.0,0.0,1.0,1.0,0.0,0.0,1.0,0.0,1.0,0.0,0.0,0.0,0.17010391530331692,17.1143214881573,27.027578507887043
1788,71.48,0.98,1,-0.363,0.337,0.054,0.277,0.107,0.11,0.2,0.0,0.0,0.53,1.78,0.0,0.8,1.33,0.68,0.0,0.27,0.28,1.01,0.96,0.01,0.6,0.0,0.0,0.0,0.0,1.0,1.0,0.0,0.0,1.0,1.0,0.0,0.0,1.0,0.0,1.0,0.0,0.0,0.0,0.20924979756502132,18.28578683021338,27.110514565385923
1789,71.52,0.98,1,-0.374,0.355,0.05,0.28,0.119,0.15,0.33,0.0,0.0,0.49,1.86,0.0,0.76,1.39,0.58,0.0,0.14,0.28,1.28,1.16,0.06,0.59,0.0,0.0,0.0,0.0,1.0,1.0,0.0,0.0,1.0,1.0,0.0,0.0,1.0,0.0,1.0,0.0,0.0,0.0,0.18050511775822375,18.824717793369345,27.37243138634199
1790,71.56,0.98,1,-0.387,0.351,0.048,0.285,0.127,0.28,0.45,0.0,0.0,0.51,1.86,0.0,0.84,1.46,0.57,0.0,0.08,0.27,1.32,1.25,0.17,0.45,0.0,0.0,0.0,0.0,1.0,1.0,0.0,0.0,1.0,1.0,0.0,0.0,0.0,0.0,1.0,0.0,0.0,0.0,0.17952272443470177,19.859506539690397,27.423347716863464
1791,71.6,0.98,1,-0.405,0.347,0.058,0.295,0.131,0.25,0.43,0.02,0.0,0.61,1.98,0.0,0.97,1.57,0.48,0.0,0.02,0.27,1.23,1.58,0.44,0.44,0.0,0.0,0.0,0.0,1.0,1.0,0.0,0.0,1.0,1.0,0.0,0.0,0.0,0.0,1.0,0.0,0.0,0.0,0.18560087558079713,18.528356645962916,27.770487932335698
1792,71.64,0.98,1,-0.421,0.346,0.066,0.308,0.132,0.22,0.33,0.02,0.0,0.71,1.86,0.0,1.2,1.69,0.6,0.0,0.0,0.18,1.17,1.93,0.71,0.35,0.0,0.0,0.0,0.0,1.0,1.0,0.0,1.0,1.0,1.0,0.0,0.0,0.0,0.0,1.0,1.0,0.0,0.0,0.18987454393681827,18.659314028120207,27.702707448911905
1793,71.68,0.98,1,-0.431,0.345,0.072,0.312,0.133,0.19,0.23,0.02,0.02,0.77,1.61,0.0,1.4,1.78,0.69,0.0,0.0,0.07,1.15,2.31,0.91,0.32,0.0,0.0,0.0,0.0,1.0,1.0,0.0,1.0,1.0,1.0,0.0,0.0,0.0,0.0,1.0,1.0,0.0,0.0,0.18865665751462712,19.1525455227237,26.99425864883128
1794,71.72,0.98,1,-0.425,0.34,0.073,0.319,0.131,0.29,0.26,0.06,0.02,0.84,1.56,0.0,1.5,1.82,0.86,0.0,0.0,0.0,1.19,2.48,1.07,0.31,0.0,0.0,0.0,0.0,1.0,1.0,0.0,1.0,1.0,1.0,0.0,0.0,0.0,0.0,1.0,1.0,0.0,0.0,0.19734381016493344,20.026232796010387,26.85553946581597
1795,71.76,0.98,1,-0.43,0.342,0.073,0.324,0.132,0.44,0.25,0.15,0.02,0.88,1.51,0.0,1.6,1.81,0.92,0.0,0.03,0.0,1.19,2.57,1.18,0.25,1.0,0.0,0.0,0.0,1.0,1.0,0.0,1.0,1.0,1.0,0.0,0.0,0.0,0.0,1.0,1.0,0.0,0.0,0.2020171688592867,20.474862636901793,26.101340961720783
1796,71.8,0.98,1,-0.439,0.339,0.073,0.323,0.131,0.46,0.19,0.15,0.0,0.91,1.55,0.0,1.66,1.8,0.97,0.0,0.03,0.0,1.23,2.58,1.29,0.22,1.0,0.0,0.0,0.0,1.0,1.0,0.0,1.0,1.0,1.0,0.0,0.0,0.0,0.0,1.0,1.0,0.0,0.0,0.20238003233394553,21.592822881689234,25.393896904571392
1797,71.84,0.98,1,-0.439,0.334,0.072,0.318,0.131,0.52,0.07,0.14,0.01,0.88,1.42,0.0,1.68,1.79,0.95,0.0,0.08,0.0,1.23,2.51,1.32,0.13,1.0,0.0,0.0,0.0,1.0,1.0,0.0,1.0,1.0,1.0,0.0,0.0,0.0,0.0,1.0,0.0,0.0,0.0,0.2021924759495062,21.631689716709417,25.39389690457142
1798,71.88,0.98,1,-0.439,0.317,0.072,0.321,0.13,0.55,0.02,0.13,0.01,0.79,1.36,0.0,1.67,1.77,0.98,0.0,0.11,0.0,1.2,2.4,1.35,0.07,1.0,0.0,0.0,0.0,1.0,1.0,0.0,1.0,1.0,1.0,0.0,0.0,0.0,0.0,1.0,0.0,0.0,0.0,0.23223903621689818,21.710135881656715,24.768124676688764
1799,71.92,0.98,1,-0.445,0.32,0.079,0.32,0.132,0.57,0.06,0.21,0.0,0.71,1.38,0.0,1.63,1.72,0.99,0.0,0.26,0.0,1.25,2.15,1.28,0.02,1.0,0.0,0.0,0.0,1.0,1.0,0.0,1.0,1.0,1.0,0.0,0.0,0.0,0.0,1.0,0.0,0.0,0.0,0.23375323123115865,21.41588195708968,24.47243347115285
1800,71.96,0.98,1,-0.442,0.341,0.081,0.316,0.134,0.46,0.07,0.24,0.0,0.62,1.34,0.0,1.62,1.61,0.98,0.0,0.37,0.0,1.36,1.82,1.18,0.06,1.0,0.0,0.0,0.0,1.0,1.0,0.0,1.0,1.0,1.0,0.0,0.0,0.0,0.0,1.0,0.0,0.0,0.0,0.21855298433999049,21.26029162546925,24.98159322381175
1801,72.0,0.98,1,-0.461,0.327,0.079,0.314,0.137,0.41,0.17,0.19,0.07,0.56,1.36,0.0,1.57,1.49,0.98,0.0,0.48,0.0,1.49,1.44,1.08,0.12,1.0,0.0,0.0,0.0,1.0,1.0,0.0,1.0,1.0,1.0,0.0,0.0,0.0,0.0,1.0,0.0,0.0,0.0,0.21192673623577254,20.965924735150736,24.617473469062663
1802,72.04,0.98,1,-0.439,0.325,0.076,0.308,0.139,0.48,0.17,0.13,0.07,0.5,1.26,0.0,1.57,1.37,1.0,0.0,0.48,0.0,1.58,1.07,1.02,0.15,1.0,0.0,0.0,0.0,1.0,1.0,0.0,0.0,1.0,1.0,0.0,0.0,0.0,0.0,1.0,0.0,0.0,0.0,0.21824941334001774,20.965924735150512,27.020917823049572
1803,72.08,0.98,1,-0.434,0.332,0.077,0.304,0.142,0.54,0.35,0.06,0.07,0.46,1.09,0.0,1.63,1.25,1.02,0.0,0.56,0.0,1.62,0.88,0.94,0.16,1.0,0.0,0.0,0.0,1.0,1.0,0.0,0.0,1.0,1.0,0.0,0.0,0.0,0.0,1.0,0.0,0.0,0.0,0.20357444549349274,21.33775995740894,27.261878145131522
1804,72.12,0.98,1,-0.433,0.327,0.075,0.307,0.144,0.57,0.3,0.03,0.0,0.47,1.04,0.0,1.7,1.15,0.97,0.0,0.57,0.0,1.64,0.76,0.83,0.25,1.0,0.0,0.0,0.0,1.0,1.0,0.0,0.0,1.0,1.0,0.0,0.0,0.0,0.0,1.0,0.0,0.0,0.0,0.21600125474801637,21.47673159491453,26.897211751406523
1805,72.16,0.98,1,-0.423,0.337,0.078,0.302,0.148,0.56,0.29,0.0,0.0,0.46,1.18,0.0,1.74,1.05,0.83,0.0,0.57,0.0,1.61,0.8,0.76,0.35,1.0,0.0,0.0,0.0,1.0,1.0,0.0,0.0,1.0,1.0,0.0,0.0,0.0,0.0,1.0,0.0,0.0,0.0,0.19747515127471799,21.26076198070059,26.076234390724437
1806,72.2,0.98,1,-0.418,0.342,0.08,0.301,0.151,0.61,0.19,0.02,0.0,0.45,1.27,0.0,1.72,0.97,0.8,0.0,0.47,0.0,1.6,0.77,0.71,0.36,1.0,0.0,0.0,0.0,1.0,1.0,0.0,0.0,1.0,1.0,0.0,0.0,0.0,0.0,1.0,0.0,0.0,0.0,0.19692830972191566,21.37755832643195,26.466015944981276
1807,72.24,0.98,1,-0.416,0.349,0.085,0.304,0.149,0.57,0.25,0.05,0.0,0.47,1.24,0.0,1.6,0.93,0.79,0.0,0.44,0.0,1.61,0.91,0.71,0.29,1.0,0.0,0.0,0.0,1.0,1.0,0.0,0.0,1.0,1.0,0.0,0.0,0.0,0.0,1.0,0.0,0.0,0.0,0.19704315174692294,21.219802072592444,26.488488065573005
1808,72.28,0.98,1,-0.414,0.348,0.081,0.294,0.151,0.59,0.32,0.13,0.0,0.47,0.99,0.0,1.54,0.96,0.82,0.0,0.49,0.0,1.67,0.93,0.72,0.17,1.0,0.0,0.0,0.0,1.0,1.0,0.0,0.0,1.0,1.0,0.0,0.0,0.0,0.0,1.0,0.0,0.0,0.0,0.19651924773576876,21.925783908448988,27.141296947640477
1809,72.32,0.98,1,-0.412,0.34,0.081,0.291,0.149,0.56,0.32,0.16,0.06,0.5,1.0,0.0,1.46,0.97,0.82,0.0,0.57,0.0,1.7,0.97,0.7,0.14,1.0,0.0,0.0,0.0,1.0,1.0,0.0,0.0,1.0,1.0,0.0,0.0,0.0,0.0,1.0,0.0,0.0,0.0,0.19598942021810545,22.03020653557298,26.803357998579123
1810,72.36,0.98,1,-0.416,0.35,0.083,0.294,0.148,0.62,0.43,0.19,0.2,0.51,1.1,0.0,1.52,1.02,0.84,0.0,0.57,0.0,1.68,0.99,0.66,0.1,1.0,0.0,0.0,0.0,1.0,1.0,0.0,0.0,1.0,1.0,0.0,0.0,0.0,0.0,1.0,0.0,0.0,0.0,0.1954014724080081,21.631689716709662,26.248809496813386
1811,72.4,0.98,1,-0.412,0.349,0.083,0.292,0.147,0.66,0.53,0.19,0.2,0.56,1.17,0.0,1.5,1.02,0.88,0.0,0.59,0.0,1.65,1.04,0.62,0.1,1.0,0.0,1.0,0.0,1.0,1.0,0.0,0.0,1.0,1.0,0.0,0.0,0.0,0.0,1.0,0.0,0.0,0.0,0.19115248486269398,21.651789764359037,26.346346995361646
1812,72.44,0.98,1,-0.413,0.354,0.079,0.288,0.149,0.65,0.56,0.2,0.14,0.57,1.15,0.0,1.46,1.06,0.89,0.0,0.63,0.0,1.65,1.09,0.69,0.13,1.0,0.0,1.0,0.0,1.0,1.0,0.0,0.0,1.0,1.0,0.0,0.0,0.0,0.0,1.0,0.0,0.0,0.0,0.19258775691674368,22.14158982548457,25.978837541352718
1813,72.48,0.98,1,-0.414,0.344,0.079,0.288,0.148,0.63,0.5,0.19,0.01,0.55,0.92,0.0,1.44,1.08,0.83,0.0,0.73,0.0,1.69,1.07,0.71,0.14,1.0,0.0,0.0,0.0,1.0,1.0,0.0,0.0,1.0,1.0,0.0,0.0,0.0,0.0,1.0,0.0,0.0,0.0,0.19759121485557168,21.808255317654442,26.293725487271583
1814,72.52,0.98,1,-0.415,0.353,0.08,0.286,0.149,0.55,0.45,0.11,0.05,0.52,0.88,0.0,1.48,1.15,0.8,0.0,0.77,0.0,1.69,1.1,0.75,0.21,1.0,0.0,0.0,0.0,1.0,1.0,0.0,0.0,1.0,1.0,0.0,0.0,0.0,0.0,1.0,0.0,0.0,0.0,0.19461854951970312,22.004544985070616,25.904439773907527
1815,72.56,0.98,1,-0.417,0.357,0.079,0.287,0.15,0.53,0.54,0.04,0.06,0.52,0.94,0.0,1.57,1.18,0.77,0.0,0.72,0.0,1.7,1.14,0.71,0.22,1.0,0.0,0.0,0.0,1.0,1.0,0.0,0.0,1.0,1.0,0.0,0.0,0.0,0.0,1.0,0.0,0.0,0.0,0.19665599990184804,22.121934815924273,25.544079548889563
1816,72.6,0.98,1,-0.411,0.347,0.079,0.287,0.147,0.55,0.5,0.0,0.1,0.56,1.06,0.0,1.61,1.23,0.87,0.0,0.65,0.0,1.66,1.15,0.68,0.22,1.0,0.0,0.0,0.0,1.0,1.0,0.0,0.0,1.0,1.0,0.0,0.0,0.0,0.0,1.0,0.0,0.0,0.0,0.19200098097594157,22.121934815924273,25.177172200229307
1817,72.64,0.98,1,-0.415,0.344,0.078,0.285,0.147,0.53,0.49,0.0,0.06,0.55,1.14,0.0,1.62,1.26,0.84,0.0,0.59,0.0,1.66,1.05,0.59,0.21,1.0,0.0,0.0,0.0,1.0,1.0,0.0,0.0,1.0,1.0,0.0,0.0,0.0,0.0,1.0,0.0,0.0,0.0,0.19296401993748652,22.22003600357116,25.10975905897944
1818,72.68,0.98,1,-0.411,0.344,0.075,0.285,0.147,0.45,0.43,0.03,0.2,0.57,1.17,0.0,1.6,1.32,0.77,0.0,0.52,0.0,1.66,1.04,0.5,0.3,1.0,0.0,0.0,0.0,1.0,1.0,0.0,0.0,1.0,1.0,0.0,0.0,0.0,0.0,1.0,0.0,0.0,0.0,0.19117269601224623,22.102714765385553,25.20734020082248
1819,72.72,0.98,1,-0.414,0.343,0.075,0.285,0.145,0.45,0.4,0.11,0.15,0.61,1.23,0.0,1.55,1.36,0.7,0.0,0.47,0.0,1.62,1.17,0.58,0.42,1.0,0.0,0.0,0.0,1.0,1.0,0.0,0.0,1.0,1.0,0.0,0.0,0.0,0.0,1.0,0.0,0.0,0.0,0.1888962444711279,22.37878459613033,25.034376365310145
1820,72.76,0.98,1,-0.414,0.343,0.077,0.289,0.14,0.41,0.25,0.11,0.32,0.82,1.44,0.0,1.59,1.55,0.73,0.0,0.28,0.0,1.59,1.58,0.71,0.5,1.0,0.0,0.0,0.0,1.0,1.0,0.0,1.0,1.0,1.0,0.0,0.0,0.0,0.0,1.0,0.0,0.0,0.0,0.19939165682673585,22.04767561444974,25.20734020082237
1821,72.8,0.98,1,-0.41,0.349,0.082,0.296,0.135,0.48,0.27,0.08,0.18,1.06,1.35,0.0,1.67,1.85,0.86,0.0,0.13,0.0,1.48,2.15,0.98,0.34,1.0,0.0,0.0,0.0,1.0,1.0,0.0,1.0,1.0,1.0,0.0,0.0,0.0,0.0,1.0,1.0,0.0,0.0,0.1846194762105316,22.193918085818108,24.908833774386185
1822,72.84,0.98,1,-0.415,0.327,0.086,0.308,0.132,0.31,0.21,0.0,0.18,1.26,1.4,0.0,1.83,2.25,0.96,0.0,0.0,0.0,1.53,2.66,1.05,0.28,1.0,0.0,0.0,0.0,1.0,1.0,0.0,1.0,1.0,1.0,0.0,0.0,0.0,0.0,1.0,1.0,0.0,0.0,0.20788450332063774,21.503488089145026,25.006599129029873
1823,72.88,0.98,1,-0.407,0.341,0.084,0.301,0.129,0.24,0.19,0.0,0.01,1.32,1.3,0.0,1.94,2.51,1.06,0.0,0.0,0.0,1.62,2.86,1.07,0.2,1.0,0.0,0.0,0.0,1.0,1.0,0.0,1.0,1.0,1.0,0.0,0.0,0.0,0.0,1.0,1.0,0.0,0.0,0.18224509116279441,21.85062928155632,25.807169546465207
1824,72.92,0.98,1,-0.412,0.335,0.084,0.301,0.13,0.12,0.02,0.03,0.0,1.33,1.45,0.0,1.95,2.66,1.19,0.0,0.0,0.0,1.72,2.84,0.83,0.22,1.0,0.0,0.0,0.0,1.0,1.0,0.0,1.0,1.0,1.0,0.0,0.0,0.0,0.0,1.0,1.0,0.0,0.0,0.1908785697518041,21.920310216783022,25.61269216618977
1825,72.96,0.98,1,-0.405,0.328,0.085,0.307,0.128,0.13,0.0,0.03,0.0,1.4,1.43,0.0,1.97,2.68,1.3,0.0,0.0,0.0,1.72,2.87,0.7,0.11,1.0,0.0,0.0,0.0,1.0,1.0,0.0,1.0,1.0,1.0,0.0,0.0,0.0,0.0,1.0,1.0,0.0,0.0,0.1977845381691902,21.70829334609241,25.466252178127874
1826,73.0,0.98,1,-0.428,0.332,0.095,0.31,0.125,0.13,0.08,0.03,0.0,1.54,1.42,0.0,1.98,2.74,1.31,0.0,0.0,0.0,1.69,2.9,0.55,0.04,1.0,0.0,0.0,0.0,1.0,1.0,0.0,1.0,1.0,1.0,0.0,0.0,0.0,0.0,1.0,0.0,0.0,0.0,0.1938719828089665,20.223748416156685,25.61269216618977
1827,73.04,0.98,1,-0.417,0.334,0.09,0.298,0.126,0.18,0.15,0.0,0.03,1.63,1.4,0.0,2.09,2.78,1.29,0.0,0.0,0.0,1.72,2.9,0.56,0.0,1.0,0.0,0.0,0.0,1.0,1.0,0.0,1.0,1.0,1.0,0.0,0.0,0.0,0.0,1.0,0.0,0.0,0.0,0.18311333517903183,20.337649815059667,26.072590972130072
1828,73.08,0.98,1,-0.41,0.332,0.09,0.302,0.124,0.23,0.15,0.0,0.05,1.67,1.38,0.0,2.13,2.81,1.28,0.0,0.0,0.0,1.75,2.81,0.43,0.0,1.0,0.0,0.0,0.0,1.0,1.0,0.0,1.0,1.0,1.0,0.0,0.0,0.0,0.0,1.0,0.0,0.0,0.0,0.18650965084696608,20.07311634998409,26.462237244798487
1829,73.12,0.98,1,-0.417,0.332,0.086,0.3,0.124,0.3,0.07,0.0,0.14,1.66,1.36,0.0,2.1,2.76,1.36,0.0,0.0,0.0,1.76,2.78,0.4,0.1,1.0,0.0,0.0,0.0,1.0,1.0,0.0,1.0,1.0,1.0,0.0,0.0,0.0,0.0,1.0,0.0,0.0,0.0,0.1812699322850866,20.369094236121448,26.363800939925195
1830,73.16,0.98,1,-0.41,0.336,0.087,0.302,0.121,0.35,0.0,0.01,0.18,1.7,1.42,0.0,2.02,2.72,1.35,0.0,0.0,0.0,1.77,2.72,0.31,0.1,1.0,0.0,0.0,0.0,1.0,1.0,0.0,1.0,1.0,1.0,0.0,0.0,0.0,0.0,1.0,0.0,0.0,0.0,0.1810493787740574,20.5827597760844,26.70318333083153
1831,73.2,0.98,1,-0.417,0.334,0.088,0.303,0.12,0.38,0.0,0.01,0.16,1.7,1.43,0.0,1.97,2.7,1.49,0.0,0.0,0.0,1.77,2.7,0.36,0.11,1.0,0.0,0.0,0.0,1.0,1.0,0.0,1.0,1.0,1.0,0.0,0.0,0.0,0.0,1.0,0.0,0.0,0.0,0.18007768585321882,20.715211801958333,26.412307737113792
1832,73.24,0.98,1,-0.411,0.335,0.092,0.308,0.116,0.32,0.0,0.01,0.08,1.69,1.37,0.0,1.94,2.7,1.47,0.0,0.0,0.0,1.71,2.76,0.36,0.03,1.0,0.0,0.0,0.0,1.0,1.0,0.0,1.0,1.0,1.0,0.0,0.0,0.0,0.0,1.0,0.0,0.0,0.0,0.1919103601181511,20.50097558654226,25.587692353942437
1833,73.28,0.98,1,-0.406,0.334,0.092,0.31,0.118,0.22,0.0,0.0,0.08,1.61,1.26,0.0,2.0,2.73,1.57,0.0,0.0,0.0,1.67,2.79,0.38,0.13,1.0,0.0,0.0,0.0,1.0,1.0,0.0,1.0,1.0,1.0,0.0,0.0,0.0,0.0,1.0,0.0,0.0,0.0,0.18980031277170878,21.768095920405987,24.473046398027435
1834,73.32,0.98,1,-0.409,0.337,0.091,0.311,0.114,0.16,0.0,0.0,0.08,1.61,1.09,0.0,2.0,2.78,1.47,0.0,0.0,0.0,1.66,2.76,0.26,0.26,1.0,0.0,0.0,0.0,1.0,1.0,0.0,1.0,1.0,1.0,0.0,0.0,0.0,0.0,1.0,0.0,0.0,0.0,0.1917850681861588,21.595601403989743,23.598728779321977
1835,73.36,0.98,1,-0.407,0.336,0.091,0.304,0.111,0.12,0.0,0.0,0.07,1.59,1.21,0.0,1.98,2.78,1.48,0.0,0.0,0.0,1.66,2.79,0.28,0.24,1.0,0.0,0.0,0.0,1.0,1.0,0.0,1.0,1.0,1.0,0.0,0.0,0.0,0.0,1.0,0.0,0.0,0.0,0.18659828574264814,22.162355470482026,24.39938523815716
1836,73.4,0.98,1,-0.399,0.341,0.096,0.302,0.107,0.11,0.0,0.0,0.01,1.58,1.24,0.0,1.96,2.78,1.41,0.0,0.0,0.0,1.6,2.74,0.3,0.13,1.0,0.0,0.0,0.0,1.0,1.0,0.0,1.0,1.0,1.0,0.0,0.0,0.0,0.0,1.0,0.0,0.0,0.0,0.19309970038352758,22.289459392277685,25.004999500099974
1837,73.44,0.98,1,-0.375,0.337,0.093,0.293,0.102,0.05,0.0,0.02,0.0,1.64,1.85,0.0,1.84,2.77,1.51,0.0,0.0,0.0,1.24,2.76,0.58,0.4,1.0,0.0,0.0,0.0,1.0,1.0,0.0,1.0,1.0,1.0,0.0,0.0,0.0,0.0,1.0,0.0,0.0,0.0,0.18100602313186,21.612265036316757,25.985572920372565
1838,73.48,0.98,1,-0.34,0.369,0.094,0.287,0.096,0.04,0.0,0.02,0.0,1.58,1.99,0.0,1.59,2.82,1.5,0.0,0.0,0.17,0.86,2.75,0.94,1.13,0.0,0.0,0.0,0.0,1.0,1.0,0.0,1.0,1.0,1.0,0.0,0.0,0.0,0.0,1.0,0.0,0.0,0.0,0.1887105880812474,17.623847480048248,21.144266362302538
1839,73.52,0.98,1,-0.261,0.49,0.118,0.264,0.089,0.0,0.0,0.02,0.0,1.43,2.01,0.0,1.26,2.83,1.54,0.0,0.15,0.54,0.51,2.64,1.45,1.74,0.0,0.0,0.0,0.0,1.0,1.0,0.0,1.0,1.0,1.0,0.0,0.0,1.0,0.0,1.0,0.0,0.0,0.0,0.10638619437232714,19.84363877921577,19.126944345608376
1840,73.56,0.93,1,-0.127,0.495,0.152,0.192,0.076,0.0,0.18,0.0,0.0,1.14,1.62,0.0,0.98,2.87,1.58,0.0,0.53,1.07,0.5,2.33,1.59,1.85,0.0,0.0,0.0,0.0,1.0,1.0,0.0,1.0,1.0,1.0,0.0,0.0,1.0,0.0,1.0,0.0,0.0,0.0,0.14464077666228203,18.0897761180176,19.07590102721232
1841,73.6,0.93,1,-0.083,0.453,0.137,0.121,0.063,0.09,0.78,0.08,0.0,1.0,1.56,0.0,0.8,2.87,1.96,0.13,1.19,1.44,0.54,1.69,1.17,1.14,0.0,0.0,0.0,0.0,1.0,1.0,0.0,1.0,1.0,1.0,0.0,0.0,1.0,0.0,1.0,0.0,0.0,1.0,0.1482356535868588,19.11282292075131,20.903827400741804
1842,73.64,0.77,1,-0.032,0.45,0.103,0.089,0.072,0.09,0.97,0.08,0.0,1.01,1.61,0.07,0.97,2.88,2.34,0.18,1.18,1.15,0.39,1.46,0.55,0.69,0.0,0.0,0.0,0.0,1.0,1.0,0.0,1.0,1.0,1.0,0.0,1.0,1.0,0.0,1.0,0.0,0.0,1.0,0.11644711657461432,19.301036241611666,22.43211982849579
1843,73.68,0.98,1,0.032,0.417,0.11,-0.093,-0.058,0.09,0.82,0.23,0.0,0.98,2.01,0.09,1.31,2.78,2.54,0.18,1.03,0.61,0.18,1.41,0.1,0.17,0.0,0.0,0.0,0.0,0.0,1.0,0.0,1.0,1.0,1.0,0.0,1.0,0.0,0.0,1.0,0.0,0.0,1.0,0.1479322066928952,19.812369873389663,19.91230775173974
1844,73.72,0.98,1,0.094,0.37,0.116,-0.154,-0.068,0.0,0.22,0.28,0.0,0.79,1.94,0.17,1.89,2.54,2.22,0.16,0.74,0.07,0.0,1.81,0.02,0.15,0.0,0.0,0.0,0.0,0.0,1.0,0.0,1.0,1.0,1.0,0.0,1.0,0.0,0.0,1.0,0.0,0.0,1.0,0.17345966079910197,18.261708572858172,16.885792844874018
1845,73.76,0.98,1,0.176,0.33,0.11,-0.219,-0.072,0.0,0.08,0.38,0.0,0.5,1.91,0.1,2.06,2.2,1.58,0.77,1.03,0.0,0.0,1.93,0.02,0.0,1.0,0.0,0.0,0.0,0.0,1.0,0.0,1.0,1.0,1.0,0.0,1.0,0.0,0.0,1.0,0.0,0.0,0.0,0.22761482454918347,16.65442884040168,16.831518053936833
1846,73.8,0.98,1,0.205,0.31,0.119,-0.27,-0.08,0.06,0.42,0.42,0.15,0.22,1.46,0.09,1.53,1.82,0.75,1.95,1.09,0.0,0.0,2.07,0.47,0.0,1.0,0.0,1.0,0.0,0.0,1.0,0.0,1.0,1.0,1.0,0.0,0.0,0.0,0.0,1.0,0.0,0.0,0.0,0.24779835016065113,16.83448840921531,16.3783393541592
1847,73.84,0.98,1,0.256,0.29,0.099,-0.332,-0.087,0.12,0.96,0.5,0.44,0.07,1.31,0.0,0.76,1.54,0.23,2.75,1.1,0.16,0.0,2.27,0.56,0.0,1.0,0.0,1.0,0.0,0.0,1.0,0.0,0.0,1.0,0.0,0.0,0.0,0.0,0.0,1.0,0.0,0.0,0.0,0.31287306653729585,16.02903615318147,14.14001414426454
1848,73.88,0.98,1,0.244,0.289,0.104,-0.353,-0.1,0.19,1.44,0.69,0.75,0.0,1.3,0.0,0.24,1.41,0.0,3.75,1.14,0.16,0.0,2.33,0.56,0.0,1.0,0.0,1.0,0.0,0.0,1.0,0.0,0.0,1.0,0.0,0.0,0.0,0.0,0.0,1.0,0.0,0.0,0.0,0.33638721805251515,16.62077013859475,13.008074415531308
1849,73.92,0.98,1,0.291,0.285,0.122,-0.372,-0.107,0.26,1.75,0.9,0.91,0.04,1.31,0.0,0.28,1.36,0.0,4.23,1.3,0.16,0.0,2.11,0.11,0.0,1.0,0.0,1.0,0.0,0.0,1.0,0.0,0.0,1.0,0.0,0.0,0.0,0.0,0.0,1.0,0.0,1.0,0.0,0.335436811785187,14.849242404917545,12.404031602668633
1850,73.96,0.98,1,0.323,0.283,0.123,-0.386,-0.11,0.42,1.83,1.05,0.82,0.07,1.29,0.0,0.75,1.39,0.0,3.98,1.47,0.0,0.0,1.96,0.21,0.0,1.0,0.0,1.0,0.0,0.0,1.0,0.0,0.0,1.0,0.0,0.0,0.0,0.0,0.0,0.0,0.0,1.0,0.0,0.3500383919896072,12.210241602851317,12.81600561797626
1851,74.0,0.98,1,0.356,0.287,0.147,-0.374,-0.126,0.58,1.88,1.23,0.86,0.09,1.06,0.0,1.08,1.34,0.0,2.79,1.58,0.0,0.0,2.15,0.39,0.0,1.0,1.0,1.0,0.0,0.0,1.0,0.0,0.0,1.0,0.0,0.0,0.0,0.0,0.0,0.0,0.0,1.0,0.0,0.40640362261751384,10.746627377926574,12.202458768625158
1852,74.04,0.98,1,0.369,0.303,0.156,-0.394,-0.134,0.79,1.82,1.37,0.9,0.06,0.86,0.0,1.42,1.45,0.03,1.57,1.5,0.0,0.0,2.48,0.47,0.0,1.0,1.0,1.0,0.0,0.0,1.0,0.0,0.0,1.0,0.0,0.0,0.0,0.0,0.0,0.0,0.0,1.0,0.0,0.3778763300071495,11.772000679578682,11.472575996697422
1853,74.08,0.98,1,0.391,0.306,0.162,-0.398,-0.141,0.98,1.85,1.5,1.18,0.06,0.71,0.0,1.4,1.5,0.03,1.05,1.28,0.0,0.0,2.43,0.43,0.0,1.0,1.0,1.0,1.0,0.0,1.0,0.0,0.0,1.0,0.0,0.0,0.0,0.0,0.0,0.0,0.0,1.0,0.0,0.40676873892624454,10.295630140986816,11.25877435603005
1854,74.12,0.98,1,0.399,0.271,0.167,-0.409,-0.155,1.12,1.89,1.55,1.35,0.03,0.61,0.0,1.39,1.59,0.03,0.79,1.04,0.0,0.0,2.46,0.39,0.0,1.0,1.0,1.0,1.0,0.0,1.0,0.0,0.0,1.0,0.0,0.0,0.0,0.0,0.0,0.0,0.0,1.0,0.0,0.4802385612028522,9.984988733093385,11.378049041905118
1855,74.16,0.98,1,0.4,0.264,0.15,-0.413,-0.161,1.14,1.99,1.35,1.62,0.03,0.49,0.0,1.26,1.56,0.0,0.46,0.94,0.0,0.0,2.45,0.37,0.0,1.0,1.0,1.0,1.0,0.0,1.0,0.0,0.0,1.0,0.0,0.0,0.0,0.0,0.0,0.0,0.0,1.0,0.0,0.5284070981355486,9.400531899844907,11.790250209389116
1856,74.2,0.98,1,0.407,0.25,0.15,-0.407,-0.175,1.07,2.06,1.2,1.74,0.0,0.3,0.0,1.08,1.51,0.0,0.63,0.86,0.0,0.0,2.46,0.43,0.0,1.0,1.0,1.0,1.0,0.0,1.0,0.0,0.0,1.0,0.0,0.0,0.0,0.0,0.0,0.0,0.0,1.0,0.0,0.561785778475034,9.299999999999955,12.299999999999985
1857,74.24,0.93,1,0.399,0.229,0.139,-0.399,-0.178,0.85,2.18,0.98,1.87,0.0,0.13,0.0,0.77,1.45,0.0,0.73,0.75,0.0,0.0,2.38,0.52,0.0,1.0,1.0,1.0,1.0,0.0,1.0,0.0,0.0,1.0,0.0,0.0,0.0,0.0,0.0,0.0,0.0,1.0,0.0,0.5546865902178713,10.807404868884992,12.376186811776797
1858,74.28,0.93,1,0.388,0.231,0.138,-0.395,-0.176,0.99,2.63,1.06,1.79,0.0,0.08,0.0,0.53,1.29,0.11,0.66,0.67,0.0,0.0,2.55,0.93,0.0,1.0,1.0,1.0,1.0,0.0,1.0,0.0,0.0,1.0,0.0,0.0,0.0,0.0,0.0,0.0,0.0,1.0,0.0,0.5647733723862634,9.13509715328733,12.445882853377627
1859,74.32,0.98,1,0.391,0.307,0.155,-0.368,-0.176,1.4,3.39,0.99,1.6,0.0,0.2,0.0,0.26,1.18,0.4,0.37,0.62,0.02,0.0,2.52,1.07,0.0,1.0,1.0,1.0,1.0,0.0,1.0,0.0,0.0,1.0,1.0,0.0,0.0,0.0,0.0,1.0,0.0,1.0,0.0,0.406687946578447,10.245974819410838,12.873616430513975
1860,74.36,0.98,1,0.247,0.397,0.148,-0.306,-0.182,1.74,3.98,0.85,1.04,0.03,0.23,0.0,0.22,1.18,0.73,0.05,0.82,0.06,0.0,2.36,1.1,0.12,1.0,1.0,1.0,0.0,0.0,1.0,0.0,0.0,1.0,1.0,0.0,0.0,0.0,0.0,1.0,0.0,1.0,0.0,0.26581113185977345,12.767536959022266,18.454538737123837
1861,74.4,0.93,1,0.183,0.393,0.147,-0.276,-0.161,1.51,3.84,0.51,0.55,0.16,0.42,0.0,0.49,1.43,1.01,0.0,1.06,0.06,0.0,1.94,0.82,0.38,1.0,1.0,1.0,0.0,1.0,1.0,0.0,0.0,1.0,1.0,0.0,0.0,0.0,0.0,1.0,0.0,1.0,0.0,0.22894843103274193,11.810588469674105,14.86606874731843
1862,74.44,0.98,1,0.139,0.393,0.131,-0.225,-0.137,0.83,3.04,0.3,0.16,0.32,0.74,0.0,0.93,1.67,1.32,0.0,1.13,0.05,0.0,1.59,0.49,0.57,1.0,1.0,1.0,0.0,1.0,1.0,0.0,0.0,1.0,1.0,0.0,0.0,0.0,0.0,1.0,0.0,0.0,0.0,0.19282037192040657,11.601724009818449,17.353097706173426
1863,74.48,0.98,1,0.131,0.383,0.117,-0.206,-0.114,0.32,2.43,0.23,0.1,0.49,1.1,0.0,1.26,1.88,1.51,0.0,0.84,0.0,0.0,1.34,0.21,0.71,1.0,1.0,0.0,0.0,1.0,1.0,0.0,0.0,1.0,1.0,0.0,0.0,0.0,0.0,1.0,0.0,0.0,0.0,0.19261146935310747,14.627713423498468,15.471910030762166
1864,74.52,0.98,1,0.115,0.384,0.11,-0.173,-0.107,0.06,1.88,0.14,0.06,0.6,1.26,0.0,1.38,2.03,1.65,0.0,0.48,0.0,0.0,1.17,0.03,0.74,0.0,1.0,0.0,0.0,1.0,1.0,0.0,0.0,1.0,1.0,0.0,0.0,0.0,0.0,1.0,0.0,0.0,0.0,0.20315474570834308,16.459647626847772,17.69180601295404
1865,74.56,0.98,1,0.099,0.375,0.102,-0.147,-0.104,0.0,1.6,0.07,0.09,0.69,1.43,0.0,1.46,2.19,1.55,0.0,0.25,0.0,0.0,1.21,0.0,0.67,0.0,1.0,0.0,0.0,1.0,1.0,0.0,1.0,1.0,1.0,0.0,0.0,0.0,0.0,1.0,0.0,0.0,0.0,0.20822707454032874,17.96273921204656,18.07097119692243
1866,74.6,0.98,1,0.097,0.353,0.096,-0.139,-0.101,0.0,1.15,0.0,0.07,0.75,1.62,0.0,1.47,2.34,1.53,0.0,0.17,0.02,0.0,1.24,0.0,0.46,0.0,1.0,0.0,0.0,1.0,1.0,0.0,1.0,1.0,1.0,0.0,0.0,0.0,0.0,1.0,0.0,0.0,0.0,0.21327819970179102,17.66380479964599,18.79627622695522
1867,74.64,0.98,1,0.122,0.359,0.096,-0.131,-0.104,0.0,0.92,0.0,0.05,0.75,1.92,0.0,1.57,2.39,1.6,0.0,0.2,0.05,0.0,1.4,0.0,0.18,0.0,1.0,0.0,0.0,1.0,1.0,0.0,1.0,1.0,1.0,0.0,0.0,0.0,0.0,1.0,0.0,0.0,0.0,0.2178617013208062,17.526266002774328,18.65502613238589
1868,74.68,0.98,1,0.175,0.339,0.098,-0.133,-0.103,0.0,0.62,0.0,0.1,0.74,1.9,0.01,1.6,2.4,1.61,0.0,0.27,0.07,0.0,1.48,0.0,0.06,0.0,1.0,0.0,1.0,1.0,1.0,0.0,1.0,1.0,1.0,0.0,0.0,0.0,0.0,1.0,0.0,0.0,0.0,0.2365833495315932,17.042593699316885,18.034688796871386
1869,74.72,0.98,1,0.192,0.322,0.094,-0.13,-0.105,0.0,0.39,0.0,0.15,0.72,1.94,0.01,1.72,2.37,1.71,0.0,0.35,0.13,0.0,1.49,0.0,0.0,0.0,1.0,0.0,1.0,1.0,1.0,0.0,1.0,1.0,1.0,0.0,0.0,0.0,0.0,1.0,0.0,0.0,0.0,0.2470634506399258,18.067927385287074,17.889941307896837
1870,74.76,0.98,1,0.188,0.323,0.091,-0.145,-0.098,0.0,0.26,0.0,0.29,0.61,1.93,0.07,1.69,2.28,1.68,0.0,0.43,0.14,0.0,1.43,0.0,0.0,0.0,1.0,0.0,1.0,1.0,1.0,0.0,1.0,1.0,1.0,0.0,0.0,0.0,0.0,0.0,0.0,0.0,0.0,0.26474770887759147,18.00555469848137,17.55818897267023
1871,74.8,0.98,1,0.207,0.327,0.099,-0.153,-0.093,0.0,0.15,0.0,0.21,0.38,1.78,0.09,1.58,2.12,1.62,0.0,0.53,0.24,0.0,1.35,0.0,0.0,0.0,1.0,0.0,1.0,1.0,1.0,0.0,1.0,1.0,1.0,0.0,0.0,0.0,0.0,0.0,0.0,0.0,0.0,0.2697048120999908,18.168654325513536,16.752910194948214
1872,74.84,0.98,1,0.216,0.322,0.102,-0.165,-0.09,0.0,0.11,0.0,0.22,0.15,1.67,0.13,1.47,1.96,1.5,0.0,0.58,0.24,0.0,1.31,0.0,0.0,0.0,1.0,0.0,1.0,0.0,1.0,0.0,1.0,1.0,1.0,0.0,0.0,0.0,0.0,0.0,0.0,0.0,0.0,0.2731054408108555,18.214829123546597,15.41492782986665
1873,74.88,0.98,1,0.216,0.308,0.102,-0.171,-0.087,0.01,0.07,0.0,0.26,0.04,1.56,0.15,1.41,1.85,1.41,0.0,0.66,0.31,0.02,1.24,0.0,0.0,1.0,1.0,0.0,1.0,0.0,1.0,0.0,1.0,1.0,1.0,0.0,0.0,0.0,0.0,0.0,0.0,0.0,0.0,0.2740674651604984,18.263077506269354,15.026643005009651
1874,74.92,0.98,1,0.224,0.298,0.098,-0.176,-0.089,0.01,0.07,0.0,0.32,0.04,1.55,0.18,1.43,1.83,1.43,0.0,0.66,0.2,0.04,1.28,0.0,0.0,1.0,1.0,0.0,1.0,0.0,1.0,0.0,1.0,1.0,1.0,0.0,0.0,0.0,0.0,0.0,0.0,0.0,0.0,0.2822173856713613,17.97247896090006,14.93452376207553
1875,74.96,0.98,1,0.22,0.303,0.098,-0.185,-0.087,0.01,0.07,0.0,0.36,0.01,1.48,0.14,1.39,1.8,1.41,0.0,0.65,0.21,0.04,1.29,0.0,0.0,1.0,1.0,0.0,1.0,0.0,1.0,0.0,1.0,1.0,1.0,0.0,0.0,0.0,0.0,0.0,0.0,0.0,0.0,0.28039414417506026,17.753872816937754,14.863714206079006
1876,75.0,0.98,1,0.217,0.316,0.095,-0.184,-0.088,0.0,0.0,0.0,0.26,0.0,1.31,0.06,1.35,1.73,1.5,0.0,0.62,0.1,0.05,1.24,0.0,0.0,1.0,1.0,0.0,1.0,0.0,1.0,0.0,1.0,1.0,1.0,0.0,0.0,0.0,0.0,0.0,0.0,0.0,0.0,0.2689097494295584,17.71016657177462,15.783535725559217
1877,75.04,0.98,1,0.218,0.315,0.093,-0.183,-0.088,0.0,0.0,0.0,0.25,0.0,1.43,0.0,1.31,1.66,1.55,0.0,0.6,0.12,0.03,1.12,0.0,0.0,1.0,1.0,0.0,1.0,0.0,1.0,0.0,1.0,1.0,1.0,0.0,0.0,0.0,0.0,0.0,0.0,0.0,0.0,0.266100483722672,18.042727066605025,15.48709139896832
1878,75.08,0.98,1,0.221,0.312,0.094,-0.188,-0.085,0.0,0.0,0.0,0.23,0.0,1.43,0.03,1.3,1.61,1.53,0.0,0.62,0.03,0.03,1.11,0.0,0.0,1.0,1.0,0.0,1.0,0.0,1.0,0.0,1.0,1.0,1.0,0.0,0.0,0.0,0.0,0.0,0.0,0.0,0.0,0.2686840302009199,17.907819521091888,15.373028328862263
1879,75.12,0.98,1,0.219,0.307,0.096,-0.188,-0.084,0.0,0.0,0.0,0.18,0.0,1.5,0.03,1.28,1.62,1.44,0.0,0.59,0.05,0.01,1.13,0.0,0.0,1.0,1.0,0.0,1.0,0.0,1.0,0.0,1.0,1.0,1.0,0.0,0.0,0.0,0.0,0.0,0.0,0.0,0.0,0.27352872318105087,17.269626515938278,15.404220200970947
1880,75.16,0.98,1,0.212,0.31,0.097,-0.185,-0.084,0.0,0.0,0.0,0.11,0.0,1.38,0.03,1.24,1.61,1.33,0.0,0.6,0.02,0.01,1.15,0.0,0.0,1.0,1.0,0.0,1.0,0.0,1.0,0.0,1.0,1.0,1.0,0.0,0.0,0.0,0.0,0.0,0.0,0.0,0.0,0.26827733097749995,17.964409258308635,15.259423318068226
1881,75.2,0.98,1,0.217,0.313,0.097,-0.185,-0.087,0.0,0.0,0.0,0.02,0.0,1.26,0.0,1.22,1.62,1.32,0.0,0.58,0.02,0.03,1.08,0.0,0.0,1.0,1.0,0.0,1.0,0.0,1.0,0.0,1.0,1.0,1.0,0.0,0.0,0.0,0.0,0.0,0.0,0.0,0.0,0.2689174362834897,17.441616897524145,15.716551784663203
1882,75.24,0.98,1,0.22,0.31,0.095,-0.187,-0.088,0.0,0.0,0.0,0.0,0.0,1.16,0.0,1.22,1.62,1.24,0.0,0.64,0.0,0.05,1.09,0.0,0.0,1.0,1.0,0.0,1.0,0.0,1.0,0.0,1.0,1.0,1.0,0.0,0.0,0.0,0.0,0.0,0.0,0.0,0.0,0.2710331186346491,17.59346469573293,15.716551784663203
1883,75.28,0.98,1,0.225,0.312,0.097,-0.194,-0.088,0.0,0.0,0.0,0.0,0.0,1.06,0.04,1.29,1.67,1.23,0.0,0.69,0.0,0.09,1.05,0.0,0.0,1.0,1.0,0.0,1.0,0.0,1.0,0.0,1.0,1.0,1.0,0.0,0.0,0.0,0.0,0.0,0.0,0.0,0.0,0.27564879524322433,17.441616897524145,15.652475842498385
1884,75.32,0.98,1,0.231,0.311,0.099,-0.194,-0.088,0.0,0.0,0.0,0.0,0.0,1.05,0.04,1.35,1.69,1.19,0.0,0.75,0.0,0.11,1.03,0.0,0.0,1.0,1.0,0.0,1.0,0.0,1.0,0.0,1.0,1.0,1.0,0.0,0.0,0.0,0.0,0.0,0.0,0.0,0.0,0.27900518297113003,17.5171344688564,15.554099138169281
1885,75.36,0.98,1,0.239,0.315,0.096,-0.199,-0.088,0.0,0.0,0.0,0.0,0.0,0.95,0.08,1.42,1.64,1.33,0.0,0.71,0.0,0.16,1.05,0.0,0.0,1.0,1.0,0.0,1.0,0.0,1.0,0.0,1.0,1.0,1.0,0.0,0.0,0.0,0.0,0.0,0.0,0.0,0.0,0.27752007954671115,17.344163283364097,15.297058540778355
1886,75.4,0.98,1,0.236,0.319,0.097,-0.2,-0.089,0.0,0.0,0.0,0.04,0.0,0.96,0.08,1.42,1.59,1.49,0.0,0.71,0.0,0.16,1.19,0.0,0.0,1.0,1.0,0.0,1.0,0.0,1.0,0.0,1.0,1.0,1.0,0.0,0.0,0.0,0.0,0.0,0.0,0.0,0.0,0.2761954635529281,17.61476653265644,15.474172029546564
1887,75.44,0.98,1,0.242,0.314,0.094,-0.2,-0.09,0.0,0.0,0.0,0.11,0.0,0.94,0.1,1.36,1.56,1.61,0.0,0.74,0.0,0.19,1.31,0.0,0.0,1.0,1.0,0.0,1.0,0.0,1.0,0.0,1.0,1.0,1.0,0.0,0.0,0.0,0.0,0.0,0.0,0.0,0.0,0.27752466880476845,17.366922582887142,15.219066988485071
1888,75.48,0.98,1,0.241,0.322,0.095,-0.2,-0.091,0.0,0.0,0.0,0.2,0.0,0.96,0.12,1.29,1.58,1.56,0.0,0.72,0.0,0.18,1.37,0.0,0.0,1.0,1.0,0.0,1.0,0.0,1.0,0.0,1.0,1.0,1.0,0.0,0.0,0.0,0.0,0.0,0.0,0.0,0.0,0.27283009602595315,17.53909917869229,15.57241150239741
1889,75.52,0.98,1,0.24,0.323,0.099,-0.199,-0.092,0.0,0.0,0.0,0.28,0.01,1.02,0.14,1.31,1.58,1.5,0.0,0.73,0.0,0.16,1.31,0.0,0.0,1.0,1.0,0.0,1.0,0.0,1.0,0.0,1.0,1.0,1.0,0.0,0.0,0.0,0.0,0.0,0.0,0.0,0.0,0.26699699146235645,18.06239186818849,15.670673246545684
1890,75.56,0.98,1,0.239,0.32,0.094,-0.201,-0.091,0.0,0.0,0.0,0.25,0.03,1.19,0.16,1.28,1.57,1.44,0.0,0.76,0.04,0.1,1.22,0.0,0.0,1.0,1.0,0.0,1.0,0.0,1.0,0.0,1.0,1.0,1.0,0.0,0.0,0.0,0.0,0.0,0.0,0.0,0.0,0.2679902256664871,18.00555469848116,15.847397262642206
1891,75.6,0.98,1,0.245,0.32,0.092,-0.203,-0.092,0.0,0.0,0.0,0.21,0.03,1.34,0.13,1.3,1.58,1.4,0.0,0.81,0.09,0.07,1.19,0.0,0.0,1.0,1.0,0.0,1.0,0.0,1.0,0.0,1.0,1.0,1.0,0.0,0.0,0.0,0.0,0.0,0.0,0.0,0.0,0.27589793871013024,17.658992043715337,15.728954192825507
1892,75.64,0.98,1,0.244,0.316,0.091,-0.203,-0.093,0.0,0.0,0.0,0.17,0.02,1.49,0.13,1.23,1.61,1.36,0.0,0.85,0.09,0.07,1.24,0.0,0.0,1.0,1.0,0.0,1.0,0.0,1.0,0.0,1.0,1.0,1.0,0.0,0.0,0.0,0.0,0.0,0.0,0.0,0.0,0.27267898573297433,17.636609651517546,15.435349040433028
1893,75.68,0.98,1,0.24,0.314,0.089,-0.199,-0.094,0.0,0.0,0.0,0.21,0.0,1.35,0.09,1.21,1.61,1.33,0.0,0.77,0.04,0.1,1.26,0.0,0.0,1.0,1.0,0.0,1.0,0.0,1.0,0.0,1.0,1.0,1.0,0.0,0.0,0.0,0.0,0.0,0.0,0.0,0.0,0.2746928666654894,17.886866690396054,15.533190271158134
1894,75.72,0.98,1,0.245,0.322,0.096,-0.2,-0.097,0.0,0.0,0.0,0.19,0.0,1.31,0.06,1.18,1.55,1.29,0.0,0.66,0.0,0.09,1.26,0.0,0.0,1.0,1.0,0.0,1.0,0.0,1.0,0.0,1.0,1.0,1.0,0.0,0.0,0.0,0.0,0.0,0.0,0.0,0.0,0.26720202800382253,18.33712082089225,15.163442880823572
1895,75.76,0.98,1,0.23,0.32,0.101,-0.199,-0.098,0.0,0.15,0.0,0.12,0.04,1.24,0.04,1.26,1.52,1.27,0.0,0.54,0.0,0.03,1.14,0.0,0.0,1.0,1.0,0.0,1.0,0.0,1.0,0.0,1.0,1.0,1.0,0.0,0.0,0.0,0.0,0.0,0.0,0.0,0.0,0.26313332844958276,17.886866690396054,14.983324063771736
1896,75.8,0.98,1,0.249,0.331,0.1,-0.209,-0.099,0.06,0.35,0.0,0.04,0.04,0.98,0.11,1.33,1.6,1.46,0.0,0.6,0.0,0.0,1.01,0.0,0.49,1.0,1.0,0.0,0.0,0.0,1.0,0.0,1.0,1.0,1.0,0.0,0.0,0.0,0.0,0.0,0.0,0.0,0.0,0.23665710339089613,13.761177275218774,16.22621335986926
1897,75.84,0.98,1,0.13,0.409,0.089,-0.221,-0.095,0.13,0.56,0.0,0.0,0.04,0.74,0.13,1.39,1.72,1.62,0.0,0.7,0.0,0.0,0.86,0.0,1.04,1.0,1.0,0.0,0.0,0.0,1.0,0.0,1.0,1.0,1.0,0.0,0.0,0.0,0.0,0.0,0.0,0.0,0.0,0.1827374220777654,14.203168660549002,18.149655644116315
1898,75.88,0.98,1,0.111,0.39,0.083,-0.207,-0.091,0.19,0.59,0.0,0.0,0.0,0.65,0.09,1.34,1.74,1.7,0.0,0.76,0.0,0.0,0.89,0.0,1.24,1.0,1.0,0.0,0.0,0.0,1.0,0.0,1.0,1.0,1.0,0.0,0.0,0.0,0.0,0.0,0.0,0.0,0.0,0.16231478198544774,15.711460785044597,17.396838793298194
1899,75.92,0.98,1,0.141,0.365,0.09,-0.192,-0.097,0.16,0.56,0.0,0.06,0.0,1.09,0.05,1.29,1.66,1.59,0.0,0.66,0.0,0.0,0.93,0.0,0.75,1.0,1.0,0.0,0.0,0.0,1.0,0.0,1.0,1.0,1.0,0.0,0.0,0.0,0.0,0.0,0.0,0.0,0.0,0.18132978157557653,14.503103116229987,17.81263596439341
1900,75.96,0.98,1,0.177,0.347,0.102,-0.182,-0.106,0.09,0.35,0.0,0.06,0.05,1.61,0.17,1.19,1.61,1.51,0.0,0.58,0.0,0.0,1.05,0.0,0.2,1.0,1.0,0.0,0.0,0.0,1.0,0.0,1.0,1.0,1.0,0.0,0.0,0.0,0.0,0.0,0.0,0.0,0.0,0.19998409252708066,13.44507344717746,17.92010044614689
1901,76.0,0.98,1,0.197,0.341,0.097,-0.2,-0.105,0.03,0.2,0.0,0.08,0.09,1.93,0.24,1.21,1.59,1.49,0.0,0.52,0.0,0.0,1.01,0.0,0.0,1.0,1.0,0.0,0.0,0.0,1.0,0.0,1.0,1.0,1.0,0.0,0.0,0.0,0.0,0.0,0.0,0.0,0.0,0.19369169947186674,15.174320413119137,15.728954192825261
1902,76.04,0.98,1,0.208,0.347,0.098,-0.193,-0.108,0.0,0.11,0.0,0.02,0.16,2.08,0.28,1.3,1.62,1.39,0.0,0.53,0.0,0.0,1.09,0.0,0.0,1.0,1.0,0.0,0.0,0.0,1.0,0.0,1.0,1.0,1.0,0.0,0.0,0.0,0.0,0.0,0.0,0.0,0.0,0.21199321218816053,14.538225476309089,16.414932226482204
1903,76.08,0.98,1,0.222,0.34,0.094,-0.189,-0.111,0.0,0.11,0.0,0.04,0.19,2.0,0.23,1.38,1.61,1.47,0.0,0.52,0.0,0.0,1.07,0.0,0.0,1.0,1.0,0.0,0.0,0.0,1.0,0.0,1.0,1.0,1.0,0.0,0.0,0.0,0.0,0.0,0.0,0.0,0.0,0.22369317776971775,15.289538907370751,17.00382309952682
1904,76.12,0.98,1,0.234,0.351,0.093,-0.194,-0.109,0.0,0.17,0.0,0.09,0.16,1.97,0.24,1.4,1.64,1.52,0.0,0.5,0.0,0.0,1.15,0.0,0.0,1.0,1.0,0.0,0.0,0.0,1.0,0.0,1.0,1.0,1.0,0.0,0.0,0.0,0.0,0.0,0.0,0.0,0.0,0.22315748087155773,15.48709139896832,16.476043214315883
1905,76.16,0.98,1,0.212,0.366,0.088,-0.19,-0.108,0.14,0.33,0.0,0.27,0.09,1.84,0.2,1.28,1.64,1.69,0.0,0.41,0.0,0.0,1.15,0.0,0.0,1.0,1.0,0.0,0.0,0.0,1.0,0.0,1.0,1.0,1.0,0.0,0.0,0.0,0.0,0.0,0.0,0.0,0.0,0.21102254189330444,15.570806016388573,17.317332358074104
1906,76.2,0.98,1,0.139,0.364,0.091,-0.174,-0.108,0.26,0.47,0.0,0.53,0.04,1.75,0.17,1.21,1.64,1.72,0.0,0.42,0.0,0.0,1.15,0.0,0.0,1.0,1.0,0.0,0.0,0.0,1.0,0.0,1.0,1.0,1.0,0.0,0.0,0.0,0.0,0.0,0.0,0.0,0.0,0.21857024178402343,16.918628786045236,21.32650932525072
1907,76.24,0.98,1,0.13,0.37,0.095,-0.168,-0.1,0.29,0.39,0.0,0.57,0.09,1.6,0.19,1.15,1.64,1.82,0.0,0.35,0.0,0.0,1.14,0.0,0.0,1.0,1.0,0.0,0.0,0.0,1.0,0.0,1.0,1.0,1.0,0.0,0.0,0.0,0.0,0.0,0.0,0.0,0.0,0.21526352358062548,16.796725871431068,20.5912602819741
1908,76.28,0.98,1,0.121,0.372,0.098,-0.158,-0.095,0.15,0.19,0.0,0.54,0.17,1.55,0.22,1.14,1.7,1.86,0.0,0.42,0.0,0.0,1.13,0.0,0.0,1.0,1.0,0.0,0.0,0.0,1.0,0.0,1.0,1.0,1.0,0.0,0.0,0.0,0.0,0.0,0.0,0.0,0.0,0.21178562143538981,16.896153408394643,20.45336158190135
1909,76.32,0.98,1,0.112,0.374,0.099,-0.157,-0.088,0.09,0.14,0.0,0.49,0.28,1.52,0.26,1.18,1.76,1.93,0.0,0.38,0.0,0.0,1.08,0.0,0.0,1.0,1.0,0.0,0.0,1.0,1.0,0.0,1.0,1.0,1.0,0.0,0.0,0.0,0.0,0.0,0.0,0.0,0.0,0.21875155622317516,17.184295155751865,20.83866598417475
1910,76.36,0.98,1,0.111,0.369,0.094,-0.155,-0.082,0.14,0.27,0.0,0.48,0.28,1.36,0.25,1.15,1.79,1.93,0.0,0.35,0.0,0.0,0.99,0.0,0.03,0.0,1.0,0.0,0.0,1.0,1.0,0.0,1.0,1.0,1.0,0.0,0.0,0.0,0.0,0.0,0.0,0.0,0.0,0.22084925290335708,17.066048165876012,20.926777104943987
1911,76.4,0.98,1,0.099,0.362,0.095,-0.145,-0.081,0.15,0.39,0.0,0.44,0.3,1.32,0.25,1.13,1.78,1.98,0.0,0.37,0.02,0.0,0.86,0.0,0.09,0.0,1.0,0.0,0.0,1.0,1.0,0.0,1.0,1.0,1.0,0.0,0.0,0.0,0.0,0.0,0.0,0.0,0.0,0.21150380191621143,16.776471619503358,20.01049724519595
1912,76.44,0.98,1,0.049,0.371,0.095,-0.141,-0.082,0.12,0.47,0.0,0.4,0.31,1.3,0.22,1.1,1.82,1.92,0.0,0.38,0.02,0.0,0.84,0.0,0.14,0.0,1.0,0.0,0.0,1.0,1.0,0.0,1.0,1.0,1.0,0.0,0.0,0.0,0.0,0.0,0.0,0.0,0.0,0.20025269278373634,16.82973558912932,18.80664776083185
1913,76.48,0.98,1,0.05,0.363,0.097,-0.138,-0.081,0.1,0.41,0.0,0.5,0.35,1.56,0.16,1.02,1.84,1.82,0.0,0.38,0.02,0.0,0.79,0.0,0.13,0.0,1.0,0.0,0.0,1.0,1.0,0.0,1.0,1.0,1.0,0.0,0.0,0.0,0.0,0.0,0.0,0.0,0.0,0.20912758411822668,17.24905794529085,19.07590102721232
1914,76.52,0.98,1,0.04,0.362,0.097,-0.134,-0.078,0.09,0.25,0.0,0.55,0.39,1.83,0.13,1.0,1.89,1.7,0.0,0.36,0.0,0.0,0.76,0.0,0.07,0.0,1.0,0.0,0.0,1.0,1.0,0.0,1.0,1.0,1.0,0.0,0.0,0.0,0.0,0.0,0.0,0.0,0.0,0.20820014314667673,17.35655495770997,19.26655132606771
1915,76.56,0.98,1,0.048,0.356,0.096,-0.131,-0.073,0.07,0.14,0.0,0.6,0.38,1.96,0.11,0.83,1.88,1.63,0.0,0.4,0.0,0.0,0.74,0.0,0.02,0.0,0.0,0.0,0.0,1.0,1.0,0.0,1.0,1.0,1.0,0.0,0.0,0.0,0.0,0.0,0.0,0.0,0.0,0.21889373021874048,17.24905794529085,19.557607215607945
1916,76.6,0.98,1,0.04,0.366,0.103,-0.125,-0.07,0.01,0.06,0.0,0.56,0.37,2.04,0.15,0.85,1.86,1.69,0.0,0.51,0.0,0.0,0.68,0.0,0.0,0.0,0.0,0.0,0.0,1.0,1.0,0.0,1.0,1.0,1.0,0.0,0.0,0.0,0.0,0.0,0.0,0.0,0.0,0.2093590863380344,17.157214226091735,19.35071058126802
1917,76.64,0.98,1,0.035,0.366,0.105,-0.124,-0.069,0.01,0.06,0.0,0.53,0.34,1.95,0.17,0.83,1.86,1.77,0.0,0.5,0.0,0.0,0.68,0.0,0.02,0.0,0.0,0.0,0.0,1.0,1.0,0.0,1.0,1.0,1.0,0.0,0.0,0.0,0.0,0.0,0.0,0.0,0.0,0.21319622305196156,16.942549985170334,19.144189719076554
1918,76.68,0.98,1,0.02,0.36,0.107,-0.125,-0.069,0.0,0.0,0.0,0.29,0.32,1.84,0.19,0.99,1.88,1.85,0.0,0.5,0.0,0.0,0.68,0.0,0.02,0.0,0.0,0.0,0.0,1.0,1.0,0.0,1.0,1.0,1.0,0.0,0.0,0.0,0.0,0.0,0.0,0.0,0.0,0.21758412248000464,16.858232410309167,18.94465623863349
1919,76.72,0.98,1,0.024,0.359,0.101,-0.124,-0.068,0.0,0.0,0.0,0.13,0.34,1.79,0.14,1.13,1.93,1.87,0.0,0.57,0.0,0.0,0.69,0.0,0.03,0.0,0.0,0.0,0.0,1.0,1.0,0.0,1.0,1.0,1.0,0.0,0.0,0.0,0.0,0.0,0.0,0.0,0.0,0.2187772785430372,17.348775172905043,19.037857022259626
1920,76.76,0.98,1,0.029,0.356,0.095,-0.118,-0.072,0.16,0.06,0.0,0.02,0.3,1.38,0.07,1.26,2.01,1.99,0.0,0.57,0.0,0.0,0.8,0.0,0.68,0.0,0.0,0.0,0.0,1.0,1.0,0.0,1.0,1.0,1.0,0.0,0.0,0.0,0.0,0.0,0.0,0.0,0.0,0.20425907987755063,17.24905794529086,18.080099557248023
1921,76.8,0.98,1,0.087,0.419,0.078,-0.117,-0.071,0.29,0.27,0.0,0.02,0.19,0.88,0.01,1.36,2.12,2.06,0.01,0.55,0.0,0.0,0.82,0.0,1.35,0.0,0.0,0.0,0.0,1.0,1.0,0.0,1.0,1.0,1.0,0.0,0.0,0.0,0.0,0.0,0.0,0.0,1.0,0.184337300424412,16.907394831848077,19.647137196039527
1922,76.84,0.98,1,0.045,0.435,0.081,-0.118,-0.072,0.45,0.42,0.0,0.02,0.14,0.58,0.0,1.34,2.21,2.14,0.01,0.42,0.0,0.0,0.87,0.0,1.87,0.0,1.0,0.0,0.0,1.0,1.0,0.0,1.0,1.0,1.0,0.0,0.0,0.0,0.0,0.0,0.0,0.0,1.0,0.16018579249552412,18.604300578092293,22.62763796775969
1923,76.88,0.98,1,0.052,0.429,0.072,-0.093,-0.075,0.43,0.5,0.0,0.0,0.23,0.9,0.0,1.27,2.2,2.09,0.01,0.45,0.0,0.0,0.85,0.0,1.64,0.0,1.0,0.0,0.0,1.0,1.0,0.0,1.0,1.0,1.0,0.0,0.0,0.0,0.0,0.0,0.0,0.0,1.0,0.1591521761508254,18.701069488133605,19.403350226185122
1924,76.92,0.98,1,0.043,0.405,0.075,-0.077,-0.081,0.33,0.39,0.0,0.12,0.31,1.32,0.01,1.1,2.1,1.99,0.0,0.44,0.0,0.0,0.9,0.0,1.17,0.0,1.0,0.0,0.0,1.0,1.0,0.0,1.0,1.0,1.0,0.0,0.0,0.0,0.0,0.0,0.0,0.0,1.0,0.17133316061996873,16.10124218810453,21.966565503055037
1925,76.96,0.98,1,0.047,0.373,0.076,-0.079,-0.082,0.27,0.26,0.0,0.29,0.41,1.59,0.01,1.08,2.04,1.86,0.0,0.49,0.0,0.0,0.95,0.0,0.79,0.0,1.0,0.0,0.0,1.0,1.0,0.0,1.0,1.0,1.0,0.0,0.0,0.0,0.0,0.0,0.0,0.0,0.0,0.17625401093597,17.500285711953392,22.37252779638474
1926,77.0,0.98,1,0.015,0.381,0.083,-0.08,-0.088,0.16,0.13,0.0,0.5,0.4,1.74,0.05,1.0,2.01,1.75,0.0,0.44,0.09,0.0,0.94,0.0,0.49,0.0,1.0,0.0,0.0,1.0,1.0,0.0,1.0,1.0,1.0,0.0,0.0,0.0,0.0,0.0,0.0,0.0,0.0,0.198102466475775,16.824089871371896,18.655026132385874
1927,77.04,0.98,1,0.025,0.366,0.076,-0.074,-0.086,0.15,0.03,0.0,0.54,0.47,1.76,0.03,0.95,2.0,1.69,0.0,0.48,0.12,0.0,0.91,0.0,0.57,0.0,1.0,0.0,0.0,1.0,1.0,0.0,1.0,1.0,1.0,0.0,0.0,0.0,0.0,0.0,0.0,0.0,0.0,0.20536687022353908,17.441330224498454,17.79100896520478
1928,77.08,0.98,1,0.018,0.37,0.077,-0.073,-0.087,0.12,0.0,0.0,0.4,0.42,1.61,0.04,0.84,1.97,1.67,0.0,0.5,0.14,0.0,0.96,0.0,0.71,0.0,0.0,0.0,0.0,1.0,1.0,0.0,1.0,1.0,1.0,0.0,0.0,0.0,0.0,0.0,0.0,0.0,0.0,0.20946996810338936,18.03357978882729,18.201373574541023
1929,77.12,0.98,1,-0.001,0.378,0.068,-0.074,-0.083,0.3,0.03,0.0,0.19,0.34,1.31,0.0,0.82,2.02,1.69,0.0,0.55,0.08,0.0,1.03,0.0,1.04,1.0,0.0,0.0,0.0,1.0,1.0,0.0,1.0,1.0,1.0,0.0,0.0,0.0,0.0,0.0,0.0,0.0,1.0,0.1835876459453797,16.72991332912402,18.92828571212931
1930,77.16,0.98,1,-0.006,0.412,0.072,-0.071,-0.083,0.48,0.03,0.0,0.02,0.23,1.24,0.0,0.82,2.04,1.72,0.0,0.51,0.1,0.0,1.07,0.0,1.23,1.0,0.0,0.0,0.0,1.0,1.0,0.0,1.0,1.0,1.0,0.0,0.0,0.0,0.0,0.0,0.0,0.0,1.0,0.1903038498160129,16.219741058352135,19.325630649476686
1931,77.2,0.98,1,-0.018,0.406,0.067,-0.074,-0.081,0.62,0.03,0.0,0.0,0.11,1.1,0.0,0.74,1.99,1.74,0.0,0.45,0.1,0.0,1.0,0.0,1.42,1.0,0.0,0.0,0.0,1.0,1.0,0.0,1.0,1.0,1.0,0.0,0.0,0.0,0.0,0.0,0.0,0.0,1.0,0.19802613677333566,15.911316727411206,19.262917743685573
1932,77.24,0.98,1,-0.018,0.417,0.08,-0.069,-0.078,0.58,0.0,0.0,0.0,0.03,1.03,0.0,0.69,1.9,1.84,0.0,0.41,0.13,0.0,0.91,0.0,1.39,1.0,0.0,0.0,0.0,0.0,1.0,0.0,0.0,1.0,1.0,0.0,0.0,0.0,0.0,0.0,0.0,0.0,1.0,0.20218946689149786,17.200290695217962,19.78509540032589
1933,77.28,0.98,1,0.012,0.402,0.079,-0.075,-0.075,0.53,0.0,0.0,0.0,0.0,1.03,0.0,0.56,1.77,1.91,0.0,0.35,0.14,0.0,0.83,0.0,1.39,1.0,0.0,0.0,0.0,0.0,1.0,0.0,0.0,1.0,1.0,0.0,0.0,0.0,0.0,0.0,0.0,0.0,1.0,0.20821466656002818,16.700299398513835,18.754199529705247
1934,77.32,0.98,1,-0.002,0.412,0.079,-0.071,-0.074,0.43,0.03,0.0,0.0,0.0,1.14,0.0,0.49,1.74,1.85,0.0,0.26,0.16,0.0,0.83,0.0,1.29,1.0,0.0,0.0,0.0,0.0,1.0,0.0,0.0,1.0,1.0,0.0,0.0,0.0,0.0,0.0,0.0,0.0,1.0,0.20830268808876717,17.707060738586787,18.12208597264675
1935,77.36,0.98,1,-0.002,0.403,0.075,-0.073,-0.071,0.43,0.08,0.0,0.0,0.0,1.2,0.0,0.5,1.68,1.82,0.0,0.23,0.11,0.0,0.86,0.0,1.34,1.0,0.0,0.0,0.0,0.0,1.0,0.0,0.0,1.0,1.0,0.0,0.0,0.0,0.0,0.0,0.0,0.0,1.0,0.21077049890798072,15.8012657720829,18.21647605877713
1936,77.4,0.98,1,0.002,0.403,0.075,-0.075,-0.07,0.38,0.15,0.0,0.0,0.0,1.08,0.0,0.53,1.75,1.85,0.0,0.23,0.05,0.0,0.87,0.0,1.34,1.0,0.0,0.0,0.0,0.0,0.0,0.0,0.0,1.0,1.0,0.0,0.0,0.0,0.0,0.0,0.0,0.0,1.0,0.21146165535017108,15.211837495844954,17.551353224181764
1937,77.44,0.98,1,0.012,0.407,0.077,-0.074,-0.073,0.46,0.17,0.0,0.0,0.0,1.05,0.0,0.55,1.74,1.98,0.0,0.28,0.03,0.0,0.81,0.0,1.4,1.0,0.0,0.0,0.0,0.0,0.0,0.0,0.0,1.0,1.0,0.0,0.0,0.0,0.0,0.0,0.0,0.0,1.0,0.21130801121242826,16.40121946685659,17.62554963681984
1938,77.48,0.98,1,0.01,0.416,0.084,-0.074,-0.071,0.48,0.2,0.0,0.0,0.0,0.9,0.0,0.53,1.76,2.01,0.0,0.26,0.03,0.0,0.7,0.0,1.51,1.0,0.0,0.0,0.0,0.0,0.0,0.0,0.0,1.0,1.0,0.0,0.0,0.0,0.0,0.0,0.0,0.0,1.0,0.20950801339467023,16.401219466856816,18.528356645962937
1939,77.52,0.98,1,-0.022,0.442,0.084,-0.064,-0.07,0.52,0.14,0.0,0.0,0.0,0.88,0.0,0.44,1.71,2.0,0.0,0.23,0.06,0.0,0.68,0.0,1.5,1.0,1.0,0.0,0.0,0.0,0.0,0.0,0.0,1.0,1.0,0.0,0.0,0.0,0.0,0.0,0.0,0.0,1.0,0.2024288383873563,15.602884348735149,20.91626161626385
1940,77.56,0.98,1,0.018,0.427,0.088,-0.071,-0.072,0.56,0.09,0.0,0.0,0.0,0.76,0.0,0.37,1.68,2.0,0.02,0.21,0.1,0.0,0.62,0.0,1.48,1.0,1.0,0.0,0.0,0.0,0.0,0.0,0.0,1.0,1.0,0.0,0.0,0.0,0.0,0.0,0.0,0.0,1.0,0.21040294133863763,17.600284088616434,20.238824076511957
1941,77.6,0.98,1,0.003,0.433,0.089,-0.065,-0.071,0.6,0.1,0.0,0.0,0.0,0.75,0.0,0.29,1.63,1.95,0.1,0.25,0.11,0.0,0.62,0.0,1.37,1.0,1.0,0.0,0.0,0.0,0.0,0.0,0.0,1.0,1.0,0.0,0.0,0.0,0.0,0.0,0.0,0.0,1.0,0.20699894216112616,16.604818577750162,19.94241710525587
1942,77.64,0.98,1,0.012,0.44,0.088,-0.07,-0.07,0.7,0.15,0.0,0.0,0.0,0.71,0.0,0.38,1.59,1.9,0.15,0.23,0.12,0.0,0.57,0.0,1.72,1.0,1.0,0.0,0.0,0.0,0.0,0.0,0.0,1.0,1.0,0.0,0.0,0.0,0.0,0.0,0.0,0.0,1.0,0.21176618740259637,16.80119043401385,21.143556938225984
1943,77.68,0.98,1,0.037,0.47,0.085,-0.081,-0.07,0.73,0.15,0.0,0.0,0.0,0.6,0.0,0.51,1.65,1.88,0.16,0.19,0.21,0.0,0.59,0.0,1.91,1.0,1.0,0.0,0.0,0.0,0.0,0.0,0.0,1.0,1.0,0.0,0.0,0.0,0.0,0.0,0.0,0.0,1.0,0.17679825654344317,18.12236187697389,21.114923632350656
1944,77.72,0.98,1,0.046,0.512,0.096,-0.081,-0.069,0.76,0.25,0.0,0.0,0.0,0.42,0.0,0.59,1.68,1.9,0.12,0.06,0.24,0.0,0.6,0.0,2.11,1.0,1.0,0.0,0.0,0.0,0.0,0.0,0.0,1.0,1.0,0.0,0.0,0.0,0.0,0.0,0.0,0.0,1.0,0.13453169465943182,16.125135658344004,19.535864454894334
1945,77.76,0.98,1,0.015,0.467,0.098,-0.081,-0.071,0.66,0.39,0.0,0.0,0.0,0.41,0.0,0.54,1.66,1.93,0.08,0.08,0.19,0.0,0.51,0.0,1.74,1.0,1.0,0.0,0.0,0.0,0.0,0.0,0.0,1.0,1.0,0.0,0.0,0.0,0.0,0.0,0.0,0.0,1.0,0.1669280848002845,18.73846311734241,24.89377432210717
1946,77.8,0.98,1,0.038,0.443,0.084,-0.071,-0.071,0.46,0.38,0.0,0.0,0.0,0.65,0.0,0.47,1.53,1.84,0.06,0.18,0.05,0.0,0.57,0.0,1.34,1.0,1.0,0.0,0.0,0.0,0.0,0.0,0.0,1.0,1.0,0.0,0.0,0.0,0.0,0.0,0.0,0.0,1.0,0.18100353014781612,17.507141400011598,20.60728026693478
1947,77.84,0.98,1,0.023,0.363,0.091,-0.068,-0.077,0.22,0.19,0.0,0.0,0.04,1.08,0.0,0.42,1.45,1.71,0.02,0.25,0.03,0.0,0.5,0.0,0.82,0.0,0.0,0.0,0.0,0.0,1.0,0.0,0.0,1.0,1.0,0.0,0.0,0.0,0.0,0.0,0.0,0.0,1.0,0.20883233933394535,15.308167754502778,19.085072700935676
1948,77.88,0.98,1,0.057,0.351,0.092,-0.068,-0.076,0.05,0.04,0.0,0.0,0.09,1.49,0.0,0.43,1.38,1.61,0.05,0.27,0.03,0.0,0.57,0.0,0.41,0.0,0.0,0.0,0.0,0.0,1.0,0.0,0.0,1.0,1.0,0.0,0.0,0.0,0.0,0.0,0.0,0.0,1.0,0.1931007283691228,16.1049681775533,18.047160441465675
1949,77.92,0.98,1,0.044,0.356,0.093,-0.067,-0.079,0.0,0.08,0.0,0.0,0.1,1.76,0.0,0.41,1.37,1.55,0.09,0.24,0.03,0.01,0.49,0.0,0.18,0.0,0.0,0.0,0.0,0.0,1.0,0.0,0.0,1.0,1.0,0.0,0.0,0.0,0.0,0.0,0.0,0.0,1.0,0.20145332083604553,17.004705231199985,18.42009771961046
1950,77.96,0.98,1,0.049,0.34,0.089,-0.064,-0.08,0.0,0.08,0.0,0.0,0.05,2.03,0.0,0.37,1.31,1.42,0.12,0.28,0.0,0.05,0.44,0.0,0.04,0.0,0.0,0.0,0.0,0.0,1.0,0.0,0.0,1.0,1.0,0.0,0.0,0.0,0.0,0.0,0.0,0.0,0.0,0.21062824560723553,18.002499826412997,19.44865033877669
1951,78.0,0.98,1,0.034,0.345,0.094,-0.075,-0.078,0.0,0.04,0.0,0.0,0.01,2.02,0.0,0.27,1.27,1.23,0.07,0.29,0.0,0.12,0.37,0.0,0.01,0.0,0.0,0.0,0.0,0.0,1.0,0.0,0.0,1.0,1.0,0.0,0.0,0.0,0.0,0.0,0.0,0.0,0.0,0.2049365467654991,19.40412327316013,19.682479518597376
1952,78.04,0.98,1,0.03,0.31,0.099,-0.075,-0.08,0.0,0.0,0.0,0.0,0.0,1.97,0.0,0.29,1.25,1.15,0.03,0.31,0.0,0.18,0.37,0.0,0.01,0.0,0.0,0.0,0.0,0.0,1.0,0.0,0.0,1.0,1.0,0.0,0.0,0.0,0.0,0.0,0.0,0.0,0.0,0.23671446978149574,20.54117815511077,21.0535032714273
1953,78.08,0.98,1,0.016,0.311,0.102,-0.08,-0.079,0.0,0.0,0.0,0.0,0.0,1.79,0.0,0.31,1.23,1.13,0.0,0.28,0.01,0.22,0.39,0.0,0.0,0.0,0.0,0.0,0.0,0.0,1.0,0.0,0.0,1.0,1.0,0.0,0.0,0.0,0.0,0.0,0.0,0.0,0.0,0.2600909897584355,20.739334608419725,22.011133546457803
1954,78.12,0.98,1,0.018,0.31,0.1,-0.079,-0.078,0.0,0.0,0.0,0.0,0.0,1.99,0.0,0.35,1.21,1.2,0.0,0.27,0.01,0.25,0.35,0.01,0.0,0.0,0.0,0.0,0.0,0.0,1.0,0.0,0.0,1.0,1.0,0.0,0.0,0.0,0.0,0.0,0.0,0.0,0.0,0.2561100574062166,20.535335400231432,22.603539545832334
1955,78.16,0.98,1,0.012,0.321,0.101,-0.077,-0.079,0.0,0.0,0.0,0.0,0.0,2.06,0.0,0.35,1.18,1.21,0.0,0.19,0.01,0.31,0.27,0.01,0.0,0.0,0.0,0.0,0.0,0.0,1.0,0.0,0.0,1.0,1.0,0.0,0.0,0.0,0.0,0.0,0.0,0.0,0.0,0.2250291286668667,19.843638779215787,23.010649708341568
1956,78.2,0.98,1,0.008,0.305,0.098,-0.078,-0.08,0.0,0.0,0.0,0.02,0.0,2.09,0.0,0.36,1.18,1.23,0.0,0.19,0.0,0.32,0.25,0.01,0.0,0.0,0.0,0.0,0.0,0.0,1.0,0.0,0.0,1.0,1.0,0.0,0.0,0.0,0.0,0.0,0.0,0.0,0.0,0.22349574173668668,18.258422713914936,23.01064970834157
1957,78.24,0.98,1,0.007,0.304,0.105,-0.078,-0.081,0.0,0.0,0.0,0.02,0.0,1.78,0.0,0.38,1.21,1.15,0.03,0.23,0.0,0.29,0.28,0.0,0.0,0.0,0.0,0.0,0.0,0.0,1.0,0.0,0.0,1.0,1.0,0.0,0.0,0.0,0.0,0.0,0.0,0.0,0.0,0.2278636823251215,17.08478855590552,22.614154859291023
1958,78.28,0.98,1,0.01,0.312,0.095,-0.081,-0.08,0.0,0.04,0.0,0.02,0.0,1.27,0.0,0.35,1.27,1.22,0.08,0.27,0.03,0.16,0.39,0.0,0.42,0.0,0.0,0.0,0.0,0.0,1.0,0.0,0.0,1.0,1.0,0.0,0.0,0.0,0.0,0.0,0.0,0.0,0.0,0.2460272621612138,19.30414463269496,21.902054698132638
1959,78.32,0.98,1,0.096,0.414,0.08,-0.087,-0.078,0.13,0.12,0.0,0.0,0.0,0.97,0.0,0.38,1.37,1.37,0.16,0.25,0.11,0.08,0.46,0.0,1.0,0.0,1.0,0.0,0.0,0.0,1.0,0.0,0.0,1.0,1.0,0.0,0.0,0.0,0.0,0.0,0.0,0.0,1.0,0.20832916834639997,17.602556632489634,20.14348529922267
1960,78.36,0.98,1,0.047,0.428,0.08,-0.09,-0.074,0.13,0.12,0.0,0.0,0.0,0.78,0.0,0.41,1.36,1.58,0.14,0.22,0.11,0.0,0.52,0.0,1.39,0.0,1.0,0.0,0.0,0.0,1.0,0.0,0.0,1.0,1.0,0.0,0.0,0.0,0.0,0.0,0.0,0.0,1.0,0.18129339651149956,17.229045243425237,19.52434377898512
1961,78.4,0.98,1,0.039,0.406,0.064,-0.093,-0.071,0.14,0.09,0.0,0.0,0.0,1.1,0.0,0.44,1.31,1.59,0.13,0.27,0.08,0.0,0.54,0.0,1.17,0.0,1.0,0.0,0.0,0.0,1.0,0.0,0.0,1.0,1.0,0.0,0.0,0.0,0.0,0.0,0.0,0.0,1.0,0.1821704100455787,15.108275877809396,19.791412279066716
1962,78.44,0.98,1,0.095,0.344,0.076,-0.084,-0.078,0.01,0.0,0.0,0.0,0.05,1.57,0.01,0.54,1.2,1.57,0.05,0.4,0.0,0.0,0.51,0.0,0.58,0.0,1.0,0.0,0.0,0.0,1.0,0.0,0.0,1.0,1.0,0.0,0.0,0.0,0.0,0.0,0.0,0.0,1.0,0.19803785128614548,16.252076790367262,19.983242980057028
1963,78.48,0.98,1,0.118,0.346,0.084,-0.091,-0.084,0.01,0.0,0.0,0.04,0.05,1.89,0.01,0.57,1.18,1.51,0.03,0.52,0.0,0.0,0.46,0.0,0.19,0.0,0.0,0.0,0.0,0.0,1.0,0.0,0.0,1.0,1.0,0.0,0.0,0.0,0.0,0.0,0.0,0.0,1.0,0.17213890060910153,16.400304875214836,18.90846371337455
1964,78.52,0.98,1,0.128,0.357,0.092,-0.095,-0.088,0.0,0.0,0.0,0.04,0.06,2.01,0.01,0.57,1.13,1.47,0.0,0.66,0.0,0.03,0.41,0.0,0.0,0.0,0.0,0.0,0.0,0.0,1.0,0.0,0.0,1.0,1.0,0.0,0.0,0.0,0.0,0.0,0.0,0.0,0.0,0.19980444409533643,16.119863522995608,19.276151068094393
1965,78.56,0.98,1,0.125,0.356,0.088,-0.093,-0.084,0.0,0.0,0.0,0.04,0.02,1.79,0.0,0.48,1.12,1.44,0.0,0.77,0.0,0.06,0.4,0.0,0.0,0.0,0.0,0.0,0.0,0.0,1.0,0.0,0.0,1.0,1.0,0.0,0.0,0.0,0.0,0.0,0.0,0.0,0.0,0.20899798380255058,17.44133022449822,19.474342094150405
1966,78.6,0.98,1,0.134,0.357,0.091,-0.095,-0.083,0.0,0.0,0.0,0.0,0.02,1.69,0.0,0.5,1.12,1.4,0.0,0.77,0.02,0.09,0.36,0.0,0.0,0.0,0.0,0.0,0.0,0.0,1.0,0.0,0.0,1.0,1.0,0.0,0.0,0.0,0.0,0.0,0.0,0.0,0.0,0.20703815114311144,18.65261375786237,20.35411506305302
1967,78.64,0.98,1,0.128,0.358,0.092,-0.094,-0.083,0.0,0.0,0.0,0.02,0.02,1.6,0.0,0.5,1.15,1.38,0.0,0.68,0.02,0.07,0.35,0.0,0.0,0.0,0.0,0.0,0.0,0.0,1.0,0.0,0.0,1.0,1.0,0.0,0.0,0.0,0.0,0.0,0.0,0.0,0.0,0.20933960973531623,19.37472580451136,20.9160225664443
1968,78.68,0.98,1,0.129,0.351,0.095,-0.097,-0.083,0.0,0.0,0.0,0.02,0.0,1.62,0.0,0.49,1.14,1.42,0.0,0.53,0.02,0.09,0.35,0.0,0.0,0.0,0.0,0.0,0.0,0.0,1.0,0.0,0.0,1.0,1.0,0.0,0.0,0.0,0.0,0.0,0.0,0.0,0.0,0.2262891530088112,19.4249839124772,21.10473880435387
1969,78.72,0.98,1,0.123,0.357,0.095,-0.096,-0.08,0.0,0.0,0.0,0.06,0.0,1.6,0.0,0.42,1.15,1.45,0.0,0.48,0.0,0.09,0.4,0.0,0.0,0.0,0.0,0.0,0.0,0.0,1.0,0.0,0.0,1.0,1.0,0.0,0.0,0.0,0.0,0.0,0.0,0.0,0.0,0.21901188998028953,19.72308292331592,21.692394980729908
1970,78.76,0.98,1,0.126,0.339,0.094,-0.096,-0.082,0.0,0.0,0.0,0.04,0.03,1.61,0.0,0.47,1.17,1.59,0.01,0.49,0.0,0.12,0.31,0.0,0.0,0.0,0.0,0.0,0.0,0.0,0.0,0.0,0.0,1.0,1.0,0.0,0.0,0.0,0.0,0.0,0.0,0.0,0.0,0.23739960854429643,19.623710148695128,21.72210855326908
1971,78.8,0.98,1,0.121,0.351,0.088,-0.093,-0.083,0.0,0.0,0.0,0.04,0.03,1.61,0.0,0.42,1.15,1.68,0.01,0.53,0.0,0.07,0.31,0.0,0.14,0.0,0.0,0.0,0.0,0.0,0.0,0.0,0.0,1.0,1.0,0.0,0.0,0.0,0.0,0.0,0.0,0.0,0.0,0.21868591028134213,18.23321145602159,20.68743580050452
1972,78.84,0.98,1,0.024,0.35,0.084,-0.089,-0.084,0.0,0.0,0.0,0.0,0.03,1.6,0.0,0.35,1.1,1.75,0.01,0.57,0.0,0.08,0.3,0.0,0.17,0.0,0.0,0.0,0.0,0.0,0.0,0.0,0.0,1.0,1.0,0.0,0.0,0.0,0.0,0.0,0.0,0.0,0.0,0.2096577109488607,17.241809649801894,19.864541273334208
1973,78.88,0.98,1,0.019,0.374,0.087,-0.083,-0.086,0.0,0.0,0.0,0.0,0.0,1.5,0.0,0.19,1.02,1.63,0.0,0.5,0.0,0.04,0.39,0.0,0.19,0.0,0.0,0.0,0.0,0.0,0.0,0.0,0.0,1.0,1.0,0.0,0.0,0.0,0.0,0.0,0.0,0.0,0.0,0.1819141303474641,18.852055590836724,19.03181546778972
1974,78.92,0.98,1,0.016,0.344,0.085,-0.087,-0.087,0.0,0.0,0.0,0.0,0.0,1.4,0.0,0.12,0.98,1.46,0.0,0.44,0.0,0.05,0.36,0.0,0.06,0.0,0.0,0.0,0.0,0.0,0.0,0.0,0.0,1.0,1.0,0.0,0.0,0.0,0.0,0.0,0.0,0.0,0.0,0.21939200180867358,18.261708572858172,19.14418971907656
1975,78.96,0.98,1,0.019,0.369,0.086,-0.08,-0.089,0.0,0.0,0.0,0.1,0.0,1.26,0.0,0.09,0.96,1.3,0.0,0.32,0.0,0.03,0.36,0.0,0.16,0.0,0.0,0.0,0.0,0.0,0.0,0.0,0.0,1.0,1.0,0.0,0.0,0.0,0.0,0.0,0.0,0.0,0.0,0.18556531153486977,18.046883387443934,19.65731416038329
1976,79.0,0.98,1,0.021,0.344,0.08,-0.087,-0.087,0.0,0.0,0.0,0.21,0.0,1.34,0.0,0.1,0.95,1.25,0.0,0.32,0.0,0.05,0.25,0.0,0.26,0.0,0.0,0.0,0.0,0.0,0.0,0.0,0.0,1.0,1.0,0.0,0.0,0.0,0.0,0.0,0.0,0.0,0.0,0.2228936374490728,18.339302058693466,19.14418971907678
1977,79.04,0.98,1,0.03,0.375,0.089,-0.083,-0.088,0.01,0.0,0.0,0.27,0.0,1.58,0.0,0.06,0.92,1.27,0.0,0.33,0.0,0.06,0.26,0.0,0.3,0.0,0.0,0.0,0.0,0.0,0.0,0.0,0.0,1.0,1.0,0.0,0.0,0.0,0.0,0.0,0.0,0.0,0.0,0.19408318401259256,17.441330224498227,18.677526602845376
1978,79.08,0.98,1,0.024,0.353,0.089,-0.086,-0.089,0.06,0.02,0.0,0.21,0.0,1.82,0.0,0.03,0.85,1.32,0.07,0.42,0.0,0.1,0.15,0.0,0.18,0.0,1.0,0.0,0.0,0.0,0.0,0.0,0.0,1.0,1.0,0.0,1.0,0.0,0.0,0.0,0.0,0.0,0.0,0.22224216562150909,17.634341496069442,19.343732835210428
1979,79.12,0.98,1,0.028,0.374,0.092,-0.079,-0.088,0.12,0.05,0.0,0.11,0.0,1.74,0.0,0.0,0.77,1.3,0.09,0.52,0.0,0.11,0.17,0.0,0.05,0.0,1.0,0.0,0.0,0.0,0.0,0.0,0.0,1.0,1.0,0.0,1.0,0.0,0.0,0.0,0.0,0.0,0.0,0.19725215840179766,17.541094606665794,19.16689854932209
1980,79.16,0.98,1,0.02,0.358,0.095,-0.08,-0.088,0.14,0.1,0.0,0.05,0.0,1.39,0.0,0.0,0.73,1.08,0.11,0.62,0.0,0.21,0.05,0.0,0.16,0.0,1.0,0.0,0.0,0.0,0.0,0.0,0.0,1.0,1.0,0.0,1.0,0.0,0.0,0.0,0.0,0.0,0.0,0.22596602920995193,17.328877632437667,19.24396009141552
1981,79.2,0.98,1,0.014,0.378,0.104,-0.077,-0.088,0.2,0.08,0.0,0.01,0.0,0.97,0.0,0.0,0.7,1.0,0.07,0.72,0.0,0.18,0.05,0.0,0.51,0.0,1.0,0.0,0.0,0.0,0.0,0.0,0.0,1.0,1.0,0.0,1.0,0.0,0.0,0.0,0.0,0.0,1.0,0.20424849442347426,16.93576098083588,18.85974549138981
1982,79.24,0.98,1,0.012,0.37,0.086,-0.084,-0.084,0.4,0.32,0.0,0.0,0.0,0.54,0.0,0.0,0.69,1.05,0.12,0.72,0.0,0.15,0.0,0.0,1.07,0.0,1.0,0.0,0.0,0.0,0.0,0.0,0.0,1.0,1.0,0.0,1.0,0.0,0.0,0.0,0.0,0.0,1.0,0.2094310181635044,17.104677722775044,17.069563556224967
1983,79.28,0.98,1,0.042,0.422,0.086,-0.098,-0.083,0.5,0.28,0.0,0.0,0.0,0.19,0.0,0.0,0.67,1.18,0.17,0.68,0.0,0.03,0.0,0.0,1.51,0.0,1.0,0.0,0.0,0.0,0.0,0.0,0.0,1.0,1.0,0.0,1.0,0.0,0.0,0.0,0.0,0.0,1.0,0.18877694232901507,18.353473785635195,23.604448733236573
1984,79.32,0.98,1,0.054,0.431,0.092,-0.114,-0.09,0.48,0.3,0.0,0.0,0.0,0.18,0.0,0.0,0.67,1.19,0.16,0.52,0.0,0.0,0.02,0.0,1.69,0.0,1.0,0.0,0.0,0.0,0.0,0.0,0.0,1.0,1.0,0.0,1.0,0.0,0.0,0.0,0.0,0.0,1.0,0.17849783795582808,16.24438364481711,21.520455385516186
1985,79.36,0.98,1,0.109,0.394,0.071,-0.138,-0.089,0.23,0.02,0.0,0.0,0.0,0.56,0.0,0.08,0.65,1.11,0.11,0.36,0.05,0.0,0.17,0.0,1.33,0.0,1.0,0.0,0.0,0.0,0.0,0.0,0.0,1.0,1.0,0.0,0.0,0.0,0.0,0.0,0.0,0.0,1.0,0.19544789707458382,15.546382215808276,20.238824076511957
1986,79.4,0.98,1,0.156,0.365,0.082,-0.155,-0.099,0.09,0.02,0.0,0.0,0.0,1.05,0.0,0.25,0.62,1.15,0.04,0.32,0.09,0.01,0.37,0.0,0.72,0.0,0.0,0.0,0.0,0.0,0.0,0.0,0.0,1.0,1.0,0.0,0.0,0.0,0.0,0.0,0.0,0.0,1.0,0.2182696950119567,16.02529250903084,18.908463713374534
1987,79.44,0.98,1,0.223,0.346,0.098,-0.185,-0.104,0.0,0.0,0.0,0.0,0.0,1.44,0.0,0.55,0.59,1.12,0.05,0.43,0.09,0.04,0.59,0.02,0.2,0.0,0.0,0.0,0.0,0.0,0.0,0.0,0.0,1.0,1.0,0.0,0.0,0.0,0.0,0.0,0.0,0.0,0.0,0.21964254041672643,18.627130750601253,15.536408851468805
1988,79.48,0.98,1,0.279,0.362,0.101,-0.213,-0.104,0.0,0.0,0.0,0.0,0.0,1.55,0.0,0.81,0.58,1.05,0.03,0.59,0.04,0.07,0.65,0.02,0.0,0.0,0.0,0.0,0.0,0.0,1.0,0.0,0.0,1.0,1.0,0.0,0.0,0.0,0.0,0.0,0.0,0.0,0.0,0.2429544931801656,17.93599732381787,14.669696656713677
1989,79.52,0.98,1,0.305,0.346,0.104,-0.232,-0.109,0.0,0.0,0.0,0.0,0.0,1.56,0.0,1.0,0.58,0.8,0.09,0.64,0.0,0.09,0.76,0.12,0.0,1.0,0.0,0.0,0.0,0.0,1.0,0.0,0.0,1.0,1.0,0.0,0.0,0.0,0.0,0.0,0.0,0.0,0.0,0.26616918254544986,16.447796204963105,13.38805437694366
1990,79.56,0.98,1,0.317,0.331,0.103,-0.248,-0.11,0.03,0.12,0.0,0.0,0.0,1.43,0.0,1.07,0.56,0.55,0.1,0.58,0.0,0.06,0.88,0.19,0.0,1.0,0.0,0.0,0.0,0.0,1.0,0.0,0.0,1.0,0.0,0.0,0.0,0.0,0.0,0.0,0.0,0.0,0.0,0.28524672426133596,15.952429282087369,13.888484438555736
1991,79.6,0.98,1,0.324,0.336,0.102,-0.245,-0.111,0.03,0.12,0.01,0.0,0.0,1.52,0.0,1.09,0.51,0.34,0.13,0.49,0.0,0.03,1.01,0.31,0.0,1.0,0.0,0.0,0.0,0.0,1.0,0.0,0.0,1.0,0.0,0.0,0.0,0.0,0.0,0.0,0.0,0.0,0.0,0.3012355333172283,15.641611170208773,13.640014662748866
1992,79.64,0.98,1,0.336,0.33,0.098,-0.253,-0.114,0.03,0.16,0.01,0.0,0.0,1.49,0.0,1.05,0.49,0.16,0.14,0.47,0.0,0.0,1.0,0.38,0.0,1.0,0.0,0.0,0.0,0.0,1.0,0.0,0.0,1.0,0.0,0.0,0.0,0.0,0.0,0.0,0.0,0.0,0.0,0.3134097367853724,15.318289721767286,13.612494260788617
1993,79.68,0.98,1,0.342,0.331,0.098,-0.262,-0.114,0.0,0.04,0.08,0.0,0.0,1.6,0.01,1.07,0.48,0.16,0.13,0.54,0.0,0.02,0.92,0.47,0.0,1.0,0.0,0.0,0.0,0.0,1.0,0.0,0.0,1.0,0.0,0.0,0.0,0.0,0.0,0.0,0.0,0.0,0.0,0.31048722715985605,14.809794056637019,13.697079980784356
1994,79.72,0.98,1,0.321,0.308,0.102,-0.267,-0.118,0.0,0.04,0.11,0.04,0.0,1.33,0.03,1.04,0.47,0.27,0.1,0.68,0.0,0.02,0.76,0.52,0.0,1.0,0.0,0.0,0.0,0.0,1.0,0.0,0.0,0.0,0.0,0.0,0.0,0.0,0.0,0.0,0.0,0.0,0.0,0.30310192070307096,15.890248582070704,13.121737689803192
1995,79.76,0.98,1,0.311,0.306,0.104,-0.264,-0.12,0.0,0.0,0.11,0.07,0.0,1.31,0.03,1.08,0.48,0.37,0.03,0.82,0.0,0.04,0.6,0.48,0.0,1.0,0.0,0.0,0.0,0.0,1.0,0.0,0.0,0.0,0.0,0.0,0.0,0.0,0.0,0.0,0.0,0.0,0.0,0.3019699710122634,16.120794025109262,13.805071531868247
1996,79.8,0.98,1,0.302,0.302,0.105,-0.261,-0.123,0.0,0.09,0.04,0.18,0.0,1.11,0.03,1.0,0.46,0.41,0.01,0.85,0.0,0.02,0.4,0.43,0.0,1.0,0.0,0.0,0.0,0.0,1.0,0.0,0.0,0.0,0.0,0.0,0.0,0.0,0.0,0.0,0.0,0.0,0.0,0.29598599587953867,14.905032707109278,14.0246212070059
1997,79.84,0.98,1,0.298,0.304,0.097,-0.263,-0.124,0.0,0.11,0.0,0.14,0.0,1.22,0.01,0.99,0.51,0.43,0.01,0.84,0.0,0.02,0.33,0.32,0.0,1.0,0.0,0.0,0.0,0.0,1.0,0.0,0.0,0.0,0.0,0.0,0.0,0.0,0.0,0.0,0.0,0.0,0.0,0.2921473235110069,14.8489056835849,14.148144754702065
1998,79.88,0.98,1,0.301,0.303,0.098,-0.264,-0.122,0.0,0.23,0.0,0.16,0.0,1.21,0.01,1.03,0.54,0.58,0.02,0.88,0.0,0.01,0.36,0.35,0.0,1.0,0.0,0.0,0.0,0.0,1.0,0.0,0.0,0.0,1.0,0.0,0.0,0.0,0.0,0.0,0.0,0.0,0.0,0.295089953766469,14.395138068111665,14.052046114356436
1999,79.92,0.98,1,0.298,0.298,0.1,-0.262,-0.12,0.0,0.14,0.02,0.13,0.0,1.37,0.0,1.18,0.61,0.68,0.02,0.94,0.0,0.02,0.33,0.3,0.0,1.0,0.0,0.0,0.0,0.0,1.0,0.0,0.0,1.0,1.0,0.0,0.0,0.0,0.0,0.0,0.0,0.0,0.0,0.30069726879525566,14.76787053031005,14.368020044529404
2000,79.96,0.98,1,0.295,0.298,0.101,-0.259,-0.122,0.0,0.12,0.08,0.19,0.0,1.49,0.03,1.37,0.69,0.77,0.02,1.0,0.0,0.02,0.35,0.23,0.0,1.0,0.0,0.0,0.0,0.0,1.0,0.0,0.0,1.0,1.0,0.0,0.0,0.0,0.0,0.0,0.0,0.0,0.0,0.2944001165594024,14.081193131265504,14.436758638974412
2001,80.0,0.98,1,0.284,0.294,0.099,-0.257,-0.124,0.0,0.0,0.1,0.13,0.0,1.54,0.03,1.42,0.73,0.74,0.0,0.88,0.09,0.03,0.28,0.07,0.0,1.0,0.0,0.0,0.0,0.0,1.0,0.0,0.0,1.0,1.0,0.0,0.0,0.0,0.0,0.0,0.0,0.0,0.0,0.30245919537152455,14.454411091428154,14.018559127099952
2002,80.04,0.98,1,0.279,0.296,0.096,-0.249,-0.124,0.0,0.01,0.07,0.06,0.0,1.33,0.03,1.34,0.72,0.62,0.0,0.78,0.09,0.06,0.41,0.08,0.0,1.0,0.0,0.0,0.0,0.0,1.0,0.0,0.0,1.0,1.0,0.0,0.0,0.0,0.0,0.0,0.0,0.0,0.0,0.28708922268254505,14.66969665671389,14.35862110371336
2003,80.08,0.98,1,0.282,0.294,0.092,-0.242,-0.121,0.0,0.01,0.02,0.0,0.0,1.1,0.0,1.17,0.68,0.52,0.0,0.76,0.09,0.2,0.41,0.1,0.0,1.0,0.0,0.0,0.0,0.0,1.0,0.0,0.0,1.0,1.0,0.0,0.0,0.0,0.0,0.0,0.0,0.0,0.0,0.28003306683212664,14.513442045221433,14.430869689661812
2004,80.12,0.98,1,0.263,0.306,0.086,-0.222,-0.119,0.0,0.01,0.0,0.0,0.0,0.92,0.0,1.08,0.7,0.5,0.07,0.74,0.11,0.3,0.54,0.09,0.0,1.0,1.0,0.0,0.0,0.0,1.0,0.0,0.0,1.0,1.0,0.0,0.0,0.0,0.0,0.0,0.0,0.0,0.0,0.2752094896079123,16.69281282468592,14.166156853571765
2005,80.16,0.98,1,0.297,0.342,0.08,-0.224,-0.112,0.0,0.0,0.0,0.0,0.0,0.98,0.0,1.11,0.75,0.64,0.23,0.7,0.11,0.33,0.51,0.02,0.0,1.0,1.0,0.0,0.0,0.0,0.0,0.0,0.0,1.0,1.0,0.0,0.0,0.0,0.0,0.0,0.0,0.0,0.0,0.27775298523301084,16.69041641182158,15.91100248255913
2006,80.2,0.98,1,0.317,0.336,0.073,-0.221,-0.113,0.0,0.0,0.0,0.0,0.0,1.07,0.0,1.14,0.76,0.69,0.29,0.51,0.13,0.27,0.62,0.0,0.0,1.0,1.0,0.0,0.0,0.0,0.0,0.0,0.0,1.0,1.0,0.0,0.0,0.0,0.0,0.0,0.0,0.0,0.0,0.29533256856600987,16.18054387219425,16.348700254148614
2007,80.24,0.98,1,0.308,0.336,0.072,-0.216,-0.116,0.0,0.0,0.0,0.0,0.0,0.98,0.0,1.18,0.81,0.72,0.28,0.45,0.02,0.2,0.66,0.0,0.0,1.0,1.0,0.0,0.0,0.0,0.0,0.0,0.0,1.0,1.0,0.0,0.0,0.0,0.0,0.0,0.0,0.0,0.0,0.28331672872474356,17.083617883808987,16.016241756417223
2008,80.28,0.98,1,0.311,0.333,0.07,-0.219,-0.115,0.0,0.0,0.0,0.0,0.0,0.82,0.0,1.2,0.84,0.64,0.22,0.44,0.02,0.17,0.72,0.0,0.0,1.0,1.0,0.0,0.0,0.0,0.0,0.0,0.0,1.0,1.0,0.0,0.0,0.0,0.0,0.0,0.0,0.0,0.0,0.2808302062193465,17.29855485293497,15.796518603793498
2009,80.32,0.98,1,0.317,0.338,0.07,-0.225,-0.114,0.0,0.0,0.0,0.0,0.0,0.73,0.0,1.18,0.84,0.62,0.16,0.58,0.0,0.16,0.65,0.0,0.0,1.0,0.0,0.0,0.0,0.0,0.0,0.0,0.0,1.0,1.0,0.0,0.0,0.0,0.0,0.0,0.0,0.0,0.0,0.28881044531107847,16.23884232326932,15.59551217498175
2010,80.36,0.98,1,0.325,0.343,0.071,-0.224,-0.118,0.0,0.0,0.0,0.0,0.0,0.77,0.01,1.19,0.81,0.58,0.11,0.57,0.0,0.23,0.61,0.0,0.0,1.0,0.0,0.0,1.0,0.0,0.0,0.0,0.0,1.0,1.0,0.0,0.0,0.0,0.0,0.0,0.0,0.0,0.0,0.27466828149245687,16.238842323269086,15.814234094637609
2011,80.4,0.98,1,0.324,0.34,0.067,-0.225,-0.118,0.0,0.0,0.0,0.0,0.0,0.83,0.06,1.17,0.8,0.59,0.07,0.55,0.05,0.28,0.63,0.0,0.0,1.0,0.0,0.0,1.0,0.0,0.0,0.0,0.0,1.0,1.0,0.0,0.0,0.0,0.0,0.0,0.0,0.0,0.0,0.2777212346259967,15.965587994183029,15.305227865014139
2012,80.44,0.98,1,0.32,0.349,0.07,-0.224,-0.118,0.0,0.0,0.0,0.0,0.0,0.78,0.07,1.18,0.81,0.54,0.11,0.44,0.05,0.3,0.65,0.0,0.0,1.0,0.0,0.0,1.0,0.0,0.0,0.0,0.0,1.0,1.0,0.0,0.0,0.0,0.0,0.0,0.0,0.0,0.0,0.28123868169438293,16.455090397807137,15.646724896923235
2013,80.48,0.98,1,0.317,0.343,0.068,-0.22,-0.118,0.0,0.0,0.0,0.0,0.0,0.82,0.06,1.17,0.82,0.66,0.12,0.43,0.05,0.28,0.67,0.0,0.0,1.0,0.0,0.0,1.0,0.0,1.0,0.0,0.0,1.0,1.0,0.0,0.0,0.0,0.0,0.0,0.0,0.0,0.0,0.27512156064067683,16.260688792299057,15.769590990257004
2014,80.52,0.98,1,0.312,0.342,0.063,-0.217,-0.117,0.0,0.0,0.0,0.0,0.0,0.89,0.02,1.09,0.8,0.71,0.09,0.41,0.0,0.28,0.63,0.0,0.0,1.0,0.0,0.0,0.0,0.0,1.0,0.0,0.0,1.0,1.0,0.0,0.0,0.0,0.0,0.0,0.0,0.0,0.0,0.28159901464211257,16.31686244349691,15.57080601638839
2015,80.56,0.98,1,0.314,0.341,0.064,-0.215,-0.118,0.0,0.0,0.0,0.0,0.0,0.99,0.01,1.12,0.81,0.85,0.05,0.44,0.0,0.29,0.63,0.0,0.0,1.0,0.0,0.0,0.0,0.0,1.0,0.0,0.0,1.0,1.0,0.0,0.0,0.0,0.0,0.0,0.0,0.0,0.0,0.27327491372744533,16.29754582751649,15.743252522906271
2016,80.6,0.98,1,0.312,0.34,0.063,-0.213,-0.118,0.0,0.0,0.0,0.0,0.0,1.01,0.01,1.09,0.81,0.77,0.03,0.47,0.0,0.28,0.6,0.0,0.0,1.0,0.0,0.0,0.0,0.0,1.0,0.0,0.0,1.0,1.0,0.0,0.0,0.0,0.0,0.0,0.0,0.0,0.0,0.27905938330285407,16.476043214315883,15.234500319997416
2017,80.64,0.98,1,0.297,0.335,0.062,-0.22,-0.118,0.0,0.0,0.0,0.0,0.0,0.88,0.0,1.09,0.82,0.84,0.0,0.43,0.0,0.2,0.58,0.0,0.22,1.0,0.0,0.0,0.0,0.0,1.0,0.0,0.0,1.0,1.0,0.0,0.0,0.0,0.0,0.0,0.0,0.0,0.0,0.2603044627490219,16.243152403397566,15.164761785138737
2018,80.68,0.98,1,0.23,0.362,0.059,-0.223,-0.12,0.09,0.24,0.0,0.02,0.0,0.51,0.0,1.05,0.84,0.89,0.0,0.38,0.0,0.09,0.56,0.0,0.6,1.0,0.0,0.0,0.0,0.0,1.0,0.0,0.0,1.0,1.0,0.0,0.0,0.0,0.0,0.0,0.0,0.0,0.0,0.23054098199141448,14.840822079656013,16.180543872194026
2019,80.72,0.98,1,0.144,0.367,0.048,-0.22,-0.112,0.11,0.24,0.0,0.02,0.0,0.25,0.0,0.94,0.87,0.85,0.0,0.25,0.0,0.0,0.52,0.0,0.88,1.0,1.0,0.0,0.0,0.0,1.0,0.0,0.0,1.0,1.0,0.0,0.0,0.0,0.0,0.0,0.0,0.0,0.0,0.20165021720176796,13.544740676735003,18.856563843924395
2020,80.76,0.98,1,0.111,0.357,0.05,-0.2,-0.112,0.11,0.24,0.0,0.02,0.0,0.21,0.03,0.87,0.86,0.85,0.0,0.33,0.0,0.0,0.44,0.0,0.81,0.0,1.0,0.0,0.0,0.0,0.0,0.0,0.0,1.0,1.0,0.0,0.0,0.0,0.0,0.0,0.0,0.0,0.0,0.19668277602883577,13.801449199269076,17.296531444194134
2021,80.8,0.98,1,0.158,0.335,0.06,-0.198,-0.118,0.02,0.0,0.0,0.01,0.0,0.48,0.05,0.82,0.86,0.59,0.0,0.27,0.0,0.0,0.43,0.0,0.54,0.0,1.0,0.0,0.0,0.0,0.0,0.0,0.0,1.0,1.0,0.0,0.0,0.0,0.0,0.0,0.0,0.0,0.0,0.22512759880831218,13.124404748406826,17.692088627406307
2022,80.84,0.98,1,0.145,0.331,0.064,-0.195,-0.118,0.0,0.0,0.0,0.06,0.0,0.72,0.06,0.85,0.87,0.51,0.12,0.3,0.0,0.0,0.47,0.0,0.27,0.0,1.0,0.0,1.0,0.0,0.0,0.0,0.0,1.0,1.0,0.0,0.0,0.0,0.0,0.0,0.0,0.0,0.0,0.21328494171650342,15.526107045875987,15.930473941474594
2023,80.88,0.98,1,0.153,0.321,0.065,-0.206,-0.119,0.0,0.0,0.0,0.1,0.0,0.8,0.09,0.95,0.89,0.26,0.12,0.23,0.0,0.0,0.64,0.0,0.11,0.0,1.0,0.0,1.0,0.0,0.0,0.0,0.0,1.0,1.0,0.0,0.0,0.0,0.0,0.0,0.0,0.0,0.0,0.23662169804625888,16.07980099379342,16.20987353436171
2024,80.92,0.98,1,0.157,0.319,0.059,-0.2,-0.119,0.0,0.0,0.0,0.12,0.0,0.88,0.08,1.03,0.86,0.31,0.12,0.35,0.0,0.0,0.65,0.0,0.0,0.0,0.0,0.0,1.0,0.0,1.0,0.0,0.0,1.0,1.0,0.0,0.0,0.0,0.0,0.0,0.0,0.0,0.0,0.24308613970079646,15.853390804493573,18.146349495146396
2025,80.96,0.98,1,0.162,0.309,0.058,-0.208,-0.122,0.0,0.0,0.0,0.07,0.0,1.02,0.07,1.2,0.88,0.19,0.0,0.49,0.0,0.0,0.56,0.0,0.0,0.0,0.0,0.0,1.0,0.0,1.0,0.0,0.0,1.0,1.0,0.0,0.0,0.0,0.0,0.0,0.0,0.0,0.0,0.2511794237813332,14.681280598094979,18.555861607589225
2026,81.0,0.98,1,0.201,0.341,0.055,-0.205,-0.12,0.0,0.0,0.0,0.04,0.0,1.17,0.08,1.33,0.85,0.19,0.0,0.78,0.0,0.0,0.34,0.0,0.0,0.0,0.0,0.0,1.0,0.0,1.0,0.0,0.0,1.0,0.0,0.0,0.0,0.0,0.0,0.0,0.0,0.0,0.0,0.23703480469686125,16.292943257741896,18.30027322200399
2027,81.04,0.98,1,0.226,0.351,0.055,-0.196,-0.123,0.0,0.0,0.0,0.0,0.0,1.16,0.14,1.36,0.83,0.23,0.0,0.93,0.0,0.0,0.25,0.0,0.0,0.0,0.0,0.0,0.0,0.0,1.0,0.0,0.0,1.0,0.0,0.0,0.0,0.0,0.0,0.0,0.0,0.0,0.0,0.23117769287542322,16.690416411821346,18.282231811242312
2028,81.08,0.98,1,0.228,0.344,0.052,-0.2,-0.126,0.0,0.0,0.0,0.0,0.0,0.96,0.26,1.35,0.76,0.22,0.0,0.96,0.0,0.0,0.31,0.0,0.0,0.0,0.0,0.0,0.0,0.0,1.0,0.0,0.0,1.0,0.0,0.0,0.0,0.0,0.0,0.0,0.0,0.0,0.0,0.23348502633379134,17.238619434281937,17.321951391226186
2029,81.12,0.98,1,0.231,0.338,0.047,-0.195,-0.128,0.0,0.0,0.0,0.0,0.0,0.96,0.26,1.33,0.77,0.26,0.0,0.92,0.0,0.0,0.33,0.0,0.0,0.0,0.0,0.0,0.0,0.0,1.0,0.0,0.0,1.0,0.0,0.0,0.0,0.0,0.0,0.0,0.0,0.0,0.0,0.24057348446343885,18.082588310305624,18.670297265978352
2030,81.16,0.98,1,0.229,0.339,0.046,-0.19,-0.126,0.0,0.0,0.0,0.0,0.0,1.05,0.34,1.36,0.8,0.1,0.0,1.01,0.0,0.0,0.23,0.0,0.0,0.0,0.0,0.0,0.0,0.0,1.0,0.0,0.0,1.0,0.0,0.0,0.0,0.0,0.0,0.0,0.0,0.0,0.0,0.23209035943783385,18.14083790788084,17.866449003649276
2031,81.2,0.98,1,0.198,0.34,0.035,-0.182,-0.124,0.0,0.05,0.0,0.0,0.0,0.85,0.22,1.26,0.82,0.1,0.0,1.11,0.0,0.0,0.14,0.0,0.34,0.0,0.0,0.0,0.0,0.0,1.0,0.0,0.0,1.0,1.0,0.0,0.0,0.0,0.0,0.0,0.0,0.0,0.0,0.1935543799747702,16.56804152578089,16.278820596099706
2032,81.24,0.98,1,0.148,0.345,0.017,-0.17,-0.106,0.01,0.11,0.0,0.0,0.0,0.47,0.16,1.05,0.81,0.1,0.0,1.07,0.11,0.0,0.09,0.0,0.94,0.0,0.0,0.0,0.0,0.0,1.0,0.0,0.0,0.0,1.0,0.0,0.0,0.0,0.0,0.0,0.0,0.0,0.0,0.21345877293997256,15.70127383367354,15.930473941474594
2033,81.28,0.93,1,0.102,0.387,0.006,-0.148,-0.095,0.03,0.11,0.0,0.0,0.0,0.09,0.15,0.77,0.7,0.08,0.0,0.86,0.27,0.0,0.08,0.0,1.47,0.0,0.0,0.0,0.0,0.0,1.0,0.0,0.0,0.0,1.0,0.0,0.0,0.0,0.0,0.0,0.0,0.0,1.0,0.18552520047194315,17.80449381476481,20.591260281974083
2034,81.32,0.98,1,0.034,0.393,0.018,-0.079,-0.083,0.12,0.18,0.0,0.0,0.0,0.55,0.36,0.43,0.57,0.16,0.16,0.58,0.36,0.0,0.03,0.0,1.56,0.0,0.0,0.0,0.0,0.0,1.0,0.0,0.0,0.0,1.0,0.0,0.0,1.0,0.0,0.0,0.0,0.0,1.0,0.17908282217683408,19.80227259685128,19.53586445489432
2035,81.36,0.98,1,-0.039,0.375,0.047,-0.014,-0.075,0.29,0.13,0.0,0.0,0.03,1.32,0.61,0.16,0.35,0.08,0.27,0.29,0.34,0.0,0.0,0.03,1.13,0.0,0.0,0.0,0.0,0.0,1.0,0.0,0.0,0.0,1.0,0.0,0.0,1.0,0.0,0.0,0.0,0.0,1.0,0.18655641759067215,18.601075237738183,22.64332131115059
2036,81.4,0.98,1,-0.166,0.379,0.095,0.073,-0.069,0.27,0.13,0.0,0.0,0.06,2.03,0.62,0.0,0.18,0.08,0.27,0.09,0.35,0.0,0.01,0.1,0.81,0.0,0.0,0.0,0.0,0.0,1.0,0.0,0.0,0.0,1.0,0.0,0.0,1.0,0.0,0.0,0.0,0.0,1.0,0.19739017843117126,15.901257811883804,25.004999500099974
2037,81.44,0.98,1,-0.207,0.362,0.111,0.122,-0.039,0.18,0.01,0.0,0.0,0.06,2.1,0.4,0.0,0.06,0.0,0.11,0.15,0.37,0.0,0.02,0.2,0.51,0.0,0.0,0.0,0.0,0.0,1.0,0.0,0.0,0.0,1.0,0.0,0.0,1.0,0.0,0.0,0.0,0.0,1.0,0.2145632017385702,15.705094714773336,26.667770810474714
2038,81.48,0.98,1,-0.264,0.336,0.088,0.151,-0.008,0.0,0.0,0.0,0.0,0.03,1.64,0.14,0.0,0.04,0.1,0.0,0.37,0.33,0.0,0.14,0.32,0.39,0.0,0.0,0.0,0.0,0.0,1.0,0.0,0.0,0.0,1.0,0.0,0.0,1.0,0.0,0.0,0.0,0.0,0.0,0.22930497065944216,17.01058493997193,27.333678859604618
2039,81.52,0.98,1,-0.297,0.309,0.071,0.177,0.004,0.0,0.0,0.0,0.0,0.0,1.24,0.0,0.0,0.04,0.22,0.0,0.54,0.16,0.0,0.25,0.29,0.17,0.0,0.0,0.0,0.0,0.0,0.0,0.0,0.0,0.0,1.0,0.0,0.0,0.0,0.0,0.0,0.0,0.0,0.0,0.23295547123671476,17.713836399831678,27.950849718747435
2040,81.56,0.98,1,-0.318,0.309,0.067,0.2,0.009,0.0,0.0,0.0,0.0,0.0,0.87,0.0,0.0,0.04,0.41,0.0,0.65,0.05,0.0,0.49,0.2,0.04,0.0,0.0,0.0,0.0,0.0,0.0,0.0,0.0,0.0,1.0,0.0,1.0,0.0,0.0,0.0,0.0,0.0,0.0,0.2277908747735347,19.325889371514013,28.07863956818421
2041,81.6,0.98,1,-0.316,0.31,0.068,0.218,0.009,0.1,0.0,0.0,0.0,0.0,0.84,0.0,0.0,0.05,0.44,0.0,0.61,0.01,0.0,0.64,0.04,0.0,0.0,0.0,0.0,0.0,0.0,0.0,0.0,0.0,0.0,1.0,0.0,1.0,0.0,1.0,0.0,0.0,0.0,0.0,0.233037879271908,19.53688818619792,27.8217540784186
2042,81.64,0.98,1,-0.366,0.304,0.062,0.224,0.013,0.29,0.02,0.0,0.0,0.0,0.75,0.0,0.0,0.07,0.51,0.0,0.69,0.0,0.0,0.79,0.0,0.0,0.0,0.0,0.0,0.0,0.0,0.0,0.0,0.0,0.0,1.0,0.0,1.0,0.0,1.0,0.0,0.0,0.0,0.0,0.230687293514636,17.740631330367073,27.181243532995303
2043,81.68,0.98,1,-0.37,0.31,0.068,0.238,0.014,0.43,0.08,0.0,0.0,0.0,0.56,0.0,0.0,0.05,0.48,0.0,0.6,0.09,0.0,0.96,0.0,0.0,0.0,0.0,0.0,0.0,0.0,0.0,0.0,0.0,0.0,1.0,0.0,0.0,0.0,1.0,0.0,0.0,0.0,0.0,0.23306426683861498,18.63249849054057,26.87936011143127
2044,81.72,0.98,1,-0.375,0.315,0.074,0.265,0.03,0.34,0.08,0.0,0.0,0.0,0.27,0.0,0.0,0.08,0.34,0.0,0.55,0.09,0.17,1.11,0.0,0.0,0.0,0.0,0.0,0.0,0.0,0.0,0.0,0.0,0.0,1.0,0.0,0.0,0.0,1.0,1.0,0.0,0.0,0.0,0.2656588530167481,18.84489320744478,27.11180554666184
2045,81.76,0.98,1,-0.387,0.292,0.06,0.246,0.067,0.2,0.31,0.0,0.12,0.0,0.01,0.0,0.0,0.08,0.16,0.0,0.45,0.09,0.5,1.25,0.05,0.0,0.0,0.0,0.0,0.0,0.0,0.0,0.0,0.0,0.0,1.0,0.0,0.0,0.0,1.0,1.0,0.0,0.0,0.0,0.2682013927776965,19.166898549321864,26.701310829245795
2046,81.8,0.98,1,-0.392,0.299,0.062,0.239,0.079,0.09,0.25,0.0,0.19,0.0,0.28,0.0,0.0,0.09,0.0,0.0,0.5,0.0,0.99,1.17,0.24,0.0,0.0,0.0,0.0,0.0,0.0,0.0,0.0,0.0,0.0,1.0,0.0,0.0,0.0,1.0,1.0,0.0,0.0,0.0,0.2576583744542741,19.849433241279385,27.11180554666184
2047,81.84,0.98,1,-0.387,0.308,0.065,0.239,0.085,0.19,0.36,0.0,0.24,0.0,0.46,0.0,0.0,0.04,0.0,0.0,0.56,0.0,1.37,1.18,0.44,0.0,0.0,0.0,0.0,0.0,0.0,0.0,0.0,0.0,0.0,1.0,0.0,0.0,0.0,1.0,1.0,1.0,0.0,0.0,0.24925628828767982,20.271408436514754,27.721832551258224
2048,81.88,0.98,1,-0.398,0.323,0.07,0.243,0.084,0.29,0.45,0.0,0.35,0.0,0.64,0.0,0.0,0.01,0.01,0.0,0.7,0.0,1.58,1.17,0.6,0.0,0.0,0.0,0.0,0.0,0.0,0.0,0.0,0.0,0.0,1.0,0.0,0.0,0.0,1.0,1.0,1.0,0.0,0.0,0.25362097861774413,20.341583025910428,27.563200104487212
2049,81.92,0.98,1,-0.4,0.31,0.07,0.245,0.083,0.47,0.77,0.0,0.39,0.0,0.6,0.0,0.0,0.0,0.01,0.01,0.77,0.0,1.64,1.22,0.6,0.0,0.0,0.0,0.0,0.0,0.0,0.0,0.0,0.0,0.0,1.0,0.0,0.0,0.0,1.0,1.0,1.0,0.0,0.0,0.2643879433838127,20.3415830259102,26.404734423962708
2050,81.96,0.98,1,-0.378,0.318,0.071,0.243,0.084,0.53,1.01,0.0,0.35,0.0,0.71,0.0,0.0,0.0,0.01,0.01,0.84,0.0,1.45,1.23,0.71,0.33,0.0,0.0,0.0,0.0,0.0,0.0,0.0,0.0,0.0,1.0,0.0,0.0,0.0,1.0,1.0,1.0,0.0,0.0,0.2440812984917256,20.747288979526992,28.165581833152256
2051,82.0,0.98,1,-0.342,0.356,0.072,0.254,0.088,0.49,0.96,0.0,0.11,0.0,0.62,0.0,0.0,0.0,0.0,0.02,0.77,0.0,1.06,1.32,0.77,1.14,0.0,0.0,0.0,0.0,0.0,0.0,0.0,0.0,0.0,1.0,0.0,1.0,0.0,1.0,1.0,1.0,0.0,1.0,0.2173344710474273,17.1210396880563,20.761743664731092
2052,82.04,0.98,1,-0.258,0.486,0.1,0.261,0.087,0.28,0.64,0.0,0.0,0.0,0.47,0.0,0.0,0.0,0.0,0.12,0.66,0.0,0.66,1.25,0.97,1.88,0.0,0.0,0.0,0.0,0.0,0.0,0.0,0.0,0.0,1.0,0.0,1.0,0.0,1.0,1.0,1.0,0.0,1.0,0.17053280328706216,18.258422713914708,15.80790941269598
2053,82.08,0.98,1,-0.216,0.484,0.085,0.221,0.079,0.12,0.29,0.0,0.0,0.0,0.46,0.0,0.0,0.0,0.0,0.18,0.64,0.0,0.29,1.02,0.95,2.1,0.0,0.0,0.0,0.0,0.0,0.0,0.0,0.0,0.0,1.0,0.0,1.0,0.0,1.0,1.0,1.0,0.0,1.0,0.16345625427419214,20.54069132234829,16.40274367293481
2054,82.12,0.98,1,-0.206,0.42,0.078,0.202,0.042,0.0,0.0,0.0,0.0,0.0,1.05,0.0,0.0,0.0,0.04,0.24,0.73,0.0,0.14,0.7,0.97,1.64,0.0,0.0,0.0,0.0,0.0,0.0,0.0,0.0,0.0,1.0,0.0,1.0,0.0,1.0,1.0,0.0,0.0,1.0,0.17348777522858116,20.570367036103175,19.901004999748103
2055,82.16,0.98,1,-0.135,0.369,0.082,0.183,0.018,0.0,0.0,0.0,0.0,0.0,1.58,0.0,0.0,0.0,0.04,0.15,0.77,0.0,0.0,0.46,0.78,1.16,0.0,0.0,0.0,0.0,0.0,0.0,0.0,0.0,0.0,1.0,0.0,1.0,0.0,1.0,0.0,0.0,0.0,1.0,0.188778147975521,19.91230775173974,19.30414463269477
2056,82.2,0.98,1,-0.108,0.357,0.083,0.153,0.006,0.0,0.0,0.0,0.0,0.0,1.86,0.0,0.0,0.0,0.04,0.2,0.67,0.0,0.0,0.33,0.77,0.66,0.0,0.0,0.0,0.0,0.0,0.0,0.0,0.0,0.0,1.0,0.0,1.0,0.0,1.0,0.0,0.0,0.0,1.0,0.19286154238893277,20.200000000000045,19.401030900444304
2057,82.24,0.98,1,-0.092,0.331,0.073,0.117,0.003,0.0,0.0,0.0,0.0,0.0,1.85,0.0,0.0,0.0,0.0,0.24,0.58,0.0,0.0,0.17,0.65,0.31,0.0,0.0,0.0,0.0,0.0,0.0,0.0,0.0,0.0,1.0,0.0,1.0,0.0,1.0,0.0,0.0,0.0,0.0,0.188816392569013,20.108953229842808,19.902261178067043
2058,82.28,0.98,1,-0.08,0.328,0.074,0.088,-0.002,0.0,0.0,0.0,0.0,0.0,1.96,0.0,0.0,0.0,0.0,0.39,0.58,0.0,0.0,0.08,0.65,0.05,0.0,0.0,0.0,0.0,0.0,0.0,0.0,0.0,0.0,1.0,0.0,1.0,0.0,0.0,0.0,0.0,0.0,0.0,0.19492452259840914,20.30221662774777,20.203960007879687
2059,82.32,0.98,1,-0.069,0.333,0.081,0.067,-0.007,0.0,0.0,0.0,0.0,0.0,1.89,0.0,0.0,0.0,0.0,0.42,0.64,0.0,0.01,0.06,0.61,0.0,0.0,0.0,0.0,0.0,0.0,0.0,0.0,0.0,0.0,1.0,0.0,1.0,0.0,0.0,0.0,0.0,0.0,0.0,0.2089615309697257,20.8002403832263,20.412006270820214
2060,82.36,0.98,1,-0.059,0.342,0.084,0.047,-0.009,0.0,0.0,0.0,0.0,0.0,1.61,0.0,0.0,0.0,0.0,0.47,0.72,0.0,0.09,0.18,0.66,0.0,0.0,0.0,0.0,0.0,0.0,0.0,0.0,0.0,0.0,1.0,0.0,1.0,0.0,0.0,0.0,0.0,0.0,0.0,0.20724082913548053,21.503720608304043,20.519746587129188
2061,82.4,0.98,1,-0.048,0.339,0.081,0.028,-0.007,0.0,0.0,0.0,0.0,0.0,1.41,0.0,0.0,0.0,0.0,0.49,0.79,0.0,0.15,0.27,0.71,0.0,0.0,0.0,0.0,0.0,0.0,0.0,0.0,0.0,0.0,1.0,0.0,1.0,0.0,0.0,0.0,0.0,0.0,0.0,0.2106736297314185,20.606067067735083,19.612496016570798
2062,82.44,0.98,1,-0.0,0.333,0.071,0.008,-0.003,0.0,0.0,0.0,0.0,0.0,1.47,0.0,0.0,0.0,0.0,0.47,0.79,0.0,0.22,0.28,0.56,0.0,0.0,0.0,0.0,0.0,0.0,0.0,0.0,0.0,0.0,1.0,0.0,1.0,0.0,0.0,0.0,0.0,0.0,0.0,0.21532138074608764,20.020239758804088,20.946837470129083
2063,82.48,0.98,1,0.007,0.338,0.069,-0.004,-0.001,0.0,0.0,0.0,0.0,0.0,1.58,0.0,0.0,0.03,0.0,0.44,0.74,0.0,0.21,0.18,0.5,0.0,0.0,0.0,0.0,0.0,0.0,0.0,0.0,0.0,0.0,1.0,0.0,0.0,0.0,0.0,0.0,0.0,0.0,0.0,0.20985834867735303,20.224737328331408,21.077001684300352
2064,82.52,0.98,1,0.027,0.319,0.057,-0.017,-0.006,0.0,0.0,0.0,0.0,0.0,1.74,0.0,0.0,0.13,0.0,0.39,0.62,0.0,0.16,0.13,0.37,0.0,0.0,0.0,0.0,0.0,0.0,0.0,0.0,0.0,0.0,1.0,0.0,0.0,0.0,0.0,0.0,0.0,0.0,0.0,0.22452667162431705,20.324615617521484,22.332263655975364
2065,82.56,0.98,1,0.032,0.324,0.069,-0.006,-0.036,0.0,0.0,0.0,0.0,0.0,1.64,0.0,0.0,0.22,0.0,0.34,0.61,0.0,0.08,0.17,0.35,0.0,0.0,0.0,0.0,0.0,0.0,0.0,0.0,0.0,0.0,1.0,0.0,0.0,0.0,0.0,0.0,0.0,0.0,0.0,0.23784796988153373,20.570367036103168,21.866183937761015
2066,82.6,0.98,1,0.028,0.309,0.06,-0.022,-0.021,0.0,0.0,0.0,0.0,0.0,1.77,0.03,0.0,0.31,0.0,0.34,0.45,0.0,0.0,0.2,0.25,0.0,0.0,0.0,0.0,0.0,0.0,0.0,0.0,0.0,0.0,1.0,0.0,0.0,0.0,0.0,0.0,0.0,0.0,0.0,0.2405930013724204,20.241788458533055,22.842942017174536
2067,82.64,0.98,1,-0.014,0.289,0.075,-0.012,-0.045,0.0,0.0,0.0,0.0,0.0,1.81,0.03,0.0,0.35,0.03,0.28,0.39,0.0,0.0,0.2,0.34,0.0,0.0,0.0,0.0,0.0,0.0,0.0,0.0,0.0,0.0,1.0,1.0,0.0,0.0,0.0,0.0,0.0,0.0,0.0,0.2525016206653219,20.946837470129083,22.003636063160105
2068,82.68,0.98,1,-0.011,0.308,0.085,-0.008,-0.058,0.0,0.0,0.0,0.0,0.0,1.73,0.03,0.0,0.34,0.07,0.22,0.23,0.0,0.0,0.11,0.31,0.0,0.0,0.0,0.0,0.0,0.0,0.0,0.0,0.0,0.0,1.0,1.0,0.0,0.0,0.0,0.0,0.0,0.0,0.0,0.24885153483511985,21.891550881561542,23.00782475593901
2069,82.72,0.98,1,-0.014,0.313,0.093,-0.011,-0.067,0.04,0.02,0.0,0.09,0.0,1.59,0.0,0.0,0.22,0.07,0.35,0.23,0.0,0.0,0.06,0.35,0.0,0.0,0.0,0.0,0.0,0.0,0.0,0.0,0.0,0.0,1.0,1.0,0.0,0.0,0.0,0.0,1.0,0.0,0.0,0.2518872320227538,21.832315497903604,22.803508501982943
2070,82.76,0.98,1,-0.012,0.316,0.093,-0.014,-0.072,0.04,0.02,0.0,0.09,0.0,1.51,0.0,0.0,0.08,0.05,0.57,0.22,0.0,0.02,0.0,0.25,0.0,0.0,0.0,0.0,0.0,0.0,0.0,0.0,0.0,0.0,1.0,1.0,0.0,0.0,0.0,0.0,1.0,0.0,0.0,0.24973201775909137,21.722108553268864,23.100865784641194
2071,82.8,0.98,1,-0.012,0.325,0.097,-0.015,-0.076,0.04,0.1,0.0,0.13,0.0,1.64,0.0,0.0,0.0,0.0,0.79,0.33,0.0,0.03,0.0,0.28,0.0,0.0,0.0,0.0,0.0,0.0,0.0,0.0,0.0,0.0,1.0,1.0,0.0,0.0,0.0,0.0,1.0,0.0,0.0,0.24032977019501683,21.811235636708027,22.601991062736182
2072,82.84,0.98,1,-0.016,0.319,0.094,-0.018,-0.077,0.18,0.11,0.0,0.04,0.0,1.5,0.0,0.0,0.0,0.08,0.73,0.38,0.0,0.03,0.0,0.31,0.26,0.0,0.0,0.0,0.0,0.0,0.0,0.0,0.0,0.0,1.0,1.0,0.0,0.0,0.0,0.0,1.0,0.0,0.0,0.263424294519892,21.60231469079181,22.901964981197665
2073,82.88,0.98,1,0.054,0.397,0.075,-0.019,-0.075,0.46,0.23,0.0,0.04,0.0,1.01,0.0,0.0,0.01,0.16,0.8,0.44,0.0,0.01,0.0,0.22,0.74,0.0,1.0,0.0,0.0,0.0,0.0,0.0,0.0,0.0,1.0,1.0,0.0,0.0,0.0,0.0,1.0,0.0,1.0,0.19566261712886696,17.610224302943923,18.777113729218392
2074,82.92,0.98,1,0.012,0.459,0.079,-0.027,-0.072,0.58,0.15,0.0,0.0,0.0,0.77,0.0,0.0,0.02,0.33,0.81,0.46,0.0,0.0,0.0,0.14,1.24,0.0,1.0,0.0,0.0,0.0,0.0,0.0,0.0,0.0,1.0,1.0,0.0,0.0,0.0,0.0,1.0,0.0,1.0,0.1805508094704968,16.461470165207185,20.478769494283547
2075,82.96,0.98,1,0.015,0.423,0.059,-0.025,-0.068,0.53,0.12,0.0,0.0,0.0,0.82,0.0,0.0,0.03,0.25,0.86,0.46,0.0,0.0,0.0,0.0,1.34,0.0,1.0,0.0,0.0,0.0,0.0,0.0,0.0,0.0,1.0,1.0,0.0,0.0,0.0,0.0,1.0,0.0,1.0,0.17990899679002012,15.871042813879804,21.62267328523464
2076,83.0,0.98,1,0.033,0.379,0.074,-0.017,-0.073,0.25,0.0,0.0,0.0,0.0,1.28,0.0,0.0,0.03,0.17,0.64,0.36,0.0,0.0,0.0,0.01,0.86,0.0,1.0,0.0,0.0,0.0,0.0,0.0,0.0,0.0,1.0,1.0,0.0,0.0,0.0,0.0,0.0,0.0,1.0,0.18561028761005427,16.63009320479006,19.93313823761823
2077,83.04,0.98,1,0.043,0.358,0.078,-0.023,-0.074,0.13,0.0,0.0,0.0,0.0,1.53,0.0,0.0,0.09,0.0,0.57,0.16,0.0,0.0,0.0,0.01,0.46,0.0,0.0,0.0,0.0,0.0,0.0,0.0,0.0,0.0,1.0,1.0,0.0,0.0,0.0,0.0,0.0,0.0,1.0,0.19452495490120258,16.207714212682845,18.928285712129295
2078,83.08,0.98,1,0.039,0.375,0.082,-0.025,-0.07,0.0,0.0,0.0,0.0,0.0,1.8,0.04,0.0,0.17,0.0,0.41,0.09,0.0,0.0,0.0,0.04,0.11,0.0,0.0,0.0,0.0,0.0,0.0,0.0,0.0,0.0,1.0,1.0,0.0,0.0,0.0,0.0,0.0,0.0,1.0,0.18952000515284786,15.502902953963172,17.89077974823921
2079,83.12,0.98,1,0.061,0.344,0.079,-0.031,-0.063,0.0,0.0,0.0,0.0,0.0,1.83,0.04,0.0,0.25,0.0,0.36,0.16,0.0,0.0,0.0,0.09,0.25,0.0,0.0,0.0,0.0,0.0,0.0,0.0,0.0,0.0,1.0,1.0,0.0,0.0,0.0,0.0,0.0,0.0,1.0,0.20676352625219785,16.510905486980416,18.97630100941685
2080,83.16,0.98,1,0.052,0.349,0.075,-0.033,-0.059,0.0,0.0,0.0,0.0,0.0,1.81,0.04,0.02,0.3,0.0,0.29,0.22,0.0,0.0,0.0,0.09,0.2,0.0,0.0,0.0,0.0,0.0,1.0,0.0,0.0,0.0,1.0,1.0,0.0,0.0,0.0,0.0,0.0,0.0,1.0,0.19971891919618612,17.518276170902208,19.237463450257724
2081,83.2,0.98,1,0.057,0.341,0.061,-0.031,-0.057,0.0,0.0,0.0,0.0,0.0,1.74,0.0,0.03,0.35,0.03,0.27,0.28,0.0,0.0,0.03,0.06,0.21,0.0,0.0,0.0,0.0,0.0,1.0,0.0,0.0,0.0,1.0,1.0,0.0,0.0,0.0,0.0,0.0,0.0,0.0,0.20076491701519533,18.0,19.525624189766635
2082,83.24,0.98,1,0.065,0.339,0.061,-0.033,-0.057,0.0,0.0,0.0,0.0,0.0,1.67,0.0,0.06,0.43,0.07,0.22,0.28,0.0,0.0,0.03,0.0,0.07,0.0,0.0,0.0,0.0,0.0,1.0,0.0,0.0,0.0,1.0,1.0,0.0,0.0,0.0,0.0,0.0,0.0,0.0,0.2063274670811474,19.402319448972968,19.730686759461815
2083,83.28,0.98,1,0.06,0.345,0.06,-0.032,-0.056,0.0,0.0,0.0,0.0,0.0,1.68,0.0,0.05,0.46,0.12,0.12,0.35,0.0,0.0,0.03,0.0,0.03,0.0,0.0,0.0,0.0,0.0,0.0,0.0,0.0,0.0,1.0,1.0,0.0,0.0,0.0,0.0,0.0,0.0,0.0,0.19574218987730665,18.4024454896626,20.024984394500787
2084,83.32,0.98,1,0.052,0.334,0.057,-0.036,-0.053,0.0,0.0,0.0,0.0,0.0,1.74,0.0,0.08,0.56,0.22,0.06,0.34,0.0,0.0,0.01,0.0,0.0,0.0,0.0,0.0,0.0,0.0,0.0,0.0,0.0,0.0,1.0,0.0,0.0,0.0,0.0,0.0,0.0,0.0,0.0,0.2157824053449982,18.5,21.11918559035849
2085,83.36,0.98,1,0.056,0.332,0.049,-0.035,-0.052,0.0,0.0,0.0,0.0,0.0,1.77,0.0,0.06,0.6,0.17,0.03,0.22,0.0,0.0,0.07,0.01,0.0,0.0,0.0,0.0,0.0,0.0,0.0,0.0,0.0,1.0,1.0,0.0,0.0,0.0,0.0,0.0,0.0,0.0,0.0,0.20174498738193986,18.904232330353825,20.619650821485934
2086,83.4,0.98,1,0.027,0.319,0.042,-0.037,-0.051,0.0,0.0,0.0,0.0,0.0,1.72,0.0,0.04,0.65,0.12,0.03,0.12,0.0,0.0,0.11,0.01,0.1,0.0,0.0,0.0,0.0,0.0,0.0,0.0,0.0,1.0,1.0,0.0,0.0,0.0,0.0,0.0,0.0,0.0,0.0,0.21007728273377302,19.306475597581198,20.102238681301056
2087,83.44,0.98,1,0.02,0.314,0.036,-0.041,-0.048,0.0,0.0,0.0,0.0,0.0,1.61,0.0,0.02,0.64,0.0,0.03,0.04,0.0,0.0,0.18,0.01,0.1,0.0,0.0,0.0,0.0,0.0,0.0,0.0,0.0,1.0,1.0,0.0,0.0,0.0,0.0,0.0,0.0,0.0,0.0,0.20857427316935534,20.015993605114883,20.90598000573051
2088,83.48,0.98,1,0.016,0.32,0.041,-0.043,-0.048,0.0,0.0,0.0,0.0,0.0,1.62,0.0,0.01,0.68,0.0,0.0,0.05,0.0,0.0,0.14,0.0,0.1,0.0,0.0,0.0,0.0,0.0,0.0,0.0,0.0,1.0,1.0,0.0,0.0,0.0,0.0,0.0,0.0,0.0,0.0,0.2059439741414104,20.208908926510652,21.408409562599324
2089,83.52,0.98,1,0.008,0.299,0.048,-0.05,-0.049,0.0,0.0,0.0,0.0,0.0,1.7,0.0,0.0,0.72,0.0,0.0,0.06,0.0,0.0,0.14,0.0,0.0,0.0,0.0,0.0,0.0,0.0,1.0,0.0,0.0,1.0,1.0,0.0,0.0,0.0,0.0,0.0,0.0,0.0,0.0,0.2424900259634347,19.520758181996925,21.70092163941435
2090,83.56,0.98,1,0.014,0.32,0.056,-0.047,-0.054,0.0,0.0,0.0,0.0,0.0,1.83,0.0,0.0,0.73,0.06,0.02,0.09,0.0,0.0,0.12,0.0,0.0,0.0,0.0,0.0,0.0,0.0,1.0,0.0,0.0,1.0,1.0,0.0,0.0,0.0,0.0,0.0,0.0,0.0,0.0,0.2005664580363719,20.41200627082021,21.40093455903256
2091,83.6,0.98,1,0.019,0.324,0.064,-0.051,-0.06,0.0,0.0,0.0,0.0,0.0,1.81,0.0,0.0,0.71,0.08,0.02,0.11,0.0,0.0,0.21,0.02,0.0,0.0,0.0,0.0,0.0,0.0,1.0,0.0,0.0,1.0,1.0,0.0,0.0,0.0,0.0,0.0,0.0,0.0,0.0,0.21993228593984437,20.429635336931586,21.81123563670793
2092,83.64,0.98,1,0.03,0.319,0.058,-0.054,-0.065,0.0,0.0,0.0,0.0,0.0,1.87,0.0,0.01,0.72,0.08,0.14,0.13,0.0,0.0,0.26,0.03,0.0,0.0,0.0,0.0,0.0,0.0,1.0,0.0,0.0,1.0,1.0,0.0,0.0,0.0,0.0,0.0,0.0,0.0,0.0,0.20959816749591922,20.74078108461689,21.71474153656893
2093,83.68,0.98,1,0.026,0.287,0.053,-0.054,-0.074,0.0,0.0,0.0,0.0,0.0,1.84,0.0,0.01,0.67,0.1,0.23,0.17,0.0,0.0,0.23,0.06,0.0,0.0,0.0,0.0,0.0,0.0,1.0,0.0,0.0,1.0,1.0,0.0,0.0,0.0,0.0,0.0,0.0,0.0,0.0,0.2507748287907424,20.706762180505102,21.208488866489333
2094,83.72,0.98,1,0.03,0.31,0.047,-0.052,-0.085,0.0,0.0,0.0,0.07,0.0,1.9,0.0,0.01,0.64,0.1,0.28,0.21,0.0,0.0,0.16,0.08,0.0,0.0,0.0,0.0,0.0,0.0,1.0,0.0,0.0,1.0,1.0,0.0,0.0,0.0,0.0,0.0,0.0,0.0,0.0,0.21357121783860472,21.534158910902327,21.140009460735953
2095,83.76,0.98,1,0.016,0.295,0.051,-0.06,-0.093,0.0,0.0,0.0,0.07,0.0,2.02,0.0,0.01,0.6,0.21,0.16,0.23,0.0,0.01,0.07,0.11,0.0,0.0,0.0,0.0,0.0,0.0,1.0,0.0,0.0,1.0,1.0,0.0,0.0,0.0,0.0,0.0,0.0,0.0,0.0,0.24247319704214976,21.17285998631266,21.83300254202358
2096,83.8,0.98,1,0.024,0.31,0.041,-0.056,-0.098,0.0,0.0,0.0,0.07,0.0,2.08,0.0,0.02,0.58,0.14,0.05,0.22,0.0,0.01,0.05,0.11,0.0,0.0,0.0,0.0,0.0,0.0,1.0,0.0,0.0,1.0,1.0,0.0,0.0,0.0,0.0,0.0,0.0,0.0,0.0,0.20964353475186948,21.35883891975409,22.044500447957535
2097,83.84,0.98,1,0.032,0.309,0.049,-0.056,-0.104,0.0,0.0,0.0,0.0,0.0,2.01,0.0,0.05,0.6,0.26,0.02,0.3,0.0,0.01,0.04,0.12,0.0,0.0,0.0,0.0,0.0,0.0,1.0,0.0,0.0,1.0,1.0,0.0,0.0,0.0,0.0,0.0,0.0,0.0,0.0,0.21884013806410124,21.172859986312673,21.73315439599144
2098,83.88,0.98,1,0.031,0.311,0.047,-0.059,-0.105,0.0,0.0,0.0,0.0,0.0,1.81,0.0,0.1,0.59,0.29,0.07,0.4,0.0,0.0,0.05,0.11,0.0,0.0,0.0,0.0,0.0,0.0,1.0,0.0,0.0,1.0,1.0,0.0,0.0,0.0,0.0,0.0,0.0,0.0,0.0,0.22330638445277567,21.768095920406,22.337860237721923
2099,83.92,0.98,1,0.026,0.321,0.059,-0.061,-0.104,0.0,0.0,0.0,0.0,0.0,1.65,0.0,0.16,0.61,0.38,0.06,0.49,0.0,0.0,0.05,0.09,0.14,0.0,0.0,0.0,0.0,0.0,1.0,0.0,0.0,1.0,1.0,0.0,0.0,0.0,0.0,0.0,0.0,0.0,0.0,0.2242488387647556,21.224985276791042,22.03837562072123
2100,83.96,0.98,1,0.042,0.321,0.048,-0.074,-0.1,0.0,0.01,0.0,0.0,0.0,1.34,0.0,0.26,0.65,0.28,0.05,0.46,0.0,0.0,0.01,0.04,0.73,0.0,0.0,0.0,0.0,0.0,1.0,0.0,0.0,1.0,1.0,0.0,0.0,0.0,0.0,0.0,0.0,0.0,0.0,0.20695985055669197,17.523127574722498,17.76288264893952
2101,84.0,0.98,1,0.085,0.395,0.035,-0.102,-0.098,0.0,0.01,0.0,0.0,0.0,0.83,0.0,0.37,0.76,0.38,0.0,0.35,0.0,0.0,0.06,0.0,1.28,0.0,0.0,0.0,0.0,0.0,1.0,0.0,0.0,1.0,1.0,0.0,0.0,0.0,0.0,0.0,0.0,0.0,1.0,0.18289464112752626,16.11986352299538,23.617789905069536
2102,84.04,0.98,1,0.089,0.397,0.031,-0.132,-0.104,0.0,0.01,0.0,0.0,0.0,0.6,0.0,0.59,0.82,0.44,0.03,0.46,0.0,0.0,0.06,0.0,1.51,0.0,0.0,0.0,0.0,0.0,1.0,0.0,0.0,1.0,1.0,0.0,0.0,0.0,0.0,0.0,0.0,0.0,1.0,0.16854593034550852,15.04027925272666,21.425452153922027
2103,84.08,0.98,1,0.144,0.352,0.024,-0.15,-0.115,0.0,0.1,0.0,0.0,0.0,0.83,0.0,0.83,0.81,0.57,0.04,0.62,0.0,0.0,0.23,0.1,1.07,0.0,0.0,0.0,0.0,0.0,1.0,0.0,0.0,1.0,1.0,0.0,0.0,0.0,0.0,0.0,0.0,0.0,1.0,0.16923476518927683,17.301156030739634,19.334166648707807
2104,84.12,0.98,1,0.184,0.305,0.049,-0.194,-0.13,0.0,0.1,0.0,0.0,0.0,1.38,0.0,1.11,0.76,0.49,0.08,0.87,0.0,0.03,0.28,0.2,0.53,0.0,0.0,0.0,0.0,0.0,1.0,0.0,0.0,1.0,1.0,0.0,0.0,0.0,0.0,0.0,0.0,0.0,1.0,0.22767323420051983,13.42125180450762,17.30028901492699
2105,84.16,0.98,1,0.28,0.304,0.051,-0.242,-0.131,0.0,0.15,0.0,0.0,0.0,1.75,0.0,1.23,0.75,0.34,0.09,0.85,0.0,0.03,0.63,0.35,0.15,0.0,0.0,0.0,0.0,0.0,1.0,0.0,0.0,1.0,0.0,0.0,0.0,0.0,0.0,0.0,0.0,0.0,0.0,0.2303889602069482,19.4283298304307,16.177144370994597
2106,84.2,0.98,1,0.322,0.308,0.062,-0.281,-0.138,0.05,0.15,0.02,0.0,0.0,1.76,0.0,1.18,0.66,0.16,0.22,0.85,0.0,0.03,0.68,0.46,0.0,0.0,0.0,0.0,0.0,0.0,1.0,0.0,0.0,1.0,0.0,0.0,0.0,0.0,0.0,0.0,0.0,0.0,0.0,0.2762328552192531,20.35018427434989,15.110923201446077
2107,84.24,0.98,1,0.312,0.275,0.045,-0.284,-0.152,0.08,0.29,0.07,0.0,0.0,1.72,0.0,1.1,0.53,0.0,0.34,0.8,0.0,0.0,0.72,0.68,0.0,0.0,0.0,0.0,0.0,0.0,1.0,0.0,0.0,1.0,0.0,0.0,0.0,0.0,0.0,0.0,0.0,0.0,0.0,0.32099057484807714,19.19010161515567,15.814234094637609
2108,84.28,0.98,1,0.331,0.253,0.047,-0.3,-0.158,0.16,0.41,0.2,0.05,0.0,1.61,0.0,0.94,0.4,0.0,0.5,0.84,0.0,0.0,0.58,0.82,0.0,0.0,0.0,1.0,1.0,0.0,1.0,0.0,0.0,1.0,0.0,0.0,0.0,0.0,0.0,0.0,0.0,0.0,0.0,0.3484008618100307,18.88094277307149,15.852129194527825
2109,84.32,0.98,1,0.239,0.239,0.027,-0.307,-0.167,0.13,0.32,0.28,0.18,0.0,1.5,0.0,0.93,0.4,0.0,0.56,0.79,0.0,0.0,0.62,0.93,0.0,0.0,0.0,1.0,1.0,0.0,1.0,0.0,0.0,1.0,0.0,0.0,0.0,0.0,0.0,0.0,0.0,0.0,0.0,0.34123881529476935,12.127654348636396,16.196913286178958
2110,84.36,0.98,1,0.233,0.238,0.033,-0.313,-0.174,0.1,0.38,0.25,0.28,0.0,1.39,0.0,0.81,0.45,0.04,0.63,0.74,0.0,0.0,0.8,0.9,0.0,0.0,0.0,1.0,1.0,0.0,1.0,0.0,0.0,1.0,0.0,0.0,0.0,0.0,0.0,0.0,0.0,0.0,0.0,0.3634142693071798,12.841339493993544,16.508179790637246
2111,84.4,0.98,1,0.251,0.256,0.038,-0.309,-0.185,0.08,0.63,0.38,0.28,0.0,1.33,0.0,0.79,0.53,0.07,0.63,0.62,0.0,0.0,0.84,0.99,0.0,0.0,0.0,1.0,1.0,0.0,1.0,0.0,0.0,1.0,0.0,0.0,0.0,0.0,0.0,0.0,0.0,0.0,0.0,0.339531539290179,12.332072007574435,15.748650735856586
2112,84.44,0.98,1,0.24,0.272,0.038,-0.314,-0.19,0.24,1.17,0.33,0.15,0.0,1.06,0.0,0.62,0.5,0.07,0.53,0.49,0.0,0.0,0.91,0.98,0.25,0.0,0.0,1.0,1.0,0.0,1.0,0.0,0.0,1.0,0.0,0.0,0.0,0.0,0.0,0.0,0.0,0.0,0.0,0.3050827747787027,9.815294188153551,14.455794685869176
2113,84.48,0.98,1,0.24,0.343,0.021,-0.291,-0.18,0.44,1.55,0.36,0.04,0.0,0.84,0.0,0.48,0.55,0.02,0.3,0.41,0.0,0.0,0.84,0.99,0.91,0.0,0.0,0.0,0.0,0.0,1.0,0.0,0.0,1.0,0.0,0.0,0.0,0.0,0.0,0.0,0.0,0.0,0.0,0.24725749958740895,12.899999999999864,17.84656829757475
2114,84.52,0.98,1,0.136,0.379,0.05,-0.235,-0.155,0.38,1.36,0.13,0.0,0.0,0.77,0.0,0.25,0.5,0.0,0.1,0.44,0.0,0.0,0.93,1.11,1.39,0.0,0.0,0.0,0.0,0.0,1.0,0.0,0.0,1.0,0.0,0.0,0.0,0.0,0.0,0.0,0.0,0.0,0.0,0.17636766953905947,12.099999999999909,18.36355085488652
2115,84.56,0.98,1,0.161,0.37,0.058,-0.21,-0.137,0.2,0.8,0.08,0.0,0.0,1.28,0.0,0.15,0.59,0.08,0.0,0.49,0.0,0.0,0.82,1.22,1.4,0.0,0.0,0.0,0.0,0.0,1.0,0.0,0.0,1.0,0.0,0.0,0.0,0.0,0.0,0.0,0.0,0.0,0.0,0.1797413412365863,11.315917991926195,18.552627846210946
2116,84.6,0.98,1,0.11,0.341,0.076,-0.178,-0.123,0.01,0.23,0.04,0.0,0.0,1.9,0.0,0.11,0.62,0.17,0.0,0.36,0.0,0.0,0.71,1.28,0.78,0.0,0.0,0.0,0.0,0.0,1.0,0.0,0.0,1.0,1.0,0.0,0.0,0.0,0.0,0.0,0.0,0.0,0.0,0.18663232934251103,15.420765220961076,18.149655644116315
2117,84.64,0.98,1,0.079,0.337,0.079,-0.158,-0.103,0.0,0.0,0.0,0.0,0.0,2.18,0.0,0.18,0.67,0.34,0.0,0.33,0.0,0.0,0.57,1.11,0.29,0.0,0.0,0.0,0.0,0.0,1.0,0.0,0.0,1.0,1.0,0.0,0.0,0.0,0.0,0.0,0.0,0.0,0.0,0.20357400020444869,18.35347378563542,19.31450232338388
2118,84.68,0.98,1,0.064,0.331,0.087,-0.144,-0.085,0.0,0.0,0.0,0.0,0.0,2.36,0.0,0.19,0.64,0.4,0.0,0.28,0.0,0.0,0.57,0.93,0.03,0.0,0.0,0.0,0.0,0.0,1.0,0.0,0.0,1.0,1.0,0.0,0.0,0.0,0.0,0.0,0.0,0.0,0.0,0.22131427664139203,17.194475857088662,19.900753754569152
2119,84.72,0.98,1,0.044,0.309,0.084,-0.122,-0.076,0.0,0.0,0.0,0.0,0.0,2.39,0.0,0.18,0.65,0.37,0.0,0.29,0.0,0.0,0.57,0.84,0.0,0.0,0.0,0.0,0.0,0.0,1.0,0.0,0.0,1.0,1.0,0.0,0.0,0.0,0.0,0.0,0.0,0.0,0.0,0.2320050849187695,17.129214809792074,20.87773934122174
2120,84.76,0.98,1,0.046,0.319,0.101,-0.111,-0.07,0.0,0.0,0.0,0.0,0.0,2.52,0.0,0.19,0.71,0.26,0.0,0.15,0.0,0.0,0.57,0.69,0.0,0.0,0.0,0.0,0.0,0.0,1.0,0.0,0.0,1.0,1.0,0.0,0.0,0.0,0.0,0.0,0.0,0.0,0.0,0.24507335008811465,17.265283084849827,20.961154548354532
2121,84.8,0.98,1,0.041,0.302,0.088,-0.1,-0.062,0.0,0.0,0.0,0.0,0.0,2.41,0.0,0.18,0.75,0.13,0.0,0.04,0.0,0.0,0.57,0.68,0.0,0.0,0.0,0.0,0.0,0.0,1.0,0.0,0.0,1.0,1.0,0.0,0.0,0.0,0.0,0.0,0.0,0.0,0.0,0.2548607135199014,17.149344010777703,21.83300254202335
2122,84.84,0.98,1,0.02,0.31,0.095,-0.086,-0.064,0.0,0.0,0.0,0.0,0.0,2.1,0.0,0.18,0.71,0.06,0.0,0.09,0.0,0.0,0.63,0.62,0.0,0.0,0.0,0.0,0.0,0.0,1.0,0.0,0.0,1.0,1.0,0.0,0.0,0.0,0.0,0.0,0.0,0.0,0.0,0.24610870467485274,17.042300314218142,21.714741536569157
2123,84.88,0.98,1,0.021,0.303,0.099,-0.076,-0.065,0.0,0.0,0.0,0.0,0.0,1.92,0.0,0.1,0.7,0.01,0.0,0.09,0.0,0.0,0.6,0.68,0.0,0.0,0.0,0.0,0.0,0.0,1.0,0.0,0.0,1.0,1.0,0.0,0.0,0.0,0.0,0.0,0.0,0.0,0.0,0.24774592481645585,17.256882684888414,22.302017845925917
2124,84.92,0.98,1,0.013,0.306,0.103,-0.077,-0.061,0.0,0.0,0.0,0.0,0.0,1.88,0.0,0.05,0.69,0.03,0.0,0.12,0.0,0.0,0.6,0.72,0.0,0.0,0.0,0.0,0.0,0.0,0.0,0.0,0.0,1.0,1.0,0.0,0.0,0.0,0.0,0.0,0.0,0.0,0.0,0.2465116280825696,16.858232410309167,22.60022123785508
2125,84.96,0.98,1,0.01,0.292,0.089,-0.067,-0.059,0.0,0.0,0.0,0.0,0.0,1.99,0.0,0.07,0.71,0.17,0.0,0.15,0.0,0.0,0.57,0.76,0.0,0.0,0.0,0.0,0.0,0.0,0.0,0.0,0.0,1.0,1.0,0.0,0.0,0.0,0.0,0.0,0.0,0.0,0.0,0.2277971477060462,16.957889019568306,22.90087334579195
2126,85.0,0.98,1,0.009,0.304,0.103,-0.066,-0.062,0.0,0.0,0.0,0.0,0.0,1.89,0.0,0.17,0.7,0.27,0.01,0.12,0.0,0.0,0.59,0.79,0.0,0.0,0.0,0.0,0.0,0.0,0.0,0.0,0.0,1.0,1.0,0.0,0.0,0.0,0.0,0.0,0.0,0.0,0.0,0.24480982076378854,17.149344010777696,22.90087334579195
2127,85.04,0.98,1,0.014,0.287,0.088,-0.061,-0.063,0.0,0.0,0.0,0.0,0.0,1.84,0.0,0.17,0.66,0.37,0.03,0.09,0.0,0.0,0.54,0.82,0.0,0.0,0.0,0.0,0.0,0.0,0.0,0.0,0.0,1.0,1.0,0.0,0.0,0.0,0.0,0.0,0.0,0.0,0.0,0.2473204001975079,17.049633427144407,22.402008838494684
2128,85.08,0.98,1,0.015,0.296,0.095,-0.056,-0.069,0.0,0.0,0.0,0.0,0.0,1.77,0.0,0.1,0.61,0.42,0.1,0.14,0.0,0.04,0.36,0.69,0.0,0.0,0.0,0.0,0.0,0.0,0.0,0.0,0.0,1.0,1.0,0.0,0.0,0.0,0.0,0.0,0.0,0.0,0.0,0.24364676020556628,17.256882684888186,22.600884938426546
2129,85.12,0.98,1,0.01,0.296,0.085,-0.051,-0.067,0.0,0.0,0.0,0.0,0.0,1.87,0.0,0.0,0.52,0.5,0.33,0.35,0.0,0.1,0.17,0.55,0.0,0.0,0.0,0.0,0.0,0.0,0.0,0.0,0.0,1.0,1.0,0.0,0.0,0.0,0.0,0.0,0.0,0.0,0.0,0.23510534278407752,17.34156855650602,22.60022123785508
2130,85.16,0.98,1,0.01,0.296,0.091,-0.052,-0.071,0.0,0.0,0.0,0.0,0.0,1.84,0.0,0.0,0.48,0.51,0.5,0.56,0.0,0.14,0.02,0.33,0.0,0.0,0.0,0.0,0.0,0.0,0.0,0.0,0.0,0.0,1.0,0.0,0.0,0.0,0.0,0.0,0.0,0.0,0.0,0.24193507919779705,17.2652830848496,23.000869548780106
2131,85.2,0.98,1,0.016,0.287,0.08,-0.054,-0.068,0.0,0.0,0.0,0.0,0.0,1.94,0.0,0.02,0.43,0.43,0.63,0.61,0.0,0.1,0.0,0.23,0.11,0.0,0.0,0.0,0.0,0.0,0.0,0.0,0.0,0.0,1.0,0.0,0.0,0.0,0.0,0.0,0.0,0.0,0.0,0.23929487049658982,17.348775172905043,23.100865784641194
2132,85.24,0.98,1,-0.014,0.338,0.084,-0.049,-0.07,0.11,0.03,0.0,0.0,0.0,1.5,0.0,0.07,0.49,0.41,0.56,0.59,0.0,0.03,0.0,0.12,0.8,0.0,0.0,0.0,0.0,0.0,0.0,0.0,0.0,0.0,1.0,0.0,0.0,0.0,0.0,0.0,0.0,0.0,1.0,0.2138391153245674,19.10104709171716,19.366207682455723
2133,85.28,0.98,1,0.046,0.423,0.057,-0.067,-0.057,0.24,0.03,0.0,0.0,0.0,1.17,0.0,0.14,0.55,0.47,0.54,0.59,0.0,0.0,0.0,0.05,1.53,0.0,0.0,0.0,0.0,0.0,0.0,0.0,0.0,0.0,1.0,0.0,0.0,0.0,0.0,0.0,0.0,0.0,1.0,0.18375894074218496,16.025292509030848,20.044201156444085
2134,85.32,0.98,1,0.037,0.433,0.062,-0.06,-0.058,0.41,0.03,0.0,0.0,0.0,0.79,0.0,0.22,0.59,0.62,0.56,0.71,0.0,0.0,0.0,0.08,1.91,0.0,0.0,0.0,0.0,0.0,0.0,0.0,0.0,0.0,1.0,0.0,0.0,0.0,0.0,0.0,0.0,0.0,1.0,0.1788289787920916,17.241809649801667,19.513328778042837
2135,85.36,0.98,1,0.041,0.384,0.058,-0.054,-0.059,0.37,0.0,0.0,0.0,0.0,1.13,0.0,0.17,0.53,0.68,0.51,0.76,0.0,0.0,0.0,0.17,1.6,0.0,0.0,0.0,0.0,0.0,0.0,0.0,0.0,0.0,1.0,0.0,0.0,0.0,0.0,0.0,0.0,0.0,1.0,0.19138877974114388,17.93376703316967,19.857995870681457
2136,85.4,0.98,1,0.008,0.326,0.047,-0.041,-0.062,0.3,0.0,0.0,0.02,0.0,1.46,0.0,0.15,0.49,0.67,0.39,0.78,0.0,0.01,0.0,0.32,1.06,0.0,1.0,0.0,0.0,0.0,0.0,0.0,0.0,0.0,1.0,0.0,0.0,0.0,0.0,0.0,0.0,0.0,1.0,0.2016524045310079,16.015305179733538,20.319448811422077
2137,85.44,0.98,1,0.01,0.338,0.068,-0.04,-0.067,0.14,0.0,0.0,0.02,0.0,1.68,0.0,0.09,0.47,0.53,0.31,0.77,0.0,0.02,0.0,0.34,0.73,0.0,0.0,0.0,0.0,0.0,0.0,0.0,0.0,0.0,1.0,0.0,0.0,0.0,0.0,0.0,0.0,0.0,0.0,0.19892706987025374,17.100292395161105,17.947980387776187
2138,85.48,0.98,1,0.021,0.303,0.055,-0.04,-0.065,0.07,0.02,0.0,0.02,0.0,1.62,0.0,0.17,0.5,0.44,0.33,0.72,0.0,0.02,0.0,0.32,0.35,0.0,0.0,0.0,0.0,0.0,0.0,0.0,0.0,0.0,1.0,0.0,1.0,0.0,0.0,0.0,0.0,0.0,0.0,0.1992186946843888,21.015232570685487,18.07097119692243
2139,85.52,0.98,1,0.008,0.308,0.064,-0.041,-0.066,0.07,0.05,0.0,0.0,0.0,1.56,0.0,0.21,0.5,0.35,0.45,0.71,0.0,0.01,0.0,0.26,0.21,0.0,0.0,0.0,0.0,0.0,0.0,0.0,0.0,1.0,1.0,0.0,0.0,0.0,0.0,0.0,0.0,0.0,0.0,0.21863055334719161,20.503902067655318,19.22602402994446
2140,85.56,0.98,1,0.006,0.309,0.067,-0.04,-0.067,0.07,0.05,0.0,0.0,0.0,1.56,0.0,0.17,0.5,0.29,0.36,0.65,0.0,0.02,0.0,0.2,0.04,0.0,0.0,0.0,0.0,0.0,0.0,0.0,0.0,1.0,1.0,0.0,0.0,0.0,0.0,0.0,0.0,0.0,0.0,0.2288693503772375,20.300246303924673,20.324615617521484
2141,85.6,0.98,1,0.019,0.294,0.059,-0.036,-0.067,0.09,0.02,0.0,0.0,0.0,1.56,0.0,0.11,0.49,0.18,0.37,0.58,0.0,0.07,0.0,0.22,0.04,0.0,0.0,0.0,0.0,0.0,0.0,0.0,0.0,1.0,1.0,0.0,0.0,0.0,0.0,0.0,0.0,0.0,0.0,0.23244222980667512,20.302216627747775,20.74728897952698
2142,85.64,0.98,1,-0.004,0.286,0.062,-0.037,-0.067,0.02,0.0,0.0,0.0,0.0,1.63,0.0,0.07,0.54,0.09,0.27,0.57,0.0,0.09,0.0,0.2,0.0,0.0,0.0,0.0,0.0,0.0,0.0,0.0,0.0,1.0,1.0,0.0,0.0,0.0,0.0,0.0,0.0,0.0,0.0,0.25311691936531117,20.529490982486628,20.529490982486635
2143,85.68,0.98,1,0.006,0.286,0.059,-0.036,-0.066,0.02,0.0,0.0,0.0,0.0,1.73,0.0,0.07,0.51,0.06,0.34,0.57,0.0,0.09,0.0,0.16,0.0,0.0,0.0,0.0,0.0,0.0,1.0,0.0,0.0,1.0,1.0,0.0,0.0,0.0,0.0,0.0,0.0,0.0,0.0,0.25421556209348756,20.554804791094465,20.130076999355875
2144,85.72,0.98,1,-0.008,0.301,0.071,-0.035,-0.071,0.0,0.0,0.0,0.0,0.0,1.9,0.0,0.05,0.51,0.07,0.32,0.6,0.0,0.04,0.0,0.15,0.15,0.0,0.0,0.0,0.0,0.0,1.0,0.0,0.0,1.0,1.0,0.0,0.0,0.0,0.0,0.0,0.0,0.0,0.0,0.25109269134755074,20.570367036103168,21.215088969881837
2145,85.76,0.98,1,-0.017,0.333,0.056,-0.029,-0.067,0.06,0.0,0.0,0.0,0.0,1.88,0.0,0.0,0.44,0.21,0.38,0.65,0.0,0.03,0.0,0.07,0.32,0.0,0.0,0.0,0.0,0.0,1.0,0.0,0.0,1.0,1.0,0.0,0.0,0.0,0.0,0.0,0.0,0.0,0.0,0.21741051194807384,19.509228585466932,20.015993605114883
2146,85.8,0.98,1,-0.012,0.339,0.059,-0.026,-0.069,0.22,0.01,0.0,0.0,0.0,1.91,0.0,0.0,0.42,0.3,0.38,0.71,0.0,0.0,0.0,0.13,0.5,0.0,0.0,0.0,0.0,0.0,1.0,0.0,0.0,1.0,1.0,0.0,0.0,0.0,0.0,0.0,0.0,0.0,0.0,0.21354486544987017,19.40644222932155,19.237463450257724
2147,85.84,0.98,1,-0.015,0.342,0.059,-0.025,-0.07,0.27,0.05,0.0,0.0,0.0,1.84,0.0,0.0,0.39,0.41,0.36,0.72,0.0,0.0,0.0,0.07,0.63,0.0,0.0,0.0,0.0,0.0,1.0,0.0,0.0,1.0,1.0,0.0,0.0,0.0,0.0,0.0,0.0,0.0,0.0,0.21466303891776262,18.81302740124531,18.732325002519087
2148,85.88,0.98,1,-0.011,0.329,0.061,-0.022,-0.075,0.28,0.05,0.0,0.0,0.0,1.81,0.0,0.0,0.4,0.4,0.27,0.7,0.0,0.0,0.0,0.07,0.59,0.0,0.0,0.0,0.0,0.0,1.0,0.0,0.0,1.0,1.0,0.0,0.0,0.0,0.0,0.0,0.0,0.0,0.0,0.21266506192881235,19.601020381602495,18.944656238633723
2149,85.92,0.98,1,-0.015,0.331,0.053,-0.023,-0.072,0.18,0.04,0.0,0.0,0.0,1.71,0.0,0.01,0.41,0.47,0.24,0.61,0.0,0.0,0.0,0.0,0.64,0.0,0.0,0.0,0.0,0.0,1.0,0.0,0.0,1.0,1.0,0.0,0.0,0.0,0.0,0.0,0.0,0.0,0.0,0.22526082287927154,19.016834647227707,19.35071058126802
2150,85.96,0.98,1,-0.005,0.338,0.066,-0.025,-0.076,0.18,0.02,0.0,0.0,0.0,1.81,0.0,0.03,0.5,0.53,0.15,0.72,0.0,0.0,0.0,0.01,0.54,0.0,0.0,0.0,0.0,0.0,1.0,0.0,0.0,1.0,1.0,0.0,0.0,0.0,0.0,0.0,0.0,0.0,0.0,0.22240373105172015,19.004210059878837,18.432851108821854
2151,86.0,0.98,1,-0.011,0.342,0.057,-0.027,-0.074,0.32,0.09,0.0,0.0,0.0,1.99,0.0,0.06,0.57,0.6,0.15,0.69,0.0,0.0,0.0,0.03,0.71,0.0,0.0,0.0,0.0,0.0,1.0,0.0,0.0,1.0,1.0,0.0,0.0,0.0,0.0,0.0,0.0,0.0,0.0,0.2059578684658499,18.106904760339493,18.42715387682003
2152,86.04,0.98,1,-0.008,0.353,0.068,-0.026,-0.075,0.42,0.09,0.0,0.0,0.0,2.02,0.0,0.1,0.63,0.62,0.17,0.71,0.0,0.0,0.0,0.03,0.64,0.0,0.0,0.0,0.0,0.0,1.0,0.0,0.0,1.0,1.0,0.0,0.0,0.0,0.0,0.0,0.0,0.0,0.0,0.21349404884414638,18.00444389588304,18.32730203821628
2153,86.08,0.98,1,-0.018,0.362,0.07,-0.023,-0.077,0.45,0.07,0.0,0.0,0.0,1.9,0.0,0.08,0.59,0.53,0.25,0.58,0.0,0.0,0.0,0.04,0.7,0.0,0.0,0.0,0.0,0.0,1.0,0.0,0.0,1.0,1.0,0.0,0.0,0.0,0.0,0.0,0.0,0.0,0.0,0.21107131812884267,18.20988742414388,18.732325002519087
2154,86.12,0.98,1,-0.012,0.371,0.076,-0.022,-0.078,0.37,0.0,0.0,0.0,0.0,1.38,0.0,0.05,0.61,0.55,0.29,0.54,0.0,0.0,0.0,0.03,0.98,0.0,0.0,0.0,0.0,0.0,1.0,0.0,0.0,1.0,1.0,0.0,0.0,0.0,0.0,0.0,0.0,0.0,0.0,0.20222333829636363,18.31747799234377,18.569060288555264
2155,86.16,0.98,1,0.024,0.405,0.067,-0.034,-0.073,0.47,0.0,0.0,0.0,0.0,0.92,0.0,0.08,0.68,0.62,0.28,0.5,0.0,0.0,0.0,0.03,1.64,0.0,0.0,0.0,0.0,0.0,1.0,0.0,0.0,1.0,1.0,0.0,0.0,0.0,0.0,0.0,0.0,0.0,1.0,0.2098243776519826,19.00026315607234,22.480435938833434
2156,86.2,0.98,1,0.069,0.447,0.072,-0.041,-0.072,0.5,0.01,0.0,0.0,0.0,0.54,0.0,0.21,0.72,0.78,0.33,0.54,0.0,0.0,0.0,0.01,2.1,0.0,0.0,0.0,0.0,0.0,1.0,0.0,0.0,1.0,1.0,0.0,0.0,0.0,0.0,0.0,0.0,0.0,1.0,0.18077646228155442,16.68682114724086,20.181427105138038
2157,86.24,0.98,1,0.029,0.442,0.072,-0.037,-0.074,0.45,0.06,0.0,0.0,0.0,0.68,0.0,0.25,0.68,0.77,0.36,0.57,0.0,0.0,0.0,0.0,1.93,0.0,0.0,0.0,0.0,0.0,1.0,0.0,0.0,1.0,1.0,0.0,0.0,0.0,0.0,0.0,0.0,0.0,1.0,0.18261398473754487,17.513994404475522,23.058620947489548
2158,86.28,0.98,1,0.028,0.385,0.067,-0.023,-0.077,0.19,0.06,0.0,0.06,0.0,1.14,0.0,0.22,0.61,0.6,0.28,0.52,0.0,0.0,0.0,0.06,1.23,0.0,0.0,0.0,0.0,0.0,1.0,0.0,0.0,1.0,1.0,0.0,0.0,0.0,0.0,0.0,0.0,0.0,1.0,0.1866271652582854,18.301092863542284,19.900753754569152
2159,86.32,0.98,1,0.01,0.314,0.061,-0.024,-0.078,0.11,0.06,0.0,0.06,0.0,1.55,0.0,0.13,0.59,0.5,0.21,0.4,0.0,0.0,0.04,0.18,0.56,0.0,0.0,0.0,0.0,0.0,1.0,0.0,0.0,1.0,1.0,0.0,0.0,0.0,0.0,0.0,0.0,0.0,1.0,0.19941285829688862,16.201234520862954,17.836199146679256
2160,86.36,0.98,1,0.009,0.333,0.072,-0.023,-0.082,0.02,0.0,0.0,0.06,0.0,1.71,0.0,0.08,0.6,0.45,0.08,0.25,0.0,0.0,0.21,0.36,0.21,0.0,0.0,0.0,0.0,0.0,1.0,0.0,0.0,1.0,1.0,0.0,0.0,0.0,0.0,0.0,0.0,0.0,0.0,0.20598428659173537,18.20988742414388,18.50837648201493
2161,86.4,0.98,1,0.008,0.317,0.078,-0.022,-0.086,0.02,0.0,0.0,0.0,0.0,1.76,0.0,0.03,0.62,0.43,0.09,0.14,0.0,0.0,0.42,0.54,0.09,0.0,0.0,0.0,0.0,0.0,1.0,0.0,0.0,1.0,1.0,0.0,0.0,0.0,0.0,1.0,0.0,0.0,0.0,0.2182297482603628,19.902261178067043,19.137659209004777
2162,86.44,0.98,1,0.01,0.308,0.081,-0.022,-0.085,0.0,0.04,0.0,0.0,0.0,1.76,0.0,0.0,0.63,0.42,0.1,0.15,0.0,0.0,0.48,0.69,0.08,0.0,0.0,0.0,0.0,0.0,1.0,0.0,0.0,1.0,1.0,0.0,0.0,0.0,0.0,1.0,0.0,0.0,0.0,0.2413731370901073,19.004210059878837,20.04220546746291
2163,86.48,0.98,1,0.003,0.308,0.079,-0.024,-0.084,0.05,0.04,0.0,0.1,0.0,1.8,0.0,0.0,0.66,0.33,0.15,0.24,0.0,0.0,0.45,0.76,0.0,0.0,0.0,0.0,0.0,0.0,1.0,0.0,0.0,1.0,1.0,0.0,0.0,0.0,0.0,1.0,0.0,0.0,0.0,0.24238450591854274,18.706683297688066,20.619650821485706
2164,86.52,0.98,1,0.009,0.307,0.079,-0.022,-0.088,0.15,0.1,0.0,0.25,0.0,1.7,0.0,0.0,0.64,0.31,0.14,0.24,0.0,0.0,0.39,0.71,0.0,0.0,0.0,0.0,0.0,0.0,1.0,0.0,0.0,1.0,1.0,0.0,0.0,0.0,0.0,1.0,0.0,0.0,0.0,0.24134431567113865,19.10942175995905,20.415680248279617
2165,86.56,0.98,1,0.001,0.299,0.073,-0.021,-0.087,0.22,0.09,0.0,0.37,0.0,1.68,0.0,0.0,0.64,0.31,0.12,0.27,0.0,0.0,0.42,0.62,0.0,0.0,0.0,0.0,1.0,0.0,1.0,0.0,0.0,1.0,1.0,0.0,0.0,0.0,0.0,1.0,0.0,0.0,0.0,0.24741930838613196,20.120139164528794,21.30586773637718
2166,86.6,0.98,1,0.001,0.307,0.078,-0.023,-0.083,0.19,0.17,0.0,0.29,0.0,1.76,0.0,0.07,0.6,0.4,0.13,0.2,0.0,0.0,0.45,0.58,0.0,0.0,0.0,0.0,1.0,0.0,1.0,0.0,0.0,1.0,1.0,0.0,0.0,0.0,0.0,1.0,0.0,0.0,0.0,0.24971575413303237,20.12486024796188,21.10852908186632
2167,86.64,0.98,1,-0.001,0.324,0.084,-0.027,-0.081,0.09,0.12,0.0,0.21,0.0,1.77,0.0,0.07,0.58,0.44,0.16,0.18,0.0,0.0,0.5,0.54,0.0,0.0,0.0,0.0,1.0,0.0,1.0,0.0,0.0,1.0,1.0,0.0,0.0,0.0,0.0,1.0,0.0,0.0,0.0,0.23419482671967595,21.23982109152528,20.803845798313304
2168,86.68,0.98,1,0.014,0.312,0.07,-0.025,-0.08,0.02,0.09,0.0,0.09,0.0,1.89,0.0,0.1,0.57,0.32,0.22,0.08,0.0,0.0,0.53,0.57,0.0,0.0,0.0,0.0,0.0,0.0,1.0,0.0,0.0,1.0,1.0,0.0,0.0,0.0,0.0,1.0,0.0,0.0,0.0,0.23500421273080213,21.034257771549722,21.50209292138791
2169,86.72,0.98,1,0.007,0.312,0.077,-0.025,-0.081,0.07,0.07,0.0,0.08,0.0,1.9,0.0,0.03,0.54,0.27,0.25,0.01,0.0,0.0,0.54,0.6,0.0,0.0,0.0,0.0,0.0,0.0,1.0,0.0,0.0,1.0,1.0,0.0,0.0,0.0,0.0,1.0,0.0,0.0,0.0,0.24550640598126847,21.433618453261783,21.80206412246345
2170,86.76,0.98,1,0.004,0.308,0.081,-0.024,-0.082,0.17,0.22,0.0,0.0,0.0,2.08,0.0,0.03,0.51,0.26,0.31,0.01,0.0,0.0,0.54,0.74,0.0,0.0,0.0,0.0,0.0,0.0,1.0,0.0,0.0,1.0,1.0,0.0,0.0,0.0,0.0,1.0,0.0,0.0,0.0,0.25034123730686897,21.333776037073413,21.70092163941435
2171,86.8,0.98,1,0.0,0.315,0.082,-0.019,-0.082,0.21,0.38,0.0,0.0,0.0,2.04,0.0,0.01,0.47,0.33,0.29,0.01,0.0,0.0,0.6,0.82,0.0,0.0,0.0,0.0,0.0,0.0,1.0,0.0,0.0,1.0,1.0,0.0,0.0,0.0,0.0,1.0,0.0,0.0,0.0,0.22367331635416035,22.450167037240366,21.900228309312304
2172,86.84,0.98,1,-0.005,0.315,0.08,-0.023,-0.079,0.2,0.35,0.0,0.0,0.0,2.04,0.0,0.0,0.47,0.24,0.36,0.01,0.0,0.0,0.67,0.9,0.0,0.0,0.0,0.0,0.0,0.0,1.0,0.0,0.0,1.0,1.0,0.0,0.0,0.0,0.0,1.0,0.0,0.0,0.0,0.22539684238110902,22.679726629745918,21.900228309312304
2173,86.88,0.98,1,-0.011,0.318,0.088,-0.024,-0.079,0.1,0.19,0.0,0.12,0.0,1.89,0.0,0.0,0.46,0.16,0.34,0.01,0.0,0.0,0.66,0.86,0.0,0.0,0.0,0.0,0.0,0.0,1.0,0.0,0.0,1.0,1.0,0.0,0.0,0.0,0.0,1.0,0.0,0.0,0.0,0.23179349736243396,22.771253808255757,22.200900882621905
2174,86.92,0.98,1,-0.006,0.306,0.077,-0.019,-0.081,0.05,0.03,0.0,0.16,0.0,1.93,0.0,0.0,0.49,0.18,0.36,0.0,0.0,0.0,0.57,0.81,0.0,0.0,0.0,0.0,0.0,0.0,1.0,0.0,0.0,1.0,1.0,0.0,0.0,0.0,0.0,1.0,0.0,0.0,0.0,0.22509635406866538,22.47220505424432,23.000217390276987
2175,86.96,0.98,1,-0.007,0.317,0.074,-0.022,-0.077,0.01,0.0,0.0,0.19,0.0,1.84,0.0,0.02,0.51,0.3,0.29,0.0,0.0,0.0,0.52,0.8,0.0,0.0,0.0,0.0,0.0,0.0,1.0,0.0,0.0,1.0,1.0,0.0,0.0,0.0,0.0,1.0,0.0,0.0,0.0,0.2219397098849704,22.281157959136728,22.50022222112484
2176,87.0,0.98,1,-0.011,0.314,0.079,-0.021,-0.08,0.01,0.0,0.0,0.07,0.0,1.89,0.0,0.02,0.51,0.39,0.2,0.0,0.0,0.0,0.55,0.78,0.0,0.0,0.0,0.0,0.0,0.0,1.0,0.0,0.0,1.0,1.0,0.0,0.0,0.0,0.0,1.0,0.0,0.0,0.0,0.23765714447564462,22.49822215198334,22.10203610530048
2177,87.04,0.98,1,0.005,0.299,0.067,-0.019,-0.08,0.05,0.06,0.0,0.1,0.0,1.9,0.01,0.02,0.46,0.35,0.17,0.0,0.0,0.0,0.63,0.88,0.0,0.0,0.0,0.0,0.0,0.0,1.0,0.0,0.0,1.0,1.0,0.0,0.0,0.0,0.0,1.0,0.0,0.0,0.0,0.2307287647563005,22.20923231451271,23.10086578464097
2178,87.08,0.98,1,-0.002,0.305,0.069,-0.018,-0.078,0.05,0.06,0.0,0.09,0.0,2.04,0.01,0.0,0.43,0.28,0.08,0.02,0.0,0.0,0.64,0.87,0.0,0.0,0.0,0.0,0.0,0.0,1.0,0.0,0.0,1.0,1.0,0.0,0.0,0.0,0.0,1.0,0.0,0.0,0.0,0.2346417397957685,22.08189303479211,22.801973598791793
2179,87.12,0.98,1,-0.019,0.298,0.061,-0.017,-0.078,0.1,0.09,0.0,0.22,0.0,2.16,0.01,0.02,0.43,0.21,0.16,0.01,0.0,0.0,0.64,0.95,0.0,0.0,0.0,0.0,0.0,0.0,1.0,0.0,0.0,1.0,1.0,0.0,0.0,0.0,0.0,1.0,0.0,0.0,0.0,0.22369836338886157,22.67972662974569,21.900913222968672
2180,87.16,0.98,1,-0.037,0.307,0.081,-0.02,-0.081,0.05,0.07,0.0,0.25,0.0,2.23,0.03,0.02,0.46,0.22,0.14,0.01,0.0,0.0,0.6,0.9,0.0,0.0,0.0,0.0,0.0,0.0,1.0,0.0,0.0,1.0,1.0,0.0,0.0,0.0,0.0,1.0,0.0,0.0,0.0,0.242785388143247,22.863289352146992,22.10090495884741
2181,87.2,0.98,1,-0.032,0.297,0.068,-0.018,-0.081,0.05,0.07,0.0,0.36,0.0,2.32,0.03,0.02,0.5,0.15,0.13,0.02,0.0,0.0,0.61,0.85,0.0,0.0,0.0,0.0,0.0,0.0,1.0,0.0,0.0,1.0,1.0,0.0,0.0,0.0,0.0,1.0,0.0,0.0,0.0,0.2344728062020768,22.87094226305505,22.400892839348924
2182,87.24,0.98,1,-0.029,0.292,0.066,-0.019,-0.081,0.0,0.04,0.0,0.44,0.0,2.3,0.02,0.0,0.48,0.14,0.05,0.04,0.0,0.0,0.55,0.73,0.0,0.0,0.0,0.0,0.0,0.0,1.0,0.0,0.0,1.0,1.0,0.0,0.0,0.0,0.0,0.0,0.0,0.0,0.0,0.23938586595475914,22.87094226305505,21.900228309312077
2183,87.28,0.98,1,-0.041,0.298,0.07,-0.016,-0.082,0.0,0.1,0.0,0.49,0.0,2.27,0.0,0.0,0.48,0.18,0.01,0.07,0.0,0.0,0.53,0.65,0.0,0.0,0.0,0.0,0.0,0.0,1.0,0.0,0.0,1.0,1.0,0.0,0.0,0.0,0.0,0.0,0.0,0.0,0.0,0.23713843834454942,23.35487101227512,22.20202693449411
2184,87.32,0.98,1,-0.021,0.296,0.068,-0.023,-0.084,0.0,0.1,0.0,0.43,0.0,2.05,0.0,0.0,0.46,0.25,0.01,0.04,0.0,0.0,0.46,0.63,0.0,0.0,0.0,0.0,0.0,0.0,1.0,0.0,0.0,1.0,1.0,0.0,0.0,0.0,0.0,0.0,0.0,0.0,0.0,0.24082661993997,22.955827146936002,22.503555274667157
2185,87.36,0.98,1,-0.03,0.301,0.079,-0.02,-0.086,0.0,0.16,0.0,0.41,0.0,1.91,0.0,0.0,0.45,0.23,0.0,0.05,0.0,0.0,0.41,0.57,0.0,0.0,0.0,0.0,0.0,0.0,1.0,0.0,0.0,1.0,1.0,0.0,0.0,0.0,0.0,0.0,0.0,0.0,0.0,0.24087895482606658,22.796929617823583,23.60084744241203
2186,87.4,0.98,1,-0.024,0.292,0.06,-0.012,-0.085,0.0,0.06,0.0,0.26,0.0,1.81,0.0,0.0,0.4,0.08,0.05,0.19,0.0,0.0,0.4,0.69,0.0,0.0,0.0,0.0,1.0,0.0,0.0,0.0,0.0,1.0,1.0,0.0,0.0,0.0,0.0,0.0,0.0,0.0,0.0,0.22924126115774288,22.671568097509173,23.70189865812446
2187,87.44,0.98,1,-0.032,0.296,0.074,-0.025,-0.065,0.0,0.06,0.0,0.34,0.0,1.92,0.0,0.0,0.38,0.0,0.05,0.24,0.0,0.0,0.42,0.73,0.0,0.0,0.0,0.0,1.0,0.0,0.0,0.0,0.0,1.0,1.0,0.0,0.0,0.0,0.0,0.0,0.0,0.0,0.0,0.23327157645493385,22.978685776171012,22.903493183355106
2188,87.48,0.98,1,-0.027,0.293,0.072,-0.02,-0.079,0.0,0.03,0.0,0.4,0.0,2.04,0.02,0.0,0.39,0.0,0.05,0.29,0.0,0.0,0.47,0.82,0.0,0.0,0.0,0.0,1.0,0.0,0.0,0.0,0.0,1.0,1.0,0.0,0.0,0.0,0.0,0.0,0.0,0.0,0.0,0.24007630198498364,22.8875512014719,23.503404008781366
2189,87.52,0.98,1,-0.024,0.284,0.061,-0.016,-0.08,0.0,0.03,0.0,0.43,0.0,2.18,0.02,0.0,0.37,0.04,0.12,0.2,0.0,0.0,0.39,0.73,0.0,0.0,0.0,0.0,1.0,0.0,0.0,0.0,0.0,1.0,1.0,0.0,0.0,0.0,0.0,0.0,0.0,0.0,0.0,0.23836831708180556,22.796929617823583,23.403418553707155
2190,87.56,0.98,1,-0.034,0.302,0.076,-0.013,-0.086,0.0,0.04,0.0,0.27,0.0,2.04,0.02,0.0,0.34,0.04,0.12,0.32,0.0,0.0,0.26,0.62,0.0,0.0,0.0,0.0,1.0,0.0,1.0,0.0,0.0,1.0,1.0,0.0,0.0,0.0,0.0,0.0,0.0,0.0,0.0,0.2257986203690637,22.89650628371058,22.80087717610877
2191,87.6,0.98,1,-0.036,0.284,0.064,-0.024,-0.065,0.0,0.01,0.0,0.1,0.0,2.04,0.03,0.0,0.34,0.04,0.16,0.27,0.0,0.0,0.21,0.65,0.0,0.0,0.0,0.0,1.0,0.0,1.0,0.0,0.0,1.0,1.0,0.0,0.0,0.0,0.0,0.0,0.0,0.0,0.0,0.23937695113578317,21.991134577369902,22.80789337049781
2192,87.64,0.98,1,-0.038,0.288,0.066,-0.014,-0.08,0.0,0.02,0.0,0.2,0.0,1.86,0.03,0.0,0.4,0.06,0.07,0.24,0.0,0.0,0.16,0.59,0.0,0.0,0.0,0.0,0.0,0.0,1.0,0.0,0.0,1.0,1.0,0.0,0.0,0.0,0.0,0.0,0.0,0.0,0.0,0.23368307329645402,23.15534495532286,22.302017845925917
2193,87.68,0.98,1,-0.042,0.266,0.057,-0.014,-0.081,0.04,0.01,0.0,0.2,0.0,1.83,0.03,0.0,0.48,0.06,0.07,0.18,0.0,0.0,0.25,0.68,0.65,0.0,0.0,0.0,0.0,0.0,1.0,0.0,0.0,0.0,1.0,0.0,0.0,0.0,0.0,0.0,0.0,0.0,0.0,0.2547980551117181,22.663847863944156,21.400934559032788
2194,87.72,0.98,1,0.008,0.369,0.072,-0.019,-0.075,0.24,0.06,0.0,0.13,0.0,1.39,0.0,0.05,0.58,0.25,0.21,0.26,0.0,0.0,0.23,0.46,1.31,0.0,0.0,0.0,0.0,0.0,1.0,0.0,0.0,0.0,1.0,0.0,0.0,0.0,0.0,0.0,0.0,0.0,1.0,0.20954646754933068,19.609181522950042,20.98618593265566
2195,87.76,0.98,1,0.026,0.44,0.069,-0.032,-0.077,0.38,0.04,0.0,0.0,0.0,1.15,0.0,0.05,0.63,0.31,0.33,0.36,0.0,0.0,0.34,0.33,2.0,0.0,1.0,0.0,0.0,0.0,1.0,0.0,0.0,0.0,1.0,0.0,0.0,0.0,0.0,0.0,0.0,0.0,1.0,0.17624389863554757,18.210161998181036,22.031114361284676
2196,87.8,0.98,1,0.031,0.419,0.043,-0.023,-0.075,0.44,0.04,0.0,0.0,0.0,1.24,0.11,0.05,0.58,0.35,0.33,0.4,0.0,0.0,0.41,0.25,1.83,0.0,1.0,0.0,0.0,0.0,1.0,0.0,0.0,0.0,1.0,0.0,0.0,0.0,0.0,0.0,0.0,0.0,1.0,0.17313981321814084,18.15406290613771,24.350154003619807
2197,87.84,0.98,1,0.005,0.386,0.073,-0.014,-0.075,0.26,0.0,0.0,0.0,0.0,1.59,0.11,0.03,0.51,0.29,0.19,0.42,0.0,0.0,0.39,0.35,1.42,0.0,1.0,0.0,0.0,0.0,1.0,0.0,0.0,0.0,1.0,0.0,0.0,0.0,0.0,0.0,0.0,0.0,1.0,0.17938261285888607,18.40000000000009,20.65187642806338
2198,87.88,0.98,1,0.001,0.323,0.06,-0.022,-0.08,0.12,0.0,0.0,0.0,0.0,2.0,0.15,0.08,0.46,0.36,0.14,0.38,0.0,0.0,0.38,0.45,0.8,0.0,1.0,0.0,0.0,0.0,1.0,0.0,0.0,0.0,1.0,0.0,0.0,0.0,0.0,0.0,0.0,0.0,1.0,0.1883325474827568,16.400304875215063,17.393389548906402
2199,87.92,0.98,1,0.007,0.33,0.073,-0.025,-0.083,0.02,0.0,0.0,0.0,0.0,2.17,0.04,0.08,0.52,0.52,0.16,0.37,0.0,0.0,0.28,0.37,0.31,0.0,0.0,0.0,0.0,0.0,1.0,0.0,0.0,0.0,1.0,0.0,0.0,0.0,0.0,0.0,0.0,0.0,0.0,0.1995697465533886,17.80112356004526,17.655594014362617
2200,87.96,0.98,1,0.01,0.288,0.058,-0.017,-0.084,0.04,0.0,0.0,0.0,0.0,2.26,0.04,0.08,0.53,0.44,0.22,0.37,0.0,0.0,0.32,0.42,0.06,0.0,0.0,0.0,0.0,0.0,1.0,0.0,0.0,1.0,1.0,0.0,0.0,0.0,0.0,0.0,0.0,0.0,0.0,0.21823008401759109,20.611889772652972,18.43285110882208
2201,88.0,0.98,1,0.014,0.297,0.072,-0.019,-0.086,0.04,0.0,0.0,0.01,0.0,2.33,0.05,0.09,0.55,0.25,0.33,0.46,0.0,0.0,0.28,0.48,0.0,0.0,0.0,0.0,0.0,0.0,1.0,0.0,0.0,1.0,1.0,0.0,0.0,0.0,0.0,0.0,0.0,0.0,0.0,0.23952568046252132,19.209372712298592,19.31657319505732
2202,88.04,0.98,1,0.002,0.322,0.086,-0.019,-0.08,0.04,0.0,0.0,0.01,0.0,2.39,0.06,0.13,0.56,0.05,0.36,0.52,0.0,0.0,0.24,0.58,0.0,0.0,0.0,0.0,0.0,0.0,1.0,0.0,0.0,1.0,1.0,0.0,0.0,0.0,0.0,0.0,0.0,0.0,0.0,0.22793102837733653,20.11591409804676,19.812369873389663
2203,88.08,0.98,1,0.001,0.311,0.067,-0.018,-0.068,0.0,0.0,0.0,0.01,0.0,2.41,0.11,0.14,0.56,0.0,0.27,0.56,0.0,0.0,0.16,0.68,0.0,0.0,0.0,0.0,0.0,0.0,1.0,0.0,0.0,1.0,1.0,0.0,0.0,0.0,0.0,0.0,0.0,0.0,0.0,0.22393703075189528,19.812369873389656,20.012246250733575
2204,88.12,0.98,1,-0.002,0.32,0.071,-0.02,-0.064,0.0,0.0,0.0,0.0,0.0,2.3,0.11,0.09,0.54,0.0,0.09,0.53,0.0,0.0,0.17,0.69,0.0,0.0,0.0,0.0,0.0,0.0,1.0,0.0,0.0,1.0,1.0,0.0,0.0,0.0,0.0,0.0,0.0,0.0,0.0,0.21746600462553284,19.6163197363829,19.709134937891157
2205,88.16,0.98,1,0.015,0.324,0.08,-0.02,-0.069,0.0,0.0,0.0,0.0,0.0,2.16,0.14,0.05,0.47,0.0,0.03,0.53,0.0,0.0,0.17,0.65,0.0,0.0,0.0,0.0,0.0,0.0,1.0,0.0,0.0,1.0,1.0,0.0,0.0,0.0,0.0,0.0,0.0,0.0,0.0,0.21775735203490937,20.3415830259102,20.940391591371785
2206,88.2,0.98,1,0.013,0.308,0.065,-0.018,-0.067,0.0,0.0,0.0,0.0,0.0,2.11,0.14,0.0,0.42,0.0,0.07,0.5,0.0,0.0,0.21,0.51,0.0,0.0,0.0,0.0,0.0,0.0,1.0,0.0,0.0,1.0,1.0,0.0,0.0,0.0,0.0,0.0,0.0,0.0,0.0,0.21927948443249842,19.520758181996932,21.40584032454681
2207,88.24,0.98,1,0.01,0.32,0.077,-0.018,-0.069,0.0,0.0,0.0,0.0,0.0,2.13,0.12,0.0,0.41,0.0,0.04,0.52,0.0,0.0,0.25,0.42,0.0,0.0,0.0,0.0,0.0,0.0,1.0,0.0,0.0,0.0,1.0,0.0,0.0,0.0,0.0,0.0,0.0,0.0,0.0,0.21978393410152303,20.75427666771362,21.51882896442091
2208,88.28,0.98,1,0.019,0.308,0.066,-0.017,-0.068,0.0,0.0,0.0,0.0,0.0,2.25,0.09,0.0,0.4,0.1,0.16,0.42,0.0,0.0,0.22,0.31,0.0,0.0,0.0,0.0,0.0,0.0,1.0,0.0,0.0,0.0,1.0,0.0,0.0,0.0,0.0,0.0,0.0,0.0,0.0,0.21798483269543895,20.67002660859452,21.508370463612533
2209,88.32,0.98,1,0.013,0.312,0.068,-0.013,-0.084,0.0,0.0,0.0,0.0,0.0,2.21,0.04,0.02,0.46,0.1,0.17,0.48,0.0,0.0,0.14,0.24,0.0,0.0,0.0,0.0,0.0,0.0,1.0,0.0,0.0,0.0,1.0,0.0,0.0,0.0,0.0,0.0,0.0,0.0,0.0,0.21937405649419972,20.120139164528794,20.60218435020899
2210,88.36,0.98,1,-0.001,0.314,0.071,-0.026,-0.067,0.01,0.0,0.0,0.0,0.0,2.23,0.0,0.02,0.45,0.24,0.25,0.44,0.0,0.0,0.07,0.13,0.0,0.0,0.0,0.0,0.0,0.0,1.0,0.0,0.0,0.0,1.0,0.0,0.0,0.0,0.0,0.0,0.0,0.0,0.0,0.2206041468667943,20.64751801064732,21.103791128609952
2211,88.4,0.98,1,0.011,0.29,0.063,-0.018,-0.084,0.06,0.01,0.0,0.03,0.0,2.09,0.01,0.02,0.46,0.14,0.26,0.55,0.0,0.0,0.05,0.15,0.0,0.0,0.0,0.0,0.0,0.0,1.0,0.0,0.0,0.0,1.0,0.0,0.0,0.0,0.0,0.0,0.0,0.0,0.0,0.2304034657986338,20.335437049643126,21.00380917833715
2212,88.44,0.98,1,0.018,0.309,0.075,-0.019,-0.077,0.06,0.01,0.0,0.06,0.0,2.21,0.03,0.0,0.44,0.14,0.2,0.53,0.0,0.0,0.09,0.16,0.0,0.0,0.0,0.0,0.0,0.0,1.0,0.0,0.0,0.0,1.0,0.0,0.0,0.0,0.0,0.0,0.0,0.0,0.0,0.2371609852303474,21.30375553746315,21.115160430363908
2213,88.48,0.98,1,0.019,0.299,0.063,-0.022,-0.07,0.05,0.01,0.0,0.14,0.0,2.07,0.03,0.0,0.48,0.0,0.21,0.61,0.0,0.0,0.05,0.28,0.0,0.0,0.0,0.0,0.0,0.0,1.0,0.0,0.0,0.0,1.0,0.0,0.0,0.0,0.0,0.0,0.0,0.0,0.0,0.23112271305305565,21.10473880435387,22.005681084665387
2214,88.52,0.98,1,0.011,0.301,0.074,-0.019,-0.071,0.0,0.0,0.0,0.11,0.0,2.01,0.04,0.0,0.46,0.0,0.09,0.59,0.0,0.0,0.14,0.3,0.0,0.0,0.0,0.0,0.0,0.0,1.0,0.0,0.0,0.0,1.0,0.0,0.0,0.0,0.0,0.0,0.0,0.0,0.0,0.22395352682392733,21.44621178670019,21.40210270043563
2215,88.56,0.98,1,0.02,0.294,0.06,-0.02,-0.068,0.0,0.0,0.0,0.08,0.0,1.88,0.02,0.0,0.43,0.0,0.12,0.58,0.0,0.0,0.18,0.34,0.0,0.0,0.0,0.0,0.0,0.0,0.0,0.0,0.0,1.0,1.0,0.0,0.0,0.0,0.0,0.0,0.0,0.0,0.0,0.2294365059206327,21.34689672996973,22.103619613086135
2216,88.6,0.98,1,0.029,0.302,0.074,-0.017,-0.07,0.0,0.0,0.0,0.01,0.0,2.11,0.01,0.0,0.41,0.04,0.09,0.45,0.0,0.0,0.24,0.22,0.0,0.0,0.0,0.0,0.0,0.0,0.0,0.0,0.0,1.0,1.0,0.0,0.0,0.0,0.0,0.0,0.0,0.0,0.0,0.2184103890654127,20.728000385951496,21.215088969881833
2217,88.64,0.98,1,0.049,0.269,0.058,-0.017,-0.081,0.02,0.0,0.0,0.03,0.0,2.05,0.05,0.0,0.47,0.04,0.12,0.38,0.0,0.0,0.13,0.13,0.0,0.0,0.0,0.0,0.0,0.0,0.0,0.0,0.0,1.0,1.0,0.0,0.0,0.0,0.0,0.0,0.0,0.0,0.0,0.2531138466506341,20.010497245196174,22.350391495452783
2218,88.68,0.98,1,0.053,0.287,0.08,-0.021,-0.076,0.02,0.0,0.0,0.11,0.0,2.16,0.05,0.0,0.48,0.04,0.13,0.32,0.0,0.0,0.06,0.01,0.0,0.0,0.0,0.0,0.0,0.0,0.0,0.0,0.0,1.0,1.0,0.0,0.0,0.0,0.0,0.0,0.0,0.0,0.0,0.2528975033144665,21.27204738618255,23.17002373757946
2219,88.72,0.98,1,0.041,0.252,0.06,-0.018,-0.078,0.02,0.0,0.0,0.1,0.0,2.09,0.05,0.0,0.53,0.0,0.24,0.35,0.0,0.0,0.0,0.0,0.0,0.0,0.0,0.0,0.0,0.0,0.0,0.0,0.0,1.0,1.0,0.0,0.0,0.0,0.0,0.0,0.0,0.0,0.0,0.2519143414454654,20.209403751719062,22.749505489130787
2220,88.76,0.98,1,0.049,0.271,0.066,-0.024,-0.082,0.0,0.0,0.0,0.12,0.0,2.23,0.0,0.0,0.5,0.0,0.35,0.32,0.0,0.0,0.06,0.0,0.0,0.0,0.0,0.0,0.0,0.0,1.0,0.0,0.0,1.0,1.0,0.0,0.0,0.0,0.0,0.0,0.0,0.0,0.0,0.267193458099524,21.32439917090285,23.65417510715594
2221,88.8,0.98,1,0.073,0.265,0.069,-0.021,-0.087,0.0,0.0,0.0,0.04,0.0,2.11,0.0,0.0,0.48,0.0,0.33,0.28,0.0,0.0,0.06,0.01,0.0,0.0,0.0,0.0,0.0,0.0,0.0,0.0,0.0,1.0,1.0,0.0,0.0,0.0,0.0,0.0,0.0,0.0,0.0,0.26545388733863445,20.916022566444074,24.5660334608581
2222,88.84,0.98,1,0.068,0.266,0.063,-0.019,-0.085,0.03,0.0,0.0,0.04,0.0,2.16,0.0,0.0,0.42,0.0,0.21,0.23,0.0,0.0,0.06,0.05,0.0,0.0,0.0,0.0,0.0,0.0,1.0,0.0,0.0,1.0,1.0,0.0,0.0,0.0,0.0,0.0,0.0,0.0,0.0,0.2644960969562856,21.75591873490973,23.85372088375308
2223,88.88,0.98,1,0.064,0.255,0.056,-0.019,-0.081,0.05,0.0,0.0,0.0,0.0,2.07,0.0,0.0,0.39,0.0,0.14,0.27,0.0,0.0,0.0,0.11,0.0,0.0,0.0,0.0,0.0,0.0,1.0,0.0,0.0,1.0,1.0,0.0,0.0,0.0,0.0,0.0,0.0,0.0,0.0,0.2487368855800555,21.62267328523465,23.630488780386994
2224,88.92,0.98,1,0.053,0.245,0.061,-0.024,-0.082,0.05,0.0,0.0,0.0,0.0,2.14,0.0,0.02,0.41,0.08,0.25,0.31,0.0,0.0,0.0,0.12,0.0,0.0,0.0,0.0,0.0,0.0,1.0,0.0,0.0,1.0,1.0,0.0,0.0,0.0,0.0,0.0,0.0,0.0,0.0,0.263510366959669,21.821548982599786,23.925300416086596
2225,88.96,0.98,1,0.057,0.264,0.069,-0.022,-0.087,0.03,0.0,0.0,0.07,0.0,1.98,0.02,0.05,0.43,0.15,0.39,0.43,0.0,0.0,0.01,0.1,0.0,0.0,0.0,0.0,0.0,0.0,1.0,0.0,0.0,1.0,1.0,0.0,0.0,0.0,0.0,0.0,0.0,0.0,0.0,0.2657490206546165,21.9428803943331,23.825406607233564
2226,89.0,0.98,1,0.05,0.255,0.067,-0.024,-0.086,0.0,0.0,0.0,0.13,0.0,2.03,0.02,0.07,0.43,0.26,0.51,0.42,0.0,0.0,0.01,0.11,0.0,0.0,0.0,0.0,0.0,0.0,1.0,0.0,0.0,0.0,1.0,0.0,0.0,0.0,0.0,0.0,0.0,0.0,0.0,0.2659984797739293,21.046614929722068,23.036709834522814
2227,89.04,0.98,1,0.06,0.265,0.062,-0.021,-0.085,0.0,0.0,0.0,0.18,0.0,2.12,0.04,0.09,0.4,0.32,0.52,0.4,0.0,0.0,0.01,0.16,0.0,0.0,0.0,0.0,0.0,0.0,1.0,0.0,0.0,0.0,1.0,0.0,0.0,0.0,0.0,0.0,0.0,0.0,0.0,0.26191068400940776,20.535091916034858,23.641488954801613
2228,89.08,0.98,1,0.031,0.268,0.062,-0.019,-0.087,0.0,0.0,0.0,0.12,0.0,2.15,0.02,0.06,0.39,0.3,0.45,0.24,0.0,0.0,0.0,0.18,0.0,0.0,0.0,0.0,0.0,0.0,1.0,0.0,0.0,0.0,1.0,0.0,0.0,0.0,0.0,0.0,0.0,0.0,0.0,0.24011919984784763,21.12865353021829,21.13409567499886
2229,89.12,0.98,1,0.0,0.25,0.061,-0.017,-0.089,0.01,0.0,0.0,0.05,0.0,2.26,0.05,0.05,0.39,0.27,0.42,0.27,0.0,0.0,0.01,0.14,0.0,0.0,0.0,0.0,0.0,0.0,1.0,0.0,0.0,0.0,1.0,0.0,0.0,0.0,0.0,0.0,0.0,0.0,0.0,0.24531025224529726,21.514878572745882,20.811775512915712
2230,89.16,0.98,1,0.007,0.266,0.068,-0.017,-0.088,0.01,0.05,0.0,0.0,0.0,2.04,0.02,0.0,0.4,0.18,0.28,0.35,0.0,0.0,0.03,0.07,0.0,0.0,0.0,0.0,0.0,0.0,1.0,0.0,0.0,1.0,1.0,0.0,0.0,0.0,0.0,0.0,0.0,0.0,0.0,0.24060716830879048,21.727862297060007,21.11516043036391
2231,89.2,0.98,1,0.007,0.258,0.056,-0.015,-0.088,0.01,0.05,0.0,0.0,0.0,1.97,0.04,0.0,0.45,0.12,0.26,0.56,0.0,0.0,0.03,0.14,0.0,0.0,0.0,0.0,0.0,0.0,1.0,0.0,0.0,1.0,1.0,0.0,0.0,0.0,0.0,0.0,0.0,0.0,0.0,0.24169483459428154,21.73315439599144,21.11918559035849
2232,89.24,0.98,1,-0.008,0.286,0.066,-0.026,-0.067,0.0,0.05,0.0,0.13,0.0,1.95,0.02,0.0,0.44,0.05,0.16,0.6,0.0,0.0,0.07,0.17,0.0,0.0,0.0,0.0,0.0,0.0,1.0,0.0,0.0,1.0,1.0,0.0,0.0,0.0,0.0,0.0,0.0,0.0,0.0,0.22858848654824465,21.718655575334353,20.908610666421712
2233,89.28,0.98,1,-0.002,0.253,0.052,-0.016,-0.08,0.0,0.0,0.0,0.14,0.0,2.03,0.07,0.0,0.43,0.0,0.22,0.56,0.0,0.0,0.11,0.3,0.0,0.0,0.0,0.0,0.0,0.0,1.0,0.0,0.0,1.0,1.0,0.0,0.0,0.0,0.0,0.0,0.0,0.0,0.0,0.2370731347891848,22.32711356176629,21.22357180118375
2234,89.32,0.98,1,-0.005,0.262,0.059,-0.015,-0.088,0.0,0.0,0.0,0.25,0.0,2.16,0.05,0.0,0.43,0.03,0.15,0.46,0.0,0.0,0.2,0.29,0.0,0.0,0.0,0.0,1.0,0.0,1.0,0.0,0.0,1.0,1.0,0.0,0.0,0.0,0.0,0.0,0.0,0.0,0.0,0.2413298867384073,22.426992665089852,21.115160430363684
2235,89.36,0.98,1,0.001,0.259,0.059,-0.02,-0.088,0.0,0.0,0.0,0.31,0.0,2.14,0.05,0.0,0.45,0.03,0.12,0.42,0.0,0.0,0.31,0.32,0.0,0.0,0.0,0.0,1.0,0.0,1.0,0.0,0.0,1.0,1.0,0.0,0.0,0.0,0.0,0.0,0.0,0.0,0.0,0.24031183030887324,22.014540649307218,21.408409562599324
2236,89.4,0.98,1,0.002,0.253,0.055,-0.017,-0.088,0.0,0.0,0.0,0.48,0.0,2.26,0.0,0.0,0.42,0.03,0.14,0.36,0.0,0.0,0.39,0.23,0.0,0.0,0.0,0.0,1.0,0.0,1.0,0.0,0.0,1.0,1.0,0.0,0.0,0.0,0.0,0.0,0.0,0.0,0.0,0.24086038705427126,21.822923727126895,21.711287386979198
2237,89.44,0.98,1,0.002,0.254,0.056,-0.017,-0.089,0.0,0.0,0.0,0.53,0.0,2.37,0.0,0.0,0.38,0.0,0.23,0.34,0.0,0.0,0.4,0.2,0.0,0.0,0.0,0.0,1.0,0.0,1.0,0.0,0.0,1.0,1.0,0.0,0.0,0.0,0.0,0.0,0.0,0.0,0.0,0.24258651402351486,21.233935103979245,22.118318200080356
2238,89.48,0.98,1,0.004,0.245,0.049,-0.016,-0.088,0.0,0.0,0.0,0.55,0.0,2.31,0.0,0.02,0.39,0.03,0.27,0.31,0.0,0.0,0.31,0.18,0.0,0.0,0.0,0.0,1.0,0.0,1.0,0.0,0.0,1.0,1.0,0.0,0.0,0.0,0.0,0.0,0.0,0.0,0.0,0.2428439562316159,21.33963448609179,22.522211259110417
2239,89.52,0.98,1,0.009,0.248,0.048,-0.02,-0.09,0.0,0.0,0.0,0.55,0.0,2.2,0.01,0.02,0.45,0.03,0.22,0.34,0.0,0.0,0.28,0.18,0.0,0.0,0.0,0.0,1.0,0.0,1.0,0.0,0.0,1.0,1.0,0.0,0.0,0.0,0.0,0.0,0.0,0.0,0.0,0.24228090442851474,21.54553317975677,22.517992805754247
2240,89.56,0.98,1,0.016,0.254,0.054,-0.027,-0.094,0.0,0.0,0.0,0.39,0.0,2.17,0.01,0.02,0.44,0.03,0.29,0.35,0.0,0.0,0.25,0.14,0.0,0.0,0.0,0.0,0.0,0.0,1.0,0.0,0.0,1.0,1.0,0.0,0.0,0.0,0.0,0.0,0.0,0.0,0.0,0.24488720145150944,21.98226557932562,22.32711356176629
2241,89.6,0.98,1,0.009,0.265,0.051,-0.02,-0.096,0.02,0.0,0.0,0.19,0.0,1.96,0.01,0.1,0.38,0.0,0.3,0.27,0.07,0.0,0.28,0.09,0.34,0.0,0.0,0.0,0.0,0.0,1.0,0.0,0.0,0.0,1.0,0.0,0.0,0.0,0.0,0.0,0.0,0.0,0.0,0.23045807008116376,20.829066229670453,21.433618453261555
2242,89.64,0.98,1,0.028,0.311,0.031,-0.029,-0.092,0.26,0.0,0.0,0.0,0.0,1.58,0.03,0.24,0.37,0.0,0.46,0.18,0.26,0.0,0.37,0.07,1.04,0.0,1.0,0.0,0.0,0.0,0.0,0.0,0.0,0.0,1.0,0.0,0.0,0.0,0.0,0.0,0.0,0.0,1.0,0.20765242779921195,18.41331040307536,18.431766057543342
2243,89.68,0.98,1,0.052,0.453,0.06,-0.048,-0.095,0.4,0.0,0.0,0.0,0.0,1.02,0.03,0.33,0.39,0.11,0.43,0.1,0.28,0.0,0.45,0.04,1.75,0.0,1.0,0.0,0.0,0.0,1.0,0.0,0.0,0.0,1.0,0.0,0.0,0.0,0.0,0.0,0.0,0.0,1.0,0.17040915429323467,16.71915069613268,20.220039564748546
2244,89.72,0.98,1,0.043,0.4,0.021,-0.042,-0.09,0.44,0.02,0.0,0.0,0.0,0.99,0.03,0.23,0.4,0.22,0.4,0.18,0.21,0.0,0.48,0.01,2.06,0.0,1.0,0.0,0.0,0.0,1.0,0.0,0.0,0.0,1.0,0.0,0.0,0.0,0.0,0.0,0.0,0.0,1.0,0.17278842227406888,17.029386365926403,20.181427105138038
2245,89.76,0.98,1,0.019,0.35,0.022,-0.036,-0.091,0.26,0.02,0.0,0.0,0.0,1.32,0.0,0.1,0.34,0.26,0.19,0.34,0.02,0.0,0.38,0.0,1.85,0.0,1.0,0.0,0.0,0.0,1.0,0.0,0.0,0.0,1.0,0.0,0.0,0.0,0.0,0.0,0.0,0.0,1.0,0.17887362162122544,18.31338308450949,20.308126452235946
2246,89.8,0.98,1,0.018,0.281,0.015,-0.031,-0.091,0.2,0.02,0.0,0.0,0.0,1.81,0.0,0.01,0.27,0.14,0.09,0.43,0.0,0.0,0.28,0.0,1.33,0.0,1.0,0.0,0.0,0.0,1.0,0.0,0.0,0.0,1.0,0.0,0.0,0.0,0.0,0.0,0.0,0.0,1.0,0.18298852715762,17.60113632695335,19.798989873223476
2247,89.84,0.98,1,0.022,0.287,0.023,-0.034,-0.094,0.13,0.0,0.0,0.0,0.0,2.09,0.0,0.0,0.24,0.06,0.18,0.5,0.0,0.0,0.25,0.0,0.74,0.0,1.0,0.0,0.0,0.0,1.0,0.0,0.0,0.0,1.0,0.0,0.0,0.0,0.0,0.0,0.0,0.0,0.0,0.19482007171621932,16.63640586184421,17.564737401965424
2248,89.88,0.98,1,0.028,0.273,0.014,-0.034,-0.093,0.13,0.0,0.0,0.0,0.0,2.17,0.02,0.0,0.22,0.03,0.22,0.49,0.0,0.0,0.15,0.0,0.32,0.0,1.0,0.0,0.0,0.0,1.0,0.0,0.0,0.0,1.0,0.0,0.0,0.0,0.0,0.0,0.0,0.0,0.0,0.18519672785405955,18.600268815261693,17.613914953808536
2249,89.92,0.98,1,0.01,0.275,0.019,-0.028,-0.093,0.09,0.0,0.0,0.04,0.0,2.08,0.02,0.0,0.21,0.03,0.23,0.58,0.0,0.0,0.09,0.0,0.18,0.0,0.0,0.0,0.0,0.0,1.0,0.0,0.0,0.0,1.0,0.0,0.0,0.0,0.0,0.0,0.0,0.0,0.0,0.186859853964025,19.5,18.560711193270585
2250,89.96,0.98,1,0.005,0.265,0.014,-0.028,-0.093,0.09,0.0,0.0,0.04,0.0,2.03,0.02,0.0,0.24,0.0,0.17,0.6,0.0,0.0,0.0,0.0,0.17,0.0,0.0,0.0,0.0,0.0,1.0,0.0,0.0,0.0,1.0,0.0,0.0,0.0,0.0,0.0,0.0,0.0,0.0,0.1918429268339538,20.40220576310303,18.222239159883777
2251,90.0,0.98,1,0.033,0.281,0.018,-0.031,-0.094,0.04,0.0,0.0,0.04,0.0,1.99,0.0,0.0,0.23,0.02,0.22,0.68,0.0,0.0,0.0,0.0,0.16,0.0,0.0,0.0,0.0,0.0,1.0,0.0,0.0,0.0,1.0,0.0,0.0,0.0,0.0,0.0,0.0,0.0,0.0,0.1898784882382471,20.300246303924446,19.16689854932209
2252,90.04,0.98,1,0.027,0.288,0.014,-0.03,-0.096,0.01,0.0,0.0,0.0,0.0,1.98,0.0,0.0,0.23,0.03,0.2,0.7,0.0,0.0,0.0,0.0,0.17,0.0,0.0,0.0,0.0,0.0,1.0,0.0,0.0,0.0,1.0,0.0,0.0,0.0,0.0,0.0,0.0,0.0,0.0,0.18893851932127131,20.200990074746382,19.536888186197928
2253,90.08,0.98,1,0.023,0.274,0.013,-0.031,-0.099,0.0,0.0,0.0,0.0,0.0,1.98,0.0,0.0,0.19,0.03,0.22,0.69,0.0,0.0,0.0,0.0,0.13,0.0,0.0,0.0,0.0,0.0,1.0,0.0,0.0,0.0,1.0,0.0,0.0,0.0,0.0,0.0,0.0,0.0,0.0,0.19733241163906476,20.402205763103257,19.243960091415737
2254,90.12,0.98,1,0.019,0.265,0.011,-0.026,-0.101,0.05,0.0,0.0,0.0,0.0,1.85,0.01,0.0,0.19,0.01,0.2,0.62,0.0,0.0,0.0,0.0,0.12,0.0,0.0,0.0,0.0,0.0,1.0,0.0,0.0,0.0,1.0,0.0,0.0,0.0,0.0,0.0,0.0,0.0,0.0,0.19831673476295716,20.400980368600028,19.54328529188478
2255,90.16,0.98,1,0.013,0.27,0.019,-0.026,-0.104,0.05,0.0,0.0,0.04,0.0,1.82,0.01,0.0,0.21,0.0,0.16,0.55,0.0,0.0,0.0,0.0,0.16,0.0,0.0,0.0,0.0,0.0,1.0,0.0,0.0,0.0,1.0,0.0,0.0,0.0,0.0,0.0,0.0,0.0,0.0,0.20546044968774832,19.50410213262841,19.842630873954374
2256,90.2,0.98,1,0.019,0.271,0.008,-0.025,-0.103,0.05,0.0,0.0,0.04,0.0,1.69,0.01,0.0,0.18,0.0,0.16,0.57,0.0,0.01,0.0,0.0,0.27,0.0,0.0,0.0,0.0,0.0,1.0,0.0,0.0,0.0,1.0,0.0,0.0,0.0,0.0,0.0,0.0,0.0,0.0,0.1999150255179346,19.606376513777256,20.030227157973023
2257,90.24,0.98,1,0.008,0.264,0.012,-0.022,-0.105,0.0,0.0,0.0,0.04,0.0,1.7,0.0,0.0,0.16,0.0,0.17,0.58,0.0,0.01,0.0,0.0,0.23,0.0,0.0,0.0,0.0,0.0,1.0,0.0,0.0,0.0,1.0,0.0,0.0,0.0,0.0,0.0,0.0,0.0,0.0,0.20647450211387114,20.008997975910738,20.063897926375127
2258,90.28,0.98,1,0.01,0.261,0.014,-0.021,-0.106,0.0,0.0,0.0,0.0,0.0,1.69,0.0,0.0,0.17,0.0,0.18,0.58,0.0,0.01,0.0,0.0,0.12,0.0,0.0,0.0,0.0,0.0,1.0,0.0,0.0,0.0,1.0,0.0,0.0,0.0,0.0,0.0,0.0,0.0,0.0,0.20665927630572634,20.212125073826396,20.44798278559512
2259,90.32,0.98,1,0.008,0.266,0.017,-0.019,-0.106,0.0,0.0,0.0,0.03,0.0,1.73,0.0,0.0,0.2,0.0,0.13,0.62,0.0,0.0,0.0,0.0,0.0,0.0,0.0,0.0,0.0,0.0,1.0,0.0,0.0,0.0,1.0,0.0,0.0,0.0,0.0,0.0,0.0,0.0,0.0,0.20886703232547227,20.324615617521708,20.241788458533048
2260,90.36,0.98,1,0.019,0.258,0.01,-0.022,-0.102,0.0,0.0,0.0,0.15,0.0,1.81,0.0,0.0,0.19,0.0,0.12,0.62,0.0,0.0,0.0,0.0,0.11,0.0,0.0,0.0,0.0,0.0,1.0,0.0,0.0,0.0,1.0,0.0,0.0,0.0,0.0,0.0,0.0,0.0,0.0,0.21023242489905078,20.524375751773793,20.030227157973023
2261,90.4,0.98,1,0.013,0.263,0.016,-0.019,-0.1,0.0,0.0,0.0,0.24,0.0,1.85,0.0,0.0,0.19,0.0,0.1,0.63,0.0,0.01,0.0,0.0,0.11,0.0,1.0,0.0,0.0,0.0,1.0,0.0,0.0,0.0,1.0,0.0,0.0,0.0,0.0,0.0,0.0,0.0,0.0,0.2125487572200907,20.529490982486635,19.730686759461587
2262,90.44,0.98,1,0.015,0.255,0.006,-0.022,-0.097,0.01,0.0,0.0,0.45,0.0,1.9,0.0,0.0,0.18,0.0,0.09,0.58,0.0,0.01,0.02,0.0,0.11,0.0,1.0,0.0,0.0,0.0,1.0,0.0,0.0,0.0,1.0,0.0,0.0,0.0,0.0,0.0,0.0,0.0,0.0,0.21041044159547595,20.324615617521484,20.120139164528567
2263,90.48,0.98,1,0.01,0.25,0.011,-0.02,-0.096,0.01,0.03,0.0,0.46,0.0,1.84,0.01,0.0,0.2,0.0,0.03,0.54,0.0,0.01,0.07,0.0,0.0,0.0,1.0,0.0,0.0,0.0,1.0,0.0,0.0,0.0,1.0,0.0,0.0,0.0,0.0,0.0,0.0,0.0,0.0,0.213593237431682,20.634921855921732,20.124860247962108
2264,90.52,0.98,1,0.012,0.248,0.008,-0.023,-0.094,0.02,0.14,0.0,0.55,0.0,1.86,0.01,0.0,0.21,0.0,0.03,0.54,0.0,0.0,0.09,0.0,0.0,0.0,1.0,0.0,0.0,0.0,1.0,0.0,0.0,0.0,1.0,0.0,0.0,0.0,0.0,0.0,0.0,0.0,0.0,0.21762686789550437,20.429635336931586,20.424495097798715
2265,90.56,0.98,1,0.01,0.238,0.007,-0.023,-0.092,0.0,0.14,0.0,0.44,0.0,1.88,0.01,0.0,0.22,0.0,0.11,0.53,0.0,0.03,0.07,0.0,0.03,0.0,1.0,0.0,0.0,0.0,1.0,0.0,0.0,0.0,1.0,0.0,0.0,0.0,0.0,0.0,0.0,0.0,0.0,0.21952052889492485,20.42963533693136,20.711832367031214
2266,90.6,0.98,1,0.012,0.243,0.01,-0.024,-0.091,0.0,0.13,0.0,0.47,0.0,1.89,0.0,0.0,0.25,0.0,0.15,0.48,0.0,0.03,0.02,0.0,0.03,0.0,1.0,0.0,0.0,0.0,1.0,0.0,0.0,0.0,1.0,0.0,0.0,0.0,0.0,0.0,0.0,0.0,0.0,0.21734713832391067,20.524375751773793,20.224737328331408
2267,90.64,0.98,1,0.009,0.247,0.01,-0.025,-0.092,0.01,0.02,0.0,0.29,0.0,1.73,0.0,0.0,0.22,0.0,0.26,0.4,0.0,0.03,0.0,0.0,0.03,0.0,1.0,0.0,0.0,0.0,1.0,0.0,0.0,0.0,1.0,0.0,0.0,0.0,0.0,0.0,0.0,0.0,0.0,0.21850977975929023,20.824024587000423,20.015993605114883
2268,90.68,0.98,1,0.004,0.241,0.008,-0.027,-0.093,0.01,0.02,0.0,0.27,0.0,1.55,0.0,0.0,0.22,0.0,0.2,0.37,0.01,0.0,0.0,0.0,0.05,0.0,1.0,0.0,0.0,0.0,1.0,0.0,0.0,0.0,1.0,0.0,0.0,0.0,0.0,0.0,0.0,0.0,0.0,0.22777330379431565,20.734753434752783,20.412006270820214
2269,90.72,0.98,1,0.008,0.259,0.007,-0.033,-0.093,0.01,0.09,0.0,0.18,0.0,1.43,0.0,0.0,0.2,0.0,0.17,0.44,0.01,0.0,0.0,0.0,0.26,0.0,1.0,0.0,0.0,0.0,1.0,0.0,0.0,0.0,1.0,0.0,0.0,0.0,0.0,0.0,0.0,0.0,0.0,0.2126970425667394,21.31501817967787,20.215835377248247
2270,90.76,0.98,1,0.017,0.25,0.002,-0.033,-0.096,0.15,0.18,0.0,0.18,0.0,1.01,0.0,0.0,0.3,0.07,0.17,0.51,0.08,0.0,0.01,0.0,1.05,0.0,1.0,0.0,0.0,0.0,1.0,0.0,0.0,0.0,1.0,0.0,0.0,0.0,0.0,0.0,0.0,0.0,0.0,0.2132708065036411,20.503902067655318,18.080099557248023
2271,90.8,0.98,1,0.066,0.372,0.004,-0.045,-0.094,0.41,0.21,0.0,0.06,0.0,0.59,0.0,0.0,0.36,0.11,0.29,0.56,0.11,0.0,0.04,0.0,1.72,0.0,1.0,0.0,0.0,0.0,0.0,0.0,0.0,0.0,1.0,0.0,0.0,0.0,0.0,0.0,0.0,0.0,1.0,0.19464109454997683,16.643316977093377,20.6341949200836
2272,90.84,0.98,1,0.016,0.439,0.016,-0.033,-0.098,0.53,0.12,0.0,0.0,0.0,0.19,0.0,0.0,0.33,0.13,0.46,0.63,0.14,0.0,0.04,0.0,2.29,0.0,1.0,0.0,0.0,0.0,0.0,0.0,0.0,0.0,1.0,0.0,0.0,0.0,0.0,0.0,0.0,0.0,1.0,0.16505819070924221,17.840403582878906,20.90215299915304
2273,90.88,0.98,1,0.048,0.396,0.016,-0.029,-0.093,0.55,0.09,0.0,0.0,0.0,0.16,0.0,0.0,0.21,0.06,0.46,0.62,0.08,0.0,0.03,0.0,2.17,0.0,1.0,0.0,0.0,0.0,0.0,0.0,0.0,0.0,1.0,0.0,0.0,0.0,0.0,0.0,0.0,0.0,1.0,0.17536729604945078,18.42715387682003,21.595601403989743
2274,90.92,0.98,1,0.027,0.338,0.02,-0.027,-0.092,0.31,0.05,0.0,0.06,0.0,0.5,0.0,0.0,0.14,0.07,0.41,0.61,0.04,0.0,0.0,0.0,1.83,0.0,1.0,0.0,0.0,0.0,0.0,0.0,0.0,0.0,1.0,0.0,0.0,0.0,0.0,0.0,0.0,0.0,1.0,0.19327089548575518,18.909521411183174,21.114213222376872
2275,90.96,0.98,1,0.017,0.303,0.017,-0.035,-0.09,0.26,0.05,0.0,0.06,0.0,0.97,0.0,0.03,0.19,0.06,0.34,0.53,0.01,0.0,0.0,0.0,1.09,0.0,1.0,0.0,0.0,0.0,0.0,0.0,0.0,0.0,1.0,0.0,0.0,0.0,0.0,0.0,0.0,0.0,0.0,0.1998278489962157,16.302760502442478,18.840912929048887
2276,91.0,0.98,1,0.028,0.287,0.028,-0.031,-0.092,0.1,0.0,0.0,0.06,0.0,1.52,0.0,0.03,0.24,0.06,0.27,0.54,0.0,0.0,0.0,0.0,0.42,0.0,1.0,0.0,0.0,0.0,1.0,0.0,0.0,0.0,1.0,0.0,0.0,0.0,0.0,0.0,0.0,0.0,0.0,0.19451676556371478,15.900000000000091,17.256882684888414
2277,91.04,0.98,1,0.039,0.276,0.019,-0.028,-0.09,0.08,0.0,0.0,0.07,0.0,1.85,0.0,0.03,0.26,0.0,0.21,0.53,0.0,0.0,0.0,0.0,0.05,0.0,1.0,0.0,0.0,0.0,1.0,0.0,0.0,0.0,1.0,0.0,0.0,0.0,0.0,0.0,0.0,0.0,0.0,0.198239003436677,17.500285711953392,18.517289218457435
2278,91.08,0.98,1,0.032,0.269,0.019,-0.024,-0.092,0.08,0.0,0.0,0.07,0.0,1.94,0.0,0.01,0.24,0.0,0.17,0.51,0.06,0.0,0.0,0.0,0.0,0.0,1.0,0.0,0.0,0.0,1.0,0.0,0.0,0.0,1.0,0.0,0.0,0.0,0.0,0.0,0.0,0.0,0.0,0.20652017566689143,18.20247235954505,18.916923639957815
2279,91.12,0.98,1,0.02,0.285,0.033,-0.019,-0.093,0.07,0.0,0.0,0.07,0.0,1.87,0.0,0.0,0.25,0.0,0.13,0.43,0.06,0.0,0.0,0.0,0.0,0.0,1.0,0.0,0.0,0.0,1.0,0.0,0.0,0.0,1.0,0.0,0.0,0.0,0.0,0.0,0.0,0.0,0.0,0.2033403407010217,17.902513789968246,19.309324172533803
2280,91.16,0.98,1,0.024,0.277,0.02,-0.019,-0.09,0.07,0.02,0.0,0.0,0.0,1.64,0.0,0.01,0.22,0.0,0.12,0.37,0.06,0.0,0.0,0.0,0.0,0.0,1.0,0.0,0.0,0.0,1.0,0.0,0.0,0.0,1.0,0.0,0.0,0.0,0.0,0.0,0.0,0.0,0.0,0.20494099055431308,18.800000000000182,19.809088823062968
2281,91.2,0.98,1,0.021,0.274,0.021,-0.02,-0.088,0.0,0.02,0.0,0.0,0.0,1.61,0.0,0.01,0.22,0.0,0.05,0.37,0.02,0.0,0.0,0.0,0.0,0.0,0.0,0.0,0.0,0.0,1.0,0.0,0.0,0.0,1.0,0.0,0.0,0.0,0.0,0.0,0.0,0.0,0.0,0.21478550451585848,18.704277585622005,20.215835377248247
2282,91.24,0.98,1,0.03,0.284,0.028,-0.022,-0.09,0.01,0.02,0.0,0.0,0.0,1.7,0.0,0.01,0.2,0.0,0.11,0.43,0.02,0.0,0.0,0.0,0.0,0.0,0.0,0.0,0.0,0.0,1.0,0.0,0.0,0.0,1.0,0.0,0.0,0.0,0.0,0.0,0.0,0.0,0.0,0.21120627587196691,20.112185361118676,20.015993605114883
2283,91.28,0.98,1,0.017,0.286,0.033,-0.018,-0.09,0.01,0.0,0.0,0.0,0.0,1.83,0.0,0.0,0.25,0.0,0.1,0.52,0.02,0.0,0.01,0.0,0.0,0.0,0.0,0.0,0.0,0.0,1.0,0.0,0.0,0.0,1.0,0.0,0.0,0.0,0.0,0.0,0.0,0.0,0.0,0.2144957298862095,20.21212507382617,19.91230775173997
2284,91.32,0.98,1,0.024,0.273,0.018,-0.02,-0.085,0.01,0.0,0.0,0.0,0.0,2.02,0.0,0.0,0.28,0.0,0.09,0.52,0.0,0.0,0.01,0.0,0.0,0.0,0.0,0.0,0.0,0.0,1.0,0.0,0.0,0.0,1.0,0.0,0.0,0.0,0.0,0.0,0.0,0.0,0.0,0.21933492217700057,19.909043171383065,21.42335174523361
2285,91.36,0.98,1,0.027,0.268,0.021,-0.019,-0.087,0.0,0.0,0.0,0.0,0.0,2.05,0.0,0.0,0.28,0.0,0.03,0.53,0.0,0.0,0.01,0.0,0.0,0.0,0.0,0.0,0.0,0.0,1.0,0.0,0.0,1.0,1.0,0.0,0.0,0.0,0.0,0.0,0.0,0.0,0.0,0.22375601756934774,19.62549362436513,21.423351745233383
2286,91.4,0.98,1,0.03,0.27,0.021,-0.018,-0.086,0.0,0.0,0.0,0.0,0.0,2.09,0.0,0.0,0.25,0.0,0.0,0.51,0.0,0.0,0.0,0.0,0.0,0.0,0.0,0.0,0.0,0.0,1.0,0.0,0.0,1.0,1.0,0.0,0.0,0.0,0.0,0.0,0.0,0.0,0.0,0.2205705503140069,19.450449866262606,21.72302925468734
2287,91.44,0.98,1,0.029,0.278,0.022,-0.021,-0.088,0.0,0.0,0.0,0.1,0.0,1.97,0.0,0.0,0.22,0.0,0.0,0.45,0.0,0.0,0.0,0.0,0.0,0.0,0.0,0.0,0.0,0.0,1.0,0.0,0.0,1.0,1.0,0.0,0.0,0.0,0.0,0.0,0.0,0.0,0.0,0.21699715503836015,20.020239758804088,22.032702966272662
2288,91.48,0.98,1,0.019,0.27,0.027,-0.019,-0.089,0.0,0.0,0.0,0.3,0.0,2.05,0.0,0.0,0.25,0.0,0.0,0.38,0.0,0.0,0.02,0.0,0.0,0.0,0.0,0.0,0.0,0.0,1.0,0.0,0.0,1.0,1.0,0.0,0.0,0.0,0.0,0.0,0.0,0.0,0.0,0.21667951949615344,20.030227157973023,21.93855054464615
2289,91.52,0.98,1,0.025,0.274,0.029,-0.021,-0.093,0.06,0.02,0.0,0.42,0.0,2.08,0.0,0.0,0.26,0.05,0.0,0.34,0.0,0.0,0.06,0.0,0.0,0.0,0.0,0.0,0.0,0.0,1.0,0.0,0.0,1.0,1.0,0.0,0.0,0.0,0.0,0.0,0.0,0.0,0.0,0.21670786914167767,20.662042493422483,21.319005605327796
2290,91.56,0.98,1,0.02,0.266,0.032,-0.02,-0.096,0.06,0.02,0.0,0.4,0.0,2.16,0.0,0.0,0.28,0.05,0.1,0.31,0.0,0.0,0.08,0.0,0.0,0.0,0.0,0.0,0.0,0.0,1.0,0.0,0.0,1.0,1.0,0.0,0.0,0.0,0.0,0.0,0.0,0.0,0.0,0.22772562852299383,21.046614929722068,20.62425756239496
2291,91.6,0.98,1,0.012,0.273,0.036,-0.019,-0.094,0.06,0.02,0.0,0.31,0.0,2.05,0.0,0.0,0.29,0.13,0.18,0.38,0.0,0.0,0.06,0.0,0.0,0.0,0.0,0.0,0.0,0.0,1.0,0.0,0.0,1.0,1.0,0.0,0.0,0.0,0.0,0.0,0.0,0.0,0.0,0.22822265977981682,21.168372634664326,21.414948050369023
2292,91.64,0.98,1,0.03,0.279,0.033,-0.02,-0.093,0.07,0.03,0.0,0.25,0.0,1.86,0.0,0.0,0.27,0.1,0.24,0.26,0.0,0.0,0.02,0.02,0.0,0.0,1.0,0.0,0.0,0.0,1.0,0.0,0.0,0.0,1.0,0.0,0.0,0.0,0.0,0.0,0.0,0.0,0.0,0.21801702432046247,21.16057655169173,21.523243250030884
2293,91.68,0.98,1,0.026,0.282,0.043,-0.019,-0.096,0.07,0.03,0.0,0.19,0.0,1.49,0.0,0.0,0.22,0.1,0.15,0.26,0.0,0.0,0.0,0.02,0.0,0.0,1.0,0.0,0.0,0.0,0.0,0.0,0.0,0.0,1.0,0.0,0.0,0.0,0.0,0.0,0.0,0.0,0.0,0.22727826856858277,21.2461761265408,21.714741536569157
2294,91.72,0.98,1,0.029,0.285,0.032,-0.019,-0.091,0.25,0.14,0.0,0.07,0.0,1.35,0.0,0.0,0.18,0.01,0.08,0.15,0.0,0.0,0.0,0.04,0.26,0.0,1.0,0.0,0.0,0.0,0.0,0.0,0.0,0.0,1.0,0.0,0.0,0.0,0.0,0.0,0.0,0.0,0.0,0.2180439393565215,21.233935103979245,21.914607000811216
2295,91.76,0.98,1,0.003,0.296,0.041,-0.027,-0.09,0.57,0.18,0.0,0.03,0.0,0.99,0.0,0.0,0.2,0.0,0.11,0.17,0.0,0.0,0.03,0.18,0.96,0.0,1.0,0.0,0.0,0.0,0.0,0.0,0.0,0.0,1.0,0.0,0.0,0.0,0.0,0.0,0.0,0.0,0.0,0.22247609833333676,16.600301202086573,17.923448328934878
2296,91.8,0.98,1,0.046,0.446,0.054,-0.032,-0.089,0.95,0.25,0.0,0.0,0.0,0.9,0.0,0.03,0.23,0.08,0.17,0.09,0.0,0.0,0.15,0.4,1.6,0.0,1.0,0.0,0.0,0.0,0.0,0.0,0.0,0.0,1.0,0.0,0.0,0.0,0.0,0.0,0.0,0.0,1.0,0.16673002902241701,16.0312195418814,20.238824076511957
2297,91.84,0.98,1,0.023,0.448,0.06,-0.031,-0.092,0.95,0.2,0.0,0.0,0.0,0.68,0.0,0.03,0.19,0.09,0.21,0.04,0.0,0.0,0.4,0.67,1.91,0.0,1.0,0.0,0.0,0.0,0.0,0.0,0.0,0.0,1.0,0.0,0.0,0.0,0.0,0.0,0.0,0.0,1.0,0.16311567605586286,16.044936896105266,20.605096456944683
2298,91.88,0.98,1,-0.015,0.398,0.046,-0.027,-0.076,0.79,0.18,0.0,0.03,0.0,1.08,0.0,0.03,0.14,0.09,0.24,0.0,0.0,0.0,0.48,0.82,1.55,0.0,1.0,0.0,0.0,0.0,0.0,0.0,0.0,0.0,1.0,0.0,0.0,0.0,0.0,0.0,0.0,0.0,1.0,0.1744344898664606,17.523127574722498,18.939112967612864
2299,91.92,0.98,1,0.015,0.325,0.046,-0.024,-0.085,0.49,0.11,0.0,0.09,0.0,1.41,0.0,0.0,0.16,0.01,0.26,0.03,0.0,0.0,0.51,0.89,1.2,0.0,1.0,0.0,0.0,0.0,0.0,0.0,0.0,0.0,1.0,0.0,0.0,0.0,0.0,0.0,0.0,0.0,1.0,0.19194080279717096,17.310401497365635,19.798989873223235
2300,91.96,0.98,1,0.02,0.309,0.036,-0.031,-0.083,0.31,0.06,0.0,0.09,0.0,1.85,0.02,0.01,0.21,0.0,0.34,0.1,0.0,0.0,0.46,0.99,0.72,0.0,0.0,0.0,0.0,0.0,0.0,0.0,0.0,0.0,1.0,0.0,0.0,0.0,0.0,0.0,0.0,0.0,0.0,0.1939238572300368,16.904733065032502,17.564168070250297
2301,92.0,0.98,1,0.016,0.312,0.042,-0.028,-0.088,0.09,0.0,0.0,0.05,0.0,1.92,0.02,0.02,0.26,0.0,0.21,0.18,0.0,0.0,0.6,1.12,0.42,0.0,0.0,0.0,0.0,0.0,0.0,0.0,0.0,0.0,1.0,0.0,0.0,0.0,0.0,0.0,0.0,0.0,0.0,0.18971775668564092,17.310401497365635,19.0168346472277
2302,92.04,0.98,1,0.024,0.301,0.038,-0.021,-0.077,0.05,0.0,0.0,0.0,0.0,2.09,0.02,0.02,0.27,0.0,0.18,0.19,0.0,0.0,0.67,1.22,0.14,0.0,0.0,0.0,0.0,0.0,0.0,0.0,0.0,0.0,1.0,0.0,0.0,0.0,0.0,0.0,0.0,0.0,0.0,0.19841232966606798,19.602295783912567,19.22602402994446
2303,92.08,0.98,1,0.021,0.288,0.038,-0.027,-0.085,0.05,0.0,0.0,0.0,0.0,2.03,0.0,0.02,0.29,0.0,0.1,0.15,0.0,0.0,0.68,1.16,0.04,0.0,0.0,0.0,0.0,0.0,1.0,0.0,0.0,0.0,1.0,0.0,0.0,0.0,0.0,0.0,0.0,0.0,0.0,0.21300986998185756,20.200000000000045,20.51560381758236
2304,92.12,0.98,1,0.034,0.309,0.052,-0.027,-0.091,0.05,0.0,0.0,0.0,0.0,2.01,0.01,0.0,0.29,0.0,0.12,0.09,0.0,0.0,0.63,0.94,0.0,0.0,0.0,0.0,0.0,0.0,1.0,0.0,0.0,0.0,1.0,0.0,0.0,0.0,0.0,0.0,0.0,0.0,0.0,0.21501498343970993,19.509228585466932,20.729206448873096
2305,92.16,0.98,1,0.039,0.303,0.04,-0.023,-0.091,0.0,0.0,0.0,0.0,0.0,1.96,0.01,0.0,0.31,0.0,0.08,0.07,0.0,0.0,0.61,0.88,0.0,0.0,0.0,0.0,0.0,0.0,1.0,0.0,0.0,0.0,1.0,0.0,0.0,0.0,0.0,0.0,0.0,0.0,0.0,0.20747950097135875,20.312065379965624,20.928927349484358
2306,92.2,0.98,1,0.044,0.301,0.043,-0.026,-0.094,0.0,0.0,0.0,0.02,0.0,1.98,0.01,0.0,0.35,0.0,0.09,0.11,0.0,0.0,0.62,0.88,0.0,0.0,0.0,0.0,0.0,0.0,1.0,0.0,0.0,1.0,1.0,0.0,0.0,0.0,0.0,0.0,0.0,0.0,0.0,0.21207671216661564,20.012246250733572,21.922819161777394
2307,92.24,0.98,1,0.038,0.317,0.048,-0.031,-0.093,0.05,0.0,0.0,0.03,0.0,2.28,0.0,0.01,0.4,0.04,0.13,0.17,0.0,0.0,0.58,0.97,0.0,0.0,0.0,0.0,0.0,0.0,1.0,0.0,0.0,1.0,1.0,0.0,0.0,0.0,0.0,0.0,0.0,0.0,0.0,0.20893307668377528,20.120139164528794,21.71474153656893
2308,92.28,0.98,1,0.038,0.305,0.046,-0.03,-0.094,0.14,0.0,0.0,0.03,0.0,2.39,0.0,0.01,0.42,0.04,0.12,0.24,0.0,0.0,0.54,0.91,0.0,0.0,0.0,0.0,0.0,0.0,1.0,0.0,0.0,1.0,1.0,0.0,0.0,0.0,0.0,0.0,0.0,0.0,0.0,0.20610273563043469,20.62425756239473,21.005951537600005
2309,92.32,0.98,1,0.044,0.311,0.041,-0.03,-0.091,0.14,0.0,0.0,0.01,0.0,2.39,0.0,0.01,0.44,0.04,0.06,0.23,0.0,0.0,0.45,0.77,0.0,0.0,0.0,0.0,0.0,0.0,1.0,0.0,0.0,1.0,1.0,0.0,0.0,0.0,0.0,0.0,0.0,0.0,0.0,0.20107155118045705,20.024984394500787,21.418916872708436
2310,92.36,0.98,1,0.059,0.295,0.035,-0.032,-0.091,0.14,0.0,0.0,0.0,0.0,2.04,0.0,0.0,0.42,0.0,0.05,0.16,0.0,0.0,0.46,0.72,0.0,0.0,0.0,0.0,0.0,0.0,1.0,0.0,0.0,1.0,1.0,0.0,0.0,0.0,0.0,0.0,0.0,0.0,0.0,0.20950102033972393,19.630843079195458,21.94470323335461
2311,92.4,0.98,1,0.052,0.28,0.041,-0.034,-0.091,0.06,0.0,0.0,0.03,0.0,1.66,0.0,0.0,0.43,0.06,0.05,0.09,0.0,0.0,0.44,0.64,0.0,0.0,0.0,0.0,0.0,0.0,0.0,0.0,0.0,1.0,1.0,0.0,0.0,0.0,0.0,0.0,0.0,0.0,0.0,0.2318357243257943,20.229928324143955,21.73315439599144
2312,92.44,0.98,1,0.066,0.294,0.029,-0.037,-0.088,0.06,0.0,0.0,0.03,0.0,1.53,0.0,0.0,0.42,0.06,0.1,0.08,0.0,0.0,0.52,0.71,0.0,0.0,0.0,0.0,0.0,0.0,0.0,0.0,0.0,0.0,1.0,0.0,0.0,0.0,0.0,0.0,0.0,0.0,0.0,0.21999435739565926,20.84706214314137,22.93686988235303
2313,92.48,0.98,1,0.066,0.292,0.033,-0.04,-0.088,0.01,0.0,0.0,0.03,0.0,1.6,0.0,0.0,0.44,0.07,0.15,0.08,0.0,0.0,0.49,0.68,0.0,0.0,0.0,0.0,0.0,0.0,0.0,0.0,0.0,0.0,1.0,0.0,0.0,0.0,0.0,0.0,0.0,0.0,0.0,0.23120340517631557,20.769689453624522,23.15534495532286
2314,92.52,0.98,1,0.067,0.295,0.036,-0.04,-0.089,0.09,0.0,0.0,0.0,0.0,1.73,0.0,0.0,0.42,0.02,0.21,0.06,0.0,0.0,0.45,0.76,0.0,0.0,0.0,0.0,0.0,0.0,0.0,0.0,0.0,0.0,1.0,0.0,0.0,0.0,0.0,0.0,0.0,0.0,0.0,0.2245977569234699,20.670026608594302,22.55681715136247
2315,92.56,0.98,1,0.071,0.31,0.051,-0.039,-0.093,0.1,0.0,0.0,0.05,0.0,1.76,0.0,0.0,0.41,0.11,0.2,0.03,0.0,0.0,0.42,0.71,0.0,0.0,0.0,0.0,0.0,0.0,0.0,0.0,0.0,0.0,1.0,0.0,0.0,0.0,0.0,0.0,0.0,0.0,0.0,0.22431758446014044,21.085777196963843,23.055585006674633
2316,92.6,0.98,1,0.063,0.291,0.042,-0.039,-0.091,0.13,0.0,0.0,0.05,0.0,1.68,0.0,0.0,0.41,0.21,0.17,0.04,0.0,0.0,0.47,0.71,0.0,0.0,0.0,0.0,0.0,0.0,0.0,0.0,0.0,1.0,1.0,0.0,0.0,0.0,0.0,0.0,0.0,0.0,0.0,0.21924062519882082,21.36000936329401,22.74313083108836
2317,92.64,0.98,1,0.057,0.296,0.052,-0.038,-0.093,0.05,0.04,0.0,0.05,0.0,1.6,0.0,0.0,0.47,0.28,0.14,0.1,0.0,0.0,0.45,0.69,0.0,0.0,0.0,0.0,0.0,0.0,0.0,0.0,0.0,1.0,1.0,0.0,0.0,0.0,0.0,0.0,0.0,0.0,0.0,0.23261786635399692,21.294130646729908,22.84928882919549
2318,92.68,0.98,1,0.05,0.292,0.041,-0.037,-0.091,0.04,0.05,0.0,0.01,0.0,1.6,0.0,0.0,0.53,0.46,0.09,0.18,0.04,0.01,0.43,0.71,0.0,0.0,0.0,0.0,0.0,0.0,0.0,0.0,0.0,1.0,1.0,0.0,0.0,0.0,0.0,0.0,0.0,0.0,0.0,0.23153720004162526,21.592822881689184,23.45463706817917
2319,92.72,0.98,1,0.051,0.295,0.044,-0.04,-0.091,0.01,0.05,0.0,0.01,0.0,1.69,0.0,0.0,0.61,0.81,0.03,0.42,0.09,0.08,0.3,0.67,0.0,0.0,0.0,0.0,0.0,0.0,0.0,0.0,0.0,1.0,1.0,0.0,0.0,0.0,0.0,0.0,0.0,0.0,0.0,0.22766976340406678,21.80137610335645,23.547823678633232
2320,92.76,0.98,1,0.048,0.304,0.058,-0.033,-0.09,0.0,0.01,0.0,0.01,0.0,1.78,0.0,0.0,0.71,1.24,0.0,0.68,0.09,0.23,0.2,0.59,0.0,0.0,0.0,0.0,0.0,0.0,0.0,0.0,0.0,1.0,1.0,0.0,1.0,0.0,0.0,0.0,0.0,0.0,0.0,0.2150615057139727,21.79197099851232,23.342022191746977
2321,92.8,0.98,1,0.03,0.298,0.062,-0.033,-0.082,0.03,0.0,0.0,0.0,0.0,1.6,0.0,0.0,0.77,1.5,0.0,0.96,0.12,0.29,0.12,0.54,0.44,0.0,0.0,0.0,0.0,0.0,0.0,0.0,0.0,1.0,1.0,0.0,1.0,0.0,0.0,0.0,0.0,0.0,0.0,0.22833611930064387,21.345959805077822,22.0081802973349
2322,92.84,0.98,1,0.041,0.353,0.056,-0.037,-0.075,0.26,0.08,0.0,0.0,0.0,1.24,0.0,0.0,0.88,1.62,0.06,1.02,0.34,0.22,0.07,0.43,1.25,0.0,1.0,0.0,0.0,0.0,1.0,0.0,0.0,1.0,1.0,0.0,1.0,0.0,0.0,0.0,0.0,0.0,1.0,0.20857485772426537,19.300259065618736,19.184629264075067
2323,92.88,0.98,1,0.018,0.441,0.062,-0.051,-0.066,0.36,0.08,0.0,0.0,0.0,0.82,0.0,0.0,0.88,1.67,0.06,1.1,0.62,0.07,0.07,0.28,1.84,0.0,1.0,0.0,0.0,0.0,1.0,0.0,0.0,1.0,1.0,0.0,1.0,1.0,0.0,0.0,0.0,0.0,1.0,0.16726240209659893,17.40402252354318,20.056420418409527
2324,92.92,0.98,1,0.038,0.392,0.029,-0.057,-0.052,0.41,0.08,0.0,0.0,0.0,0.86,0.0,0.05,0.88,1.63,0.06,1.11,0.81,0.06,0.0,0.1,1.82,0.0,1.0,0.0,0.0,0.0,1.0,0.0,0.0,1.0,1.0,0.0,1.0,1.0,0.0,0.0,0.0,0.0,1.0,0.1783956225519121,18.170580618130966,21.633538776631063
2325,92.96,0.98,1,0.017,0.336,0.039,-0.056,-0.056,0.18,0.0,0.0,0.0,0.0,1.03,0.0,0.08,0.82,1.51,0.0,1.11,0.8,0.19,0.0,0.03,1.28,1.0,1.0,0.0,0.0,0.0,1.0,0.0,0.0,1.0,1.0,0.0,1.0,1.0,0.0,0.0,0.0,0.0,1.0,0.19036004885730573,17.42326031487802,19.79141227906694
2326,93.0,0.98,1,0.044,0.3,0.035,-0.054,-0.055,0.08,0.0,0.0,0.0,0.0,1.41,0.0,0.15,0.78,1.32,0.0,1.11,0.79,0.38,0.0,0.02,0.99,1.0,1.0,0.0,0.0,0.0,1.0,0.0,0.0,1.0,1.0,0.0,1.0,1.0,0.0,0.0,0.0,0.0,1.0,0.18883516713652934,18.32730203821628,18.2455474020377
2327,93.04,0.98,1,0.046,0.307,0.034,-0.043,-0.055,0.0,0.0,0.0,0.0,0.0,1.51,0.0,0.13,0.76,1.19,0.0,1.13,0.79,0.52,0.0,0.02,0.75,1.0,1.0,0.0,0.0,0.0,1.0,0.0,0.0,1.0,1.0,0.0,1.0,1.0,0.0,0.0,0.0,0.0,1.0,0.16200489944942542,19.00236827345476,18.469434208984172
2328,93.08,0.98,1,0.035,0.295,0.041,-0.046,-0.06,0.03,0.0,0.0,0.04,0.0,1.77,0.0,0.12,0.72,1.06,0.0,1.04,0.7,0.61,0.0,0.01,0.49,0.0,1.0,0.0,0.0,0.0,1.0,0.0,0.0,1.0,1.0,0.0,1.0,1.0,0.0,0.0,0.0,0.0,0.0,0.1869913592556065,18.00444389588304,19.016834647227707
2329,93.12,0.98,1,0.025,0.307,0.05,-0.04,-0.061,0.08,0.04,0.0,0.04,0.0,1.95,0.0,0.08,0.75,1.06,0.0,1.03,0.54,0.65,0.0,0.0,0.18,0.0,1.0,0.0,0.0,0.0,1.0,0.0,0.0,1.0,1.0,0.0,1.0,1.0,0.0,0.0,0.0,0.0,0.0,0.18839841712301245,19.602295783912567,20.619650821485934
2330,93.16,0.98,1,0.034,0.285,0.038,-0.041,-0.057,0.08,0.04,0.0,0.17,0.0,2.11,0.0,0.09,0.78,1.0,0.0,0.92,0.37,0.64,0.0,0.0,0.0,1.0,1.0,0.0,0.0,0.0,1.0,0.0,0.0,1.0,1.0,0.0,1.0,0.0,0.0,0.0,0.0,0.0,0.0,0.19996242985317914,19.90000000000009,20.51560381758236
2331,93.2,0.98,1,0.033,0.316,0.059,-0.042,-0.063,0.05,0.04,0.0,0.13,0.0,2.08,0.0,0.13,0.83,1.01,0.0,1.04,0.35,0.6,0.0,0.0,0.0,1.0,1.0,0.0,0.0,0.0,1.0,0.0,0.0,1.0,1.0,0.0,1.0,0.0,0.0,0.0,0.0,0.0,0.0,0.20802243437649254,19.704060495238075,21.119185590358263
2332,93.24,0.98,1,0.038,0.299,0.039,-0.042,-0.057,0.07,0.0,0.0,0.13,0.0,2.06,0.0,0.16,0.82,0.9,0.0,0.92,0.34,0.54,0.0,0.0,0.0,1.0,1.0,0.0,0.0,0.0,1.0,0.0,0.0,1.0,1.0,0.0,1.0,0.0,0.0,0.0,0.0,0.0,0.0,0.2042656684766352,20.400245096566945,21.21909517392276
2333,93.28,0.98,1,0.031,0.308,0.054,-0.037,-0.06,0.11,0.01,0.0,0.0,0.0,2.12,0.0,0.16,0.81,0.93,0.0,1.0,0.37,0.52,0.0,0.0,0.0,1.0,1.0,0.0,0.0,0.0,1.0,0.0,0.0,1.0,1.0,0.0,1.0,0.0,0.0,0.0,0.0,0.0,0.0,0.21267000184371707,20.212125073826172,21.714741536569164
2334,93.32,0.98,1,0.027,0.305,0.05,-0.041,-0.059,0.13,0.01,0.0,0.02,0.01,2.18,0.0,0.16,0.8,0.98,0.0,0.93,0.38,0.46,0.0,0.0,0.0,1.0,1.0,0.0,0.0,0.0,1.0,0.0,0.0,1.0,1.0,0.0,1.0,0.0,0.0,0.0,0.0,0.0,0.0,0.21039199156246274,20.015993605114883,22.2144097378254
2335,93.36,0.98,1,0.018,0.322,0.059,-0.036,-0.06,0.07,0.03,0.0,0.02,0.01,2.22,0.0,0.1,0.8,1.05,0.0,0.97,0.4,0.39,0.0,0.0,0.0,1.0,1.0,0.0,0.0,0.0,1.0,0.0,0.0,1.0,1.0,0.0,1.0,0.0,0.0,0.0,0.0,0.0,0.0,0.19680861792528764,20.535091916034858,22.426992665090076
2336,93.4,0.98,1,0.026,0.306,0.055,-0.037,-0.059,0.06,0.02,0.0,0.11,0.01,2.24,0.0,0.07,0.77,0.95,0.03,0.87,0.43,0.32,0.0,0.0,0.0,0.0,1.0,0.0,0.0,0.0,1.0,0.0,0.0,1.0,1.0,0.0,1.0,0.0,0.0,0.0,0.0,0.0,0.0,0.20708060966070613,20.824024587000423,22.337860237721916
2337,93.44,0.98,1,0.023,0.322,0.073,-0.034,-0.065,0.04,0.02,0.0,0.09,0.0,2.09,0.0,0.01,0.69,0.85,0.03,0.78,0.43,0.25,0.0,0.0,0.0,0.0,1.0,0.0,0.0,0.0,1.0,0.0,0.0,1.0,1.0,0.0,1.0,0.0,0.0,0.0,0.0,0.0,0.0,0.2079236107636449,20.74728897952698,21.92281916177762
2338,93.48,0.98,1,0.028,0.308,0.059,-0.036,-0.062,0.08,0.0,0.0,0.09,0.0,1.91,0.0,0.01,0.58,0.81,0.11,0.7,0.44,0.27,0.0,0.11,0.0,0.0,0.0,0.0,0.0,0.0,1.0,0.0,0.0,0.0,1.0,0.0,1.0,0.0,0.0,0.0,0.0,0.0,0.0,0.2094259032438977,21.14639449173301,22.63183598385239
2339,93.52,0.98,1,0.012,0.321,0.071,-0.033,-0.064,0.06,0.0,0.0,0.0,0.0,1.76,0.0,0.0,0.47,0.82,0.08,0.63,0.3,0.28,0.0,0.11,0.0,0.0,0.0,0.0,0.0,0.0,1.0,0.0,0.0,0.0,1.0,0.0,1.0,0.0,0.0,0.0,0.0,0.0,0.0,0.20743670349013524,20.834586628968626,21.6187418690359
2340,93.56,0.98,1,0.02,0.314,0.06,-0.031,-0.062,0.1,0.0,0.0,0.1,0.0,1.92,0.0,0.0,0.39,0.81,0.17,0.6,0.2,0.33,0.0,0.13,0.0,0.0,0.0,0.0,0.0,0.0,1.0,0.0,0.0,0.0,1.0,0.0,1.0,0.0,0.0,0.0,0.0,0.0,0.0,0.20611824293462652,20.75427666771362,22.643321311150356
2341,93.6,0.98,1,0.023,0.332,0.075,-0.029,-0.067,0.13,0.0,0.0,0.1,0.0,1.96,0.0,0.0,0.35,0.84,0.24,0.64,0.13,0.42,0.0,0.05,0.0,0.0,0.0,0.0,0.0,0.0,1.0,0.0,0.0,0.0,1.0,0.0,1.0,0.0,0.0,0.0,0.0,0.0,0.0,0.2077994579763236,20.441379601191166,22.244100341438894
2342,93.64,0.98,1,0.03,0.312,0.055,-0.035,-0.063,0.13,0.0,0.0,0.1,0.0,1.99,0.0,0.0,0.32,0.77,0.43,0.69,0.15,0.48,0.0,0.13,0.0,0.0,0.0,0.0,0.0,0.0,0.0,0.0,0.0,0.0,1.0,0.0,1.0,0.0,0.0,0.0,0.0,0.0,0.0,0.21939304015451783,20.75427666771362,22.537524265100636
2343,93.68,0.98,1,0.025,0.342,0.08,-0.033,-0.068,0.08,0.0,0.0,0.0,0.0,1.71,0.0,0.0,0.35,0.77,0.42,0.79,0.08,0.61,0.0,0.11,0.0,0.0,0.0,0.0,0.0,0.0,1.0,0.0,0.0,0.0,1.0,0.0,0.0,0.0,0.0,0.0,0.0,0.0,0.0,0.21430019288126861,21.375921032788447,22.244100341438667
2344,93.72,0.98,1,0.039,0.315,0.057,-0.034,-0.065,0.0,0.0,0.0,0.0,0.0,1.7,0.0,0.0,0.34,0.67,0.5,0.75,0.05,0.71,0.0,0.11,0.0,0.0,0.0,0.0,0.0,0.0,1.0,0.0,0.0,0.0,1.0,0.0,0.0,0.0,0.0,0.0,0.0,0.0,0.0,0.21259555974288227,20.961154548354532,22.826519664635647
2345,93.76,0.98,1,0.024,0.324,0.066,-0.031,-0.067,0.0,0.04,0.0,0.01,0.0,1.77,0.0,0.0,0.3,0.7,0.58,0.73,0.02,0.8,0.0,0.11,0.0,0.0,0.0,0.0,0.0,0.0,0.0,0.0,0.0,0.0,1.0,0.0,0.0,0.0,0.0,0.0,0.0,0.0,0.0,0.21686232893921548,21.1683726346641,23.126175645791413
2346,93.8,0.98,1,0.028,0.329,0.076,-0.035,-0.069,0.0,0.04,0.0,0.01,0.0,1.85,0.0,0.0,0.24,0.64,0.71,0.65,0.02,0.79,0.0,0.2,0.0,0.0,0.0,0.0,0.0,0.0,0.0,0.0,0.0,0.0,1.0,0.0,0.0,0.0,0.0,0.0,0.0,0.0,0.0,0.2242390760266438,21.50279051658189,22.617913254763266
2347,93.84,0.98,1,0.031,0.318,0.061,-0.038,-0.062,0.0,0.04,0.0,0.01,0.0,1.76,0.0,0.0,0.23,0.62,0.82,0.57,0.15,0.72,0.0,0.27,0.0,0.0,0.0,0.0,0.0,0.0,0.0,0.0,0.0,0.0,1.0,0.0,0.0,0.0,0.0,0.0,0.0,0.0,0.0,0.22653909071442832,21.467417171145755,22.710790386950475
2348,93.88,0.98,1,0.02,0.326,0.073,-0.033,-0.064,0.0,0.0,0.0,0.0,0.0,1.69,0.0,0.0,0.25,0.56,0.79,0.59,0.15,0.62,0.0,0.31,0.0,0.0,0.0,0.0,0.0,0.0,0.0,0.0,0.0,0.0,1.0,0.0,0.0,0.0,0.0,0.0,1.0,0.0,0.0,0.23188061550179773,21.467417171145538,22.002045359466013
2349,93.92,0.98,1,0.012,0.331,0.066,-0.036,-0.062,0.12,0.0,0.0,0.0,0.0,1.36,0.0,0.0,0.23,0.58,0.76,0.57,0.2,0.39,0.03,0.35,0.44,0.0,0.0,0.0,0.0,0.0,0.0,0.0,0.0,0.0,1.0,0.0,0.0,0.0,0.0,0.0,1.0,0.0,0.0,0.22466917988069585,19.200260414900672,21.82773465112672
2350,93.96,0.98,1,0.069,0.422,0.064,-0.054,-0.057,0.41,0.08,0.0,0.0,0.0,0.85,0.0,0.0,0.25,0.73,0.61,0.67,0.21,0.17,0.04,0.49,1.19,1.0,1.0,0.0,0.0,0.0,0.0,0.0,0.0,0.0,1.0,0.0,0.0,0.0,0.0,0.0,1.0,0.0,1.0,0.20103316918606529,16.93576098083588,21.061101585624716
2351,94.0,0.98,1,0.03,0.437,0.066,-0.056,-0.057,0.66,0.17,0.0,0.0,0.0,0.38,0.0,0.0,0.27,0.85,0.37,0.67,0.31,0.01,0.12,0.52,1.78,1.0,1.0,0.0,0.0,0.0,0.0,0.0,0.0,0.0,1.0,0.0,1.0,1.0,0.0,0.0,1.0,0.0,1.0,0.17032187304527785,16.236378906640397,20.916261616264077
2352,94.04,0.98,1,0.039,0.43,0.049,-0.048,-0.057,0.74,0.17,0.0,0.0,0.0,0.54,0.0,0.0,0.26,0.96,0.25,0.68,0.37,0.0,0.11,0.64,1.8,1.0,1.0,0.0,0.0,0.0,0.0,0.0,0.0,0.0,1.0,0.0,1.0,1.0,0.0,0.0,1.0,0.0,1.0,0.17577013176239298,16.18950277185798,21.82154898259957
2353,94.08,0.98,1,-0.009,0.375,0.061,-0.04,-0.066,0.56,0.09,0.0,0.0,0.0,0.91,0.0,0.0,0.31,0.93,0.07,0.74,0.45,0.02,0.11,0.54,1.3,1.0,1.0,0.0,0.0,0.0,0.0,0.0,0.0,0.0,1.0,0.0,1.0,1.0,0.0,0.0,1.0,0.0,1.0,0.18330046403586517,17.824140933015585,19.37524193397319
2354,94.12,0.98,1,0.021,0.316,0.047,-0.043,-0.065,0.44,0.0,0.0,0.0,0.0,1.23,0.0,0.0,0.42,1.06,0.07,0.85,0.6,0.09,0.02,0.51,0.91,1.0,1.0,0.0,0.0,0.0,0.0,0.0,0.0,0.0,1.0,0.0,1.0,1.0,0.0,0.0,0.0,0.0,1.0,0.19543647346038087,16.71915069613291,19.33726971420737
2355,94.16,0.98,1,0.03,0.311,0.052,-0.039,-0.07,0.28,0.0,0.0,0.0,0.0,1.46,0.0,0.0,0.58,1.1,0.0,0.98,0.87,0.17,0.0,0.41,0.59,1.0,1.0,0.0,0.0,0.0,0.0,0.0,0.0,0.0,1.0,0.0,1.0,1.0,0.0,0.0,0.0,0.0,0.0,0.1901782862820108,16.704789732289402,18.00055554698252
2356,94.2,0.98,1,0.034,0.321,0.059,-0.039,-0.072,0.17,0.0,0.0,0.06,0.01,1.73,0.0,0.03,0.7,1.31,0.02,1.09,0.94,0.36,0.0,0.4,0.45,1.0,1.0,0.0,0.0,0.0,0.0,0.0,0.0,0.0,1.0,0.0,1.0,1.0,0.0,0.0,0.0,0.0,0.0,0.18311368039181164,17.01440566108614,17.772169254201955
2357,94.24,0.98,1,0.015,0.31,0.052,-0.034,-0.07,0.04,0.0,0.0,0.06,0.02,1.8,0.0,0.05,0.82,1.32,0.02,1.08,1.09,0.47,0.0,0.41,0.32,1.0,1.0,0.0,0.0,0.0,0.0,0.0,0.0,0.0,1.0,0.0,1.0,1.0,0.0,0.0,0.0,0.0,0.0,0.17811392530328413,18.42715387682003,17.94714461968821
2358,94.28,0.98,1,-0.002,0.321,0.06,-0.033,-0.074,0.0,0.0,0.0,0.06,0.06,1.64,0.0,0.05,0.88,1.4,0.02,1.09,0.96,0.61,0.0,0.41,0.3,1.0,1.0,0.0,0.0,0.0,0.0,0.0,0.0,0.0,1.0,0.0,1.0,1.0,0.0,0.0,0.0,0.0,0.0,0.1854278149850658,17.404597093871356,18.62686232299999
2359,94.32,0.98,1,0.02,0.309,0.052,-0.028,-0.076,0.0,0.0,0.0,0.0,0.08,1.48,0.0,0.02,0.89,1.44,0.0,1.13,0.97,0.65,0.0,0.42,0.19,1.0,1.0,0.0,0.0,0.0,1.0,0.0,0.0,0.0,1.0,0.0,1.0,1.0,0.0,0.0,0.0,0.0,0.0,0.18831550929669488,18.30682932678399,18.752333188166258
2360,94.36,0.98,1,0.02,0.319,0.052,-0.024,-0.082,0.09,0.03,0.0,0.0,0.07,1.64,0.0,0.0,0.87,1.51,0.0,1.18,0.87,0.73,0.0,0.36,0.15,1.0,1.0,0.0,0.0,0.0,0.0,0.0,0.0,0.0,1.0,0.0,1.0,1.0,0.0,0.0,0.0,0.0,0.0,0.18163335907915493,18.909521411183402,18.985520798756173
2361,94.4,0.98,1,0.006,0.32,0.053,-0.02,-0.089,0.17,0.04,0.0,0.0,0.06,2.01,0.03,0.0,0.81,1.56,0.0,1.18,1.04,0.67,0.0,0.46,0.32,0.0,1.0,0.0,0.0,0.0,0.0,0.0,0.0,0.0,1.0,0.0,1.0,1.0,0.0,0.0,0.0,0.0,0.0,0.17791303864148078,17.20116275139566,18.76832437912328
2362,94.44,0.93,1,-0.018,0.337,0.065,0.001,-0.082,0.17,0.04,0.0,0.0,0.03,2.0,0.15,0.0,0.62,1.23,0.0,1.13,0.92,0.52,0.05,0.79,0.65,0.0,0.0,0.0,0.0,0.0,1.0,0.0,0.0,0.0,1.0,0.0,1.0,1.0,0.0,0.0,0.0,0.0,1.0,0.1698733243438227,18.12236187697389,17.724841325100908
2363,94.48,0.98,1,-0.091,0.366,0.067,0.032,-0.052,0.08,0.01,0.0,0.0,0.03,1.78,0.24,0.0,0.35,0.91,0.0,0.99,0.97,0.46,0.18,1.41,1.29,0.0,0.0,0.0,0.0,0.0,1.0,0.0,0.0,0.0,1.0,0.0,1.0,1.0,0.0,0.0,1.0,0.0,1.0,0.1805977184253173,16.810710871346235,19.672569735548027
2364,94.52,0.98,1,-0.126,0.399,0.071,0.085,-0.025,0.04,0.0,0.0,0.0,0.01,1.64,0.24,0.0,0.14,0.5,0.0,0.8,0.89,0.47,0.45,1.88,1.57,0.0,0.0,0.0,0.0,0.0,1.0,0.0,0.0,0.0,1.0,0.0,0.0,1.0,0.0,1.0,1.0,0.0,1.0,0.17167648170626904,19.949185447030025,19.942417105255682
2365,94.56,0.98,1,-0.186,0.385,0.088,0.152,-0.014,0.21,0.0,0.0,0.0,0.21,1.81,0.2,0.0,0.07,0.49,0.0,0.47,0.81,0.55,0.91,2.14,1.38,0.0,0.0,0.0,0.0,0.0,1.0,0.0,0.0,0.0,1.0,0.0,0.0,1.0,0.0,1.0,1.0,0.0,1.0,0.18194806927737583,18.22223915988377,21.30586773637718
2366,94.6,0.98,1,-0.304,0.393,0.101,0.241,-0.01,0.43,0.19,0.0,0.0,0.38,1.98,0.11,0.0,0.07,0.53,0.0,0.23,0.73,0.62,1.32,2.05,0.73,0.0,0.0,0.0,0.0,0.0,1.0,0.0,0.0,0.0,1.0,0.0,0.0,1.0,0.0,1.0,1.0,0.0,1.0,0.14431121719259848,18.497837711473284,20.940391591371906
2367,94.64,0.93,1,-0.375,0.376,0.114,0.318,0.02,0.77,0.29,0.08,0.0,0.46,2.07,0.08,0.0,0.13,0.76,0.0,0.16,0.6,0.69,1.67,1.89,0.17,1.0,0.0,0.0,0.0,0.0,1.0,0.0,0.0,0.0,1.0,0.0,0.0,1.0,0.0,1.0,1.0,0.0,1.0,0.19426713038440363,16.538742394752962,22.959311836377044
2368,94.68,0.93,1,-0.419,0.357,0.094,0.356,0.062,1.12,0.58,0.2,0.0,0.25,1.93,0.0,0.07,0.19,1.06,0.0,0.19,0.66,0.56,1.81,1.66,0.03,1.0,0.0,0.0,0.0,0.0,1.0,0.0,0.0,0.0,1.0,0.0,0.0,0.0,0.0,1.0,1.0,0.0,1.0,0.22116794067072454,15.223665787188056,24.018742681497756
2369,94.72,0.93,1,-0.448,0.345,0.063,0.406,0.106,1.47,0.64,0.31,0.0,0.11,1.76,0.0,0.22,0.24,1.4,0.0,0.3,0.5,0.34,2.04,1.41,0.0,1.0,0.0,0.0,0.0,0.0,0.0,0.0,0.0,0.0,1.0,0.0,0.0,0.0,0.0,1.0,0.0,0.0,0.0,0.2378782100922234,15.591343752223494,23.53720459187964
2370,94.76,0.93,1,-0.471,0.326,0.044,0.415,0.136,1.75,0.74,0.36,0.0,0.02,1.31,0.0,0.52,0.26,1.67,0.0,0.39,0.34,0.22,2.1,1.3,0.06,1.0,0.0,1.0,0.0,0.0,0.0,0.0,0.0,0.0,1.0,0.0,0.0,0.0,0.0,1.0,0.0,0.0,0.0,0.22787785609632302,16.790473489452157,20.938958904396383
2371,94.8,0.93,1,-0.493,0.308,0.042,0.415,0.153,1.91,0.75,0.37,0.0,0.02,1.06,0.0,0.76,0.33,1.79,0.0,0.47,0.22,0.27,2.18,1.22,0.13,1.0,0.0,1.0,0.0,0.0,0.0,0.0,0.0,0.0,1.0,0.0,0.0,0.0,0.0,1.0,0.0,0.0,0.0,0.23349158677496698,17.658992043715337,19.292485583770674
2372,94.84,0.93,1,-0.488,0.316,0.054,0.414,0.158,2.04,0.69,0.39,0.03,0.0,0.76,0.0,0.83,0.38,1.85,0.0,0.54,0.17,0.45,1.99,1.29,0.13,1.0,0.0,1.0,0.0,0.0,0.0,0.0,0.0,0.0,1.0,0.0,0.0,0.0,0.0,1.0,0.0,0.0,0.0,0.23946994578716518,18.191206666958546,18.534832073692968
2373,94.88,0.93,1,-0.488,0.327,0.065,0.41,0.164,2.18,0.78,0.38,0.2,0.0,0.67,0.0,0.82,0.45,1.74,0.0,0.59,0.23,0.53,1.91,1.24,0.07,1.0,0.0,1.0,0.0,0.0,0.0,0.0,0.0,0.0,1.0,0.0,0.0,0.0,0.0,1.0,0.0,0.0,0.0,0.23694361925460594,18.578482176970223,18.183783984638566
2374,94.92,0.93,1,-0.487,0.335,0.063,0.418,0.167,2.33,0.9,0.43,0.29,0.0,0.64,0.0,0.8,0.45,1.64,0.0,0.69,0.18,0.72,1.85,1.14,0.0,1.0,0.0,1.0,0.0,0.0,0.0,0.0,0.0,0.0,1.0,0.0,0.0,0.0,0.0,1.0,0.0,0.0,0.0,0.23946856473940664,18.79707424042353,18.660117898877182
2375,94.96,0.98,1,-0.491,0.331,0.059,0.416,0.17,2.49,1.15,0.55,0.28,0.0,0.54,0.0,0.82,0.46,1.51,0.0,0.85,0.11,0.73,1.81,1.03,0.0,1.0,0.0,1.0,0.0,0.0,0.0,0.0,0.0,0.0,1.0,0.0,0.0,0.0,0.0,1.0,0.0,0.0,0.0,0.2409542211522837,19.47562579225621,18.915602025840947
2376,95.0,0.98,1,-0.502,0.333,0.073,0.425,0.168,2.53,1.27,0.73,0.15,0.0,0.58,0.0,0.85,0.41,1.55,0.0,1.0,0.0,0.8,1.83,0.86,0.0,1.0,0.0,1.0,0.0,0.0,0.0,0.0,0.0,0.0,1.0,0.0,0.0,0.0,0.0,1.0,0.0,0.0,0.0,0.23993756262084806,20.426698215815566,17.942407865166757
2377,95.04,0.98,1,-0.498,0.329,0.069,0.424,0.166,2.64,1.3,0.83,0.25,0.0,0.69,0.0,0.9,0.4,1.57,0.0,1.04,0.0,0.85,1.72,0.75,0.0,1.0,0.0,1.0,0.0,0.0,0.0,0.0,0.0,0.0,1.0,0.0,0.0,0.0,0.0,1.0,0.0,0.0,0.0,0.24036966636128532,20.446271053666447,17.112860660918173
2378,95.08,0.98,1,-0.492,0.302,0.06,0.408,0.165,2.64,1.26,0.83,0.23,0.0,0.87,0.0,0.91,0.41,1.65,0.0,1.06,0.0,1.01,1.64,0.73,0.0,1.0,0.0,1.0,0.0,0.0,0.0,0.0,0.0,0.0,1.0,0.0,0.0,0.0,0.0,1.0,0.0,0.0,0.0,0.24090137931430222,20.252901026766345,16.608732642799673
2379,95.12,0.98,1,-0.516,0.326,0.066,0.419,0.164,2.65,1.27,0.7,0.2,0.0,0.85,0.0,0.88,0.42,1.66,0.1,1.09,0.03,1.09,1.55,0.76,0.0,1.0,0.0,1.0,0.0,0.0,0.0,0.0,0.0,0.0,1.0,0.0,0.0,0.0,0.0,1.0,0.0,0.0,0.0,0.25226667944705966,20.567936211491922,17.173526137633985
2380,95.16,0.98,1,-0.496,0.286,0.043,0.413,0.167,2.52,1.1,0.65,0.13,0.0,0.72,0.0,0.86,0.47,1.62,0.18,1.22,0.09,1.1,1.52,0.78,0.0,1.0,0.0,1.0,0.0,0.0,0.0,0.0,0.0,0.0,1.0,0.0,0.0,0.0,0.0,1.0,0.0,0.0,0.0,0.2703634219288172,20.424739900424775,17.140595088852603
2381,95.2,0.98,1,-0.493,0.279,0.043,0.415,0.167,2.44,1.02,0.57,0.13,0.0,0.61,0.0,0.93,0.51,1.54,0.19,1.3,0.09,1.05,1.54,0.71,0.0,1.0,0.0,1.0,0.0,0.0,0.0,0.0,0.0,0.0,1.0,0.0,0.0,0.0,0.0,1.0,0.0,0.0,0.0,0.26541968817565487,20.52218311973656,16.351452534866755
2382,95.24,0.98,1,-0.483,0.271,0.047,0.404,0.168,2.35,0.86,0.57,0.14,0.0,0.54,0.0,0.86,0.51,1.5,0.09,1.31,0.06,1.04,1.54,0.72,0.0,1.0,0.0,1.0,0.0,0.0,0.0,0.0,0.0,0.0,1.0,0.0,0.0,0.0,0.0,1.0,0.0,0.0,0.0,0.26388192413890527,21.204952251773467,16.41736885131113
2383,95.28,0.98,1,-0.494,0.288,0.054,0.411,0.17,2.29,0.96,0.57,0.14,0.0,0.63,0.0,0.85,0.48,1.53,0.02,1.33,0.0,1.12,1.45,0.79,0.0,1.0,0.0,1.0,0.0,0.0,0.0,0.0,0.0,0.0,1.0,0.0,0.0,0.0,0.0,1.0,0.0,0.0,0.0,0.2520344606776292,21.18348413269172,17.140011668607407
2384,95.32,0.98,1,-0.505,0.304,0.054,0.4,0.171,2.22,0.94,0.65,0.21,0.0,0.78,0.0,0.85,0.47,1.6,0.05,1.38,0.0,1.2,1.35,0.87,0.0,1.0,0.0,1.0,0.0,0.0,0.0,0.0,0.0,0.0,1.0,0.0,0.0,0.0,0.0,1.0,0.0,0.0,0.0,0.24913853076763265,20.946121359335233,17.52312757472251
2385,95.36,0.98,1,-0.503,0.302,0.051,0.394,0.172,2.26,1.09,0.67,0.27,0.0,0.82,0.0,0.97,0.54,1.69,0.12,1.46,0.0,1.26,1.15,0.97,0.0,1.0,0.0,1.0,0.0,0.0,0.0,0.0,0.0,0.0,1.0,0.0,0.0,0.0,0.0,1.0,0.0,0.0,0.0,0.24939844866821034,20.31797233977827,17.36231551377868
2386,95.4,0.98,1,-0.511,0.301,0.05,0.388,0.176,2.22,1.08,0.58,0.25,0.0,0.66,0.0,0.91,0.57,1.67,0.2,1.38,0.0,1.26,1.0,1.12,0.0,1.0,0.0,1.0,0.0,0.0,0.0,0.0,0.0,0.0,1.0,0.0,1.0,0.0,0.0,1.0,0.0,0.0,0.0,0.24017490478645842,20.073116349984073,18.310925700247882
2387,95.44,0.98,1,-0.514,0.296,0.048,0.387,0.18,2.21,1.15,0.56,0.29,0.0,0.53,0.0,0.91,0.59,1.7,0.24,1.38,0.0,1.19,0.86,1.07,0.0,1.0,0.0,1.0,0.0,0.0,0.0,0.0,0.0,0.0,1.0,0.0,1.0,0.0,0.0,1.0,0.0,0.0,0.0,0.23834533489154797,20.484140206511047,18.626057016985577
2388,95.48,0.98,1,-0.513,0.299,0.049,0.4,0.177,2.18,1.16,0.48,0.39,0.0,0.51,0.0,0.91,0.55,1.72,0.16,1.42,0.0,1.13,0.89,1.11,0.0,1.0,0.0,1.0,0.0,0.0,0.0,0.0,0.0,0.0,1.0,0.0,1.0,0.0,0.0,1.0,0.0,0.0,0.0,0.24257975519655783,20.026232796010163,19.05203401214691
2389,95.52,0.98,1,-0.522,0.305,0.047,0.399,0.177,2.2,1.2,0.48,0.38,0.0,0.55,0.0,1.01,0.59,1.73,0.09,1.51,0.0,1.03,1.01,1.06,0.0,1.0,0.0,1.0,0.0,0.0,0.0,0.0,0.0,0.0,1.0,0.0,1.0,0.0,0.0,1.0,0.0,0.0,0.0,0.24163065303970366,19.958206332233416,19.024457942343542
2390,95.56,0.98,1,-0.524,0.299,0.049,0.401,0.177,2.26,1.31,0.42,0.27,0.0,0.51,0.0,1.04,0.65,1.72,0.03,1.45,0.0,0.97,1.15,1.19,0.0,1.0,0.0,1.0,0.0,0.0,0.0,0.0,0.0,0.0,1.0,0.0,0.0,0.0,0.0,1.0,0.0,0.0,0.0,0.2430866871973088,20.07311634998409,18.764061394058594
2391,95.6,0.98,1,-0.519,0.299,0.056,0.398,0.175,2.24,1.36,0.45,0.16,0.0,0.4,0.0,1.04,0.67,1.64,0.06,1.39,0.01,0.88,1.16,1.12,0.0,1.0,0.0,1.0,0.0,0.0,0.0,0.0,0.0,0.0,1.0,0.0,1.0,0.0,0.0,1.0,0.0,0.0,0.0,0.24377838463289692,19.744872752185568,18.845158529447357
2392,95.64,0.98,1,-0.521,0.312,0.058,0.401,0.173,2.22,1.25,0.44,0.17,0.0,0.4,0.0,0.96,0.62,1.59,0.06,1.34,0.01,0.9,1.17,1.09,0.0,1.0,0.0,1.0,0.0,0.0,0.0,0.0,0.0,0.0,1.0,0.0,1.0,0.0,0.0,1.0,0.0,0.0,0.0,0.2436020307973713,19.4815297140651,19.492049661336235
2393,95.68,0.98,1,-0.517,0.316,0.046,0.386,0.17,2.13,1.06,0.44,0.27,0.0,0.27,0.0,0.97,0.57,1.6,0.03,1.34,0.01,0.92,1.14,1.05,0.0,1.0,0.0,1.0,0.0,0.0,0.0,0.0,0.0,0.0,1.0,0.0,1.0,0.0,0.0,1.0,0.0,0.0,0.0,0.2358282407568092,19.516659550240853,19.386851214160647
2394,95.72,0.98,1,-0.519,0.315,0.049,0.387,0.169,2.1,0.86,0.5,0.26,0.0,0.22,0.0,0.97,0.53,1.7,0.06,1.31,0.0,0.93,1.16,1.02,0.0,1.0,0.0,1.0,0.0,0.0,0.0,0.0,0.0,0.0,1.0,0.0,1.0,0.0,0.0,1.0,0.0,0.0,0.0,0.23954547824636158,19.859506539690155,19.479733057719233
2395,95.76,0.98,1,-0.518,0.306,0.051,0.392,0.166,2.13,0.86,0.5,0.2,0.0,0.24,0.0,1.01,0.49,1.76,0.06,1.33,0.0,0.93,1.06,1.06,0.0,1.0,0.0,1.0,0.0,0.0,0.0,0.0,0.0,0.0,1.0,0.0,1.0,0.0,0.0,1.0,0.0,0.0,0.0,0.24373138944724865,19.927869931329756,19.65629670105737
2396,95.8,0.98,1,-0.511,0.301,0.042,0.384,0.168,2.18,0.84,0.46,0.21,0.0,0.44,0.0,0.96,0.46,1.76,0.06,1.48,0.0,1.01,0.95,1.14,0.0,1.0,0.0,1.0,0.0,0.0,0.0,0.0,0.0,0.0,1.0,0.0,1.0,0.0,0.0,1.0,0.0,0.0,0.0,0.24095170031187485,19.760819821049942,20.46875667938824
2397,95.84,0.98,1,-0.504,0.296,0.042,0.372,0.167,2.22,0.9,0.45,0.18,0.0,0.52,0.0,0.93,0.44,1.7,0.0,1.48,0.0,1.0,0.93,1.29,0.0,1.0,0.0,1.0,0.0,0.0,0.0,0.0,0.0,0.0,1.0,0.0,1.0,0.0,0.0,1.0,0.0,0.0,0.0,0.23956537145703638,20.12486024796206,20.812736485142967
2398,95.88,0.98,1,-0.515,0.311,0.046,0.388,0.164,2.19,0.91,0.47,0.22,0.0,0.68,0.0,0.91,0.42,1.65,0.0,1.51,0.0,1.03,0.97,1.3,0.0,1.0,0.0,1.0,0.0,0.0,0.0,0.0,0.0,0.0,1.0,0.0,1.0,0.0,0.0,1.0,0.0,0.0,0.0,0.23935898714759518,19.695684806576374,20.50804720103787
2399,95.92,0.98,1,-0.507,0.315,0.059,0.382,0.162,2.25,0.96,0.59,0.22,0.0,0.58,0.0,0.92,0.44,1.61,0.03,1.35,0.0,0.93,0.92,1.22,0.0,1.0,0.0,1.0,0.0,0.0,0.0,0.0,0.0,0.0,1.0,0.0,1.0,0.0,0.0,1.0,0.0,0.0,0.0,0.24154693923852127,19.81161275615895,21.03449547766719
2400,95.96,0.98,1,-0.508,0.327,0.062,0.39,0.156,2.17,0.93,0.65,0.23,0.0,0.53,0.0,0.91,0.45,1.57,0.03,1.32,0.01,0.98,0.85,1.08,0.0,1.0,0.0,1.0,0.0,0.0,0.0,0.0,0.0,0.0,1.0,0.0,1.0,0.0,0.0,1.0,0.0,0.0,0.0,0.24730315186934915,20.026232796010387,21.09241569853962
2401,96.0,0.98,1,-0.487,0.32,0.065,0.385,0.154,2.06,0.85,0.59,0.13,0.0,0.37,0.0,0.82,0.53,1.66,0.03,1.24,0.01,0.86,0.77,0.95,0.0,1.0,0.0,1.0,0.0,0.0,0.0,0.0,0.0,0.0,1.0,0.0,0.0,0.0,0.0,1.0,0.0,0.0,0.0,0.2394207205436533,18.69358178627078,21.593517545782056
2402,96.04,0.98,1,-0.485,0.304,0.047,0.381,0.148,1.9,0.96,0.43,0.01,0.0,0.63,0.0,0.61,0.53,1.58,0.0,1.08,0.04,0.57,0.98,0.93,0.7,1.0,0.0,1.0,0.0,0.0,0.0,0.0,0.0,0.0,1.0,0.0,0.0,0.0,0.0,1.0,0.0,0.0,0.0,0.2491478348370021,18.515398996510918,23.036058690670178
2403,96.08,0.98,1,-0.378,0.393,0.036,0.41,0.128,1.65,1.06,0.18,0.0,0.0,0.86,0.0,0.31,0.51,1.33,0.0,0.8,0.26,0.24,1.15,0.95,1.5,1.0,0.0,0.0,0.0,0.0,0.0,0.0,0.0,0.0,1.0,0.0,0.0,0.0,0.0,1.0,0.0,0.0,1.0,0.19626597126960169,19.74360656009931,18.201373574541023
2404,96.12,0.98,1,-0.325,0.433,0.054,0.373,0.112,1.18,1.06,0.19,0.0,0.0,0.93,0.0,0.11,0.45,0.99,0.0,0.57,0.53,0.09,1.31,1.07,2.34,1.0,0.0,0.0,0.0,0.0,0.0,0.0,0.0,0.0,1.0,0.0,0.0,1.0,0.0,1.0,0.0,0.0,1.0,0.1784774645266609,18.851259904844625,15.781318069160177
2405,96.16,0.98,1,-0.287,0.439,0.048,0.313,0.101,0.55,0.63,0.28,0.0,0.0,0.87,0.0,0.0,0.46,0.64,0.0,0.64,0.87,0.4,1.19,1.27,2.29,0.0,0.0,0.0,0.0,0.0,0.0,0.0,0.0,0.0,1.0,0.0,0.0,1.0,0.0,1.0,0.0,0.0,1.0,0.17336932490908996,19.927869931329756,17.572990639046047
2406,96.2,0.93,1,-0.22,0.414,0.07,0.243,0.106,0.11,0.23,0.4,0.0,0.09,1.06,0.0,0.0,0.6,0.48,0.04,0.91,1.21,0.8,0.93,1.25,1.81,0.0,0.0,0.0,0.0,0.0,0.0,0.0,0.0,0.0,1.0,0.0,0.0,1.0,0.0,0.0,0.0,0.0,1.0,0.17739047663237428,21.78072542409909,18.98552079875607
2407,96.24,0.88,1,-0.108,0.413,0.069,0.187,0.111,0.0,0.0,0.32,0.0,0.35,1.59,0.0,0.0,0.96,0.4,0.04,1.14,1.46,1.1,0.64,0.97,1.18,0.0,0.0,0.0,0.0,0.0,0.0,0.0,0.0,0.0,1.0,0.0,0.0,1.0,0.0,0.0,0.0,0.0,1.0,0.10853276814210686,27.104612153653758,19.23746345025761
2408,96.28,0.88,1,-0.084,0.342,0.048,0.137,0.106,0.0,0.05,0.14,0.0,0.69,2.11,0.0,0.06,1.47,0.47,0.08,1.2,1.67,1.26,0.51,0.46,0.53,0.0,0.0,0.0,0.0,0.0,0.0,0.0,0.0,0.0,1.0,0.0,0.0,1.0,0.0,0.0,0.0,0.0,1.0,0.15611552582409133,22.30358715543305,18.51728921845744
2409,96.32,0.88,1,-0.037,0.322,0.082,0.058,0.111,0.0,0.3,0.0,0.0,0.83,2.44,0.0,0.06,1.87,0.62,0.07,1.33,1.76,1.8,0.54,0.12,0.21,0.0,0.0,0.0,0.0,0.0,0.0,0.0,0.0,1.0,1.0,0.0,1.0,1.0,0.0,0.0,0.0,0.0,0.0,0.17285124483310618,20.70217379890316,18.704277585621774
2410,96.36,0.98,1,0.003,0.32,0.13,-0.024,0.113,0.0,0.31,0.0,0.0,0.81,2.23,0.0,0.08,2.04,0.7,0.14,1.51,1.65,2.33,0.59,0.07,0.0,0.0,0.0,0.0,0.0,0.0,0.0,0.0,0.0,1.0,1.0,0.0,1.0,1.0,0.0,0.0,0.0,0.0,0.0,0.1918166626945344,20.324615617521708,18.002499826412997
2411,96.4,0.88,1,0.043,0.309,0.107,-0.095,0.091,0.0,0.26,0.0,0.0,0.72,1.75,0.0,0.15,2.04,0.97,0.22,1.67,1.5,2.73,0.46,0.19,0.0,0.0,0.0,0.0,0.0,0.0,0.0,0.0,0.0,1.0,1.0,0.0,1.0,1.0,0.0,0.0,0.0,0.0,0.0,0.21251517142163617,20.32978111047923,19.304144632694996
2412,96.44,0.98,1,0.086,0.277,0.097,-0.15,0.055,0.0,0.01,0.0,0.0,0.68,1.43,0.0,0.33,2.01,1.1,0.21,1.64,1.23,2.51,0.24,0.19,0.0,0.0,0.0,0.0,0.0,0.0,0.0,0.0,0.0,1.0,1.0,0.0,1.0,1.0,0.0,0.0,0.0,0.0,0.0,0.2502029767201113,21.153250341259525,20.12486024796188
2413,96.48,0.98,1,0.094,0.281,0.067,-0.175,0.016,0.0,0.0,0.0,0.0,0.44,1.33,0.0,0.52,1.78,1.29,0.15,1.56,1.02,2.18,0.07,0.33,0.0,0.0,0.0,0.0,0.0,0.0,0.0,0.0,0.0,1.0,1.0,0.0,1.0,1.0,0.0,0.0,0.0,0.0,0.0,0.23319670496780312,21.866183937761015,20.33543704964312
2414,96.52,0.98,1,0.106,0.313,0.082,-0.141,-0.029,0.0,0.0,0.0,0.0,0.2,1.65,0.0,0.54,1.38,1.22,0.04,1.58,0.71,1.69,0.0,0.37,0.0,0.0,0.0,0.0,0.0,0.0,0.0,0.0,0.0,1.0,1.0,0.0,1.0,1.0,0.0,0.0,0.0,0.0,0.0,0.23243557748348304,20.18043607061048,20.241788458533048
2415,96.56,0.98,1,0.146,0.319,0.083,-0.117,-0.057,0.0,0.0,0.0,0.0,0.0,1.86,0.0,0.49,1.01,1.27,0.02,1.55,0.41,1.2,0.0,0.46,0.0,0.0,0.0,0.0,0.0,0.0,0.0,0.0,0.0,1.0,1.0,0.0,1.0,0.0,0.0,0.0,0.0,0.0,0.0,0.23887208007673139,19.921847303902275,18.978935691971937
2416,96.6,0.98,1,0.15,0.322,0.088,-0.114,-0.066,0.0,0.0,0.0,0.0,0.0,2.08,0.0,0.41,0.86,1.3,0.0,1.56,0.37,0.82,0.0,0.46,0.0,0.0,0.0,0.0,0.0,0.0,0.0,0.0,0.0,1.0,1.0,0.0,1.0,0.0,0.0,0.0,0.0,0.0,0.0,0.2499660592553592,20.640009689920216,18.729655629508965
2417,96.64,0.98,1,0.155,0.315,0.087,-0.114,-0.068,0.0,0.0,0.0,0.0,0.0,1.94,0.0,0.46,0.82,1.37,0.0,1.46,0.26,0.61,0.0,0.33,0.0,0.0,0.0,0.0,0.0,0.0,0.0,0.0,0.0,1.0,1.0,0.0,1.0,0.0,0.0,0.0,0.0,0.0,0.0,0.25895979634219185,20.61940833292759,19.138704240360678
2418,96.68,0.98,1,0.161,0.317,0.085,-0.113,-0.076,0.0,0.0,0.0,0.0,0.0,1.89,0.0,0.4,0.73,1.42,0.0,1.43,0.24,0.68,0.0,0.27,0.0,0.0,0.0,0.0,0.0,0.0,1.0,0.0,0.0,1.0,1.0,0.0,1.0,0.0,0.0,0.0,0.0,0.0,0.0,0.25909196981455684,20.76391099961663,19.758795509848177
2419,96.72,0.98,1,0.138,0.304,0.101,-0.107,-0.081,0.0,0.0,0.0,0.0,0.0,1.94,0.0,0.36,0.7,1.45,0.0,1.39,0.19,0.76,0.0,0.1,0.0,0.0,0.0,0.0,0.0,0.0,1.0,0.0,0.0,1.0,1.0,0.0,1.0,0.0,0.0,0.0,0.0,0.0,0.0,0.27224064782053903,19.18593234638348,18.4141250131521
2420,96.76,0.98,1,0.149,0.298,0.089,-0.102,-0.085,0.0,0.0,0.0,0.0,0.0,2.05,0.0,0.22,0.77,1.65,0.0,1.53,0.29,0.91,0.0,0.06,0.0,0.0,0.0,0.0,0.0,0.0,1.0,0.0,0.0,1.0,1.0,0.0,1.0,0.0,0.0,0.0,0.0,0.0,0.0,0.2976050583038541,20.715211801958574,18.71069213043707
2421,96.8,0.98,1,0.131,0.3,0.091,-0.101,-0.095,0.0,0.0,0.0,0.0,0.0,1.96,0.0,0.22,0.91,1.8,0.0,1.54,0.31,0.81,0.0,0.15,0.0,0.0,0.0,0.0,0.0,0.0,0.0,0.0,0.0,1.0,1.0,0.0,1.0,0.0,0.0,0.0,0.0,0.0,0.0,0.2691722545056567,20.554318281081304,17.29653144419415
2422,96.84,0.98,1,0.147,0.291,0.091,-0.097,-0.099,0.0,0.0,0.0,0.0,0.0,1.9,0.0,0.24,1.03,1.98,0.0,1.54,0.2,0.77,0.0,0.14,0.0,0.0,0.0,0.0,0.0,0.0,1.0,0.0,0.0,1.0,1.0,0.0,1.0,0.0,0.0,0.0,0.0,0.0,0.0,0.2995252003011653,21.028076469330045,19.235384061671343
2423,96.88,0.98,1,0.137,0.29,0.088,-0.096,-0.107,0.0,0.0,0.0,0.0,0.0,1.8,0.0,0.3,1.09,2.0,0.0,1.39,0.1,0.73,0.0,0.14,0.0,0.0,0.0,0.0,0.0,0.0,1.0,0.0,0.0,1.0,1.0,0.0,1.0,0.0,0.0,0.0,0.0,0.0,0.0,0.2579097215494231,20.886598574205422,17.836199146679256
2424,96.92,0.98,1,0.151,0.274,0.085,-0.101,-0.111,0.0,0.0,0.0,0.0,0.0,1.97,0.0,0.31,1.1,2.11,0.0,1.47,0.04,0.85,0.0,0.03,0.0,0.0,0.0,0.0,0.0,0.0,1.0,0.0,0.0,1.0,1.0,0.0,1.0,0.0,0.0,0.0,0.0,0.0,0.0,0.2874149147758189,21.456001491424253,17.988885457415044
2425,96.96,0.98,1,0.164,0.29,0.098,-0.113,-0.115,0.0,0.0,0.0,0.0,0.0,1.93,0.0,0.32,1.11,2.02,0.0,1.58,0.24,0.96,0.0,0.0,0.0,0.0,0.0,0.0,0.0,0.0,1.0,0.0,0.0,1.0,1.0,0.0,1.0,0.0,0.0,0.0,0.0,0.0,0.0,0.2721238968055416,21.337759957408718,17.065755183993424
2426,97.0,0.98,1,0.182,0.293,0.083,-0.122,-0.111,0.0,0.0,0.0,0.0,0.0,1.96,0.0,0.33,1.09,2.07,0.0,1.63,0.45,1.04,0.0,0.0,0.0,0.0,0.0,0.0,0.0,0.0,1.0,0.0,0.0,1.0,1.0,0.0,1.0,0.0,0.0,0.0,0.0,0.0,0.0,0.2455040249705225,20.59757267252616,16.52210640324044
2427,97.04,0.98,1,0.188,0.308,0.098,-0.12,-0.115,0.0,0.0,0.0,0.0,0.0,1.86,0.0,0.4,1.11,1.99,0.0,1.63,0.59,1.07,0.0,0.0,0.0,1.0,0.0,0.0,0.0,0.0,1.0,0.0,0.0,1.0,1.0,0.0,1.0,0.0,0.0,0.0,0.0,0.0,0.0,0.24429190596613043,21.440149253211775,17.09883036935577
2428,97.08,0.98,1,0.183,0.303,0.086,-0.127,-0.116,0.0,0.0,0.0,0.0,0.0,1.8,0.0,0.39,1.08,2.05,0.0,1.64,0.6,1.15,0.0,0.0,0.0,1.0,0.0,0.0,0.0,0.0,1.0,0.0,0.0,1.0,1.0,0.0,1.0,0.0,0.0,0.0,0.0,0.0,0.0,0.23862738218707139,20.934421415458175,16.324827717314427
2429,97.12,0.98,1,0.192,0.299,0.086,-0.132,-0.119,0.0,0.0,0.0,0.0,0.0,1.77,0.0,0.38,1.07,1.94,0.0,1.68,0.45,1.22,0.0,0.0,0.0,1.0,0.0,0.0,0.0,0.0,0.0,0.0,0.0,1.0,1.0,0.0,1.0,0.0,0.0,0.0,0.0,0.0,0.0,0.2431213753522377,21.0774761297457,16.719449751711316
2430,97.16,0.98,1,0.192,0.304,0.088,-0.134,-0.118,0.0,0.0,0.0,0.0,0.0,1.6,0.0,0.4,1.06,1.85,0.0,1.72,0.45,1.28,0.0,0.0,0.0,1.0,0.0,0.0,0.0,0.0,0.0,0.0,0.0,1.0,1.0,0.0,1.0,0.0,0.0,0.0,0.0,0.0,0.0,0.24725022477437086,21.0774761297457,16.226213359869277
2431,97.2,0.98,1,0.181,0.31,0.092,-0.138,-0.121,0.0,0.0,0.0,0.0,0.0,1.57,0.0,0.46,1.09,1.77,0.0,1.67,0.37,1.22,0.0,0.0,0.0,1.0,0.0,0.0,0.0,0.0,0.0,0.0,0.0,1.0,1.0,0.0,1.0,0.0,0.0,0.0,0.0,0.0,0.0,0.2431234838599123,20.615528128088304,16.324827717314427
2432,97.24,0.98,1,0.18,0.29,0.088,-0.131,-0.124,0.0,0.0,0.0,0.0,0.0,1.5,0.0,0.53,1.08,1.74,0.0,1.64,0.36,1.18,0.0,0.0,0.0,1.0,0.0,0.0,0.0,0.0,0.0,0.0,0.0,1.0,1.0,0.0,1.0,0.0,0.0,0.0,0.0,0.0,0.0,0.261125992448621,20.90669749147383,16.407315441594996
2433,97.28,0.98,1,0.182,0.301,0.092,-0.136,-0.124,0.0,0.0,0.0,0.0,0.0,1.54,0.0,0.51,1.08,1.75,0.0,1.51,0.33,1.2,0.0,0.0,0.0,1.0,0.0,0.0,0.0,0.0,0.0,0.0,0.0,1.0,1.0,0.0,1.0,0.0,0.0,0.0,0.0,0.0,0.0,0.24838115971504793,20.833866659840226,16.834488409215076
2434,97.32,0.98,1,0.178,0.294,0.091,-0.134,-0.121,0.0,0.0,0.0,0.0,0.0,1.47,0.0,0.5,1.07,1.86,0.0,1.4,0.31,1.19,0.0,0.0,0.0,1.0,0.0,0.0,0.0,0.0,0.0,0.0,0.0,1.0,1.0,0.0,1.0,0.0,0.0,0.0,0.0,0.0,0.0,0.2630418405178094,20.446271053666447,16.604818577750347
2435,97.36,0.98,1,0.182,0.288,0.089,-0.139,-0.119,0.0,0.0,0.0,0.0,0.0,1.63,0.0,0.45,1.08,1.95,0.01,1.27,0.3,1.08,0.0,0.0,0.0,1.0,0.0,0.0,0.0,0.0,0.0,0.0,0.0,1.0,1.0,0.0,1.0,0.0,0.0,0.0,0.0,0.0,0.0,0.2678512031616248,20.059162494979567,16.490603384958312
2436,97.4,0.98,1,0.169,0.301,0.092,-0.135,-0.119,0.0,0.0,0.0,0.0,0.0,1.74,0.0,0.43,1.05,1.89,0.01,1.19,0.23,0.99,0.0,0.0,0.0,0.0,0.0,0.0,0.0,0.0,1.0,0.0,0.0,1.0,1.0,0.0,1.0,0.0,0.0,0.0,0.0,0.0,0.0,0.2574149784933775,19.500000000000107,16.901183390520146
2437,97.44,0.98,1,0.169,0.293,0.086,-0.138,-0.118,0.0,0.0,0.0,0.0,0.0,1.9,0.0,0.38,0.99,1.62,0.11,1.2,0.19,0.91,0.0,0.0,0.0,0.0,0.0,0.0,0.0,0.0,1.0,0.0,0.0,1.0,1.0,0.0,1.0,0.0,0.0,0.0,0.0,0.0,0.0,0.2701246468828523,19.500000000000107,16.688319268278637
2438,97.48,0.98,1,0.165,0.309,0.091,-0.147,-0.113,0.0,0.0,0.0,0.0,0.0,1.94,0.0,0.42,0.94,1.32,0.15,1.18,0.21,0.98,0.0,0.0,0.0,0.0,0.0,0.0,0.0,0.0,1.0,0.0,0.0,1.0,1.0,0.0,1.0,0.0,0.0,0.0,0.0,0.0,0.0,0.2568338706166299,19.62167169228962,16.560495161679295
2439,97.52,0.98,1,0.197,0.309,0.086,-0.15,-0.108,0.0,0.0,0.0,0.0,0.0,1.98,0.0,0.5,0.89,1.26,0.21,1.19,0.25,0.98,0.0,0.0,0.0,0.0,0.0,0.0,0.0,0.0,1.0,0.0,0.0,1.0,1.0,0.0,1.0,0.0,0.0,0.0,0.0,0.0,0.0,0.25722810891535397,19.015782918407645,15.831929762350432
2440,97.56,0.98,1,0.211,0.315,0.091,-0.157,-0.105,0.0,0.0,0.0,0.0,0.0,2.02,0.0,0.61,0.9,1.29,0.22,1.25,0.35,0.97,0.0,0.0,0.0,0.0,0.0,0.0,0.0,0.0,1.0,0.0,0.0,1.0,1.0,0.0,1.0,0.0,0.0,0.0,0.0,0.0,0.0,0.2586062858747545,18.70106948813362,16.4401946460497
2441,97.6,0.98,1,0.204,0.32,0.096,-0.157,-0.102,0.0,0.0,0.0,0.0,0.0,1.92,0.0,0.62,0.9,1.38,0.27,1.27,0.43,0.81,0.0,0.0,0.0,0.0,0.0,0.0,0.0,0.0,1.0,0.0,0.0,1.0,1.0,0.0,1.0,0.0,0.0,0.0,0.0,0.0,0.0,0.25864842076318584,19.068298298484766,15.930473941474613
2442,97.64,0.98,1,0.204,0.32,0.101,-0.161,-0.098,0.0,0.0,0.0,0.0,0.0,1.79,0.0,0.63,0.9,1.36,0.29,1.35,0.33,0.6,0.0,0.0,0.0,0.0,0.0,0.0,0.0,0.0,1.0,0.0,0.0,1.0,1.0,0.0,1.0,0.0,0.0,0.0,0.0,0.0,0.0,0.26529868969677206,18.89576672167613,15.849290204927286
2443,97.68,0.98,1,0.203,0.325,0.102,-0.158,-0.094,0.0,0.0,0.0,0.0,0.0,1.78,0.0,0.63,0.9,1.31,0.27,1.33,0.26,0.47,0.0,0.0,0.0,0.0,0.0,0.0,0.0,0.0,1.0,0.0,0.0,1.0,1.0,0.0,1.0,0.0,0.0,0.0,0.0,0.0,0.0,0.25741933655655996,19.612241075410065,15.94772711078294
2444,97.72,0.98,1,0.204,0.322,0.101,-0.152,-0.096,0.0,0.01,0.0,0.0,0.0,1.9,0.0,0.71,0.9,1.32,0.23,1.35,0.17,0.39,0.0,0.05,0.0,0.0,1.0,0.0,0.0,0.0,1.0,0.0,0.0,1.0,1.0,0.0,1.0,0.0,0.0,0.0,0.0,0.0,0.0,0.2562468333805019,19.45867415832845,15.930473941474613
2445,97.76,0.98,1,0.201,0.332,0.105,-0.156,-0.092,0.0,0.01,0.0,0.0,0.0,2.01,0.0,0.72,0.96,1.38,0.15,1.3,0.2,0.43,0.0,0.05,0.0,0.0,1.0,0.0,0.0,0.0,1.0,0.0,0.0,1.0,1.0,0.0,1.0,0.0,0.0,0.0,0.0,0.0,0.0,0.25648811108819053,19.26343686884554,16.029036153181682
2446,97.8,0.98,1,0.198,0.315,0.093,-0.153,-0.089,0.0,0.04,0.0,0.0,0.0,1.96,0.0,0.67,1.0,1.54,0.16,1.25,0.17,0.44,0.07,0.05,0.0,0.0,1.0,0.0,0.0,0.0,1.0,0.0,0.0,1.0,1.0,0.0,1.0,0.0,0.0,0.0,0.0,0.0,0.0,0.25500890329998227,19.16585505527998,15.799050604387729
2447,97.84,0.98,1,0.188,0.324,0.101,-0.158,-0.088,0.0,0.03,0.0,0.06,0.0,1.91,0.0,0.65,1.02,1.58,0.17,1.21,0.09,0.44,0.09,0.0,0.0,0.0,1.0,0.0,0.0,0.0,1.0,0.0,0.0,1.0,1.0,0.0,1.0,0.0,0.0,0.0,0.0,0.0,0.0,0.2616284198439898,18.94887859478761,15.981239000778558
2448,97.88,0.98,1,0.193,0.317,0.097,-0.161,-0.088,0.0,0.06,0.0,0.06,0.0,1.86,0.0,0.64,0.97,1.48,0.17,1.1,0.13,0.37,0.16,0.0,0.0,0.0,1.0,0.0,0.0,0.0,0.0,0.0,0.0,1.0,1.0,0.0,1.0,0.0,0.0,0.0,0.0,0.0,0.0,0.26039328236019077,19.612241075410065,16.391766225761074
2449,97.92,0.98,1,0.194,0.353,0.087,-0.144,-0.093,0.09,0.03,0.0,0.06,0.0,1.26,0.0,0.69,0.95,1.46,0.09,1.03,0.08,0.22,0.15,0.0,0.48,1.0,1.0,0.0,0.0,0.0,0.0,0.0,0.0,1.0,1.0,0.0,1.0,0.0,0.0,0.0,0.0,0.0,0.0,0.20450880777844435,17.40402252354318,18.33084831643089
2450,97.96,0.98,1,0.118,0.414,0.077,-0.164,-0.087,0.25,0.15,0.0,0.0,0.0,0.83,0.0,0.72,0.97,1.46,0.01,1.01,0.08,0.1,0.14,0.0,0.93,1.0,1.0,0.0,0.0,0.0,0.0,0.0,0.0,1.0,1.0,0.0,0.0,0.0,0.0,0.0,0.0,0.0,1.0,0.1972460914951198,16.80743882928028,21.06015194627042
2451,98.0,0.98,1,0.082,0.388,0.056,-0.154,-0.09,0.4,0.12,0.0,0.0,0.0,0.76,0.0,0.69,1.01,1.47,0.01,0.99,0.0,0.0,0.14,0.0,1.1,1.0,1.0,0.0,0.0,0.0,0.0,0.0,0.0,1.0,1.0,0.0,0.0,0.0,0.0,0.0,0.0,0.0,1.0,0.18162351377685426,15.731814898478861,22.72641634750187
2452,98.04,0.98,1,0.121,0.34,0.064,-0.14,-0.096,0.43,0.26,0.0,0.0,0.01,1.42,0.0,0.64,1.02,1.24,0.0,0.95,0.0,0.06,0.13,0.0,0.62,1.0,1.0,0.0,0.0,0.0,0.0,0.0,0.0,1.0,1.0,0.0,0.0,0.0,0.0,0.0,0.0,0.0,1.0,0.19413371796184978,16.702694393420526,20.1883629846502
2453,98.08,0.98,1,0.188,0.322,0.081,-0.144,-0.097,0.31,0.17,0.0,0.0,0.01,1.85,0.0,0.66,1.0,1.28,0.0,0.92,0.0,0.15,0.12,0.0,0.18,1.0,1.0,0.0,0.0,0.0,0.0,0.0,0.0,1.0,1.0,0.0,1.0,0.0,0.0,0.0,0.0,0.0,1.0,0.20234628442054184,15.831613941730822,18.577674773770745
2454,98.12,0.98,1,0.182,0.324,0.074,-0.138,-0.101,0.25,0.27,0.0,0.0,0.01,1.81,0.0,0.67,1.0,1.25,0.0,0.95,0.0,0.27,0.1,0.0,0.0,1.0,1.0,0.0,0.0,0.0,1.0,0.0,0.0,1.0,1.0,0.0,1.0,0.0,0.0,0.0,0.0,0.0,0.0,0.1908071990688691,16.842802617142024,20.140009930484016
2455,98.16,0.98,1,0.171,0.319,0.076,-0.134,-0.104,0.18,0.18,0.0,0.02,0.02,1.94,0.0,0.68,0.99,1.29,0.0,0.97,0.0,0.3,0.07,0.0,0.0,1.0,1.0,0.0,0.0,0.0,1.0,0.0,0.0,1.0,1.0,0.0,0.0,0.0,0.0,0.0,0.0,0.0,0.0,0.2077649498012618,17.293929570806092,20.550669088864197
2456,98.2,0.98,1,0.193,0.319,0.073,-0.136,-0.105,0.14,0.15,0.0,0.02,0.06,2.08,0.0,0.63,0.96,1.09,0.0,0.86,0.0,0.32,0.06,0.0,0.0,1.0,1.0,0.0,0.0,0.0,1.0,0.0,0.0,1.0,1.0,0.0,1.0,0.0,0.0,0.0,0.0,0.0,0.0,0.2311658828401426,16.90709910067361,20.665188119153513
2457,98.24,0.98,1,0.164,0.316,0.073,-0.135,-0.101,0.05,0.06,0.0,0.02,0.06,2.14,0.0,0.66,0.95,1.09,0.0,0.74,0.0,0.35,0.0,0.0,0.0,1.0,0.0,0.0,0.0,0.0,1.0,0.0,0.0,1.0,1.0,0.0,1.0,0.0,0.0,0.0,0.0,0.0,0.0,0.22013228113001349,19.366207682455723,19.777259668619422
2458,98.28,0.98,1,0.197,0.315,0.066,-0.131,-0.102,0.0,0.0,0.0,0.0,0.04,2.06,0.0,0.65,0.9,0.99,0.0,0.73,0.0,0.48,0.0,0.0,0.0,0.0,0.0,0.0,0.0,0.0,1.0,0.0,0.0,1.0,1.0,0.0,0.0,0.0,0.0,0.0,0.0,0.0,0.0,0.22737217733489523,17.72484132510068,20.50609665440983
2459,98.32,0.98,1,0.166,0.323,0.065,-0.123,-0.1,0.0,0.0,0.0,0.0,0.01,1.91,0.0,0.61,0.93,1.08,0.0,0.76,0.0,0.51,0.0,0.0,0.0,0.0,0.0,0.0,0.0,0.0,1.0,0.0,0.0,1.0,1.0,0.0,0.0,0.0,0.0,0.0,0.0,0.0,0.0,0.20148923894500115,19.73448757885558,21.272047386182564
2460,98.36,0.98,1,0.193,0.316,0.063,-0.129,-0.103,0.0,0.0,0.0,0.0,0.0,1.9,0.0,0.64,0.9,1.04,0.0,0.87,0.0,0.49,0.0,0.0,0.0,0.0,0.0,0.0,0.0,0.0,1.0,0.0,0.0,1.0,1.0,0.0,0.0,0.0,0.0,0.0,0.0,0.0,0.0,0.22423044228037997,18.443969204051445,20.789420386340872
2461,98.4,0.98,1,0.173,0.33,0.064,-0.127,-0.104,0.0,0.0,0.0,0.0,0.0,1.81,0.0,0.67,0.92,1.23,0.0,0.83,0.0,0.27,0.11,0.0,0.0,0.0,0.0,0.0,0.0,0.0,1.0,0.0,0.0,1.0,1.0,0.0,0.0,0.0,0.0,0.0,0.0,0.0,0.0,0.2114116350391625,19.36207633493892,20.649455198624587
2462,98.44,0.98,1,0.169,0.323,0.067,-0.127,-0.109,0.0,0.0,0.0,0.0,0.0,1.87,0.0,0.71,0.9,1.21,0.0,0.72,0.06,0.14,0.2,0.08,0.0,0.0,0.0,0.0,0.0,0.0,1.0,0.0,0.0,1.0,1.0,0.0,0.0,0.0,0.0,0.0,0.0,0.0,0.0,0.21805657842848772,20.0442011564441,20.605096456944906
2463,98.48,0.98,1,0.183,0.321,0.063,-0.125,-0.114,0.0,0.0,0.0,0.0,0.0,1.84,0.0,0.69,0.92,1.22,0.0,0.55,0.08,0.0,0.29,0.08,0.0,0.0,0.0,0.0,0.0,0.0,1.0,0.0,0.0,1.0,1.0,0.0,0.0,0.0,0.0,0.0,0.0,0.0,0.0,0.21087020113107308,19.67256973554801,19.12302277360978
2464,98.52,0.98,1,0.171,0.317,0.064,-0.121,-0.118,0.0,0.0,0.0,0.0,0.0,1.9,0.0,0.69,0.9,1.1,0.0,0.44,0.08,0.0,0.21,0.08,0.0,0.0,0.0,0.0,0.0,0.0,1.0,0.0,0.0,1.0,1.0,0.0,0.0,0.0,0.0,0.0,0.0,0.0,0.0,0.22006111902529418,19.464840096954337,19.070395905696532
2465,98.56,0.98,1,0.191,0.324,0.063,-0.12,-0.126,0.0,0.0,0.0,0.0,0.0,2.0,0.0,0.67,0.87,1.01,0.0,0.31,0.04,0.02,0.19,0.02,0.0,0.0,0.0,0.0,0.0,0.0,1.0,0.0,0.0,1.0,1.0,0.0,0.0,0.0,0.0,0.0,0.0,0.0,0.0,0.21631491037875672,19.974483722990247,18.49675647241953
2466,98.6,0.98,1,0.197,0.311,0.056,-0.122,-0.128,0.0,0.0,0.0,0.0,0.0,2.05,0.0,0.61,0.85,0.9,0.0,0.23,0.02,0.06,0.15,0.02,0.0,0.0,0.0,0.0,0.0,0.0,1.0,0.0,0.0,1.0,1.0,0.0,0.0,0.0,0.0,0.0,0.0,0.0,0.0,0.22884121333541768,20.089798406156266,18.133394607739717
2467,98.64,0.98,1,0.19,0.312,0.054,-0.12,-0.131,0.0,0.0,0.0,0.0,0.0,2.13,0.0,0.58,0.84,0.68,0.0,0.1,0.02,0.15,0.17,0.02,0.0,0.0,0.0,0.0,0.0,0.0,1.0,0.0,0.0,1.0,1.0,0.0,0.0,0.0,0.0,0.0,0.0,0.0,0.0,0.23383428720804528,19.777259668619404,16.98587648606916
2468,98.68,0.98,1,0.193,0.286,0.041,-0.121,-0.132,0.0,0.0,0.0,0.0,0.0,2.11,0.0,0.5,0.81,0.59,0.0,0.07,0.0,0.16,0.14,0.0,0.0,0.0,0.0,0.0,0.0,0.0,1.0,0.0,0.0,1.0,1.0,0.0,0.0,0.0,0.0,0.0,0.0,0.0,0.0,0.2588850032429106,19.749683541768537,17.87092610918629
2469,98.72,0.98,1,0.183,0.297,0.049,-0.119,-0.136,0.0,0.0,0.0,0.0,0.0,2.15,0.0,0.38,0.78,0.53,0.0,0.18,0.0,0.21,0.17,0.0,0.0,0.0,0.0,0.0,0.0,0.0,1.0,0.0,0.0,1.0,1.0,0.0,0.0,0.0,0.0,0.0,0.0,0.0,0.0,0.2340204825319121,19.356910910576623,16.84666139031707
2470,98.76,0.98,1,0.192,0.28,0.039,-0.118,-0.135,0.0,0.0,0.0,0.0,0.0,1.97,0.0,0.31,0.78,0.57,0.0,0.17,0.0,0.14,0.12,0.0,0.0,0.0,0.0,0.0,0.0,0.0,1.0,0.0,0.0,1.0,1.0,0.0,0.0,0.0,0.0,0.0,0.0,0.0,0.0,0.26478357484166726,19.5920902407069,18.140837907880616
2471,98.8,0.98,1,0.173,0.289,0.043,-0.115,-0.136,0.0,0.0,0.0,0.0,0.0,1.9,0.0,0.28,0.75,0.51,0.0,0.15,0.0,0.14,0.08,0.0,0.0,0.0,0.0,0.0,0.0,0.0,1.0,0.0,0.0,1.0,1.0,0.0,0.0,0.0,0.0,0.0,0.0,0.0,0.0,0.23791833241765453,19.81161275615895,16.985287751462835
2472,98.84,0.98,1,0.18,0.3,0.042,-0.112,-0.138,0.0,0.03,0.0,0.0,0.0,1.91,0.0,0.28,0.71,0.41,0.0,0.1,0.0,0.14,0.0,0.0,0.0,0.0,0.0,0.0,0.0,0.0,1.0,0.0,0.0,1.0,1.0,0.0,0.0,0.0,0.0,0.0,0.0,0.0,0.0,0.22592010022174086,20.188362984650425,17.59346469573293
2473,98.88,0.98,1,0.175,0.292,0.044,-0.11,-0.139,0.0,0.03,0.0,0.0,0.0,1.84,0.0,0.21,0.67,0.28,0.0,0.23,0.0,0.19,0.0,0.0,0.0,0.0,0.0,0.0,0.0,0.0,1.0,0.0,0.0,1.0,1.0,0.0,0.0,0.0,0.0,0.0,0.0,0.0,0.0,0.2241786621239174,20.715211801958354,17.572706109191085
2474,98.92,0.98,1,0.18,0.282,0.039,-0.115,-0.136,0.0,0.03,0.0,0.0,0.0,1.93,0.0,0.28,0.69,0.22,0.0,0.33,0.0,0.16,0.0,0.0,0.0,0.0,0.0,0.0,0.0,0.0,1.0,0.0,0.0,1.0,1.0,0.0,0.0,0.0,0.0,0.0,0.0,0.0,0.0,0.24743861226056224,20.22003956474859,17.768511473952888
2475,98.96,0.98,1,0.172,0.29,0.048,-0.104,-0.142,0.0,0.0,0.0,0.0,0.0,2.06,0.0,0.34,0.74,0.19,0.0,0.49,0.0,0.16,0.0,0.0,0.0,0.0,0.0,0.0,0.0,0.0,1.0,0.0,0.0,1.0,1.0,0.0,0.0,0.0,0.0,0.0,0.0,0.0,0.0,0.24070991919826307,20.75090359478363,17.219175357722666
2476,99.0,0.98,1,0.171,0.278,0.043,-0.105,-0.141,0.0,0.0,0.0,0.0,0.0,2.28,0.0,0.45,0.77,0.25,0.0,0.65,0.0,0.12,0.0,0.0,0.0,0.0,0.0,0.0,0.0,0.0,1.0,0.0,0.0,1.0,1.0,0.0,1.0,0.0,0.0,0.0,0.0,0.0,0.0,0.24355985508097525,20.49414550548513,17.062825088478213
2477,99.04,0.98,1,0.155,0.278,0.05,-0.103,-0.141,0.0,0.0,0.0,0.0,0.0,2.13,0.0,0.38,0.76,0.21,0.0,0.81,0.0,0.17,0.0,0.0,0.0,0.0,0.0,0.0,0.0,0.0,1.0,0.0,0.0,1.0,1.0,0.0,1.0,0.0,0.0,0.0,0.0,0.0,0.0,0.24404388876747068,20.51389772812582,17.43473544393481
2478,99.08,0.98,1,0.144,0.287,0.052,-0.099,-0.136,0.0,0.0,0.0,0.0,0.0,1.89,0.0,0.32,0.8,0.25,0.09,0.83,0.0,0.14,0.0,0.0,0.0,0.0,0.0,0.0,0.0,0.0,1.0,0.0,0.0,1.0,1.0,0.0,1.0,0.0,0.0,0.0,0.0,0.0,0.0,0.24478930667648086,20.905980005730424,17.886866690396065
2479,99.12,0.98,1,0.136,0.286,0.05,-0.094,-0.132,0.0,0.0,0.0,0.0,0.0,1.7,0.0,0.17,0.79,0.24,0.09,0.64,0.0,0.14,0.0,0.0,0.0,0.0,0.0,0.0,0.0,0.0,1.0,0.0,0.0,1.0,1.0,0.0,1.0,0.0,0.0,0.0,0.0,0.0,0.0,0.24661271988445554,21.06418761785039,18.37634348830037
2480,99.16,0.98,1,0.13,0.277,0.05,-0.092,-0.127,0.0,0.0,0.0,0.0,0.0,1.59,0.0,0.14,0.79,0.25,0.09,0.48,0.0,0.15,0.0,0.0,0.0,0.0,0.0,0.0,0.0,0.0,1.0,0.0,0.0,1.0,1.0,0.0,0.0,0.0,0.0,0.0,0.0,0.0,0.0,0.2659727285707695,20.92582136978141,19.356910910576623
2481,99.2,0.98,1,0.132,0.29,0.046,-0.082,-0.124,0.0,0.0,0.0,0.0,0.0,1.68,0.0,0.12,0.72,0.27,0.0,0.37,0.0,0.15,0.0,0.0,0.0,0.0,0.0,0.0,0.0,0.0,1.0,0.0,0.0,1.0,1.0,0.0,0.0,0.0,0.0,0.0,0.0,0.0,0.0,0.23703687608989446,21.537873618349643,19.534584715319696
2482,99.24,0.98,1,0.124,0.292,0.051,-0.082,-0.118,0.0,0.0,0.0,0.0,0.0,1.84,0.0,0.24,0.74,0.36,0.01,0.35,0.0,0.16,0.0,0.0,0.0,0.0,0.0,0.0,0.0,0.0,1.0,0.0,0.0,1.0,1.0,0.0,0.0,0.0,0.0,0.0,0.0,0.0,0.0,0.23934796854526694,21.439449619801266,20.51828452868322
2483,99.28,0.98,1,0.117,0.29,0.049,-0.071,-0.119,0.0,0.0,0.0,0.03,0.0,2.05,0.0,0.16,0.7,0.37,0.09,0.33,0.0,0.16,0.0,0.0,0.0,0.0,0.0,0.0,0.0,0.0,1.0,0.0,0.0,1.0,1.0,0.0,0.0,0.0,0.0,0.0,0.0,0.0,0.0,0.24257901045444621,21.833231551925603,20.48414020651103
2484,99.32,0.98,1,0.108,0.29,0.059,-0.069,-0.119,0.0,0.0,0.0,0.1,0.0,2.04,0.0,0.19,0.72,0.39,0.1,0.25,0.0,0.17,0.0,0.0,0.0,0.0,0.0,0.0,0.0,0.0,1.0,0.0,0.0,1.0,1.0,0.0,0.0,0.0,0.0,0.0,0.0,0.0,0.0,0.2505507791400887,21.985677155821158,20.58275977608442
2485,99.36,0.98,1,0.105,0.285,0.045,-0.057,-0.115,0.0,0.0,0.0,0.23,0.0,1.82,0.0,0.1,0.69,0.38,0.13,0.23,0.0,0.15,0.0,0.0,0.0,0.0,0.0,0.0,0.0,0.0,1.0,0.0,0.0,1.0,1.0,0.0,0.0,0.0,0.0,0.0,0.0,0.0,0.0,0.25190458550284334,21.752471123989654,21.793806459634258
2486,99.4,0.98,1,0.101,0.29,0.054,-0.054,-0.123,0.0,0.0,0.0,0.28,0.0,1.72,0.0,0.17,0.68,0.43,0.11,0.21,0.0,0.12,0.0,0.05,0.0,0.0,0.0,0.0,0.0,0.0,1.0,0.0,0.0,1.0,1.0,0.0,0.0,0.0,0.0,0.0,0.0,0.0,0.0,0.25439296497378233,22.102714765385752,22.586943130933054
2487,99.44,0.98,1,0.071,0.289,0.058,-0.043,-0.124,0.0,0.0,0.0,0.22,0.0,1.8,0.0,0.1,0.64,0.37,0.18,0.25,0.0,0.13,0.0,0.11,0.0,0.0,0.0,0.0,0.0,0.0,1.0,0.0,0.0,1.0,1.0,0.0,0.0,0.0,0.0,0.0,0.0,0.0,0.0,0.2397024546855577,22.01930970761816,24.12985702402731
2488,99.48,0.98,1,0.074,0.269,0.047,-0.039,-0.123,0.08,0.0,0.0,0.09,0.0,2.04,0.0,0.08,0.61,0.32,0.26,0.3,0.0,0.17,0.0,0.11,0.0,0.0,0.0,0.0,0.0,0.0,1.0,0.0,0.0,1.0,1.0,0.0,0.0,0.0,0.0,0.0,0.0,0.0,0.0,0.24911355179403166,22.36000894454217,23.593643211678863
2489,99.52,0.98,1,0.058,0.256,0.057,-0.026,-0.124,0.14,0.03,0.0,0.01,0.0,2.23,0.0,0.0,0.63,0.32,0.25,0.39,0.0,0.22,0.0,0.06,0.0,0.0,0.0,0.0,0.0,0.0,1.0,0.0,0.0,1.0,1.0,0.0,0.0,0.0,0.0,0.0,0.0,0.0,0.0,0.25152553425546526,21.94948746554239,23.65417510715616
2490,99.56,0.98,1,0.051,0.262,0.054,-0.022,-0.12,0.14,0.03,0.0,0.04,0.0,2.25,0.0,0.0,0.65,0.35,0.23,0.43,0.0,0.23,0.0,0.0,0.0,0.0,0.0,0.0,0.0,0.0,1.0,0.0,0.0,1.0,1.0,0.0,0.0,0.0,0.0,0.0,0.0,0.0,0.0,0.2540152800591352,21.70829334609241,23.535929979501557
2491,99.6,0.98,1,0.04,0.263,0.059,-0.017,-0.117,0.06,0.03,0.0,0.15,0.0,2.22,0.0,0.0,0.64,0.28,0.22,0.48,0.0,0.19,0.01,0.1,0.0,0.0,0.0,0.0,0.0,0.0,1.0,0.0,0.0,1.0,1.0,0.0,0.0,0.0,0.0,0.0,0.0,0.0,0.0,0.25168275649616745,22.798245546532875,23.940969069776692
2492,99.64,0.98,1,0.029,0.296,0.078,-0.013,-0.097,0.0,0.0,0.0,0.14,0.0,2.02,0.0,0.0,0.63,0.2,0.23,0.54,0.0,0.12,0.01,0.17,0.0,0.0,0.0,0.0,0.0,0.0,1.0,0.0,0.0,1.0,1.0,0.0,0.0,0.0,0.0,0.0,0.0,0.0,0.0,0.23129226687156063,23.08246087400557,23.841140912296915
2493,99.68,0.98,1,0.017,0.294,0.067,-0.016,-0.082,0.0,0.0,0.0,0.11,0.0,1.97,0.05,0.0,0.62,0.21,0.22,0.6,0.0,0.02,0.01,0.24,0.0,0.0,0.0,0.0,0.0,0.0,1.0,0.0,0.0,1.0,1.0,0.0,0.0,0.0,0.0,0.0,0.0,0.0,0.0,0.22452169549271578,22.87203532700997,23.23639386824044
2494,99.72,0.98,1,0.006,0.312,0.074,-0.013,-0.075,0.0,0.0,0.0,0.0,0.0,2.01,0.05,0.0,0.61,0.23,0.18,0.72,0.0,0.04,0.0,0.39,0.0,0.0,0.0,0.0,0.0,0.0,1.0,0.0,0.0,1.0,1.0,0.0,0.0,0.0,0.0,0.0,0.0,0.0,0.0,0.2211019277636174,22.37252779638474,21.727862297060007
2495,99.76,0.98,1,-0.009,0.341,0.084,-0.025,-0.047,0.0,0.0,0.0,0.0,0.0,2.23,0.11,0.0,0.59,0.21,0.22,0.69,0.0,0.04,0.0,0.57,0.0,0.0,0.0,0.0,0.0,0.0,1.0,0.0,0.0,1.0,1.0,0.0,1.0,0.0,0.0,0.0,0.0,0.0,0.0,0.21281471566787466,19.849433241279385,20.24845673131663
2496,99.8,0.98,1,0.024,0.331,0.091,-0.016,-0.061,0.0,0.0,0.0,0.0,0.0,2.33,0.09,0.0,0.54,0.09,0.25,0.74,0.01,0.11,0.01,0.81,0.0,0.0,0.0,0.0,0.0,0.0,1.0,0.0,0.0,1.0,1.0,0.0,1.0,0.0,0.0,0.0,0.0,0.0,0.0,0.2261182714432726,20.529490982486635,20.255616505058587
2497,99.84,0.98,1,0.025,0.333,0.084,-0.027,-0.046,0.0,0.0,0.0,0.0,0.0,2.32,0.11,0.0,0.5,0.03,0.24,0.74,0.07,0.14,0.03,0.92,0.0,0.0,0.0,0.0,0.0,0.0,1.0,0.0,0.0,0.0,1.0,0.0,1.0,0.0,0.0,0.0,0.0,0.0,0.0,0.2088744163840161,19.749683541768277,19.592345444075868
2498,99.88,0.98,1,0.044,0.327,0.08,-0.036,-0.048,0.0,0.0,0.0,0.0,0.0,2.18,0.05,0.0,0.44,0.0,0.19,0.89,0.1,0.26,0.16,1.03,0.0,0.0,0.0,0.0,0.0,0.0,1.0,0.0,0.0,0.0,1.0,0.0,1.0,0.0,0.0,0.0,0.0,0.0,0.0,0.2115709353730565,20.56234422433396,19.457903278616612
2499,99.92,0.98,1,0.038,0.323,0.073,-0.039,-0.058,0.0,0.0,0.0,0.0,0.0,2.02,0.02,0.0,0.39,0.0,0.18,1.0,0.09,0.35,0.2,1.07,0.0,0.0,0.0,0.0,0.0,0.0,1.0,0.0,0.0,0.0,1.0,0.0,1.0,0.0,0.0,0.0,0.0,0.0,0.0,0.21227528822249597,20.986185932655882,20.19925741209317
2500,99.96,0.98,1,0.039,0.306,0.063,-0.04,-0.068,0.0,0.0,0.0,0.0,0.0,1.93,0.0,0.0,0.36,0.0,0.16,1.05,0.03,0.46,0.18,0.96,0.0,0.0,0.0,0.0,0.0,0.0,0.0,0.0,0.0,0.0,1.0,0.0,1.0,0.0,0.0,0.0,0.0,0.0,0.0,0.22010258908062635,21.811235636708016,20.01049724519606
2501,100.0,0.98,1,0.049,0.305,0.065,-0.037,-0.086,0.0,0.0,0.0,0.0,0.0,1.72,0.0,0.0,0.37,0.0,0.12,0.94,0.0,0.49,0.05,0.83,0.0,0.0,0.0,0.0,0.0,0.0,0.0,0.0,0.0,0.0,1.0,0.0,1.0,0.0,0.0,0.0,0.0,0.0,0.0,0.21736838048040968,22.01022489662462,21.48324928868996
2502,100.04,0.98,1,0.051,0.291,0.061,-0.033,-0.103,0.0,0.0,0.0,0.0,0.0,1.6,0.0,0.0,0.4,0.0,0.08,0.87,0.03,0.53,0.0,0.71,0.0,0.0,0.0,0.0,0.0,0.0,0.0,0.0,0.0,0.0,1.0,0.0,1.0,0.0,0.0,0.0,0.0,0.0,0.0,0.222640893488307,22.5621364236633,22.48777445635736
2503,100.08,0.98,1,0.056,0.282,0.053,-0.028,-0.113,0.0,0.0,0.0,0.0,0.0,1.37,0.0,0.0,0.38,0.0,0.04,0.86,0.03,0.53,0.0,0.72,0.0,0.0,0.0,0.0,0.0,0.0,0.0,0.0,0.0,0.0,1.0,0.0,1.0,0.0,0.0,0.0,0.0,0.0,0.0,0.21493377241422174,22.401785643113183,23.194827009486403
2504,100.12,0.98,1,0.062,0.283,0.054,-0.025,-0.121,0.0,0.0,0.0,0.0,0.0,1.45,0.0,0.0,0.36,0.0,0.13,1.01,0.03,0.55,0.01,0.75,0.0,0.0,0.0,0.0,0.0,0.0,0.0,0.0,0.0,0.0,1.0,0.0,1.0,0.0,0.0,0.0,0.0,0.0,0.0,0.2191453466343049,22.033610689126682,23.378836583542842
2505,100.16,0.98,1,0.054,0.275,0.055,-0.019,-0.128,0.0,0.0,0.0,0.0,0.0,1.53,0.0,0.0,0.3,0.0,0.09,1.03,0.04,0.52,0.08,0.77,0.0,0.0,0.0,0.0,0.0,0.0,0.0,0.0,0.0,0.0,1.0,0.0,1.0,0.0,0.0,0.0,0.0,0.0,0.0,0.2256283062488033,22.48999777678962,23.645718428501993
2506,100.2,0.98,1,0.05,0.287,0.055,-0.015,-0.129,0.01,0.0,0.0,0.0,0.0,1.58,0.0,0.0,0.33,0.0,0.16,0.95,0.04,0.42,0.15,0.78,0.0,0.0,0.0,0.0,0.0,0.0,0.0,0.0,0.0,0.0,1.0,0.0,1.0,0.0,0.0,0.0,0.0,0.0,0.0,0.21824308512833418,22.40758800049674,23.348875775934072
2507,100.24,0.98,1,0.031,0.273,0.051,-0.017,-0.126,0.11,0.0,0.0,0.0,0.0,1.43,0.0,0.0,0.3,0.03,0.07,0.85,0.06,0.28,0.2,0.89,0.32,0.0,0.0,0.0,0.0,0.0,0.0,0.0,0.0,0.0,1.0,0.0,1.0,0.0,0.0,0.0,0.0,0.0,0.0,0.2557989851853794,22.04835594778006,23.194827009486403
2508,100.28,0.98,1,0.015,0.323,0.052,-0.016,-0.122,0.26,0.0,0.0,0.0,0.0,0.86,0.0,0.0,0.33,0.07,0.2,0.76,0.03,0.12,0.29,0.94,1.0,0.0,0.0,0.0,0.0,0.0,0.0,0.0,0.0,0.0,1.0,0.0,1.0,0.0,0.0,0.0,0.0,0.0,1.0,0.21464449670348482,20.362956563328378,18.798404187590023
2509,100.32,0.98,1,0.047,0.432,0.063,-0.022,-0.117,0.31,0.0,0.0,0.0,0.0,0.51,0.0,0.0,0.26,0.2,0.18,0.73,0.03,0.04,0.26,0.89,1.53,0.0,0.0,0.0,0.0,0.0,0.0,0.0,0.0,0.0,1.0,0.0,1.0,0.0,0.0,0.0,0.0,0.0,1.0,0.16846654866851235,18.60026881526192,20.55480479109439
2510,100.36,0.98,1,0.03,0.439,0.053,-0.014,-0.115,0.23,0.0,0.0,0.0,0.0,0.5,0.0,0.0,0.25,0.19,0.26,0.75,0.01,0.04,0.23,0.82,1.59,0.0,0.0,0.0,0.0,0.0,0.0,0.0,0.0,0.0,1.0,0.0,1.0,0.0,0.0,0.0,0.0,0.0,1.0,0.16078988811767067,17.813758727455767,23.22068043791994
2511,100.4,0.98,1,0.037,0.348,0.062,-0.021,-0.111,0.15,0.0,0.0,0.0,0.0,1.26,0.0,0.0,0.23,0.25,0.21,0.9,0.01,0.13,0.09,0.86,1.04,0.0,0.0,0.0,0.0,0.0,0.0,0.0,0.0,0.0,1.0,0.0,1.0,0.0,0.0,0.0,0.0,0.0,1.0,0.18743405517784167,18.677526602845592,20.180436070610515
2512,100.44,0.98,1,0.061,0.339,0.066,-0.026,-0.107,0.09,0.0,0.0,0.0,0.0,1.61,0.0,0.0,0.27,0.19,0.26,1.03,0.01,0.27,0.08,0.98,0.67,0.0,0.0,0.0,0.0,0.0,0.0,0.0,0.0,0.0,1.0,0.0,1.0,0.0,0.0,0.0,0.0,0.0,1.0,0.1789131152815871,18.199450541156363,19.99124808509968
2513,100.48,0.98,1,0.03,0.315,0.056,-0.028,-0.101,0.07,0.0,0.0,0.0,0.0,1.71,0.0,0.0,0.3,0.2,0.25,1.09,0.0,0.37,0.08,0.97,0.28,0.0,0.0,0.0,0.0,0.0,0.0,0.0,0.0,0.0,1.0,0.0,1.0,0.0,0.0,0.0,0.0,0.0,1.0,0.1731606845980866,17.740631330366835,21.60208323287359
2514,100.52,0.98,1,0.037,0.304,0.054,-0.03,-0.098,0.0,0.0,0.0,0.0,0.0,1.64,0.0,0.0,0.26,0.09,0.22,1.04,0.0,0.47,0.09,0.93,0.16,0.0,0.0,0.0,0.0,0.0,0.0,0.0,0.0,0.0,1.0,0.0,1.0,0.0,0.0,0.0,0.0,0.0,0.0,0.19388492465712542,19.450449866262822,21.554117936023346
2515,100.56,0.98,1,0.024,0.301,0.049,-0.033,-0.093,0.0,0.0,0.0,0.0,0.0,1.8,0.0,0.0,0.27,0.02,0.15,1.0,0.0,0.51,0.12,0.95,0.0,0.0,0.0,0.0,0.0,0.0,0.0,0.0,0.0,0.0,1.0,0.0,1.0,0.0,0.0,0.0,0.0,0.0,0.0,0.20565355747130598,19.46586756350725,21.298356744124558
2516,100.6,0.98,1,0.017,0.285,0.043,-0.036,-0.09,0.0,0.0,0.0,0.0,0.0,2.01,0.0,0.0,0.29,0.0,0.11,0.88,0.0,0.46,0.1,0.84,0.0,0.0,0.0,0.0,0.0,0.0,0.0,0.0,0.0,0.0,1.0,0.0,1.0,0.0,0.0,0.0,0.0,0.0,0.0,0.2199759113764525,20.180436070610696,20.938003725283792
2517,100.64,0.98,1,0.026,0.306,0.063,-0.022,-0.112,0.0,0.0,0.0,0.0,0.0,1.97,0.0,0.0,0.34,0.0,0.13,0.9,0.08,0.41,0.12,0.81,0.0,0.0,0.0,0.0,0.0,0.0,0.0,0.0,0.0,0.0,1.0,0.0,1.0,0.0,0.0,0.0,0.0,0.0,0.0,0.2081213942275052,20.362956563328378,20.728000385951283
2518,100.68,0.98,1,0.013,0.301,0.061,-0.026,-0.097,0.0,0.0,0.0,0.0,0.0,1.96,0.0,0.0,0.38,0.0,0.19,0.93,0.08,0.41,0.06,0.67,0.0,0.0,0.0,0.0,0.0,0.0,0.0,0.0,0.0,0.0,1.0,0.0,1.0,0.0,0.0,0.0,0.0,0.0,0.0,0.20380111908027027,20.16358103115606,21.52324325003097
2519,100.72,0.98,1,0.013,0.297,0.061,-0.03,-0.089,0.0,0.0,0.0,0.0,0.0,1.83,0.0,0.0,0.38,0.0,0.2,1.1,0.08,0.58,0.04,0.77,0.0,0.0,0.0,0.0,0.0,0.0,0.0,0.0,0.0,0.0,1.0,0.0,1.0,0.0,0.0,0.0,0.0,0.0,0.0,0.20031739009873195,20.4792577990513,21.801376103356336
2520,100.76,0.98,1,0.007,0.289,0.057,-0.034,-0.083,0.0,0.0,0.0,0.0,0.0,1.69,0.0,0.0,0.46,0.01,0.18,0.98,0.0,0.53,0.02,0.71,0.0,0.0,0.0,0.0,0.0,0.0,0.0,0.0,0.0,1.0,1.0,0.0,1.0,0.0,0.0,0.0,0.0,0.0,0.0,0.20325666893491084,20.28915966717184,21.84490787346111
2521,100.8,0.98,1,0.021,0.296,0.06,-0.031,-0.099,0.0,0.0,0.0,0.0,0.0,1.8,0.0,0.0,0.48,0.01,0.11,0.9,0.06,0.54,0.07,0.63,0.0,0.0,0.0,0.0,0.0,0.0,1.0,0.0,0.0,1.0,1.0,0.0,1.0,0.0,0.0,0.0,0.0,0.0,0.0,0.20915985140930776,20.995475703112668,21.727862297060014
2522,100.84,0.98,1,0.006,0.292,0.056,-0.04,-0.093,0.0,0.0,0.0,0.0,0.0,1.82,0.0,0.0,0.54,0.08,0.21,0.59,0.09,0.35,0.07,0.44,0.0,0.0,0.0,0.0,0.0,0.0,1.0,0.0,0.0,1.0,1.0,0.0,1.0,0.0,0.0,0.0,0.0,0.0,0.0,0.20040799309544308,20.99547570311289,21.951309755912153
2523,100.88,0.98,1,0.015,0.282,0.053,-0.033,-0.113,0.0,0.0,0.0,0.0,0.0,1.95,0.0,0.0,0.54,0.18,0.26,0.41,0.09,0.36,0.05,0.23,0.0,0.0,0.0,0.0,0.0,0.0,1.0,0.0,0.0,1.0,1.0,0.0,0.0,0.0,0.0,0.0,0.0,0.0,0.0,0.21911992798936167,20.986185932655882,22.02271554554524
2524,100.92,0.98,1,0.02,0.281,0.056,-0.035,-0.118,0.0,0.0,0.0,0.0,0.0,1.95,0.0,0.0,0.55,0.22,0.28,0.2,0.03,0.22,0.0,0.08,0.0,0.0,0.0,0.0,0.0,0.0,1.0,0.0,0.0,1.0,1.0,0.0,0.0,0.0,0.0,0.0,0.0,0.0,0.0,0.22964134737441746,21.214381914163937,22.03837562072123
2525,100.96,0.98,1,0.018,0.275,0.052,-0.036,-0.117,0.0,0.0,0.0,0.0,0.0,2.02,0.0,0.06,0.57,0.26,0.27,0.25,0.01,0.21,0.01,0.03,0.0,0.0,0.0,0.0,0.0,0.0,1.0,0.0,0.0,1.0,1.0,0.0,0.0,0.0,0.0,0.0,0.0,0.0,0.0,0.2358353774203626,21.335416564951156,21.62313575779438
2526,101.0,0.98,1,0.021,0.262,0.064,-0.046,-0.118,0.01,0.0,0.0,0.0,0.0,2.21,0.0,0.08,0.6,0.21,0.23,0.35,0.01,0.15,0.01,0.03,0.0,0.0,0.0,0.0,0.0,0.0,1.0,0.0,0.0,1.0,1.0,0.0,0.0,0.0,0.0,0.0,0.0,0.0,0.0,0.24913676596324236,22.065810658120046,22.144299492194282
2527,101.04,0.98,1,0.015,0.264,0.059,-0.045,-0.119,0.01,0.0,0.0,0.0,0.0,2.3,0.0,0.11,0.66,0.27,0.25,0.41,0.01,0.11,0.01,0.04,0.0,0.0,0.0,0.0,0.0,0.0,1.0,0.0,0.0,1.0,1.0,0.0,0.0,0.0,0.0,0.0,0.0,0.0,0.0,0.2525212374346258,21.692394980730136,21.91848534912926
2528,101.08,0.98,1,0.021,0.256,0.048,-0.047,-0.113,0.01,0.0,0.0,0.0,0.0,2.42,0.0,0.05,0.64,0.16,0.14,0.33,0.0,0.1,0.0,0.08,0.0,0.0,0.0,0.0,0.0,0.0,1.0,0.0,0.0,1.0,1.0,0.0,0.0,0.0,0.0,0.0,0.0,0.0,0.0,0.2463423764740575,22.081893034792103,22.222511109233402
2529,101.12,0.98,1,0.021,0.265,0.049,-0.047,-0.111,0.0,0.0,0.0,0.0,0.0,2.36,0.0,0.02,0.64,0.17,0.11,0.28,0.0,0.1,0.0,0.12,0.0,0.0,0.0,0.0,0.0,0.0,1.0,0.0,0.0,1.0,1.0,0.0,0.0,0.0,0.0,0.0,0.0,0.0,0.0,0.24561823603003863,21.683403791840348,22.318154045529795
2530,101.16,0.98,1,0.02,0.266,0.052,-0.048,-0.113,0.0,0.0,0.0,0.0,0.0,2.23,0.0,0.0,0.62,0.18,0.09,0.26,0.0,0.14,0.01,0.1,0.0,0.0,0.0,0.0,0.0,0.0,1.0,0.0,0.0,1.0,1.0,0.0,0.0,0.0,0.0,0.0,0.0,0.0,0.0,0.23750974317319823,22.209232314512725,22.526872841120227
2531,101.2,0.98,1,0.025,0.274,0.05,-0.048,-0.108,0.0,0.0,0.0,0.0,0.0,2.2,0.0,0.03,0.63,0.27,0.21,0.24,0.0,0.18,0.01,0.07,0.0,0.0,0.0,0.0,0.0,0.0,1.0,0.0,0.0,1.0,1.0,0.0,0.0,0.0,0.0,0.0,0.0,0.0,0.0,0.23590395811862036,22.289908030317264,22.53197727675048
2532,101.24,0.98,1,0.056,0.285,0.048,-0.047,-0.105,0.0,0.0,0.0,0.0,0.0,2.01,0.0,0.03,0.61,0.3,0.27,0.2,0.0,0.24,0.01,0.06,0.0,0.0,0.0,0.0,0.0,0.0,1.0,0.0,0.0,1.0,1.0,0.0,0.0,0.0,0.0,0.0,0.0,0.0,0.0,0.23077945134399766,20.739334608419725,22.244100341438667
2533,101.28,0.98,1,0.057,0.291,0.059,-0.045,-0.105,0.0,0.0,0.0,0.0,0.0,2.01,0.0,0.03,0.65,0.3,0.28,0.29,0.0,0.29,0.0,0.08,0.0,0.0,0.0,0.0,0.0,0.0,1.0,0.0,0.0,1.0,1.0,0.0,0.0,0.0,0.0,0.0,0.0,0.0,0.0,0.2257679385845736,22.01930970761795,23.535929979501557
2534,101.32,0.98,1,0.058,0.281,0.045,-0.045,-0.098,0.0,0.0,0.0,0.0,0.0,2.09,0.0,0.0,0.66,0.21,0.14,0.39,0.0,0.3,0.0,0.06,0.0,0.0,0.0,0.0,0.0,0.0,1.0,0.0,0.0,1.0,1.0,0.0,0.0,0.0,0.0,0.0,0.0,0.0,0.0,0.22586356498909604,21.681558984537997,23.121634890292594
2535,101.36,0.98,1,0.07,0.277,0.053,-0.049,-0.097,0.0,0.0,0.0,0.0,0.0,2.35,0.0,0.0,0.7,0.1,0.05,0.52,0.0,0.28,0.01,0.13,0.0,0.0,0.0,0.0,0.0,0.0,1.0,0.0,0.0,1.0,1.0,0.0,0.0,0.0,0.0,0.0,0.0,0.0,0.0,0.2399404858832876,21.879899451322935,23.81344158243402
2536,101.4,0.98,1,0.066,0.277,0.049,-0.048,-0.093,0.0,0.0,0.0,0.0,0.0,2.62,0.0,0.04,0.66,0.08,0.03,0.49,0.0,0.21,0.02,0.15,0.0,0.0,0.0,0.0,0.0,0.0,1.0,0.0,0.0,1.0,1.0,0.0,0.0,0.0,0.0,0.0,0.0,0.0,0.0,0.23033125132725052,21.768095920406,23.310512649875328
2537,101.44,0.98,1,0.066,0.278,0.052,-0.054,-0.093,0.0,0.0,0.0,0.0,0.0,2.58,0.0,0.04,0.66,0.13,0.04,0.54,0.0,0.16,0.02,0.15,0.0,0.0,0.0,0.0,0.0,0.0,1.0,0.0,0.0,1.0,1.0,0.0,0.0,0.0,0.0,0.0,0.0,0.0,0.0,0.2454185758603201,22.078269859751323,23.71033529918972
2538,101.48,0.98,1,0.054,0.272,0.043,-0.051,-0.091,0.0,0.0,0.0,0.0,0.0,2.47,0.0,0.04,0.62,0.13,0.09,0.54,0.01,0.14,0.01,0.11,0.0,0.0,0.0,0.0,0.0,0.0,1.0,0.0,0.0,1.0,1.0,0.0,0.0,0.0,0.0,0.0,0.0,0.0,0.0,0.2339623416952113,21.692394980729908,23.713498265755547
2539,101.52,0.98,1,0.052,0.278,0.049,-0.053,-0.094,0.0,0.0,0.0,0.0,0.0,2.31,0.0,0.0,0.65,0.13,0.07,0.63,0.01,0.1,0.0,0.13,0.05,0.0,0.0,0.0,0.0,0.0,1.0,0.0,0.0,1.0,1.0,0.0,0.0,0.0,0.0,0.0,0.0,0.0,0.0,0.237046609879346,22.153103620034827,23.410467744152264
2540,101.56,0.98,1,0.045,0.278,0.032,-0.053,-0.09,0.18,0.0,0.0,0.0,0.0,1.76,0.0,0.05,0.69,0.17,0.22,0.57,0.01,0.06,0.04,0.11,0.68,0.0,0.0,0.0,0.0,0.0,1.0,0.0,0.0,1.0,1.0,0.0,0.0,0.0,0.0,0.0,0.0,0.0,0.0,0.21279654477661092,19.830532015052125,20.928927349484354
2541,101.6,0.98,1,0.082,0.396,0.022,-0.069,-0.088,0.31,0.0,0.0,0.0,0.0,1.22,0.0,0.13,0.74,0.3,0.31,0.52,0.06,0.0,0.12,0.06,1.48,0.0,0.0,0.0,0.0,0.0,1.0,0.0,0.0,1.0,1.0,0.0,0.0,0.0,0.0,0.0,0.0,0.0,1.0,0.1886638117505679,18.12760326132489,21.807338214463407
2542,101.64,0.98,1,0.055,0.419,0.031,-0.063,-0.094,0.33,0.0,0.0,0.0,0.0,0.74,0.0,0.17,0.7,0.37,0.4,0.47,0.07,0.0,0.17,0.0,1.92,0.0,0.0,0.0,0.0,0.0,1.0,0.0,0.0,1.0,1.0,0.0,0.0,0.0,0.0,0.0,0.0,0.0,1.0,0.17267027278096253,17.43473544393477,20.803124765284792
2543,101.68,0.98,1,0.061,0.379,0.018,-0.05,-0.091,0.2,0.0,0.0,0.0,0.0,0.97,0.0,0.21,0.65,0.41,0.29,0.47,0.13,0.0,0.19,0.0,1.7,0.0,0.0,0.0,0.0,0.0,1.0,0.0,0.0,1.0,1.0,0.0,0.0,0.0,0.0,0.0,0.0,0.0,1.0,0.17861880098346056,16.804761230079958,21.793806459634485
2544,101.72,0.98,1,0.049,0.303,0.02,-0.045,-0.093,0.07,0.0,0.0,0.0,0.0,1.56,0.0,0.19,0.62,0.42,0.21,0.47,0.07,0.0,0.14,0.0,1.18,0.0,0.0,0.0,0.0,0.0,1.0,0.0,0.0,1.0,1.0,0.0,0.0,0.0,0.0,0.0,0.0,0.0,1.0,0.1896228470165133,18.20027472320111,18.655026132385874
2545,101.76,0.98,1,0.05,0.319,0.032,-0.046,-0.094,0.05,0.0,0.0,0.0,0.0,1.99,0.0,0.2,0.61,0.47,0.27,0.42,0.07,0.0,0.12,0.02,0.89,0.0,0.0,0.0,0.0,0.0,1.0,0.0,0.0,1.0,1.0,0.0,0.0,0.0,0.0,0.0,0.0,0.0,0.0,0.19351699810211886,17.802527910383915,17.776670104381328
2546,101.8,0.98,1,0.052,0.321,0.044,-0.044,-0.096,0.0,0.0,0.0,0.0,0.0,2.26,0.0,0.12,0.61,0.56,0.3,0.54,0.0,0.0,0.07,0.02,0.54,0.0,0.0,0.0,0.0,0.0,1.0,0.0,0.0,1.0,1.0,0.0,0.0,0.0,0.0,0.0,0.0,0.0,0.0,0.18713124453159086,17.304623659588966,17.880995498014034
2547,101.84,0.98,1,0.029,0.286,0.036,-0.035,-0.094,0.0,0.0,0.0,0.0,0.0,2.28,0.0,0.06,0.59,0.59,0.31,0.61,0.0,0.0,0.04,0.02,0.31,0.0,0.0,0.0,0.0,0.0,1.0,0.0,0.0,1.0,1.0,0.0,0.0,0.0,0.0,0.0,0.0,0.0,0.0,0.18421764776457925,19.60025510038062,18.346116755324505
2548,101.88,0.98,1,0.012,0.291,0.035,-0.034,-0.093,0.04,0.02,0.0,0.0,0.0,2.16,0.0,0.0,0.56,0.45,0.26,0.59,0.0,0.0,0.03,0.0,0.15,0.0,0.0,0.0,0.0,0.0,1.0,0.0,0.0,1.0,1.0,0.0,0.0,0.0,0.0,0.0,0.0,0.0,0.0,0.1849893880815009,18.706683297688066,18.027756377319946
2549,101.92,0.98,1,0.014,0.268,0.049,-0.032,-0.099,0.09,0.08,0.0,0.01,0.0,2.08,0.0,0.03,0.54,0.35,0.25,0.5,0.0,0.0,0.05,0.0,0.08,0.0,0.0,0.0,0.0,0.0,1.0,0.0,0.0,1.0,1.0,0.0,0.0,0.0,0.0,0.0,0.0,0.0,0.0,0.22636032364979697,19.899999999999864,18.7216452268491
2550,101.96,0.98,1,0.01,0.264,0.041,-0.035,-0.094,0.13,0.08,0.0,0.01,0.0,2.13,0.0,0.03,0.55,0.35,0.19,0.52,0.0,0.02,0.05,0.0,0.04,0.0,0.0,0.0,0.0,0.0,1.0,0.0,0.0,1.0,1.0,0.0,0.0,0.0,0.0,0.0,0.0,0.0,0.0,0.2359754617378828,19.90226117806727,18.813027401245083
2551,102.0,0.98,1,-0.004,0.269,0.047,-0.037,-0.094,0.09,0.06,0.0,0.01,0.0,2.35,0.0,0.03,0.57,0.45,0.13,0.58,0.01,0.03,0.03,0.0,0.0,0.0,0.0,0.0,0.0,0.0,1.0,0.0,0.0,1.0,1.0,0.0,0.0,0.0,0.0,0.0,0.0,0.0,0.0,0.23204020732999897,20.112185361118676,20.90598000573051
2552,102.04,0.98,1,0.007,0.269,0.045,-0.037,-0.092,0.08,0.0,0.0,0.0,0.0,2.43,0.0,0.0,0.55,0.56,0.06,0.6,0.01,0.03,0.0,0.0,0.0,0.0,0.0,0.0,0.0,0.0,1.0,0.0,0.0,1.0,1.0,0.0,0.0,0.0,0.0,0.0,0.0,0.0,0.0,0.23901218942430164,20.120139164528567,21.31501817967787
2553,102.08,0.98,1,0.01,0.275,0.059,-0.039,-0.096,0.09,0.0,0.0,0.0,0.0,2.23,0.0,0.02,0.53,0.55,0.08,0.66,0.01,0.01,0.0,0.0,0.0,0.0,0.0,0.0,0.0,0.0,1.0,0.0,0.0,1.0,1.0,0.0,0.0,0.0,0.0,0.0,0.0,0.0,0.0,0.24108775197818824,20.51560381758236,20.40392119177105
2554,102.12,0.98,1,0.003,0.266,0.046,-0.035,-0.092,0.11,0.0,0.0,0.0,0.0,2.13,0.0,0.02,0.52,0.54,0.11,0.72,0.0,0.0,0.0,0.0,0.0,0.0,0.0,0.0,0.0,0.0,1.0,0.0,0.0,1.0,1.0,0.0,0.0,0.0,0.0,0.0,0.0,0.0,0.0,0.23802577094403826,20.324615617521484,21.200943375236687
2555,102.16,0.98,1,0.001,0.259,0.042,-0.035,-0.091,0.1,0.01,0.0,0.0,0.0,2.09,0.0,0.02,0.52,0.48,0.11,0.78,0.0,0.0,0.0,0.0,0.0,0.0,0.0,0.0,0.0,0.0,1.0,0.0,0.0,1.0,1.0,0.0,0.0,0.0,0.0,0.0,0.0,0.0,0.0,0.23869118478366042,20.719555979798454,20.902152999153074
2556,102.2,0.98,1,0.004,0.255,0.041,-0.035,-0.089,0.09,0.01,0.0,0.02,0.0,2.14,0.0,0.0,0.51,0.44,0.12,0.68,0.0,0.0,0.0,0.03,0.0,0.0,0.0,0.0,0.0,0.0,1.0,0.0,0.0,1.0,1.0,0.0,0.0,0.0,0.0,0.0,0.0,0.0,0.0,0.24515730153679105,20.908610666421712,21.2058954067024
2557,102.24,0.98,1,0.018,0.255,0.034,-0.036,-0.085,0.15,0.01,0.0,0.02,0.0,2.28,0.0,0.03,0.5,0.38,0.08,0.61,0.0,0.0,0.0,0.06,0.0,0.0,0.0,0.0,0.0,0.0,1.0,0.0,0.0,1.0,1.0,0.0,0.0,0.0,0.0,0.0,0.0,0.0,0.0,0.24263079894094836,20.2121250738264,21.10852908186632
2558,102.28,0.98,1,0.02,0.271,0.051,-0.037,-0.086,0.13,0.0,0.0,0.02,0.0,2.26,0.0,0.03,0.49,0.37,0.09,0.54,0.0,0.0,0.0,0.06,0.0,0.0,0.0,0.0,0.0,0.0,1.0,0.0,0.0,1.0,1.0,0.0,0.0,0.0,0.0,0.0,0.0,0.0,0.0,0.2495401929578899,20.429635336931586,22.603539545832106
2559,102.32,0.98,1,0.024,0.245,0.037,-0.036,-0.082,0.1,0.0,0.0,0.0,0.0,2.16,0.0,0.03,0.48,0.33,0.08,0.56,0.0,0.0,0.0,0.03,0.0,0.0,0.0,0.0,0.0,0.0,1.0,0.0,0.0,1.0,1.0,0.0,0.0,0.0,0.0,0.0,0.0,0.0,0.0,0.25168743556782625,20.946837470128855,21.80091741188884
2560,102.36,0.98,1,0.02,0.255,0.052,-0.039,-0.083,0.05,0.02,0.0,0.01,0.0,2.03,0.0,0.0,0.51,0.38,0.09,0.61,0.0,0.01,0.0,0.0,0.0,0.0,0.0,0.0,0.0,0.0,1.0,0.0,0.0,1.0,1.0,0.0,0.0,0.0,0.0,0.0,0.0,0.0,0.0,0.25701397050188834,20.647518010647094,21.200000000000045
2561,102.4,0.98,1,0.027,0.242,0.035,-0.038,-0.078,0.05,0.02,0.0,0.01,0.0,1.99,0.0,0.0,0.51,0.38,0.12,0.62,0.0,0.02,0.0,0.0,0.0,0.0,0.0,0.0,0.0,0.0,1.0,0.0,0.0,1.0,1.0,0.0,0.0,0.0,0.0,0.0,0.0,0.0,0.0,0.2518386096341855,20.74728897952698,21.10379112861018
2562,102.44,0.98,1,0.028,0.251,0.038,-0.037,-0.082,0.05,0.02,0.0,0.01,0.0,2.0,0.0,0.0,0.52,0.33,0.16,0.66,0.02,0.04,0.0,0.0,0.0,0.0,0.0,0.0,0.0,0.0,1.0,0.0,0.0,1.0,1.0,0.0,0.0,0.0,0.0,0.0,0.0,0.0,0.0,0.25560652508580917,20.64751801064732,21.203773249117532
2563,102.48,0.98,1,0.021,0.247,0.043,-0.034,-0.082,0.01,0.0,0.0,0.0,0.0,1.98,0.0,0.0,0.5,0.22,0.13,0.59,0.02,0.06,0.0,0.0,0.0,0.0,0.0,0.0,0.0,0.0,1.0,0.0,0.0,1.0,1.0,0.0,0.0,0.0,0.0,0.0,0.0,0.0,0.0,0.24924170628776532,21.25299978826523,22.103619613085908
2564,102.52,0.98,1,0.038,0.246,0.033,-0.035,-0.081,0.01,0.01,0.0,0.0,0.0,2.12,0.0,0.01,0.46,0.08,0.09,0.62,0.03,0.09,0.0,0.0,0.0,0.0,0.0,0.0,0.0,0.0,1.0,0.0,0.0,1.0,1.0,0.0,0.0,0.0,0.0,0.0,0.0,0.0,0.0,0.2357723508405548,21.592822881689184,23.203448019637126
2565,102.56,0.98,1,0.017,0.299,0.037,-0.035,-0.085,0.02,0.01,0.0,0.0,0.0,1.95,0.0,0.03,0.46,0.04,0.0,0.54,0.02,0.06,0.0,0.0,0.3,0.0,0.0,0.0,0.0,0.0,1.0,0.0,0.0,1.0,1.0,0.0,0.0,0.0,0.0,0.0,0.0,0.0,0.0,0.20423576722696588,20.547749268472202,20.208908926510652
2566,102.6,0.98,1,-0.012,0.318,0.017,-0.035,-0.081,0.06,0.02,0.0,0.0,0.0,1.63,0.0,0.03,0.45,0.01,0.07,0.46,0.06,0.03,0.0,0.0,0.42,0.0,0.0,0.0,0.0,0.0,1.0,0.0,0.0,1.0,1.0,0.0,0.0,0.0,0.0,0.0,0.0,0.0,0.0,0.19291603199441915,17.7002824836216,18.66038584810069
2567,102.64,0.98,1,-0.016,0.319,0.022,-0.031,-0.084,0.08,0.04,0.0,0.0,0.0,1.25,0.0,0.03,0.5,0.06,0.07,0.39,0.08,0.0,0.0,0.0,0.64,0.0,0.0,0.0,0.0,0.0,1.0,0.0,0.0,1.0,1.0,0.0,0.0,0.0,0.0,0.0,0.0,0.0,0.0,0.193409927491866,17.813758727455536,17.95466513193702
2568,102.68,0.98,1,-0.018,0.321,0.014,-0.034,-0.082,0.11,0.04,0.0,0.0,0.0,1.36,0.0,0.01,0.49,0.09,0.07,0.41,0.09,0.0,0.0,0.0,0.57,0.0,0.0,0.0,0.0,0.0,1.0,0.0,0.0,1.0,1.0,0.0,0.0,0.0,0.0,0.0,0.0,0.0,0.0,0.19241807316066623,17.304623659588742,18.44586674569681
2569,102.72,0.98,1,-0.015,0.329,0.02,-0.029,-0.087,0.2,0.03,0.0,0.0,0.0,1.59,0.0,0.02,0.51,0.13,0.11,0.42,0.16,0.0,0.0,0.0,0.51,0.0,0.0,0.0,0.0,0.0,1.0,0.0,0.0,1.0,1.0,0.0,0.0,0.0,0.0,0.0,0.0,0.0,0.0,0.1906006185477452,17.70451919708642,17.87176544161204
2570,102.76,0.98,1,-0.013,0.325,0.024,-0.027,-0.088,0.32,0.01,0.0,0.0,0.0,1.8,0.0,0.02,0.5,0.2,0.15,0.42,0.17,0.0,0.0,0.0,0.39,0.0,0.0,0.0,0.0,0.0,1.0,0.0,0.0,1.0,1.0,0.0,0.0,0.0,0.0,0.0,0.0,0.0,0.0,0.19692536856426174,17.60710084028591,17.763445611705
2571,102.8,0.98,1,-0.005,0.33,0.019,-0.029,-0.082,0.43,0.01,0.0,0.0,0.0,1.78,0.0,0.02,0.47,0.23,0.2,0.42,0.23,0.0,0.0,0.0,0.33,0.0,0.0,0.0,0.0,0.0,1.0,0.0,0.0,0.0,1.0,0.0,0.0,0.0,0.0,0.0,0.0,0.0,0.0,0.1954674498760576,17.507141400011598,17.473408368146018
2572,102.84,0.98,1,-0.003,0.319,0.022,-0.025,-0.084,0.37,0.08,0.0,0.0,0.0,1.65,0.0,0.0,0.41,0.29,0.19,0.52,0.19,0.0,0.0,0.0,0.47,0.0,0.0,0.0,0.0,0.0,1.0,0.0,0.0,0.0,1.0,0.0,0.0,0.0,0.0,0.0,0.0,0.0,0.0,0.200117182973857,17.702542190318134,17.448495637160104
2573,102.88,0.98,1,0.008,0.319,0.017,-0.029,-0.085,0.32,0.1,0.0,0.0,0.0,1.52,0.0,0.0,0.38,0.26,0.17,0.52,0.2,0.0,0.0,0.01,0.45,0.0,1.0,0.0,0.0,0.0,1.0,0.0,0.0,0.0,1.0,0.0,0.0,0.0,0.0,0.0,0.0,0.0,0.0,0.1893304818263633,17.80702108720036,17.890779748238984
2574,102.92,0.98,1,0.005,0.318,0.021,-0.027,-0.086,0.32,0.13,0.0,0.0,0.0,1.61,0.0,0.0,0.33,0.32,0.12,0.57,0.13,0.0,0.0,0.01,0.48,0.0,1.0,0.0,0.0,0.0,1.0,0.0,0.0,0.0,1.0,0.0,0.0,0.0,0.0,0.0,0.0,0.0,0.0,0.19115848478078012,17.601136326953576,18.110770276274835
2575,102.96,0.98,1,0.014,0.312,0.012,-0.026,-0.085,0.4,0.05,0.0,0.0,0.0,1.6,0.0,0.03,0.36,0.26,0.07,0.48,0.14,0.0,0.07,0.01,0.49,0.0,1.0,0.0,0.0,0.0,1.0,0.0,0.0,0.0,1.0,0.0,0.0,0.0,0.0,0.0,0.0,0.0,0.0,0.1902708902566405,18.50027026829608,18.288794383446973
2576,103.0,0.98,1,0.008,0.319,0.025,-0.021,-0.088,0.4,0.04,0.0,0.0,0.0,1.62,0.0,0.03,0.38,0.16,0.05,0.51,0.09,0.0,0.09,0.01,0.57,0.0,1.0,0.0,0.0,0.0,1.0,0.0,0.0,1.0,1.0,0.0,0.0,0.0,0.0,0.0,0.0,0.0,0.0,0.18855781390777412,18.30109286354251,18.607794065928395
2577,103.04,0.98,1,0.005,0.311,0.013,-0.025,-0.083,0.35,0.02,0.0,0.0,0.0,1.55,0.0,0.1,0.45,0.03,0.1,0.38,0.2,0.0,0.1,0.01,0.49,0.0,1.0,0.0,0.0,0.0,1.0,0.0,0.0,1.0,1.0,0.0,0.0,0.0,0.0,0.0,0.0,0.0,0.0,0.1891262015987164,18.50108104949546,18.806647760831623
2578,103.08,0.98,1,0.001,0.319,0.024,-0.023,-0.087,0.32,0.04,0.0,0.0,0.0,1.63,0.0,0.09,0.46,0.0,0.06,0.41,0.11,0.0,0.03,0.01,0.31,0.0,1.0,0.0,0.0,0.0,1.0,0.0,0.0,1.0,1.0,0.0,0.0,0.0,0.0,0.0,0.0,0.0,0.0,0.18965439056428784,18.600000000000136,18.80664776083185
2579,103.12,0.98,1,-0.001,0.314,0.015,-0.022,-0.084,0.31,0.03,0.0,0.0,0.0,1.69,0.0,0.13,0.43,0.0,0.14,0.33,0.16,0.0,0.01,0.03,0.28,0.0,1.0,0.0,0.0,0.0,1.0,0.0,0.0,1.0,1.0,0.0,0.0,0.0,0.0,0.0,0.0,0.0,0.0,0.18748094623661926,18.30109286354251,18.80664776083185
2580,103.16,0.98,1,0.002,0.319,0.022,-0.021,-0.089,0.3,0.1,0.0,0.0,0.0,1.68,0.0,0.1,0.42,0.04,0.09,0.39,0.05,0.0,0.01,0.03,0.33,0.0,1.0,0.0,0.0,0.0,1.0,0.0,0.0,1.0,1.0,0.0,0.0,0.0,0.0,0.0,0.0,0.0,0.0,0.18890657699691948,18.602419197512905,18.79627622695521
2581,103.2,0.98,1,0.005,0.315,0.017,-0.022,-0.085,0.32,0.09,0.0,0.02,0.0,1.61,0.0,0.07,0.42,0.04,0.1,0.35,0.14,0.0,0.04,0.06,0.49,0.0,1.0,0.0,0.0,0.0,1.0,0.0,0.0,1.0,1.0,0.0,0.0,0.0,0.0,0.0,0.0,0.0,0.0,0.19026074473727744,18.804254837669006,18.69679116854003
2582,103.24,0.98,1,-0.002,0.319,0.028,-0.021,-0.089,0.31,0.14,0.0,0.08,0.0,1.56,0.0,0.03,0.45,0.09,0.06,0.38,0.13,0.0,0.05,0.02,0.55,0.0,1.0,0.0,0.0,0.0,1.0,0.0,0.0,1.0,1.0,0.0,0.0,0.0,0.0,0.0,0.0,0.0,0.0,0.1944663561287953,18.799999999999955,18.995262567282502
2583,103.28,0.98,1,0.002,0.309,0.017,-0.022,-0.084,0.35,0.08,0.0,0.12,0.0,1.6,0.0,0.0,0.41,0.05,0.17,0.34,0.22,0.0,0.04,0.03,0.59,0.0,1.0,0.0,0.0,0.0,1.0,0.0,0.0,1.0,1.0,0.0,0.0,0.0,0.0,0.0,0.0,0.0,0.0,0.18989995604144255,18.904232330354052,18.916923639957908
2584,103.32,0.98,1,-0.002,0.322,0.025,-0.021,-0.088,0.29,0.11,0.0,0.1,0.0,1.6,0.0,0.0,0.39,0.05,0.21,0.35,0.17,0.0,0.01,0.01,0.52,0.0,1.0,0.0,0.0,0.0,1.0,0.0,0.0,0.0,1.0,0.0,0.0,0.0,0.0,0.0,0.0,0.0,0.0,0.18819969411102805,18.80106379968959,18.906083676954314
2585,103.36,0.98,1,0.006,0.31,0.019,-0.025,-0.086,0.25,0.05,0.0,0.04,0.0,1.8,0.0,0.0,0.36,0.01,0.24,0.26,0.2,0.0,0.03,0.01,0.6,0.0,1.0,0.0,0.0,0.0,1.0,0.0,0.0,0.0,1.0,0.0,0.0,0.0,0.0,0.0,0.0,0.0,0.0,0.19259669588324602,19.104188022525232,19.00552551233443
2586,103.4,0.98,1,0.014,0.316,0.026,-0.026,-0.092,0.25,0.03,0.0,0.14,0.0,1.83,0.0,0.0,0.37,0.01,0.16,0.26,0.18,0.0,0.03,0.0,0.76,0.0,1.0,0.0,0.0,0.0,1.0,0.0,0.0,0.0,1.0,0.0,0.0,0.0,0.0,0.0,0.0,0.0,0.0,0.19571586585937328,19.001052602421794,18.69679116854026
2587,103.44,0.98,1,0.009,0.319,0.025,-0.023,-0.092,0.34,0.0,0.0,0.28,0.0,2.15,0.0,0.0,0.35,0.04,0.15,0.31,0.21,0.0,0.03,0.0,0.87,0.0,1.0,0.0,0.0,0.0,1.0,0.0,0.0,0.0,1.0,0.0,0.0,0.0,0.0,0.0,0.0,0.0,0.0,0.19358750635400418,19.201041638411002,18.487833837418684
2588,103.48,0.98,1,-0.001,0.326,0.03,-0.02,-0.092,0.33,0.0,0.0,0.28,0.0,2.18,0.0,0.0,0.34,0.1,0.09,0.33,0.13,0.0,0.07,0.0,0.84,0.0,1.0,0.0,0.0,0.0,1.0,0.0,0.0,0.0,1.0,0.0,0.0,0.0,0.0,0.0,0.0,0.0,0.0,0.1936054778798129,19.200260414900445,18.686893802877055
2589,103.52,0.98,1,0.008,0.331,0.023,-0.028,-0.088,0.51,0.1,0.0,0.14,0.0,1.91,0.0,0.02,0.43,0.24,0.07,0.41,0.13,0.0,0.1,0.0,1.29,0.0,1.0,0.0,0.0,0.0,1.0,0.0,0.0,0.0,1.0,0.0,0.0,0.0,0.0,0.0,0.0,0.0,0.0,0.19626003941996473,18.017769007288337,18.916923639957908
2590,103.56,0.98,1,0.059,0.413,0.034,-0.04,-0.083,0.56,0.1,0.0,0.0,0.0,1.24,0.0,0.08,0.55,0.32,0.23,0.43,0.23,0.0,0.16,0.0,1.92,0.0,1.0,0.0,0.0,0.0,1.0,0.0,0.0,0.0,1.0,0.0,0.0,1.0,0.0,0.0,0.0,0.0,1.0,0.1958459427631173,17.922611416866772,22.599999999999866
2591,103.6,0.98,1,0.022,0.442,0.053,-0.04,-0.088,0.67,0.1,0.0,0.0,0.0,0.8,0.0,0.13,0.57,0.37,0.29,0.48,0.38,0.0,0.09,0.0,2.28,0.0,1.0,0.0,0.0,0.0,1.0,0.0,0.0,0.0,1.0,0.0,0.0,1.0,0.0,0.0,0.0,0.0,1.0,0.17082447207062212,17.042300314218142,21.807338214463634
2592,103.64,0.98,1,0.029,0.415,0.028,-0.021,-0.083,0.52,0.0,0.0,0.0,0.0,0.81,0.0,0.1,0.49,0.28,0.29,0.49,0.4,0.0,0.05,0.04,2.0,0.0,1.0,0.0,0.0,0.0,1.0,0.0,0.0,0.0,1.0,0.0,0.0,1.0,0.0,0.0,0.0,0.0,1.0,0.1699765236761418,17.404597093871356,21.37124235976939
2593,103.68,0.98,1,0.033,0.291,0.028,-0.028,-0.082,0.29,0.0,0.0,0.04,0.0,1.45,0.0,0.05,0.41,0.3,0.08,0.46,0.3,0.0,0.02,0.06,1.22,0.0,1.0,0.0,0.0,0.0,1.0,0.0,0.0,0.0,1.0,0.0,0.0,1.0,0.0,0.0,0.0,0.0,1.0,0.19194264992143034,18.83825894290654,19.734487578855592
2594,103.72,0.98,1,0.025,0.296,0.018,-0.032,-0.082,0.15,0.0,0.0,0.04,0.0,1.93,0.0,0.0,0.41,0.25,0.02,0.51,0.18,0.0,0.02,0.12,0.6,0.0,1.0,0.0,0.0,0.0,1.0,0.0,0.0,0.0,1.0,0.0,0.0,1.0,0.0,0.0,0.0,0.0,0.0,0.19338384874064646,16.407620180879462,17.592327873252017
2595,103.76,0.98,1,0.019,0.273,0.027,-0.032,-0.085,0.0,0.0,0.0,0.04,0.0,2.38,0.0,0.0,0.41,0.26,0.0,0.49,0.14,0.0,0.02,0.08,0.11,0.0,1.0,0.0,0.0,0.0,1.0,0.0,0.0,0.0,1.0,0.0,0.0,0.0,0.0,0.0,0.0,0.0,0.0,0.19002386550509193,18.399999999999864,18.00999722376436
2596,103.8,0.98,1,0.013,0.276,0.035,-0.031,-0.091,0.04,0.0,0.0,0.0,0.0,2.34,0.0,0.0,0.42,0.2,0.04,0.47,0.14,0.0,0.0,0.08,0.02,0.0,0.0,0.0,0.0,0.0,1.0,0.0,0.0,0.0,1.0,0.0,0.0,0.0,0.0,0.0,0.0,0.0,0.0,0.2172810659910317,19.104188022525463,18.9129585205489
2597,103.84,0.98,1,0.015,0.267,0.029,-0.023,-0.091,0.04,0.05,0.0,0.0,0.0,2.27,0.0,0.0,0.42,0.13,0.04,0.43,0.11,0.03,0.0,0.02,0.02,0.0,0.0,0.0,0.0,0.0,1.0,0.0,0.0,0.0,1.0,0.0,0.0,0.0,0.0,0.0,0.0,0.0,0.0,0.22051814309143505,19.106543381784068,19.209372712298364
2598,103.88,0.98,1,0.024,0.275,0.041,-0.02,-0.094,0.04,0.05,0.0,0.0,0.0,2.12,0.0,0.0,0.43,0.1,0.08,0.47,0.07,0.07,0.0,0.06,0.0,0.0,0.0,0.0,0.0,0.0,1.0,0.0,0.0,0.0,1.0,0.0,0.0,0.0,0.0,0.0,0.0,0.0,0.0,0.22899046056301575,19.021303845951252,20.30886505937735
2599,103.92,0.98,1,0.028,0.257,0.037,-0.039,-0.071,0.01,0.05,0.0,0.0,0.0,2.0,0.0,0.0,0.39,0.02,0.09,0.49,0.12,0.08,0.03,0.08,0.0,0.0,0.0,0.0,0.0,0.0,1.0,0.0,0.0,0.0,1.0,0.0,0.0,0.0,0.0,0.0,0.0,0.0,0.0,0.23182266004040653,21.015232570685487,20.608736011701584
2600,103.96,0.98,1,0.027,0.256,0.028,-0.034,-0.083,0.01,0.0,0.0,0.0,0.0,2.03,0.0,0.0,0.39,0.02,0.15,0.41,0.18,0.06,0.05,0.08,0.0,0.0,0.0,0.0,0.0,0.0,1.0,0.0,0.0,0.0,1.0,0.0,0.0,0.0,0.0,0.0,0.0,0.0,0.0,0.24794006964373397,20.424495097798715,21.70575960430784
2601,104.0,0.98,1,0.03,0.25,0.026,-0.032,-0.088,0.01,0.0,0.0,0.0,0.0,2.05,0.0,0.0,0.39,0.0,0.17,0.29,0.17,0.05,0.05,0.04,0.0,0.0,1.0,0.0,0.0,0.0,1.0,0.0,0.0,0.0,1.0,0.0,0.0,0.0,0.0,0.0,0.0,0.0,0.0,0.23978692915677807,21.015470491997174,21.333776037073182
2602,104.04,0.98,1,0.031,0.27,0.031,-0.032,-0.088,0.0,0.03,0.0,0.0,0.0,2.03,0.0,0.0,0.37,0.03,0.22,0.29,0.06,0.04,0.04,0.03,0.0,0.0,0.0,0.0,0.0,0.0,1.0,0.0,0.0,0.0,1.0,0.0,0.0,0.0,0.0,0.0,0.0,0.0,0.0,0.233632072598998,20.961154548354305,21.733154395991214
2603,104.08,0.98,1,0.031,0.265,0.025,-0.029,-0.09,0.0,0.03,0.0,0.0,0.0,1.99,0.0,0.0,0.36,0.03,0.24,0.41,0.04,0.03,0.05,0.03,0.0,0.0,1.0,0.0,0.0,0.0,1.0,0.0,0.0,0.0,1.0,0.0,0.0,0.0,0.0,0.0,0.0,0.0,0.0,0.23482542942959928,20.847062143141596,21.727862297060014
2604,104.12,0.98,1,0.037,0.265,0.024,-0.03,-0.091,0.0,0.03,0.0,0.03,0.0,1.97,0.0,0.0,0.33,0.03,0.26,0.49,0.05,0.01,0.11,0.03,0.0,0.0,1.0,0.0,0.0,0.0,1.0,0.0,0.0,0.0,1.0,0.0,0.0,0.0,0.0,0.0,0.0,0.0,0.0,0.22392080021300703,20.847062143141596,22.337860237721916
2605,104.16,0.98,1,0.038,0.263,0.022,-0.03,-0.092,0.0,0.0,0.0,0.03,0.0,2.01,0.0,0.0,0.35,0.0,0.33,0.58,0.1,0.01,0.09,0.04,0.0,0.0,1.0,0.0,0.0,0.0,1.0,0.0,0.0,0.0,1.0,0.0,0.0,0.0,0.0,0.0,0.0,0.0,0.0,0.23264407481485616,20.940391591371792,22.127358631341338
2606,104.2,0.98,1,0.03,0.262,0.023,-0.029,-0.093,0.0,0.0,0.0,0.05,0.0,2.13,0.0,0.0,0.32,0.0,0.4,0.65,0.11,0.01,0.05,0.04,0.0,0.0,1.0,0.0,0.0,0.0,1.0,0.0,0.0,0.0,1.0,0.0,0.0,0.0,0.0,0.0,0.0,0.0,0.0,0.2304807144277798,21.25299978826523,22.3224102641269
2607,104.24,0.98,1,0.039,0.266,0.018,-0.03,-0.093,0.0,0.0,0.0,0.06,0.0,2.35,0.0,0.0,0.31,0.0,0.4,0.68,0.1,0.03,0.01,0.09,0.0,0.0,1.0,0.0,0.0,0.0,1.0,0.0,0.0,0.0,1.0,0.0,0.0,0.0,0.0,0.0,0.0,0.0,0.0,0.22218377770146086,21.140009460735953,22.62675407565115
2608,104.28,0.98,1,0.048,0.252,0.012,-0.029,-0.095,0.05,0.0,0.0,0.12,0.0,2.47,0.0,0.0,0.32,0.0,0.34,0.65,0.04,0.05,0.04,0.05,0.0,0.0,1.0,0.0,0.0,0.0,1.0,0.0,0.0,0.0,1.0,0.0,0.0,0.0,0.0,0.0,0.0,0.0,0.0,0.22675621705814353,21.45972972802788,23.226062946612412
2609,104.32,0.98,1,0.05,0.258,0.013,-0.031,-0.095,0.11,0.0,0.0,0.11,0.0,2.18,0.0,0.0,0.38,0.0,0.25,0.65,0.01,0.05,0.04,0.05,0.22,0.0,1.0,0.0,0.0,0.0,1.0,0.0,0.0,0.0,1.0,0.0,0.0,0.0,0.0,0.0,0.0,0.0,0.0,0.22343522599446675,21.14000946073596,23.13114783144162
2610,104.36,0.98,1,0.028,0.278,0.002,-0.032,-0.095,0.33,0.02,0.0,0.06,0.0,1.41,0.0,0.08,0.42,0.04,0.36,0.59,0.12,0.03,0.09,0.0,1.07,0.0,1.0,0.0,0.0,0.0,1.0,0.0,0.0,0.0,1.0,0.0,0.0,0.0,0.0,0.0,0.0,0.0,0.0,0.21024137723087682,19.800252523642172,19.205207627099472
2611,104.4,0.98,1,0.053,0.411,0.007,-0.045,-0.092,0.41,0.02,0.0,0.0,0.0,0.75,0.0,0.08,0.4,0.04,0.41,0.54,0.16,0.0,0.09,0.0,1.81,1.0,1.0,0.0,0.0,0.0,1.0,0.0,0.0,0.0,1.0,0.0,0.0,1.0,0.0,0.0,0.0,0.0,0.0,0.1738569070507399,16.966437457521927,21.404905979704886
2612,104.44,0.98,1,0.053,0.378,-0.012,-0.038,-0.088,0.47,0.12,0.0,0.0,0.0,0.6,0.0,0.08,0.33,0.04,0.44,0.43,0.21,0.0,0.09,0.0,2.11,1.0,1.0,0.0,0.0,0.0,1.0,0.0,0.0,0.0,1.0,0.0,0.0,1.0,0.0,0.0,0.0,0.0,0.0,0.1746524397643481,18.346116755324495,21.29835674412478
2613,104.48,0.98,1,0.018,0.318,-0.009,-0.032,-0.09,0.35,0.1,0.0,0.0,0.0,1.05,0.0,0.0,0.29,0.03,0.3,0.45,0.14,0.0,0.03,0.0,1.6,1.0,1.0,0.0,0.0,0.0,1.0,0.0,0.0,0.0,1.0,0.0,0.0,1.0,0.0,0.0,0.0,0.0,0.0,0.19469121958871977,18.826576959181885,21.04471430074541
2614,104.52,0.98,1,0.045,0.278,-0.003,-0.036,-0.091,0.35,0.1,0.0,0.0,0.0,1.75,0.0,0.01,0.31,0.03,0.22,0.47,0.18,0.0,0.01,0.0,1.01,1.0,1.0,0.0,0.0,0.0,1.0,0.0,0.0,0.0,1.0,0.0,0.0,1.0,0.0,0.0,0.0,0.0,0.0,0.21164414076995258,17.00264685276972,18.443969204051445
2615,104.56,0.98,1,0.042,0.273,-0.005,-0.036,-0.092,0.38,0.04,0.0,0.0,0.0,2.16,0.0,0.01,0.33,0.03,0.22,0.47,0.18,0.0,0.01,0.0,0.67,1.0,1.0,0.0,0.0,0.0,1.0,0.0,0.0,0.0,1.0,0.0,0.0,1.0,0.0,0.0,0.0,0.0,0.0,0.19144310651868407,17.101169550647835,18.022763384120744
2616,104.6,0.98,1,0.052,0.252,-0.004,-0.033,-0.094,0.36,0.04,0.0,0.0,0.0,2.27,0.0,0.01,0.33,0.0,0.2,0.5,0.25,0.0,0.01,0.0,0.44,1.0,1.0,0.0,0.0,0.0,1.0,0.0,0.0,0.0,1.0,0.0,0.0,1.0,0.0,0.0,0.0,0.0,0.0,0.20390993042159017,18.60430057809206,18.77711372921838
2617,104.64,0.98,1,0.046,0.274,-0.001,-0.028,-0.095,0.37,0.05,0.0,0.0,0.0,2.08,0.0,0.0,0.33,0.0,0.22,0.52,0.22,0.0,0.0,0.0,0.33,1.0,1.0,0.0,0.0,0.0,1.0,0.0,0.0,0.0,1.0,0.0,0.0,1.0,0.0,0.0,0.0,0.0,0.0,0.18243550796523622,19.40412327316036,18.022485955050705
2618,104.68,0.98,1,0.048,0.273,-0.003,-0.03,-0.094,0.22,0.01,0.0,0.02,0.0,1.99,0.0,0.0,0.33,0.0,0.2,0.57,0.2,0.0,0.0,0.0,0.15,1.0,1.0,0.0,0.0,0.0,1.0,0.0,0.0,0.0,1.0,0.0,0.0,0.0,0.0,0.0,0.0,0.0,0.0,0.19228646540538324,18.802393464662906,19.536888186197928
2619,104.72,0.98,1,0.036,0.279,-0.005,-0.025,-0.092,0.25,0.01,0.0,0.02,0.0,2.01,0.0,0.0,0.31,0.0,0.18,0.55,0.09,0.0,0.0,0.0,0.05,1.0,1.0,0.0,0.0,0.0,1.0,0.0,0.0,0.0,1.0,0.0,0.0,0.0,0.0,0.0,0.0,0.0,0.0,0.18987153144848787,19.50102561405425,19.742846805868744
2620,104.76,0.98,1,0.028,0.264,0.001,-0.024,-0.091,0.15,0.0,0.0,0.02,0.0,1.85,0.0,0.0,0.31,0.0,0.17,0.47,0.07,0.0,0.09,0.0,0.0,1.0,1.0,0.0,0.0,0.0,1.0,0.0,0.0,0.0,1.0,0.0,0.0,0.0,0.0,0.0,0.0,0.0,0.0,0.1958335733221563,19.200000000000045,19.736514383244117
2621,104.8,0.98,1,0.036,0.275,0.008,-0.029,-0.09,0.16,0.0,0.0,0.0,0.0,1.7,0.0,0.0,0.28,0.0,0.1,0.38,0.04,0.0,0.11,0.0,0.0,1.0,1.0,0.0,0.0,0.0,1.0,0.0,0.0,0.0,1.0,0.0,0.0,0.0,0.0,0.0,0.0,0.0,0.0,0.2110716251176628,18.600000000000136,19.9203413625368
2622,104.84,0.98,1,0.045,0.275,0.003,-0.029,-0.086,0.05,0.0,0.0,0.0,0.0,1.63,0.0,0.0,0.28,0.0,0.11,0.4,0.02,0.0,0.14,0.0,0.0,1.0,1.0,0.0,0.0,0.0,1.0,0.0,0.0,0.0,1.0,0.0,0.0,0.0,0.0,0.0,0.0,0.0,0.0,0.20446662867386473,18.800265955565582,20.130076999355875
2623,104.88,0.98,1,0.037,0.267,-0.003,-0.031,-0.082,0.02,0.0,0.0,0.0,0.0,1.77,0.0,0.0,0.29,0.0,0.05,0.49,0.03,0.0,0.07,0.0,0.0,1.0,1.0,0.0,0.0,0.0,1.0,0.0,0.0,0.0,1.0,0.0,0.0,0.0,0.0,0.0,0.0,0.0,0.0,0.2033056122556838,19.302331465395525,20.13578903345994
2624,104.92,0.98,1,0.041,0.264,0.001,-0.033,-0.084,0.0,0.0,0.0,0.0,0.0,1.83,0.0,0.0,0.3,0.0,0.05,0.61,0.03,0.0,0.05,0.0,0.0,0.0,1.0,0.0,0.0,0.0,1.0,0.0,0.0,0.0,1.0,0.0,0.0,0.0,0.0,0.0,0.0,0.0,0.0,0.20968180836122782,19.40412327316036,20.224737328331408
2625,104.96,0.98,1,0.032,0.255,-0.003,-0.03,-0.084,0.0,0.05,0.0,0.0,0.0,1.77,0.0,0.0,0.31,0.0,0.04,0.72,0.05,0.02,0.12,0.01,0.06,0.0,1.0,0.0,0.0,0.0,1.0,0.0,0.0,0.0,1.0,0.0,0.0,0.0,0.0,0.0,0.0,0.0,0.0,0.21116550162482214,19.809088823062968,21.123683390924175
2626,105.0,0.98,1,0.036,0.26,-0.001,-0.032,-0.088,0.05,0.05,0.0,0.0,0.0,1.8,0.0,0.0,0.29,0.0,0.02,0.74,0.02,0.02,0.22,0.01,0.21,0.0,1.0,0.0,0.0,0.0,1.0,0.0,0.0,0.0,1.0,0.0,0.0,0.0,0.0,0.0,0.0,0.0,0.0,0.2048002472347415,19.916073910286503,20.511947737842938
2627,105.04,0.98,1,0.031,0.25,-0.01,-0.038,-0.088,0.29,0.05,0.0,0.0,0.0,1.49,0.0,0.02,0.33,0.0,0.07,0.67,0.1,0.02,0.37,0.01,0.82,1.0,1.0,0.0,0.0,0.0,1.0,0.0,0.0,0.0,1.0,0.0,0.0,0.0,0.0,0.0,0.0,0.0,0.0,0.21118755960756558,18.0,18.49783771147306
2628,105.08,0.98,1,0.069,0.386,-0.007,-0.049,-0.085,0.55,0.0,0.0,0.0,0.0,1.21,0.0,0.03,0.36,0.05,0.07,0.49,0.14,0.0,0.42,0.0,1.51,1.0,1.0,0.0,0.0,0.0,1.0,0.0,0.0,0.0,1.0,0.0,0.0,0.0,0.0,0.0,0.0,0.0,1.0,0.17952630235982436,17.075128110793187,19.714461696937096
2629,105.12,0.98,1,0.048,0.388,-0.009,-0.055,-0.081,0.6,0.0,0.0,0.0,0.0,0.67,0.0,0.03,0.33,0.05,0.09,0.48,0.14,0.0,0.37,0.0,1.93,1.0,1.0,0.0,0.0,0.0,1.0,0.0,0.0,0.0,1.0,0.0,0.0,0.0,0.0,0.0,0.0,0.0,1.0,0.17784849635196368,18.63035158015007,19.237983262286
2630,105.16,0.98,1,0.046,0.346,-0.021,-0.041,-0.077,0.43,0.0,0.0,0.0,0.0,0.9,0.0,0.01,0.27,0.05,0.12,0.52,0.07,0.0,0.3,0.0,1.75,1.0,1.0,0.0,0.0,0.0,1.0,0.0,0.0,0.0,1.0,0.0,0.0,0.0,0.0,0.0,0.0,0.0,1.0,0.17933023633529793,18.478365728602817,20.945882650296728
2631,105.2,0.98,1,0.013,0.319,-0.008,-0.033,-0.08,0.16,0.0,0.0,0.0,0.0,1.22,0.0,0.01,0.25,0.07,0.22,0.62,0.0,0.0,0.14,0.0,1.18,1.0,1.0,0.0,0.0,0.0,1.0,0.0,0.0,0.0,1.0,0.0,0.0,1.0,0.0,0.0,0.0,0.0,1.0,0.18807581043930355,19.237463450257724,20.704105872990503
2632,105.24,0.98,1,0.038,0.296,-0.01,-0.044,-0.079,0.06,0.0,0.0,0.0,0.0,1.84,0.0,0.05,0.31,0.07,0.29,0.63,0.02,0.0,0.07,0.0,0.72,0.0,1.0,0.0,0.0,0.0,1.0,0.0,0.0,0.0,1.0,0.0,0.0,1.0,0.0,0.0,0.0,0.0,1.0,0.18465908719097252,16.10496817755307,19.2629177436858
2633,105.28,0.98,1,0.041,0.288,0.0,-0.042,-0.079,0.0,0.0,0.0,0.0,0.0,2.09,0.0,0.08,0.35,0.07,0.3,0.61,0.11,0.0,0.05,0.0,0.32,0.0,1.0,0.0,0.0,0.0,1.0,0.0,0.0,0.0,1.0,0.0,0.0,1.0,0.0,0.0,0.0,0.0,0.0,0.17947740583427454,16.10031055601116,18.261708572858172
2634,105.32,0.98,1,0.051,0.266,-0.0,-0.042,-0.079,0.0,0.0,0.0,0.0,0.0,2.25,0.0,0.07,0.34,0.01,0.26,0.59,0.18,0.0,0.05,0.0,0.14,0.0,0.0,0.0,0.0,0.0,1.0,0.0,0.0,0.0,1.0,0.0,0.0,1.0,0.0,0.0,0.0,0.0,0.0,0.19273064849933136,18.009997223764362,19.00657780874821
2635,105.36,0.98,1,0.041,0.279,0.007,-0.04,-0.08,0.07,0.09,0.0,0.0,0.0,2.18,0.0,0.03,0.29,0.01,0.32,0.6,0.31,0.0,0.05,0.0,0.03,0.0,0.0,0.0,0.0,0.0,1.0,0.0,0.0,0.0,1.0,0.0,0.0,1.0,0.0,0.0,0.0,0.0,0.0,0.19801519524191497,19.001052602421794,19.01289036417136
2636,105.4,0.98,1,0.047,0.285,0.015,-0.035,-0.081,0.07,0.09,0.0,0.06,0.0,2.2,0.0,0.01,0.22,0.01,0.27,0.62,0.23,0.0,0.01,0.0,0.0,0.0,0.0,0.0,0.0,0.0,1.0,0.0,0.0,0.0,1.0,0.0,0.0,1.0,0.0,0.0,0.0,0.0,0.0,0.20368648287271302,19.1002617783107,20.53509191603485
2637,105.44,0.98,1,0.056,0.272,0.006,-0.039,-0.077,0.12,0.09,0.0,0.2,0.0,2.15,0.0,0.0,0.21,0.0,0.26,0.6,0.17,0.0,0.03,0.0,0.0,0.0,0.0,0.0,0.0,0.0,1.0,0.0,0.0,0.0,1.0,0.0,0.0,1.0,0.0,0.0,0.0,0.0,0.0,0.21143166004355463,19.902261178067043,20.324615617521484
2638,105.48,0.98,1,0.053,0.268,0.011,-0.039,-0.078,0.11,0.0,0.0,0.27,0.0,2.25,0.0,0.0,0.24,0.0,0.15,0.57,0.03,0.0,0.05,0.01,0.0,0.0,0.0,0.0,0.0,0.0,1.0,0.0,0.0,0.0,1.0,0.0,0.0,1.0,0.0,0.0,0.0,0.0,0.0,0.21974939273157806,19.401030900444304,20.40882162203403
2639,105.52,0.98,1,0.059,0.266,0.017,-0.042,-0.079,0.19,0.0,0.0,0.24,0.0,2.11,0.0,0.0,0.28,0.0,0.21,0.52,0.09,0.0,0.04,0.01,0.0,0.0,0.0,0.0,0.0,0.0,1.0,0.0,0.0,0.0,1.0,0.0,0.0,0.0,0.0,0.0,0.0,0.0,0.0,0.2226160882064282,20.20222759994555,20.31575743111731
2640,105.56,0.98,1,0.056,0.27,0.016,-0.041,-0.079,0.2,0.0,0.0,0.17,0.0,2.22,0.0,0.0,0.28,0.0,0.2,0.49,0.07,0.04,0.03,0.01,0.0,0.0,0.0,0.0,0.0,0.0,1.0,0.0,0.0,0.0,1.0,0.0,0.0,0.0,0.0,0.0,0.0,0.0,0.0,0.22215036668733396,20.303940504246906,21.011663427725086
2641,105.6,0.98,1,0.051,0.282,0.027,-0.039,-0.079,0.14,0.0,0.0,0.1,0.0,2.22,0.0,0.0,0.3,0.0,0.23,0.45,0.07,0.05,0.0,0.0,0.0,0.0,0.0,0.0,0.0,0.0,1.0,0.0,0.0,0.0,1.0,0.0,0.0,0.0,0.0,0.0,0.0,0.0,0.0,0.22403693934432226,20.403921191770824,21.428252378577305
2642,105.64,0.98,1,0.06,0.271,0.011,-0.043,-0.075,0.06,0.0,0.0,0.16,0.0,2.35,0.0,0.08,0.3,0.0,0.24,0.43,0.0,0.06,0.01,0.0,0.0,0.0,0.0,0.0,0.0,0.0,1.0,0.0,0.0,0.0,1.0,0.0,0.0,0.0,0.0,0.0,0.0,0.0,0.0,0.21936077403677331,20.90598000573051,22.038375620721236
2643,105.68,0.98,1,0.051,0.281,0.028,-0.046,-0.078,0.0,0.0,0.0,0.14,0.0,2.33,0.0,0.08,0.3,0.0,0.21,0.4,0.0,0.01,0.08,0.02,0.0,0.0,0.0,0.0,0.0,0.0,1.0,0.0,0.0,0.0,1.0,0.0,0.0,0.0,0.0,0.0,0.0,0.0,0.0,0.23621684669845336,20.64097865896881,21.83872706913129
2644,105.72,0.98,1,0.059,0.27,0.017,-0.04,-0.074,0.0,0.0,0.0,0.2,0.0,2.31,0.0,0.08,0.27,0.0,0.36,0.4,0.0,0.03,0.11,0.02,0.0,0.0,0.0,0.0,0.0,0.0,1.0,0.0,0.0,0.0,1.0,0.0,0.0,0.0,0.0,0.0,0.0,0.0,0.0,0.23111624729951932,20.519746587129188,22.032702966272655
2645,105.76,0.98,1,0.055,0.259,0.031,-0.038,-0.077,0.0,0.0,0.0,0.18,0.0,2.28,0.0,0.0,0.3,0.0,0.29,0.45,0.0,0.03,0.15,0.02,0.0,0.0,0.0,0.0,0.0,0.0,1.0,0.0,0.0,0.0,1.0,0.0,0.0,0.0,0.0,0.0,0.0,0.0,0.0,0.2416462013190041,20.424495097798715,21.908217636311587
2646,105.8,0.98,1,0.053,0.264,0.021,-0.043,-0.071,0.08,0.12,0.0,0.21,0.0,2.22,0.0,0.0,0.29,0.0,0.43,0.42,0.0,0.03,0.18,0.0,0.0,0.0,0.0,0.0,0.0,0.0,1.0,0.0,0.0,0.0,1.0,0.0,0.0,0.0,0.0,0.0,0.0,0.0,0.0,0.23378200916609174,20.62425756239496,22.408034273447637
2647,105.84,0.98,1,0.048,0.258,0.033,-0.037,-0.078,0.08,0.14,0.0,0.26,0.0,2.17,0.0,0.01,0.33,0.0,0.2,0.32,0.0,0.0,0.14,0.0,0.0,0.0,1.0,0.0,0.0,0.0,1.0,0.0,0.0,0.0,1.0,0.0,0.0,0.0,0.0,0.0,0.0,0.0,0.0,0.24532985989879008,20.73475343475301,22.005681084665387
2648,105.88,0.98,1,0.048,0.259,0.022,-0.039,-0.072,0.08,0.14,0.0,0.19,0.0,2.08,0.0,0.01,0.33,0.0,0.22,0.26,0.0,0.0,0.11,0.0,0.0,0.0,1.0,0.0,0.0,0.0,1.0,0.0,0.0,0.0,1.0,0.0,0.0,0.0,0.0,0.0,0.0,0.0,0.0,0.240375183631249,21.01927686672403,22.103619613085908
2649,105.92,0.98,1,0.048,0.244,0.022,-0.041,-0.071,0.0,0.02,0.0,0.11,0.0,2.05,0.0,0.01,0.36,0.0,0.04,0.3,0.0,0.03,0.02,0.0,0.0,0.0,1.0,0.0,0.0,0.0,1.0,0.0,0.0,0.0,1.0,0.0,0.0,0.0,0.0,0.0,0.0,0.0,0.0,0.24763819426664418,21.123683390924175,22.111083193728795
2650,105.96,0.98,1,0.052,0.257,0.019,-0.04,-0.072,0.0,0.0,0.0,0.0,0.0,2.04,0.0,0.0,0.39,0.0,0.08,0.41,0.0,0.03,0.02,0.0,0.0,0.0,1.0,0.0,0.0,0.0,1.0,0.0,0.0,1.0,1.0,0.0,0.0,0.0,0.0,0.0,0.0,0.0,0.0,0.2396791215105441,21.23393510397924,22.105655384991326
2651,106.0,0.98,1,0.055,0.256,0.02,-0.044,-0.074,0.0,0.0,0.0,0.0,0.0,2.05,0.0,0.0,0.4,0.0,0.1,0.45,0.0,0.03,0.01,0.01,0.0,0.0,0.0,0.0,0.0,0.0,1.0,0.0,0.0,1.0,1.0,0.0,0.0,0.0,0.0,0.0,0.0,0.0,0.0,0.2541039708954271,21.53346233191495,21.714741536569157
2652,106.04,0.98,1,0.058,0.276,0.025,-0.04,-0.077,0.0,0.0,0.0,0.0,0.0,1.99,0.0,0.0,0.44,0.0,0.1,0.49,0.0,0.0,0.0,0.01,0.0,0.0,0.0,0.0,0.0,0.0,1.0,0.0,0.0,1.0,1.0,0.0,0.0,0.0,0.0,0.0,0.0,0.0,0.0,0.22567899662611396,21.35275157912905,22.91069619195375
2653,106.08,0.98,1,0.062,0.259,0.024,-0.04,-0.078,0.0,0.0,0.0,0.0,0.0,1.98,0.0,0.05,0.43,0.0,0.14,0.4,0.0,0.0,0.0,0.01,0.0,0.0,0.0,0.0,0.0,0.0,1.0,0.0,0.0,1.0,1.0,0.0,0.0,0.0,0.0,0.0,0.0,0.0,0.0,0.2467698220423739,21.23982109152528,22.41093483101506
2654,106.12,0.98,1,0.055,0.28,0.032,-0.035,-0.08,0.0,0.0,0.0,0.01,0.0,1.94,0.0,0.06,0.47,0.0,0.09,0.41,0.07,0.01,0.0,0.01,0.0,0.0,0.0,0.0,0.0,0.0,1.0,0.0,0.0,1.0,1.0,0.0,0.0,0.0,0.0,0.0,0.0,0.0,0.0,0.22718123290228148,21.539266468475667,22.214409737825626
2655,106.16,0.98,1,0.058,0.251,0.022,-0.041,-0.077,0.0,0.09,0.0,0.01,0.0,1.97,0.0,0.07,0.46,0.0,0.16,0.36,0.13,0.11,0.0,0.04,0.0,0.0,1.0,0.0,0.0,0.0,1.0,0.0,0.0,1.0,1.0,0.0,0.0,0.0,0.0,0.0,0.0,0.0,0.0,0.2544124911540747,21.034257771549722,21.40840956259932
2656,106.2,0.98,1,-0.007,0.243,0.02,-0.039,-0.075,0.0,0.18,0.0,0.01,0.0,1.93,0.04,0.02,0.45,0.0,0.09,0.43,0.17,0.18,0.0,0.07,0.0,0.0,1.0,0.0,0.0,0.0,1.0,0.0,0.0,1.0,1.0,0.0,0.0,0.0,0.0,0.0,0.0,0.0,0.0,0.24894370031973578,22.810743083029934,21.100236965493924
2657,106.24,0.98,1,-0.018,0.258,0.032,-0.036,-0.077,0.0,0.18,0.0,0.0,0.0,1.91,0.04,0.01,0.42,0.0,0.12,0.41,0.1,0.19,0.0,0.11,0.0,0.0,1.0,0.0,0.0,0.0,1.0,0.0,0.0,1.0,1.0,0.0,0.0,0.0,0.0,0.0,0.0,0.0,0.0,0.2435585316122008,23.813441582434024,21.700000000000045
2658,106.28,0.98,1,-0.009,0.227,0.024,-0.04,-0.075,0.0,0.09,0.0,0.0,0.0,1.9,0.04,0.0,0.41,0.0,0.13,0.44,0.06,0.13,0.06,0.08,0.0,0.0,1.0,0.0,0.0,0.0,1.0,0.0,0.0,1.0,1.0,0.0,0.0,0.0,0.0,0.0,0.0,0.0,0.0,0.25804740760739125,24.020824298928627,21.300938946440787
2659,106.32,0.98,1,-0.017,0.237,0.022,-0.037,-0.077,0.0,0.0,0.0,0.01,0.0,1.9,0.0,0.01,0.42,0.0,0.16,0.48,0.02,0.11,0.07,0.11,0.0,0.0,1.0,0.0,0.0,0.0,1.0,0.0,0.0,1.0,1.0,0.0,0.0,0.0,0.0,0.0,0.0,0.0,0.0,0.25452175101783225,23.51361307838504,21.80091741188884
2660,106.36,0.98,1,-0.017,0.247,0.026,-0.039,-0.076,0.0,0.0,0.0,0.05,0.0,1.97,0.0,0.03,0.43,0.0,0.2,0.5,0.02,0.12,0.07,0.08,0.0,0.0,1.0,0.0,0.0,0.0,1.0,0.0,0.0,1.0,1.0,0.0,0.0,0.0,0.0,0.0,0.0,0.0,0.0,0.2555733069984625,23.117525819170094,22.000227271553356
2661,106.4,0.98,1,-0.014,0.256,0.029,-0.038,-0.077,0.0,0.05,0.0,0.05,0.0,1.88,0.0,0.03,0.46,0.0,0.2,0.48,0.0,0.11,0.01,0.11,0.0,0.0,1.0,0.0,0.0,0.0,1.0,0.0,0.0,1.0,1.0,0.0,0.0,0.0,0.0,0.0,0.0,0.0,0.0,0.24463602999105238,23.31372986032046,22.500888871331284
2662,106.44,0.98,1,-0.013,0.222,0.018,-0.038,-0.075,0.0,0.05,0.0,0.23,0.0,1.86,0.0,0.01,0.44,0.0,0.23,0.47,0.0,0.07,0.0,0.08,0.0,0.0,0.0,0.0,0.0,0.0,1.0,0.0,0.0,1.0,1.0,0.0,0.0,0.0,0.0,0.0,0.0,0.0,0.0,0.2563180132772538,23.221541723150125,22.800219297190935
2663,106.48,0.98,1,-0.018,0.243,0.026,-0.037,-0.078,0.0,0.05,0.0,0.4,0.0,1.72,0.0,0.0,0.4,0.0,0.23,0.5,0.01,0.07,0.02,0.1,0.0,0.0,0.0,0.0,0.0,0.0,1.0,0.0,0.0,1.0,1.0,0.0,0.0,0.0,0.0,0.0,0.0,0.0,0.0,0.24819071268373244,23.41367122003733,22.600884938426546
2664,106.52,0.98,1,-0.025,0.237,0.031,-0.034,-0.079,0.0,0.11,0.0,0.45,0.0,1.75,0.0,0.0,0.38,0.0,0.19,0.53,0.02,0.05,0.02,0.07,0.0,0.0,0.0,0.0,0.0,0.0,1.0,0.0,0.0,1.0,1.0,0.0,0.0,0.0,0.0,0.0,0.0,0.0,0.0,0.2508080832638458,23.913385373049824,23.700000000000045
2665,106.56,0.98,1,-0.019,0.234,0.019,-0.042,-0.073,0.0,0.18,0.0,0.38,0.0,1.82,0.0,0.0,0.38,0.0,0.2,0.55,0.06,0.08,0.02,0.04,0.0,0.0,0.0,0.0,0.0,0.0,1.0,0.0,0.0,1.0,1.0,0.0,0.0,0.0,0.0,0.0,0.0,0.0,0.0,0.2559716400151089,23.510423220350585,22.399999999999864
2666,106.6,0.98,1,-0.018,0.245,0.039,-0.036,-0.077,0.0,0.18,0.0,0.22,0.0,1.8,0.0,0.0,0.38,0.0,0.19,0.48,0.08,0.06,0.02,0.06,0.0,0.0,0.0,0.0,0.0,0.0,1.0,0.0,0.0,1.0,1.0,0.0,0.0,0.0,0.0,0.0,0.0,0.0,0.0,0.25375583988050177,23.513613078385042,22.303587155433046
2667,106.64,0.98,1,-0.017,0.236,0.025,-0.04,-0.072,0.03,0.08,0.0,0.35,0.0,1.87,0.0,0.0,0.37,0.0,0.31,0.43,0.16,0.1,0.01,0.06,0.0,0.0,0.0,0.0,0.0,0.0,1.0,0.0,0.0,1.0,1.0,0.0,0.0,0.0,0.0,0.0,0.0,0.0,0.0,0.2548468426130676,23.841140912296915,23.700000000000045
2668,106.68,0.98,1,-0.022,0.244,0.037,-0.038,-0.076,0.03,0.06,0.0,0.24,0.0,1.89,0.0,0.0,0.36,0.0,0.27,0.36,0.15,0.07,0.01,0.09,0.0,0.0,0.0,0.0,0.0,0.0,1.0,0.0,0.0,1.0,1.0,0.0,0.0,0.0,0.0,0.0,0.0,0.0,0.0,0.25626260859777916,23.830232898568333,24.100207467986568
2669,106.72,0.98,1,-0.013,0.227,0.017,-0.039,-0.07,0.25,0.11,0.0,0.18,0.0,1.64,0.0,0.0,0.42,0.0,0.36,0.45,0.27,0.05,0.11,0.03,0.6,0.0,1.0,0.0,0.0,0.0,1.0,0.0,0.0,0.0,1.0,0.0,0.0,0.0,0.0,0.0,0.0,0.0,0.0,0.22144772588866732,21.30093894644079,21.015232570685487
2670,106.76,0.98,1,0.073,0.383,0.018,-0.056,-0.068,0.39,0.13,0.0,0.0,0.0,1.21,0.0,0.07,0.43,0.1,0.4,0.49,0.31,0.01,0.2,0.03,1.39,0.0,1.0,0.0,0.0,0.0,1.0,0.0,0.0,0.0,1.0,0.0,0.0,1.0,0.0,0.0,0.0,0.0,1.0,0.19546502929679166,16.619265928433922,19.56041921841154
2671,106.8,0.98,1,0.035,0.403,0.01,-0.052,-0.065,0.39,0.1,0.0,0.0,0.0,0.65,0.0,0.12,0.43,0.18,0.43,0.6,0.42,0.0,0.2,0.0,2.09,0.0,1.0,0.0,0.0,0.0,1.0,0.0,0.0,0.0,1.0,0.0,0.0,1.0,0.0,0.0,0.0,0.0,1.0,0.1722218999258417,17.51456536714523,20.961870145576174
2672,106.84,0.98,1,0.038,0.377,0.005,-0.049,-0.062,0.23,0.04,0.0,0.0,0.0,0.56,0.0,0.12,0.36,0.18,0.38,0.64,0.39,0.0,0.09,0.0,1.93,0.0,1.0,0.0,0.0,0.0,1.0,0.0,0.0,0.0,1.0,0.0,0.0,1.0,0.0,0.0,0.0,0.0,1.0,0.18106301538078917,16.829735589129097,20.25487595617402
2673,106.88,0.98,1,0.032,0.298,0.008,-0.044,-0.064,0.06,0.0,0.0,0.0,0.0,0.95,0.0,0.18,0.37,0.08,0.34,0.67,0.31,0.0,0.0,0.0,1.43,0.0,1.0,0.0,0.0,0.0,1.0,0.0,0.0,0.0,1.0,0.0,0.0,1.0,0.0,0.0,0.0,0.0,1.0,0.19729748164257027,17.12921480979198,20.09975124224178
2674,106.92,0.98,1,0.027,0.29,0.015,-0.047,-0.068,0.06,0.0,0.0,0.0,0.0,1.38,0.0,0.19,0.42,0.0,0.34,0.57,0.2,0.0,0.02,0.05,0.87,0.0,1.0,0.0,0.0,0.0,1.0,0.0,0.0,0.0,1.0,0.0,0.0,0.0,0.0,0.0,0.0,0.0,0.0,0.20033685038382834,16.10031055601116,18.099999999999998
2675,106.96,0.98,1,0.03,0.294,0.029,-0.045,-0.071,0.03,0.0,0.0,0.0,0.0,1.86,0.0,0.29,0.43,0.0,0.26,0.49,0.08,0.0,0.07,0.05,0.44,0.0,0.0,0.0,0.0,0.0,1.0,0.0,0.0,1.0,1.0,0.0,0.0,0.0,0.0,0.0,0.0,0.0,0.0,0.21357032260627096,17.50114281982751,18.346116755324495
2676,107.0,0.98,1,0.04,0.275,0.017,-0.036,-0.069,0.03,0.0,0.0,0.0,0.0,1.91,0.0,0.25,0.41,0.0,0.19,0.44,0.05,0.0,0.14,0.05,0.15,0.0,0.0,0.0,0.0,0.0,1.0,0.0,0.0,1.0,1.0,0.0,0.0,0.0,0.0,0.0,0.0,0.0,0.0,0.19169936999047782,18.001111076819672,19.42575609854102
2677,107.04,0.98,1,0.038,0.279,0.02,-0.04,-0.07,0.03,0.0,0.0,0.0,0.0,2.0,0.0,0.33,0.36,0.06,0.09,0.57,0.01,0.0,0.18,0.05,0.01,0.0,0.0,0.0,0.0,0.0,1.0,0.0,0.0,1.0,1.0,0.0,0.0,0.0,0.0,0.0,0.0,0.0,0.0,0.1970624996453919,18.4024454896626,19.012890364171355
2678,107.08,0.98,1,0.041,0.284,0.018,-0.037,-0.072,0.0,0.0,0.0,0.0,0.0,1.98,0.0,0.32,0.37,0.08,0.07,0.61,0.01,0.0,0.23,0.14,0.0,0.0,0.0,0.0,0.0,0.0,1.0,0.0,0.0,1.0,1.0,1.0,0.0,0.0,0.0,0.0,0.0,0.0,0.0,0.20532763371414037,18.399999999999864,19.0168346472277
2679,107.12,0.98,1,0.049,0.267,0.024,-0.04,-0.071,0.0,0.0,0.0,0.0,0.0,1.94,0.0,0.3,0.41,0.08,0.02,0.61,0.0,0.0,0.23,0.18,0.0,0.0,0.0,0.0,0.0,0.0,1.0,0.0,0.0,1.0,1.0,1.0,0.0,0.0,0.0,0.0,0.0,0.0,0.0,0.2265782795127131,18.90238080242813,18.61316738225917
2680,107.16,0.98,1,0.057,0.274,0.028,-0.041,-0.071,0.03,0.0,0.0,0.0,0.0,1.87,0.0,0.18,0.41,0.09,0.19,0.58,0.0,0.0,0.19,0.12,0.0,0.0,0.0,0.0,0.0,0.0,1.0,0.0,0.0,1.0,1.0,0.0,1.0,0.0,0.0,0.0,0.0,0.0,0.0,0.2300456924626822,19.00657780874821,20.115914098046986
2681,107.2,0.98,1,0.053,0.274,0.042,-0.037,-0.074,0.03,0.0,0.0,0.0,0.0,2.01,0.0,0.13,0.43,0.07,0.21,0.6,0.0,0.0,0.14,0.04,0.0,0.0,0.0,0.0,0.0,0.0,1.0,0.0,0.0,1.0,1.0,0.0,1.0,0.0,0.0,0.0,0.0,0.0,0.0,0.23628376764511516,19.11674658512783,20.719555979798226
2682,107.24,0.98,1,0.052,0.274,0.029,-0.035,-0.073,0.03,0.0,0.0,0.02,0.0,2.07,0.0,0.09,0.37,0.09,0.27,0.73,0.0,0.0,0.06,0.0,0.0,0.0,0.0,0.0,0.0,0.0,1.0,0.0,0.0,1.0,1.0,0.0,1.0,0.0,0.0,0.0,0.0,0.0,0.0,0.21834595981372487,19.616319736382906,21.42335174523361
2683,107.28,0.98,1,0.046,0.279,0.035,-0.04,-0.073,0.0,0.0,0.0,0.02,0.0,2.17,0.0,0.13,0.39,0.04,0.1,0.73,0.0,0.0,0.04,0.0,0.0,0.0,0.0,0.0,0.0,0.0,1.0,0.0,0.0,1.0,1.0,0.0,1.0,0.0,0.0,0.0,0.0,0.0,0.0,0.23188689338361534,19.936148073286233,21.833002542023344
2684,107.32,0.98,1,0.043,0.285,0.041,-0.041,-0.074,0.01,0.0,0.0,0.04,0.0,2.11,0.0,0.09,0.36,0.09,0.1,0.75,0.03,0.0,0.0,0.0,0.0,0.0,0.0,0.0,0.0,0.0,1.0,0.0,0.0,1.0,1.0,0.0,1.0,0.0,0.0,0.0,0.0,0.0,0.0,0.22527079922662363,19.742846805868744,22.11447489767722
2685,107.36,0.98,1,0.036,0.29,0.047,-0.031,-0.077,0.02,0.0,0.0,0.04,0.0,2.12,0.0,0.1,0.37,0.12,0.02,0.67,0.03,0.0,0.0,0.0,0.0,0.0,0.0,0.0,0.0,0.0,1.0,0.0,0.0,1.0,1.0,0.0,1.0,0.0,0.0,0.0,0.0,0.0,0.0,0.2118424457877538,20.341583025910428,21.711287386979198
2686,107.4,0.98,1,0.042,0.28,0.036,-0.03,-0.074,0.02,0.0,0.0,0.04,0.0,2.27,0.0,0.04,0.34,0.15,0.02,0.69,0.03,0.03,0.0,0.0,0.0,0.0,0.0,0.0,0.0,0.0,1.0,0.0,0.0,1.0,1.0,0.0,1.0,0.0,0.0,0.0,0.0,0.0,0.0,0.2113222270693373,20.734753434752783,21.608331726442838
2687,107.44,0.98,1,0.048,0.283,0.048,-0.032,-0.075,0.04,0.0,0.0,0.01,0.0,2.21,0.0,0.04,0.39,0.24,0.01,0.72,0.0,0.03,0.0,0.0,0.0,0.0,0.0,0.0,0.0,0.0,1.0,0.0,0.0,1.0,1.0,0.0,1.0,0.0,0.0,0.0,0.0,0.0,0.0,0.21986058056929322,21.16057655169173,21.50209292138791
2688,107.48,0.98,1,0.051,0.285,0.046,-0.035,-0.073,0.03,0.0,0.0,0.0,0.0,2.16,0.0,0.0,0.41,0.34,0.01,0.72,0.0,0.03,0.0,0.0,0.0,0.0,0.0,0.0,0.0,0.0,1.0,0.0,0.0,1.0,1.0,0.0,1.0,0.0,0.0,0.0,0.0,0.0,0.0,0.22973620250194754,21.683403791840576,23.30085835328814
2689,107.52,0.98,1,0.043,0.279,0.053,-0.037,-0.072,0.11,0.0,0.0,0.0,0.0,1.96,0.0,0.0,0.41,0.35,0.05,0.65,0.0,0.02,0.0,0.0,0.0,0.0,0.0,0.0,0.0,0.0,1.0,0.0,0.0,1.0,1.0,0.0,0.0,0.0,0.0,0.0,0.0,0.0,0.0,0.24247614431382725,21.711747972008062,23.899999999999864
2690,107.56,0.98,1,0.045,0.275,0.055,-0.031,-0.073,0.08,0.0,0.0,0.0,0.0,2.01,0.0,0.0,0.4,0.36,0.04,0.55,0.0,0.02,0.0,0.0,0.0,0.0,0.0,0.0,0.0,0.0,1.0,0.0,0.0,1.0,1.0,0.0,0.0,0.0,0.0,0.0,0.0,0.0,0.0,0.24020173569202946,21.204244858046614,23.900836805434103
2691,107.6,0.98,1,0.046,0.282,0.048,-0.036,-0.071,0.08,0.0,0.0,0.07,0.0,2.02,0.0,0.0,0.38,0.28,0.05,0.48,0.0,0.02,0.0,0.0,0.0,0.0,0.0,0.0,0.0,0.0,1.0,0.0,0.0,1.0,1.0,0.0,0.0,0.0,0.0,0.0,0.0,0.0,0.0,0.23061300444607447,21.50279051658189,24.00187492676353
2692,107.64,0.98,1,0.039,0.285,0.063,-0.033,-0.071,0.03,0.0,0.0,0.14,0.0,2.13,0.0,0.0,0.44,0.32,0.0,0.48,0.0,0.01,0.0,0.0,0.0,0.0,0.0,0.0,0.0,0.0,1.0,0.0,0.0,1.0,1.0,0.0,0.0,0.0,0.0,0.0,0.0,0.0,0.0,0.22903458779196822,22.14158982548453,23.60021186345594
2693,107.68,0.98,1,0.053,0.278,0.05,-0.036,-0.07,0.03,0.0,0.0,0.14,0.0,2.2,0.0,0.02,0.47,0.24,0.0,0.38,0.0,0.04,0.0,0.0,0.0,0.0,0.0,0.0,0.0,0.0,1.0,0.0,0.0,1.0,1.0,0.0,0.0,0.0,0.0,0.0,0.0,0.0,0.0,0.2377981029978048,21.413313615599016,23.801890681204252
2694,107.72,0.98,1,0.054,0.282,0.053,-0.038,-0.07,0.03,0.0,0.0,0.09,0.0,2.33,0.0,0.02,0.48,0.23,0.0,0.36,0.0,0.09,0.0,0.0,0.0,0.0,0.0,0.0,0.0,0.0,1.0,0.0,0.0,1.0,1.0,0.0,0.0,0.0,0.0,0.0,0.0,0.0,0.0,0.24230254866732626,20.986185932655882,24.20330555936528
2695,107.76,0.98,1,0.047,0.281,0.061,-0.032,-0.071,0.0,0.0,0.0,0.02,0.0,2.26,0.0,0.02,0.45,0.16,0.0,0.31,0.0,0.17,0.0,0.0,0.0,0.0,0.0,0.0,0.0,0.0,1.0,0.0,0.0,1.0,1.0,0.0,0.0,0.0,0.0,0.0,0.0,0.0,0.0,0.23944580783760439,21.393690658696503,23.80021008310659
2696,107.8,0.98,1,0.045,0.265,0.045,-0.031,-0.068,0.0,0.0,0.0,0.02,0.0,2.52,0.0,0.0,0.45,0.17,0.0,0.43,0.0,0.24,0.0,0.01,0.0,0.0,0.0,0.0,0.0,0.0,1.0,0.0,0.0,1.0,1.0,0.0,0.0,0.0,0.0,0.0,0.0,0.0,0.0,0.23838676281572901,21.484180226389924,23.90083680543433
2697,107.84,0.98,1,0.056,0.254,0.066,-0.033,-0.073,0.0,0.0,0.0,0.0,0.0,2.27,0.0,0.08,0.48,0.25,0.0,0.49,0.0,0.23,0.0,0.01,0.0,0.0,0.0,0.0,0.0,0.0,1.0,0.0,0.0,1.0,1.0,0.0,0.0,0.0,0.0,0.0,0.0,0.0,0.0,0.24575001523336307,20.578872661057016,24.25963726027251
2698,107.88,0.98,1,0.042,0.241,0.057,-0.042,-0.068,0.0,0.0,0.0,0.12,0.0,2.04,0.0,0.15,0.51,0.37,0.02,0.59,0.0,0.15,0.0,0.01,0.0,0.0,0.0,0.0,1.0,0.0,1.0,0.0,0.0,1.0,1.0,0.0,0.0,0.0,0.0,0.0,0.0,0.0,0.0,0.2593800706743591,21.951309755911925,24.100207467986795
2699,107.92,0.98,1,0.046,0.196,0.062,-0.049,-0.068,0.0,0.0,0.0,0.28,0.0,1.59,0.0,0.15,0.48,0.35,0.06,0.54,0.0,0.13,0.0,0.0,0.0,0.0,0.0,0.0,1.0,0.0,1.0,0.0,0.0,1.0,1.0,0.0,0.0,0.0,0.0,0.0,0.0,0.0,0.0,0.29215895109043905,20.497804760510423,22.20022522408257
2700,107.96,0.98,1,0.025,0.213,0.077,-0.041,-0.072,0.0,0.0,0.0,0.6,0.0,1.5,0.0,0.09,0.47,0.28,0.06,0.54,0.0,0.18,0.0,0.0,0.0,0.0,0.0,0.0,1.0,0.0,0.0,0.0,0.0,1.0,1.0,0.0,0.0,0.0,0.0,0.0,0.0,0.0,0.0,0.284726984656342,20.069130524265464,17.800280896659984
2701,108.0,0.98,1,0.034,0.202,0.066,-0.043,-0.069,0.0,0.0,0.0,0.71,0.0,1.35,0.0,0.06,0.43,0.18,0.04,0.43,0.0,0.24,0.0,0.0,0.0,0.0,0.0,0.0,1.0,0.0,0.0,0.0,0.0,1.0,1.0,0.0,0.0,0.0,0.0,0.0,0.0,0.0,0.0,0.2860984445819177,18.408965207202666,17.80252791038392
2702,108.04,0.98,1,0.052,0.195,0.067,-0.046,-0.069,0.0,0.0,0.0,0.81,0.0,0.99,0.0,0.11,0.48,0.22,0.05,0.43,0.0,0.23,0.0,0.0,0.0,0.0,0.0,0.0,1.0,0.0,0.0,0.0,0.0,1.0,1.0,0.0,0.0,0.0,0.0,0.0,0.0,0.0,0.0,0.29805138205888126,18.587361297397752,17.210461934532773
2703,108.08,0.98,1,0.053,0.191,0.066,-0.046,-0.068,0.0,0.0,0.0,0.75,0.0,0.93,0.0,0.13,0.48,0.29,0.1,0.41,0.0,0.21,0.0,0.0,0.0,0.0,0.0,0.0,1.0,0.0,0.0,0.0,0.0,1.0,1.0,0.0,0.0,0.0,0.0,0.0,0.0,0.0,0.0,0.30222268495640714,18.37879212570832,17.310401497365635
2704,108.12,0.98,1,0.047,0.197,0.064,-0.042,-0.069,0.0,0.0,0.0,0.75,0.0,1.01,0.0,0.2,0.5,0.4,0.13,0.43,0.0,0.18,0.0,0.06,0.0,0.0,0.0,0.0,1.0,0.0,0.0,0.0,0.0,1.0,1.0,0.0,0.0,0.0,0.0,0.0,0.0,0.0,0.0,0.2982262818154976,18.69679116854026,17.310401497365635
2705,108.16,0.98,1,0.054,0.194,0.066,-0.045,-0.069,0.0,0.0,0.0,0.85,0.0,0.97,0.0,0.2,0.5,0.41,0.08,0.41,0.0,0.21,0.0,0.09,0.0,0.0,0.0,0.0,1.0,0.0,0.0,0.0,0.0,1.0,1.0,0.0,0.0,0.0,0.0,0.0,0.0,0.0,0.0,0.3022288809905136,18.189282558693638,17.410341754256155
2706,108.2,0.98,1,0.044,0.192,0.066,-0.04,-0.07,0.0,0.0,0.0,0.81,0.0,0.62,0.0,0.25,0.51,0.39,0.03,0.42,0.0,0.19,0.0,0.13,0.0,0.0,0.0,0.0,1.0,0.0,0.0,0.0,0.0,1.0,1.0,0.0,0.0,0.0,0.0,0.0,0.0,0.0,0.0,0.31148492014022167,19.09188309203688,17.513994404475522
2707,108.24,0.98,1,0.046,0.2,0.065,-0.043,-0.071,0.0,0.0,0.0,0.57,0.0,0.85,0.0,0.23,0.55,0.22,0.0,0.45,0.0,0.14,0.0,0.16,0.22,0.0,0.0,0.0,0.0,0.0,0.0,0.0,0.0,1.0,1.0,0.0,0.0,0.0,0.0,0.0,0.0,0.0,0.0,0.2999298769028351,19.289893727027014,17.214238292762236
2708,108.28,0.98,1,0.043,0.265,0.042,-0.043,-0.067,0.17,0.0,0.0,0.21,0.0,0.99,0.0,0.27,0.61,0.18,0.08,0.43,0.0,0.05,0.0,0.15,0.86,0.0,1.0,0.0,0.0,0.0,0.0,0.0,0.0,1.0,1.0,0.0,0.0,0.0,0.0,0.0,0.0,0.0,1.0,0.23106233435018825,17.70112990743816,18.642961138188188
2709,108.32,0.98,1,0.045,0.403,0.04,-0.049,-0.063,0.21,0.0,0.0,0.0,0.0,1.28,0.0,0.24,0.65,0.29,0.08,0.41,0.0,0.0,0.0,0.11,1.58,0.0,1.0,0.0,0.0,0.0,1.0,0.0,0.0,1.0,1.0,0.0,0.0,0.0,0.0,0.0,0.0,0.0,1.0,0.17292664449087958,17.86197077592485,20.706762180505102
2710,108.36,0.98,1,0.052,0.386,0.018,-0.045,-0.06,0.21,0.02,0.0,0.0,0.0,1.16,0.0,0.15,0.6,0.39,0.08,0.38,0.0,0.0,0.0,0.02,1.73,0.0,1.0,0.0,0.0,0.0,1.0,0.0,0.0,1.0,1.0,0.0,0.0,0.0,0.0,0.0,0.0,0.0,1.0,0.17442955237898233,17.035551062410633,22.638462845343543
2711,108.4,0.98,1,0.027,0.334,0.026,-0.037,-0.063,0.04,0.02,0.0,0.0,0.0,1.55,0.0,0.08,0.55,0.48,0.01,0.48,0.0,0.0,0.0,0.02,1.31,0.0,1.0,0.0,0.0,0.0,1.0,0.0,0.0,1.0,1.0,0.0,0.0,0.0,0.0,0.0,0.0,0.0,1.0,0.19071992418640457,18.301092863542284,20.28915966717207
2712,108.44,0.98,1,0.04,0.322,0.041,-0.044,-0.063,0.0,0.02,0.0,0.0,0.0,1.98,0.0,0.12,0.53,0.49,0.07,0.57,0.0,0.0,0.0,0.02,0.7,0.0,1.0,0.0,0.0,0.0,1.0,0.0,0.0,1.0,1.0,0.0,0.0,0.0,0.0,0.0,0.0,0.0,1.0,0.18612006186941848,16.101242188104756,18.642424734996258
2713,108.48,0.98,1,0.043,0.306,0.039,-0.04,-0.064,0.0,0.0,0.0,0.0,0.0,2.21,0.0,0.17,0.57,0.54,0.09,0.67,0.0,0.0,0.0,0.02,0.33,0.0,1.0,0.0,0.0,0.0,1.0,0.0,0.0,1.0,1.0,0.0,0.0,0.0,0.0,0.0,0.0,0.0,0.0,0.18083149267499327,18.445866745696804,18.560711193270585
2714,108.52,0.98,1,0.048,0.285,0.041,-0.045,-0.064,0.0,0.0,0.0,0.0,0.0,2.12,0.0,0.19,0.59,0.57,0.12,0.71,0.0,0.0,0.0,0.0,0.23,0.0,0.0,0.0,0.0,0.0,1.0,0.0,0.0,1.0,1.0,0.0,0.0,0.0,0.0,0.0,0.0,0.0,0.0,0.20512926834792605,19.404123273160135,18.738463117342402
2715,108.56,0.98,1,0.04,0.301,0.043,-0.044,-0.065,0.0,0.0,0.0,0.0,0.0,2.09,0.0,0.13,0.58,0.5,0.13,0.72,0.0,0.0,0.0,0.0,0.1,0.0,0.0,0.0,0.0,0.0,1.0,0.0,0.0,1.0,1.0,0.0,0.0,0.0,0.0,0.0,0.0,0.0,0.0,0.20486373920082318,19.601020381602723,19.250974001333066
2716,108.6,0.98,1,0.044,0.316,0.048,-0.046,-0.065,0.03,0.0,0.0,0.0,0.0,2.05,0.0,0.11,0.54,0.47,0.18,0.71,0.0,0.0,0.0,0.0,0.1,0.0,0.0,0.0,0.0,0.0,1.0,0.0,0.0,1.0,1.0,0.0,0.0,0.0,0.0,0.0,0.0,0.0,0.0,0.2118438085906456,19.61249601657057,19.026297590440446
2717,108.64,0.98,1,0.045,0.309,0.05,-0.047,-0.065,0.03,0.0,0.0,0.0,0.0,2.1,0.0,0.13,0.5,0.36,0.24,0.69,0.0,0.0,0.0,0.0,0.0,0.0,0.0,0.0,0.0,0.0,1.0,0.0,0.0,1.0,1.0,0.0,0.0,0.0,0.0,0.0,0.0,0.0,0.0,0.22524689278304122,19.709134937891157,19.72536438193226
2718,108.68,0.98,1,0.043,0.299,0.047,-0.046,-0.066,0.04,0.0,0.0,0.0,0.0,2.18,0.0,0.13,0.51,0.32,0.24,0.59,0.0,0.0,0.0,0.0,0.0,0.0,0.0,0.0,0.0,0.0,1.0,0.0,0.0,1.0,1.0,0.0,0.0,0.0,0.0,0.0,0.0,0.0,0.0,0.2415707123954854,19.856736892047675,20.83458662896862
2719,108.72,0.98,1,0.05,0.29,0.052,-0.047,-0.069,0.02,0.0,0.0,0.0,0.0,2.21,0.0,0.1,0.57,0.25,0.26,0.51,0.0,0.0,0.0,0.0,0.0,0.0,0.0,0.0,0.0,0.0,1.0,0.0,0.0,1.0,1.0,0.0,0.0,0.0,0.0,0.0,0.0,0.0,0.0,0.2516434948035585,20.38872237291974,21.319005605327796
2720,108.76,0.98,1,0.055,0.288,0.052,-0.043,-0.067,0.02,0.0,0.0,0.0,0.0,2.33,0.0,0.02,0.6,0.32,0.23,0.46,0.0,0.0,0.01,0.01,0.0,0.0,0.0,0.0,0.0,0.0,1.0,0.0,0.0,1.0,1.0,0.0,0.0,0.0,0.0,0.0,0.0,0.0,0.0,0.2502758470741366,20.32978111047923,21.6187418690359
2721,108.8,0.98,1,0.058,0.29,0.049,-0.045,-0.066,0.01,0.0,0.0,0.0,0.0,2.24,0.0,0.0,0.57,0.32,0.2,0.51,0.0,0.0,0.01,0.05,0.0,0.0,0.0,0.0,0.0,0.0,1.0,0.0,0.0,1.0,1.0,0.0,0.0,0.0,0.0,0.0,0.0,0.0,0.0,0.2459329826117247,20.977368757782852,21.83300254202335
2722,108.84,0.98,1,0.069,0.287,0.051,-0.045,-0.067,0.0,0.0,0.0,0.0,0.0,2.39,0.0,0.0,0.5,0.3,0.14,0.56,0.0,0.01,0.01,0.13,0.0,0.0,0.0,0.0,0.0,0.0,1.0,0.0,0.0,1.0,1.0,0.0,0.0,0.0,0.0,0.0,0.0,0.0,0.0,0.2468188421968176,21.439449619801433,22.15084648495393
2723,108.88,0.98,1,0.067,0.293,0.052,-0.042,-0.066,0.0,0.0,0.0,0.0,0.0,2.19,0.0,0.0,0.47,0.23,0.08,0.59,0.0,0.01,0.0,0.23,0.0,0.0,0.0,0.0,0.0,0.0,1.0,0.0,0.0,1.0,1.0,0.0,0.0,0.0,0.0,0.0,0.0,0.0,0.0,0.23706263101074682,21.552262062252307,22.044500447957535
2724,108.92,0.98,1,0.059,0.264,0.043,-0.045,-0.064,0.05,0.0,0.0,0.0,0.0,2.13,0.0,0.0,0.46,0.14,0.12,0.59,0.0,0.05,0.0,0.26,0.0,0.0,0.0,0.0,0.0,0.0,1.0,0.0,0.0,1.0,1.0,0.0,0.0,0.0,0.0,0.0,0.0,0.0,0.0,0.2605015192466558,21.982265579325393,22.3224102641269
2725,108.96,0.98,1,0.054,0.292,0.053,-0.039,-0.064,0.05,0.0,0.0,0.02,0.0,1.91,0.0,0.0,0.45,0.13,0.12,0.59,0.0,0.06,0.0,0.18,0.0,0.0,0.0,0.0,0.0,0.0,1.0,0.0,0.0,1.0,1.0,0.0,0.0,0.0,0.0,0.0,0.0,0.0,0.0,0.23186118348459622,21.652020690919496,22.11447489767722
2726,109.0,0.98,1,0.059,0.274,0.046,-0.04,-0.066,0.12,0.0,0.0,0.04,0.0,2.03,0.01,0.02,0.4,0.09,0.22,0.61,0.0,0.1,0.0,0.1,0.02,0.0,0.0,0.0,0.0,0.0,1.0,0.0,0.0,1.0,1.0,0.0,0.0,0.0,0.0,0.0,0.0,0.0,0.0,0.2365310631297199,22.517770760002062,22.21823575354267
2727,109.04,0.98,1,0.015,0.351,0.058,-0.033,-0.068,0.14,0.0,0.0,0.04,0.0,1.88,0.01,0.02,0.36,0.07,0.14,0.65,0.0,0.08,0.01,0.03,0.35,0.0,0.0,0.0,0.0,0.0,1.0,0.0,0.0,1.0,1.0,0.0,0.0,0.0,0.0,0.0,0.0,0.0,0.0,0.1789751338726933,20.12486024796188,20.229928324143955
2728,109.08,0.98,1,-0.016,0.318,0.029,-0.035,-0.063,0.3,0.03,0.0,0.03,0.0,1.76,0.01,0.02,0.35,0.16,0.14,0.65,0.0,0.06,0.02,0.03,0.64,0.0,0.0,0.0,0.0,0.0,1.0,0.0,0.0,1.0,1.0,0.0,0.0,0.0,0.0,0.0,0.0,0.0,0.0,0.196269564928229,19.101047091717387,18.63249849054057
2729,109.12,0.98,1,-0.005,0.323,0.039,-0.04,-0.067,0.25,0.03,0.0,0.0,0.0,1.58,0.0,0.0,0.36,0.12,0.19,0.65,0.0,0.01,0.02,0.0,0.84,0.0,0.0,0.0,0.0,0.0,1.0,0.0,0.0,1.0,1.0,0.0,0.0,0.0,0.0,0.0,0.0,0.0,0.0,0.20200700666738047,19.004210059878837,18.046883387443934
2730,109.16,0.98,1,-0.021,0.311,0.035,-0.036,-0.067,0.25,0.03,0.0,0.0,0.0,1.58,0.0,0.02,0.39,0.13,0.25,0.61,0.0,0.0,0.01,0.05,0.66,0.0,0.0,0.0,0.0,0.0,1.0,0.0,0.0,1.0,1.0,0.0,0.0,0.0,0.0,0.0,0.0,0.0,0.0,0.21046537262660886,18.701069488133605,18.52187895436097
2731,109.2,0.98,1,-0.009,0.316,0.042,-0.036,-0.069,0.15,0.0,0.0,0.0,0.0,1.75,0.0,0.02,0.41,0.08,0.24,0.59,0.0,0.0,0.0,0.05,0.52,0.0,0.0,0.0,0.0,0.0,1.0,0.0,0.0,1.0,1.0,0.0,0.0,0.0,0.0,0.0,0.0,0.0,0.0,0.20837387824728798,19.40000000000009,18.916923639957815
2732,109.24,0.98,1,-0.011,0.296,0.027,-0.033,-0.07,0.23,0.0,0.0,0.0,0.0,1.75,0.0,0.02,0.45,0.2,0.18,0.62,0.0,0.0,0.05,0.05,0.53,0.0,0.0,0.0,0.0,0.0,0.0,0.0,0.0,1.0,1.0,0.0,0.0,0.0,0.0,0.0,0.0,0.0,0.0,0.21685639227097697,19.1002617783107,18.821530224718664
2733,109.28,0.98,1,-0.011,0.322,0.045,-0.037,-0.07,0.25,0.0,0.0,0.0,0.0,1.79,0.0,0.0,0.45,0.26,0.19,0.63,0.0,0.0,0.06,0.0,0.6,0.0,0.0,0.0,0.0,0.0,0.0,0.0,0.0,1.0,1.0,0.0,0.0,0.0,0.0,0.0,0.0,0.0,0.0,0.21484032195568498,18.600268815261693,18.91692363995804
2734,109.32,0.98,1,-0.006,0.326,0.04,-0.039,-0.067,0.31,0.0,0.0,0.0,0.0,1.54,0.0,0.0,0.47,0.19,0.19,0.58,0.0,0.0,0.05,0.0,0.57,0.0,0.0,0.0,0.0,0.0,0.0,0.0,0.0,1.0,1.0,0.0,0.0,0.0,0.0,0.0,0.0,0.0,0.0,0.20960948948707037,18.4024454896626,18.62686232299999
2735,109.36,0.98,1,0.011,0.328,0.045,-0.036,-0.068,0.33,0.0,0.0,0.0,0.0,1.56,0.0,0.0,0.46,0.15,0.18,0.51,0.0,0.0,0.01,0.0,0.49,0.0,0.0,0.0,0.0,0.0,0.0,0.0,0.0,1.0,1.0,0.0,0.0,0.0,0.0,0.0,0.0,0.0,0.0,0.2065053497139451,18.901058171435892,18.752333188166258
2736,109.4,0.98,1,0.002,0.315,0.029,-0.035,-0.062,0.4,0.01,0.0,0.0,0.0,1.5,0.0,0.0,0.45,0.13,0.18,0.48,0.0,0.0,0.01,0.0,0.36,0.0,0.0,0.0,0.0,0.0,0.0,0.0,0.0,1.0,1.0,0.0,0.0,0.0,0.0,0.0,0.0,0.0,0.0,0.20304480532335187,18.909521411183174,18.844893207445
2737,109.44,0.98,1,0.001,0.327,0.044,-0.037,-0.065,0.34,0.02,0.0,0.0,0.0,1.65,0.0,0.02,0.42,0.19,0.24,0.44,0.0,0.0,0.04,0.0,0.45,0.0,0.0,0.0,0.0,0.0,0.0,0.0,0.0,1.0,1.0,0.0,0.0,0.0,0.0,0.0,0.0,0.0,0.0,0.20874492933426997,18.70026737776767,18.832153355365573
2738,109.48,0.98,1,-0.003,0.318,0.032,-0.035,-0.063,0.37,0.09,0.0,0.0,0.0,1.65,0.0,0.02,0.42,0.19,0.17,0.47,0.0,0.0,0.04,0.0,0.5,0.0,0.0,0.0,0.0,0.0,1.0,0.0,0.0,1.0,1.0,0.0,0.0,0.0,0.0,0.0,0.0,0.0,0.0,0.21159920561771756,18.40027173712375,18.71710447692168
2739,109.52,0.98,1,-0.002,0.317,0.037,-0.034,-0.065,0.35,0.08,0.0,0.0,0.0,1.69,0.0,0.02,0.41,0.15,0.13,0.48,0.0,0.0,0.03,0.0,0.63,0.0,0.0,0.0,0.0,0.0,1.0,0.0,0.0,1.0,1.0,0.0,0.0,0.0,0.0,0.0,0.0,0.0,0.0,0.2009473409452076,18.901058171435892,18.453184007103037
2740,109.56,0.98,1,-0.014,0.338,0.047,-0.037,-0.062,0.31,0.08,0.0,0.0,0.0,1.48,0.0,0.0,0.41,0.09,0.04,0.55,0.0,0.0,0.0,0.0,0.73,0.0,0.0,0.0,0.0,0.0,1.0,0.0,0.0,1.0,1.0,0.0,0.0,0.0,0.0,0.0,0.0,0.0,0.0,0.1986969781917405,18.200274723201343,18.745132701584208
2741,109.6,0.98,1,-0.009,0.323,0.035,-0.036,-0.06,0.28,0.09,0.0,0.0,0.0,1.44,0.0,0.0,0.41,0.09,0.06,0.47,0.0,0.0,0.0,0.0,0.76,0.0,0.0,0.0,0.0,0.0,0.0,0.0,0.0,1.0,1.0,0.0,0.0,0.0,0.0,0.0,0.0,0.0,0.0,0.19755947071466468,18.401086924418212,19.14418971907678
2742,109.64,0.98,1,-0.006,0.334,0.046,-0.038,-0.061,0.26,0.09,0.0,0.0,0.0,1.38,0.0,0.0,0.4,0.2,0.06,0.44,0.0,0.0,0.0,0.0,0.71,0.0,0.0,0.0,0.0,0.0,0.0,0.0,0.0,1.0,1.0,0.0,0.0,0.0,0.0,0.0,0.0,0.0,0.0,0.19839181176633058,18.201098867925577,19.121192431435993
2743,109.68,0.98,1,-0.014,0.334,0.041,-0.036,-0.061,0.26,0.09,0.0,0.0,0.0,1.51,0.0,0.0,0.42,0.26,0.16,0.43,0.0,0.01,0.01,0.0,0.59,0.0,1.0,0.0,0.0,0.0,0.0,0.0,0.0,1.0,1.0,0.0,0.0,0.0,0.0,0.0,0.0,0.0,0.0,0.1988414598097107,18.30027322200427,18.838258942906545
2744,109.72,0.98,1,-0.014,0.338,0.049,-0.039,-0.063,0.29,0.06,0.0,0.02,0.0,1.44,0.0,0.0,0.43,0.28,0.16,0.46,0.0,0.01,0.02,0.0,0.67,0.0,1.0,0.0,0.0,0.0,0.0,0.0,0.0,1.0,1.0,0.0,0.0,0.0,0.0,0.0,0.0,0.0,0.0,0.1984910484891763,18.300000000000182,18.838258942906545
2745,109.76,0.98,1,-0.011,0.35,0.048,-0.04,-0.062,0.31,0.08,0.0,0.02,0.0,1.18,0.0,0.0,0.46,0.32,0.17,0.45,0.0,0.01,0.08,0.0,1.18,0.0,1.0,0.0,0.0,0.0,0.0,0.0,0.0,1.0,1.0,0.0,0.0,0.0,0.0,0.0,0.0,0.0,0.0,0.1945087650422233,17.70112990743816,18.453184007103037
2746,109.8,0.98,1,0.027,0.371,0.054,-0.055,-0.061,0.53,0.08,0.0,0.02,0.0,0.86,0.0,0.0,0.51,0.48,0.21,0.4,0.03,0.0,0.2,0.0,1.71,0.0,1.0,0.0,0.0,0.0,0.0,0.0,0.0,1.0,1.0,0.0,0.0,0.0,0.0,0.0,0.0,0.0,1.0,0.21871072528874902,18.602419197513132,19.275113488641065
2747,109.84,0.98,1,0.039,0.426,0.049,-0.058,-0.056,0.51,0.03,0.0,0.0,0.0,0.59,0.0,0.01,0.54,0.53,0.24,0.36,0.07,0.0,0.25,0.0,1.96,0.0,1.0,0.0,0.0,0.0,0.0,0.0,0.0,0.0,1.0,0.0,0.0,0.0,0.0,0.0,0.0,0.0,1.0,0.18488855092452577,18.298907071188747,20.640009689920216
2748,109.88,0.98,1,0.033,0.403,0.034,-0.051,-0.056,0.44,0.06,0.0,0.0,0.0,0.69,0.0,0.01,0.49,0.51,0.2,0.42,0.07,0.0,0.21,0.0,1.65,0.0,1.0,0.0,0.0,0.0,0.0,0.0,0.0,0.0,1.0,0.0,0.0,0.0,0.0,0.0,0.0,0.0,1.0,0.1807733028847261,17.44849563716033,22.74906591488969
2749,109.92,0.98,1,0.027,0.351,0.036,-0.048,-0.057,0.22,0.1,0.0,0.05,0.0,0.99,0.0,0.07,0.39,0.41,0.05,0.53,0.05,0.0,0.12,0.0,1.25,0.0,1.0,0.0,0.0,0.0,1.0,0.0,0.0,0.0,1.0,0.0,0.0,0.0,0.0,0.0,0.0,0.0,1.0,0.19123732568805607,18.20247235954505,21.592822881689184
2750,109.96,0.98,1,0.038,0.3,0.04,-0.044,-0.06,0.11,0.1,0.0,0.05,0.0,1.51,0.0,0.06,0.41,0.42,0.08,0.67,0.04,0.0,0.06,0.0,0.75,0.0,0.0,0.0,0.0,0.0,1.0,0.0,0.0,0.0,1.0,0.0,0.0,0.0,0.0,0.0,0.0,0.0,0.0,0.20008832861479842,15.8012657720829,18.677526602845592
2751,110.0,0.98,1,0.042,0.309,0.053,-0.052,-0.062,0.04,0.04,0.0,0.05,0.0,1.95,0.0,0.06,0.47,0.4,0.18,0.68,0.04,0.0,0.04,0.0,0.36,0.0,0.0,0.0,0.0,0.0,1.0,0.0,0.0,1.0,1.0,0.0,0.0,0.0,0.0,0.0,0.0,0.0,0.0,0.21198118500512708,17.604544867732447,18.951780918953325
2752,110.04,0.98,1,0.033,0.298,0.048,-0.043,-0.064,0.0,0.0,0.0,0.0,0.0,2.11,0.0,0.07,0.54,0.43,0.29,0.68,0.04,0.0,0.0,0.06,0.05,0.0,0.0,0.0,0.0,0.0,1.0,0.0,0.0,1.0,1.0,0.0,0.0,0.0,0.0,0.0,0.0,0.0,0.0,0.21830698864846507,18.506755523321747,20.01599360511489
2753,110.08,0.98,1,0.043,0.299,0.047,-0.046,-0.062,0.0,0.0,0.0,0.07,0.0,1.94,0.0,0.07,0.54,0.48,0.31,0.57,0.0,0.0,0.0,0.08,0.0,0.0,0.0,0.0,0.0,0.0,1.0,0.0,0.0,1.0,1.0,0.0,0.0,0.0,0.0,0.0,0.0,0.0,0.0,0.23145833544027156,19.800252523642172,20.62934802653748
2754,110.12,0.98,1,0.049,0.297,0.044,-0.045,-0.061,0.0,0.0,0.0,0.07,0.0,1.8,0.0,0.1,0.55,0.56,0.3,0.55,0.0,0.0,0.0,0.11,0.0,0.0,0.0,0.0,0.0,0.0,1.0,0.0,0.0,1.0,1.0,0.0,0.0,0.0,0.0,0.0,0.0,0.0,0.0,0.22660014380190646,20.01599360511489,20.829066229670453
2755,110.16,0.98,1,0.046,0.285,0.044,-0.046,-0.061,0.0,0.0,0.0,0.07,0.0,1.81,0.0,0.04,0.54,0.52,0.22,0.45,0.0,0.0,0.0,0.05,0.0,0.0,0.0,0.0,0.0,0.0,1.0,0.0,0.0,1.0,1.0,0.0,0.0,0.0,0.0,0.0,0.0,0.0,0.0,0.24422488053391092,19.606376513777256,21.43361845326155
2756,110.2,0.98,1,0.057,0.283,0.042,-0.039,-0.061,0.0,0.0,0.0,0.0,0.0,1.93,0.0,0.04,0.51,0.46,0.25,0.5,0.0,0.0,0.03,0.09,0.0,0.0,0.0,0.0,0.0,0.0,1.0,0.0,0.0,1.0,1.0,0.0,0.0,0.0,0.0,0.0,0.0,0.0,0.0,0.2262497662294637,19.504102132628407,21.02379604162864
2757,110.24,0.98,1,0.062,0.279,0.049,-0.047,-0.064,0.0,0.0,0.0,0.01,0.0,1.9,0.0,0.01,0.52,0.34,0.16,0.49,0.0,0.02,0.02,0.09,0.0,0.0,0.0,0.0,0.0,0.0,1.0,0.0,0.0,1.0,1.0,0.0,0.0,0.0,0.0,0.0,0.0,0.0,0.0,0.2558888907779285,19.909043171383292,22.138202275704234
2758,110.28,0.98,1,0.071,0.277,0.052,-0.042,-0.063,0.0,0.0,0.0,0.01,0.0,1.78,0.0,0.0,0.46,0.34,0.13,0.61,0.0,0.03,0.02,0.09,0.0,0.0,0.0,0.0,0.0,0.0,1.0,0.0,0.0,1.0,1.0,0.0,0.0,0.0,0.0,0.0,0.0,0.0,0.0,0.24321339082090454,19.820443990990903,22.350391495452556
2759,110.32,0.98,1,0.06,0.282,0.049,-0.052,-0.06,0.0,0.0,0.0,0.01,0.0,1.65,0.0,0.0,0.45,0.33,0.01,0.57,0.0,0.03,0.0,0.03,0.0,0.0,0.0,0.0,0.0,0.0,1.0,0.0,0.0,1.0,1.0,0.0,0.0,0.0,0.0,0.0,0.0,0.0,0.0,0.2536709555438721,20.740781084616895,21.92760816869897
2760,110.36,0.98,1,0.059,0.281,0.052,-0.056,-0.061,0.0,0.0,0.0,0.0,0.0,1.58,0.0,0.0,0.4,0.4,0.0,0.57,0.0,0.02,0.0,0.05,0.0,0.0,0.0,0.0,0.0,0.0,1.0,0.0,0.0,1.0,1.0,0.0,0.0,0.0,0.0,0.0,0.0,0.0,0.0,0.26042882200831385,21.2461761265408,22.032702966272662
2761,110.4,0.98,1,0.065,0.282,0.047,-0.061,-0.06,0.0,0.0,0.0,0.0,0.0,1.68,0.0,0.0,0.38,0.31,0.0,0.52,0.0,0.09,0.0,0.1,0.0,0.0,0.0,0.0,0.0,0.0,1.0,0.0,0.0,1.0,1.0,0.0,0.0,0.0,0.0,0.0,0.0,0.0,0.0,0.2511595006457541,21.475567512873873,21.91460700081099
2762,110.44,0.98,1,0.058,0.273,0.044,-0.06,-0.06,0.0,0.0,0.0,0.0,0.0,1.67,0.0,0.02,0.39,0.22,0.01,0.53,0.0,0.1,0.0,0.09,0.0,0.0,0.0,0.0,0.0,0.0,1.0,0.0,0.0,0.0,1.0,0.0,0.0,0.0,0.0,0.0,0.0,0.0,0.0,0.2462781772785622,21.35275157912905,21.803669415949187
2763,110.48,0.98,1,0.07,0.274,0.041,-0.067,-0.058,0.0,0.0,0.0,0.0,0.0,1.63,0.0,0.02,0.38,0.1,0.03,0.57,0.0,0.08,0.0,0.05,0.27,0.0,1.0,0.0,0.0,0.0,1.0,0.0,0.0,0.0,1.0,0.0,0.0,0.0,0.0,0.0,0.0,0.0,0.0,0.2505592702617251,21.25299978826523,22.805481797147113
2764,110.52,0.98,1,0.041,0.3,0.044,-0.065,-0.061,0.13,0.02,0.0,0.0,0.0,1.01,0.0,0.08,0.48,0.2,0.07,0.58,0.0,0.01,0.0,0.0,0.98,0.0,1.0,0.0,0.0,0.0,1.0,0.0,0.0,0.0,1.0,0.0,0.0,0.0,0.0,0.0,0.0,0.0,1.0,0.2246677122649786,19.20104163841123,18.483776670366865
2765,110.56,0.98,1,0.043,0.41,0.027,-0.088,-0.055,0.13,0.02,0.0,0.0,0.0,0.63,0.0,0.12,0.51,0.33,0.11,0.64,0.0,0.0,0.0,0.0,1.65,0.0,1.0,0.0,0.0,0.0,1.0,0.0,0.0,0.0,1.0,0.0,0.0,0.0,0.0,0.0,0.0,0.0,1.0,0.17256211753409326,16.223748025656846,18.786431273661133
2766,110.6,0.98,1,0.07,0.404,0.026,-0.09,-0.055,0.13,0.02,0.0,0.0,0.0,0.37,0.0,0.12,0.56,0.34,0.14,0.7,0.0,0.0,0.0,0.0,1.81,0.0,1.0,0.0,0.0,0.0,1.0,0.0,0.0,0.0,1.0,0.0,0.0,0.0,0.0,0.0,0.0,0.0,1.0,0.1784533166761529,15.68183662713004,20.01049724519595
2767,110.64,0.98,1,0.055,0.36,0.017,-0.085,-0.049,0.0,0.0,0.0,0.0,0.0,0.83,0.0,0.05,0.5,0.32,0.12,0.75,0.01,0.0,0.03,0.0,1.31,0.0,1.0,0.0,0.0,0.0,1.0,0.0,0.0,0.0,1.0,0.0,0.0,0.0,0.0,0.0,0.0,0.0,1.0,0.18232990880956793,17.25688268488842,18.13394606807905
2768,110.68,0.98,1,0.067,0.31,0.03,-0.075,-0.055,0.0,0.0,0.0,0.0,0.0,1.43,0.0,0.01,0.45,0.19,0.1,0.68,0.01,0.0,0.03,0.0,0.74,0.0,1.0,0.0,0.0,0.0,1.0,0.0,0.0,0.0,1.0,0.0,0.0,0.0,0.0,0.0,0.0,0.0,1.0,0.18534267988967837,16.404877323527995,20.916022566444088
2769,110.72,0.98,1,0.076,0.299,0.041,-0.08,-0.058,0.0,0.0,0.0,0.0,0.0,1.92,0.0,0.03,0.44,0.25,0.13,0.63,0.01,0.0,0.03,0.0,0.33,0.0,0.0,0.0,0.0,0.0,1.0,0.0,0.0,0.0,1.0,0.0,0.0,0.0,0.0,0.0,0.0,0.0,1.0,0.1917385423854618,16.507574019219177,19.557607215607945
2770,110.76,0.98,1,0.073,0.308,0.046,-0.086,-0.054,0.0,0.0,0.0,0.0,0.0,2.13,0.0,0.03,0.48,0.21,0.11,0.56,0.0,0.0,0.0,0.0,0.12,0.0,0.0,0.0,0.0,0.0,1.0,0.0,0.0,0.0,1.0,0.0,0.0,0.0,0.0,0.0,0.0,0.0,0.0,0.19020649558661712,16.614752480852804,19.749683541768505
2771,110.8,0.98,1,0.075,0.31,0.043,-0.088,-0.054,0.0,0.0,0.0,0.0,0.0,2.09,0.0,0.06,0.53,0.26,0.08,0.66,0.0,0.0,0.0,0.0,0.03,0.0,0.0,0.0,0.0,0.0,1.0,0.0,0.0,1.0,1.0,0.0,0.0,0.0,0.0,0.0,0.0,0.0,0.0,0.2202118416241784,17.299999999999955,20.729206448873096
2772,110.84,0.98,1,0.084,0.317,0.044,-0.085,-0.054,0.0,0.0,0.0,0.0,0.0,2.1,0.0,0.03,0.55,0.24,0.08,0.71,0.0,0.0,0.0,0.0,0.0,0.0,0.0,0.0,0.0,0.0,1.0,0.0,0.0,1.0,1.0,0.0,0.0,0.0,0.0,0.0,0.0,0.0,0.0,0.21494480676881603,17.90446871593802,20.524375751773793
2773,110.88,0.98,1,0.078,0.321,0.053,-0.086,-0.054,0.0,0.0,0.0,0.0,0.0,2.04,0.0,0.08,0.54,0.27,0.08,0.76,0.0,0.0,0.0,0.0,0.0,0.0,0.0,0.0,0.0,0.0,1.0,0.0,0.0,1.0,1.0,0.0,0.0,0.0,0.0,0.0,0.0,0.0,0.0,0.21214690834213043,18.90238080242813,21.339634486091796
2774,110.92,0.98,1,0.076,0.308,0.042,-0.082,-0.053,0.0,0.0,0.0,0.0,0.0,2.03,0.0,0.08,0.48,0.29,0.09,0.75,0.0,0.0,0.0,0.0,0.0,0.0,0.0,0.0,0.0,0.0,1.0,0.0,0.0,1.0,1.0,0.0,0.0,0.0,0.0,0.0,0.0,0.0,0.0,0.2181182734247913,18.916923639958046,21.63908500838231
2775,110.96,0.98,1,0.062,0.312,0.048,-0.084,-0.053,0.0,0.0,0.0,0.0,0.0,1.91,0.0,0.16,0.46,0.19,0.01,0.72,0.03,0.05,0.0,0.0,0.0,0.0,0.0,0.0,0.0,0.0,1.0,0.0,0.0,1.0,1.0,0.0,0.0,0.0,0.0,0.0,0.0,0.0,0.0,0.21986888557641468,19.520758181996925,21.13409567499864
2776,111.0,0.98,1,0.063,0.313,0.049,-0.085,-0.053,0.0,0.0,0.0,0.0,0.0,1.94,0.0,0.18,0.47,0.12,0.01,0.71,0.11,0.07,0.0,0.0,0.0,0.0,0.0,0.0,0.0,0.0,1.0,0.0,0.0,1.0,1.0,0.0,0.0,0.0,0.0,0.0,0.0,0.0,0.0,0.22634828068731153,20.861447696648433,21.932852071721182
2777,111.04,0.98,1,0.065,0.308,0.052,-0.082,-0.054,0.0,0.0,0.0,0.0,0.0,1.87,0.0,0.22,0.53,0.09,0.0,0.61,0.18,0.12,0.0,0.0,0.0,0.0,0.0,0.0,0.0,0.0,1.0,0.0,0.0,0.0,1.0,0.0,0.0,0.0,0.0,0.0,0.0,0.0,0.0,0.22315718586606953,21.313845265460703,21.803669415949187
2778,111.08,0.98,1,0.062,0.308,0.052,-0.079,-0.054,0.0,0.0,0.0,0.0,0.0,1.93,0.0,0.25,0.5,0.09,0.0,0.56,0.17,0.13,0.04,0.02,0.0,0.0,0.0,0.0,0.0,0.0,1.0,0.0,0.0,0.0,1.0,0.0,0.0,0.0,0.0,0.0,0.0,0.0,0.0,0.22308465108495235,21.40327077808432,21.908217636311587
2779,111.12,0.98,1,0.061,0.317,0.057,-0.076,-0.056,0.0,0.0,0.0,0.0,0.0,2.12,0.0,0.19,0.46,0.07,0.0,0.5,0.15,0.14,0.05,0.02,0.0,0.0,0.0,0.0,0.0,0.0,1.0,0.0,0.0,0.0,1.0,0.0,0.0,0.0,0.0,0.0,0.0,0.0,0.0,0.2324812895647273,21.821548982599786,22.614154859291254
2780,111.16,0.98,1,0.065,0.298,0.052,-0.078,-0.052,0.0,0.0,0.0,0.0,0.0,2.19,0.0,0.13,0.43,0.01,0.0,0.51,0.08,0.14,0.07,0.02,0.0,0.0,0.0,0.0,0.0,0.0,1.0,0.0,0.0,0.0,1.0,0.0,0.0,0.0,0.0,0.0,0.0,0.0,0.0,0.22928653789650377,21.073680267101047,22.70550594018997
2781,111.2,0.98,1,0.053,0.308,0.052,-0.077,-0.048,0.0,0.0,0.0,0.0,0.0,2.14,0.0,0.05,0.41,0.01,0.0,0.51,0.06,0.13,0.06,0.0,0.0,0.0,0.0,0.0,0.0,0.0,1.0,0.0,0.0,0.0,1.0,0.0,0.0,0.0,0.0,0.0,0.0,0.0,0.0,0.23001187238944792,21.54553317975664,22.603539545832106
2782,111.24,0.98,1,0.059,0.292,0.046,-0.082,-0.046,0.0,0.0,0.0,0.01,0.0,1.93,0.0,0.04,0.4,0.02,0.0,0.54,0.0,0.13,0.13,0.0,0.0,0.0,0.0,0.0,0.0,0.0,1.0,0.0,0.0,0.0,1.0,0.0,0.0,0.0,0.0,0.0,0.0,0.0,0.0,0.23549439101179842,21.236054247434858,23.207757323791586
2783,111.28,0.98,1,0.059,0.295,0.05,-0.085,-0.044,0.0,0.0,0.0,0.01,0.0,1.89,0.0,0.05,0.37,0.0,0.0,0.48,0.0,0.12,0.17,0.0,0.0,0.0,0.0,0.0,0.0,0.0,1.0,0.0,0.0,0.0,1.0,0.0,0.0,0.0,0.0,0.0,0.0,0.0,0.0,0.24175450505748497,21.114923632350642,23.30343322345439
2784,111.32,0.98,1,0.062,0.292,0.046,-0.082,-0.046,0.0,0.0,0.0,0.02,0.0,1.92,0.0,0.02,0.35,0.0,0.0,0.48,0.0,0.13,0.18,0.0,0.0,0.0,0.0,0.0,0.0,0.0,1.0,0.0,0.0,0.0,1.0,0.0,0.0,0.0,0.0,0.0,0.0,0.0,0.0,0.24418085979381338,21.644860821913362,23.401922997907533
2785,111.36,0.98,1,0.056,0.304,0.051,-0.084,-0.045,0.0,0.0,0.0,0.01,0.0,1.89,0.0,0.05,0.36,0.0,0.0,0.51,0.0,0.15,0.1,0.0,0.0,0.0,0.0,0.0,0.0,0.0,1.0,0.0,0.0,0.0,1.0,0.0,0.0,0.0,0.0,0.0,0.0,0.0,0.0,0.2346461900202452,21.633538776631063,23.107790893981964
2786,111.4,0.98,1,0.048,0.305,0.047,-0.083,-0.046,0.0,0.0,0.0,0.07,0.0,1.92,0.0,0.07,0.37,0.0,0.0,0.59,0.0,0.13,0.04,0.0,0.0,0.0,0.0,0.0,0.0,0.0,0.0,0.0,0.0,0.0,1.0,0.0,0.0,0.0,0.0,0.0,0.0,0.0,0.0,0.23633479331668406,22.031114361284676,23.01064970834157
2787,111.44,0.98,1,0.051,0.305,0.051,-0.087,-0.046,0.0,0.0,0.0,0.13,0.0,1.91,0.0,0.18,0.43,0.0,0.0,0.54,0.0,0.09,0.03,0.0,0.0,0.0,0.0,0.0,0.0,0.0,1.0,0.0,0.0,1.0,1.0,0.0,0.0,0.0,0.0,0.0,0.0,0.0,0.0,0.2323833810488511,20.628620894281802,23.005434140654682
2788,111.48,0.98,1,0.049,0.303,0.05,-0.082,-0.048,0.0,0.0,0.0,0.23,0.0,1.99,0.0,0.26,0.45,0.0,0.0,0.49,0.0,0.04,0.04,0.0,0.0,0.0,0.0,0.0,0.0,0.0,1.0,0.0,0.0,1.0,1.0,0.0,0.0,0.0,0.0,0.0,0.0,0.0,0.0,0.23264501017359757,21.224985276791042,23.101947969814283
2789,111.52,0.98,1,0.054,0.295,0.052,-0.088,-0.045,0.0,0.0,0.0,0.17,0.0,2.03,0.0,0.28,0.49,0.05,0.01,0.4,0.0,0.03,0.07,0.0,0.02,0.0,0.0,0.0,0.0,0.0,0.0,0.0,0.0,1.0,1.0,0.0,0.0,0.0,0.0,0.0,0.0,0.0,0.0,0.2554260988273405,20.81657993043028,23.40192299790776
2790,111.56,0.98,1,0.056,0.301,0.048,-0.083,-0.047,0.09,0.0,0.0,0.1,0.0,1.77,0.0,0.17,0.55,0.17,0.01,0.6,0.0,0.0,0.07,0.0,0.43,0.0,0.0,0.0,0.0,0.0,0.0,0.0,0.0,1.0,1.0,0.0,0.0,0.0,0.0,0.0,0.0,0.0,0.0,0.21894739368562022,19.206509313250887,20.940391591372013
2791,111.6,0.98,1,0.078,0.397,0.033,-0.102,-0.037,0.26,0.0,0.0,0.0,0.0,1.27,0.0,0.12,0.58,0.29,0.01,0.76,0.0,0.0,0.13,0.0,1.09,0.0,1.0,0.0,0.0,0.0,0.0,0.0,0.0,0.0,1.0,0.0,1.0,0.0,0.0,0.0,0.0,0.0,1.0,0.1954629101771222,17.194475857088438,19.76486782146526
2792,111.64,0.98,1,0.053,0.406,0.036,-0.101,-0.034,0.26,0.0,0.0,0.0,0.0,0.82,0.0,0.17,0.56,0.33,0.01,0.94,0.0,0.0,0.1,0.0,1.47,0.0,1.0,0.0,0.0,0.0,0.0,0.0,0.0,0.0,1.0,0.0,1.0,0.0,0.0,0.0,0.0,0.0,1.0,0.18158505599692165,18.30956034425736,20.86935552430879
2793,111.68,0.98,1,0.063,0.364,0.025,-0.09,-0.033,0.19,0.0,0.0,0.0,0.0,1.01,0.0,0.21,0.5,0.25,0.0,0.95,0.02,0.0,0.07,0.0,1.31,0.0,1.0,0.0,0.0,0.0,0.0,0.0,0.0,0.0,1.0,0.0,1.0,0.0,0.0,0.0,0.0,0.0,1.0,0.18103361467061335,18.408965207202666,19.79141227906694
2794,111.72,0.98,1,0.04,0.312,0.031,-0.082,-0.038,0.03,0.0,0.0,0.04,0.0,1.36,0.0,0.22,0.47,0.16,0.0,0.9,0.02,0.0,0.0,0.0,0.88,0.0,1.0,0.0,0.0,0.0,0.0,0.0,0.0,0.0,1.0,0.0,1.0,0.0,0.0,0.0,0.0,0.0,1.0,0.19670880496671722,14.905368160498508,19.366207682455496
2795,111.76,0.98,1,0.094,0.296,0.039,-0.081,-0.041,0.03,0.03,0.0,0.04,0.0,1.56,0.0,0.12,0.48,0.17,0.0,0.86,0.03,0.0,0.0,0.0,0.56,0.0,1.0,0.0,0.0,0.0,0.0,0.0,0.0,0.0,1.0,0.0,1.0,0.0,0.0,0.0,0.0,0.0,0.0,0.18728312650717033,17.910053042914285,18.189282558693876
2796,111.8,0.98,1,0.076,0.293,0.037,-0.087,-0.042,0.0,0.03,0.0,0.04,0.0,1.42,0.0,0.06,0.47,0.2,0.0,0.86,0.0,0.0,0.0,0.0,0.31,0.0,0.0,0.0,0.0,0.0,1.0,0.0,0.0,0.0,1.0,0.0,1.0,0.0,0.0,0.0,0.0,0.0,0.0,0.20531639900948723,18.40434731252361,18.638669480410794
2797,111.84,0.98,1,0.063,0.29,0.042,-0.086,-0.042,0.0,0.03,0.0,0.0,0.0,1.45,0.0,0.01,0.43,0.18,0.0,0.85,0.0,0.0,0.0,0.0,0.07,0.0,0.0,0.0,0.0,0.0,1.0,0.0,0.0,0.0,1.0,0.0,1.0,0.0,0.0,0.0,0.0,0.0,0.0,0.21595672399613253,19.509228585466932,19.22108217556966
2798,111.88,0.98,1,0.073,0.279,0.045,-0.088,-0.043,0.0,0.0,0.0,0.12,0.0,1.56,0.0,0.0,0.4,0.17,0.02,0.85,0.0,0.0,0.0,0.0,0.0,0.0,0.0,0.0,0.0,0.0,1.0,0.0,0.0,0.0,1.0,0.0,1.0,0.0,0.0,0.0,0.0,0.0,0.0,0.2403813697222354,19.706344156133902,19.709134937891157
2799,111.92,0.98,1,0.071,0.275,0.049,-0.079,-0.045,0.0,0.0,0.0,0.22,0.0,1.67,0.0,0.03,0.41,0.16,0.08,0.77,0.0,0.0,0.02,0.0,0.0,0.0,0.0,0.0,0.0,0.0,1.0,0.0,0.0,1.0,1.0,0.0,0.0,0.0,0.0,0.0,0.0,0.0,0.0,0.2471119015672988,18.904232330353825,20.508778608196053
2800,111.96,0.98,1,0.067,0.28,0.045,-0.089,-0.044,0.0,0.0,0.0,0.22,0.0,1.8,0.0,0.09,0.48,0.14,0.22,0.68,0.0,0.0,0.02,0.03,0.0,0.0,0.0,0.0,0.0,0.0,1.0,0.0,0.0,1.0,1.0,0.0,0.0,0.0,0.0,0.0,0.0,0.0,0.0,0.25927668531259473,19.409276132818647,20.412006270819987
2801,112.0,0.98,1,0.07,0.299,0.048,-0.087,-0.046,0.0,0.0,0.0,0.1,0.0,1.91,0.0,0.14,0.53,0.06,0.2,0.62,0.0,0.05,0.02,0.05,0.0,0.0,0.0,0.0,0.0,0.0,1.0,0.0,0.0,1.0,1.0,0.0,0.0,0.0,0.0,0.0,0.0,0.0,0.0,0.2559546958662928,19.531000998412754,21.727862297060014
2802,112.04,0.98,1,0.065,0.315,0.043,-0.083,-0.046,0.0,0.0,0.0,0.0,0.0,2.2,0.0,0.11,0.56,0.01,0.17,0.59,0.0,0.07,0.05,0.05,0.0,0.0,0.0,0.0,0.0,0.0,1.0,0.0,0.0,1.0,1.0,0.0,0.0,0.0,0.0,0.0,0.0,0.0,0.0,0.22317645271272624,19.7205476597381,21.239821091525272
2803,112.08,0.98,1,0.063,0.317,0.045,-0.082,-0.047,0.0,0.0,0.0,0.0,0.0,2.28,0.0,0.06,0.51,0.01,0.04,0.62,0.0,0.11,0.05,0.01,0.0,0.0,0.0,0.0,0.0,0.0,1.0,0.0,0.0,1.0,1.0,0.0,0.0,0.0,0.0,0.0,0.0,0.0,0.0,0.22391859916818976,19.825236442474203,21.352751579129276
2804,112.12,0.98,1,0.06,0.321,0.044,-0.081,-0.047,0.0,0.0,0.0,0.0,0.0,2.24,0.0,0.02,0.49,0.03,0.04,0.67,0.0,0.12,0.11,0.0,0.0,0.0,0.0,0.0,0.0,0.0,1.0,0.0,0.0,1.0,1.0,0.0,0.0,0.0,0.0,0.0,0.0,0.0,0.0,0.21650031393541547,20.335437049643126,22.250617968946436
2805,112.16,0.98,1,0.064,0.309,0.048,-0.086,-0.046,0.0,0.0,0.0,0.0,0.0,2.05,0.0,0.08,0.44,0.02,0.0,0.69,0.0,0.17,0.07,0.02,0.0,0.0,0.0,0.0,0.0,0.0,1.0,0.0,0.0,1.0,1.0,0.0,0.0,0.0,0.0,0.0,0.0,0.0,0.0,0.23379142862442293,20.348218595248266,22.53197727675048
2806,112.2,0.98,1,0.055,0.318,0.048,-0.078,-0.048,0.0,0.0,0.0,0.0,0.0,2.16,0.0,0.09,0.43,0.02,0.0,0.66,0.0,0.2,0.07,0.1,0.0,0.0,0.0,0.0,0.0,0.0,1.0,0.0,0.0,1.0,1.0,0.0,0.0,0.0,0.0,0.0,0.0,0.0,0.0,0.21290463646800842,20.64097865896881,22.10814329607975
2807,112.24,0.98,1,0.039,0.31,0.044,-0.078,-0.046,0.0,0.0,0.0,0.0,0.0,2.17,0.0,0.11,0.39,0.0,0.0,0.63,0.0,0.22,0.03,0.17,0.0,0.0,0.0,0.0,0.0,0.0,1.0,0.0,0.0,1.0,1.0,0.0,0.0,0.0,0.0,0.0,0.0,0.0,0.0,0.22386390434691145,21.659178193089325,21.708293346092454
2808,112.28,0.98,1,0.05,0.307,0.046,-0.076,-0.048,0.0,0.0,0.0,0.0,0.0,2.3,0.0,0.15,0.39,0.0,0.0,0.57,0.0,0.22,0.03,0.15,0.0,0.0,0.0,0.0,0.0,0.0,1.0,0.0,0.0,1.0,1.0,0.0,0.0,0.0,0.0,0.0,0.0,0.0,0.0,0.2298357603678859,21.2461761265408,21.6113396160443
2809,112.32,0.98,1,0.059,0.309,0.047,-0.079,-0.048,0.0,0.0,0.0,0.0,0.0,2.21,0.0,0.21,0.39,0.0,0.0,0.57,0.0,0.22,0.04,0.13,0.0,0.0,0.0,0.0,0.0,0.0,1.0,0.0,0.0,1.0,1.0,0.0,0.0,0.0,0.0,0.0,0.0,0.0,0.0,0.22814522070711196,20.678491240900662,22.57188516717201
2810,112.36,0.98,1,0.074,0.296,0.049,-0.084,-0.046,0.0,0.0,0.0,0.0,0.0,2.11,0.0,0.24,0.4,0.0,0.0,0.53,0.0,0.23,0.06,0.06,0.0,0.0,0.0,0.0,0.0,0.0,1.0,0.0,0.0,0.0,1.0,0.0,0.0,0.0,0.0,0.0,0.0,0.0,0.0,0.24678065367024676,20.97450833750337,23.262201099637828
2811,112.4,0.98,1,0.073,0.297,0.051,-0.085,-0.049,0.0,0.0,0.0,0.0,0.0,1.92,0.0,0.24,0.39,0.0,0.0,0.58,0.0,0.21,0.09,0.09,0.0,0.0,0.0,0.0,0.0,0.0,1.0,0.0,0.0,0.0,1.0,0.0,0.0,0.0,0.0,0.0,0.0,0.0,0.0,0.25249552609354065,21.272047386182788,23.625621684941876
2812,112.44,0.98,1,0.072,0.295,0.048,-0.084,-0.047,0.0,0.0,0.0,0.0,0.0,1.72,0.0,0.24,0.39,0.0,0.0,0.58,0.0,0.19,0.08,0.04,0.0,0.0,0.0,0.0,0.0,0.0,1.0,0.0,0.0,0.0,1.0,0.0,0.0,0.0,0.0,0.0,0.0,0.0,0.0,0.24790239297899908,21.53415891090255,23.217450333746857
2813,112.48,0.98,1,0.073,0.3,0.052,-0.085,-0.047,0.0,0.0,0.0,0.0,0.0,1.64,0.0,0.26,0.38,0.0,0.0,0.6,0.0,0.2,0.06,0.04,0.0,0.0,0.0,0.0,0.0,0.0,0.0,0.0,0.0,0.0,1.0,0.0,0.0,0.0,0.0,0.0,0.0,0.0,0.0,0.24612962312808323,21.644860821913362,23.33623791445417
2814,112.52,0.98,1,0.073,0.294,0.046,-0.082,-0.047,0.0,0.0,0.0,0.0,0.0,1.6,0.0,0.28,0.42,0.0,0.0,0.57,0.0,0.2,0.06,0.0,0.0,0.0,0.0,0.0,0.0,0.0,0.0,0.0,0.0,0.0,1.0,0.0,0.0,0.0,0.0,0.0,0.0,0.0,0.0,0.24941341404170128,21.668871682669597,23.021728866442675
2815,112.56,0.98,1,0.079,0.295,0.055,-0.085,-0.049,0.0,0.0,0.0,0.0,0.0,1.54,0.0,0.32,0.43,0.0,0.0,0.57,0.0,0.22,0.07,0.0,0.0,0.0,0.0,0.0,0.0,0.0,0.0,0.0,0.0,0.0,1.0,0.0,0.0,0.0,0.0,0.0,0.0,0.0,0.0,0.2480470470275486,21.53415891090255,23.940969069776692
2816,112.6,0.98,1,0.076,0.296,0.047,-0.081,-0.045,0.0,0.0,0.0,0.0,0.0,1.37,0.0,0.38,0.46,0.0,0.0,0.59,0.0,0.21,0.05,0.0,0.0,0.0,0.0,0.0,0.0,0.0,0.0,0.0,0.0,1.0,1.0,0.0,0.0,0.0,0.0,0.0,0.0,0.0,0.0,0.24261187026352105,21.523243250030745,23.078344827998386
2817,112.64,0.98,1,0.082,0.283,0.047,-0.082,-0.046,0.0,0.0,0.0,0.03,0.0,1.32,0.0,0.38,0.43,0.0,0.01,0.58,0.0,0.23,0.02,0.02,0.0,0.0,0.0,0.0,0.0,0.0,1.0,0.0,0.0,1.0,1.0,0.0,0.0,0.0,0.0,0.0,0.0,0.0,0.0,0.2470377754825791,21.13669794457024,23.835477759004487
2818,112.68,0.98,1,0.094,0.281,0.05,-0.081,-0.047,0.0,0.0,0.0,0.03,0.0,1.31,0.0,0.34,0.45,0.01,0.01,0.54,0.0,0.25,0.04,0.02,0.0,0.0,0.0,0.0,0.0,0.0,1.0,0.0,0.0,1.0,1.0,0.0,0.0,0.0,0.0,0.0,0.0,0.0,0.0,0.2523125208026762,21.346896729969956,23.6611495916829
2819,112.72,0.98,1,0.094,0.274,0.045,-0.081,-0.047,0.0,0.0,0.0,0.03,0.0,1.46,0.0,0.3,0.45,0.01,0.01,0.52,0.0,0.3,0.04,0.02,0.0,0.0,0.0,0.0,0.0,0.0,1.0,0.0,0.0,1.0,1.0,0.0,0.0,0.0,0.0,0.0,0.0,0.0,0.0,0.25758702051853144,21.346896729969956,23.56140912594151
2820,112.76,0.98,1,0.089,0.282,0.05,-0.081,-0.048,0.0,0.0,0.0,0.0,0.0,1.49,0.0,0.33,0.48,0.01,0.0,0.53,0.0,0.29,0.04,0.0,0.0,0.0,0.0,0.0,0.0,0.0,1.0,0.0,0.0,1.0,1.0,0.0,0.0,0.0,0.0,0.0,0.0,0.0,0.0,0.24897272563064302,21.821548982599797,23.95349661322942
2821,112.8,0.98,1,0.087,0.278,0.049,-0.083,-0.047,0.0,0.0,0.0,0.0,0.0,1.57,0.0,0.31,0.47,0.0,0.0,0.53,0.0,0.28,0.01,0.0,0.0,0.0,0.0,0.0,0.0,0.0,1.0,0.0,0.0,1.0,1.0,0.0,0.0,0.0,0.0,0.0,0.0,0.0,0.0,0.2527757615129152,21.236054247434858,23.56140912594151
2822,112.84,0.98,1,0.093,0.28,0.051,-0.082,-0.047,0.0,0.0,0.0,0.0,0.0,1.65,0.0,0.27,0.48,0.0,0.0,0.51,0.0,0.21,0.0,0.0,0.0,0.0,0.0,0.0,0.0,0.0,1.0,0.0,0.0,1.0,1.0,0.0,0.0,0.0,0.0,0.0,0.0,0.0,0.0,0.2549615407838456,21.03734774157626,22.978685776171012
2823,112.88,0.98,1,0.105,0.272,0.051,-0.081,-0.048,0.0,0.0,0.0,0.0,0.0,1.75,0.0,0.21,0.47,0.0,0.0,0.53,0.0,0.19,0.01,0.0,0.0,0.0,0.0,0.0,0.0,0.0,1.0,0.0,0.0,1.0,1.0,0.0,0.0,0.0,0.0,0.0,0.0,0.0,0.0,0.26378713864435493,21.224985276791255,24.246443038103592
2824,112.92,0.98,1,0.101,0.273,0.055,-0.078,-0.05,0.0,0.0,0.0,0.0,0.0,1.7,0.0,0.21,0.48,0.01,0.0,0.56,0.0,0.13,0.05,0.0,0.0,0.0,0.0,0.0,0.0,0.0,0.0,0.0,0.0,1.0,1.0,0.0,0.0,0.0,0.0,0.0,0.0,0.0,0.0,0.26423608085548567,20.80624906127969,23.85372088375308
2825,112.96,0.98,1,0.093,0.274,0.052,-0.083,-0.048,0.0,0.0,0.0,0.0,0.0,1.74,0.0,0.19,0.5,0.11,0.03,0.57,0.02,0.07,0.05,0.0,0.37,0.0,0.0,0.0,0.0,0.0,0.0,0.0,0.0,1.0,1.0,0.0,0.0,0.0,0.0,0.0,0.0,0.0,0.0,0.251548429979604,20.26326725876165,21.958369702689545
2826,113.0,0.98,1,0.078,0.369,0.03,-0.089,-0.044,0.11,0.0,0.0,0.0,0.0,1.35,0.0,0.21,0.51,0.3,0.08,0.63,0.02,0.03,0.08,0.0,0.96,0.0,1.0,0.0,0.0,0.0,0.0,0.0,0.0,1.0,1.0,0.0,0.0,0.0,0.0,0.0,0.0,0.0,1.0,0.19866589385615846,17.00735135169495,19.682479518597376
2827,113.04,0.98,1,0.044,0.396,0.032,-0.096,-0.043,0.11,0.0,0.0,0.0,0.0,1.35,0.0,0.17,0.47,0.32,0.09,0.73,0.02,0.0,0.08,0.0,1.33,0.0,1.0,0.0,0.0,0.0,1.0,0.0,0.0,0.0,1.0,0.0,0.0,0.0,0.0,0.0,0.0,0.0,1.0,0.18026300845412924,18.003610748958295,19.890952717253104
2828,113.08,0.98,1,0.073,0.374,0.017,-0.084,-0.041,0.1,0.0,0.0,0.0,0.0,1.47,0.0,0.24,0.43,0.31,0.06,0.8,0.0,0.0,0.08,0.0,0.97,0.0,1.0,0.0,0.0,0.0,1.0,0.0,0.0,0.0,1.0,0.0,0.0,0.0,0.0,0.0,0.0,0.0,1.0,0.17316604118120021,17.81263596439341,21.982265579325393
2829,113.12,0.98,1,0.086,0.297,0.018,-0.076,-0.045,0.0,0.0,0.0,0.0,0.0,1.89,0.0,0.32,0.44,0.17,0.01,0.79,0.0,0.0,0.04,0.0,0.69,0.0,1.0,0.0,0.0,0.0,1.0,0.0,0.0,0.0,1.0,0.0,0.0,0.0,0.0,0.0,0.0,0.0,1.0,0.18415076678405778,17.96273921204656,20.895932618574317
2830,113.16,0.98,1,0.074,0.319,0.032,-0.084,-0.047,0.0,0.0,0.0,0.0,0.0,2.24,0.0,0.41,0.51,0.19,0.01,0.72,0.0,0.0,0.0,0.0,0.32,0.0,1.0,0.0,0.0,0.0,1.0,0.0,0.0,0.0,1.0,0.0,0.0,0.0,0.0,0.0,0.0,0.0,1.0,0.18277301113935823,14.500344823486095,19.513328778043064
2831,113.2,0.98,1,0.075,0.305,0.038,-0.085,-0.049,0.0,0.0,0.0,0.0,0.0,2.2,0.0,0.37,0.52,0.1,0.01,0.55,0.01,0.0,0.08,0.0,0.3,0.0,0.0,0.0,0.0,0.0,1.0,0.0,0.0,0.0,1.0,0.0,0.0,0.0,0.0,0.0,0.0,0.0,0.0,0.19123944412527982,16.30490723677993,18.768324379123506
2832,113.24,0.98,1,0.097,0.273,0.042,-0.074,-0.052,0.0,0.0,0.0,0.0,0.0,2.37,0.0,0.29,0.49,0.06,0.01,0.52,0.01,0.01,0.08,0.0,0.0,0.0,0.0,0.0,0.0,0.0,1.0,0.0,0.0,0.0,1.0,0.0,0.0,0.0,0.0,0.0,0.0,0.0,0.0,0.20789232147506126,17.634341496069673,20.1558924386889
2833,113.28,0.98,1,0.08,0.288,0.039,-0.085,-0.048,0.0,0.0,0.0,0.0,0.0,2.38,0.0,0.26,0.47,0.0,0.0,0.54,0.07,0.05,0.13,0.0,0.0,0.0,0.0,0.0,0.0,0.0,1.0,0.0,0.0,0.0,1.0,0.0,0.0,0.0,0.0,0.0,0.0,0.0,0.0,0.21461120793678864,19.016834647227707,19.849433241279385
2834,113.32,0.98,1,0.091,0.285,0.044,-0.087,-0.05,0.0,0.0,0.0,0.0,0.0,2.53,0.0,0.25,0.48,0.0,0.0,0.7,0.06,0.12,0.13,0.0,0.0,0.0,0.0,0.0,0.0,0.0,1.0,0.0,0.0,1.0,1.0,0.0,0.0,0.0,0.0,0.0,0.0,0.0,0.0,0.23886532056200738,17.71806987230837,20.724140512938092
2835,113.36,0.98,1,0.104,0.284,0.041,-0.083,-0.05,0.0,0.0,0.0,0.0,0.0,2.38,0.0,0.25,0.48,0.0,0.0,0.77,0.06,0.17,0.16,0.0,0.0,0.0,0.0,0.0,0.0,0.0,1.0,0.0,0.0,1.0,1.0,0.0,0.0,0.0,0.0,0.0,0.0,0.0,0.0,0.23516765826329483,17.81375872745554,20.619650821485706
2836,113.4,0.98,1,0.108,0.275,0.042,-0.082,-0.052,0.0,0.0,0.0,0.0,0.0,2.36,0.0,0.25,0.47,0.0,0.0,0.83,0.0,0.18,0.13,0.0,0.0,0.0,0.0,0.0,0.0,0.0,1.0,0.0,0.0,0.0,1.0,0.0,0.0,0.0,0.0,0.0,0.0,0.0,0.0,0.23501586707599778,18.10994202088998,20.424495097798715
2837,113.44,0.98,1,0.101,0.292,0.043,-0.088,-0.053,0.0,0.0,0.0,0.0,0.0,2.16,0.0,0.34,0.45,0.0,0.0,0.89,0.0,0.17,0.05,0.0,0.0,0.0,0.0,0.0,0.0,0.0,1.0,0.0,0.0,0.0,1.0,0.0,0.0,0.0,0.0,0.0,0.0,0.0,0.0,0.2292090946867536,18.7096231923575,20.84058540444577
2838,113.48,0.98,1,0.097,0.294,0.042,-0.088,-0.052,0.0,0.0,0.0,0.0,0.0,2.09,0.0,0.33,0.45,0.03,0.0,0.83,0.0,0.17,0.03,0.0,0.0,0.0,0.0,0.0,0.0,0.0,1.0,0.0,0.0,0.0,1.0,0.0,0.0,0.0,0.0,0.0,0.0,0.0,0.0,0.22480111749998097,19.216659439142944,20.928927349484358
2839,113.52,0.98,1,0.11,0.291,0.042,-0.089,-0.055,0.0,0.0,0.0,0.0,0.0,1.84,0.0,0.35,0.47,0.05,0.0,0.72,0.01,0.15,0.04,0.0,0.0,0.0,0.0,0.0,0.0,0.0,1.0,0.0,0.0,0.0,1.0,0.0,0.0,0.0,0.0,0.0,0.0,0.0,0.0,0.23232771079292988,19.22602402994446,21.659178193089545
2840,113.56,0.98,1,0.107,0.289,0.043,-0.088,-0.056,0.0,0.0,0.0,0.0,0.0,2.02,0.0,0.25,0.47,0.13,0.0,0.54,0.01,0.13,0.04,0.0,0.0,0.0,0.0,0.0,0.0,0.0,1.0,0.0,0.0,0.0,1.0,0.0,0.0,0.0,0.0,0.0,0.0,0.0,0.0,0.23869575571680918,19.42575609854079,21.36000936329401
2841,113.6,0.98,1,0.119,0.278,0.043,-0.081,-0.056,0.0,0.0,0.0,0.0,0.0,2.03,0.0,0.21,0.46,0.11,0.0,0.48,0.01,0.1,0.03,0.0,0.0,0.0,0.0,0.0,0.0,0.0,0.0,0.0,0.0,0.0,1.0,0.0,0.0,0.0,0.0,0.0,0.0,0.0,0.0,0.2378828181341944,18.921416437465645,21.666794871415483
2842,113.64,0.98,1,0.109,0.283,0.041,-0.085,-0.055,0.0,0.0,0.0,0.0,0.0,1.98,0.0,0.15,0.47,0.17,0.04,0.5,0.0,0.1,0.0,0.0,0.0,0.0,0.0,0.0,0.0,0.0,0.0,0.0,0.0,0.0,1.0,0.0,0.0,0.0,0.0,0.0,0.0,0.0,0.0,0.23412854220864004,18.926436537288122,21.360009363293784
2843,113.68,0.98,1,0.085,0.293,0.041,-0.081,-0.056,0.0,0.0,0.0,0.0,0.0,1.69,0.0,0.1,0.47,0.09,0.04,0.58,0.0,0.1,0.0,0.0,0.0,0.0,0.0,0.0,0.0,0.0,0.0,0.0,0.0,0.0,1.0,0.0,0.0,0.0,0.0,0.0,0.0,0.0,0.0,0.226486030036392,19.531000998412754,22.157842855296092
2844,113.72,0.98,1,0.092,0.285,0.037,-0.08,-0.055,0.0,0.0,0.0,0.0,0.0,1.65,0.0,0.15,0.46,0.09,0.07,0.61,0.0,0.09,0.03,0.0,0.0,0.0,0.0,0.0,0.0,0.0,0.0,0.0,0.0,0.0,1.0,0.0,0.0,0.0,0.0,0.0,0.0,0.0,0.0,0.23406205709057515,19.431160541769078,22.472205054244093
2845,113.76,0.98,1,0.082,0.297,0.039,-0.082,-0.055,0.0,0.0,0.0,0.0,0.0,1.69,0.0,0.18,0.48,0.02,0.05,0.63,0.0,0.06,0.03,0.0,0.0,0.0,0.0,0.0,0.0,0.0,0.0,0.0,0.0,0.0,1.0,0.0,0.0,0.0,0.0,0.0,0.0,0.0,0.0,0.23134047921640077,19.643064933966013,22.978685776170796
2846,113.8,0.98,1,0.081,0.282,0.033,-0.087,-0.052,0.05,0.0,0.0,0.0,0.0,1.67,0.0,0.22,0.47,0.05,0.05,0.64,0.01,0.01,0.14,0.0,0.39,0.0,0.0,0.0,0.0,0.0,0.0,0.0,0.0,0.0,1.0,0.0,0.0,0.0,0.0,0.0,0.0,0.0,0.0,0.24189147928121246,19.243960091415737,22.332263655975357
2847,113.84,0.98,1,0.082,0.365,0.028,-0.087,-0.053,0.13,0.0,0.0,0.0,0.0,1.29,0.0,0.16,0.49,0.12,0.05,0.67,0.01,0.0,0.15,0.03,1.03,0.0,0.0,0.0,0.0,0.0,0.0,0.0,0.0,0.0,1.0,0.0,0.0,0.0,0.0,0.0,0.0,0.0,1.0,0.20101511233785874,17.01058493997193,17.923448328934864
2848,113.88,0.98,1,0.071,0.389,0.013,-0.096,-0.045,0.14,0.0,0.0,0.0,0.0,0.89,0.0,0.1,0.46,0.13,0.04,0.76,0.01,0.0,0.2,0.03,1.59,0.0,0.0,0.0,0.0,0.0,0.0,0.0,0.0,0.0,1.0,0.0,0.0,0.0,0.0,0.0,0.0,0.0,1.0,0.1797288660978937,18.384776310850285,20.479257799051084
2849,113.92,0.98,1,0.072,0.367,0.008,-0.087,-0.047,0.09,0.0,0.0,0.0,0.0,0.87,0.0,0.15,0.44,0.1,0.09,0.8,0.01,0.0,0.15,0.03,1.46,0.0,1.0,0.0,0.0,0.0,0.0,0.0,0.0,0.0,1.0,0.0,0.0,0.0,0.0,0.0,0.0,0.0,1.0,0.17868444304669207,17.40402252354318,20.47925779905131
2850,113.96,0.98,1,0.072,0.284,0.017,-0.074,-0.051,0.01,0.0,0.0,0.0,0.0,1.31,0.0,0.24,0.44,0.02,0.1,0.85,0.01,0.0,0.14,0.0,0.82,0.0,1.0,0.0,0.0,0.0,1.0,0.0,0.0,0.0,1.0,0.0,1.0,0.0,0.0,0.0,0.0,0.0,1.0,0.18815613410934573,17.229045243425464,19.612750954417386
2851,114.0,0.98,1,0.095,0.299,0.03,-0.081,-0.052,0.0,0.0,0.0,0.0,0.0,1.68,0.0,0.34,0.48,0.03,0.12,0.82,0.01,0.0,0.11,0.01,0.25,0.0,1.0,0.0,0.0,0.0,1.0,0.0,0.0,1.0,1.0,0.0,1.0,0.0,0.0,0.0,0.0,0.0,0.0,0.1924826703640341,15.402921800749453,18.976301009417078
2852,114.04,0.98,1,0.094,0.285,0.034,-0.077,-0.052,0.0,0.0,0.0,0.0,0.0,1.89,0.0,0.32,0.57,0.13,0.07,0.77,0.0,0.0,0.09,0.01,0.0,0.0,0.0,0.0,0.0,0.0,1.0,0.0,0.0,1.0,1.0,0.0,1.0,0.0,0.0,0.0,0.0,0.0,0.0,0.20042299771307553,18.022485955050705,19.0168346472277
2853,114.08,0.98,1,0.109,0.291,0.036,-0.081,-0.052,0.0,0.0,0.0,0.0,0.0,1.9,0.0,0.22,0.57,0.13,0.08,0.71,0.0,0.0,0.07,0.01,0.0,0.0,0.0,0.0,0.0,0.0,1.0,0.0,0.0,1.0,1.0,0.0,0.0,0.0,0.0,0.0,0.0,0.0,0.0,0.21635840869238954,19.104188022525232,21.046614929722068
2854,114.12,0.98,1,0.109,0.292,0.039,-0.08,-0.052,0.0,0.0,0.0,0.0,0.0,2.05,0.0,0.25,0.54,0.1,0.18,0.68,0.0,0.0,0.07,0.01,0.0,0.0,0.0,0.0,0.0,0.0,1.0,0.0,0.0,1.0,1.0,0.0,0.0,0.0,0.0,0.0,0.0,0.0,0.0,0.22951714095984796,18.302458851203525,20.56234422433396
2855,114.16,0.98,1,0.118,0.281,0.04,-0.08,-0.051,0.0,0.0,0.0,0.0,0.0,2.12,0.0,0.34,0.48,0.03,0.29,0.68,0.03,0.04,0.03,0.05,0.0,0.0,0.0,0.0,0.0,0.0,1.0,0.0,0.0,1.0,1.0,0.0,1.0,0.0,0.0,0.0,0.0,0.0,0.0,0.2310874070358275,19.812369873389663,19.85673689204745
2856,114.2,0.98,1,0.112,0.279,0.04,-0.083,-0.05,0.0,0.0,0.0,0.0,0.0,2.26,0.0,0.43,0.44,0.03,0.27,0.75,0.03,0.06,0.02,0.05,0.0,0.0,0.0,0.0,0.0,0.0,1.0,0.0,0.0,1.0,1.0,0.0,1.0,0.0,0.0,0.0,0.0,0.0,0.0,0.23584111135602376,20.424495097798715,19.612750954417386
2857,114.24,0.98,1,0.108,0.289,0.039,-0.081,-0.05,0.0,0.0,0.0,0.0,0.0,2.25,0.0,0.49,0.51,0.08,0.18,0.79,0.03,0.06,0.0,0.04,0.0,0.0,0.0,0.0,0.0,0.0,1.0,0.0,0.0,1.0,1.0,0.0,0.0,0.0,0.0,0.0,0.0,0.0,0.0,0.23191515525325507,20.64097865896858,20.507803392855212
2858,114.28,0.98,1,0.106,0.286,0.042,-0.082,-0.051,0.0,0.0,0.0,0.0,0.0,2.12,0.0,0.47,0.55,0.06,0.07,0.88,0.01,0.02,0.0,0.0,0.0,0.0,0.0,0.0,0.0,0.0,1.0,0.0,0.0,1.0,1.0,0.0,0.0,0.0,0.0,0.0,0.0,0.0,0.0,0.23357260588337722,20.529490982486635,19.314502323383895
2859,114.32,0.98,1,0.109,0.279,0.039,-0.082,-0.051,0.0,0.0,0.0,0.0,0.0,2.11,0.0,0.54,0.6,0.06,0.08,0.84,0.0,0.01,0.0,0.0,0.0,0.0,0.0,0.0,0.0,0.0,1.0,0.0,0.0,1.0,1.0,0.0,0.0,0.0,0.0,0.0,0.0,0.0,0.0,0.24059991847063422,20.341583025910207,19.513328778043064
2860,114.36,0.98,1,0.105,0.278,0.047,-0.081,-0.054,0.0,0.0,0.0,0.0,0.0,2.19,0.0,0.5,0.58,0.01,0.14,0.85,0.0,0.03,0.0,0.0,0.0,0.0,0.0,0.0,0.0,0.0,1.0,0.0,0.0,1.0,1.0,0.0,0.0,0.0,0.0,0.0,0.0,0.0,0.0,0.24222400679383216,20.840585404446003,19.325630649476913
2861,114.4,0.98,1,0.115,0.271,0.035,-0.079,-0.052,0.0,0.0,0.0,0.0,0.0,2.23,0.0,0.51,0.56,0.05,0.19,0.72,0.0,0.03,0.03,0.0,0.0,0.0,0.0,0.0,0.0,0.0,1.0,0.0,0.0,1.0,1.0,0.0,0.0,0.0,0.0,0.0,0.0,0.0,0.0,0.24074803440826764,20.946837470129083,19.42498391247721
2862,114.44,0.98,1,0.103,0.28,0.05,-0.082,-0.054,0.0,0.0,0.0,0.0,0.0,2.25,0.0,0.47,0.57,0.05,0.14,0.77,0.0,0.07,0.03,0.03,0.0,0.0,0.0,0.0,0.0,0.0,1.0,0.0,0.0,1.0,1.0,0.0,0.0,0.0,0.0,0.0,0.0,0.0,0.0,0.24088931490225762,20.95375861271658,19.44865033877669
2863,114.48,0.98,1,0.102,0.267,0.037,-0.08,-0.052,0.0,0.0,0.0,0.0,0.0,2.28,0.0,0.4,0.56,0.05,0.15,0.76,0.0,0.07,0.03,0.08,0.0,0.0,0.0,0.0,0.0,0.0,1.0,0.0,0.0,1.0,1.0,0.0,0.0,0.0,0.0,0.0,0.0,0.0,0.0,0.246342552758429,21.0535032714273,18.780841301709483
2864,114.52,0.98,1,0.113,0.267,0.044,-0.082,-0.052,0.0,0.0,0.0,0.0,0.0,2.41,0.0,0.33,0.58,0.0,0.24,0.78,0.0,0.12,0.0,0.08,0.0,0.0,0.0,0.0,0.0,0.0,1.0,0.0,0.0,1.0,1.0,0.0,0.0,0.0,0.0,0.0,0.0,0.0,0.0,0.25580604022002507,21.0535032714273,19.944924166313545
2865,114.56,0.98,1,0.106,0.265,0.043,-0.079,-0.053,0.0,0.0,0.0,0.0,0.0,2.44,0.0,0.28,0.58,0.0,0.28,0.67,0.0,0.16,0.0,0.05,0.0,0.0,0.0,0.0,0.0,0.0,1.0,0.0,0.0,1.0,1.0,0.0,0.0,0.0,0.0,0.0,0.0,0.0,0.0,0.2531668009471212,20.961154548354298,19.6596032513375
2866,114.6,0.98,1,0.114,0.265,0.042,-0.077,-0.052,0.0,0.0,0.0,0.0,0.0,2.38,0.0,0.28,0.56,0.0,0.25,0.69,0.0,0.18,0.0,0.07,0.0,0.0,0.0,0.0,0.0,0.0,1.0,0.0,0.0,1.0,1.0,0.0,0.0,0.0,0.0,0.0,0.0,0.0,0.0,0.2551320516744462,20.678491240900446,19.99699977496621
2867,114.64,0.98,1,0.111,0.269,0.043,-0.077,-0.052,0.0,0.0,0.0,0.0,0.0,2.32,0.0,0.29,0.56,0.0,0.18,0.68,0.0,0.18,0.0,0.16,0.0,0.0,0.0,0.0,0.0,0.0,1.0,0.0,0.0,1.0,1.0,0.0,0.0,0.0,0.0,0.0,0.0,0.0,0.0,0.2549671306465091,20.778113485107404,19.897989848223418
2868,114.68,0.98,1,0.113,0.266,0.041,-0.075,-0.052,0.0,0.0,0.0,0.0,0.0,2.21,0.0,0.3,0.54,0.0,0.28,0.7,0.0,0.14,0.0,0.21,0.0,0.0,0.0,0.0,0.0,0.0,1.0,0.0,0.0,1.0,1.0,0.0,0.0,0.0,0.0,0.0,0.0,0.0,0.0,0.25487002054499475,20.769689453624302,19.897989848223418
2869,114.72,0.98,1,0.115,0.27,0.041,-0.079,-0.052,0.0,0.0,0.0,0.0,0.0,2.1,0.0,0.28,0.54,0.0,0.27,0.67,0.0,0.14,0.0,0.2,0.0,0.0,0.0,0.0,0.0,0.0,1.0,0.0,0.0,1.0,1.0,0.0,0.0,0.0,0.0,0.0,0.0,0.0,0.0,0.2607471000415437,20.8865985742056,19.957204213015363
2870,114.76,0.98,1,0.109,0.275,0.045,-0.078,-0.052,0.0,0.0,0.0,0.0,0.0,2.09,0.0,0.3,0.55,0.0,0.31,0.72,0.0,0.15,0.03,0.2,0.0,0.0,0.0,0.0,0.0,0.0,1.0,0.0,0.0,1.0,1.0,0.0,0.0,0.0,0.0,0.0,0.0,0.0,0.0,0.25761089341245214,21.077001684300352,19.957204213015363
2871,114.8,0.98,1,0.108,0.269,0.044,-0.08,-0.051,0.0,0.0,0.0,0.03,0.0,2.09,0.0,0.25,0.53,0.0,0.27,0.68,0.0,0.17,0.05,0.17,0.0,0.0,0.0,0.0,0.0,0.0,1.0,0.0,0.0,1.0,1.0,0.0,0.0,0.0,0.0,0.0,0.0,0.0,0.0,0.263780930786688,20.9690247746526,19.758795509848177
2872,114.84,0.98,1,0.114,0.281,0.05,-0.079,-0.052,0.0,0.0,0.0,0.03,0.0,2.07,0.0,0.27,0.54,0.0,0.28,0.65,0.0,0.16,0.05,0.13,0.0,0.0,0.0,0.0,0.0,0.0,1.0,0.0,0.0,1.0,1.0,0.0,0.0,0.0,0.0,0.0,0.0,0.0,0.0,0.26250008950695675,21.068697159530302,21.44621178670019
2873,114.88,0.98,1,0.114,0.27,0.047,-0.078,-0.051,0.0,0.0,0.0,0.03,0.0,1.92,0.0,0.29,0.52,0.0,0.21,0.58,0.0,0.18,0.03,0.07,0.0,0.0,0.0,0.0,0.0,0.0,1.0,0.0,0.0,1.0,1.0,0.0,0.0,0.0,0.0,0.0,0.0,0.0,0.0,0.26780841672714545,20.78701517774983,21.722108553268864
2874,114.92,0.98,1,0.109,0.271,0.046,-0.073,-0.052,0.0,0.0,0.0,0.0,0.0,1.81,0.0,0.34,0.56,0.0,0.11,0.65,0.0,0.23,0.01,0.1,0.0,0.0,0.0,0.0,0.0,0.0,1.0,0.0,0.0,1.0,1.0,0.0,0.0,0.0,0.0,0.0,0.0,0.0,0.0,0.260886942741601,21.49325475585292,23.967686580060104
2875,114.96,0.98,1,0.107,0.271,0.04,-0.073,-0.053,0.0,0.0,0.0,0.0,0.0,1.62,0.0,0.35,0.53,0.01,0.04,0.56,0.0,0.28,0.01,0.16,0.0,0.0,0.0,0.0,0.0,0.0,0.0,0.0,0.0,1.0,1.0,0.0,0.0,0.0,0.0,0.0,0.0,0.0,0.0,0.25830297447569006,21.72210855326908,24.035182545593454
2876,115.0,0.98,1,0.089,0.293,0.054,-0.079,-0.057,0.0,0.0,0.0,0.0,0.0,1.41,0.0,0.31,0.49,0.03,0.0,0.56,0.0,0.3,0.0,0.14,0.0,0.0,0.0,0.0,0.0,0.0,0.0,0.0,0.0,1.0,1.0,0.0,0.0,0.0,0.0,0.0,0.0,0.0,0.0,0.24294910818660803,21.783020910792008,22.826519664635647
2877,115.04,0.98,1,0.091,0.287,0.05,-0.079,-0.058,0.0,0.0,0.0,0.0,0.0,1.3,0.0,0.28,0.43,0.09,0.0,0.62,0.0,0.27,0.01,0.07,0.0,0.0,0.0,0.0,0.0,0.0,0.0,0.0,0.0,1.0,1.0,0.0,0.0,0.0,0.0,0.0,0.0,0.0,0.0,0.23427446707656668,21.313845265460714,22.717834403833525
2878,115.08,0.98,1,0.099,0.278,0.047,-0.079,-0.058,0.1,0.0,0.0,0.0,0.0,1.17,0.0,0.25,0.49,0.13,0.0,0.67,0.0,0.18,0.01,0.01,0.27,0.0,0.0,0.0,0.0,0.0,0.0,0.0,0.0,0.0,1.0,0.0,0.0,0.0,0.0,0.0,0.0,0.0,0.0,0.24724596468069088,20.995475703112668,24.407375934336006
2879,115.12,0.98,1,0.107,0.391,0.027,-0.088,-0.054,0.31,0.0,0.0,0.0,0.0,0.87,0.0,0.32,0.56,0.28,0.04,0.76,0.0,0.08,0.06,0.0,0.87,0.0,1.0,0.0,0.0,0.0,0.0,0.0,0.0,0.0,1.0,0.0,0.0,0.0,0.0,0.0,0.0,0.0,1.0,0.19627859648971027,16.199999999999818,19.921847303902275
2880,115.16,0.98,1,0.057,0.409,0.032,-0.092,-0.055,0.52,0.03,0.0,0.0,0.0,0.67,0.0,0.35,0.56,0.34,0.03,0.77,0.0,0.0,0.1,0.0,1.39,0.0,1.0,0.0,0.0,0.0,0.0,0.0,0.0,0.0,1.0,0.0,0.0,0.0,0.0,0.0,0.0,0.0,1.0,0.17925989831376588,16.47573974060037,19.944924166313545
2881,115.2,0.98,1,0.068,0.389,0.02,-0.077,-0.054,0.47,0.03,0.0,0.0,0.0,0.89,0.0,0.35,0.48,0.32,0.03,0.88,0.0,0.0,0.12,0.0,1.41,0.0,1.0,0.0,0.0,0.0,1.0,0.0,0.0,0.0,1.0,0.0,0.0,0.0,0.0,0.0,0.0,0.0,1.0,0.17424583545037814,16.468454693747162,21.214381914163937
2882,115.24,0.98,1,0.054,0.308,0.017,-0.072,-0.053,0.25,0.03,0.0,0.0,0.0,1.48,0.0,0.25,0.39,0.17,0.0,0.99,0.0,0.0,0.07,0.0,0.95,0.0,1.0,0.0,0.0,0.0,1.0,0.0,0.0,0.0,1.0,0.0,0.0,0.0,0.0,0.0,0.0,0.0,1.0,0.18450669665185926,17.534537347760278,20.29876843554805
2883,115.28,0.98,1,0.091,0.304,0.026,-0.076,-0.053,0.04,0.0,0.0,0.0,0.0,2.0,0.0,0.18,0.37,0.12,0.0,1.02,0.0,0.0,0.02,0.0,0.44,0.0,1.0,0.0,0.0,0.0,1.0,0.0,0.0,0.0,1.0,0.0,0.0,0.0,0.0,0.0,0.0,0.0,1.0,0.18564159908394784,15.508062419270823,19.635172522796935
2884,115.32,0.98,1,0.09,0.31,0.03,-0.079,-0.049,0.01,0.0,0.0,0.0,0.0,2.19,0.0,0.18,0.37,0.13,0.01,1.03,0.0,0.0,0.0,0.0,0.15,0.0,0.0,0.0,0.0,0.0,1.0,0.0,0.0,0.0,1.0,0.0,0.0,0.0,0.0,0.0,0.0,0.0,1.0,0.17926706984307517,16.311039206623178,18.806647760831623
2885,115.36,0.98,1,0.092,0.299,0.038,-0.078,-0.052,0.01,0.0,0.0,0.0,0.0,2.25,0.0,0.16,0.41,0.17,0.02,0.86,0.0,0.0,0.0,0.02,0.0,0.0,0.0,0.0,0.0,0.0,1.0,0.0,0.0,0.0,1.0,0.0,0.0,0.0,0.0,0.0,0.0,0.0,0.0,0.20031905954956436,18.127603261325117,18.69679116854003
2886,115.4,0.98,1,0.104,0.289,0.039,-0.077,-0.053,0.01,0.0,0.0,0.0,0.0,2.22,0.0,0.19,0.42,0.09,0.05,0.69,0.0,0.03,0.0,0.02,0.0,0.0,0.0,0.0,0.0,0.0,1.0,0.0,0.0,1.0,1.0,0.0,0.0,0.0,0.0,0.0,0.0,0.0,0.0,0.21666868396612093,18.606719216455023,19.550191814915788
2887,115.44,0.98,1,0.103,0.288,0.043,-0.065,-0.057,0.0,0.0,0.0,0.0,0.0,2.1,0.0,0.15,0.43,0.07,0.05,0.63,0.0,0.07,0.0,0.02,0.0,0.0,0.0,0.0,0.0,0.0,1.0,0.0,0.0,1.0,1.0,0.0,0.0,0.0,0.0,0.0,0.0,0.0,0.0,0.2156108202938622,18.60671921645525,19.94241710525569
2888,115.48,0.98,1,0.087,0.285,0.038,-0.068,-0.055,0.0,0.0,0.0,0.0,0.0,2.19,0.0,0.19,0.44,0.04,0.07,0.69,0.0,0.09,0.0,0.0,0.0,0.0,0.0,0.0,0.0,0.0,1.0,0.0,0.0,1.0,1.0,0.0,0.0,0.0,0.0,0.0,0.0,0.0,0.0,0.22583012559857213,18.806647760831762,20.215835377248247
2889,115.52,0.98,1,0.092,0.297,0.037,-0.071,-0.056,0.0,0.0,0.0,0.0,0.0,2.09,0.0,0.11,0.44,0.04,0.08,0.75,0.0,0.06,0.0,0.0,0.0,0.0,0.0,0.0,0.0,0.0,1.0,0.0,0.0,1.0,1.0,0.0,0.0,0.0,0.0,0.0,0.0,0.0,0.0,0.21878147549327698,19.00236827345476,20.829066229670453
2890,115.56,0.98,1,0.095,0.294,0.039,-0.072,-0.057,0.0,0.0,0.0,0.0,0.0,2.08,0.0,0.12,0.46,0.05,0.15,0.72,0.01,0.03,0.0,0.0,0.0,0.0,0.0,0.0,0.0,0.0,1.0,0.0,0.0,1.0,1.0,0.0,0.0,0.0,0.0,0.0,0.0,0.0,0.0,0.2304873937755852,19.520758181996925,20.54117815511077
2891,115.6,0.98,1,0.094,0.296,0.037,-0.073,-0.056,0.0,0.0,0.0,0.0,0.0,1.86,0.0,0.08,0.47,0.07,0.12,0.68,0.01,0.0,0.0,0.0,0.0,0.0,0.0,0.0,0.0,0.0,1.0,0.0,0.0,1.0,1.0,0.0,0.0,0.0,0.0,0.0,0.0,0.0,0.0,0.22660922509453518,19.916073910286723,21.233935103979018
2892,115.64,0.98,1,0.091,0.295,0.039,-0.074,-0.054,0.0,0.0,0.0,0.0,0.0,1.85,0.0,0.11,0.47,0.07,0.12,0.62,0.01,0.05,0.0,0.0,0.0,0.0,0.0,0.0,0.0,0.0,1.0,0.0,0.0,1.0,1.0,0.0,0.0,0.0,0.0,0.0,0.0,0.0,0.0,0.2304371784051105,19.930378822290223,21.53926646847566
2893,115.68,0.98,1,0.097,0.289,0.039,-0.064,-0.057,0.0,0.0,0.0,0.0,0.0,1.89,0.0,0.17,0.5,0.08,0.03,0.63,0.04,0.08,0.0,0.0,0.0,0.0,0.0,0.0,0.0,0.0,1.0,0.0,0.0,1.0,1.0,0.0,0.0,0.0,0.0,0.0,0.0,0.0,0.0,0.22747357534198598,19.620652384668695,21.54553317975677
2894,115.72,0.98,1,0.094,0.284,0.034,-0.074,-0.054,0.0,0.0,0.0,0.0,0.0,1.94,0.0,0.27,0.5,0.05,0.1,0.6,0.04,0.1,0.0,0.0,0.0,0.0,0.0,0.0,0.0,0.0,1.0,0.0,0.0,1.0,1.0,0.0,0.0,0.0,0.0,0.0,0.0,0.0,0.0,0.23960534764534558,19.75702406740453,21.645322820415643
2895,115.76,0.98,1,0.089,0.299,0.043,-0.072,-0.058,0.0,0.0,0.0,0.0,0.0,1.86,0.0,0.34,0.54,0.04,0.09,0.62,0.04,0.09,0.0,0.0,0.0,0.0,0.0,0.0,0.0,0.0,1.0,0.0,0.0,1.0,1.0,0.0,0.0,0.0,0.0,0.0,0.0,0.0,0.0,0.21550401661120827,20.34821859524804,22.464416306683862
2896,115.8,0.98,1,0.092,0.287,0.028,-0.076,-0.055,0.0,0.0,0.0,0.0,0.0,1.73,0.0,0.37,0.51,0.01,0.13,0.62,0.0,0.07,0.0,0.0,0.0,0.0,0.0,0.0,0.0,0.0,1.0,0.0,0.0,1.0,1.0,0.0,0.0,0.0,0.0,0.0,0.0,0.0,0.0,0.21935155158465772,21.060864179800404,22.281157959136728
2897,115.84,0.98,1,0.091,0.295,0.037,-0.074,-0.059,0.0,0.0,0.0,0.0,0.0,1.66,0.0,0.3,0.5,0.01,0.07,0.65,0.03,0.05,0.0,0.0,0.0,0.0,0.0,0.0,0.0,0.0,1.0,0.0,0.0,1.0,1.0,0.0,0.0,0.0,0.0,0.0,0.0,0.0,0.0,0.22013344896946183,21.54553317975678,22.47220505424432
2898,115.88,0.98,1,0.088,0.296,0.044,-0.076,-0.059,0.0,0.0,0.0,0.0,0.0,1.74,0.0,0.3,0.48,0.01,0.08,0.65,0.03,0.03,0.0,0.0,0.0,0.0,0.0,0.0,0.0,0.0,1.0,0.0,0.0,1.0,1.0,0.0,0.0,0.0,0.0,0.0,0.0,0.0,0.0,0.2302712604687811,21.068697159530302,22.863289352146992
2899,115.92,0.98,1,0.088,0.289,0.036,-0.074,-0.058,0.0,0.0,0.0,0.0,0.0,1.86,0.0,0.28,0.48,0.01,0.04,0.63,0.06,0.07,0.0,0.0,0.0,0.0,0.0,0.0,0.0,0.0,1.0,0.0,0.0,1.0,1.0,0.0,0.0,0.0,0.0,0.0,0.0,0.0,0.0,0.22993447853431542,21.185372312045782,23.262201099637835
2900,115.96,0.98,1,0.089,0.295,0.043,-0.075,-0.059,0.0,0.0,0.0,0.0,0.0,1.94,0.0,0.31,0.48,0.02,0.07,0.65,0.03,0.11,0.03,0.0,0.0,0.0,0.0,0.0,0.0,0.0,1.0,0.0,0.0,1.0,1.0,0.0,0.0,0.0,0.0,0.0,0.0,0.0,0.0,0.22660434410104457,21.13669794457024,22.8875512014719
2901,116.0,0.98,1,0.08,0.299,0.043,-0.075,-0.057,0.0,0.0,0.0,0.0,0.0,2.11,0.0,0.29,0.5,0.02,0.12,0.7,0.03,0.09,0.04,0.0,0.0,0.0,0.0,0.0,0.0,0.0,1.0,0.0,0.0,0.0,1.0,0.0,0.0,0.0,0.0,0.0,0.0,0.0,0.0,0.22800628067794837,21.303755537463378,22.8875512014719
2902,116.04,0.98,1,0.081,0.295,0.043,-0.074,-0.058,0.0,0.0,0.0,0.03,0.0,2.22,0.0,0.28,0.51,0.04,0.16,0.76,0.01,0.05,0.04,0.0,0.0,0.0,0.0,0.0,0.0,0.0,1.0,0.0,0.0,1.0,1.0,0.0,0.0,0.0,0.0,0.0,0.0,0.0,0.0,0.2333244329782488,21.467417171145765,22.963013739489725
2903,116.08,0.98,1,0.076,0.298,0.046,-0.073,-0.057,0.0,0.0,0.0,0.15,0.0,2.26,0.0,0.27,0.54,0.03,0.14,0.72,0.02,0.02,0.01,0.0,0.0,0.0,0.0,0.0,0.0,0.0,1.0,0.0,0.0,1.0,1.0,0.0,0.0,0.0,0.0,0.0,0.0,0.0,0.0,0.2293587726815014,21.439449619801433,23.255106965997857
2904,116.12,0.98,1,0.082,0.293,0.04,-0.072,-0.058,0.0,0.0,0.0,0.21,0.0,2.11,0.0,0.23,0.52,0.06,0.12,0.69,0.02,0.05,0.0,0.0,0.0,0.0,0.0,0.0,0.0,0.0,1.0,0.0,0.0,1.0,1.0,0.0,0.0,0.0,0.0,0.0,0.0,0.0,0.0,0.2227772044089391,21.77452640127913,22.978685776171012
2905,116.16,0.98,1,0.081,0.293,0.04,-0.07,-0.061,0.0,0.0,0.0,0.19,0.0,1.99,0.0,0.21,0.54,0.05,0.12,0.67,0.03,0.08,0.0,0.0,0.0,0.0,0.0,0.0,0.0,0.0,1.0,0.0,0.0,1.0,1.0,0.0,0.0,0.0,0.0,0.0,0.0,0.0,0.0,0.22211868118899697,21.484180226389924,22.787935404507405
2906,116.2,0.98,1,0.085,0.293,0.037,-0.072,-0.059,0.0,0.0,0.0,0.07,0.0,1.88,0.0,0.17,0.53,0.04,0.17,0.66,0.02,0.11,0.0,0.01,0.0,0.0,0.0,0.0,0.0,0.0,1.0,0.0,0.0,1.0,1.0,0.0,0.0,0.0,0.0,0.0,0.0,0.0,0.0,0.22223825563629623,21.434784813475453,22.450167037240593
2907,116.24,0.98,1,0.084,0.291,0.049,-0.071,-0.062,0.0,0.0,0.0,0.0,0.0,1.79,0.0,0.22,0.53,0.02,0.12,0.68,0.04,0.13,0.0,0.01,0.0,0.0,0.0,0.0,0.0,0.0,1.0,0.0,0.0,1.0,1.0,0.0,0.0,0.0,0.0,0.0,0.0,0.0,0.0,0.2285294148110267,21.51278689523964,23.226062946612412
2908,116.28,0.98,1,0.079,0.288,0.039,-0.07,-0.06,0.0,0.0,0.0,0.0,0.0,1.78,0.0,0.24,0.51,0.02,0.17,0.66,0.02,0.12,0.0,0.01,0.0,0.0,0.0,0.0,0.0,0.0,1.0,0.0,0.0,1.0,1.0,0.0,0.0,0.0,0.0,0.0,0.0,0.0,0.0,0.22714989044977024,21.42381852051586,23.121634890292594
2909,116.32,0.98,1,0.079,0.296,0.045,-0.069,-0.062,0.0,0.0,0.0,0.0,0.0,1.64,0.0,0.29,0.47,0.03,0.19,0.7,0.02,0.11,0.0,0.0,0.0,0.0,0.0,0.0,0.0,0.0,1.0,0.0,0.0,1.0,1.0,0.0,0.0,0.0,0.0,0.0,0.0,0.0,0.0,0.22586086783397324,21.484180226389707,23.45463706817916
2910,116.36,0.98,1,0.085,0.291,0.039,-0.069,-0.061,0.0,0.0,0.0,0.0,0.0,1.64,0.0,0.23,0.47,0.15,0.23,0.78,0.0,0.06,0.0,0.0,0.0,0.0,0.0,0.0,0.0,0.0,1.0,0.0,0.0,1.0,1.0,0.0,0.0,0.0,0.0,0.0,0.0,0.0,0.0,0.22660757497272976,21.722108553268864,23.44184293096437
2911,116.4,0.98,1,0.075,0.294,0.048,-0.071,-0.061,0.0,0.0,0.0,0.0,0.0,1.3,0.0,0.16,0.5,0.14,0.15,0.8,0.0,0.03,0.05,0.0,0.21,0.0,0.0,0.0,0.0,0.0,0.0,0.0,0.0,0.0,1.0,0.0,0.0,0.0,0.0,0.0,0.0,0.0,0.0,0.230288577609328,20.995475703112668,22.978685776171012
2912,116.44,0.98,1,0.097,0.355,0.013,-0.076,-0.054,0.1,0.0,0.0,0.0,0.0,1.13,0.0,0.07,0.59,0.29,0.22,0.78,0.0,0.0,0.11,0.0,0.78,0.0,1.0,0.0,0.0,0.0,1.0,0.0,0.0,1.0,1.0,0.0,0.0,0.0,0.0,0.0,0.0,0.0,1.0,0.2005309574931594,17.80702108720036,19.11570035337444
2913,116.48,0.98,1,0.06,0.404,0.031,-0.087,-0.054,0.17,0.0,0.0,0.0,0.0,0.67,0.0,0.08,0.6,0.26,0.18,0.78,0.0,0.0,0.16,0.0,1.28,0.0,1.0,0.0,0.0,0.0,1.0,0.0,0.0,0.0,1.0,0.0,1.0,0.0,0.0,0.0,0.0,0.0,1.0,0.18108392000297152,17.935439777156247,18.508376482014704
2914,116.52,0.98,1,0.054,0.365,0.014,-0.075,-0.05,0.19,0.03,0.0,0.0,0.0,0.96,0.0,0.06,0.57,0.38,0.18,0.84,0.0,0.0,0.11,0.0,1.34,0.0,1.0,0.0,0.0,0.0,1.0,0.0,0.0,0.0,1.0,0.0,1.0,0.0,0.0,0.0,0.0,0.0,1.0,0.18268226848470404,17.157214226091746,20.8273858177161
2915,116.56,0.98,1,0.039,0.309,0.018,-0.071,-0.055,0.09,0.03,0.0,0.0,0.0,1.28,0.0,0.06,0.5,0.3,0.05,0.9,0.01,0.0,0.05,0.0,0.78,0.0,1.0,0.0,0.0,0.0,1.0,0.0,0.0,0.0,1.0,0.0,1.0,0.0,0.0,0.0,0.0,0.0,1.0,0.1988278866146223,17.000294115102832,18.985520798756184
2916,116.6,0.98,1,0.081,0.294,0.031,-0.071,-0.055,0.02,0.03,0.0,0.0,0.0,1.83,0.0,0.12,0.47,0.27,0.07,0.86,0.01,0.0,0.0,0.0,0.28,0.0,1.0,0.0,0.0,0.0,1.0,0.0,0.0,0.0,1.0,0.0,1.0,0.0,0.0,0.0,0.0,0.0,0.0,0.18794442727351915,16.111176245078973,19.02761151589981
2917,116.64,0.98,1,0.077,0.309,0.035,-0.073,-0.056,0.0,0.0,0.0,0.0,0.0,1.97,0.0,0.21,0.48,0.24,0.1,0.86,0.01,0.0,0.0,0.0,0.0,0.0,1.0,0.0,0.0,0.0,1.0,0.0,0.0,0.0,1.0,0.0,1.0,0.0,0.0,0.0,0.0,0.0,0.0,0.18510495143176714,18.43908891458587,19.383756085960172
2918,116.68,0.98,1,0.076,0.29,0.023,-0.072,-0.052,0.0,0.0,0.0,0.0,0.0,1.99,0.01,0.28,0.47,0.2,0.11,0.82,0.0,0.0,0.0,0.0,0.0,0.0,1.0,0.0,0.0,0.0,1.0,0.0,0.0,0.0,1.0,0.0,1.0,0.0,0.0,0.0,0.0,0.0,0.0,0.1977185515209492,19.12616009553421,19.158809983921145
2919,116.72,0.98,1,0.073,0.314,0.041,-0.073,-0.057,0.0,0.0,0.0,0.0,0.0,1.82,0.01,0.24,0.48,0.12,0.08,0.86,0.0,0.01,0.0,0.0,0.0,0.0,1.0,0.0,0.0,0.0,1.0,0.0,0.0,0.0,1.0,0.0,0.0,0.0,0.0,0.0,0.0,0.0,0.0,0.20842168433086083,18.801063799689587,19.231484602078996
2920,116.76,0.98,1,0.066,0.306,0.032,-0.069,-0.052,0.0,0.0,0.0,0.0,0.0,1.73,0.01,0.26,0.47,0.09,0.1,0.76,0.04,0.03,0.0,0.0,0.0,0.0,1.0,0.0,0.0,0.0,1.0,0.0,0.0,0.0,1.0,0.0,0.0,0.0,0.0,0.0,0.0,0.0,0.0,0.20264160381584068,19.206509313250887,19.61631973638267
2921,116.8,0.98,1,0.079,0.307,0.047,-0.066,-0.057,0.0,0.0,0.0,0.03,0.0,1.7,0.0,0.24,0.5,0.05,0.06,0.8,0.04,0.08,0.0,0.0,0.0,0.0,0.0,0.0,0.0,0.0,1.0,0.0,0.0,0.0,1.0,0.0,1.0,0.0,0.0,0.0,0.0,0.0,0.0,0.2181778364795653,19.209372712298364,20.62934802653748
2922,116.84,0.98,1,0.08,0.29,0.028,-0.067,-0.055,0.0,0.0,0.0,0.03,0.0,1.65,0.0,0.2,0.49,0.11,0.09,0.78,0.04,0.12,0.02,0.0,0.0,0.0,0.0,0.0,0.0,0.0,1.0,0.0,0.0,0.0,1.0,0.0,1.0,0.0,0.0,0.0,0.0,0.0,0.0,0.21539471531110677,19.509228585466932,20.840585404446003
2923,116.88,0.98,1,0.068,0.319,0.037,-0.062,-0.062,0.0,0.0,0.0,0.03,0.0,1.64,0.0,0.09,0.47,0.09,0.07,0.91,0.0,0.09,0.02,0.0,0.15,0.0,1.0,0.0,0.0,0.0,1.0,0.0,0.0,0.0,1.0,0.0,1.0,0.0,0.0,0.0,0.0,0.0,0.0,0.19335991201236638,19.41648783894769,21.45250568115538
2924,116.92,0.98,1,0.02,0.322,0.018,-0.068,-0.053,0.0,0.0,0.0,0.0,0.0,1.72,0.0,0.04,0.42,0.1,0.16,0.97,0.0,0.08,0.02,0.0,0.28,0.0,1.0,0.0,0.0,0.0,1.0,0.0,0.0,0.0,1.0,0.0,0.0,0.0,0.0,0.0,0.0,0.0,0.0,0.19387877079942195,18.100276240985846,18.569060288555264
2925,116.96,0.98,1,0.015,0.335,0.03,-0.061,-0.057,0.0,0.0,0.0,0.01,0.0,1.85,0.0,0.06,0.44,0.05,0.13,0.96,0.0,0.03,0.01,0.0,0.54,0.0,0.0,0.0,0.0,0.0,1.0,0.0,0.0,0.0,1.0,0.0,0.0,0.0,0.0,0.0,0.0,0.0,0.0,0.1886208104277976,17.600284088616434,18.895766721676
2926,117.0,0.98,1,0.023,0.317,0.018,-0.072,-0.049,0.0,0.0,0.0,0.09,0.0,1.84,0.0,0.07,0.45,0.01,0.09,0.86,0.0,0.03,0.02,0.0,0.44,0.0,1.0,0.0,0.0,0.0,1.0,0.0,0.0,0.0,1.0,0.0,1.0,0.0,0.0,0.0,0.0,0.0,0.0,0.1974759427390957,17.91005304291428,17.880995498014272
2927,117.04,0.98,1,0.014,0.335,0.035,-0.067,-0.056,0.0,0.0,0.0,0.09,0.0,1.86,0.0,0.09,0.45,0.0,0.0,0.76,0.06,0.0,0.02,0.0,0.59,0.0,1.0,0.0,0.0,0.0,1.0,0.0,0.0,0.0,1.0,0.0,0.0,0.0,0.0,0.0,0.0,0.0,0.0,0.1974716967588071,17.400287353948936,17.69180601295405
2928,117.08,0.98,1,0.016,0.312,0.018,-0.071,-0.051,0.08,0.0,0.0,0.11,0.0,1.98,0.0,0.16,0.43,0.04,0.02,0.77,0.11,0.0,0.02,0.0,0.52,0.0,1.0,0.0,0.0,0.0,1.0,0.0,0.0,0.0,1.0,0.0,0.0,0.0,0.0,0.0,0.0,0.0,0.0,0.19938697486045404,17.600284088616206,18.00055554698252
2929,117.12,0.98,1,0.009,0.334,0.032,-0.067,-0.058,0.08,0.0,0.0,0.04,0.0,1.98,0.0,0.17,0.45,0.04,0.02,0.76,0.17,0.0,0.0,0.0,0.56,0.0,1.0,0.0,0.0,0.0,1.0,0.0,0.0,0.0,1.0,0.0,0.0,0.0,0.0,0.0,0.0,0.0,0.0,0.19820704939070932,17.600284088616206,18.162048342629106
2930,117.16,0.98,1,0.017,0.319,0.021,-0.072,-0.055,0.11,0.0,0.0,0.05,0.0,1.88,0.0,0.16,0.43,0.09,0.03,0.76,0.11,0.0,0.04,0.0,0.52,0.0,1.0,0.0,0.0,0.0,1.0,0.0,0.0,0.0,1.0,0.0,0.0,0.0,0.0,0.0,0.0,0.0,0.0,0.19998702867563803,17.80112356004526,17.990275150758393
2931,117.2,0.98,1,0.02,0.333,0.037,-0.069,-0.062,0.06,0.0,0.0,0.01,0.0,1.8,0.0,0.16,0.43,0.05,0.01,0.76,0.06,0.0,0.04,0.0,0.5,0.0,1.0,0.0,0.0,0.0,1.0,0.0,0.0,0.0,1.0,0.0,0.0,0.0,0.0,0.0,0.0,0.0,0.0,0.1974479523089005,17.70112990743816,18.15406290613771
2932,117.24,0.98,1,0.022,0.316,0.02,-0.075,-0.055,0.06,0.0,0.0,0.01,0.0,1.76,0.0,0.22,0.39,0.05,0.04,0.79,0.0,0.0,0.04,0.0,0.53,0.0,1.0,0.0,0.0,0.0,1.0,0.0,0.0,0.0,1.0,0.0,0.0,0.0,0.0,0.0,0.0,0.0,0.0,0.19721454080192688,18.204395073717592,18.054362353736007
2933,117.28,0.98,1,0.017,0.34,0.038,-0.067,-0.062,0.03,0.0,0.0,0.0,0.0,1.75,0.0,0.26,0.39,0.01,0.03,0.78,0.0,0.0,0.0,0.0,0.52,0.0,1.0,0.0,0.0,0.0,1.0,0.0,0.0,0.0,1.0,0.0,0.0,0.0,0.0,0.0,0.0,0.0,0.0,0.19783567194592433,18.100276240986073,18.046883387443945
2934,117.32,0.98,1,0.024,0.32,0.02,-0.072,-0.056,0.0,0.0,0.0,0.0,0.0,1.7,0.0,0.28,0.4,0.09,0.03,0.77,0.0,0.0,0.0,0.0,0.57,0.0,1.0,0.0,0.0,0.0,1.0,0.0,0.0,0.0,1.0,0.0,0.0,0.0,0.0,0.0,0.0,0.0,0.0,0.19846594711599497,17.90446871593802,17.672577627499756
2935,117.36,0.98,1,0.002,0.347,0.034,-0.066,-0.06,0.0,0.0,0.0,0.0,0.0,1.29,0.0,0.35,0.48,0.13,0.0,0.64,0.0,0.0,0.1,0.0,1.17,0.0,1.0,0.0,0.0,0.0,1.0,0.0,0.0,0.0,1.0,0.0,0.0,0.0,0.0,0.0,0.0,0.0,1.0,0.18248801365597034,16.800000000000182,18.895766721676
2936,117.4,0.98,1,0.088,0.379,0.003,-0.092,-0.049,0.14,0.0,0.0,0.0,0.0,0.72,0.0,0.36,0.57,0.23,0.09,0.59,0.03,0.0,0.13,0.0,1.78,0.0,1.0,0.0,0.0,0.0,1.0,0.0,0.0,0.0,1.0,0.0,0.0,0.0,0.0,0.0,0.0,0.0,1.0,0.19885195811097084,17.572990639046047,20.65187642806338
2937,117.44,0.98,1,0.079,0.398,0.03,-0.084,-0.055,0.23,0.15,0.0,0.0,0.0,0.36,0.0,0.33,0.59,0.23,0.13,0.5,0.03,0.0,0.13,0.0,2.01,0.0,1.0,0.0,0.0,0.0,1.0,0.0,0.0,0.0,1.0,0.0,0.0,0.0,0.0,0.0,0.0,0.0,1.0,0.17956285768058106,16.697305171793346,21.272047386182788
2938,117.48,0.98,1,0.061,0.371,0.012,-0.076,-0.051,0.23,0.15,0.0,0.0,0.0,0.83,0.0,0.18,0.55,0.23,0.22,0.64,0.03,0.0,0.03,0.0,1.55,0.0,1.0,0.0,0.0,0.0,1.0,0.0,0.0,0.0,1.0,0.0,0.0,0.0,0.0,0.0,0.0,0.0,1.0,0.18384495427627107,16.858232410309167,21.136697944570255
2939,117.52,0.98,1,0.052,0.302,0.024,-0.072,-0.057,0.09,0.15,0.0,0.0,0.0,1.61,0.0,0.16,0.51,0.31,0.13,0.71,0.0,0.0,0.0,0.0,0.72,0.0,1.0,0.0,0.0,0.0,1.0,0.0,0.0,0.0,1.0,0.0,0.0,0.0,0.0,0.0,0.0,0.0,1.0,0.20254106980612674,17.704519197086423,19.027611515899824
2940,117.56,0.98,1,0.05,0.307,0.032,-0.072,-0.058,0.0,0.0,0.0,0.0,0.0,2.0,0.0,0.21,0.55,0.34,0.09,0.77,0.0,0.0,0.0,0.0,0.27,0.0,1.0,0.0,0.0,0.0,1.0,0.0,0.0,0.0,1.0,0.0,0.0,0.0,0.0,0.0,0.0,0.0,0.0,0.18197414643272844,16.804761230079958,17.971366113904732
2941,117.6,0.98,1,0.038,0.286,0.03,-0.072,-0.058,0.0,0.0,0.0,0.03,0.0,2.08,0.0,0.31,0.65,0.41,0.0,0.7,0.0,0.0,0.0,0.0,0.02,0.0,0.0,0.0,0.0,0.0,1.0,0.0,0.0,1.0,1.0,0.0,0.0,0.0,0.0,0.0,0.0,0.0,0.0,0.20092558304388658,17.906981878585658,18.732325002519087
2942,117.64,0.98,1,0.049,0.297,0.043,-0.071,-0.061,0.0,0.0,0.0,0.03,0.0,2.09,0.0,0.36,0.72,0.39,0.01,0.62,0.0,0.08,0.0,0.0,0.0,0.0,0.0,0.0,0.0,0.0,1.0,0.0,0.0,1.0,1.0,0.0,0.0,0.0,0.0,0.0,0.0,0.0,0.0,0.21977305093406996,19.304144632694996,19.93614807328624
2943,117.68,0.98,1,0.057,0.29,0.034,-0.064,-0.06,0.0,0.0,0.0,0.03,0.0,2.09,0.0,0.32,0.73,0.35,0.01,0.48,0.05,0.15,0.0,0.0,0.0,0.0,0.0,0.0,0.0,0.0,1.0,0.0,0.0,1.0,1.0,0.0,0.0,0.0,0.0,0.0,0.0,0.0,0.0,0.2046047247196121,18.90105817143589,19.7205476597381
2944,117.72,0.98,1,0.051,0.311,0.043,-0.067,-0.061,0.0,0.0,0.0,0.0,0.0,2.13,0.0,0.28,0.66,0.35,0.01,0.44,0.05,0.25,0.0,0.0,0.0,0.0,0.0,0.0,0.0,0.0,1.0,0.0,0.0,1.0,1.0,0.0,0.0,0.0,0.0,0.0,0.0,0.0,0.0,0.20699666040652911,19.73068675946181,20.953758612716808
2945,117.76,0.98,1,0.054,0.285,0.024,-0.065,-0.056,0.0,0.0,0.0,0.06,0.0,2.05,0.0,0.17,0.62,0.26,0.0,0.43,0.05,0.26,0.01,0.0,0.0,0.0,0.0,0.0,0.0,0.0,1.0,0.0,0.0,1.0,1.0,0.0,0.0,0.0,0.0,0.0,0.0,0.0,0.0,0.21209352867064826,20.130076999355868,21.228518554058404
2946,117.8,0.98,1,0.058,0.279,0.04,-0.059,-0.061,0.0,0.0,0.0,0.06,0.0,2.18,0.0,0.21,0.61,0.23,0.0,0.45,0.0,0.27,0.01,0.0,0.0,0.0,0.0,0.0,0.0,0.0,1.0,0.0,0.0,1.0,1.0,0.0,0.0,0.0,0.0,0.0,0.0,0.0,0.0,0.20765185783287973,21.02379604162864,22.3224102641269
2947,117.84,0.98,1,0.061,0.281,0.028,-0.061,-0.058,0.0,0.0,0.0,0.07,0.0,2.3,0.0,0.22,0.61,0.19,0.0,0.44,0.0,0.22,0.01,0.0,0.0,0.0,0.0,0.0,0.0,0.0,1.0,0.0,0.0,1.0,1.0,0.0,0.0,0.0,0.0,0.0,0.0,0.0,0.0,0.21228019897351602,20.529490982486635,21.523243250030884
2948,117.88,0.98,1,0.056,0.289,0.041,-0.058,-0.062,0.0,0.0,0.0,0.02,0.0,2.5,0.0,0.25,0.61,0.21,0.0,0.4,0.0,0.23,0.0,0.0,0.0,0.0,0.0,0.0,0.0,0.0,1.0,0.0,0.0,1.0,1.0,0.0,0.0,0.0,0.0,0.0,0.0,0.0,0.0,0.2062269383416136,21.433618453261776,21.818570072303043
2949,117.92,0.98,1,0.059,0.281,0.028,-0.06,-0.056,0.0,0.0,0.0,0.02,0.0,2.43,0.0,0.22,0.56,0.22,0.0,0.46,0.01,0.24,0.0,0.0,0.0,0.0,0.0,0.0,0.0,0.0,1.0,0.0,0.0,1.0,1.0,0.0,0.0,0.0,0.0,0.0,0.0,0.0,0.0,0.20923890171191256,21.140009460735726,22.526872841120227
2950,117.96,0.98,1,0.049,0.296,0.04,-0.055,-0.059,0.0,0.0,0.0,0.13,0.0,2.27,0.0,0.25,0.57,0.14,0.0,0.54,0.01,0.28,0.0,0.0,0.0,0.0,0.0,0.0,0.0,0.0,1.0,0.0,0.0,1.0,1.0,0.0,0.0,0.0,0.0,0.0,0.0,0.0,0.0,0.21548141061630607,20.940391591371785,22.717834403833297
2951,118.0,0.98,1,0.038,0.286,0.035,-0.06,-0.056,0.0,0.0,0.0,0.15,0.01,2.02,0.0,0.21,0.62,0.06,0.0,0.63,0.04,0.27,0.0,0.0,0.0,0.0,0.0,0.0,0.0,0.0,1.0,0.0,0.0,1.0,1.0,0.0,0.0,0.0,0.0,0.0,0.0,0.0,0.0,0.23216853396655357,21.652020690919496,23.000869548780106
2952,118.04,0.98,1,0.038,0.285,0.035,-0.056,-0.057,0.0,0.0,0.0,0.15,0.01,2.12,0.0,0.24,0.66,0.01,0.01,0.57,0.03,0.27,0.0,0.0,0.0,0.0,0.0,0.0,0.0,0.0,1.0,0.0,0.0,1.0,1.0,0.0,0.0,0.0,0.0,0.0,0.0,0.0,0.0,0.22322991021740923,21.751781536232887,23.103462943896663
2953,118.08,0.98,1,0.035,0.276,0.028,-0.059,-0.054,0.0,0.0,0.0,0.09,0.01,2.15,0.0,0.22,0.65,0.01,0.01,0.54,0.12,0.24,0.0,0.0,0.0,0.0,0.0,0.0,0.0,0.0,1.0,0.0,0.0,1.0,1.0,0.0,0.0,0.0,0.0,0.0,0.0,0.0,0.0,0.23466889792528756,21.982265579325393,23.000217390276987
2954,118.12,0.98,1,0.032,0.287,0.039,-0.058,-0.056,0.0,0.0,0.0,0.06,0.0,2.06,0.0,0.26,0.62,0.0,0.01,0.48,0.09,0.25,0.0,0.0,0.0,0.0,0.0,0.0,0.0,0.0,1.0,0.0,0.0,1.0,1.0,0.0,0.0,0.0,0.0,0.0,0.0,0.0,0.0,0.23597953774209496,22.000454540758792,23.500851048419502
2955,118.16,0.98,1,0.034,0.268,0.024,-0.058,-0.058,0.0,0.0,0.0,0.07,0.0,1.97,0.0,0.22,0.62,0.02,0.0,0.53,0.09,0.2,0.0,0.0,0.0,0.0,0.0,0.0,0.0,0.0,1.0,0.0,0.0,1.0,1.0,0.0,0.0,0.0,0.0,0.0,0.0,0.0,0.0,0.23718727458756356,22.109726366465964,23.300214591286448
2956,118.2,0.98,1,0.028,0.286,0.04,-0.056,-0.06,0.0,0.0,0.0,0.04,0.0,1.89,0.0,0.15,0.63,0.02,0.03,0.57,0.0,0.19,0.0,0.0,0.0,0.0,0.0,0.0,0.0,0.0,1.0,0.0,0.0,1.0,1.0,0.0,0.0,0.0,0.0,0.0,0.0,0.0,0.0,0.23716125159879073,22.5077764339351,23.400213674238195
2957,118.24,0.98,1,0.03,0.269,0.025,-0.056,-0.059,0.0,0.0,0.0,0.12,0.0,1.93,0.0,0.14,0.6,0.02,0.03,0.55,0.03,0.11,0.0,0.0,0.0,0.0,0.0,0.0,0.0,0.0,1.0,0.0,0.0,1.0,1.0,0.0,0.0,0.0,0.0,0.0,0.0,0.0,0.0,0.22835808173195085,22.489108474993046,23.300214591286448
2958,118.28,0.98,1,0.024,0.281,0.039,-0.054,-0.062,0.0,0.0,0.0,0.12,0.0,1.89,0.0,0.11,0.61,0.0,0.03,0.57,0.03,0.06,0.0,0.0,0.0,0.0,0.0,0.0,0.0,0.0,1.0,0.0,0.0,1.0,1.0,0.0,0.0,0.0,0.0,0.0,0.0,0.0,0.0,0.23370213471600326,22.49822215198334,23.500212764994277
2959,118.32,0.98,1,0.035,0.274,0.03,-0.058,-0.06,0.0,0.0,0.0,0.18,0.0,1.83,0.0,0.15,0.57,0.0,0.0,0.6,0.03,0.01,0.0,0.01,0.0,0.0,0.0,0.0,0.0,0.0,1.0,0.0,0.0,1.0,1.0,0.0,0.0,0.0,0.0,0.0,0.0,0.0,0.0,0.23988584485542797,22.272853431924744,23.300214591286448
2960,118.36,0.98,1,0.03,0.283,0.04,-0.054,-0.061,0.0,0.0,0.0,0.09,0.0,1.98,0.0,0.17,0.56,0.02,0.0,0.69,0.0,0.05,0.0,0.03,0.0,0.0,0.0,0.0,0.0,0.0,1.0,0.0,0.0,1.0,1.0,0.0,0.0,0.0,0.0,0.0,0.0,0.0,0.0,0.2371363130820387,22.57188516717201,23.0
2961,118.4,0.98,1,0.04,0.27,0.028,-0.053,-0.059,0.0,0.0,0.0,0.11,0.0,2.1,0.0,0.18,0.51,0.02,0.09,0.69,0.03,0.05,0.0,0.13,0.0,0.0,0.0,0.0,0.0,0.0,1.0,0.0,0.0,1.0,1.0,0.0,0.0,0.0,0.0,0.0,0.0,0.0,0.0,0.22984779335207117,22.57188516717202,22.90021833957034
2962,118.44,0.98,1,0.04,0.279,0.044,-0.055,-0.065,0.0,0.0,0.0,0.06,0.0,2.29,0.0,0.14,0.46,0.02,0.11,0.65,0.03,0.09,0.0,0.11,0.0,0.0,0.0,0.0,0.0,0.0,1.0,0.0,0.0,1.0,1.0,0.0,0.0,0.0,0.0,0.0,0.0,0.0,0.0,0.2370388659317133,22.528204544526044,23.700210969525187
2963,118.48,0.98,1,0.041,0.275,0.029,-0.05,-0.064,0.0,0.0,0.0,0.12,0.0,2.19,0.0,0.06,0.39,0.0,0.17,0.57,0.06,0.12,0.0,0.11,0.0,0.0,0.0,0.0,0.0,0.0,1.0,0.0,0.0,1.0,1.0,0.0,0.0,0.0,0.0,0.0,0.0,0.0,0.0,0.22311196365574482,22.472205054244093,23.401922997907537
2964,118.52,0.98,1,0.042,0.27,0.039,-0.047,-0.067,0.0,0.0,0.0,0.23,0.0,2.0,0.0,0.0,0.37,0.03,0.1,0.61,0.04,0.14,0.0,0.03,0.0,0.0,0.0,0.0,0.0,0.0,1.0,0.0,0.0,1.0,1.0,0.0,0.0,0.0,0.0,0.0,0.0,0.0,0.0,0.23396434557059265,22.18152384305474,23.500851048419502
2965,118.56,0.98,1,0.041,0.264,0.032,-0.05,-0.067,0.0,0.0,0.0,0.32,0.0,1.97,0.0,0.01,0.38,0.07,0.15,0.64,0.06,0.1,0.0,0.07,0.0,0.0,0.0,0.0,0.0,0.0,1.0,0.0,0.0,1.0,1.0,0.0,0.0,0.0,0.0,0.0,0.0,0.0,0.0,0.23976009125158756,22.090722034374522,23.400213674237968
2966,118.6,0.98,1,0.042,0.277,0.04,-0.048,-0.07,0.0,0.0,0.0,0.36,0.0,2.01,0.0,0.01,0.43,0.07,0.11,0.73,0.09,0.09,0.0,0.05,0.0,0.0,0.0,0.0,0.0,0.0,1.0,0.0,0.0,0.0,1.0,0.0,0.0,0.0,0.0,0.0,0.0,0.0,0.0,0.23850404363495892,21.80137610335646,23.70084386683314
2967,118.64,0.98,1,0.05,0.249,0.023,-0.052,-0.069,0.0,0.0,0.0,0.23,0.0,1.88,0.0,0.01,0.38,0.03,0.15,0.72,0.08,0.07,0.0,0.04,0.3,0.0,0.0,0.0,0.0,0.0,1.0,0.0,0.0,0.0,1.0,0.0,0.0,0.0,0.0,0.0,0.0,0.0,0.0,0.24362757195774193,21.93171219946126,23.201939574096
2968,118.68,0.98,1,0.02,0.296,0.035,-0.048,-0.072,0.13,0.0,0.0,0.11,0.0,1.38,0.0,0.05,0.43,0.0,0.16,0.63,0.14,0.06,0.06,0.0,1.04,0.0,0.0,0.0,0.0,0.0,1.0,0.0,0.0,0.0,1.0,0.0,0.0,0.0,0.0,0.0,0.0,0.0,1.0,0.22243992252640793,18.013605968822567,18.866372200293124
2969,118.72,0.98,1,0.041,0.395,0.002,-0.066,-0.064,0.21,0.0,0.0,0.0,0.0,0.78,0.0,0.06,0.44,0.09,0.16,0.55,0.09,0.0,0.06,0.0,1.74,0.0,0.0,0.0,0.0,0.0,1.0,0.0,0.0,0.0,1.0,0.0,0.0,0.0,0.0,0.0,0.0,0.0,1.0,0.17607529828476393,16.658931538367174,20.987615395751796
2970,118.76,0.98,1,0.057,0.385,0.008,-0.063,-0.063,0.21,0.0,0.0,0.0,0.0,0.67,0.0,0.06,0.47,0.12,0.1,0.49,0.1,0.0,0.06,0.0,2.02,0.0,0.0,0.0,0.0,0.0,1.0,0.0,0.0,0.0,1.0,0.0,0.0,0.0,0.0,0.0,0.0,0.0,1.0,0.18344605908565678,18.54561942885705,19.921847303902275
2971,118.8,0.98,1,0.024,0.327,0.012,-0.056,-0.067,0.08,0.0,0.0,0.0,0.0,0.96,0.0,0.02,0.41,0.24,0.03,0.53,0.02,0.0,0.0,0.0,1.65,0.0,0.0,0.0,0.0,0.0,1.0,0.0,0.0,0.0,1.0,0.0,0.0,0.0,0.0,0.0,0.0,0.0,1.0,0.18427271852309585,18.139735389470406,19.474342094150405
2972,118.84,0.98,1,0.028,0.304,0.021,-0.052,-0.07,0.0,0.0,0.0,0.0,0.0,1.39,0.0,0.01,0.39,0.23,0.02,0.51,0.02,0.0,0.0,0.0,1.06,0.0,0.0,0.0,0.0,0.0,1.0,0.0,0.0,0.0,1.0,0.0,0.0,0.0,0.0,0.0,0.0,0.0,1.0,0.2036045012987704,16.0,18.569060288555125
2973,118.88,0.98,1,0.047,0.282,0.004,-0.055,-0.067,0.0,0.0,0.0,0.0,0.0,1.74,0.0,0.06,0.37,0.2,0.02,0.48,0.01,0.0,0.0,0.0,0.62,0.0,0.0,0.0,0.0,0.0,1.0,0.0,0.0,0.0,1.0,0.0,0.0,0.0,0.0,0.0,0.0,0.0,0.0,0.18185744722778327,15.901257811883804,17.69180601295405
2974,118.92,0.98,1,0.043,0.308,0.022,-0.053,-0.071,0.0,0.0,0.0,0.0,0.0,1.84,0.0,0.08,0.35,0.1,0.0,0.5,0.01,0.0,0.0,0.0,0.27,0.0,0.0,0.0,0.0,0.0,1.0,0.0,0.0,0.0,1.0,0.0,0.0,0.0,0.0,0.0,0.0,0.0,0.0,0.18705073108247855,17.40000000000009,18.487833837418695
2975,118.96,0.98,1,0.046,0.278,0.005,-0.056,-0.068,0.0,0.0,0.0,0.04,0.0,1.86,0.0,0.14,0.34,0.02,0.07,0.46,0.01,0.0,0.0,0.0,0.16,0.0,0.0,0.0,0.0,0.0,1.0,0.0,0.0,0.0,1.0,0.0,0.0,0.0,0.0,0.0,0.0,0.0,0.0,0.1959622422378282,18.404347312523836,19.158809983921373
2976,119.0,0.98,1,0.038,0.289,0.018,-0.058,-0.071,0.0,0.0,0.0,0.07,0.0,1.82,0.0,0.12,0.37,0.02,0.07,0.45,0.0,0.0,0.0,0.0,0.02,0.0,0.0,0.0,0.0,0.0,1.0,0.0,0.0,0.0,1.0,0.0,0.0,0.0,0.0,0.0,0.0,0.0,0.0,0.20208258400505344,18.61316738225917,19.620652384668468
2977,119.04,0.98,1,0.047,0.278,0.007,-0.058,-0.068,0.0,0.0,0.0,0.1,0.0,1.77,0.0,0.13,0.4,0.0,0.07,0.37,0.0,0.0,0.0,0.0,0.0,0.0,0.0,0.0,0.0,0.0,1.0,0.0,0.0,0.0,1.0,0.0,0.0,0.0,0.0,0.0,0.0,0.0,0.0,0.20818667809214292,18.60107523773841,19.630843079195465
2978,119.08,0.98,1,0.046,0.289,0.023,-0.056,-0.072,0.0,0.0,0.0,0.06,0.0,1.89,0.0,0.12,0.37,0.0,0.0,0.42,0.0,0.03,0.0,0.0,0.0,0.0,0.0,0.0,0.0,0.0,1.0,0.0,0.0,0.0,1.0,0.0,0.0,0.0,0.0,0.0,0.0,0.0,0.0,0.21088301595196057,18.899999999999864,19.630843079195685
2979,119.12,0.98,1,0.056,0.281,0.007,-0.057,-0.068,0.0,0.0,0.0,0.03,0.0,1.85,0.0,0.15,0.33,0.0,0.0,0.45,0.0,0.03,0.0,0.0,0.0,0.0,0.0,0.0,0.0,0.0,1.0,0.0,0.0,0.0,1.0,0.0,0.0,0.0,0.0,0.0,0.0,0.0,0.0,0.1959976345471382,19.299999999999955,19.825236442473976
2980,119.16,0.98,1,0.052,0.3,0.024,-0.06,-0.073,0.0,0.0,0.0,0.0,0.0,1.86,0.0,0.18,0.31,0.0,0.0,0.55,0.0,0.09,0.0,0.0,0.0,0.0,0.0,0.0,0.0,0.0,1.0,0.0,0.0,0.0,1.0,0.0,0.0,0.0,0.0,0.0,0.0,0.0,0.0,0.2048897806283847,19.50230755577401,19.62549362436513
2981,119.2,0.98,1,0.053,0.284,0.011,-0.057,-0.07,0.0,0.0,0.0,0.0,0.0,1.82,0.0,0.14,0.33,0.0,0.0,0.57,0.0,0.08,0.05,0.0,0.0,0.0,1.0,0.0,0.0,0.0,1.0,0.0,0.0,0.0,1.0,0.0,0.0,0.0,0.0,0.0,0.0,0.0,0.0,0.19829917080596038,19.501025614054253,19.9203413625368
2982,119.24,0.98,1,0.035,0.293,0.022,-0.059,-0.072,0.0,0.0,0.0,0.05,0.0,1.79,0.0,0.15,0.34,0.0,0.0,0.55,0.0,0.09,0.06,0.0,0.0,0.0,0.0,0.0,0.0,0.0,1.0,0.0,0.0,0.0,1.0,0.0,0.0,0.0,0.0,0.0,0.0,0.0,0.0,0.20600037425957257,19.80227259685128,20.62934802653747
2983,119.28,0.98,1,0.038,0.285,0.014,-0.057,-0.069,0.0,0.0,0.0,0.12,0.0,1.8,0.0,0.15,0.37,0.09,0.0,0.52,0.0,0.03,0.05,0.0,0.0,0.0,1.0,0.0,0.0,0.0,1.0,0.0,0.0,0.0,1.0,0.0,0.0,0.0,0.0,0.0,0.0,0.0,0.0,0.20443021607664774,19.402319448973195,21.22357180118375
2984,119.32,0.98,1,0.029,0.299,0.028,-0.062,-0.068,0.0,0.0,0.0,0.12,0.0,1.73,0.0,0.24,0.38,0.16,0.0,0.57,0.0,0.02,0.01,0.0,0.0,0.0,1.0,0.0,0.0,0.0,1.0,0.0,0.0,0.0,1.0,0.0,0.0,0.0,0.0,0.0,0.0,0.0,0.0,0.21436967581811112,19.90904317138306,21.22357180118352
2985,119.36,0.98,1,0.032,0.294,0.016,-0.061,-0.063,0.0,0.0,0.0,0.07,0.0,1.71,0.0,0.24,0.41,0.16,0.0,0.68,0.0,0.02,0.0,0.0,0.0,0.0,1.0,0.0,0.0,0.0,1.0,0.0,0.0,0.0,1.0,0.0,0.0,0.0,0.0,0.0,0.0,0.0,0.0,0.200337475431427,20.112185361118676,21.028789789238942
2986,119.4,0.98,1,0.028,0.275,0.019,-0.064,-0.059,0.0,0.0,0.0,0.0,0.0,1.82,0.0,0.24,0.41,0.13,0.04,0.65,0.0,0.04,0.02,0.0,0.0,0.0,1.0,0.0,0.0,0.0,1.0,0.0,0.0,0.0,1.0,0.0,0.0,0.0,0.0,0.0,0.0,0.0,0.0,0.22147682203286273,21.60208323287354,21.411445537375652
2987,119.44,0.98,1,0.034,0.292,0.036,-0.06,-0.063,0.0,0.0,0.0,0.0,0.0,1.89,0.0,0.14,0.39,0.06,0.08,0.62,0.0,0.04,0.02,0.0,0.0,0.0,1.0,0.0,0.0,0.0,1.0,0.0,0.0,0.0,1.0,0.0,0.0,0.0,0.0,0.0,0.0,0.0,0.0,0.21532776340920878,21.008569680013917,21.72302925468734
2988,119.48,0.98,1,0.04,0.273,0.026,-0.065,-0.057,0.0,0.0,0.0,0.0,0.0,1.95,0.0,0.07,0.35,0.1,0.16,0.62,0.0,0.06,0.02,0.0,0.0,0.0,1.0,0.0,0.0,0.0,1.0,0.0,0.0,0.0,1.0,0.0,0.0,0.0,0.0,0.0,0.0,0.0,0.0,0.23019775768569972,20.22003956474868,21.814673960433105
2989,119.52,0.98,1,0.026,0.299,0.033,-0.063,-0.056,0.0,0.0,0.0,0.0,0.0,1.64,0.0,0.0,0.31,0.04,0.12,0.7,0.0,0.05,0.0,0.05,0.0,0.0,1.0,0.0,0.0,0.0,1.0,0.0,0.0,0.0,1.0,0.0,0.0,0.0,0.0,0.0,0.0,0.0,0.0,0.21261681955235953,20.324615617521484,21.922819161777394
2990,119.56,0.98,1,0.042,0.266,0.024,-0.067,-0.052,0.0,0.0,0.0,0.0,0.0,1.64,0.0,0.04,0.33,0.04,0.18,0.67,0.0,0.06,0.0,0.08,0.0,0.0,1.0,0.0,0.0,0.0,1.0,0.0,0.0,0.0,1.0,0.0,0.0,0.0,0.0,0.0,0.0,0.0,0.0,0.2397397772797218,20.535091916034858,22.327113561766062
2991,119.6,0.98,1,0.03,0.308,0.05,-0.059,-0.056,0.0,0.0,0.0,0.0,0.0,1.48,0.0,0.04,0.34,0.0,0.16,0.62,0.0,0.07,0.0,0.08,0.0,0.0,0.0,0.0,0.0,0.0,0.0,0.0,0.0,0.0,1.0,0.0,0.0,0.0,0.0,0.0,0.0,0.0,0.0,0.21182870025905598,20.4413796011914,22.02271554554524
2992,119.64,0.98,1,0.04,0.287,0.039,-0.048,-0.053,0.0,0.0,0.0,0.0,0.0,1.57,0.0,0.04,0.36,0.04,0.27,0.6,0.0,0.09,0.0,0.03,0.0,0.0,0.0,0.0,0.0,0.0,0.0,0.0,0.0,0.0,1.0,0.0,0.0,0.0,0.0,0.0,0.0,0.0,0.0,0.21694983020636566,20.23561217260308,22.02271554554524
2993,119.68,0.98,1,0.045,0.297,0.052,-0.044,-0.058,0.0,0.0,0.0,0.0,0.0,1.55,0.0,0.0,0.37,0.04,0.27,0.55,0.0,0.12,0.0,0.0,0.0,0.0,0.0,0.0,0.0,0.0,0.0,0.0,0.0,0.0,1.0,0.0,0.0,0.0,0.0,0.0,0.0,0.0,0.0,0.22843248284999515,20.724140512938092,22.318154045529795
2994,119.72,0.98,1,0.042,0.29,0.046,-0.04,-0.053,0.0,0.0,0.0,0.0,0.0,1.69,0.0,0.02,0.33,0.04,0.35,0.46,0.0,0.17,0.0,0.0,0.0,0.0,0.0,0.0,0.0,0.0,1.0,0.0,0.0,0.0,1.0,0.0,0.0,0.0,0.0,0.0,0.0,0.0,0.0,0.22369764108433376,20.224737328331408,21.605786262017777
2995,119.76,0.98,1,0.032,0.304,0.046,-0.048,-0.051,0.0,0.0,0.0,0.0,0.0,1.73,0.0,0.02,0.34,0.0,0.25,0.41,0.0,0.21,0.0,0.0,0.0,0.0,0.0,0.0,0.0,0.0,1.0,0.0,0.0,0.0,1.0,0.0,0.0,0.0,0.0,0.0,0.0,0.0,0.0,0.217558802336404,20.62934802653748,21.90205469813264
2996,119.8,0.98,1,0.043,0.289,0.029,-0.051,-0.047,0.0,0.0,0.0,0.0,0.0,1.82,0.01,0.02,0.3,0.03,0.29,0.41,0.0,0.21,0.0,0.02,0.0,0.0,0.0,0.0,0.0,0.0,1.0,0.0,0.0,1.0,1.0,0.0,0.0,0.0,0.0,0.0,0.0,0.0,0.0,0.22143276350086089,20.62934802653725,22.510886255321005
2997,119.84,0.98,1,0.032,0.302,0.046,-0.049,-0.051,0.0,0.0,0.0,0.0,0.0,1.71,0.01,0.0,0.35,0.08,0.15,0.56,0.0,0.15,0.0,0.02,0.0,0.0,0.0,0.0,0.0,0.0,1.0,0.0,0.0,1.0,1.0,0.0,0.0,0.0,0.0,0.0,0.0,0.0,0.0,0.22287721149103834,20.734753434753017,22.300224214119417
2998,119.88,0.98,1,0.036,0.284,0.031,-0.052,-0.048,0.0,0.0,0.0,0.02,0.0,1.89,0.01,0.01,0.39,0.08,0.27,0.67,0.0,0.13,0.0,0.02,0.0,0.0,0.0,0.0,0.0,0.0,1.0,0.0,0.0,0.0,1.0,0.0,0.0,0.0,0.0,0.0,0.0,0.0,0.0,0.2317621198153464,21.25299978826523,22.701982292302183
2999,119.92,0.98,1,0.025,0.291,0.048,-0.05,-0.051,0.0,0.0,0.0,0.02,0.0,1.87,0.0,0.01,0.45,0.05,0.19,0.72,0.03,0.11,0.0,0.0,0.0,0.0,0.0,0.0,0.0,0.0,1.0,0.0,0.0,0.0,1.0,0.0,0.0,0.0,0.0,0.0,0.0,0.0,0.0,0.23214294885160758,21.567104580819368,22.002045359466013
3000,119.96,0.98,1,0.032,0.281,0.034,-0.055,-0.048,0.0,0.0,0.0,0.02,0.0,1.91,0.0,0.02,0.41,0.02,0.19,0.59,0.03,0.09,0.19,0.05,0.0,0.0,0.0,0.0,0.0,0.0,1.0,0.0,0.0,0.0,1.0,0.0,0.0,0.0,0.0,0.0,0.0,0.0,0.0,0.23214133639397327,21.077001684300352,22.200900882621905
3001,120.0,0.98,1,0.032,0.298,0.047,-0.051,-0.05,0.0,0.0,0.0,0.0,0.0,1.58,0.0,0.07,0.38,0.04,0.06,0.36,0.03,0.04,0.37,0.15,0.0,0.0,0.0,0.0,0.0,0.0,1.0,0.0,0.0,0.0,1.0,0.0,0.0,0.0,0.0,0.0,0.0,0.0,0.0,0.2299915669000251,21.944703233354375,22.30089684295226
3002,120.04,0.98,1,0.041,0.277,0.045,-0.053,-0.047,0.0,0.0,0.0,0.0,0.0,1.27,0.0,0.17,0.36,0.09,0.01,0.34,0.0,0.02,0.57,0.15,0.0,0.0,0.0,0.0,0.0,0.0,1.0,0.0,0.0,0.0,1.0,0.0,0.0,0.0,0.0,0.0,0.0,0.0,0.0,0.25045323828225935,21.965882636488654,23.400854685245868
3003,120.08,0.98,1,0.04,0.281,0.055,-0.063,-0.044,0.0,0.0,0.0,0.0,0.0,1.11,0.0,0.21,0.4,0.12,0.01,0.34,0.0,0.0,0.61,0.22,0.0,0.0,0.0,0.0,0.0,0.0,0.0,0.0,0.0,0.0,1.0,0.0,0.0,0.0,0.0,0.0,0.0,0.0,0.0,0.24826042921529315,21.851544567833365,23.30536418938777
3004,120.12,0.98,1,0.033,0.285,0.054,-0.059,-0.043,0.0,0.0,0.0,0.0,0.0,1.16,0.0,0.24,0.43,0.15,0.04,0.53,0.0,0.0,0.6,0.12,0.0,0.0,0.0,0.0,0.0,0.0,0.0,0.0,0.0,0.0,1.0,0.0,0.0,0.0,0.0,0.0,0.0,0.0,0.0,0.256089857448348,21.758906222510177,23.01064970834157
3005,120.16,0.98,1,0.032,0.304,0.063,-0.06,-0.041,0.13,0.0,0.0,0.0,0.0,0.96,0.0,0.18,0.44,0.23,0.05,0.58,0.0,0.0,0.58,0.12,0.5,0.0,0.0,0.0,0.0,0.0,0.0,0.0,0.0,0.0,1.0,0.0,0.0,0.0,0.0,0.0,0.0,0.0,0.0,0.24256963322022626,20.429635336931586,21.905707018948373
3006,120.2,0.98,1,0.064,0.382,0.032,-0.073,-0.029,0.33,0.0,0.0,0.0,0.0,0.67,0.0,0.25,0.44,0.36,0.08,0.66,0.0,0.0,0.57,0.01,1.13,0.0,0.0,0.0,0.0,0.0,0.0,0.0,0.0,0.0,1.0,0.0,0.0,0.0,0.0,0.0,0.0,0.0,1.0,0.21364307117989456,15.825612152457355,19.358202395883946
3007,120.24,0.98,1,0.015,0.395,0.039,-0.077,-0.031,0.38,0.0,0.0,0.0,0.0,0.24,0.0,0.27,0.4,0.52,0.04,0.66,0.0,0.0,0.56,0.0,1.8,0.0,0.0,0.0,0.0,0.0,0.0,0.0,0.0,0.0,1.0,0.0,0.0,0.0,0.0,0.0,0.0,0.0,1.0,0.18703464693396937,17.90474797365218,19.8645412733342
3008,120.28,0.98,1,0.044,0.395,0.035,-0.07,-0.032,0.25,0.0,0.0,0.0,0.0,0.37,0.0,0.23,0.39,0.39,0.03,0.56,0.0,0.0,0.63,0.01,1.65,0.0,0.0,0.0,0.0,0.0,0.0,0.0,0.0,0.0,1.0,0.0,0.0,0.0,0.0,0.0,0.0,0.0,1.0,0.17890579717789246,16.876018487783146,21.068697159530302
3009,120.32,0.98,1,0.035,0.298,0.027,-0.064,-0.034,0.05,0.0,0.0,0.0,0.0,0.81,0.0,0.12,0.33,0.21,0.0,0.5,0.0,0.0,0.51,0.03,1.12,0.0,0.0,0.0,0.0,0.0,0.0,0.0,0.0,0.0,1.0,0.0,0.0,0.0,0.0,0.0,0.0,0.0,1.0,0.1922343195017973,16.507574019219177,19.37472580451135
3010,120.36,0.98,1,0.045,0.334,0.06,-0.06,-0.044,0.0,0.0,0.0,0.0,0.0,1.35,0.0,0.07,0.33,0.0,0.0,0.45,0.0,0.0,0.5,0.04,0.54,0.0,0.0,0.0,0.0,0.0,0.0,0.0,0.0,0.0,1.0,0.0,0.0,0.0,0.0,0.0,0.0,0.0,1.0,0.19602870584723658,17.20116275139566,17.97136611390451
3011,120.4,0.98,1,0.031,0.303,0.054,-0.064,-0.045,0.0,0.0,0.0,0.0,0.0,1.59,0.0,0.1,0.33,0.0,0.0,0.4,0.0,0.0,0.34,0.07,0.19,0.0,0.0,0.0,0.0,0.0,0.0,0.0,0.0,0.0,1.0,0.0,0.0,0.0,0.0,0.0,0.0,0.0,0.0,0.20680942693714244,18.013605968822564,19.443507913954072
3012,120.44,0.98,1,0.043,0.282,0.05,-0.052,-0.048,0.0,0.0,0.0,0.0,0.0,1.64,0.0,0.07,0.33,0.1,0.0,0.38,0.0,0.0,0.42,0.16,0.09,0.0,0.0,0.0,0.0,0.0,1.0,0.0,0.0,0.0,1.0,0.0,0.0,0.0,0.0,0.0,0.0,0.0,0.0,0.22350168860616937,19.212756179163932,19.809088823062964
3013,120.48,0.98,1,0.055,0.315,0.065,-0.052,-0.056,0.0,0.0,0.0,0.0,0.0,1.72,0.0,0.06,0.35,0.19,0.0,0.32,0.0,0.0,0.38,0.17,0.0,0.0,0.0,0.0,0.0,0.0,1.0,0.0,0.0,0.0,1.0,0.0,0.0,0.0,0.0,0.0,0.0,0.0,0.0,0.21777067832966573,19.10235587565043,20.515603817582363
3014,120.52,0.98,1,0.046,0.304,0.056,-0.054,-0.054,0.0,0.0,0.0,0.0,0.0,1.93,0.0,0.03,0.33,0.25,0.0,0.45,0.0,0.0,0.38,0.21,0.0,0.0,0.0,0.0,0.0,0.0,1.0,0.0,0.0,0.0,1.0,0.0,0.0,0.0,0.0,0.0,0.0,0.0,0.0,0.22749705878731058,19.72536438193226,21.91460700081122
3015,120.56,0.98,1,0.051,0.302,0.063,-0.048,-0.057,0.0,0.0,0.0,0.0,0.0,2.03,0.0,0.03,0.39,0.18,0.0,0.52,0.0,0.0,0.31,0.1,0.0,0.0,0.0,0.0,0.0,0.0,1.0,0.0,0.0,0.0,1.0,0.0,0.0,0.0,0.0,0.0,0.0,0.0,0.0,0.231898586641004,19.72536438193226,22.11831820008013
3016,120.6,0.98,1,0.056,0.295,0.052,-0.056,-0.052,0.0,0.0,0.0,0.0,0.0,2.02,0.0,0.0,0.4,0.12,0.0,0.54,0.0,0.0,0.32,0.19,0.0,0.0,0.0,0.0,0.0,0.0,1.0,0.0,0.0,0.0,1.0,0.0,0.0,0.0,0.0,0.0,0.0,0.0,0.0,0.24277584222646365,20.130076999356096,22.332263655975364
3017,120.64,0.98,1,0.051,0.31,0.065,-0.056,-0.054,0.0,0.0,0.0,0.0,0.0,1.89,0.0,0.0,0.4,0.06,0.0,0.48,0.0,0.05,0.33,0.17,0.0,0.0,0.0,0.0,0.0,0.0,1.0,0.0,0.0,0.0,1.0,0.0,0.0,0.0,0.0,0.0,0.0,0.0,0.0,0.24227463200764923,20.953758612716808,22.522211259110417
3018,120.68,0.98,1,0.051,0.291,0.047,-0.052,-0.047,0.0,0.0,0.0,0.0,0.0,1.74,0.0,0.04,0.39,0.07,0.0,0.41,0.0,0.05,0.37,0.17,0.0,0.0,0.0,0.0,0.0,0.0,1.0,0.0,0.0,0.0,1.0,0.0,0.0,0.0,0.0,0.0,0.0,0.0,0.0,0.24618177576007116,20.348218595248046,22.11108319372902
3019,120.72,0.98,1,0.043,0.306,0.06,-0.058,-0.048,0.0,0.0,0.0,0.06,0.0,1.56,0.0,0.04,0.37,0.08,0.0,0.39,0.0,0.07,0.44,0.13,0.0,0.0,0.0,0.0,0.0,0.0,1.0,0.0,0.0,0.0,1.0,0.0,0.0,0.0,0.0,0.0,0.0,0.0,0.0,0.23386972583568616,20.995475703112668,22.70088104017115
3020,120.76,0.98,1,0.042,0.295,0.049,-0.057,-0.045,0.0,0.0,0.0,0.07,0.0,1.46,0.0,0.09,0.36,0.08,0.05,0.3,0.0,0.02,0.47,0.17,0.0,0.0,0.0,0.0,0.0,0.0,1.0,0.0,0.0,0.0,1.0,0.0,0.0,0.0,0.0,0.0,0.0,0.0,0.0,0.24141223666309533,20.87773934122174,23.103462943896663
3021,120.8,0.98,1,0.044,0.296,0.06,-0.056,-0.05,0.0,0.0,0.0,0.19,0.0,1.41,0.0,0.06,0.37,0.09,0.05,0.3,0.0,0.04,0.49,0.3,0.0,0.0,0.0,0.0,0.0,0.0,1.0,0.0,0.0,0.0,1.0,0.0,0.0,0.0,0.0,0.0,0.0,0.0,0.0,0.25085054039965266,21.26029162546934,23.20086205294949
3022,120.84,0.98,1,0.045,0.291,0.046,-0.059,-0.048,0.0,0.0,0.0,0.14,0.0,1.49,0.0,0.06,0.38,0.07,0.05,0.3,0.04,0.02,0.49,0.29,0.0,0.0,0.0,0.0,0.0,0.0,0.0,0.0,0.0,0.0,1.0,0.0,0.0,0.0,0.0,0.0,0.0,0.0,0.0,0.25180725862351516,21.294130646729908,23.405341270744024
3023,120.88,0.98,1,0.048,0.297,0.06,-0.063,-0.053,0.0,0.0,0.0,0.13,0.0,1.55,0.0,0.07,0.39,0.12,0.0,0.36,0.08,0.02,0.46,0.3,0.0,0.0,0.0,0.0,0.0,0.0,0.0,0.0,0.0,0.0,1.0,0.0,0.0,0.0,0.0,0.0,0.0,0.0,0.0,0.2518905254452991,21.32439917090285,23.800840321299535
3024,120.92,0.98,1,0.043,0.289,0.048,-0.062,-0.05,0.0,0.0,0.0,0.01,0.0,1.43,0.0,0.1,0.34,0.15,0.01,0.36,0.15,0.0,0.4,0.22,0.0,0.0,0.0,0.0,0.0,0.0,0.0,0.0,0.0,0.0,1.0,0.0,0.0,0.0,0.0,0.0,0.0,0.0,0.0,0.25203016516360355,21.592822881689184,23.603389587090998
3025,120.96,0.98,1,0.042,0.292,0.05,-0.056,-0.052,0.0,0.0,0.0,0.0,0.0,1.33,0.0,0.13,0.36,0.13,0.01,0.4,0.11,0.01,0.42,0.27,0.0,0.0,0.0,0.0,0.0,0.0,1.0,0.0,0.0,0.0,1.0,0.0,0.0,0.0,0.0,0.0,0.0,0.0,0.0,0.24709796462708647,21.502790516581662,23.000869548780106
3026,121.0,0.98,1,0.049,0.301,0.044,-0.054,-0.051,0.0,0.0,0.0,0.0,0.0,1.32,0.0,0.13,0.37,0.08,0.02,0.41,0.07,0.01,0.49,0.28,0.0,0.0,0.0,0.0,0.0,0.0,1.0,0.0,0.0,0.0,1.0,0.0,0.0,0.0,0.0,0.0,0.0,0.0,0.0,0.23080097802255295,21.557365330670496,23.301931250434972
3027,121.04,0.98,1,0.055,0.293,0.043,-0.054,-0.052,0.0,0.0,0.0,0.0,0.0,1.59,0.0,0.11,0.38,0.08,0.02,0.43,0.0,0.03,0.52,0.28,0.0,0.0,0.0,0.0,0.0,0.0,1.0,0.0,0.0,0.0,1.0,0.0,0.0,0.0,0.0,0.0,0.0,0.0,0.0,0.23903184772631503,21.644860821913362,23.90083680543433
3028,121.08,0.98,1,0.05,0.3,0.047,-0.056,-0.05,0.0,0.0,0.0,0.0,0.0,1.75,0.0,0.08,0.36,0.14,0.02,0.37,0.0,0.02,0.45,0.2,0.0,0.0,0.0,0.0,0.0,0.0,1.0,0.0,0.0,0.0,1.0,0.0,0.0,0.0,0.0,0.0,0.0,0.0,0.0,0.23949139885319837,21.413313615599016,24.003333101883996
3029,121.12,0.98,1,0.053,0.293,0.039,-0.055,-0.046,0.0,0.0,0.0,0.08,0.0,1.88,0.0,0.04,0.35,0.16,0.04,0.33,0.0,0.02,0.38,0.16,0.0,0.0,0.0,0.0,0.0,0.0,1.0,0.0,0.0,0.0,1.0,0.0,0.0,0.0,0.0,0.0,0.0,0.0,0.0,0.23160695335816028,21.413313615599016,24.016869071550524
3030,121.16,0.98,1,0.055,0.303,0.049,-0.053,-0.047,0.0,0.0,0.0,0.14,0.0,1.8,0.0,0.12,0.35,0.12,0.04,0.32,0.0,0.0,0.4,0.18,0.0,0.0,0.0,0.0,0.0,0.0,1.0,0.0,0.0,0.0,1.0,0.0,0.0,0.0,0.0,0.0,0.0,0.0,0.0,0.23371347868331693,21.602314690791818,24.305143488570433
3031,121.2,0.98,1,0.054,0.292,0.035,-0.06,-0.042,0.0,0.0,0.0,0.14,0.0,1.85,0.0,0.11,0.34,0.1,0.07,0.3,0.0,0.0,0.42,0.16,0.0,0.0,0.0,0.0,0.0,0.0,1.0,0.0,0.0,0.0,1.0,0.0,0.0,0.0,0.0,0.0,0.0,0.0,0.0,0.23929707819142532,21.592822881689184,24.107467722678933
3032,121.24,0.98,1,0.051,0.302,0.054,-0.06,-0.047,0.07,0.0,0.0,0.06,0.0,1.67,0.0,0.1,0.35,0.09,0.04,0.31,0.0,0.0,0.43,0.09,0.26,0.0,0.0,0.0,0.0,0.0,0.0,0.0,0.0,0.0,1.0,0.0,0.0,0.0,0.0,0.0,0.0,0.0,0.0,0.24537534818814186,21.592822881689184,23.6008474424118
3033,121.28,0.98,1,0.035,0.285,0.031,-0.065,-0.039,0.28,0.0,0.0,0.0,0.0,1.2,0.0,0.01,0.4,0.05,0.03,0.33,0.0,0.0,0.51,0.01,0.95,0.0,0.0,0.0,0.0,0.0,0.0,0.0,0.0,0.0,1.0,0.0,0.0,0.0,0.0,0.0,0.0,0.0,1.0,0.21987091772604261,18.5097271724896,18.86796226411339
3034,121.32,0.98,1,0.055,0.403,0.024,-0.084,-0.033,0.47,0.0,0.0,0.0,0.0,0.75,0.0,0.1,0.46,0.14,0.01,0.39,0.03,0.0,0.53,0.0,1.47,0.0,0.0,0.0,0.0,0.0,0.0,0.0,0.0,0.0,1.0,0.0,0.0,0.0,0.0,0.0,0.0,0.0,1.0,0.18089390339566896,17.353097706173426,18.66038584810069
3035,121.36,0.98,1,0.04,0.407,0.031,-0.075,-0.037,0.48,0.0,0.0,0.0,0.0,0.62,0.0,0.18,0.48,0.14,0.01,0.45,0.03,0.0,0.53,0.08,1.7,0.0,0.0,0.0,0.0,0.0,0.0,0.0,0.0,0.0,1.0,0.0,0.0,0.0,0.0,0.0,0.0,0.0,1.0,0.1830908486235342,17.58237754116319,20.761743664730872
3036,121.4,0.98,1,0.057,0.34,0.018,-0.073,-0.035,0.35,0.02,0.0,0.0,0.0,1.16,0.0,0.25,0.46,0.16,0.01,0.57,0.03,0.0,0.43,0.15,1.41,0.0,0.0,0.0,0.0,0.0,0.0,0.0,0.0,0.0,1.0,0.0,0.0,0.0,0.0,0.0,0.0,0.0,1.0,0.1917117549403611,17.628386199536155,19.691876497682905
3037,121.44,0.98,1,0.06,0.3,0.032,-0.062,-0.042,0.16,0.02,0.0,0.0,0.0,1.54,0.0,0.25,0.46,0.15,0.0,0.55,0.0,0.0,0.39,0.15,1.08,0.0,0.0,0.0,0.0,0.0,0.0,0.0,0.0,0.0,1.0,0.0,0.0,0.0,0.0,0.0,0.0,0.0,1.0,0.206437477111715,17.11432148815736,18.98552079875595
3038,121.48,0.98,1,0.065,0.311,0.029,-0.062,-0.041,0.07,0.02,0.0,0.0,0.0,1.99,0.0,0.3,0.51,0.31,0.0,0.59,0.0,0.0,0.38,0.07,0.64,0.0,0.0,0.0,0.0,0.0,0.0,0.0,0.0,0.0,1.0,0.0,0.0,0.0,0.0,0.0,0.0,0.0,1.0,0.17542257404564673,17.34877517290481,18.388311504866305
3039,121.52,0.98,1,0.055,0.306,0.032,-0.065,-0.042,0.0,0.0,0.0,0.0,0.0,2.11,0.0,0.36,0.59,0.34,0.0,0.45,0.0,0.0,0.43,0.0,0.24,0.0,0.0,0.0,0.0,0.0,1.0,0.0,0.0,1.0,1.0,0.0,0.0,0.0,0.0,0.0,0.0,0.0,0.0,0.2017944398648206,17.010584939971935,19.443507913954072
3040,121.56,0.98,1,0.063,0.301,0.031,-0.065,-0.042,0.0,0.0,0.0,0.0,0.0,2.31,0.0,0.42,0.65,0.25,0.0,0.4,0.0,0.0,0.48,0.05,0.05,0.0,0.0,0.0,0.0,0.0,1.0,0.0,0.0,1.0,1.0,0.0,0.0,0.0,0.0,0.0,0.0,0.0,0.0,0.21279101009576668,18.30109286354251,19.942417105255682
3041,121.6,0.98,1,0.069,0.304,0.033,-0.059,-0.046,0.0,0.0,0.0,0.0,0.0,2.26,0.0,0.41,0.69,0.09,0.0,0.28,0.0,0.0,0.62,0.13,0.0,0.0,0.0,0.0,0.0,0.0,1.0,0.0,0.0,1.0,1.0,0.0,0.0,0.0,0.0,0.0,0.0,0.0,0.0,0.20269510817287448,19.00236827345476,20.319940944796254
3042,121.64,0.98,1,0.066,0.306,0.034,-0.064,-0.043,0.0,0.0,0.0,0.0,0.0,2.29,0.0,0.47,0.72,0.16,0.0,0.27,0.0,0.0,0.64,0.18,0.0,0.0,0.0,0.0,0.0,0.0,1.0,0.0,0.0,1.0,1.0,0.0,0.0,0.0,0.0,0.0,0.0,0.0,0.0,0.20892030124435715,19.906280415989414,20.31575743111731
3043,121.68,0.98,1,0.057,0.312,0.033,-0.066,-0.042,0.01,0.0,0.0,0.0,0.0,2.15,0.0,0.53,0.78,0.21,0.0,0.24,0.0,0.0,0.69,0.13,0.0,0.0,0.0,0.0,0.0,0.0,1.0,0.0,0.0,1.0,1.0,0.0,0.0,0.0,0.0,0.0,0.0,0.0,0.0,0.21065306360214964,19.121192431435766,21.02379604162864
3044,121.72,0.98,1,0.065,0.317,0.036,-0.065,-0.045,0.01,0.0,0.0,0.0,0.0,2.05,0.0,0.62,0.85,0.28,0.0,0.2,0.0,0.0,0.73,0.05,0.0,0.0,0.0,0.0,0.0,0.0,1.0,0.0,0.0,1.0,1.0,0.0,0.0,0.0,0.0,0.0,0.0,0.0,0.0,0.20289332575002644,19.925109786397528,21.31900560532803
3045,121.76,0.98,1,0.058,0.308,0.031,-0.065,-0.046,0.01,0.0,0.0,0.04,0.0,1.97,0.0,0.68,0.93,0.32,0.0,0.2,0.0,0.0,0.83,0.0,0.0,0.0,1.0,0.0,0.0,0.0,1.0,0.0,0.0,1.0,1.0,0.0,0.0,0.0,0.0,0.0,0.0,0.0,0.0,0.2122799222220086,20.54117815511077,22.526872841120227
3046,121.8,0.98,1,0.068,0.307,0.028,-0.064,-0.048,0.01,0.0,0.0,0.04,0.0,2.05,0.0,0.7,1.02,0.32,0.0,0.2,0.0,0.0,0.9,0.0,0.0,0.0,1.0,0.0,0.0,0.0,1.0,0.0,0.0,1.0,1.0,0.0,0.0,0.0,0.0,0.0,0.0,0.0,0.0,0.21055166942361833,20.854016399724973,22.437691503361123
3047,121.84,0.98,1,0.066,0.305,0.034,-0.064,-0.051,0.06,0.0,0.0,0.05,0.0,2.19,0.03,0.77,1.12,0.35,0.0,0.16,0.0,0.0,0.97,0.02,0.0,0.0,1.0,0.0,0.0,0.0,1.0,0.0,0.0,1.0,1.0,0.0,0.0,0.0,0.0,0.0,0.0,0.0,0.0,0.22000309398817558,20.570367036103175,23.021728866442675
3048,121.88,0.98,1,0.063,0.297,0.039,-0.065,-0.053,0.12,0.0,0.0,0.19,0.06,2.25,0.07,0.99,1.22,0.42,0.0,0.06,0.0,0.0,1.09,0.13,0.0,0.0,0.0,0.0,0.0,0.0,1.0,0.0,0.0,1.0,1.0,0.0,0.0,0.0,0.0,0.0,0.0,0.0,0.0,0.24343187087121204,21.060864179800404,22.91069619195375
3049,121.92,0.98,1,0.06,0.313,0.036,-0.063,-0.054,0.2,0.0,0.0,0.25,0.17,2.25,0.16,1.19,1.38,0.55,0.0,0.0,0.0,0.0,1.45,0.13,0.0,0.0,0.0,0.0,0.0,1.0,1.0,0.0,0.0,1.0,1.0,0.0,0.0,0.0,0.0,1.0,0.0,0.0,0.0,0.2132100050225541,20.977368757782617,23.142385356743063
3050,121.96,0.98,1,0.066,0.293,0.033,-0.062,-0.057,0.15,0.0,0.0,0.26,0.37,2.36,0.21,1.43,1.57,0.66,0.0,0.0,0.0,0.0,1.95,0.24,0.0,0.0,0.0,0.0,0.0,1.0,1.0,0.0,1.0,1.0,1.0,0.0,0.0,0.0,0.0,1.0,0.0,0.0,0.0,0.21742957061879242,20.16358103115606,22.72663635472707
3051,122.0,0.98,1,0.061,0.303,0.043,-0.061,-0.063,0.09,0.0,0.0,0.18,0.54,2.31,0.22,1.58,1.76,0.7,0.0,0.0,0.0,0.0,2.51,0.27,0.0,0.0,0.0,0.0,0.0,1.0,1.0,1.0,1.0,1.0,1.0,0.0,0.0,0.0,0.0,1.0,0.0,0.0,0.0,0.21034591469051775,20.09975124224178,22.350391495452556
3052,122.04,0.98,1,0.069,0.313,0.047,-0.063,-0.063,0.05,0.0,0.0,0.26,0.67,2.45,0.24,1.78,1.93,0.73,0.0,0.0,0.0,0.0,2.86,0.42,0.0,0.0,0.0,0.0,0.0,1.0,1.0,1.0,1.0,1.0,1.0,0.0,0.0,0.0,0.0,1.0,1.0,0.0,0.0,0.20153223961289166,19.97248106770901,22.637358503146867
3053,122.08,0.98,1,0.069,0.31,0.046,-0.065,-0.065,0.06,0.0,0.0,0.36,0.74,2.38,0.27,1.96,2.05,0.83,0.0,0.0,0.0,0.0,2.93,0.33,0.0,0.0,0.0,0.0,0.0,1.0,1.0,1.0,1.0,1.0,1.0,0.0,0.0,0.0,0.0,1.0,1.0,0.0,0.0,0.20313714844150854,20.09975124224178,22.238030488332413
3054,122.12,0.98,1,0.072,0.311,0.044,-0.063,-0.07,0.06,0.0,0.0,0.3,0.8,2.42,0.39,2.1,2.14,0.91,0.0,0.0,0.0,0.0,2.91,0.19,0.0,1.0,0.0,0.0,0.0,1.0,1.0,1.0,1.0,1.0,1.0,0.0,0.0,0.0,0.0,1.0,1.0,0.0,0.0,0.20225216409557462,19.89095271725309,22.350391495452556
3055,122.16,0.98,1,0.083,0.301,0.047,-0.062,-0.078,0.02,0.0,0.0,0.39,0.85,2.35,0.47,2.17,2.15,1.04,0.0,0.0,0.0,0.0,2.82,0.04,0.0,1.0,0.0,0.0,1.0,1.0,1.0,1.0,1.0,1.0,1.0,0.0,0.0,0.0,0.0,1.0,1.0,0.0,0.0,0.20195331258296578,20.209403751719062,22.132555207205428
3056,122.2,0.98,1,0.083,0.315,0.042,-0.063,-0.082,0.07,0.06,0.0,0.56,0.86,2.27,0.45,2.25,2.17,0.98,0.0,0.0,0.0,0.0,2.88,0.0,0.0,1.0,0.0,0.0,1.0,1.0,1.0,1.0,1.0,1.0,1.0,0.0,0.0,0.0,0.0,1.0,1.0,0.0,0.0,0.1961789023664411,20.080836635957173,22.656566377101502
3057,122.24,0.98,1,0.082,0.297,0.044,-0.059,-0.087,0.12,0.14,0.0,0.71,0.85,2.13,0.43,2.3,2.19,0.96,0.0,0.0,0.0,0.0,2.9,0.0,0.0,1.0,0.0,0.0,0.0,1.0,1.0,1.0,1.0,1.0,1.0,0.0,0.0,0.0,0.0,1.0,1.0,0.0,0.0,0.1946031711464851,20.497804760510423,22.926403991904046
3058,122.28,0.98,1,0.075,0.289,0.049,-0.069,-0.09,0.26,0.17,0.0,0.61,0.94,2.21,0.46,2.41,2.25,1.07,0.0,0.0,0.0,0.0,3.0,0.0,0.0,1.0,0.0,0.0,0.0,1.0,1.0,1.0,1.0,1.0,1.0,0.0,0.0,0.0,0.0,1.0,1.0,0.0,0.0,0.21726970981146923,21.393690658696503,21.30586773637718
3059,122.32,0.98,1,0.068,0.292,0.05,-0.063,-0.089,0.27,0.11,0.0,0.32,1.01,2.33,0.47,2.41,2.34,1.27,0.0,0.0,0.0,0.0,3.04,0.0,0.0,1.0,0.0,0.0,0.0,1.0,1.0,1.0,1.0,1.0,1.0,0.0,0.0,0.0,0.0,1.0,1.0,0.0,0.0,0.20708982222505462,20.7617436647311,21.011663427725086
3060,122.36,0.98,1,0.065,0.296,0.057,-0.061,-0.086,0.38,0.05,0.0,0.19,1.14,2.66,0.46,2.42,2.45,1.4,0.0,0.0,0.0,0.0,3.09,0.0,0.0,1.0,0.0,0.0,0.0,1.0,1.0,1.0,1.0,1.0,1.0,0.0,0.0,0.0,0.0,1.0,1.0,0.0,0.0,0.19601950428950848,20.67002660859429,21.311499243366196
3061,122.4,0.98,1,0.061,0.297,0.066,-0.061,-0.079,0.37,0.08,0.0,0.11,1.22,2.81,0.34,2.38,2.58,1.48,0.0,0.0,0.0,0.0,3.02,0.0,0.0,0.0,0.0,0.0,0.0,1.0,1.0,1.0,1.0,1.0,1.0,0.0,0.0,0.0,0.0,1.0,1.0,0.0,0.0,0.19230499849870375,21.0535032714273,21.81123563670793
3062,122.44,0.98,1,0.048,0.304,0.074,-0.058,-0.075,0.31,0.08,0.0,0.11,1.29,2.8,0.32,2.43,2.73,1.59,0.0,0.0,0.0,0.0,3.01,0.0,0.0,0.0,0.0,0.0,0.0,1.0,1.0,1.0,1.0,1.0,1.0,0.0,0.0,0.0,0.0,1.0,1.0,0.0,0.0,0.18581173849076116,20.824024587000423,20.606067067735083
3063,122.48,0.98,1,0.052,0.296,0.078,-0.066,-0.069,0.2,0.07,0.0,0.06,1.35,2.79,0.26,2.44,2.83,1.74,0.0,0.0,0.0,0.0,3.03,0.0,0.0,0.0,0.0,0.0,0.0,1.0,1.0,1.0,1.0,1.0,1.0,0.0,0.0,0.0,0.0,1.0,1.0,0.0,0.0,0.20698305078857968,20.647518010647094,20.90000000000009
3064,122.52,0.98,1,0.062,0.303,0.077,-0.061,-0.069,0.08,0.01,0.0,0.04,1.35,2.73,0.26,2.48,2.87,1.78,0.0,0.0,0.0,0.0,3.1,0.0,0.0,0.0,0.0,0.0,0.0,1.0,1.0,1.0,1.0,1.0,1.0,0.0,0.0,0.0,0.0,1.0,1.0,0.0,0.0,0.20011853695958437,20.547749268472202,20.59999999999991
3065,122.56,0.98,1,0.061,0.294,0.077,-0.064,-0.065,0.13,0.1,0.0,0.05,1.35,2.84,0.17,2.41,2.85,1.8,0.0,0.0,0.0,0.0,2.97,0.0,0.0,0.0,0.0,0.0,0.0,1.0,1.0,1.0,1.0,1.0,1.0,0.0,0.0,0.0,0.0,1.0,1.0,0.0,0.0,0.20749591227304376,20.35534327885428,20.600970850908855
3066,122.6,0.98,1,0.057,0.309,0.078,-0.063,-0.06,0.12,0.09,0.0,0.04,1.3,2.86,0.1,2.35,2.85,1.72,0.0,0.0,0.0,0.0,2.89,0.0,0.0,0.0,0.0,0.0,0.0,1.0,1.0,1.0,1.0,1.0,1.0,0.0,0.0,0.0,0.0,1.0,1.0,0.0,0.0,0.1977512871940904,20.56234422433396,20.700241544484495
3067,122.64,0.98,1,0.056,0.293,0.076,-0.064,-0.056,0.12,0.09,0.0,0.16,1.27,2.94,0.05,2.22,2.86,1.77,0.0,0.0,0.0,0.0,2.75,0.0,0.0,0.0,0.0,0.0,0.0,1.0,1.0,1.0,1.0,1.0,1.0,0.0,0.0,0.0,0.0,1.0,1.0,0.0,0.0,0.20710247069831111,20.348218595248273,21.400233643584453
3068,122.68,0.98,1,0.061,0.299,0.086,-0.076,-0.052,0.08,0.0,0.0,0.32,1.27,2.84,0.07,2.17,2.84,1.82,0.0,0.0,0.0,0.0,2.75,0.0,0.0,0.0,0.0,0.0,0.0,1.0,1.0,1.0,1.0,1.0,1.0,0.0,0.0,0.0,0.0,1.0,1.0,0.0,0.0,0.2108293960806409,20.554804791094465,21.600925906081105
3069,122.72,0.98,1,0.062,0.296,0.085,-0.072,-0.05,0.15,0.0,0.0,0.38,1.27,2.85,0.15,2.16,2.8,1.87,0.0,0.0,0.0,0.0,2.75,0.0,0.0,0.0,0.0,0.0,0.0,1.0,1.0,1.0,1.0,1.0,1.0,0.0,0.0,0.0,0.0,1.0,0.0,0.0,0.0,0.2092935527412017,20.547749268472202,21.5
3070,122.76,0.98,1,0.049,0.302,0.09,-0.068,-0.05,0.15,0.0,0.0,0.31,1.28,2.79,0.19,2.25,2.79,1.79,0.0,0.0,0.0,0.0,2.79,0.0,0.0,0.0,0.0,0.0,0.0,1.0,1.0,1.0,1.0,1.0,1.0,0.0,0.0,0.0,0.0,1.0,0.0,0.0,0.0,0.20457743686310842,20.84706214314137,22.100226243185976
3071,122.8,0.98,1,0.045,0.303,0.091,-0.069,-0.051,0.17,0.04,0.0,0.24,1.29,2.9,0.17,2.3,2.77,1.78,0.0,0.0,0.0,0.0,2.83,0.0,0.0,0.0,0.0,0.0,0.0,1.0,1.0,1.0,1.0,1.0,1.0,0.0,0.0,0.0,0.0,1.0,0.0,0.0,0.0,0.2068300948257495,21.06869715953029,22.200225224082796
3072,122.84,0.98,1,0.052,0.296,0.093,-0.071,-0.053,0.16,0.19,0.0,0.16,1.29,2.84,0.19,2.33,2.77,1.83,0.0,0.0,0.0,0.0,2.78,0.0,0.0,0.0,0.0,0.0,0.0,1.0,1.0,1.0,1.0,1.0,1.0,0.0,0.0,0.0,0.0,1.0,0.0,0.0,0.0,0.20871357933132717,20.66204249342271,22.60022123785508
3073,122.88,0.98,1,0.053,0.308,0.095,-0.071,-0.053,0.2,0.19,0.0,0.1,1.27,2.9,0.14,2.32,2.76,1.84,0.0,0.0,0.0,0.0,2.75,0.0,0.0,0.0,0.0,0.0,0.0,1.0,1.0,1.0,1.0,1.0,1.0,0.0,0.0,0.0,0.0,1.0,0.0,0.0,0.0,0.20502868967291912,20.155892438689126,22.90021833957034
3074,122.92,0.98,1,0.063,0.295,0.096,-0.074,-0.053,0.19,0.21,0.0,0.1,1.27,3.0,0.19,2.32,2.74,1.81,0.0,0.0,0.0,0.0,2.68,0.0,0.0,0.0,0.0,0.0,0.0,1.0,1.0,1.0,1.0,1.0,1.0,0.0,0.0,0.0,0.0,1.0,0.0,0.0,0.0,0.21103733946814907,20.28003944769343,22.600884938426546
3075,122.96,0.98,1,0.068,0.323,0.094,-0.074,-0.054,0.1,0.06,0.0,0.22,1.29,2.96,0.11,2.26,2.73,1.7,0.0,0.0,0.0,0.0,2.72,0.0,0.0,0.0,0.0,0.0,0.0,1.0,1.0,1.0,1.0,1.0,1.0,0.0,0.0,0.0,0.0,1.0,0.0,0.0,0.0,0.19780394711137508,19.80126258600703,22.30089684295226
3076,123.0,0.98,1,0.083,0.304,0.093,-0.077,-0.054,0.04,0.06,0.0,0.31,1.34,2.93,0.09,2.22,2.75,1.61,0.0,0.0,0.0,0.0,2.78,0.0,0.0,0.0,0.0,0.0,0.0,1.0,1.0,1.0,1.0,1.0,1.0,0.0,0.0,0.0,0.0,1.0,0.0,0.0,0.0,0.2116346321723424,20.09975124224178,22.10203610530048
3077,123.04,0.98,1,0.077,0.31,0.086,-0.077,-0.054,0.0,0.0,0.0,0.38,1.34,2.94,0.07,2.19,2.74,1.44,0.0,0.0,0.0,0.0,2.93,0.0,0.0,0.0,0.0,0.0,0.0,1.0,1.0,1.0,1.0,1.0,1.0,0.0,0.0,0.0,0.0,1.0,0.0,0.0,0.0,0.20065377254686914,20.180436070610472,23.000869548780106
3078,123.08,0.98,1,0.073,0.322,0.091,-0.079,-0.057,0.0,0.0,0.0,0.27,1.39,3.07,0.06,2.25,2.77,1.33,0.0,0.0,0.0,0.0,2.97,0.0,0.0,0.0,0.0,0.0,0.0,1.0,1.0,1.0,1.0,1.0,1.0,0.0,0.0,0.0,0.0,1.0,0.0,0.0,0.0,0.1953264735184928,20.09975124224178,22.907858913482162
3079,123.12,0.98,1,0.074,0.31,0.081,-0.077,-0.057,0.0,0.0,0.0,0.34,1.33,2.94,0.06,2.24,2.74,1.31,0.0,0.0,0.0,0.0,2.89,0.0,0.0,0.0,0.0,0.0,0.0,1.0,1.0,1.0,1.0,1.0,1.0,0.0,0.0,0.0,0.0,1.0,0.0,0.0,0.0,0.20105317889974011,19.900753754569152,22.800219297191163
3080,123.16,0.98,1,0.086,0.322,0.075,-0.08,-0.055,0.0,0.0,0.0,0.34,1.39,2.8,0.05,2.2,2.76,1.31,0.0,0.0,0.0,0.0,2.74,0.0,0.0,0.0,0.0,0.0,0.0,1.0,1.0,1.0,1.0,1.0,1.0,0.0,0.0,0.0,0.0,1.0,0.0,0.0,0.0,0.19852506113153137,19.801262586006803,22.414281161794904
3081,123.2,0.98,1,0.087,0.323,0.082,-0.078,-0.058,0.04,0.0,0.0,0.52,1.35,2.72,0.07,2.17,2.74,1.41,0.0,0.0,0.0,0.0,2.59,0.0,0.0,0.0,0.0,0.0,0.0,1.0,1.0,1.0,1.0,1.0,1.0,0.0,0.0,0.0,0.0,1.0,0.0,0.0,0.0,0.18851070631320754,19.29378138157478,22.20202693449411
3082,123.24,0.98,1,0.09,0.321,0.084,-0.085,-0.057,0.06,0.02,0.0,0.42,1.38,2.89,0.12,2.1,2.72,1.33,0.0,0.0,0.0,0.0,2.62,0.04,0.0,0.0,0.0,0.0,0.0,1.0,1.0,1.0,1.0,1.0,1.0,0.0,0.0,0.0,0.0,1.0,0.0,0.0,0.0,0.19392370064053874,19.28419041598588,21.908217636311814
3083,123.28,0.98,1,0.08,0.319,0.08,-0.08,-0.055,0.08,0.07,0.0,0.26,1.31,2.93,0.09,2.06,2.66,1.39,0.0,0.0,0.0,0.0,2.71,0.09,0.0,0.0,0.0,0.0,0.0,1.0,1.0,1.0,1.0,1.0,1.0,0.0,0.0,0.0,0.0,1.0,1.0,0.0,0.0,0.18939741419080008,18.745132701584208,21.01166342772509
3084,123.32,0.98,1,0.077,0.319,0.078,-0.076,-0.052,0.08,0.19,0.0,0.18,1.25,2.97,0.09,1.99,2.5,1.31,0.0,0.0,0.0,0.0,2.85,0.14,0.0,0.0,0.0,0.0,0.0,1.0,1.0,1.0,1.0,1.0,1.0,0.0,0.0,0.0,0.0,1.0,1.0,0.0,0.0,0.17774150609569153,18.621761463406102,21.128653530218063
3085,123.36,0.98,1,0.084,0.331,0.084,-0.079,-0.056,0.11,0.3,0.0,0.15,1.09,2.88,0.08,1.92,2.26,1.24,0.0,0.0,0.0,0.0,2.72,0.31,0.0,0.0,0.0,0.0,0.0,1.0,1.0,0.0,1.0,1.0,1.0,0.0,0.0,0.0,0.0,1.0,1.0,0.0,0.0,0.18422653070478978,18.42199772011698,20.81537893001226
3086,123.4,0.98,1,0.088,0.345,0.077,-0.087,-0.056,0.12,0.25,0.0,0.15,0.91,2.73,0.07,1.71,1.92,1.14,0.0,0.0,0.0,0.0,2.42,0.65,0.0,0.0,0.0,0.0,0.0,1.0,1.0,0.0,1.0,1.0,1.0,0.0,0.0,0.0,0.0,1.0,1.0,0.0,0.0,0.18085734843826667,18.61316738225917,21.53346233191495
3087,123.44,0.98,1,0.1,0.354,0.083,-0.095,-0.057,0.12,0.13,0.0,0.05,0.7,2.7,0.04,1.54,1.59,1.03,0.04,0.03,0.0,0.0,1.93,1.0,0.09,0.0,1.0,0.0,0.0,1.0,1.0,0.0,1.0,1.0,1.0,0.0,0.0,0.0,0.0,1.0,1.0,0.0,0.0,0.1927284898815917,18.809572031282322,21.84490787346099
3088,123.48,0.98,1,0.075,0.347,0.071,-0.092,-0.058,0.39,0.21,0.0,0.0,0.45,2.2,0.0,1.44,1.35,1.01,0.26,0.23,0.0,0.0,1.39,0.98,0.59,0.0,1.0,0.0,0.0,1.0,1.0,0.0,1.0,1.0,1.0,0.0,0.0,0.0,0.0,1.0,1.0,0.0,0.0,0.1704326224949158,16.802678357928716,19.4249839124772
3089,123.52,0.98,1,0.046,0.385,0.048,-0.106,-0.054,0.55,0.41,0.0,0.0,0.22,1.92,0.02,1.28,1.18,0.95,0.38,0.41,0.0,0.0,0.92,0.67,1.02,0.0,0.0,0.0,0.0,1.0,1.0,0.0,1.0,1.0,1.0,0.0,0.0,0.0,0.0,1.0,1.0,0.0,1.0,0.18003710789118862,16.67693017314628,19.95645259057818
3090,123.56,0.98,1,0.047,0.393,0.047,-0.093,-0.048,0.7,0.62,0.0,0.0,0.16,1.86,0.08,1.19,1.19,1.04,0.39,0.47,0.0,0.0,0.98,0.49,1.3,0.0,0.0,0.0,0.0,1.0,1.0,0.0,1.0,1.0,1.0,0.0,0.0,0.0,0.0,1.0,0.0,0.0,1.0,0.16318461169704152,18.876705220985954,18.638669480410794
3091,123.6,0.98,1,0.048,0.357,0.063,-0.077,-0.051,0.5,0.41,0.0,0.0,0.39,2.38,0.3,1.28,1.36,1.16,0.18,0.27,0.0,0.0,1.39,0.46,0.86,0.0,0.0,0.0,0.0,1.0,1.0,0.0,1.0,1.0,1.0,0.0,0.0,0.0,0.0,1.0,0.0,0.0,1.0,0.17124278216279226,16.0,18.985520798756173
3092,123.64,0.98,1,0.075,0.344,0.07,-0.076,-0.049,0.34,0.23,0.0,0.0,0.64,2.85,0.43,1.58,1.66,1.3,0.06,0.14,0.0,0.0,1.83,0.43,0.43,0.0,0.0,0.0,0.0,1.0,1.0,0.0,1.0,1.0,1.0,0.0,0.0,0.0,0.0,1.0,0.0,0.0,1.0,0.1583603023398066,16.800297616411395,17.962739212046788
3093,123.68,0.98,1,0.062,0.33,0.066,-0.072,-0.045,0.32,0.09,0.0,0.0,0.78,3.05,0.51,1.82,1.85,1.31,0.0,0.13,0.0,0.0,1.78,0.25,0.06,0.0,0.0,0.0,0.0,1.0,1.0,1.0,1.0,1.0,1.0,0.0,0.0,0.0,0.0,1.0,0.0,0.0,1.0,0.17394403860680432,17.500285711953392,18.552897347853783
3094,123.72,0.98,1,0.07,0.335,0.063,-0.07,-0.043,0.28,0.13,0.0,0.0,0.71,2.98,0.44,1.83,1.83,1.19,0.0,0.28,0.0,0.0,1.59,0.24,0.0,0.0,0.0,0.0,0.0,1.0,1.0,1.0,1.0,1.0,1.0,0.0,0.0,0.0,0.0,1.0,0.0,0.0,1.0,0.18650711140694554,17.90251378996802,19.03181546778972
3095,123.76,0.98,1,0.067,0.338,0.066,-0.076,-0.035,0.3,0.12,0.0,0.0,0.64,2.99,0.43,1.83,1.74,1.04,0.0,0.35,0.0,0.0,1.53,0.32,0.0,0.0,0.0,0.0,0.0,1.0,1.0,1.0,1.0,1.0,1.0,0.0,0.0,0.0,0.0,1.0,0.0,0.0,0.0,0.18981337351862637,18.10994202088998,18.15406290613771
3096,123.8,0.98,1,0.08,0.344,0.075,-0.084,-0.029,0.14,0.05,0.0,0.0,0.58,2.9,0.41,1.84,1.75,0.86,0.0,0.4,0.0,0.0,1.81,0.44,0.0,0.0,0.0,0.0,0.0,1.0,1.0,1.0,1.0,1.0,1.0,0.0,0.0,0.0,0.0,1.0,0.0,0.0,0.0,0.195504313978144,18.113530854032987,19.35071058126802
3097,123.84,0.98,1,0.078,0.343,0.082,-0.095,-0.025,0.16,0.0,0.0,0.05,0.63,2.98,0.44,1.92,1.81,0.91,0.0,0.24,0.0,0.0,2.19,0.35,0.0,0.0,0.0,0.0,0.0,1.0,1.0,1.0,1.0,1.0,1.0,0.0,0.0,0.0,0.0,1.0,1.0,0.0,0.0,0.20163599012973582,18.7216452268491,19.925109786397755
3098,123.88,0.98,1,0.077,0.335,0.084,-0.098,-0.024,0.21,0.0,0.0,0.16,0.73,3.15,0.45,1.96,1.93,0.99,0.0,0.14,0.0,0.0,2.41,0.31,0.0,0.0,0.0,0.0,0.0,1.0,1.0,1.0,1.0,1.0,1.0,0.0,0.0,0.0,0.0,1.0,1.0,0.0,0.0,0.19921066887818217,19.237463450257717,20.020239758804088
3099,123.92,0.98,1,0.074,0.333,0.083,-0.098,-0.026,0.31,0.02,0.0,0.22,0.84,3.2,0.48,2.0,1.99,1.13,0.0,0.01,0.0,0.0,2.46,0.23,0.0,0.0,0.0,0.0,0.0,1.0,1.0,1.0,1.0,1.0,1.0,0.0,0.0,0.0,0.0,1.0,1.0,0.0,0.0,0.19717693533546343,19.44350791395408,20.312065379965624
3100,123.96,0.98,1,0.066,0.332,0.081,-0.099,-0.028,0.22,0.02,0.0,0.18,0.95,3.14,0.43,2.1,2.1,1.01,0.0,0.09,0.0,0.0,2.47,0.33,0.0,0.0,0.0,0.0,0.0,1.0,1.0,1.0,1.0,1.0,1.0,0.0,0.0,0.0,0.0,1.0,1.0,0.0,0.0,0.19553075336177167,19.13164917094176,20.500975586542218
3101,124.0,0.98,1,0.07,0.335,0.077,-0.097,-0.029,0.14,0.03,0.0,0.07,1.03,2.97,0.38,2.18,2.16,0.94,0.0,0.14,0.0,0.0,2.54,0.33,0.0,0.0,0.0,0.0,0.0,1.0,1.0,1.0,1.0,1.0,1.0,0.0,0.0,0.0,0.0,1.0,1.0,0.0,0.0,0.1943618043409165,19.33726971420728,20.40220576310303
3102,124.04,0.98,1,0.082,0.333,0.069,-0.094,-0.031,0.12,0.08,0.0,0.01,1.11,2.8,0.42,2.3,2.22,1.02,0.0,0.31,0.0,0.0,2.61,0.24,0.0,0.0,0.0,0.0,0.0,1.0,1.0,1.0,1.0,1.0,1.0,0.0,0.0,0.0,0.0,1.0,1.0,0.0,0.0,0.19135431584640253,18.445866745696577,19.009471323527123
3103,124.08,0.98,1,0.112,0.338,0.067,-0.1,-0.033,0.22,0.13,0.0,0.15,1.09,2.87,0.54,2.39,2.22,1.26,0.0,0.31,0.0,0.0,2.61,0.08,0.0,0.0,0.0,0.0,0.0,1.0,1.0,1.0,1.0,1.0,1.0,0.0,0.0,0.0,0.0,1.0,0.0,0.0,0.0,0.1949386698717181,16.824089871371896,16.430459518832564
3104,124.12,0.98,1,0.111,0.338,0.062,-0.1,-0.037,0.39,0.17,0.0,0.13,1.05,2.83,0.62,2.52,2.2,1.34,0.0,0.33,0.0,0.0,2.72,0.0,0.0,0.0,0.0,0.0,0.0,1.0,1.0,1.0,1.0,1.0,1.0,0.0,0.0,0.0,0.0,1.0,0.0,0.0,0.0,0.1965422462190099,17.223530416264882,16.02529250903084
3105,124.16,0.98,1,0.117,0.336,0.057,-0.096,-0.04,0.49,0.16,0.0,0.13,0.94,2.8,0.58,2.49,2.15,1.12,0.0,0.24,0.0,0.0,2.79,0.0,0.0,1.0,0.0,0.0,0.0,1.0,1.0,1.0,1.0,1.0,1.0,0.0,0.0,0.0,0.0,1.0,0.0,0.0,0.0,0.20159808997251605,17.323394586512148,16.850222550459264
3106,124.2,0.98,1,0.107,0.339,0.059,-0.092,-0.042,0.63,0.14,0.0,0.04,0.88,2.8,0.47,2.37,2.04,0.98,0.01,0.18,0.0,0.0,2.97,0.08,0.0,1.0,0.0,0.0,0.0,1.0,1.0,1.0,1.0,1.0,1.0,0.0,0.0,0.0,0.0,1.0,0.0,0.0,0.0,0.20038884680328287,17.722866585290138,16.92394753005347
3107,124.24,0.98,1,0.122,0.349,0.066,-0.107,-0.036,0.66,0.18,0.0,0.09,0.83,2.62,0.39,2.29,1.89,0.68,0.01,0.1,0.0,0.0,2.99,0.38,0.0,1.0,0.0,0.0,0.0,1.0,1.0,1.0,1.0,1.0,1.0,0.0,0.0,0.0,0.0,1.0,1.0,0.0,0.0,0.2051959631168172,17.822738285684572,17.72822608159095
3108,124.28,0.98,1,0.132,0.347,0.067,-0.112,-0.029,0.49,0.11,0.0,0.21,0.76,2.63,0.36,2.22,1.74,0.59,0.01,0.08,0.0,0.0,2.97,0.75,0.0,1.0,0.0,0.0,0.0,1.0,1.0,1.0,1.0,1.0,1.0,0.0,0.0,0.0,0.0,1.0,1.0,0.0,0.0,0.20042004884307785,17.910053042914285,17.293929570806103
3109,124.32,0.98,1,0.136,0.347,0.074,-0.122,-0.027,0.32,0.22,0.0,0.23,0.68,2.49,0.34,2.17,1.64,0.54,0.01,0.28,0.0,0.0,2.36,0.98,0.0,1.0,1.0,0.0,0.0,1.0,1.0,1.0,1.0,1.0,1.0,0.0,0.0,0.0,0.0,1.0,1.0,0.0,0.0,0.20065809187330563,17.504570831642802,16.5339045600244
3110,124.36,0.98,1,0.145,0.34,0.063,-0.116,-0.027,0.17,0.2,0.0,0.38,0.58,2.75,0.23,1.94,1.61,0.73,0.01,0.62,0.0,0.0,1.6,0.68,0.0,1.0,1.0,0.0,0.0,1.0,1.0,0.0,1.0,1.0,1.0,1.0,0.0,0.0,0.0,1.0,1.0,0.0,0.0,0.20769614857899038,17.310401497365635,16.46845469374694
3111,124.4,0.98,1,0.149,0.326,0.05,-0.118,-0.031,0.19,0.25,0.0,0.27,0.6,2.73,0.1,1.82,1.66,0.83,0.0,0.82,0.0,0.0,0.92,0.31,0.0,1.0,1.0,0.0,0.0,1.0,1.0,0.0,1.0,1.0,1.0,1.0,1.0,0.0,0.0,0.0,0.0,0.0,0.0,0.21920497097728225,17.610224302943923,16.477863939236876
3112,124.44,0.98,1,0.15,0.329,0.048,-0.129,-0.037,0.16,0.29,0.0,0.24,0.62,2.79,0.0,1.75,1.75,0.8,0.0,1.02,0.0,0.0,0.8,0.0,0.0,1.0,1.0,0.0,0.0,1.0,1.0,0.0,1.0,1.0,1.0,1.0,1.0,0.0,0.0,0.0,0.0,0.0,0.0,0.22401387786949034,17.913681921927807,17.28380745090623
3113,124.48,0.98,1,0.147,0.332,0.042,-0.13,-0.04,0.2,0.46,0.0,0.04,0.72,2.7,0.0,1.83,1.83,0.84,0.03,1.07,0.0,0.0,0.79,0.0,0.0,1.0,1.0,0.0,0.0,1.0,1.0,0.0,1.0,1.0,1.0,1.0,1.0,0.0,0.0,0.0,0.0,0.0,0.0,0.21808785916898657,17.523127574722498,16.28895331198422
3114,124.52,0.98,1,0.146,0.331,0.042,-0.132,-0.042,0.17,0.54,0.0,0.03,0.74,2.74,0.0,1.79,1.83,0.95,0.03,1.09,0.0,0.0,0.73,0.0,0.0,1.0,1.0,0.0,0.0,1.0,1.0,0.0,1.0,1.0,1.0,1.0,1.0,0.0,0.0,0.0,0.0,0.0,0.0,0.21696931421523663,17.72822608159095,16.786303941010996
3115,124.56,0.98,1,0.162,0.325,0.042,-0.133,-0.046,0.16,0.51,0.0,0.05,0.74,2.6,0.05,1.81,1.82,0.89,0.03,1.06,0.0,0.0,0.67,0.0,0.0,1.0,1.0,0.0,0.0,1.0,1.0,0.0,1.0,1.0,1.0,1.0,1.0,0.0,0.0,0.0,0.0,0.0,0.0,0.22055149236073535,17.734147850968245,17.962739212046788
3116,124.6,0.98,1,0.157,0.33,0.047,-0.131,-0.05,0.21,0.45,0.0,0.37,0.69,2.49,0.05,1.85,1.83,0.89,0.0,1.07,0.0,0.0,0.73,0.0,0.0,0.0,0.0,0.0,0.0,1.0,1.0,0.0,1.0,1.0,1.0,0.0,1.0,0.0,0.0,0.0,0.0,0.0,0.0,0.21772082427019523,17.43473544393477,17.04259369931711
3117,124.64,0.98,1,0.155,0.334,0.05,-0.129,-0.052,0.25,0.41,0.0,0.55,0.69,2.43,0.1,1.93,1.83,0.95,0.04,1.08,0.0,0.0,0.75,0.0,0.0,0.0,0.0,0.0,0.0,1.0,1.0,0.0,1.0,1.0,1.0,0.0,1.0,0.0,0.0,0.0,0.0,0.0,0.0,0.2171387699435713,17.734147850968245,17.19447585708865
3118,124.68,0.98,1,0.159,0.321,0.044,-0.126,-0.05,0.22,0.28,0.0,0.51,0.72,2.51,0.14,1.98,1.83,1.04,0.04,0.99,0.0,0.0,0.75,0.0,0.0,0.0,0.0,0.0,0.0,1.0,1.0,0.0,1.0,1.0,1.0,0.0,1.0,0.0,0.0,0.0,0.0,0.0,0.0,0.2175400254992249,17.740631330367062,16.697305171793573
3119,124.72,0.98,1,0.144,0.324,0.047,-0.124,-0.05,0.2,0.17,0.0,0.3,0.72,2.72,0.28,1.99,1.83,1.04,0.04,0.83,0.0,0.0,0.69,0.0,0.0,0.0,0.0,0.0,0.0,1.0,1.0,1.0,1.0,1.0,1.0,0.0,1.0,0.0,0.0,0.0,0.0,0.0,0.0,0.21105591662161413,17.523127574722498,16.63640586184399
3120,124.76,0.98,1,0.133,0.323,0.043,-0.128,-0.047,0.2,0.11,0.0,0.12,0.71,2.84,0.34,1.97,1.87,0.84,0.0,0.77,0.0,0.0,0.78,0.0,0.0,0.0,0.0,0.0,0.0,1.0,1.0,1.0,1.0,1.0,1.0,0.0,0.0,0.0,0.0,0.0,0.0,0.0,0.0,0.21013533956736208,17.622996340009742,16.543578814754678
3121,124.8,0.98,1,0.135,0.326,0.041,-0.13,-0.043,0.24,0.13,0.0,0.24,0.69,2.86,0.35,1.89,1.87,0.82,0.0,0.71,0.0,0.0,0.89,0.0,0.0,0.0,0.0,0.0,0.0,1.0,1.0,1.0,1.0,1.0,1.0,0.0,0.0,0.0,0.0,1.0,0.0,0.0,0.0,0.21146165706963815,17.11432148815713,16.68682114724086
3122,124.84,0.98,1,0.138,0.32,0.042,-0.128,-0.042,0.2,0.13,0.0,0.21,0.68,2.59,0.34,1.94,1.86,0.73,0.0,0.69,0.0,0.0,1.18,0.0,0.0,0.0,0.0,0.0,0.0,1.0,1.0,1.0,1.0,1.0,1.0,0.0,0.0,0.0,0.0,1.0,0.0,0.0,0.0,0.2123766662806546,17.523127574722498,16.83597339033293
3123,124.88,0.98,1,0.128,0.317,0.038,-0.129,-0.042,0.13,0.18,0.0,0.41,0.67,2.37,0.36,1.93,1.9,0.85,0.0,0.53,0.0,0.0,1.53,0.0,0.0,0.0,0.0,0.0,0.0,1.0,1.0,1.0,1.0,1.0,1.0,0.0,0.0,0.0,0.0,1.0,0.0,0.0,0.0,0.211941771919323,17.414074767268087,17.066048165876012
3124,124.92,0.98,1,0.135,0.316,0.044,-0.129,-0.042,0.1,0.15,0.0,0.43,0.7,2.27,0.41,1.98,2.0,0.93,0.0,0.35,0.0,0.0,1.96,0.0,0.0,1.0,0.0,0.0,0.0,1.0,1.0,1.0,1.0,1.0,1.0,0.0,0.0,0.0,0.0,1.0,0.0,0.0,0.0,0.21586267261001424,17.428711943227338,17.548219282878815
3125,124.96,0.98,1,0.121,0.329,0.057,-0.133,-0.037,0.02,0.12,0.0,0.49,0.78,2.29,0.46,2.02,2.11,1.07,0.0,0.18,0.0,0.0,2.31,0.08,0.0,1.0,0.0,0.0,0.0,1.0,1.0,1.0,1.0,1.0,1.0,0.0,0.0,0.0,0.0,1.0,0.0,0.0,0.0,0.2159141410381117,17.318487231857134,17.55591068557823
3126,125.0,0.98,1,0.125,0.329,0.067,-0.135,-0.033,0.09,0.08,0.0,0.4,0.82,2.34,0.47,2.19,2.16,1.16,0.0,0.15,0.0,0.0,2.54,0.21,0.0,1.0,0.0,0.0,0.0,1.0,1.0,1.0,1.0,1.0,1.0,0.0,0.0,0.0,0.0,1.0,0.0,0.0,0.0,0.21578498214297664,17.41838109584249,17.373830895919255
3127,125.04,0.98,1,0.119,0.335,0.071,-0.132,-0.031,0.14,0.26,0.0,0.29,0.84,2.27,0.41,2.32,2.15,1.21,0.0,0.23,0.0,0.0,2.63,0.38,0.0,1.0,0.0,0.0,0.0,1.0,1.0,1.0,1.0,1.0,1.0,0.0,0.0,0.0,0.0,1.0,0.0,0.0,0.0,0.21228483504661472,17.817968458834088,17.763445611705
3128,125.08,0.98,1,0.111,0.343,0.077,-0.128,-0.029,0.14,0.34,0.0,0.15,0.84,2.3,0.32,2.29,2.17,1.18,0.0,0.25,0.0,0.0,2.68,0.34,0.0,1.0,0.0,0.0,0.0,1.0,1.0,1.0,1.0,1.0,1.0,0.0,0.0,0.0,0.0,1.0,0.0,0.0,0.0,0.2156994909999373,17.41034175425638,17.691806012954263
3129,125.12,0.98,1,0.118,0.343,0.073,-0.13,-0.032,0.07,0.4,0.0,0.04,0.88,2.24,0.36,2.21,2.17,1.16,0.0,0.2,0.0,0.0,2.66,0.23,0.0,1.0,0.0,0.0,0.0,1.0,1.0,1.0,1.0,1.0,1.0,0.0,0.0,0.0,0.0,1.0,0.0,0.0,0.0,0.21279854899890635,17.618172436436332,18.552897347853783
3130,125.16,0.98,1,0.113,0.34,0.073,-0.125,-0.035,0.02,0.31,0.0,0.02,0.91,2.34,0.34,2.11,2.18,1.22,0.0,0.08,0.0,0.0,2.59,0.09,0.0,0.0,0.0,0.0,0.0,1.0,1.0,1.0,1.0,1.0,1.0,0.0,0.0,0.0,0.0,1.0,0.0,0.0,0.0,0.2093397278014396,17.828067758453198,17.67257762749953
3131,125.2,0.98,1,0.139,0.336,0.083,-0.12,-0.042,0.06,0.21,0.0,0.02,0.94,2.54,0.33,2.07,2.14,1.29,0.0,0.0,0.0,0.0,2.51,0.13,0.0,0.0,0.0,0.0,0.0,1.0,1.0,1.0,1.0,1.0,1.0,0.0,0.0,0.0,0.0,1.0,0.0,0.0,0.0,0.20221092148842484,16.918924315688493,17.194475857088424
3132,125.24,0.98,1,0.123,0.331,0.089,-0.109,-0.048,0.06,0.15,0.0,0.02,0.98,2.88,0.21,2.11,2.14,1.33,0.0,0.0,0.0,0.0,2.39,0.19,0.0,0.0,0.0,0.0,0.0,1.0,1.0,1.0,1.0,1.0,1.0,0.0,0.0,0.0,0.0,1.0,0.0,0.0,0.0,0.1953365775770965,18.139735389470406,17.77216925420174
3133,125.28,0.98,1,0.127,0.334,0.09,-0.112,-0.056,0.03,0.09,0.0,0.03,1.02,3.1,0.2,2.13,2.19,1.33,0.0,0.0,0.0,0.0,2.39,0.33,0.0,0.0,0.0,0.0,0.0,1.0,1.0,1.0,1.0,1.0,1.0,0.0,0.0,0.0,0.0,1.0,0.0,0.0,0.0,0.20531320751039045,18.677526602845376,17.990275150758407
3134,125.32,0.98,1,0.143,0.329,0.084,-0.119,-0.059,0.0,0.09,0.0,0.03,1.07,3.14,0.22,2.14,2.22,1.35,0.0,0.0,0.0,0.0,2.43,0.29,0.0,0.0,0.0,0.0,0.0,1.0,1.0,1.0,1.0,1.0,1.0,0.0,0.0,0.0,0.0,1.0,0.0,0.0,0.0,0.21676952114359221,18.36137249771918,17.66380479964622
3135,125.36,0.98,1,0.134,0.326,0.081,-0.112,-0.068,0.0,0.11,0.0,0.03,1.1,3.3,0.24,2.12,2.28,1.33,0.0,0.0,0.0,0.0,2.51,0.26,0.0,0.0,0.0,0.0,0.0,1.0,1.0,1.0,1.0,1.0,1.0,0.0,0.0,0.0,0.0,1.0,1.0,0.0,0.0,0.21253653396044175,18.5779439120695,18.353473785635195
3136,125.4,0.98,1,0.135,0.322,0.081,-0.109,-0.072,0.0,0.09,0.0,0.0,1.12,3.19,0.24,2.13,2.26,1.29,0.0,0.0,0.0,0.0,2.55,0.1,0.0,0.0,0.0,0.0,0.0,1.0,1.0,1.0,1.0,1.0,1.0,0.0,0.0,0.0,0.0,1.0,1.0,0.0,0.0,0.21344025195738767,18.587361297397752,18.353473785635195
3137,125.44,0.98,1,0.134,0.323,0.079,-0.108,-0.077,0.0,0.09,0.0,0.04,1.1,3.02,0.23,2.16,2.33,1.29,0.0,0.0,0.0,0.0,2.53,0.05,0.0,0.0,0.0,0.0,0.0,1.0,1.0,1.0,1.0,1.0,1.0,0.0,0.0,0.0,0.0,1.0,1.0,0.0,0.0,0.21422990843745054,18.388311504866294,19.059118552545918
3138,125.48,0.98,1,0.139,0.328,0.084,-0.108,-0.08,0.0,0.12,0.0,0.04,1.1,2.73,0.26,2.18,2.34,1.31,0.0,0.0,0.0,0.0,2.56,0.07,0.0,0.0,0.0,0.0,0.0,1.0,1.0,1.0,1.0,1.0,1.0,0.0,0.0,0.0,0.0,1.0,1.0,0.0,0.0,0.21483262441452994,18.298907071188747,19.059118552545918
3139,125.52,0.98,1,0.148,0.324,0.083,-0.108,-0.083,0.0,0.13,0.0,0.04,1.09,2.77,0.29,2.14,2.39,1.39,0.0,0.0,0.0,0.0,2.51,0.13,0.0,0.0,0.0,0.0,0.0,1.0,1.0,1.0,1.0,1.0,1.0,0.0,0.0,0.0,0.0,1.0,1.0,0.0,0.0,0.21141779471248767,18.110770276274835,19.059118552545918
3140,125.56,0.98,1,0.147,0.326,0.087,-0.111,-0.086,0.0,0.13,0.0,0.0,1.09,2.87,0.22,2.15,2.42,1.53,0.0,0.0,0.0,0.0,2.54,0.17,0.0,0.0,0.0,0.0,0.0,1.0,1.0,1.0,1.0,1.0,1.0,0.0,0.0,0.0,0.0,1.0,1.0,0.0,0.0,0.21215215534747556,17.68191166135598,17.90111728356636
3141,125.6,0.98,1,0.155,0.321,0.087,-0.105,-0.094,0.0,0.04,0.0,0.0,1.11,3.06,0.24,2.11,2.51,1.67,0.0,0.0,0.0,0.0,2.59,0.12,0.0,0.0,0.0,0.0,0.0,1.0,1.0,1.0,1.0,1.0,1.0,0.0,0.0,0.0,0.0,1.0,1.0,0.0,0.0,0.2104727216208282,17.492855684535762,18.110770276274835
3142,125.64,0.98,1,0.143,0.321,0.088,-0.106,-0.095,0.0,0.0,0.0,0.04,1.14,3.14,0.2,2.14,2.62,1.75,0.0,0.0,0.0,0.0,2.73,0.06,0.0,0.0,0.0,0.0,0.0,1.0,1.0,1.0,1.0,1.0,1.0,0.0,0.0,0.0,0.0,1.0,1.0,0.0,0.0,0.2167093434739757,17.99027515075862,19.005525512334653
3143,125.68,0.98,1,0.142,0.315,0.085,-0.103,-0.099,0.0,0.0,0.0,0.04,1.28,3.19,0.27,2.24,2.72,1.76,0.0,0.0,0.0,0.0,2.81,0.01,0.0,0.0,0.0,0.0,0.0,1.0,1.0,1.0,1.0,1.0,1.0,0.0,0.0,0.0,0.0,1.0,1.0,0.0,0.0,0.21297982868185372,18.0897761180176,19.413912537147112
3144,125.72,0.98,1,0.138,0.31,0.084,-0.095,-0.101,0.0,0.0,0.0,0.09,1.48,3.39,0.23,2.41,2.86,1.83,0.0,0.0,0.0,0.0,2.85,0.0,0.0,0.0,0.0,0.0,0.0,1.0,1.0,1.0,1.0,1.0,1.0,0.0,0.0,0.0,0.0,1.0,1.0,0.0,0.0,0.20639262070182623,17.863090438107243,19.215098230297876
3145,125.76,0.98,1,0.132,0.32,0.092,-0.092,-0.102,0.0,0.0,0.0,0.05,1.68,3.48,0.28,2.57,2.99,1.99,0.0,0.0,0.0,0.0,2.96,0.0,0.0,0.0,0.0,0.0,0.0,1.0,1.0,1.0,1.0,1.0,1.0,0.0,0.0,0.0,0.0,1.0,1.0,0.0,0.0,0.20609281592126488,17.772169254201966,20.09004728715191
3146,125.8,0.98,1,0.128,0.316,0.095,-0.091,-0.102,0.0,0.0,0.0,0.05,1.82,3.45,0.27,2.59,3.09,2.08,0.0,0.0,0.0,0.0,3.09,0.07,0.0,0.0,0.0,0.0,0.0,1.0,1.0,1.0,1.0,1.0,1.0,0.0,0.0,0.0,0.0,1.0,1.0,0.0,0.0,0.20536691697713477,17.99027515075863,20.072119967756265
3147,125.84,0.98,1,0.121,0.315,0.097,-0.086,-0.1,0.0,0.0,0.0,0.14,1.93,3.44,0.24,2.6,3.17,2.09,0.0,0.0,0.0,0.0,3.27,0.19,0.0,0.0,0.0,0.0,0.0,1.0,1.0,1.0,1.0,1.0,1.0,0.0,0.0,0.0,0.0,1.0,1.0,0.0,0.0,0.2019445662016704,18.080099557248012,19.166898549321857
3148,125.88,0.98,1,0.116,0.303,0.099,-0.084,-0.098,0.0,0.0,0.0,0.14,2.06,3.53,0.21,2.56,3.18,2.03,0.0,0.0,0.0,0.0,3.41,0.39,0.0,0.0,0.0,0.0,0.0,1.0,1.0,1.0,1.0,1.0,1.0,0.0,0.0,0.0,0.0,1.0,1.0,0.0,0.0,0.195252585475997,18.162048342629106,19.657314160383063
3149,125.92,0.98,1,0.112,0.302,0.106,-0.079,-0.096,0.0,0.0,0.0,0.14,2.23,3.7,0.18,2.52,3.21,2.05,0.0,0.0,0.0,0.0,3.52,0.49,0.0,0.0,0.0,0.0,0.0,1.0,1.0,1.0,1.0,1.0,1.0,0.0,0.0,0.0,0.0,1.0,1.0,0.0,0.0,0.19518842620004848,17.980545041794336,19.42086506827138
3150,125.96,0.98,1,0.1,0.313,0.115,-0.069,-0.101,0.0,0.0,0.0,0.02,2.34,3.57,0.16,2.56,3.2,2.12,0.05,0.0,0.0,0.0,3.7,0.48,0.0,0.0,0.0,0.0,0.0,1.0,1.0,1.0,1.0,1.0,1.0,0.0,0.0,0.0,0.0,1.0,1.0,0.0,0.0,0.19105006407520175,18.162048342629333,19.106543381784068
3151,126.0,0.98,1,0.083,0.315,0.107,-0.065,-0.104,0.0,0.0,0.0,0.02,2.38,3.41,0.08,2.54,3.2,2.18,0.05,0.0,0.0,0.0,3.78,0.44,0.0,0.0,0.0,0.0,0.0,1.0,1.0,1.0,1.0,1.0,1.0,0.0,0.0,0.0,0.0,1.0,1.0,0.0,0.0,0.167482959011014,18.039955654047485,20.10895322984258
3152,126.04,0.98,1,0.065,0.304,0.098,-0.056,-0.105,0.0,0.0,0.0,0.02,2.37,3.3,0.03,2.61,3.18,2.23,0.05,0.0,0.0,0.0,3.76,0.44,0.0,0.0,0.0,0.0,0.0,1.0,1.0,1.0,1.0,1.0,1.0,0.0,0.0,0.0,0.0,1.0,1.0,0.0,0.0,0.1675504905344877,18.24636950190371,20.008997975910738
3153,126.08,0.98,1,0.066,0.302,0.098,-0.052,-0.107,0.0,0.0,0.0,0.03,2.39,3.32,0.01,2.55,3.15,2.34,0.0,0.0,0.0,0.0,3.73,0.55,0.0,0.0,0.0,0.0,0.0,1.0,1.0,1.0,1.0,1.0,1.0,0.0,0.0,0.0,0.0,1.0,1.0,0.0,0.0,0.16414743530176557,18.461040057374973,20.00399960007998
3154,126.12,0.98,1,0.057,0.294,0.091,-0.046,-0.106,0.0,0.0,0.0,0.04,2.42,3.44,0.04,2.56,3.14,2.38,0.02,0.0,0.0,0.0,3.75,0.6,0.0,0.0,0.0,0.0,0.0,1.0,1.0,1.0,1.0,1.0,1.0,0.0,0.0,0.0,0.0,1.0,1.0,0.0,0.0,0.1644955674497358,18.54561942885705,19.801010075246115
3155,126.16,0.98,1,0.055,0.286,0.084,-0.034,-0.11,0.0,0.0,0.0,0.06,2.47,3.49,0.13,2.47,3.15,2.37,0.02,0.0,0.0,0.0,3.91,0.75,0.01,0.0,0.0,0.0,0.0,1.0,1.0,1.0,1.0,1.0,1.0,0.0,0.0,0.0,0.0,1.0,1.0,0.0,0.0,0.16234161484899723,18.931983519959115,19.501025614054253
3156,126.2,0.98,1,0.049,0.291,0.086,-0.02,-0.104,0.0,0.0,0.0,0.04,2.37,3.46,0.19,2.39,3.16,2.24,0.02,0.0,0.09,0.0,3.96,1.02,0.04,0.0,0.0,0.0,0.0,1.0,1.0,1.0,1.0,1.0,1.0,0.0,0.0,0.0,0.0,1.0,1.0,0.0,0.0,0.16108206269728334,18.552897347853783,19.91230775173974
3157,126.24,0.98,1,0.03,0.301,0.095,-0.018,-0.081,0.0,0.0,0.0,0.02,2.26,3.54,0.28,2.26,3.18,2.12,0.0,0.0,0.16,0.0,4.12,1.47,0.04,0.0,0.0,0.0,0.0,1.0,1.0,1.0,1.0,1.0,1.0,0.0,0.0,0.0,0.0,1.0,1.0,0.0,0.0,0.16176113344719295,19.026297590440446,20.62425756239473
3158,126.28,0.98,1,0.02,0.308,0.119,-0.02,-0.07,0.0,0.0,0.0,0.0,2.1,3.49,0.26,2.18,3.17,2.05,0.0,0.0,0.2,0.0,4.21,1.82,0.03,0.0,0.0,0.0,0.0,1.0,1.0,1.0,1.0,1.0,1.0,0.0,0.0,0.0,0.0,1.0,1.0,0.0,0.0,0.1619783064593988,18.453184007103037,21.01523257068548
3159,126.32,0.98,1,0.011,0.31,0.118,-0.016,-0.066,0.0,0.0,0.0,0.0,2.05,3.49,0.28,2.13,3.15,1.97,0.0,0.0,0.16,0.0,4.3,1.97,0.0,0.0,0.0,0.0,0.0,1.0,1.0,1.0,1.0,1.0,1.0,0.0,0.0,0.0,0.0,1.0,1.0,0.0,0.0,0.1567116177627516,19.536888186197928,20.324615617521484
3160,126.36,0.98,1,0.02,0.313,0.125,-0.019,-0.066,0.0,0.0,0.0,0.0,2.01,3.5,0.22,2.17,3.13,1.99,0.0,0.01,0.17,0.0,4.22,2.04,0.0,0.0,0.0,0.0,0.0,1.0,1.0,1.0,1.0,1.0,1.0,0.0,0.0,0.0,0.0,1.0,1.0,0.0,0.0,0.15788402389205697,19.05150912657578,20.42963533693136
3161,126.4,0.98,1,0.019,0.322,0.129,-0.022,-0.065,0.0,0.0,0.0,0.0,1.99,3.56,0.14,2.11,3.1,2.1,0.0,0.01,0.17,0.0,4.18,2.05,0.02,0.0,0.0,0.0,0.0,1.0,1.0,1.0,1.0,1.0,1.0,0.0,0.0,0.0,0.0,1.0,1.0,0.0,0.0,0.1556683288175509,18.677526602845365,20.14869722835688
3162,126.44,0.98,1,0.019,0.324,0.131,-0.016,-0.067,0.0,0.0,0.0,0.0,1.99,3.7,0.07,2.1,3.12,2.24,0.0,0.05,0.17,0.0,4.19,2.11,0.02,0.0,0.0,0.0,0.0,1.0,1.0,1.0,1.0,1.0,1.0,0.0,0.0,0.0,0.0,1.0,1.0,0.0,0.0,0.15242719903718646,19.258504614844885,19.949185447030025
3163,126.48,0.98,1,0.016,0.326,0.139,-0.014,-0.069,0.0,0.0,0.0,0.0,1.95,3.61,0.04,2.05,3.11,2.31,0.0,0.08,0.19,0.0,4.26,2.08,0.02,0.0,0.0,0.0,0.0,1.0,1.0,1.0,1.0,1.0,1.0,0.0,0.0,0.0,0.0,1.0,1.0,0.0,0.0,0.15235474590165163,18.885973631242805,20.519746587129188
3164,126.52,0.98,1,0.013,0.336,0.144,-0.009,-0.069,0.0,0.0,0.0,0.03,1.93,3.59,0.09,2.08,3.13,2.3,0.0,0.12,0.23,0.0,4.28,2.14,0.0,0.0,0.0,0.0,0.0,1.0,1.0,1.0,1.0,1.0,1.0,0.0,0.0,0.0,0.0,1.0,1.0,0.0,0.0,0.15470920404398752,19.158809983921373,20.224737328331408
3165,126.56,0.98,1,0.006,0.329,0.146,-0.005,-0.062,0.0,0.0,0.0,0.03,1.93,3.57,0.12,2.09,3.11,2.26,0.0,0.09,0.28,0.0,4.35,2.16,0.0,0.0,0.0,0.0,0.0,1.0,1.0,1.0,1.0,1.0,1.0,0.0,0.0,0.0,0.0,1.0,1.0,0.0,0.0,0.1519837426610553,19.74284680586875,20.419843290290054
3166,126.6,0.98,1,0.003,0.336,0.152,-0.001,-0.056,0.0,0.0,0.0,0.03,1.93,3.82,0.19,2.04,3.07,2.2,0.0,0.08,0.24,0.0,4.19,2.2,0.0,0.0,0.0,0.0,0.0,1.0,1.0,1.0,1.0,1.0,1.0,0.0,0.0,0.0,0.0,1.0,1.0,0.0,0.0,0.15083854834316712,19.337269714207512,19.94241710525591
3167,126.64,0.98,1,0.012,0.347,0.161,-0.001,-0.049,0.0,0.0,0.0,0.0,1.97,3.99,0.29,2.02,2.99,2.13,0.0,0.05,0.31,0.0,4.1,2.22,0.0,0.0,0.0,0.0,0.0,1.0,1.0,1.0,1.0,1.0,1.0,0.0,0.0,0.0,0.0,1.0,1.0,0.0,0.0,0.15205969364839356,20.035967658189104,19.830532015051897
3168,126.68,0.98,1,0.015,0.364,0.166,0.001,-0.045,0.0,0.0,0.0,0.0,1.95,4.09,0.44,1.95,2.9,2.07,0.0,0.06,0.43,0.0,3.89,2.3,0.02,0.0,0.0,0.0,0.0,1.0,1.0,1.0,1.0,1.0,1.0,0.0,0.0,0.0,0.0,1.0,1.0,0.0,0.0,0.1494115887715455,20.020239758804088,20.647518010647104
3169,126.72,0.98,1,-0.0,0.369,0.168,0.004,-0.044,0.0,0.0,0.0,0.0,1.96,4.02,0.51,1.9,2.84,2.03,0.0,0.11,0.64,0.0,3.91,2.3,0.07,0.0,0.0,0.0,0.0,1.0,1.0,1.0,1.0,1.0,1.0,0.0,0.0,0.0,0.0,1.0,1.0,0.0,0.0,0.14715101908956543,19.6206523846687,20.348218595248152
3170,126.76,0.98,1,0.007,0.372,0.171,-0.003,-0.046,0.0,0.0,0.0,0.0,1.98,4.09,0.55,1.85,2.81,2.06,0.0,0.11,0.75,0.0,3.89,2.28,0.19,0.0,0.0,0.0,0.0,1.0,1.0,1.0,1.0,1.0,1.0,0.0,0.0,0.0,0.0,1.0,1.0,0.0,0.0,0.1491428978308721,19.94918544703025,19.73068675946181
3171,126.8,0.98,1,0.017,0.375,0.171,-0.002,-0.057,0.0,0.0,0.0,0.0,2.07,4.0,0.51,1.83,2.87,1.97,0.0,0.12,0.7,0.0,3.89,2.25,0.22,0.0,0.0,0.0,0.0,1.0,1.0,1.0,1.0,1.0,1.0,0.0,0.0,0.0,0.0,1.0,1.0,0.0,0.0,0.14690807476656276,19.636700333813863,19.343732835210428
3172,126.84,0.98,1,0.01,0.356,0.166,-0.003,-0.074,0.0,0.0,0.0,0.0,2.09,3.95,0.43,1.85,2.95,1.9,0.0,0.03,0.57,0.0,3.87,2.15,0.23,0.0,0.0,0.0,0.0,1.0,1.0,1.0,1.0,1.0,1.0,0.0,0.0,0.0,0.0,1.0,1.0,0.0,0.0,0.1475717385184479,19.46586756350702,19.657314160383176
3173,126.88,0.98,1,0.01,0.341,0.159,-0.004,-0.091,0.0,0.0,0.0,0.0,2.09,3.72,0.23,1.83,3.04,1.81,0.0,0.03,0.44,0.0,3.86,2.08,0.12,0.0,0.0,0.0,0.0,1.0,1.0,1.0,1.0,1.0,1.0,0.0,0.0,0.0,0.0,1.0,1.0,0.0,0.0,0.1479037886903179,19.981241202687947,19.97248106770912
3174,126.92,0.98,1,0.024,0.333,0.155,-0.007,-0.101,0.0,0.0,0.0,0.0,2.07,3.61,0.11,1.87,3.06,1.83,0.0,0.0,0.41,0.0,3.88,1.95,0.12,0.0,0.0,0.0,0.0,1.0,1.0,1.0,1.0,1.0,1.0,0.0,0.0,0.0,0.0,1.0,1.0,0.0,0.0,0.15097972663996825,19.358202395883723,21.3138452654606
3175,126.96,0.98,1,0.032,0.327,0.148,-0.004,-0.114,0.0,0.0,0.0,0.0,2.07,3.48,0.02,1.85,3.07,1.87,0.0,0.0,0.4,0.0,3.86,1.94,0.06,0.0,0.0,0.0,0.0,1.0,1.0,1.0,1.0,1.0,1.0,0.0,0.0,0.0,0.0,1.0,1.0,0.0,0.0,0.1508384002326751,19.513328778042837,20.73933460841984
3176,127.0,0.98,1,0.023,0.31,0.142,-0.0,-0.124,0.0,0.0,0.0,0.0,2.06,3.41,0.05,1.88,3.08,1.89,0.0,0.0,0.46,0.0,3.84,1.9,0.06,0.0,0.0,0.0,0.0,1.0,1.0,1.0,1.0,1.0,1.0,0.0,0.0,0.0,0.0,1.0,1.0,0.0,0.0,0.146927485675076,19.791412279066716,21.821548982599786
3177,127.04,0.98,1,0.018,0.313,0.143,0.004,-0.131,0.0,0.0,0.0,0.0,2.01,3.41,0.06,1.84,3.09,1.91,0.0,0.0,0.43,0.0,3.8,1.89,0.15,0.0,0.0,0.0,0.0,1.0,1.0,1.0,1.0,1.0,1.0,0.0,0.0,0.0,0.0,1.0,1.0,0.0,0.0,0.1450107437252251,19.513328778043064,21.32439917090285
3178,127.08,0.98,1,0.011,0.318,0.148,0.011,-0.134,0.0,0.0,0.0,0.0,2.04,3.36,0.12,1.84,3.12,1.89,0.0,0.0,0.4,0.0,3.76,1.84,0.21,0.0,0.0,0.0,0.0,1.0,1.0,1.0,1.0,1.0,1.0,0.0,0.0,0.0,0.0,1.0,1.0,0.0,0.0,0.14587852610376748,18.840912929048887,21.722108553268967
3179,127.12,0.98,1,0.002,0.321,0.149,0.014,-0.132,0.0,0.0,0.0,0.0,2.02,3.43,0.15,1.84,3.11,1.9,0.0,0.0,0.37,0.0,3.73,1.76,0.25,0.0,0.0,0.0,0.0,1.0,1.0,1.0,1.0,1.0,1.0,0.0,0.0,0.0,0.0,1.0,1.0,0.0,0.0,0.1425329421905236,19.448650338776677,21.413313615599016
3180,127.16,0.98,1,0.018,0.325,0.159,0.012,-0.129,0.0,0.0,0.0,0.0,1.99,3.4,0.17,1.86,3.09,1.88,0.0,0.0,0.39,0.0,3.78,1.74,0.09,0.0,0.0,0.0,0.0,1.0,1.0,1.0,1.0,1.0,1.0,0.0,0.0,0.0,0.0,1.0,1.0,0.0,0.0,0.1454340583452734,19.782062582046436,21.413313615599016
3181,127.2,0.98,1,0.009,0.326,0.151,0.007,-0.118,0.0,0.0,0.0,0.0,1.94,3.39,0.13,1.93,3.05,1.92,0.0,0.0,0.51,0.0,3.9,1.81,0.08,0.0,0.0,0.0,0.0,1.0,1.0,1.0,1.0,1.0,1.0,0.0,0.0,0.0,0.0,1.0,1.0,0.0,0.0,0.14713872336446746,19.582900704441112,20.9160225664442
3182,127.24,0.98,1,0.002,0.324,0.149,0.001,-0.113,0.0,0.0,0.0,0.0,2.0,3.37,0.13,1.95,3.06,1.87,0.0,0.0,0.51,0.0,3.98,1.81,0.04,0.0,0.0,0.0,0.0,1.0,1.0,1.0,1.0,1.0,1.0,0.0,0.0,0.0,0.0,1.0,1.0,0.0,0.0,0.14907862398755112,19.691876497682916,21.40327077808432
3183,127.28,0.98,1,0.006,0.307,0.138,0.0,-0.109,0.0,0.0,0.0,0.0,1.99,3.27,0.12,2.04,3.07,1.93,0.0,0.01,0.54,0.0,4.05,1.76,0.04,0.0,0.0,0.0,0.0,1.0,1.0,1.0,1.0,1.0,1.0,0.0,0.0,0.0,0.0,1.0,1.0,0.0,0.0,0.14713363009742855,20.171762441591603,21.303755537463275
3184,127.32,0.98,1,0.012,0.313,0.14,-0.005,-0.103,0.0,0.0,0.0,0.0,2.02,3.34,0.17,2.12,3.11,1.97,0.0,0.01,0.43,0.0,4.05,1.58,0.0,0.0,0.0,0.0,0.0,1.0,1.0,1.0,1.0,1.0,1.0,0.0,0.0,0.0,0.0,1.0,1.0,0.0,0.0,0.1488191735548341,19.457903278616726,20.97736875778284
3185,127.36,0.98,1,0.013,0.323,0.148,-0.01,-0.103,0.0,0.0,0.0,0.0,1.99,3.37,0.2,2.17,3.12,2.05,0.0,0.02,0.35,0.0,4.08,1.61,0.0,0.0,0.0,0.0,0.0,1.0,1.0,1.0,1.0,1.0,1.0,0.0,0.0,0.0,0.0,1.0,1.0,0.0,0.0,0.1516866691904299,19.565530915362356,20.995475703112778
3186,127.4,0.98,1,0.023,0.32,0.137,-0.013,-0.096,0.0,0.0,0.0,0.0,2.05,3.47,0.26,2.13,3.14,2.06,0.0,0.04,0.29,0.0,4.05,1.62,0.0,0.0,0.0,0.0,0.0,1.0,1.0,1.0,1.0,1.0,1.0,0.0,0.0,0.0,0.0,1.0,1.0,0.0,0.0,0.15276054963800784,19.85673689204745,20.09975124224178
3187,127.44,0.98,1,0.018,0.315,0.135,-0.017,-0.092,0.0,0.0,0.0,0.0,1.99,3.52,0.25,2.12,3.12,2.05,0.0,0.1,0.18,0.0,4.11,1.81,0.0,0.0,0.0,0.0,0.0,1.0,1.0,1.0,1.0,1.0,1.0,0.0,0.0,0.0,0.0,1.0,1.0,0.0,0.0,0.1546576926365893,20.271408436514527,20.607280266934794
3188,127.48,0.98,1,0.016,0.31,0.129,-0.021,-0.087,0.0,0.0,0.0,0.0,1.92,3.47,0.25,2.13,3.1,1.98,0.0,0.09,0.1,0.0,4.17,1.82,0.0,0.0,0.0,0.0,0.0,1.0,1.0,1.0,1.0,1.0,1.0,0.0,0.0,0.0,0.0,1.0,1.0,0.0,0.0,0.156274010274361,20.455072720476807,20.70676218050509
3189,127.52,0.98,1,0.02,0.31,0.13,-0.02,-0.086,0.0,0.0,0.0,0.0,1.87,3.5,0.27,2.18,3.11,2.02,0.0,0.06,0.01,0.0,4.18,1.78,0.0,0.0,0.0,0.0,0.0,1.0,1.0,1.0,1.0,1.0,1.0,0.0,0.0,0.0,0.0,1.0,1.0,0.0,0.0,0.15487019096694693,19.84943324127917,20.696859665176397
3190,127.56,0.98,1,0.023,0.314,0.127,-0.022,-0.085,0.0,0.0,0.0,0.0,1.86,3.57,0.32,2.12,3.06,2.08,0.0,0.03,0.0,0.0,4.05,1.61,0.0,0.0,0.0,0.0,0.0,1.0,1.0,1.0,1.0,1.0,1.0,0.0,0.0,0.0,0.0,1.0,1.0,0.0,0.0,0.15456295098533074,19.75702406740453,20.109947787102783
3191,127.6,0.98,1,0.025,0.313,0.127,-0.027,-0.081,0.0,0.0,0.0,0.0,1.88,3.79,0.39,2.09,3.06,2.13,0.0,0.03,0.0,0.0,3.95,1.55,0.0,0.0,0.0,0.0,0.0,1.0,1.0,1.0,1.0,1.0,1.0,0.0,0.0,0.0,0.0,1.0,1.0,0.0,0.0,0.15389626926830838,19.54328529188478,19.864541273334208
3192,127.64,0.98,1,0.024,0.317,0.128,-0.032,-0.076,0.0,0.0,0.0,0.0,1.85,3.83,0.4,2.04,3.09,2.02,0.0,0.06,0.0,0.0,3.89,1.52,0.0,0.0,0.0,0.0,0.0,1.0,1.0,1.0,1.0,1.0,1.0,0.0,0.0,0.0,0.0,1.0,1.0,0.0,0.0,0.1569593168590424,19.051509126575773,20.1558924386889
3193,127.68,0.98,1,0.027,0.317,0.128,-0.036,-0.068,0.0,0.0,0.0,0.0,1.83,3.78,0.4,2.11,3.14,1.9,0.0,0.03,0.0,0.0,3.87,1.53,0.0,0.0,0.0,0.0,0.0,1.0,1.0,1.0,1.0,1.0,1.0,0.0,0.0,0.0,0.0,1.0,1.0,0.0,0.0,0.15705129969039297,19.44350791395408,19.864541273334208
3194,127.72,0.98,1,0.03,0.32,0.128,-0.042,-0.062,0.0,0.0,0.0,0.0,1.85,3.77,0.29,2.23,3.18,1.94,0.0,0.03,0.0,0.0,3.76,1.29,0.0,0.0,0.0,0.0,0.0,1.0,1.0,1.0,1.0,1.0,1.0,0.0,0.0,0.0,0.0,1.0,1.0,0.0,0.0,0.1598633470286134,19.33726971420728,20.163581031156284
3195,127.76,0.98,1,0.045,0.308,0.109,-0.054,-0.085,0.0,0.0,0.0,0.0,1.91,3.82,0.23,2.4,3.15,2.01,0.0,0.0,0.0,0.0,3.7,1.04,0.0,0.0,0.0,0.0,0.0,1.0,1.0,1.0,1.0,1.0,1.0,0.0,0.0,0.0,0.0,1.0,1.0,0.0,0.0,0.16502064086973559,19.531000998412754,21.146394491733243
3196,127.8,0.98,1,0.053,0.308,0.106,-0.055,-0.092,0.0,0.0,0.0,0.0,1.99,3.77,0.16,2.42,3.12,2.12,0.0,0.0,0.0,0.0,3.66,0.68,0.0,0.0,0.0,0.0,0.0,1.0,1.0,1.0,1.0,1.0,1.0,0.0,0.0,0.0,0.0,1.0,1.0,0.0,0.0,0.1671696593702518,19.325889371514013,21.345959805077822
3197,127.84,0.98,1,0.053,0.305,0.102,-0.051,-0.091,0.0,0.0,0.0,0.0,2.06,3.73,0.2,2.43,3.11,2.12,0.0,0.0,0.0,0.0,3.69,0.55,0.0,0.0,0.0,0.0,0.0,1.0,1.0,1.0,1.0,1.0,1.0,0.0,0.0,0.0,0.0,1.0,1.0,0.0,0.0,0.16472995892189968,19.42575609854079,20.834586628968626
3198,127.88,0.98,1,0.058,0.314,0.107,-0.058,-0.085,0.0,0.0,0.0,0.0,2.06,3.66,0.22,2.31,3.13,2.2,0.0,0.0,0.0,0.0,3.69,0.46,0.0,0.0,0.0,0.0,0.0,1.0,1.0,1.0,1.0,1.0,1.0,0.0,0.0,0.0,0.0,1.0,1.0,0.0,0.0,0.16453478311776853,19.116746585128055,20.829066229670453
3199,127.92,0.98,1,0.063,0.305,0.1,-0.063,-0.081,0.0,0.0,0.0,0.0,2.02,3.61,0.18,2.35,3.17,2.2,0.0,0.0,0.0,0.0,3.74,0.42,0.0,0.0,0.0,0.0,0.0,1.0,1.0,1.0,1.0,1.0,1.0,0.0,0.0,0.0,0.0,1.0,1.0,0.0,0.0,0.16702123672362393,19.00657780874821,20.829066229670453
3200,127.96,0.98,1,0.058,0.298,0.098,-0.065,-0.079,0.0,0.0,0.0,0.0,1.96,3.39,0.13,2.36,3.2,2.22,0.01,0.0,0.0,0.0,3.73,0.39,0.0,0.0,0.0,0.0,0.0,1.0,1.0,1.0,1.0,1.0,1.0,0.0,0.0,0.0,0.0,1.0,1.0,0.0,0.0,0.1695361602121122,19.021303845951252,20.524375751773793
3201,128.0,0.98,1,0.05,0.289,0.099,-0.058,-0.079,0.0,0.0,0.0,0.0,1.97,3.33,0.08,2.43,3.19,2.15,0.01,0.0,0.0,0.0,3.7,0.36,0.0,0.0,0.0,0.0,0.0,1.0,1.0,1.0,1.0,1.0,1.0,0.0,0.0,0.0,0.0,1.0,1.0,0.0,0.0,0.16664306639659354,19.512560057562926,20.711832367031217
3202,128.04,0.98,1,0.047,0.296,0.096,-0.055,-0.076,0.0,0.0,0.0,0.0,1.95,3.1,0.07,2.38,3.17,2.17,0.01,0.0,0.0,0.0,3.7,0.36,0.15,0.0,0.0,0.0,0.0,1.0,1.0,1.0,1.0,1.0,1.0,0.0,0.0,0.0,0.0,1.0,1.0,0.0,0.0,0.16638905967734663,19.812369873389663,20.911719202399272
3203,128.08,0.98,1,0.041,0.285,0.084,-0.051,-0.072,0.05,0.0,0.0,0.0,1.88,2.74,0.04,2.4,3.16,2.31,0.09,0.0,0.0,0.0,3.71,0.28,0.76,0.0,0.0,0.0,0.0,1.0,1.0,1.0,1.0,1.0,1.0,0.0,0.0,0.0,0.0,1.0,1.0,0.0,0.0,0.17797879544339235,19.10942175995905,19.36620768245549
3204,128.12,0.98,1,-0.032,0.412,0.082,-0.063,-0.063,0.16,0.03,0.0,0.0,1.76,2.32,0.0,2.45,3.14,2.39,0.09,0.0,0.0,0.0,3.74,0.15,1.3,0.0,0.0,0.0,0.0,1.0,1.0,1.0,1.0,1.0,1.0,0.0,0.0,0.0,0.0,1.0,1.0,0.0,0.0,0.10325255952270629,18.01776900728833,20.063897926375116
3205,128.16,0.98,1,0.0,0.379,0.07,-0.064,-0.061,0.19,0.06,0.0,0.0,1.75,2.36,0.09,2.54,3.08,2.36,0.09,0.0,0.0,0.0,3.67,0.13,1.42,0.0,0.0,0.0,0.0,1.0,1.0,1.0,1.0,1.0,1.0,0.0,0.0,0.0,0.0,1.0,1.0,0.0,0.0,0.1441936071270114,17.707060738586787,17.204650534085303
3206,128.2,0.98,1,0.011,0.326,0.083,-0.048,-0.062,0.14,0.16,0.0,0.04,1.78,2.65,0.15,2.52,3.01,2.15,0.0,0.0,0.0,0.0,3.65,0.12,1.08,0.0,0.0,0.0,0.0,1.0,1.0,1.0,1.0,1.0,1.0,0.0,0.0,0.0,0.0,1.0,1.0,0.0,0.0,0.11819361501096295,18.104419349981836,19.630843079195692
3207,128.24,0.98,1,0.038,0.3,0.085,-0.054,-0.059,0.02,0.13,0.0,0.04,1.84,3.0,0.26,2.51,2.99,2.03,0.0,0.0,0.0,0.0,3.53,0.14,0.61,0.0,0.0,0.0,0.0,1.0,1.0,1.0,1.0,1.0,1.0,0.0,0.0,0.0,0.0,1.0,1.0,0.0,0.0,0.1482881625588628,17.402586014727902,18.039955654047485
3208,128.28,0.98,1,0.033,0.319,0.087,-0.068,-0.055,0.0,0.11,0.0,0.07,1.8,3.06,0.23,2.47,3.0,2.0,0.0,0.0,0.0,0.0,3.46,0.13,0.41,0.0,0.0,0.0,0.0,1.0,1.0,1.0,1.0,1.0,1.0,0.0,0.0,0.0,0.0,1.0,1.0,0.0,0.0,0.152270507088116,18.302458851203525,17.95466513193702
3209,128.32,0.98,1,0.05,0.305,0.088,-0.064,-0.056,0.0,0.0,0.0,0.03,1.76,3.15,0.27,2.44,2.99,1.98,0.0,0.0,0.0,0.0,3.34,0.15,0.23,0.0,0.0,0.0,0.0,1.0,1.0,1.0,1.0,1.0,1.0,0.0,0.0,0.0,0.0,1.0,1.0,0.0,0.0,0.15363755376159424,18.406792224610864,18.154062906137703
3210,128.36,0.98,1,0.049,0.309,0.092,-0.062,-0.06,0.0,0.0,0.0,0.03,1.72,3.18,0.21,2.42,2.96,2.0,0.0,0.0,0.0,0.0,3.36,0.18,0.21,0.0,0.0,0.0,0.0,1.0,1.0,1.0,1.0,1.0,1.0,0.0,0.0,0.0,0.0,1.0,1.0,0.0,0.0,0.1559867075964921,18.23951753747894,19.231484602079004
3211,128.4,0.98,1,0.046,0.316,0.09,-0.064,-0.061,0.0,0.0,0.0,0.0,1.77,3.19,0.21,2.43,2.97,2.09,0.0,0.0,0.0,0.0,3.43,0.2,0.14,0.0,0.0,0.0,0.0,1.0,1.0,1.0,1.0,1.0,1.0,0.0,0.0,0.0,0.0,1.0,1.0,0.0,0.0,0.16065089953817036,18.31747799234377,19.22602402994446
3212,128.44,0.98,1,0.052,0.319,0.097,-0.065,-0.064,0.0,0.0,0.0,0.0,1.83,3.19,0.15,2.47,3.0,2.14,0.0,0.0,0.0,0.0,3.49,0.26,0.04,0.0,0.0,0.0,0.0,1.0,1.0,1.0,1.0,1.0,1.0,0.0,0.0,0.0,0.0,1.0,1.0,0.0,0.0,0.16493090827122764,18.713097017864296,19.520758181996932
3213,128.48,0.98,1,0.063,0.309,0.086,-0.062,-0.062,0.0,0.0,0.0,0.0,1.9,3.31,0.2,2.51,3.02,2.1,0.0,0.0,0.0,0.0,3.48,0.3,0.0,0.0,0.0,0.0,0.0,1.0,1.0,1.0,1.0,1.0,1.0,0.0,0.0,0.0,0.0,1.0,1.0,0.0,0.0,0.1617220594112599,19.209372712298592,19.61631973638267
3214,128.52,0.98,1,0.06,0.317,0.091,-0.061,-0.063,0.0,0.0,0.0,0.0,1.93,3.46,0.26,2.51,3.01,1.97,0.0,0.0,0.0,0.0,3.45,0.31,0.0,0.0,0.0,0.0,0.0,1.0,1.0,1.0,1.0,1.0,1.0,0.0,0.0,0.0,0.0,1.0,1.0,0.0,0.0,0.15909815437444463,19.309324172533803,20.020239758804088
3215,128.56,0.98,1,0.057,0.31,0.082,-0.062,-0.06,0.0,0.0,0.0,0.0,1.91,3.45,0.33,2.44,2.96,1.9,0.0,0.0,0.0,0.0,3.41,0.31,0.0,0.0,0.0,0.0,0.0,1.0,1.0,1.0,1.0,1.0,1.0,0.0,0.0,0.0,0.0,1.0,1.0,0.0,0.0,0.16140045990626622,19.409276132818416,20.220039564748674
3216,128.6,0.98,1,0.054,0.319,0.09,-0.063,-0.062,0.0,0.0,0.0,0.0,1.89,3.47,0.32,2.39,2.95,1.92,0.0,0.0,0.0,0.0,3.38,0.34,0.0,0.0,0.0,0.0,0.0,1.0,1.0,1.0,1.0,1.0,1.0,0.0,0.0,0.0,0.0,1.0,1.0,0.0,0.0,0.16223888240874,19.42086506827115,20.819462048765992
3217,128.64,0.98,1,0.057,0.316,0.089,-0.065,-0.064,0.0,0.0,0.0,0.0,1.86,3.44,0.32,2.34,2.94,1.99,0.0,0.0,0.0,0.0,3.43,0.36,0.0,0.0,0.0,0.0,0.0,1.0,1.0,1.0,1.0,1.0,1.0,0.0,0.0,0.0,0.0,1.0,1.0,0.0,0.0,0.16513051099884285,19.41262475813107,20.335437049643126
3218,128.68,0.98,1,0.056,0.316,0.086,-0.066,-0.067,0.0,0.0,0.0,0.0,1.85,3.49,0.35,2.41,2.98,1.99,0.0,0.0,0.0,0.0,3.38,0.38,0.0,0.0,0.0,0.0,0.0,1.0,1.0,1.0,1.0,1.0,1.0,0.0,0.0,0.0,0.0,1.0,1.0,0.0,0.0,0.1649825270894624,19.316573195057092,20.03596765818911
3219,128.72,0.98,1,0.058,0.305,0.078,-0.061,-0.07,0.0,0.0,0.0,0.02,1.86,3.51,0.36,2.4,2.99,1.88,0.0,0.0,0.0,0.0,3.38,0.42,0.0,0.0,0.0,0.0,0.0,1.0,1.0,1.0,1.0,1.0,1.0,0.0,0.0,0.0,0.0,1.0,1.0,0.0,0.0,0.1658619052199221,19.520758181996932,20.130076999355868
3220,128.76,0.98,1,0.062,0.313,0.083,-0.059,-0.074,0.0,0.0,0.0,0.02,1.85,3.35,0.3,2.41,3.0,1.72,0.0,0.0,0.0,0.0,3.35,0.49,0.0,0.0,0.0,0.0,0.0,1.0,1.0,1.0,1.0,1.0,1.0,0.0,0.0,0.0,0.0,1.0,1.0,0.0,0.0,0.16481221189767192,19.42086506827115,20.024984394500787
3221,128.8,0.98,1,0.062,0.303,0.076,-0.056,-0.074,0.01,0.0,0.0,0.02,1.89,3.35,0.23,2.41,3.0,1.71,0.0,0.0,0.0,0.0,3.36,0.47,0.0,0.0,0.0,0.0,0.0,1.0,1.0,1.0,1.0,1.0,1.0,0.0,0.0,0.0,0.0,1.0,1.0,0.0,0.0,0.1646321538816587,19.231484602079004,20.547749268472202
3222,128.84,0.98,1,0.059,0.305,0.075,-0.055,-0.075,0.03,0.0,0.0,0.0,1.88,3.32,0.18,2.39,2.99,1.78,0.0,0.0,0.0,0.0,3.36,0.42,0.0,0.0,0.0,0.0,0.0,1.0,1.0,1.0,1.0,1.0,1.0,0.0,0.0,0.0,0.0,1.0,1.0,0.0,0.0,0.16443765848267666,19.13164917094176,20.41568024827984
3223,128.88,0.98,1,0.053,0.307,0.078,-0.056,-0.075,0.04,0.0,0.0,0.0,1.85,3.33,0.19,2.36,2.96,1.92,0.0,0.0,0.0,0.0,3.32,0.35,0.0,0.0,0.0,0.0,0.0,1.0,1.0,1.0,1.0,1.0,1.0,0.0,0.0,0.0,0.0,1.0,1.0,0.0,0.0,0.1663460168304052,19.231484602079004,20.711832367031217
3224,128.92,0.98,1,0.047,0.304,0.078,-0.052,-0.075,0.04,0.0,0.0,0.01,1.78,3.28,0.23,2.3,2.9,1.94,0.0,0.0,0.0,0.0,3.33,0.32,0.0,0.0,0.0,0.0,0.0,1.0,1.0,1.0,1.0,1.0,1.0,0.0,0.0,0.0,0.0,1.0,1.0,0.0,0.0,0.1692268324383872,19.42575609854079,21.123683390924175
3225,128.96,0.98,1,0.048,0.303,0.079,-0.053,-0.073,0.01,0.0,0.0,0.01,1.86,3.29,0.26,2.36,2.91,1.93,0.0,0.0,0.0,0.0,3.42,0.37,0.0,0.0,0.0,0.0,0.0,1.0,1.0,1.0,1.0,1.0,1.0,0.0,0.0,0.0,0.0,1.0,1.0,0.0,0.0,0.16973480317976425,19.7205476597381,21.319005605327796
3226,129.0,0.98,1,0.04,0.3,0.078,-0.051,-0.07,0.0,0.0,0.0,0.01,1.93,3.44,0.27,2.41,2.95,1.9,0.0,0.0,0.0,0.0,3.42,0.42,0.0,0.0,0.0,0.0,0.0,1.0,1.0,1.0,1.0,1.0,1.0,0.0,0.0,0.0,0.0,1.0,1.0,0.0,0.0,0.17538242313497776,20.120139164528567,19.906280415989414
3227,129.04,0.98,1,0.037,0.3,0.085,-0.048,-0.068,0.0,0.0,0.0,0.02,1.98,3.39,0.26,2.49,2.99,1.94,0.0,0.0,0.0,0.0,3.44,0.44,0.0,0.0,0.0,0.0,0.0,1.0,1.0,1.0,1.0,1.0,1.0,0.0,0.0,0.0,0.0,1.0,1.0,0.0,0.0,0.1727745641881382,19.816155025635197,19.901004999748217
3228,129.08,0.98,1,0.037,0.286,0.082,-0.047,-0.066,0.0,0.0,0.0,0.15,1.93,3.29,0.26,2.57,3.0,2.01,0.0,0.0,0.0,0.0,3.43,0.34,0.0,0.0,0.0,0.0,0.0,1.0,1.0,1.0,1.0,1.0,1.0,0.0,0.0,0.0,0.0,1.0,1.0,0.0,0.0,0.1734365466588743,20.208908926510652,20.002249873451735
3229,129.12,0.98,1,0.037,0.296,0.084,-0.046,-0.065,0.0,0.0,0.0,0.15,1.93,3.35,0.29,2.6,2.99,2.08,0.0,0.0,0.0,0.0,3.5,0.24,0.0,0.0,0.0,0.0,0.0,1.0,1.0,1.0,1.0,1.0,1.0,0.0,0.0,0.0,0.0,1.0,1.0,0.0,0.0,0.17527872847132364,19.906280415989187,19.90100499974822
3230,129.16,0.98,1,0.023,0.289,0.08,-0.044,-0.063,0.0,0.0,0.0,0.13,1.95,3.49,0.26,2.65,2.97,2.08,0.0,0.0,0.0,0.0,3.54,0.23,0.0,0.0,0.0,0.0,0.0,1.0,1.0,1.0,1.0,1.0,1.0,0.0,0.0,0.0,0.0,1.0,1.0,0.0,0.0,0.17142720294645417,20.006249023742555,20.100248754679537
3231,129.2,0.98,1,0.025,0.296,0.08,-0.043,-0.06,0.0,0.0,0.0,0.0,1.93,3.55,0.25,2.62,2.98,2.06,0.0,0.0,0.0,0.0,3.46,0.25,0.0,0.0,0.0,0.0,0.0,1.0,1.0,1.0,1.0,1.0,1.0,0.0,0.0,0.0,0.0,1.0,1.0,0.0,0.0,0.17528584989847434,20.303940504246906,20.200990074746382
3232,129.24,0.98,1,0.029,0.293,0.086,-0.044,-0.059,0.01,0.0,0.0,0.0,1.91,3.52,0.28,2.59,3.01,2.05,0.0,0.0,0.0,0.0,3.43,0.24,0.0,0.0,0.0,0.0,0.0,1.0,1.0,1.0,1.0,1.0,1.0,0.0,0.0,0.0,0.0,1.0,1.0,0.0,0.0,0.17866327386629333,20.20222759994555,20.09999999999991
3233,129.28,0.98,1,0.028,0.3,0.095,-0.042,-0.06,0.01,0.0,0.0,0.0,1.9,3.58,0.35,2.5,3.05,2.07,0.0,0.0,0.0,0.0,3.4,0.22,0.0,0.0,0.0,0.0,0.0,1.0,1.0,1.0,1.0,1.0,1.0,0.0,0.0,0.0,0.0,1.0,1.0,0.0,0.0,0.17639467363624234,20.20024752323599,20.000249998437518
3234,129.32,0.98,1,0.029,0.302,0.097,-0.041,-0.061,0.01,0.0,0.0,0.0,1.93,3.61,0.35,2.45,3.06,2.01,0.0,0.0,0.0,0.0,3.42,0.21,0.0,0.0,0.0,0.0,0.0,1.0,1.0,1.0,1.0,1.0,1.0,0.0,0.0,0.0,0.0,1.0,1.0,0.0,0.0,0.17425805504742475,20.303940504247137,19.30233146539553
3235,129.36,0.98,1,0.024,0.295,0.096,-0.04,-0.064,0.0,0.0,0.0,0.0,1.89,3.57,0.22,2.51,3.03,2.0,0.0,0.0,0.0,0.0,3.39,0.26,0.0,0.0,0.0,0.0,0.0,1.0,1.0,1.0,1.0,1.0,1.0,0.0,0.0,0.0,0.0,1.0,1.0,0.0,0.0,0.18093552274633845,20.20618717126024,19.90100499974822
3236,129.4,0.98,1,0.018,0.294,0.095,-0.037,-0.066,0.0,0.0,0.0,0.0,1.86,3.53,0.15,2.46,3.0,1.96,0.0,0.0,0.0,0.0,3.38,0.41,0.0,0.0,0.0,0.0,0.0,1.0,1.0,1.0,1.0,1.0,1.0,0.0,0.0,0.0,0.0,1.0,1.0,0.0,0.0,0.18056581606654712,20.2121250738264,19.900251254695345
3237,129.44,0.98,1,0.009,0.292,0.09,-0.036,-0.063,0.0,0.0,0.0,0.0,1.78,3.44,0.09,2.42,2.97,1.95,0.0,0.0,0.0,0.0,3.4,0.57,0.0,0.0,0.0,0.0,0.0,1.0,1.0,1.0,1.0,1.0,1.0,0.0,0.0,0.0,0.0,1.0,1.0,0.0,0.0,0.17717785203189346,20.306156701847797,20.300000000000182
3238,129.48,0.98,1,0.016,0.295,0.091,-0.037,-0.06,0.0,0.0,0.0,0.0,1.73,3.25,0.12,2.24,2.91,1.87,0.0,0.0,0.0,0.0,3.42,0.8,0.01,0.0,0.0,0.0,0.0,1.0,1.0,1.0,1.0,1.0,1.0,0.0,0.0,0.0,0.0,1.0,1.0,0.0,0.0,0.18228750188553308,21.323461257497755,21.100236965493924
3239,129.52,0.98,1,0.012,0.287,0.086,-0.034,-0.058,0.02,0.0,0.0,0.11,1.58,3.08,0.19,2.11,2.73,1.76,0.0,0.0,0.0,0.0,3.32,0.93,0.01,0.0,0.0,0.0,0.0,1.0,1.0,1.0,1.0,1.0,1.0,0.0,0.0,0.0,0.0,1.0,1.0,0.0,0.0,0.17802213958197285,21.603703386225153,20.300246303924446
3240,129.56,0.98,1,0.018,0.293,0.088,-0.037,-0.057,0.12,0.0,0.0,0.11,1.39,3.16,0.24,1.93,2.38,1.71,0.0,0.0,0.0,0.0,2.97,1.03,0.01,0.0,0.0,0.0,0.0,1.0,1.0,1.0,1.0,1.0,1.0,0.0,0.0,0.0,0.0,1.0,1.0,0.0,0.0,0.18141993420693836,21.503720608304043,20.300000000000182
3241,129.6,0.98,1,0.014,0.297,0.087,-0.036,-0.057,0.13,0.0,0.0,0.11,1.1,3.13,0.28,1.62,2.01,1.58,0.0,0.0,0.0,0.0,2.52,1.1,0.0,0.0,0.0,0.0,0.0,1.0,1.0,1.0,1.0,1.0,1.0,0.0,0.0,0.0,0.0,1.0,1.0,0.0,0.0,0.1875985570033798,21.80825531765432,20.30221662774777
3242,129.64,0.98,1,0.008,0.297,0.088,-0.035,-0.057,0.24,0.03,0.0,0.0,0.88,3.01,0.25,1.29,1.7,1.53,0.0,0.0,0.0,0.0,2.11,1.16,0.06,0.0,0.0,0.0,0.0,1.0,1.0,0.0,1.0,1.0,1.0,0.0,0.0,0.0,0.0,1.0,1.0,0.0,0.0,0.19011624473534455,21.91118435867865,20.503902067655318
3243,129.68,0.98,1,0.011,0.303,0.083,-0.037,-0.059,0.42,0.03,0.0,0.0,0.62,2.47,0.29,1.05,1.58,1.47,0.03,0.0,0.0,0.0,1.89,1.21,0.54,0.0,0.0,0.0,0.0,1.0,1.0,0.0,0.0,1.0,1.0,0.0,0.0,0.0,0.0,1.0,1.0,0.0,0.0,0.18464294989705524,20.40392119177082,20.01599360511489
3244,129.72,0.98,1,0.043,0.389,0.062,-0.043,-0.057,0.73,0.18,0.0,0.0,0.39,2.01,0.33,1.01,1.59,1.65,0.16,0.03,0.11,0.0,1.81,1.04,1.27,0.0,0.0,0.0,0.0,1.0,1.0,0.0,0.0,1.0,1.0,0.0,0.0,0.0,0.0,1.0,0.0,0.0,1.0,0.18144250599563827,17.7002824836216,21.71174797200805
3245,129.76,0.98,1,0.031,0.417,0.059,-0.055,-0.055,0.81,0.2,0.0,0.0,0.23,1.74,0.35,1.09,1.6,1.76,0.21,0.14,0.14,0.0,1.67,0.84,1.85,0.0,0.0,0.0,0.0,1.0,1.0,0.0,0.0,1.0,1.0,1.0,0.0,0.0,0.0,1.0,0.0,0.0,1.0,0.15792972664834154,16.772596698185925,18.369812192834154
3246,129.8,0.98,1,0.042,0.399,0.047,-0.044,-0.054,0.74,0.36,0.0,0.0,0.28,1.9,0.36,1.07,1.53,1.71,0.18,0.22,0.14,0.0,1.48,0.69,1.78,0.0,0.0,0.0,0.0,1.0,1.0,0.0,0.0,1.0,1.0,1.0,0.0,0.0,0.0,1.0,0.0,0.0,1.0,0.1647549915062742,17.933767033169666,21.268051156605818
3247,129.84,0.98,1,0.012,0.326,0.034,-0.03,-0.055,0.56,0.24,0.0,0.11,0.51,2.28,0.45,1.08,1.45,1.54,0.1,0.29,0.05,0.0,1.25,0.65,1.38,0.0,0.0,0.0,0.0,1.0,1.0,0.0,0.0,1.0,1.0,1.0,0.0,0.0,0.0,1.0,0.0,0.0,1.0,0.1653337255055391,18.517289218457435,21.467417171145765
3248,129.88,0.98,1,0.019,0.298,0.041,-0.035,-0.057,0.39,0.18,0.0,0.11,0.66,2.69,0.46,1.1,1.45,1.51,0.09,0.28,0.02,0.0,1.12,0.6,0.86,0.0,0.0,0.0,0.0,1.0,1.0,0.0,0.0,1.0,1.0,1.0,0.0,0.0,0.0,1.0,0.0,0.0,0.0,0.17090000304935193,18.40000000000009,18.398369492974275
3249,129.92,0.98,1,0.022,0.335,0.058,-0.034,-0.059,0.25,0.04,0.0,0.11,0.71,3.02,0.44,1.13,1.49,1.54,0.1,0.26,0.02,0.0,1.12,0.49,0.68,0.0,0.0,0.0,0.0,1.0,1.0,0.0,0.0,1.0,1.0,1.0,0.0,0.0,0.0,1.0,0.0,0.0,0.0,0.1673490333041633,18.104419349981836,17.21423829276223
3250,129.96,0.98,1,0.021,0.323,0.052,-0.035,-0.055,0.14,0.07,0.0,0.0,0.74,3.14,0.33,1.22,1.55,1.42,0.05,0.16,0.0,0.0,1.15,0.45,0.44,0.0,0.0,0.0,0.0,1.0,1.0,1.0,0.0,1.0,1.0,0.0,0.0,0.0,0.0,1.0,0.0,0.0,0.0,0.1642591804409941,17.02380685980665,17.414074767268087
3251,130.0,0.98,1,0.027,0.3,0.055,-0.034,-0.056,0.11,0.11,0.0,0.03,0.73,3.25,0.3,1.32,1.58,1.2,0.01,0.05,0.0,0.0,1.33,0.42,0.4,0.0,0.0,0.0,0.0,1.0,1.0,1.0,1.0,1.0,1.0,0.0,0.0,0.0,0.0,1.0,0.0,0.0,0.0,0.16440159021402181,18.002499826412997,17.62299634000997
3252,130.04,0.98,1,0.007,0.293,0.049,-0.035,-0.054,0.11,0.1,0.0,0.1,0.8,3.17,0.25,1.48,1.65,1.05,0.0,0.0,0.0,0.0,1.43,0.51,0.17,0.0,0.0,0.0,0.0,1.0,1.0,1.0,1.0,1.0,1.0,0.0,0.0,0.0,0.0,1.0,0.0,0.0,0.0,0.1649006729947423,18.40000000000009,18.50432381904294
3253,130.08,0.98,1,0.01,0.284,0.046,-0.032,-0.053,0.13,0.04,0.0,0.12,0.76,3.26,0.21,1.59,1.68,1.14,0.0,0.0,0.0,0.0,1.57,0.65,0.09,0.0,0.0,0.0,0.0,1.0,1.0,1.0,1.0,1.0,1.0,0.0,0.0,0.0,0.0,1.0,0.0,0.0,0.0,0.1689982624198272,18.902380802428127,18.5024322725419
3254,130.12,0.98,1,0.002,0.304,0.06,-0.035,-0.058,0.11,0.0,0.0,0.12,0.8,3.17,0.23,1.53,1.73,1.28,0.0,0.0,0.0,0.0,1.58,0.69,0.0,0.0,0.0,0.0,0.0,1.0,1.0,1.0,1.0,1.0,1.0,0.0,0.0,0.0,0.0,1.0,0.0,0.0,0.0,0.1692370276732474,18.701069488133605,19.106543381784068
3255,130.16,0.98,1,0.008,0.292,0.05,-0.032,-0.058,0.07,0.0,0.0,0.13,0.77,3.16,0.3,1.51,1.74,1.3,0.0,0.0,0.0,0.0,1.67,0.64,0.0,0.0,0.0,0.0,0.0,1.0,1.0,1.0,1.0,1.0,1.0,0.0,0.0,0.0,0.0,1.0,0.0,0.0,0.0,0.16922086599715358,18.600268815261693,19.304144632694772
3256,130.2,0.98,1,0.005,0.287,0.055,-0.029,-0.06,0.13,0.0,0.0,0.12,0.79,3.14,0.37,1.47,1.74,1.3,0.0,0.0,0.0,0.0,1.7,0.6,0.0,0.0,0.0,0.0,0.0,1.0,1.0,1.0,1.0,1.0,1.0,0.0,0.0,0.0,0.0,1.0,0.0,0.0,0.0,0.17409199535055098,19.901004999747993,19.50230755577401
3257,130.24,0.98,1,0.002,0.278,0.047,-0.024,-0.06,0.22,0.0,0.0,0.18,0.79,3.29,0.39,1.59,1.73,1.26,0.0,0.0,0.0,0.0,1.76,0.58,0.0,0.0,0.0,0.0,0.0,1.0,1.0,1.0,1.0,1.0,1.0,0.0,0.0,0.0,0.0,1.0,0.0,0.0,0.0,0.17646753600744036,20.40220576310303,19.804039991880398
3258,130.28,0.98,1,-0.002,0.284,0.052,-0.025,-0.059,0.2,0.0,0.0,0.21,0.8,3.34,0.38,1.61,1.73,1.39,0.0,0.0,0.0,0.0,1.77,0.53,0.0,0.0,0.0,0.0,0.0,1.0,1.0,1.0,1.0,1.0,1.0,0.0,0.0,0.0,0.0,1.0,0.0,0.0,0.0,0.17740009056407724,20.20396000787969,20.102238681301056
3259,130.32,0.98,1,0.007,0.272,0.045,-0.026,-0.056,0.17,0.06,0.0,0.27,0.86,3.43,0.35,1.65,1.77,1.33,0.0,0.0,0.0,0.0,1.84,0.45,0.0,0.0,0.0,0.0,0.0,1.0,1.0,1.0,1.0,1.0,1.0,0.0,0.0,0.0,0.0,1.0,0.0,0.0,0.0,0.17910792497640526,20.302216627747775,20.50219500443794
3260,130.36,0.98,1,0.005,0.279,0.053,-0.028,-0.054,0.18,0.07,0.0,0.22,0.93,3.37,0.28,1.63,1.82,1.35,0.0,0.0,0.0,0.0,1.87,0.48,0.0,0.0,0.0,0.0,0.0,1.0,1.0,1.0,1.0,1.0,1.0,0.0,0.0,0.0,0.0,1.0,0.0,0.0,0.0,0.18474800033489064,20.40220576310303,20.702173798903384
3261,130.4,0.98,1,0.012,0.278,0.049,-0.033,-0.055,0.22,0.07,0.0,0.13,0.94,3.32,0.28,1.7,1.84,1.35,0.0,0.0,0.0,0.0,1.98,0.58,0.0,0.0,0.0,0.0,0.0,1.0,1.0,1.0,1.0,1.0,1.0,0.0,0.0,0.0,0.0,1.0,0.0,0.0,0.0,0.18460193307192976,20.50219500443794,20.200990074746382
3262,130.44,0.98,1,0.007,0.285,0.055,-0.032,-0.056,0.21,0.01,0.0,0.05,0.92,3.2,0.29,1.71,1.85,1.35,0.0,0.0,0.0,0.0,2.02,0.67,0.0,0.0,0.0,0.0,0.0,1.0,1.0,1.0,1.0,1.0,1.0,0.0,0.0,0.0,0.0,1.0,1.0,0.0,0.0,0.1838641121970229,21.003809178337153,21.00095235935742
3263,130.48,0.98,1,0.019,0.273,0.055,-0.031,-0.06,0.13,0.0,0.0,0.0,0.87,3.12,0.3,1.71,1.84,1.27,0.0,0.0,0.01,0.0,2.15,0.68,0.0,0.0,0.0,0.0,0.0,1.0,1.0,1.0,1.0,1.0,1.0,0.0,0.0,0.0,0.0,1.0,1.0,0.0,0.0,0.193258229590075,21.303755537463296,21.30023474049049
3264,130.52,0.98,1,0.013,0.277,0.054,-0.03,-0.061,0.09,0.04,0.0,0.02,0.89,3.18,0.27,1.7,1.86,1.14,0.0,0.0,0.01,0.0,2.17,0.65,0.0,0.0,0.0,0.0,0.0,1.0,1.0,1.0,1.0,1.0,1.0,0.0,0.0,0.0,0.0,1.0,1.0,0.0,0.0,0.1893665737604559,21.20377324911776,21.400934559032788
3265,130.56,0.98,1,0.021,0.271,0.052,-0.027,-0.061,0.06,0.11,0.0,0.02,0.89,3.22,0.22,1.72,1.87,1.24,0.0,0.0,0.01,0.0,2.22,0.6,0.0,0.0,0.0,0.0,0.0,1.0,1.0,1.0,1.0,1.0,1.0,0.0,0.0,0.0,0.0,1.0,1.0,0.0,0.0,0.19361696451067437,21.30586773637718,21.003809178337153
3266,130.6,0.98,1,0.018,0.275,0.055,-0.03,-0.063,0.13,0.18,0.0,0.03,0.96,3.28,0.19,1.75,1.88,1.32,0.0,0.0,0.03,0.0,2.21,0.56,0.0,0.0,0.0,0.0,0.0,1.0,1.0,1.0,1.0,1.0,1.0,0.0,0.0,0.0,0.0,1.0,1.0,0.0,0.0,0.19055317655414156,21.008569680013913,21.30023474049072
3267,130.64,0.98,1,0.018,0.277,0.047,-0.033,-0.06,0.2,0.24,0.0,0.01,0.99,3.15,0.23,1.74,1.9,1.38,0.0,0.0,0.1,0.0,2.28,0.51,0.0,0.0,0.0,0.0,0.0,1.0,1.0,1.0,1.0,1.0,1.0,0.0,0.0,0.0,0.0,1.0,1.0,0.0,0.0,0.1895304975480595,21.202122535255803,21.00095235935742
3268,130.68,0.98,1,0.024,0.267,0.044,-0.033,-0.06,0.16,0.19,0.0,0.08,1.04,3.09,0.21,1.73,1.96,1.25,0.0,0.0,0.17,0.0,2.32,0.48,0.0,0.0,0.0,0.0,0.0,1.0,1.0,1.0,1.0,1.0,1.0,0.0,0.0,0.0,0.0,1.0,1.0,0.0,0.0,0.1990442068672591,20.911719202399496,21.403737991294975
3269,130.72,0.98,1,0.026,0.259,0.043,-0.031,-0.061,0.15,0.17,0.0,0.07,1.02,2.99,0.26,1.67,2.02,1.22,0.0,0.0,0.21,0.0,2.4,0.5,0.0,0.0,0.0,0.0,0.0,1.0,1.0,1.0,1.0,1.0,1.0,0.0,0.0,0.0,0.0,1.0,1.0,0.0,0.0,0.20062937264240327,21.01927686672403,21.200943375236687
3270,130.76,0.98,1,0.025,0.273,0.045,-0.031,-0.062,0.16,0.13,0.0,0.07,1.0,2.95,0.19,1.71,2.06,1.23,0.0,0.0,0.24,0.0,2.37,0.49,0.0,1.0,0.0,0.0,0.0,1.0,1.0,1.0,1.0,1.0,1.0,0.0,0.0,0.0,0.0,1.0,1.0,0.0,0.0,0.1948942650559379,21.303755537463296,20.90000000000009
3271,130.8,0.98,1,0.025,0.281,0.048,-0.034,-0.06,0.18,0.16,0.0,0.0,0.95,2.91,0.16,1.68,2.06,1.24,0.0,0.0,0.21,0.0,2.4,0.47,0.0,1.0,0.0,0.0,0.0,1.0,1.0,1.0,1.0,1.0,1.0,0.0,0.0,0.0,0.0,1.0,1.0,0.0,0.0,0.19328798089088084,21.302112571292035,21.30093894644079
3272,130.84,0.98,1,0.029,0.283,0.053,-0.036,-0.06,0.18,0.21,0.0,0.0,0.93,2.89,0.07,1.7,2.05,1.25,0.0,0.0,0.23,0.0,2.39,0.47,0.0,1.0,0.0,0.0,0.0,1.0,1.0,1.0,1.0,1.0,1.0,0.0,0.0,0.0,0.0,1.0,1.0,0.0,0.0,0.19679859570994654,20.90598000573028,21.50209292138791
3273,130.88,0.98,1,0.029,0.28,0.048,-0.037,-0.058,0.1,0.16,0.0,0.0,0.89,2.88,0.03,1.7,2.05,1.22,0.0,0.0,0.18,0.0,2.43,0.52,0.0,1.0,0.0,0.0,0.0,1.0,1.0,1.0,1.0,1.0,1.0,0.0,0.0,0.0,0.0,1.0,1.0,0.0,0.0,0.19618441652646756,20.90598000573051,21.202122535255803
3274,130.92,0.98,1,0.027,0.281,0.047,-0.036,-0.058,0.1,0.1,0.0,0.0,0.93,2.84,0.02,1.81,2.03,1.3,0.0,0.0,0.21,0.0,2.44,0.56,0.0,1.0,0.0,0.0,0.0,1.0,1.0,1.0,1.0,1.0,1.0,0.0,0.0,0.0,0.0,1.0,1.0,0.0,0.0,0.19410566473735474,21.005951537600005,21.200943375236914
3275,130.96,0.98,1,0.024,0.284,0.05,-0.036,-0.058,0.15,0.0,0.0,0.0,1.01,2.97,0.01,1.84,2.11,1.23,0.0,0.0,0.15,0.0,2.51,0.56,0.06,1.0,0.0,0.0,0.0,1.0,1.0,1.0,1.0,1.0,1.0,0.0,0.0,0.0,0.0,1.0,1.0,0.0,0.0,0.19227312356068407,21.30093894644079,21.402102700435634
3276,131.0,0.98,1,0.032,0.267,0.05,-0.037,-0.056,0.43,0.06,0.0,0.0,0.98,2.38,0.07,1.92,2.18,1.34,0.0,0.0,0.19,0.0,2.63,0.51,0.75,1.0,0.0,0.0,0.0,1.0,1.0,1.0,1.0,1.0,1.0,0.0,0.0,0.0,0.0,1.0,1.0,0.0,0.0,0.18572170386675968,20.600970850909082,20.303940504247134
3277,131.04,0.98,1,0.035,0.39,0.036,-0.051,-0.051,0.65,0.06,0.0,0.0,0.86,1.74,0.14,1.94,2.26,1.43,0.0,0.0,0.1,0.0,2.68,0.49,1.51,1.0,0.0,0.0,0.0,1.0,1.0,1.0,1.0,1.0,1.0,0.0,0.0,0.0,0.0,1.0,1.0,0.0,0.0,0.16134220568926305,20.063897926375127,20.547749268472202
3278,131.08,0.98,1,0.005,0.398,0.035,-0.06,-0.048,0.79,0.14,0.0,0.0,0.78,1.28,0.2,1.94,2.2,1.47,0.0,0.0,0.08,0.0,2.66,0.43,1.97,1.0,0.0,0.0,0.0,1.0,1.0,1.0,1.0,1.0,1.0,0.0,0.0,0.0,0.0,1.0,1.0,0.0,0.0,0.1540991632392329,18.618807695446023,18.022485955050705
3279,131.12,0.98,1,0.031,0.325,0.025,-0.042,-0.05,0.73,0.16,0.0,0.0,0.82,1.85,0.17,1.79,2.12,1.3,0.0,0.0,0.0,0.0,2.59,0.49,1.61,1.0,0.0,0.0,0.0,1.0,1.0,1.0,1.0,1.0,1.0,0.0,0.0,0.0,0.0,1.0,1.0,0.0,0.0,0.1652714433916616,18.867962264113164,18.859745491390036
3280,131.16,0.98,1,0.024,0.299,0.034,-0.037,-0.051,0.59,0.33,0.0,0.03,0.95,2.52,0.18,1.69,2.03,1.11,0.0,0.0,0.04,0.0,2.58,0.51,1.12,1.0,0.0,0.0,0.0,1.0,1.0,1.0,1.0,1.0,1.0,0.0,0.0,0.0,0.0,1.0,1.0,0.0,0.0,0.16917683378082518,19.20234360696613,21.284971223847176
3281,131.2,0.98,1,0.024,0.292,0.032,-0.044,-0.05,0.37,0.25,0.0,0.03,0.99,2.91,0.22,1.7,2.02,1.11,0.0,0.0,0.1,0.0,2.63,0.61,0.78,1.0,0.0,0.0,0.0,1.0,1.0,1.0,1.0,1.0,1.0,0.0,0.0,0.0,0.0,1.0,1.0,0.0,0.0,0.1640883536519091,17.71806987230837,17.947144619688203
3282,131.24,0.98,1,0.013,0.321,0.047,-0.042,-0.052,0.28,0.21,0.0,0.06,1.04,3.02,0.23,1.73,2.01,1.17,0.0,0.0,0.1,0.0,2.66,0.75,0.6,1.0,0.0,0.0,0.0,1.0,1.0,1.0,1.0,1.0,1.0,0.0,0.0,0.0,0.0,1.0,1.0,0.0,0.0,0.15282518621429148,16.80267835792849,18.12760326132489
3283,131.28,0.98,1,0.032,0.297,0.041,-0.041,-0.053,0.26,0.19,0.0,0.12,0.99,3.03,0.24,1.71,2.01,1.14,0.0,0.0,0.06,0.0,2.59,0.79,0.49,1.0,0.0,0.0,0.0,1.0,1.0,1.0,1.0,1.0,1.0,0.0,0.0,0.0,0.0,1.0,1.0,0.0,0.0,0.15893775530392745,17.502571239677902,18.832153355365573
3284,131.32,0.98,1,0.025,0.307,0.049,-0.041,-0.051,0.34,0.19,0.0,0.13,0.99,3.02,0.18,1.66,2.01,1.09,0.0,0.0,0.05,0.0,2.6,0.89,0.32,1.0,0.0,0.0,0.0,1.0,1.0,1.0,1.0,1.0,1.0,0.0,0.0,0.0,0.0,1.0,1.0,0.0,0.0,0.16345806277102087,17.600284088616206,19.531000998412754
3285,131.36,0.98,1,0.025,0.29,0.043,-0.041,-0.052,0.28,0.14,0.0,0.11,0.99,3.01,0.15,1.68,2.03,1.04,0.0,0.0,0.07,0.0,2.6,0.82,0.24,1.0,0.0,0.0,0.0,1.0,1.0,1.0,1.0,1.0,1.0,0.0,0.0,0.0,0.0,1.0,1.0,0.0,0.0,0.16506967592557062,18.80239346466313,19.306475597581198
3286,131.4,0.98,1,0.024,0.291,0.05,-0.042,-0.049,0.28,0.1,0.0,0.02,1.01,2.96,0.13,1.74,2.03,1.07,0.0,0.0,0.13,0.0,2.71,0.96,0.13,1.0,0.0,0.0,0.0,1.0,1.0,1.0,1.0,1.0,1.0,0.0,0.0,0.0,0.0,1.0,1.0,0.0,0.0,0.1662076975509017,18.700267377767442,19.30103624161144
3287,131.44,0.98,1,0.022,0.295,0.05,-0.043,-0.049,0.27,0.1,0.0,0.15,0.96,2.94,0.1,1.73,2.03,1.06,0.0,0.0,0.08,0.0,2.73,0.95,0.13,1.0,0.0,0.0,0.0,1.0,1.0,1.0,1.0,1.0,1.0,0.0,0.0,0.0,0.0,1.0,1.0,0.0,0.0,0.16741675927498106,18.900264548413162,19.801010075246115
3288,131.48,0.98,1,0.031,0.286,0.052,-0.039,-0.054,0.29,0.1,0.0,0.24,0.9,2.89,0.1,1.75,2.0,1.07,0.0,0.0,0.06,0.0,2.7,0.95,0.14,1.0,0.0,0.0,0.0,1.0,1.0,1.0,1.0,1.0,1.0,0.0,0.0,0.0,0.0,1.0,1.0,0.0,0.0,0.1735381982057187,19.402319448972968,19.800252523642172
3289,131.52,0.98,1,0.03,0.29,0.052,-0.037,-0.054,0.26,0.0,0.0,0.27,0.89,2.97,0.05,1.74,1.99,1.12,0.0,0.0,0.0,0.0,2.67,0.89,0.1,1.0,0.0,0.0,0.0,1.0,1.0,1.0,1.0,1.0,1.0,0.0,0.0,0.0,0.0,1.0,1.0,0.0,0.0,0.17953630053888592,19.50640920313116,20.103979705520903
3290,131.56,0.98,1,0.041,0.293,0.058,-0.039,-0.056,0.25,0.01,0.0,0.17,0.86,3.05,0.1,1.74,1.96,1.1,0.0,0.0,0.0,0.0,2.64,0.88,0.08,1.0,0.0,0.0,0.0,1.0,1.0,1.0,1.0,1.0,1.0,0.0,0.0,0.0,0.0,1.0,1.0,0.0,0.0,0.1822115516916168,19.512560057562922,20.50219500443794
3291,131.6,0.98,1,0.037,0.283,0.053,-0.037,-0.055,0.25,0.09,0.0,0.08,0.82,3.01,0.15,1.67,1.94,1.02,0.0,0.0,0.0,0.0,2.64,0.91,0.0,0.0,0.0,0.0,0.0,1.0,1.0,1.0,1.0,1.0,1.0,0.0,0.0,0.0,0.0,1.0,1.0,0.0,0.0,0.1907816194880479,19.42575609854102,20.50219500443794
3292,131.64,0.98,1,0.046,0.279,0.055,-0.039,-0.056,0.21,0.09,0.0,0.04,0.76,2.9,0.19,1.57,1.89,0.94,0.0,0.0,0.0,0.0,2.61,0.94,0.0,0.0,0.0,0.0,0.0,1.0,1.0,1.0,1.0,1.0,1.0,0.0,0.0,0.0,0.0,1.0,1.0,0.0,0.0,0.19129606265320953,19.520758181996925,20.70096616102741
3293,131.68,0.98,1,0.047,0.288,0.056,-0.04,-0.058,0.14,0.13,0.0,0.0,0.71,2.75,0.18,1.56,1.81,0.89,0.0,0.0,0.0,0.0,2.61,0.97,0.0,0.0,0.0,0.0,0.0,1.0,1.0,1.0,1.0,1.0,1.0,0.0,0.0,0.0,0.0,1.0,1.0,0.0,0.0,0.19057520115604037,19.61249601657057,20.50219500443794
3294,131.72,0.98,1,0.045,0.286,0.058,-0.039,-0.061,0.13,0.1,0.0,0.0,0.69,2.75,0.13,1.52,1.75,0.83,0.0,0.0,0.0,0.0,2.62,1.12,0.0,0.0,0.0,0.0,0.0,1.0,1.0,1.0,1.0,1.0,1.0,0.0,0.0,0.0,0.0,1.0,1.0,0.0,0.0,0.19244398072106472,19.720547659737868,20.903827400741804
3295,131.76,0.98,1,0.042,0.292,0.058,-0.041,-0.058,0.11,0.1,0.0,0.0,0.66,2.66,0.13,1.53,1.69,0.81,0.0,0.0,0.0,0.0,2.63,1.16,0.0,0.0,0.0,0.0,0.0,1.0,1.0,1.0,1.0,1.0,1.0,0.0,0.0,0.0,0.0,1.0,1.0,0.0,0.0,0.19037799074364192,20.120139164528794,20.70096616102741
3296,131.8,0.98,1,0.037,0.293,0.056,-0.04,-0.058,0.19,0.13,0.0,0.01,0.72,2.71,0.14,1.5,1.69,0.81,0.0,0.0,0.0,0.0,2.65,1.24,0.0,0.0,0.0,0.0,0.0,1.0,1.0,1.0,1.0,1.0,1.0,0.0,0.0,0.0,0.0,1.0,1.0,0.0,0.0,0.1808657213924249,20.903827400741804,21.10023696549415
3297,131.84,0.98,1,0.048,0.291,0.057,-0.041,-0.056,0.12,0.07,0.0,0.01,0.79,2.69,0.17,1.44,1.69,0.79,0.0,0.0,0.0,0.0,2.61,1.21,0.0,0.0,0.0,0.0,0.0,1.0,1.0,1.0,1.0,1.0,1.0,0.0,0.0,0.0,0.0,1.0,1.0,0.0,0.0,0.1816588581671082,21.30586773637718,21.299999999999955
3298,131.88,0.98,1,0.048,0.276,0.052,-0.042,-0.054,0.23,0.2,0.0,0.04,0.82,2.71,0.16,1.4,1.75,0.86,0.0,0.0,0.0,0.0,2.59,1.23,0.0,0.0,0.0,0.0,0.0,1.0,1.0,1.0,1.0,1.0,1.0,0.0,0.0,0.0,0.0,1.0,1.0,0.0,0.0,0.19492500448849703,20.81537893001225,22.00363606316011
3299,131.92,0.98,1,0.045,0.282,0.062,-0.052,-0.052,0.15,0.18,0.0,0.07,0.71,2.58,0.11,1.31,1.76,0.89,0.0,0.0,0.0,0.0,2.57,1.15,0.0,0.0,0.0,0.0,0.0,1.0,1.0,1.0,1.0,1.0,1.0,0.0,0.0,0.0,0.0,1.0,1.0,0.0,0.0,0.2108501190338785,21.103791128609952,21.30211257129203
3300,131.96,0.98,1,0.046,0.264,0.06,-0.055,-0.051,0.15,0.18,0.0,0.07,0.7,2.6,0.06,1.37,1.75,0.96,0.0,0.0,0.0,0.0,2.59,1.11,0.0,0.0,0.0,0.0,0.0,1.0,1.0,1.0,1.0,1.0,1.0,0.0,0.0,0.0,0.0,1.0,1.0,0.0,0.0,0.21976519389661664,21.01166342772509,21.002142747824564
3301,132.0,0.98,1,0.039,0.28,0.055,-0.052,-0.05,0.04,0.08,0.0,0.06,0.67,2.7,0.01,1.35,1.71,0.85,0.0,0.0,0.0,0.0,2.59,1.12,0.0,0.0,0.0,0.0,0.0,1.0,1.0,1.0,1.0,1.0,1.0,0.0,0.0,0.0,0.0,1.0,1.0,0.0,0.0,0.20153820477429382,21.10213259365025,22.500888871331284
3302,132.04,0.98,1,0.049,0.279,0.055,-0.05,-0.052,0.0,0.02,0.0,0.08,0.76,2.77,0.02,1.38,1.66,0.73,0.0,0.0,0.0,0.0,2.57,1.09,0.0,0.0,0.0,0.0,0.0,1.0,1.0,0.0,1.0,1.0,1.0,0.0,0.0,0.0,0.0,1.0,1.0,0.0,0.0,0.20058265544562665,20.706037766796474,22.100904958847185
3303,132.08,0.98,1,0.04,0.286,0.055,-0.049,-0.054,0.0,0.04,0.0,0.1,0.69,2.67,0.04,1.3,1.67,0.71,0.0,0.0,0.0,0.0,2.52,1.06,0.0,0.0,0.0,0.0,0.0,1.0,1.0,0.0,1.0,1.0,1.0,0.0,0.0,0.0,0.0,1.0,1.0,0.0,0.0,0.19949456331444324,20.60606706773531,21.5
3304,132.12,0.98,1,0.041,0.274,0.051,-0.05,-0.053,0.0,0.03,0.0,0.16,0.73,2.63,0.08,1.29,1.74,0.69,0.0,0.0,0.0,0.0,2.51,1.07,0.0,0.0,0.0,0.0,0.0,1.0,1.0,0.0,1.0,1.0,1.0,0.0,0.0,0.0,0.0,1.0,1.0,0.0,0.0,0.20440416961767077,20.903827400741804,22.000227271553356
3305,132.16,0.98,1,0.044,0.27,0.055,-0.052,-0.054,0.01,0.03,0.0,0.11,0.69,2.58,0.11,1.23,1.79,0.76,0.0,0.0,0.0,0.0,2.48,1.17,0.0,0.0,0.0,0.0,0.0,1.0,1.0,1.0,1.0,1.0,1.0,0.0,0.0,0.0,0.0,1.0,1.0,0.0,0.0,0.21587202215215562,20.90000000000009,21.700921639414123
3306,132.2,0.98,1,0.039,0.28,0.058,-0.047,-0.053,0.01,0.01,0.0,0.08,0.7,2.58,0.13,1.25,1.82,0.87,0.0,0.0,0.0,0.0,2.5,1.08,0.0,0.0,0.0,0.0,0.0,1.0,1.0,1.0,1.0,1.0,1.0,0.0,0.0,0.0,0.0,1.0,1.0,0.0,0.0,0.20560876142144668,20.508778608196053,21.399999999999864
3307,132.24,0.98,1,0.043,0.275,0.061,-0.046,-0.052,0.01,0.01,0.0,0.0,0.68,2.53,0.14,1.24,1.75,0.94,0.0,0.0,0.0,0.0,2.44,1.01,0.0,0.0,0.0,0.0,0.0,1.0,1.0,1.0,1.0,1.0,1.0,0.0,0.0,0.0,0.0,1.0,1.0,0.0,0.0,0.20529818509033157,20.40882162203403,21.600925906081105
3308,132.28,0.98,1,0.04,0.274,0.06,-0.045,-0.049,0.03,0.03,0.0,0.11,0.72,2.64,0.2,1.32,1.73,0.86,0.0,0.0,0.0,0.0,2.38,0.99,0.0,0.0,0.0,0.0,0.0,1.0,1.0,1.0,1.0,1.0,1.0,0.0,0.0,0.0,0.0,1.0,1.0,0.0,0.0,0.20488642198715198,20.506096654409877,21.70092163941435
3309,132.32,0.98,1,0.038,0.29,0.061,-0.047,-0.048,0.03,0.07,0.0,0.11,0.71,2.8,0.23,1.3,1.67,0.72,0.0,0.0,0.0,0.0,2.38,1.14,0.0,0.0,0.0,0.0,0.0,1.0,1.0,1.0,1.0,1.0,1.0,0.0,0.0,0.0,0.0,1.0,1.0,0.0,0.0,0.1923215808301385,20.911719202399265,21.900913222968672
3310,132.36,0.98,1,0.048,0.277,0.055,-0.048,-0.045,0.03,0.07,0.0,0.11,0.73,2.93,0.17,1.31,1.67,0.72,0.0,0.0,0.0,0.0,2.47,1.21,0.0,0.0,0.0,0.0,0.0,1.0,1.0,1.0,1.0,1.0,1.0,0.0,0.0,0.0,0.0,1.0,1.0,0.0,0.0,0.2006378163180751,20.406126531019904,22.000227271553356
3311,132.4,0.98,1,0.02,0.298,0.053,-0.051,-0.043,0.01,0.05,0.0,0.0,0.67,2.98,0.08,1.26,1.69,0.77,0.0,0.0,0.0,0.0,2.61,1.22,0.0,0.0,0.0,0.0,0.0,1.0,1.0,1.0,1.0,1.0,1.0,0.0,0.0,0.0,0.0,1.0,1.0,0.0,0.0,0.19446322224528212,22.500888871331284,19.101047091717387
3312,132.44,0.98,1,0.003,0.273,0.055,-0.053,-0.043,0.01,0.0,0.0,0.17,0.71,2.91,0.07,1.24,1.7,0.76,0.0,0.0,0.0,0.0,2.59,1.22,0.04,0.0,0.0,0.0,0.0,1.0,1.0,1.0,1.0,1.0,1.0,0.0,0.0,0.0,0.0,1.0,1.0,0.0,0.0,0.21542158116346716,22.805481797146886,19.200260414900672
3313,132.48,0.98,1,0.002,0.303,0.059,-0.049,-0.046,0.01,0.0,0.0,0.17,0.75,2.92,0.16,1.2,1.69,0.72,0.0,0.0,0.0,0.0,2.51,1.27,0.04,0.0,0.0,0.0,0.0,1.0,1.0,1.0,1.0,1.0,1.0,0.0,0.0,0.0,0.0,1.0,1.0,0.0,0.0,0.18891047996942317,22.700881040170923,19.50102561405425
3314,132.52,0.98,1,-0.005,0.296,0.056,-0.047,-0.047,0.01,0.0,0.0,0.17,0.79,2.81,0.16,1.17,1.63,0.75,0.0,0.0,0.0,0.0,2.54,1.33,0.04,0.0,0.0,0.0,0.0,1.0,1.0,1.0,1.0,1.0,1.0,0.0,0.0,0.0,0.0,1.0,1.0,0.0,0.0,0.19161310938229392,22.20022522408257,20.0
3315,132.56,0.98,1,-0.001,0.296,0.062,-0.05,-0.053,0.01,0.0,0.0,0.05,0.76,2.79,0.13,1.14,1.6,0.77,0.0,0.0,0.0,0.0,2.68,1.49,0.0,0.0,0.0,0.0,0.0,1.0,1.0,1.0,1.0,1.0,1.0,0.0,0.0,0.0,0.0,1.0,1.0,0.0,0.0,0.20387259703397687,22.002045359466017,19.90100499974822
3316,132.6,0.98,1,0.007,0.28,0.051,-0.056,-0.052,0.08,0.0,0.0,0.1,0.72,2.76,0.07,1.19,1.59,0.76,0.0,0.0,0.0,0.0,2.79,1.61,0.0,0.0,0.0,0.0,0.0,1.0,1.0,1.0,1.0,1.0,1.0,0.0,0.0,0.0,0.0,1.0,1.0,0.0,0.0,0.2175349464137325,22.803508501982716,19.202343606966355
3317,132.64,0.98,1,0.009,0.294,0.055,-0.05,-0.054,0.26,0.0,0.0,0.1,0.69,2.48,0.09,1.26,1.6,0.7,0.0,0.0,0.0,0.0,2.76,1.73,0.55,0.0,0.0,0.0,0.0,1.0,1.0,1.0,1.0,1.0,1.0,0.0,0.0,0.0,0.0,1.0,1.0,0.0,0.0,0.19722106738496487,21.602083232873767,19.200260414900672
3318,132.68,0.98,1,0.042,0.361,0.03,-0.06,-0.048,0.55,0.08,0.0,0.05,0.63,2.17,0.09,1.45,1.65,0.8,0.0,0.0,0.06,0.0,2.89,1.67,1.26,1.0,0.0,0.0,0.0,1.0,1.0,1.0,1.0,1.0,1.0,0.0,0.0,0.0,0.0,1.0,1.0,0.0,1.0,0.17563714490025328,19.212756179163932,21.276277869965707
3319,132.72,0.98,1,0.018,0.422,0.037,-0.079,-0.048,0.8,0.08,0.0,0.0,0.61,1.69,0.1,1.54,1.64,0.81,0.0,0.0,0.07,0.0,3.02,1.64,1.91,1.0,0.0,0.0,0.0,1.0,1.0,1.0,1.0,1.0,1.0,0.0,0.0,0.0,0.0,1.0,1.0,0.0,1.0,0.15015183979733454,17.861970775925077,18.54561942885705
3320,132.76,0.98,1,-0.005,0.37,0.01,-0.06,-0.045,0.73,0.08,0.0,0.0,0.64,1.65,0.12,1.55,1.58,0.78,0.0,0.0,0.07,0.0,3.13,1.62,1.86,1.0,0.0,0.0,0.0,1.0,1.0,1.0,1.0,1.0,1.0,0.0,0.0,0.0,0.0,1.0,1.0,0.0,1.0,0.1573683296807709,17.971366113904732,20.341583025910207
3321,132.8,0.98,1,0.0,0.341,0.019,-0.047,-0.05,0.62,0.0,0.0,0.08,0.74,1.94,0.16,1.48,1.52,0.64,0.0,0.0,0.01,0.0,3.01,1.68,1.57,1.0,0.0,0.0,0.0,1.0,1.0,1.0,1.0,1.0,1.0,0.0,0.0,0.0,0.0,1.0,1.0,0.0,1.0,0.15761637637470038,19.026297590440446,20.13181561608392
3322,132.84,0.98,1,-0.002,0.329,0.018,-0.052,-0.046,0.44,0.0,0.0,0.13,0.81,2.44,0.2,1.48,1.51,0.59,0.0,0.0,0.0,0.0,2.92,1.71,1.04,1.0,0.0,0.0,0.0,1.0,1.0,1.0,1.0,1.0,1.0,0.0,0.0,0.0,0.0,1.0,1.0,0.0,1.0,0.18063520930735683,18.21757393288145,20.05617112013158
3323,132.88,0.98,1,0.016,0.334,0.045,-0.058,-0.047,0.43,0.0,0.0,0.14,0.89,2.89,0.16,1.46,1.56,0.63,0.0,0.0,0.0,0.0,2.88,1.74,0.67,1.0,0.0,0.0,0.0,1.0,1.0,1.0,1.0,1.0,1.0,0.0,0.0,0.0,0.0,1.0,1.0,0.0,1.0,0.1912834067797442,17.81375872745554,19.474342094150305
3324,132.92,0.98,1,0.018,0.318,0.03,-0.059,-0.046,0.31,0.0,0.0,0.05,0.87,3.08,0.12,1.37,1.53,0.57,0.0,0.0,0.0,0.0,3.0,1.82,0.48,1.0,0.0,0.0,0.0,1.0,1.0,1.0,1.0,1.0,1.0,0.0,0.0,0.0,0.0,1.0,1.0,0.0,1.0,0.1661625972936361,16.824089871371896,18.062391868188442
3325,132.96,0.98,1,0.008,0.326,0.053,-0.056,-0.048,0.27,0.0,0.0,0.01,0.97,3.08,0.17,1.32,1.53,0.62,0.0,0.0,0.0,0.0,3.1,1.95,0.57,1.0,0.0,0.0,0.0,1.0,1.0,1.0,1.0,1.0,1.0,0.0,0.0,0.0,0.0,1.0,1.0,0.0,1.0,0.18352387436220463,17.8101094887145,17.634341496069673
3326,133.0,0.98,1,0.003,0.332,0.046,-0.057,-0.049,0.25,0.06,0.0,0.09,1.01,3.04,0.28,1.33,1.46,0.58,0.0,0.0,0.0,0.0,3.22,1.94,0.59,1.0,1.0,0.0,0.0,1.0,1.0,1.0,1.0,1.0,1.0,0.0,0.0,0.0,0.0,1.0,1.0,0.0,0.0,0.15691007370645896,16.601204775557843,17.95466513193702
3327,133.04,0.98,1,0.018,0.319,0.065,-0.052,-0.051,0.28,0.08,0.0,0.17,1.1,2.8,0.28,1.35,1.44,0.68,0.0,0.0,0.0,0.0,3.21,1.89,0.54,1.0,1.0,0.0,0.0,1.0,1.0,1.0,1.0,1.0,1.0,0.0,0.0,0.0,0.0,1.0,1.0,0.0,0.0,0.16412189163903612,18.009997223764362,18.35347378563542
3328,133.08,0.98,1,0.017,0.314,0.047,-0.052,-0.05,0.31,0.23,0.0,0.26,1.11,2.95,0.28,1.32,1.38,0.55,0.0,0.0,0.0,0.0,3.31,1.78,0.47,1.0,1.0,0.0,0.0,1.0,1.0,1.0,1.0,1.0,1.0,0.0,0.0,0.0,0.0,1.0,1.0,0.0,0.0,0.16612077603042852,18.000277775634462,18.538878067455965
3329,133.12,0.98,1,0.025,0.308,0.052,-0.049,-0.05,0.41,0.28,0.0,0.26,1.15,2.93,0.2,1.29,1.42,0.43,0.0,0.0,0.0,0.0,3.25,1.78,0.5,1.0,1.0,0.0,0.0,1.0,1.0,1.0,1.0,1.0,1.0,0.0,0.0,0.0,0.0,1.0,1.0,0.0,0.0,0.16677678509493776,18.00444389588304,17.917868176767104
3330,133.16,0.98,1,0.018,0.299,0.042,-0.042,-0.052,0.45,0.32,0.0,0.26,1.19,3.1,0.19,1.3,1.46,0.41,0.0,0.0,0.0,0.0,3.28,1.78,0.49,1.0,1.0,0.0,0.0,1.0,1.0,1.0,1.0,1.0,1.0,0.0,0.0,0.0,0.0,1.0,1.0,0.0,0.0,0.16832369525139437,18.30682932678399,18.227451824103163
3331,133.2,0.98,1,0.02,0.309,0.034,-0.043,-0.052,0.53,0.17,0.0,0.17,1.13,2.75,0.07,1.35,1.52,0.45,0.0,0.0,0.0,0.0,3.15,1.84,0.5,1.0,1.0,0.0,0.0,1.0,1.0,1.0,1.0,1.0,1.0,0.0,0.0,0.0,0.0,1.0,1.0,0.0,0.0,0.17451402238836314,17.410341754256383,19.0168346472277
3332,133.24,0.98,1,0.039,0.3,0.031,-0.044,-0.05,0.52,0.06,0.0,0.09,1.06,2.5,0.05,1.36,1.55,0.49,0.0,0.0,0.0,0.0,3.09,1.94,0.35,1.0,0.0,0.0,0.0,1.0,1.0,1.0,1.0,1.0,1.0,0.0,0.0,0.0,0.0,1.0,1.0,0.0,0.0,0.17843357114614342,17.60710084028591,18.713097017864296
3333,133.28,0.98,1,0.036,0.297,0.023,-0.044,-0.047,0.49,0.09,0.0,0.0,1.03,2.37,0.01,1.35,1.57,0.41,0.0,0.0,0.0,0.0,2.94,1.98,0.37,1.0,0.0,0.0,0.0,1.0,1.0,1.0,1.0,1.0,1.0,0.0,0.0,0.0,0.0,1.0,1.0,0.0,0.0,0.18192952851939376,17.507141400011598,18.709623192357498
3334,133.32,0.98,1,0.032,0.299,0.022,-0.045,-0.046,0.34,0.09,0.0,0.0,1.04,2.56,0.04,1.29,1.6,0.38,0.0,0.0,0.0,0.0,2.86,1.96,0.37,1.0,0.0,0.0,0.0,1.0,1.0,1.0,1.0,1.0,1.0,0.0,0.0,0.0,0.0,1.0,1.0,0.0,0.0,0.1903381410671232,17.613914953808447,18.813027401245083
3335,133.36,0.98,1,0.042,0.301,0.028,-0.045,-0.046,0.2,0.08,0.0,0.0,1.03,2.78,0.08,1.26,1.63,0.46,0.0,0.0,0.0,0.0,2.81,1.82,0.56,1.0,0.0,0.0,0.0,1.0,1.0,1.0,1.0,1.0,1.0,0.0,0.0,0.0,0.0,1.0,1.0,0.0,0.0,0.1831023213103391,17.707060738586787,19.01289036417136
3336,133.4,0.98,1,0.043,0.298,0.032,-0.044,-0.047,0.15,0.0,0.0,0.03,1.06,2.95,0.17,1.27,1.65,0.59,0.0,0.0,0.0,0.0,2.83,1.7,0.36,1.0,0.0,0.0,0.0,1.0,1.0,1.0,1.0,1.0,1.0,0.0,0.0,0.0,0.0,1.0,1.0,0.0,0.0,0.19198731873674374,17.70254219031836,19.50640920313116
3337,133.44,0.98,1,0.037,0.304,0.031,-0.052,-0.041,0.1,0.0,0.0,0.03,1.02,3.02,0.24,1.22,1.64,0.63,0.0,0.0,0.0,0.0,2.88,1.6,0.21,1.0,0.0,0.0,0.0,1.0,1.0,1.0,1.0,1.0,1.0,0.0,0.0,0.0,0.0,1.0,1.0,0.0,0.0,0.1794357133723634,17.210461934532773,19.1002617783107
3338,133.48,0.98,1,0.034,0.303,0.033,-0.05,-0.04,0.07,0.0,0.0,0.11,0.99,2.96,0.27,1.21,1.61,0.51,0.0,0.0,0.0,0.0,2.91,1.59,0.01,0.0,0.0,0.0,0.0,1.0,1.0,1.0,1.0,1.0,1.0,0.0,0.0,0.0,0.0,1.0,1.0,0.0,0.0,0.18260540401180692,17.610224302943923,19.402319448972968
3339,133.52,0.98,1,0.038,0.305,0.036,-0.053,-0.039,0.07,0.0,0.0,0.2,0.93,2.93,0.32,1.18,1.57,0.48,0.0,0.0,0.02,0.0,2.79,1.61,0.13,0.0,0.0,0.0,0.0,1.0,1.0,1.0,1.0,1.0,1.0,0.0,0.0,0.0,0.0,1.0,1.0,0.0,0.0,0.18536201256357857,17.40459709387136,18.902380802427903
3340,133.56,0.98,1,0.034,0.302,0.037,-0.052,-0.038,0.14,0.01,0.0,0.25,0.86,2.82,0.3,1.14,1.52,0.42,0.0,0.01,0.02,0.0,2.56,1.67,0.13,0.0,0.0,0.0,0.0,1.0,1.0,1.0,1.0,1.0,1.0,0.0,0.0,0.0,0.0,1.0,1.0,0.0,0.0,0.18527513898459141,17.804493814765035,19.501025614054253
3341,133.6,0.98,1,0.05,0.298,0.037,-0.046,-0.036,0.18,0.01,0.0,0.23,0.76,2.76,0.37,1.15,1.45,0.44,0.05,0.01,0.08,0.0,2.28,1.7,0.12,0.0,0.0,0.0,0.0,1.0,1.0,0.0,1.0,1.0,1.0,0.0,0.0,0.0,0.0,1.0,1.0,0.0,0.0,0.1884497047548622,18.313383084509493,18.7096231923575
3342,133.64,0.98,1,0.042,0.314,0.042,-0.048,-0.036,0.19,0.01,0.0,0.14,0.62,2.63,0.33,1.16,1.36,0.38,0.11,0.04,0.09,0.0,1.96,1.8,0.0,0.0,0.0,0.0,0.0,1.0,1.0,0.0,1.0,1.0,1.0,1.0,0.0,0.0,0.0,1.0,1.0,0.0,0.0,0.1865083086061844,18.7216452268491,19.206509313251114
3343,133.68,0.98,1,0.054,0.301,0.035,-0.046,-0.037,0.23,0.0,0.0,0.14,0.5,2.65,0.35,1.19,1.24,0.42,0.11,0.07,0.13,0.0,1.64,1.78,0.0,0.0,0.0,0.0,0.0,1.0,1.0,0.0,0.0,1.0,1.0,1.0,0.0,0.0,0.0,1.0,1.0,0.0,0.0,0.18727661334920875,18.81701357814248,18.702406262296655
3344,133.72,0.98,1,0.049,0.307,0.039,-0.048,-0.038,0.25,0.0,0.0,0.12,0.44,2.79,0.27,1.09,1.12,0.37,0.16,0.18,0.11,0.0,1.29,1.6,0.0,0.0,0.0,0.0,0.0,1.0,1.0,0.0,0.0,1.0,1.0,1.0,0.0,0.0,0.0,1.0,1.0,0.0,0.0,0.19415815851753238,19.231484602078776,18.906612599828755
3345,133.76,0.98,1,0.034,0.308,0.043,-0.048,-0.041,0.25,0.0,0.0,0.09,0.4,2.87,0.21,0.95,1.03,0.26,0.24,0.34,0.09,0.0,1.04,1.21,0.0,0.0,0.0,0.0,0.0,1.0,1.0,0.0,0.0,1.0,1.0,1.0,0.0,0.0,0.0,1.0,1.0,0.0,0.0,0.19671030852790367,19.54328529188478,19.10418802252546
3346,133.8,0.98,1,0.038,0.301,0.036,-0.047,-0.044,0.27,0.04,0.0,0.07,0.38,2.73,0.18,0.89,0.99,0.19,0.4,0.52,0.11,0.0,0.84,0.88,0.05,0.0,0.0,0.0,0.0,1.0,1.0,0.0,0.0,1.0,1.0,1.0,0.0,0.0,0.0,1.0,1.0,0.0,0.0,0.192099144949057,19.84943324127916,18.701069488133605
3347,133.84,0.98,1,0.051,0.294,0.023,-0.048,-0.044,0.25,0.04,0.0,0.02,0.4,2.67,0.15,0.82,0.99,0.22,0.36,0.72,0.14,0.0,0.84,0.77,0.05,0.0,0.0,0.0,0.0,1.0,1.0,0.0,0.0,1.0,1.0,1.0,0.0,0.0,0.0,1.0,1.0,0.0,0.0,0.19304205943753547,19.62549362436513,18.102486017119443
3348,133.88,0.98,1,0.04,0.291,0.019,-0.043,-0.046,0.18,0.04,0.0,0.02,0.44,2.61,0.23,0.85,1.02,0.31,0.23,0.58,0.25,0.0,0.92,0.83,0.11,0.0,0.0,0.0,0.0,1.0,1.0,0.0,0.0,1.0,1.0,1.0,0.0,0.0,0.0,1.0,1.0,0.0,0.0,0.18859620964072646,19.830532015051897,18.613167382259167
3349,133.92,0.98,1,0.034,0.297,0.019,-0.039,-0.048,0.17,0.0,0.0,0.0,0.61,2.81,0.31,1.03,1.17,0.38,0.07,0.36,0.22,0.0,1.28,1.17,0.18,0.0,0.0,0.0,0.0,1.0,1.0,0.0,0.0,1.0,1.0,1.0,0.0,0.0,0.0,1.0,1.0,0.0,0.0,0.1777821880038099,20.235612172603076,19.804039991880398
3350,133.96,0.98,1,0.044,0.309,0.03,-0.038,-0.052,0.2,0.0,0.0,0.0,0.85,2.86,0.44,1.35,1.37,0.37,0.0,0.05,0.15,0.0,1.9,1.39,0.18,0.0,0.0,0.0,0.0,1.0,1.0,1.0,1.0,1.0,1.0,1.0,0.0,0.0,0.0,1.0,1.0,0.0,0.0,0.16961220910404134,20.141995928904276,19.50640920313116
3351,134.0,0.98,1,0.013,0.307,0.028,-0.032,-0.053,0.31,0.0,0.0,0.0,1.05,2.83,0.53,1.62,1.58,0.47,0.0,0.0,0.03,0.0,2.71,1.47,0.12,1.0,0.0,0.0,0.0,1.0,1.0,1.0,1.0,1.0,1.0,0.0,0.0,0.0,0.0,1.0,1.0,0.0,0.0,0.16398375664993403,20.711832367030986,19.209372712298592
3352,134.04,0.98,1,0.001,0.305,0.04,-0.028,-0.059,0.32,0.01,0.0,0.0,1.2,2.82,0.56,1.64,1.78,0.59,0.0,0.0,0.0,0.0,3.1,1.29,0.06,1.0,0.0,0.0,0.0,1.0,1.0,1.0,1.0,1.0,1.0,0.0,0.0,0.0,0.0,1.0,1.0,0.0,0.0,0.16658094865861917,21.80825531765432,19.104188022525232
3353,134.08,0.98,1,-0.001,0.311,0.039,-0.023,-0.061,0.39,0.04,0.0,0.0,1.25,2.81,0.56,1.62,2.0,0.83,0.0,0.0,0.0,0.0,3.19,1.1,0.06,1.0,0.0,0.0,0.0,1.0,1.0,1.0,1.0,1.0,1.0,0.0,0.0,0.0,0.0,1.0,1.0,0.0,0.0,0.16587628097171603,21.1059233391957,19.106543381784295
3354,134.12,0.98,1,0.008,0.308,0.035,-0.025,-0.062,0.39,0.04,0.0,0.05,1.33,3.0,0.56,1.71,2.17,0.91,0.0,0.0,0.0,0.0,3.04,0.87,0.07,1.0,0.0,0.0,0.0,1.0,1.0,1.0,1.0,1.0,1.0,0.0,0.0,0.0,0.0,1.0,1.0,0.0,0.0,0.1664074951408183,21.7036863228347,18.506755523321747
3355,134.16,0.98,1,0.005,0.317,0.045,-0.02,-0.066,0.5,0.16,0.0,0.05,1.22,2.6,0.49,1.74,2.27,0.99,0.0,0.0,0.0,0.0,3.09,0.63,0.44,1.0,0.0,0.0,0.0,1.0,1.0,1.0,1.0,1.0,1.0,0.0,0.0,0.0,0.0,1.0,1.0,0.0,0.0,0.16535230958393893,21.402102700435634,18.609674903124898
3356,134.2,0.98,1,-0.021,0.321,0.037,-0.023,-0.065,0.78,0.35,0.0,0.05,1.02,1.97,0.46,1.81,2.35,0.98,0.0,0.0,0.0,0.0,3.23,0.6,1.21,1.0,1.0,0.0,0.0,1.0,1.0,1.0,1.0,1.0,1.0,0.0,0.0,0.0,0.0,1.0,1.0,0.0,1.0,0.19238702453583018,18.100000000000136,18.346116755324502
3357,134.24,0.98,1,-0.013,0.426,0.024,-0.046,-0.057,1.02,0.5,0.0,0.0,0.8,1.22,0.37,1.83,2.41,1.08,0.0,0.0,0.0,0.0,3.36,0.8,2.08,1.0,1.0,0.0,0.0,1.0,1.0,1.0,1.0,1.0,1.0,0.0,0.0,0.0,0.0,1.0,1.0,0.0,1.0,0.14699552856922737,16.26038129934233,18.760063965775856
3358,134.28,0.98,1,-0.009,0.424,0.027,-0.055,-0.049,1.09,0.38,0.0,0.0,0.8,0.94,0.3,1.88,2.32,1.0,0.0,0.0,0.0,0.0,3.44,1.14,2.23,1.0,1.0,0.0,0.0,1.0,1.0,1.0,1.0,1.0,1.0,0.0,0.0,0.0,0.0,1.0,1.0,0.0,1.0,0.15216965819012312,16.26345596729072,20.189601283829166
3359,134.32,0.98,1,-0.007,0.38,0.029,-0.044,-0.042,0.94,0.22,0.0,0.0,0.9,1.22,0.25,1.75,2.1,0.98,0.0,0.0,0.0,0.0,3.41,1.36,1.73,1.0,1.0,0.0,0.0,1.0,1.0,1.0,1.0,1.0,1.0,0.0,0.0,0.0,0.0,1.0,1.0,0.0,1.0,0.16149130052631544,19.325630649476686,20.75427666771362
3360,134.36,0.98,1,0.003,0.348,0.053,-0.043,-0.048,0.77,0.07,0.0,0.0,0.98,1.71,0.31,1.57,1.87,0.87,0.0,0.0,0.0,0.0,3.24,1.58,1.1,1.0,1.0,0.0,0.0,1.0,1.0,1.0,1.0,1.0,1.0,0.0,0.0,0.0,0.0,1.0,1.0,0.0,1.0,0.17495407450463502,18.327302038216054,21.06086417980041
3361,134.4,0.98,1,0.013,0.334,0.044,-0.045,-0.047,0.56,0.07,0.0,0.04,0.94,2.36,0.42,1.43,1.69,0.85,0.0,0.0,0.05,0.0,2.79,1.59,0.71,1.0,0.0,0.0,0.0,1.0,1.0,1.0,1.0,1.0,1.0,0.0,0.0,0.0,0.0,1.0,1.0,0.0,1.0,0.16463085748338604,18.170580618130966,18.52187895436097
3362,134.44,0.98,1,0.013,0.319,0.021,-0.041,-0.043,0.48,0.0,0.0,0.16,0.81,2.58,0.46,1.37,1.54,0.9,0.0,0.0,0.05,0.0,1.96,1.39,0.56,0.0,0.0,0.0,0.0,1.0,1.0,1.0,1.0,1.0,1.0,0.0,0.0,0.0,0.0,1.0,1.0,0.0,1.0,0.1621481702877751,18.353473785635195,17.44849563716033
3363,134.48,0.98,1,0.003,0.325,0.023,-0.03,-0.048,0.35,0.0,0.0,0.25,0.74,2.53,0.45,1.4,1.48,0.89,0.0,0.0,0.05,0.0,1.17,0.9,0.63,0.0,0.0,0.0,0.0,1.0,1.0,1.0,1.0,1.0,1.0,1.0,0.0,0.0,0.0,1.0,0.0,0.0,0.0,0.1640250856187438,17.214238292762236,17.541094606665794
3364,134.52,0.98,1,0.003,0.306,0.009,-0.023,-0.048,0.31,0.0,0.0,0.24,0.73,2.4,0.45,1.51,1.54,0.94,0.0,0.06,0.03,0.0,0.69,0.44,0.45,0.0,0.0,0.0,0.0,1.0,1.0,1.0,1.0,1.0,1.0,1.0,0.0,0.0,0.0,1.0,0.0,0.0,0.0,0.15867008684942546,17.323394586512148,17.541094606665794
3365,134.56,0.98,1,0.012,0.294,0.005,-0.023,-0.05,0.29,0.01,0.0,0.12,0.81,2.51,0.45,1.68,1.61,0.87,0.0,0.13,0.02,0.0,0.7,0.27,0.34,0.0,0.0,0.0,0.0,1.0,1.0,1.0,1.0,1.0,1.0,1.0,0.0,0.0,0.0,1.0,0.0,0.0,0.0,0.16383645625932963,17.513994404475522,17.428711943227338
3366,134.6,0.98,1,0.006,0.29,0.004,-0.015,-0.049,0.47,0.09,0.0,0.05,0.87,2.87,0.5,1.79,1.65,0.79,0.0,0.16,0.02,0.0,0.9,0.37,0.03,0.0,0.0,0.0,0.0,1.0,1.0,1.0,1.0,1.0,1.0,0.0,0.0,0.0,0.0,1.0,0.0,0.0,0.0,0.16989295081364503,18.832153355365342,18.617196351760516
3367,134.64,0.98,1,0.0,0.299,0.012,-0.004,-0.036,0.63,0.16,0.0,0.27,0.88,3.04,0.48,1.94,1.66,0.8,0.0,0.18,0.02,0.0,1.13,0.48,0.01,0.0,0.0,0.0,0.0,1.0,1.0,1.0,1.0,1.0,1.0,0.0,0.0,0.0,0.0,1.0,0.0,0.0,0.0,0.16262826853908258,19.431160541769078,18.513238506539047
3368,134.68,0.98,1,-0.003,0.309,0.022,-0.003,-0.044,0.62,0.16,0.0,0.38,0.96,3.12,0.59,1.93,1.74,0.87,0.0,0.14,0.06,0.0,1.39,0.5,0.05,0.0,0.0,0.0,0.0,1.0,1.0,1.0,1.0,1.0,1.0,0.0,0.0,0.0,0.0,1.0,0.0,0.0,0.0,0.16660131294575656,19.809088823062968,19.00026315607234
3369,134.72,0.98,1,-0.018,0.286,0.018,0.002,-0.035,0.39,0.07,0.0,0.36,0.97,2.87,0.54,1.98,1.87,0.81,0.0,0.14,0.15,0.0,1.55,0.61,0.06,0.0,0.0,0.0,0.0,1.0,1.0,1.0,1.0,1.0,1.0,0.0,0.0,0.0,0.0,1.0,0.0,0.0,0.0,0.16494700308822072,19.912307751739743,19.50102561405425
3370,134.76,0.98,1,-0.007,0.29,0.021,-0.012,-0.021,0.2,0.0,0.0,0.11,1.21,3.0,0.58,1.97,2.11,0.89,0.0,0.06,0.26,0.0,2.15,0.7,0.17,0.0,0.0,0.0,0.0,1.0,1.0,1.0,1.0,1.0,1.0,0.0,0.0,0.0,0.0,1.0,0.0,0.0,0.0,0.16449296769055077,20.900956915892493,19.304144632694996
3371,134.8,0.98,1,-0.011,0.306,0.062,0.002,-0.036,0.05,0.0,0.0,0.0,1.41,3.11,0.5,2.06,2.38,1.11,0.0,0.03,0.23,0.0,2.79,0.99,0.15,0.0,0.0,0.0,0.0,1.0,1.0,1.0,1.0,1.0,1.0,0.0,0.0,0.0,0.0,1.0,1.0,0.0,0.0,0.16555955205671954,21.40210270043563,18.60430057809206
3372,134.84,0.98,1,-0.015,0.319,0.093,-0.005,-0.018,0.05,0.0,0.0,0.0,1.62,3.5,0.48,2.08,2.64,1.46,0.0,0.0,0.14,0.0,3.58,1.33,0.14,0.0,0.0,0.0,0.0,1.0,1.0,1.0,1.0,1.0,1.0,0.0,0.0,0.0,0.0,1.0,1.0,0.0,0.0,0.16389778933884352,20.500243900988107,19.402319448972968
3373,134.88,0.98,1,-0.018,0.327,0.114,-0.006,-0.013,0.03,0.0,0.0,0.0,1.67,3.68,0.41,2.04,2.77,1.61,0.0,0.0,0.02,0.0,3.84,1.79,0.02,0.0,0.0,0.0,0.0,1.0,1.0,1.0,1.0,1.0,1.0,0.0,0.0,0.0,0.0,1.0,1.0,0.0,0.0,0.15885245841773626,20.702173798903384,20.006249023742555
3374,134.92,0.98,1,-0.022,0.33,0.119,-0.006,-0.014,0.0,0.0,0.0,0.0,1.68,3.91,0.37,2.02,2.83,1.67,0.0,0.08,0.18,0.0,3.84,2.01,0.0,0.0,0.0,0.0,0.0,1.0,1.0,1.0,1.0,1.0,1.0,0.0,0.0,0.0,0.0,1.0,1.0,0.0,0.0,0.15638904242421034,20.40220576310303,20.306156701847797
3375,134.96,0.98,1,-0.018,0.35,0.128,0.001,-0.015,0.0,0.0,0.0,0.0,1.71,3.87,0.36,2.04,2.87,1.79,0.0,0.09,0.34,0.0,3.82,1.95,0.0,0.0,0.0,0.0,0.0,1.0,1.0,1.0,1.0,1.0,1.0,0.0,0.0,0.0,0.0,1.0,1.0,0.0,0.0,0.15903926406027183,20.40612653102013,20.012246250733575
3376,135.0,0.98,1,-0.02,0.341,0.13,-0.001,-0.019,0.0,0.0,0.0,0.0,1.72,3.6,0.34,2.09,2.9,1.93,0.0,0.12,0.38,0.0,3.84,1.94,0.01,0.0,0.0,0.0,0.0,1.0,1.0,1.0,1.0,1.0,1.0,0.0,0.0,0.0,0.0,1.0,1.0,0.0,0.0,0.1573367393076503,19.302331465395525,19.112822920751533
3377,135.04,0.98,1,-0.02,0.339,0.13,0.003,-0.021,0.0,0.0,0.0,0.0,1.72,3.41,0.31,2.08,2.94,1.94,0.0,0.04,0.33,0.0,3.92,1.9,0.01,0.0,0.0,0.0,0.0,1.0,1.0,1.0,1.0,1.0,1.0,0.0,0.0,0.0,0.0,1.0,1.0,0.0,0.0,0.15467578127460158,19.504102132628407,19.806312125178863
3378,135.08,0.98,1,-0.028,0.334,0.132,0.001,-0.023,0.0,0.0,0.0,0.0,1.71,3.32,0.26,2.04,2.97,1.96,0.0,0.04,0.21,0.0,3.82,1.84,0.01,0.0,0.0,0.0,0.0,1.0,1.0,1.0,1.0,1.0,1.0,0.0,0.0,0.0,0.0,1.0,1.0,0.0,0.0,0.15133781120111287,19.61631973638267,20.306156701847797
3379,135.12,0.98,1,-0.05,0.344,0.134,0.001,-0.025,0.0,0.0,0.0,0.0,1.67,3.37,0.26,1.99,2.99,1.92,0.0,0.02,0.21,0.0,3.74,1.73,0.14,0.0,0.0,0.0,0.0,1.0,1.0,1.0,1.0,1.0,1.0,0.0,0.0,0.0,0.0,1.0,1.0,0.0,0.0,0.14767681561147647,18.122361876974118,19.009471323527123
3380,135.16,0.98,1,-0.07,0.356,0.136,0.002,-0.028,0.0,0.0,0.0,0.0,1.62,3.29,0.21,2.01,3.01,1.99,0.0,0.06,0.21,0.0,3.65,1.66,0.32,0.0,0.0,0.0,0.0,1.0,1.0,1.0,1.0,1.0,1.0,0.0,0.0,0.0,0.0,1.0,1.0,0.0,0.0,0.14569220509054567,18.222239159883777,18.106904760339265
3381,135.2,0.98,1,-0.067,0.355,0.133,0.005,-0.026,0.0,0.0,0.0,0.0,1.57,3.25,0.16,1.99,3.0,2.08,0.0,0.06,0.22,0.0,3.61,1.61,0.57,0.0,0.0,0.0,0.0,1.0,1.0,1.0,1.0,1.0,1.0,0.0,0.0,0.0,0.0,1.0,1.0,0.0,0.0,0.148761301021226,18.817013578142706,17.102631376487206
3382,135.24,0.98,1,-0.071,0.356,0.131,0.007,-0.022,0.0,0.0,0.0,0.0,1.58,3.16,0.11,1.9,3.01,2.24,0.0,0.08,0.22,0.0,3.59,1.4,0.71,0.0,0.0,0.0,0.0,1.0,1.0,1.0,1.0,1.0,1.0,0.0,0.0,0.0,0.0,1.0,1.0,0.0,0.0,0.14868659841404314,19.10942175995928,16.800297616411395
3383,135.28,0.98,1,-0.076,0.349,0.135,0.008,-0.023,0.0,0.0,0.0,0.0,1.61,3.16,0.11,1.89,3.02,2.32,0.0,0.04,0.27,0.0,3.58,1.26,0.71,0.0,0.0,0.0,0.0,1.0,1.0,1.0,1.0,1.0,1.0,0.0,0.0,0.0,0.0,1.0,1.0,0.0,0.0,0.1503240476997813,19.70634415613413,16.800297616411395
3384,135.32,0.98,1,-0.069,0.349,0.128,0.005,-0.021,0.0,0.0,0.0,0.0,1.71,3.24,0.11,1.91,3.11,2.29,0.0,0.02,0.27,0.0,3.64,1.19,0.51,0.0,0.0,0.0,0.0,1.0,1.0,1.0,1.0,1.0,1.0,0.0,0.0,0.0,0.0,1.0,1.0,0.0,0.0,0.1486987677204008,19.512560057562926,16.504847772699996
3385,135.36,0.98,1,-0.063,0.354,0.133,0.003,-0.024,0.0,0.0,0.0,0.0,1.75,3.32,0.11,2.04,3.19,2.28,0.0,0.0,0.28,0.0,3.65,1.26,0.38,0.0,0.0,0.0,0.0,1.0,1.0,1.0,1.0,1.0,1.0,0.0,0.0,0.0,0.0,1.0,1.0,0.0,0.0,0.15138355485972282,20.31575743111731,16.119863522995608
3386,135.4,0.98,1,-0.061,0.355,0.138,0.004,-0.027,0.0,0.0,0.0,0.0,1.75,3.36,0.15,2.05,3.25,2.33,0.0,0.0,0.15,0.0,3.7,1.25,0.29,0.0,0.0,0.0,0.0,1.0,1.0,1.0,1.0,1.0,1.0,0.0,0.0,0.0,0.0,1.0,1.0,0.0,0.0,0.15276418699985267,18.83215335536557,16.507574019219177
3387,135.44,0.98,1,-0.069,0.348,0.135,0.005,-0.026,0.0,0.0,0.0,0.01,1.73,3.15,0.17,2.07,3.27,2.43,0.0,0.01,0.13,0.0,3.68,1.29,0.33,0.0,0.0,0.0,0.0,1.0,1.0,1.0,1.0,1.0,1.0,0.0,0.0,0.0,0.0,1.0,1.0,0.0,0.0,0.15301904686784398,20.120139164528794,16.71077496706822
3388,135.48,0.98,1,-0.073,0.348,0.138,0.004,-0.026,0.0,0.0,0.0,0.02,1.75,3.06,0.16,2.09,3.3,2.49,0.0,0.02,0.05,0.0,3.71,1.32,0.19,0.0,0.0,0.0,0.0,1.0,1.0,1.0,1.0,1.0,1.0,0.0,0.0,0.0,0.0,1.0,1.0,0.0,0.0,0.15280278597974173,20.41984329028983,16.607528413343058
3389,135.52,0.98,1,-0.05,0.351,0.136,0.003,-0.022,0.0,0.0,0.0,0.09,1.78,3.0,0.1,2.11,3.33,2.43,0.0,0.05,0.04,0.0,3.75,1.39,0.09,0.0,0.0,0.0,0.0,1.0,1.0,1.0,1.0,1.0,1.0,0.0,0.0,0.0,0.0,1.0,1.0,0.0,0.0,0.15009716283371188,19.7205476597381,17.004705231199985
3390,135.56,0.98,1,-0.043,0.347,0.136,0.003,-0.019,0.0,0.0,0.0,0.11,1.8,3.07,0.06,2.12,3.34,2.37,0.0,0.04,0.0,0.0,3.79,1.41,0.0,0.0,0.0,0.0,0.0,1.0,1.0,1.0,1.0,1.0,1.0,0.0,0.0,0.0,0.0,1.0,1.0,0.0,0.0,0.1500173525016055,19.916073910286723,17.118703221914824
3391,135.6,0.98,1,-0.04,0.35,0.139,0.004,-0.014,0.0,0.0,0.0,0.1,1.78,3.02,0.0,2.12,3.33,2.38,0.0,0.1,0.04,0.0,3.8,1.41,0.0,0.0,0.0,0.0,0.0,1.0,1.0,1.0,1.0,1.0,1.0,0.0,0.0,0.0,0.0,1.0,1.0,0.0,0.0,0.15111092968444848,19.22602402994446,17.010584939971935
3392,135.64,0.98,1,-0.04,0.352,0.143,0.004,-0.01,0.0,0.0,0.0,0.05,1.77,3.01,0.0,2.09,3.28,2.42,0.0,0.12,0.1,0.0,3.74,1.38,0.0,0.0,0.0,0.0,0.0,1.0,1.0,1.0,1.0,1.0,1.0,0.0,0.0,0.0,0.0,1.0,1.0,0.0,0.0,0.15343837539135996,19.212756179163925,17.20726590716845
3393,135.68,0.98,1,-0.044,0.348,0.138,0.003,-0.003,0.0,0.0,0.0,0.02,1.75,2.98,0.04,2.1,3.25,2.48,0.0,0.17,0.13,0.0,3.7,1.34,0.0,0.0,0.0,0.0,0.0,1.0,1.0,1.0,1.0,1.0,1.0,0.0,0.0,0.0,0.0,1.0,1.0,0.0,0.0,0.15491929430897997,19.10942175995905,17.507141400011598
3394,135.72,0.98,1,-0.048,0.333,0.135,0.004,-0.0,0.0,0.0,0.0,0.02,1.74,3.15,0.07,2.11,3.23,2.45,0.0,0.22,0.15,0.0,3.68,1.29,0.07,0.0,0.0,0.0,0.0,1.0,1.0,1.0,1.0,1.0,1.0,0.0,0.0,0.0,0.0,1.0,1.0,0.0,0.0,0.15243357397121987,19.809088823063195,18.199999999999818
3395,135.76,0.98,1,-0.036,0.346,0.137,-0.0,-0.002,0.0,0.0,0.0,0.0,1.73,3.18,0.13,2.19,3.23,2.42,0.0,0.3,0.12,0.0,3.65,1.22,0.07,0.0,0.0,0.0,0.0,1.0,1.0,1.0,1.0,1.0,1.0,0.0,0.0,0.0,0.0,1.0,1.0,0.0,0.0,0.15099786863936243,19.03181546778972,18.30245885120353
3396,135.8,0.98,1,-0.024,0.352,0.138,0.0,-0.005,0.0,0.0,0.0,0.0,1.76,3.26,0.11,2.19,3.2,2.36,0.0,0.3,0.12,0.0,3.67,1.23,0.12,0.0,0.0,0.0,0.0,1.0,1.0,1.0,1.0,1.0,1.0,0.0,0.0,0.0,0.0,1.0,1.0,0.0,0.0,0.14969109081137877,19.12616009553421,18.821530224718664
3397,135.84,0.98,1,-0.026,0.352,0.133,0.002,-0.008,0.0,0.0,0.0,0.0,1.78,3.13,0.1,2.24,3.17,2.26,0.0,0.22,0.06,0.0,3.74,1.38,0.06,0.0,0.0,0.0,0.0,1.0,1.0,1.0,1.0,1.0,1.0,0.0,0.0,0.0,0.0,1.0,1.0,0.0,0.0,0.14727100089763184,18.63249849054057,19.636700333813636
3398,135.88,0.98,1,-0.016,0.364,0.139,-0.001,-0.008,0.0,0.0,0.0,0.0,1.8,3.12,0.03,2.22,3.15,2.23,0.0,0.24,0.03,0.0,3.93,1.6,0.26,0.0,0.0,0.0,0.0,1.0,1.0,1.0,1.0,1.0,1.0,0.0,0.0,0.0,0.0,1.0,1.0,0.0,0.0,0.14006697487562902,18.31747799234377,20.03596765818911
3399,135.92,0.98,1,-0.024,0.362,0.143,-0.003,-0.005,0.0,0.0,0.0,0.0,1.78,3.19,0.02,2.29,3.14,2.23,0.0,0.38,0.03,0.0,3.98,1.71,0.22,0.0,0.0,0.0,0.0,1.0,1.0,1.0,1.0,1.0,1.0,0.0,0.0,0.0,0.0,1.0,1.0,0.0,0.0,0.1436478750468877,18.31747799234377,19.925109786397755
3400,135.96,0.98,1,-0.024,0.365,0.148,-0.001,-0.004,0.0,0.0,0.0,0.0,1.8,3.36,0.02,2.31,3.07,2.23,0.0,0.48,0.19,0.0,3.94,1.66,0.21,0.0,0.0,0.0,0.0,1.0,1.0,1.0,1.0,1.0,1.0,0.0,0.0,0.0,0.0,1.0,1.0,0.0,0.0,0.14614430664356645,18.51323850653904,19.520758181996925
3401,136.0,0.98,1,-0.026,0.36,0.139,-0.003,-0.002,0.0,0.0,0.0,0.0,1.83,3.63,0.07,2.3,3.02,2.09,0.0,0.51,0.35,0.0,3.83,1.64,0.0,0.0,0.0,0.0,0.0,1.0,1.0,1.0,1.0,1.0,1.0,0.0,0.0,0.0,0.0,1.0,1.0,0.0,0.0,0.14305921588592863,18.906612599828755,19.81615502563497
3402,136.04,0.98,1,-0.032,0.344,0.148,-0.006,-0.006,0.0,0.0,0.0,0.0,1.86,3.76,0.17,2.24,2.92,1.88,0.0,0.43,0.37,0.0,3.82,1.62,0.0,0.0,0.0,0.0,0.0,1.0,1.0,1.0,1.0,1.0,1.0,0.0,0.0,0.0,0.0,1.0,1.0,0.0,0.0,0.14558878370051298,18.900264548412935,19.437077969695025
3403,136.08,0.98,1,-0.034,0.321,0.142,-0.005,-0.008,0.0,0.0,0.0,0.0,1.81,3.72,0.28,2.15,2.89,1.77,0.0,0.44,0.21,0.0,3.81,1.68,0.0,0.0,0.0,0.0,0.0,1.0,1.0,1.0,1.0,1.0,1.0,0.0,0.0,0.0,0.0,1.0,1.0,0.0,0.0,0.1574465716413342,20.10099500024826,20.50219500443794
3404,136.12,0.98,1,-0.028,0.313,0.134,-0.005,-0.007,0.0,0.0,0.0,0.0,1.71,3.6,0.38,2.1,2.77,1.69,0.0,0.46,0.08,0.0,3.75,1.64,0.0,0.0,0.0,0.0,0.0,1.0,1.0,1.0,1.0,1.0,1.0,0.0,0.0,0.0,0.0,1.0,1.0,0.0,0.0,0.15949614430978806,20.60218435020899,20.400245096566945
3405,136.16,0.98,1,-0.024,0.308,0.126,-0.006,-0.006,0.0,0.0,0.0,0.0,1.66,3.42,0.43,2.0,2.68,1.65,0.01,0.51,0.1,0.0,3.62,1.64,0.0,0.0,0.0,0.0,0.0,1.0,1.0,1.0,1.0,1.0,1.0,0.0,0.0,0.0,0.0,1.0,1.0,0.0,0.0,0.16434216219403713,20.60097085090885,20.500243900988107
3406,136.2,0.98,1,-0.018,0.318,0.13,-0.009,-0.005,0.0,0.0,0.0,0.0,1.57,3.5,0.42,1.93,2.58,1.55,0.01,0.56,0.17,0.0,3.53,1.58,0.0,0.0,0.0,0.0,0.0,1.0,1.0,1.0,1.0,1.0,1.0,0.0,0.0,0.0,0.0,1.0,1.0,0.0,0.0,0.1654835414130898,20.600970850909082,20.300246303924446
3407,136.24,0.98,1,-0.022,0.316,0.125,-0.008,-0.004,0.0,0.0,0.0,0.0,1.52,3.52,0.41,1.86,2.51,1.54,0.01,0.53,0.22,0.0,3.46,1.64,0.0,0.0,0.0,0.0,0.0,1.0,1.0,1.0,1.0,1.0,1.0,0.0,0.0,0.0,0.0,1.0,1.0,0.0,0.0,0.1678928827439589,21.002142747824568,19.799999999999955
3408,136.28,0.98,1,-0.022,0.316,0.126,-0.008,-0.004,0.0,0.0,0.0,0.0,1.41,3.5,0.38,1.81,2.47,1.49,0.0,0.47,0.2,0.0,3.39,1.56,0.0,0.0,0.0,0.0,0.0,1.0,1.0,1.0,1.0,1.0,1.0,0.0,0.0,0.0,0.0,1.0,1.0,0.0,0.0,0.17198600634885752,21.400233643584226,20.500975586542218
3409,136.32,0.98,1,-0.018,0.317,0.13,-0.009,-0.003,0.0,0.0,0.0,0.0,1.42,3.54,0.4,1.81,2.48,1.38,0.03,0.42,0.14,0.0,3.25,1.46,0.0,0.0,0.0,0.0,0.0,1.0,1.0,1.0,1.0,1.0,1.0,0.0,0.0,0.0,0.0,1.0,1.0,0.0,0.0,0.17745798413991906,21.20377324911776,20.300985197768068
3410,136.36,0.98,1,-0.031,0.309,0.119,-0.003,-0.001,0.0,0.0,0.0,0.0,1.45,3.45,0.44,1.79,2.52,1.38,0.03,0.41,0.17,0.0,3.05,1.21,0.0,0.0,0.0,0.0,0.0,1.0,1.0,1.0,1.0,1.0,1.0,0.0,0.0,0.0,0.0,1.0,1.0,0.0,0.0,0.17227652326427403,21.700230413523308,20.20024752323599
3411,136.4,0.98,1,-0.031,0.308,0.116,-0.002,0.0,0.0,0.0,0.0,0.0,1.46,3.33,0.41,1.8,2.56,1.4,0.03,0.4,0.21,0.0,2.96,1.04,0.0,0.0,0.0,0.0,0.0,1.0,1.0,1.0,1.0,1.0,1.0,0.0,0.0,0.0,0.0,1.0,1.0,0.0,0.0,0.17742843984092171,21.5,19.700253805471462
3412,136.44,0.98,1,-0.044,0.298,0.11,0.002,0.001,0.0,0.0,0.0,0.0,1.44,3.07,0.4,1.7,2.58,1.49,0.0,0.32,0.22,0.0,2.91,0.85,0.0,0.0,0.0,0.0,0.0,1.0,1.0,1.0,1.0,1.0,1.0,0.0,0.0,0.0,0.0,1.0,1.0,0.0,0.0,0.17471943533943454,22.300224214119417,20.200000000000045
3413,136.48,0.98,1,-0.042,0.301,0.111,0.003,0.003,0.0,0.0,0.0,0.0,1.42,2.95,0.31,1.64,2.58,1.47,0.0,0.18,0.12,0.0,3.04,0.9,0.04,0.0,0.0,0.0,0.0,1.0,1.0,1.0,1.0,1.0,1.0,0.0,0.0,0.0,0.0,1.0,1.0,0.0,0.0,0.17407477610274252,22.50022222112484,19.799999999999955
3414,136.52,0.98,1,-0.042,0.307,0.112,0.0,0.005,0.0,0.0,0.0,0.09,1.39,3.09,0.35,1.47,2.44,1.38,0.0,0.07,0.02,0.0,3.18,1.34,0.04,0.0,0.0,0.0,0.0,1.0,1.0,1.0,1.0,1.0,1.0,0.0,0.0,0.0,0.0,1.0,1.0,0.0,0.0,0.1778512387242484,22.105655384991554,19.801010075246342
3415,136.56,0.98,1,-0.037,0.322,0.125,-0.005,0.009,0.0,0.0,0.0,0.19,1.23,3.02,0.25,1.32,2.25,1.21,0.0,0.18,0.0,0.0,2.99,1.83,0.04,0.0,0.0,0.0,0.0,1.0,1.0,1.0,1.0,1.0,1.0,0.0,0.0,0.0,0.0,1.0,1.0,0.0,0.0,0.1882012548936266,22.799999999999955,19.600000000000136
3416,136.6,0.98,1,-0.033,0.303,0.094,-0.014,0.014,0.0,0.0,0.0,0.19,1.06,2.97,0.29,1.21,2.04,1.07,0.07,0.6,0.01,0.0,2.36,2.05,0.0,0.0,0.0,0.0,0.0,1.0,1.0,1.0,1.0,1.0,1.0,0.0,0.0,0.0,0.0,1.0,1.0,0.0,0.0,0.1892636067811756,22.0,19.800252523642172
3417,136.64,0.98,1,-0.038,0.297,0.084,-0.012,0.01,0.07,0.0,0.0,0.1,0.85,2.6,0.26,1.23,1.93,0.96,0.07,0.83,0.08,0.0,1.75,1.78,0.47,0.0,0.0,0.0,0.0,1.0,1.0,1.0,1.0,1.0,1.0,0.0,0.0,0.0,0.0,1.0,1.0,0.0,0.0,0.1870690870778132,21.700000000000045,19.701015202268174
3418,136.68,0.98,1,-0.026,0.349,0.072,-0.009,0.013,0.22,0.0,0.0,0.0,0.71,2.2,0.35,1.37,1.88,1.13,0.07,0.81,0.22,0.0,1.71,1.53,1.15,0.0,0.0,0.0,0.0,1.0,1.0,1.0,1.0,1.0,1.0,0.0,0.0,0.0,0.0,1.0,1.0,0.0,1.0,0.17211359875041576,19.920341362537027,20.00399960007998
3419,136.72,0.93,1,-0.065,0.458,0.098,0.012,0.01,0.23,0.0,0.0,0.0,0.67,1.76,0.43,1.3,1.89,1.19,0.0,0.39,0.38,0.0,2.0,1.43,1.93,0.0,0.0,0.0,0.0,1.0,1.0,1.0,1.0,1.0,1.0,0.0,0.0,0.0,0.0,1.0,1.0,0.0,1.0,0.10870327552224776,24.27447218787653,20.54117815511077
3420,136.76,0.98,1,-0.096,0.477,0.081,0.047,0.017,0.15,0.0,0.0,0.0,0.86,1.79,0.53,1.17,1.96,1.13,0.0,0.16,0.44,0.0,2.42,1.47,2.08,0.0,0.0,0.0,0.0,1.0,1.0,1.0,1.0,1.0,1.0,0.0,0.0,0.0,0.0,1.0,1.0,0.0,1.0,0.11038889907558791,22.065584062063714,18.506755523321747
3421,136.8,0.98,1,-0.126,0.392,0.082,0.082,0.024,0.01,0.0,0.0,0.0,1.15,2.35,0.56,0.91,2.07,0.92,0.0,0.0,0.49,0.0,2.72,1.63,1.91,0.0,0.0,0.0,0.0,1.0,1.0,1.0,1.0,1.0,1.0,0.0,0.0,0.0,0.0,1.0,1.0,0.0,1.0,0.13964398422151328,20.141995928904272,20.20222759994555
3422,136.84,0.98,1,-0.205,0.329,0.101,0.121,0.025,0.0,0.0,0.0,0.0,1.48,3.02,0.5,0.89,2.14,0.84,0.0,0.0,0.48,0.0,3.11,1.86,1.42,0.0,0.0,0.0,0.0,1.0,1.0,1.0,1.0,1.0,1.0,0.0,0.0,0.0,0.0,1.0,1.0,0.0,0.0,0.1629028346064882,17.2046505340853,21.922819161777507
3423,136.88,0.98,1,-0.218,0.347,0.118,0.152,0.027,0.0,0.0,0.0,0.0,1.64,3.12,0.39,0.96,2.2,1.0,0.0,0.0,0.42,0.0,3.27,2.0,1.02,0.0,0.0,0.0,0.0,1.0,1.0,1.0,1.0,1.0,1.0,0.0,0.0,0.0,0.0,1.0,1.0,0.0,0.0,0.14222086295888348,22.044500447957535,25.2715254782928
3424,136.92,0.98,1,-0.226,0.341,0.114,0.175,0.029,0.0,0.0,0.0,0.0,1.75,2.82,0.36,1.12,2.16,1.14,0.0,0.0,0.31,0.0,3.33,2.08,0.72,0.0,0.0,0.0,0.0,1.0,1.0,1.0,1.0,1.0,1.0,0.0,0.0,0.0,1.0,1.0,1.0,0.0,0.0,0.14803764081034465,21.844907873461217,25.196229876709754
3425,136.96,0.98,1,-0.249,0.328,0.112,0.191,0.034,0.02,0.0,0.0,0.0,1.7,2.4,0.33,1.26,2.11,1.27,0.0,0.0,0.26,0.0,3.39,2.02,0.58,0.0,0.0,0.0,0.0,1.0,1.0,1.0,1.0,1.0,1.0,0.0,0.0,0.0,1.0,1.0,1.0,0.0,0.0,0.1542925840383786,22.54994456755936,25.015395259719536
3426,137.0,0.98,1,-0.265,0.318,0.117,0.205,0.04,0.07,0.0,0.0,0.0,1.69,2.25,0.39,1.35,2.08,1.31,0.0,0.0,0.22,0.0,3.45,2.12,0.72,0.0,0.0,0.0,0.0,1.0,1.0,1.0,1.0,1.0,1.0,0.0,0.0,0.0,1.0,1.0,1.0,0.0,0.0,0.15507905036464906,22.987170334775964,23.485314560380044
3427,137.04,0.98,1,-0.272,0.328,0.114,0.211,0.046,0.14,0.0,0.0,0.0,1.64,2.11,0.35,1.44,2.05,1.35,0.0,0.0,0.14,0.0,3.53,2.09,0.67,0.0,0.0,0.0,0.0,1.0,1.0,1.0,1.0,1.0,1.0,0.0,0.0,0.0,1.0,1.0,1.0,0.0,0.0,0.15385354985383087,22.89650628371058,21.891550881561656
3428,137.08,0.98,1,-0.282,0.326,0.118,0.22,0.046,0.12,0.0,0.0,0.0,1.63,2.07,0.4,1.43,2.0,1.34,0.0,0.0,0.03,0.0,3.5,2.11,0.75,0.0,0.0,0.0,0.0,1.0,1.0,1.0,1.0,1.0,1.0,0.0,0.0,0.0,1.0,1.0,1.0,0.0,0.0,0.1704385521296285,20.87773934122174,22.92596780945131
3429,137.12,0.98,1,-0.286,0.334,0.113,0.218,0.051,0.12,0.0,0.0,0.0,1.62,2.06,0.36,1.46,1.93,1.4,0.0,0.0,0.0,0.0,3.53,2.07,0.66,0.0,0.0,0.0,0.0,1.0,1.0,1.0,1.0,1.0,1.0,0.0,0.0,0.0,1.0,1.0,1.0,0.0,0.0,0.15536560805999505,23.11471392857804,20.65187642806338
3430,137.16,0.98,1,-0.288,0.329,0.111,0.221,0.051,0.05,0.0,0.0,0.0,1.6,1.99,0.46,1.39,1.86,1.44,0.0,0.0,0.08,0.0,3.48,2.12,0.71,0.0,0.0,0.0,0.0,1.0,1.0,1.0,1.0,1.0,1.0,0.0,0.0,0.0,1.0,1.0,1.0,0.0,0.0,0.15945366857432225,21.858636736997074,21.284971223847062
3431,137.2,0.98,1,-0.293,0.337,0.102,0.222,0.054,0.15,0.0,0.0,0.0,1.52,1.79,0.42,1.32,1.83,1.51,0.0,0.0,0.11,0.0,3.51,2.15,0.64,0.0,0.0,0.0,0.0,1.0,1.0,1.0,1.0,1.0,1.0,0.0,0.0,0.0,1.0,1.0,1.0,0.0,0.0,0.16023372916850642,21.459729728027654,20.00024999843761
3432,137.24,0.98,1,-0.311,0.339,0.107,0.225,0.054,0.13,0.0,0.0,0.0,1.46,1.57,0.38,1.32,1.78,1.38,0.0,0.0,0.11,0.0,3.41,2.08,0.57,0.0,0.0,0.0,0.0,1.0,1.0,1.0,1.0,1.0,1.0,0.0,0.0,0.0,1.0,1.0,1.0,0.0,0.0,0.17506120457152496,23.207972767995056,20.5406913223484
3433,137.28,0.98,1,-0.309,0.355,0.103,0.216,0.056,0.13,0.0,0.0,0.0,1.45,1.6,0.25,1.34,1.78,1.25,0.0,0.0,0.06,0.0,3.41,1.91,0.54,0.0,0.0,0.0,0.0,1.0,1.0,1.0,1.0,1.0,1.0,0.0,0.0,0.0,1.0,1.0,1.0,0.0,0.0,0.1596744682911882,22.528204544526044,20.195048898182936
3434,137.32,0.98,1,-0.322,0.348,0.107,0.217,0.056,0.06,0.0,0.0,0.0,1.48,1.86,0.24,1.34,1.82,1.16,0.0,0.0,0.11,0.0,3.42,1.74,0.62,0.0,0.0,0.0,0.0,1.0,1.0,1.0,1.0,1.0,1.0,0.0,0.0,0.0,1.0,1.0,1.0,0.0,0.0,0.16951266405921553,23.716871631815177,19.785095400325986
3435,137.36,0.98,1,-0.32,0.35,0.115,0.216,0.055,0.05,0.0,0.0,0.0,1.56,2.11,0.26,1.31,1.9,1.17,0.0,0.0,0.23,0.0,3.54,1.69,0.63,0.0,0.0,0.0,0.0,1.0,1.0,1.0,1.0,1.0,1.0,0.0,0.0,0.0,1.0,1.0,1.0,0.0,0.0,0.1684191644940207,23.505318547086272,20.850419660045148
3436,137.4,0.98,1,-0.276,0.349,0.114,0.209,0.059,0.09,0.0,0.0,0.07,1.56,2.29,0.36,1.38,1.89,1.21,0.0,0.0,0.31,0.0,3.51,1.75,0.7,0.0,0.0,0.0,0.0,1.0,1.0,1.0,1.0,1.0,1.0,0.0,0.0,0.0,1.0,1.0,1.0,0.0,0.0,0.14704799419719128,22.56413082748812,21.371242359769404
3437,137.44,0.98,1,-0.298,0.384,0.113,0.211,0.059,0.08,0.0,0.0,0.07,1.51,2.26,0.45,1.44,1.69,1.2,0.0,0.04,0.33,0.0,3.02,1.61,0.54,0.0,0.0,0.0,0.0,1.0,1.0,1.0,1.0,1.0,1.0,0.0,0.0,0.0,0.0,1.0,1.0,0.0,0.0,0.146967763311803,20.28915966717207,25.389958645102137
3438,137.48,0.98,1,-0.315,0.355,0.092,0.211,0.068,0.08,0.0,0.0,0.07,1.37,2.15,0.53,1.43,1.42,1.2,0.0,0.17,0.22,0.0,2.4,1.35,0.38,0.0,0.0,0.0,0.0,1.0,1.0,1.0,1.0,1.0,1.0,0.0,0.0,0.0,0.0,1.0,1.0,0.0,0.0,0.15713211967337098,18.686893802877055,27.045332314467842
3439,137.52,0.98,1,-0.326,0.342,0.089,0.237,0.065,0.05,0.0,0.0,0.0,1.21,2.05,0.41,1.34,1.23,1.16,0.0,0.23,0.12,0.15,1.94,1.0,0.25,0.0,0.0,0.0,0.0,1.0,1.0,1.0,1.0,1.0,1.0,0.0,0.0,0.0,0.0,1.0,1.0,0.0,0.0,0.1714823385792843,18.388311504866305,26.842503609015225
3440,137.56,0.98,1,-0.347,0.347,0.083,0.251,0.097,0.03,0.0,0.0,0.0,1.12,1.89,0.22,1.32,1.25,1.02,0.0,0.21,0.05,0.38,2.12,1.05,0.18,0.0,0.0,0.0,0.0,1.0,1.0,1.0,1.0,1.0,1.0,0.0,0.0,0.0,0.0,1.0,1.0,0.0,0.0,0.16734531373732647,18.995262567282488,26.665520808714824
3441,137.6,0.98,1,-0.355,0.332,0.078,0.26,0.106,0.01,0.0,0.0,0.0,1.11,1.92,0.04,1.45,1.35,0.87,0.0,0.08,0.08,0.68,2.57,1.34,0.15,0.0,0.0,0.0,0.0,1.0,1.0,1.0,1.0,1.0,1.0,0.0,0.0,0.0,0.0,1.0,1.0,0.0,0.0,0.1760999338772397,19.79141227906694,26.583641586509483
3442,137.64,0.98,1,-0.354,0.351,0.079,0.264,0.111,0.03,0.0,0.0,0.0,1.19,1.9,0.02,1.56,1.53,0.72,0.0,0.02,0.08,0.85,2.98,1.62,0.04,0.0,0.0,0.0,0.0,1.0,1.0,1.0,1.0,1.0,1.0,0.0,0.0,0.0,0.0,1.0,1.0,0.0,0.0,0.16488208801373805,20.38872237291997,27.0120343550796
3443,137.68,0.98,1,-0.366,0.338,0.076,0.263,0.113,0.08,0.01,0.0,0.0,1.3,1.99,0.02,1.66,1.67,0.77,0.0,0.0,0.05,0.98,3.23,1.71,0.0,0.0,0.0,0.0,0.0,1.0,1.0,1.0,1.0,1.0,1.0,0.0,0.0,0.0,0.0,1.0,1.0,0.0,0.0,0.16698667884209262,20.78701517774983,26.797761100509852
3444,137.72,0.98,1,-0.377,0.324,0.07,0.26,0.118,0.08,0.01,0.0,0.1,1.38,1.86,0.02,1.63,1.8,0.8,0.0,0.0,0.0,1.08,3.3,1.58,0.0,0.0,0.0,0.0,0.0,1.0,1.0,1.0,1.0,1.0,1.0,0.0,0.0,0.0,0.0,1.0,1.0,0.0,0.0,0.17867502635146326,20.535335400231432,26.555978611228056
3445,137.76,0.98,1,-0.381,0.334,0.071,0.259,0.124,0.06,0.01,0.0,0.1,1.42,1.79,0.0,1.68,2.0,0.87,0.0,0.0,0.0,1.21,3.37,1.47,0.0,0.0,0.0,0.0,0.0,1.0,1.0,1.0,1.0,1.0,1.0,0.0,0.0,0.0,0.0,1.0,1.0,0.0,0.0,0.16435295854833223,21.15892246783858,27.44102767754881
3446,137.8,0.98,1,-0.384,0.34,0.075,0.261,0.125,0.0,0.0,0.0,0.1,1.42,1.6,0.0,1.65,2.17,0.85,0.0,0.0,0.0,1.36,3.32,1.27,0.0,0.0,0.0,0.0,0.0,1.0,1.0,1.0,1.0,1.0,1.0,0.0,0.0,0.0,0.0,1.0,1.0,0.0,0.0,0.1782214790102166,21.191035840656642,25.967672209884324
3447,137.84,0.98,1,-0.377,0.339,0.077,0.255,0.131,0.01,0.0,0.0,0.02,1.43,1.71,0.0,1.66,2.4,0.95,0.0,0.0,0.0,1.46,3.21,1.04,0.04,0.0,0.0,0.0,0.0,1.0,1.0,1.0,1.0,1.0,1.0,0.0,0.0,0.0,0.0,1.0,1.0,0.0,0.0,0.1670606436092847,20.478769494283533,27.459060435491963
3448,137.88,0.98,1,-0.379,0.344,0.081,0.259,0.128,0.04,0.0,0.0,0.04,1.49,1.83,0.0,1.63,2.5,1.04,0.0,0.0,0.0,1.48,3.12,0.88,0.13,0.0,0.0,0.0,0.0,1.0,1.0,1.0,1.0,1.0,1.0,0.0,0.0,0.0,0.0,1.0,1.0,0.0,0.0,0.1671003778407626,20.945882650296728,26.82871595883778
3449,137.92,0.98,1,-0.392,0.352,0.087,0.264,0.126,0.04,0.0,0.0,0.04,1.52,1.99,0.0,1.62,2.56,1.09,0.0,0.0,0.0,1.42,3.06,0.87,0.13,0.0,0.0,0.0,0.0,1.0,1.0,1.0,1.0,1.0,1.0,0.0,0.0,0.0,0.0,1.0,1.0,0.0,0.0,0.16676680244703485,21.17474911303564,26.163333120992075
3450,137.96,0.98,1,-0.402,0.343,0.088,0.265,0.124,0.03,0.0,0.0,0.15,1.53,1.96,0.0,1.62,2.52,1.08,0.0,0.0,0.0,1.4,3.07,0.99,0.12,0.0,0.0,0.0,0.0,1.0,1.0,1.0,1.0,1.0,1.0,0.0,0.0,0.0,0.0,1.0,1.0,0.0,0.0,0.1769823908184832,21.17474911303564,25.96767220988435
3451,138.0,0.98,1,-0.397,0.35,0.089,0.259,0.12,0.0,0.0,0.0,0.13,1.55,1.92,0.0,1.58,2.51,1.12,0.0,0.0,0.0,1.22,3.04,1.07,0.2,0.0,0.0,0.0,0.0,1.0,1.0,1.0,1.0,1.0,1.0,0.0,0.0,0.0,0.0,1.0,1.0,0.0,0.0,0.16859656926676225,20.407106605297884,26.122786987609143
3452,138.04,0.98,1,-0.358,0.341,0.085,0.262,0.114,0.02,0.0,0.0,0.13,1.47,1.75,0.0,1.47,2.51,1.17,0.0,0.0,0.0,0.76,3.14,1.12,0.91,0.0,0.0,0.0,0.0,1.0,1.0,1.0,1.0,1.0,1.0,0.0,0.0,0.0,0.0,1.0,1.0,0.0,0.0,0.18511503377850627,18.866372200293124,22.343007854807727
3453,138.08,0.98,1,-0.288,0.407,0.101,0.284,0.102,0.02,0.0,0.0,0.0,1.41,1.76,0.0,1.24,2.52,1.24,0.0,0.0,0.05,0.31,3.27,1.22,1.56,0.0,0.0,0.0,0.0,1.0,1.0,1.0,1.0,1.0,1.0,0.0,0.0,0.0,0.0,1.0,1.0,0.0,0.0,0.15905224410328045,23.2297223401401,16.376812876747344
3454,138.12,0.98,1,-0.273,0.421,0.097,0.256,0.099,0.02,0.0,0.01,0.0,1.39,2.01,0.07,1.05,2.47,1.31,0.0,0.0,0.25,0.09,3.2,1.43,1.78,0.0,0.0,0.0,0.0,1.0,1.0,1.0,1.0,1.0,1.0,0.0,0.0,1.0,0.0,1.0,1.0,0.0,0.0,0.14444982194521822,21.992044015961724,16.646020545463717
3455,138.16,0.98,1,-0.225,0.384,0.104,0.205,0.087,0.0,0.0,0.01,0.0,1.48,2.39,0.14,1.01,2.45,1.31,0.0,0.0,0.43,0.09,2.98,1.64,1.25,0.0,0.0,0.0,0.0,1.0,1.0,1.0,1.0,1.0,1.0,0.0,0.0,1.0,0.0,1.0,1.0,0.0,0.0,0.14925172067782677,20.235612172603073,19.592345444075853
3456,138.2,0.98,1,-0.215,0.388,0.1,0.184,0.057,0.0,0.0,0.01,0.0,1.58,2.66,0.16,1.02,2.48,1.28,0.0,0.0,0.52,0.07,2.81,1.62,0.71,0.0,0.0,0.0,0.0,1.0,1.0,1.0,1.0,1.0,1.0,0.0,0.0,1.0,0.0,1.0,1.0,0.0,0.0,0.15636263910122558,21.575217264259468,19.403350226185122
3457,138.24,0.98,1,-0.194,0.352,0.119,0.184,0.034,0.0,0.0,0.0,0.0,1.62,2.74,0.1,1.08,2.55,1.16,0.0,0.0,0.41,0.0,2.89,1.5,0.41,0.0,0.0,0.0,0.0,1.0,1.0,1.0,1.0,1.0,1.0,0.0,0.0,1.0,0.0,1.0,1.0,0.0,0.0,0.169121146745592,21.63330765278385,18.967603960437366
3458,138.28,0.98,1,-0.19,0.342,0.115,0.17,0.026,0.0,0.0,0.0,0.0,1.65,2.78,0.04,1.06,2.64,1.21,0.0,0.0,0.27,0.0,3.0,1.38,0.46,0.0,0.0,0.0,0.0,1.0,1.0,1.0,1.0,1.0,1.0,0.0,0.0,0.0,0.0,1.0,1.0,0.0,0.0,0.1691383099600824,20.73475343475279,18.42715387682003
3459,138.32,0.98,1,-0.172,0.342,0.119,0.16,0.02,0.0,0.0,0.0,0.0,1.62,2.81,0.03,1.04,2.67,1.22,0.0,0.0,0.26,0.0,3.05,1.43,0.52,0.0,0.0,0.0,0.0,1.0,1.0,1.0,1.0,1.0,1.0,0.0,0.0,0.0,0.0,1.0,1.0,0.0,0.0,0.15842993052399007,20.84058540444577,18.63249849054057
3460,138.36,0.98,1,-0.182,0.334,0.119,0.147,0.018,0.0,0.0,0.0,0.0,1.57,2.78,0.02,1.0,2.68,1.26,0.0,0.0,0.34,0.0,3.04,1.38,0.58,0.0,0.0,0.0,0.0,1.0,1.0,1.0,1.0,1.0,1.0,0.0,0.0,0.0,0.0,1.0,1.0,0.0,0.0,0.1655229237540477,21.866183937761015,18.62686232299999
3461,138.4,0.98,1,-0.18,0.309,0.114,0.131,0.017,0.0,0.0,0.0,0.0,1.54,2.92,0.01,0.98,2.67,1.2,0.0,0.0,0.48,0.0,3.07,1.43,0.56,0.0,0.0,0.0,0.0,1.0,1.0,1.0,1.0,1.0,1.0,0.0,0.0,0.0,0.0,1.0,1.0,0.0,0.0,0.18289396962301502,22.543513479491168,18.632498490540684
3462,138.44,0.98,1,-0.164,0.335,0.123,0.118,0.014,0.0,0.0,0.0,0.0,1.54,3.06,0.01,0.99,2.64,1.2,0.0,0.0,0.6,0.0,3.11,1.41,0.43,0.0,0.0,0.0,0.0,1.0,1.0,1.0,1.0,1.0,1.0,0.0,0.0,0.0,0.0,1.0,1.0,0.0,0.0,0.16792968343022022,21.627991122616915,18.7216452268491
3463,138.48,0.98,1,-0.091,0.338,0.123,0.097,0.016,0.0,0.0,0.0,0.0,1.49,3.22,0.01,0.99,2.56,1.09,0.0,0.0,0.69,0.0,3.18,1.51,0.27,0.0,0.0,0.0,0.0,1.0,1.0,1.0,1.0,1.0,1.0,0.0,0.0,0.0,0.0,1.0,1.0,0.0,0.0,0.16322459377624288,20.415680248279845,18.204395073717592
3464,138.52,0.98,1,-0.062,0.325,0.127,0.079,0.017,0.0,0.0,0.0,0.0,1.35,3.14,0.01,1.08,2.47,1.02,0.0,0.0,0.67,0.0,3.13,1.53,0.08,0.0,0.0,0.0,0.0,1.0,1.0,1.0,1.0,1.0,1.0,0.0,0.0,0.0,0.0,1.0,1.0,0.0,0.0,0.18698446775874805,20.108953229842808,21.00380917833715
3465,138.56,0.98,1,-0.06,0.327,0.136,0.068,0.013,0.0,0.0,0.0,0.0,1.14,2.89,0.0,1.1,2.36,0.87,0.0,0.0,0.53,0.0,3.11,1.53,0.0,0.0,0.0,0.0,0.0,1.0,1.0,1.0,1.0,1.0,1.0,0.0,0.0,0.0,0.0,1.0,1.0,0.0,0.0,0.19976466455115782,21.91118435867865,21.50581316760657
3466,138.6,0.98,1,-0.054,0.321,0.128,0.054,0.013,0.0,0.0,0.0,0.0,0.96,2.72,0.0,1.06,2.2,0.88,0.0,0.06,0.37,0.0,3.02,1.64,0.0,0.0,0.0,0.0,0.0,1.0,1.0,1.0,1.0,1.0,1.0,0.0,0.0,0.0,0.0,1.0,1.0,0.0,0.0,0.20622884055842353,21.508370463612533,21.50209292138791
3467,138.64,0.98,1,-0.053,0.322,0.129,0.045,0.011,0.0,0.0,0.0,0.0,0.86,2.58,0.02,1.0,1.99,0.79,0.0,0.22,0.28,0.0,2.95,1.8,0.0,0.0,0.0,0.0,0.0,1.0,1.0,1.0,1.0,1.0,1.0,0.0,0.0,0.0,0.0,1.0,1.0,0.0,0.0,0.21080494943191364,22.000909072126998,22.90087334579195
3468,138.68,0.98,1,-0.055,0.328,0.131,0.037,0.008,0.0,0.0,0.0,0.0,0.77,2.55,0.09,0.84,1.73,0.8,0.07,0.48,0.2,0.0,2.63,2.01,0.0,0.0,0.0,0.0,0.0,1.0,1.0,1.0,1.0,1.0,1.0,0.0,0.0,0.0,0.0,1.0,1.0,0.0,0.0,0.21646402186382027,21.900228309312077,23.000217390276987
3469,138.72,0.98,1,-0.047,0.333,0.126,0.029,0.005,0.0,0.0,0.0,0.0,0.61,2.23,0.09,0.62,1.47,0.68,0.19,0.77,0.18,0.0,2.08,2.05,0.0,0.0,0.0,0.0,0.0,1.0,1.0,0.0,0.0,1.0,1.0,0.0,1.0,0.0,0.0,1.0,1.0,0.0,0.0,0.2187844507393893,22.105655384991554,23.900209204105398
3470,138.76,0.98,1,-0.043,0.331,0.115,0.022,-0.0,0.0,0.0,0.0,0.0,0.38,2.08,0.07,0.33,1.24,0.66,0.46,1.06,0.15,0.03,1.4,2.02,0.0,0.0,0.0,0.0,0.0,1.0,1.0,0.0,0.0,1.0,1.0,1.0,1.0,0.0,0.0,1.0,1.0,0.0,0.0,0.2191350078397264,22.607963198837613,23.09999999999991
3471,138.8,0.98,1,-0.037,0.327,0.109,0.001,0.001,0.0,0.0,0.0,0.0,0.17,1.78,0.02,0.28,1.15,0.75,0.61,1.28,0.32,0.03,0.8,1.72,0.5,0.0,0.0,0.0,0.0,0.0,1.0,0.0,0.0,1.0,1.0,1.0,1.0,0.0,0.0,1.0,1.0,0.0,0.0,0.21543272773998867,21.30844902849567,21.408409562599324
3472,138.84,0.98,1,0.025,0.381,0.077,-0.049,-0.008,0.0,0.0,0.0,0.0,0.06,1.38,0.1,0.48,1.24,1.03,0.72,1.34,0.44,0.03,0.45,1.31,1.04,0.0,0.0,0.0,0.0,0.0,1.0,0.0,0.0,1.0,1.0,1.0,1.0,0.0,0.0,0.0,0.0,0.0,1.0,0.18326454440305978,17.523127574722498,22.31098384204511
3473,138.88,0.98,1,0.056,0.454,0.089,-0.103,-0.043,0.0,0.0,0.01,0.0,0.0,1.07,0.08,0.96,1.33,1.44,0.68,1.56,0.48,0.0,0.24,0.82,1.3,0.0,0.0,0.0,0.0,0.0,1.0,0.0,0.0,1.0,1.0,1.0,1.0,0.0,0.0,0.0,0.0,0.0,1.0,0.16392119892668355,16.53027525481654,20.479257799051076
3474,138.92,0.98,1,0.113,0.395,0.067,-0.14,-0.059,0.0,0.0,0.01,0.0,0.0,1.26,0.12,1.34,1.38,1.58,0.63,1.83,0.41,0.0,0.37,0.75,0.8,0.0,0.0,0.0,0.0,0.0,1.0,0.0,0.0,1.0,1.0,1.0,1.0,0.0,0.0,0.0,0.0,0.0,1.0,0.17440932997286204,16.501212076693033,20.220039564748532
3475,138.96,0.98,1,0.164,0.35,0.075,-0.194,-0.073,0.0,0.0,0.01,0.0,0.0,1.69,0.05,1.58,1.25,1.39,0.76,2.15,0.51,0.13,0.55,0.79,0.26,0.0,0.0,0.0,0.0,0.0,1.0,0.0,0.0,1.0,1.0,1.0,1.0,0.0,0.0,0.0,0.0,0.0,1.0,0.20497843288664697,16.311039206623178,17.8213355279565
3476,139.0,0.98,1,0.236,0.312,0.085,-0.23,-0.076,0.0,0.0,0.0,0.0,0.0,2.07,0.05,1.64,1.06,1.03,0.72,2.17,0.56,0.25,0.87,0.95,0.0,0.0,0.0,0.0,0.0,0.0,1.0,0.0,0.0,1.0,1.0,1.0,1.0,0.0,0.0,0.0,0.0,0.0,1.0,0.23818570875768705,18.14965564411609,15.322206107476958
3477,139.04,0.98,1,0.289,0.305,0.086,-0.264,-0.082,0.0,0.0,0.2,0.0,0.0,2.11,0.03,1.69,0.86,0.68,0.8,2.01,0.6,0.25,1.18,1.07,0.0,0.0,0.0,0.0,0.0,0.0,1.0,0.0,0.0,1.0,0.0,1.0,1.0,0.0,0.0,0.0,0.0,0.0,0.0,0.28595616908762106,17.321951391225987,14.866068747318408
3478,139.08,0.93,1,0.305,0.312,0.091,-0.285,-0.085,0.0,0.06,0.37,0.0,0.0,1.88,0.03,1.73,0.79,0.46,0.9,2.05,0.4,0.11,1.26,1.15,0.0,0.0,0.0,1.0,0.0,0.0,1.0,0.0,0.0,1.0,0.0,1.0,1.0,0.0,0.0,0.0,0.0,0.0,0.0,0.30172184830914794,16.180543872194026,15.023315213360913
3479,139.12,0.93,1,0.305,0.283,0.101,-0.299,-0.088,0.01,0.12,0.58,0.18,0.0,1.77,0.03,1.57,0.81,0.24,1.31,1.9,0.27,0.0,1.45,1.15,0.0,1.0,0.0,1.0,1.0,0.0,1.0,0.0,0.0,1.0,0.0,1.0,1.0,0.0,0.0,1.0,0.0,0.0,0.0,0.2992331358037753,15.439235732379878,13.064838307457176
3480,139.16,0.98,1,0.296,0.251,0.102,-0.312,-0.093,0.04,0.3,0.63,0.41,0.0,1.57,0.0,1.57,0.8,0.14,1.48,1.82,0.13,0.0,1.57,1.13,0.0,1.0,0.0,1.0,1.0,0.0,1.0,0.0,0.0,1.0,0.0,1.0,1.0,0.0,0.0,1.0,0.0,0.0,0.0,0.3244797671703466,17.426416728633626,14.999999999999881
3481,139.2,0.93,1,0.291,0.243,0.073,-0.309,-0.093,0.05,0.27,0.74,0.57,0.0,1.55,0.0,1.57,0.84,0.09,1.62,1.44,0.04,0.0,1.92,1.08,0.0,1.0,0.0,1.0,1.0,0.0,1.0,0.0,0.0,1.0,0.0,1.0,1.0,0.0,0.0,1.0,0.0,0.0,0.0,0.3203260601741693,14.483784035948565,15.576905982896616
3482,139.24,0.93,1,0.271,0.239,0.078,-0.313,-0.099,0.04,0.34,0.76,0.56,0.0,1.41,0.0,1.68,0.92,0.04,1.71,1.39,0.04,0.0,1.89,1.24,0.0,1.0,0.0,1.0,1.0,0.0,1.0,0.0,0.0,1.0,0.0,1.0,1.0,0.0,0.0,1.0,0.0,0.0,0.0,0.3083202458323292,17.140595088852614,15.242703172337883
3483,139.28,0.98,1,0.228,0.245,0.059,-0.34,-0.103,0.01,0.38,0.72,0.57,0.0,1.27,0.0,1.51,0.98,0.0,1.61,1.35,0.0,0.0,1.69,1.35,0.0,1.0,0.0,1.0,1.0,0.0,1.0,0.0,0.0,1.0,0.0,1.0,1.0,0.0,0.0,1.0,0.0,0.0,0.0,0.3389676116882287,12.477980605851211,15.19210321186628
3484,139.32,0.93,1,0.208,0.229,0.06,-0.341,-0.113,0.0,0.54,0.78,0.68,0.0,1.18,0.0,1.47,1.02,0.0,1.45,1.49,0.0,0.0,1.35,1.51,0.0,1.0,0.0,1.0,1.0,0.0,1.0,0.0,0.0,1.0,0.0,1.0,0.0,0.0,0.0,1.0,0.0,0.0,0.0,0.3348127797854869,11.845674315968806,14.926486525636282
3485,139.36,0.93,1,0.241,0.234,0.065,-0.351,-0.111,0.0,0.63,0.92,0.8,0.0,1.1,0.0,1.43,0.94,0.0,1.08,1.52,0.0,0.0,1.29,1.5,0.0,1.0,0.0,1.0,1.0,0.0,1.0,0.0,0.0,1.0,0.0,1.0,0.0,0.0,0.0,1.0,0.0,0.0,0.0,0.33709300838991063,15.959009994357409,14.712239802287
3486,139.4,0.93,1,0.277,0.26,0.073,-0.332,-0.112,0.0,0.57,1.08,0.87,0.0,1.04,0.0,1.4,0.9,0.0,1.02,1.47,0.0,0.0,1.35,1.33,0.0,1.0,0.0,1.0,1.0,0.0,1.0,0.0,0.0,1.0,0.0,1.0,0.0,0.0,0.0,1.0,0.0,0.0,0.0,0.3372552366795232,19.136614120580386,15.212166183683381
3487,139.44,0.93,1,0.289,0.242,0.078,-0.326,-0.115,0.12,0.67,1.12,0.8,0.0,1.17,0.0,1.25,0.82,0.0,0.79,1.27,0.0,0.0,1.49,1.44,0.0,1.0,0.0,1.0,1.0,0.0,1.0,0.0,0.0,1.0,0.0,1.0,0.0,0.0,0.0,1.0,0.0,0.0,0.0,0.3326768969585256,19.113346122539518,15.59390906732485
3488,139.48,0.98,1,0.214,0.27,0.081,-0.327,-0.121,0.17,1.19,1.18,0.57,0.0,1.29,0.0,1.01,0.87,0.08,0.59,1.06,0.0,0.0,1.54,1.61,0.23,1.0,0.0,1.0,1.0,0.0,1.0,0.0,0.0,1.0,0.0,1.0,0.0,0.0,0.0,1.0,1.0,0.0,0.0,0.3083696478292155,9.827003612495659,15.243359209833068
3489,139.52,0.98,1,0.24,0.344,0.069,-0.332,-0.12,0.23,1.75,1.11,0.25,0.0,1.29,0.0,0.84,1.05,0.41,0.32,0.81,0.0,0.0,1.67,1.75,0.57,1.0,0.0,1.0,0.0,0.0,1.0,0.0,0.0,1.0,0.0,0.0,0.0,0.0,0.0,1.0,1.0,0.0,0.0,0.24129223769730024,16.436848846418307,13.485177047410165
3490,139.56,0.98,1,0.218,0.318,0.06,-0.313,-0.122,0.31,2.21,0.89,0.05,0.05,1.25,0.0,0.71,1.2,0.72,0.11,0.57,0.0,0.0,1.99,1.68,1.23,1.0,0.0,1.0,0.0,0.0,1.0,0.0,0.0,1.0,1.0,0.0,0.0,0.0,0.0,1.0,1.0,0.0,0.0,0.22800623772025622,12.639620247459879,18.282231811242312
3491,139.6,0.98,1,0.106,0.401,0.082,-0.234,-0.108,0.46,2.05,0.6,0.0,0.24,1.41,0.0,0.72,1.39,0.74,0.0,0.24,0.14,0.0,2.2,1.6,1.53,1.0,0.0,1.0,0.0,1.0,1.0,0.0,0.0,1.0,1.0,0.0,0.0,0.0,0.0,1.0,1.0,0.0,1.0,0.17540272842449184,13.901438774457707,18.384776310850043
3492,139.64,0.98,1,0.074,0.391,0.076,-0.152,-0.097,0.53,1.68,0.43,0.0,0.56,1.86,0.02,0.84,1.5,0.61,0.0,0.08,0.37,0.0,2.17,1.73,1.82,1.0,0.0,1.0,0.0,1.0,1.0,0.0,0.0,1.0,1.0,0.0,0.0,0.0,0.0,1.0,1.0,0.0,1.0,0.16353411719508804,14.608559134972804,18.767258723639024
3493,139.68,0.98,1,-0.005,0.356,0.059,-0.073,-0.082,0.53,1.29,0.28,0.0,0.92,2.25,0.13,0.7,1.53,0.7,0.0,0.0,0.64,0.0,1.97,1.89,1.77,1.0,0.0,0.0,0.0,1.0,1.0,0.0,0.0,1.0,1.0,0.0,0.0,0.0,0.0,1.0,1.0,0.0,1.0,0.17033417849021598,17.600284088616206,23.217450333746857
3494,139.72,0.98,1,-0.072,0.314,0.034,0.005,-0.078,0.4,1.13,0.14,0.0,1.14,2.27,0.12,0.45,1.39,0.75,0.0,0.0,0.5,0.05,1.99,1.9,1.62,1.0,0.0,0.0,0.0,1.0,1.0,0.0,0.0,1.0,1.0,0.0,0.0,0.0,0.0,1.0,1.0,0.0,1.0,0.17863568902082144,20.400980368600028,24.600812994695836
3495,139.76,0.93,1,-0.161,0.275,0.013,0.056,-0.072,0.35,0.95,0.0,0.0,1.16,2.44,0.11,0.12,1.07,0.55,0.0,0.02,0.27,0.48,2.07,1.86,1.18,1.0,0.0,1.0,1.0,1.0,1.0,0.0,0.0,1.0,1.0,0.0,0.0,0.0,0.0,1.0,1.0,0.0,1.0,0.17744518427379158,20.09999999999991,22.905894437895423
3496,139.8,0.88,1,-0.215,0.27,-0.022,0.073,-0.07,0.63,0.76,0.0,0.0,0.95,2.34,0.2,0.0,0.76,0.16,0.0,0.31,0.0,0.76,2.33,1.58,0.57,1.0,0.0,1.0,1.0,1.0,1.0,0.0,0.0,1.0,1.0,0.0,0.0,0.0,0.0,1.0,1.0,0.0,1.0,0.1480125356488763,19.701015202268177,24.1406296521031
3497,139.84,0.82,1,-0.231,0.264,-0.032,0.085,-0.087,1.11,0.54,0.0,0.12,0.55,2.52,0.33,0.0,0.51,0.0,0.0,0.67,0.0,0.98,2.76,1.31,0.19,1.0,0.0,1.0,1.0,1.0,1.0,0.0,0.0,1.0,0.0,0.0,0.0,0.0,1.0,1.0,1.0,0.0,0.0,0.20396715877549995,17.801123560045486,24.266231681083173
3498,139.88,0.82,1,-0.24,0.296,-0.009,0.119,-0.112,1.66,0.36,0.0,0.35,0.21,2.3,0.36,0.0,0.38,0.0,0.0,1.01,0.0,0.74,3.11,0.72,0.0,1.0,0.0,1.0,1.0,1.0,1.0,0.0,0.0,1.0,0.0,0.0,0.0,0.0,1.0,1.0,1.0,1.0,0.0,0.25663674632505046,18.900264548413162,22.441479452121726
3499,139.92,0.82,1,-0.273,0.266,-0.022,0.185,-0.113,1.83,0.37,0.17,0.35,0.02,2.66,0.44,0.0,0.23,0.0,0.0,0.89,0.0,0.46,3.53,0.32,0.16,1.0,0.0,1.0,1.0,1.0,1.0,0.0,0.0,1.0,0.0,0.0,1.0,0.0,1.0,1.0,1.0,1.0,0.0,0.37109954050237076,19.60408120774869,24.181191037663996
3500,139.96,0.93,1,-0.337,0.36,0.111,0.353,-0.121,1.99,0.39,0.44,0.23,0.06,2.35,0.8,0.0,0.1,0.0,0.0,0.81,0.1,0.19,3.79,0.01,0.47,1.0,0.0,1.0,0.0,1.0,1.0,1.0,0.0,1.0,0.0,0.0,1.0,0.0,1.0,1.0,1.0,1.0,0.0,0.3140145025344119,17.8084249724674,20.207424378183426
3501,140.0,0.93,1,-0.396,0.394,0.131,0.453,-0.097,2.3,0.66,0.63,0.13,0.36,2.11,1.17,0.23,0.0,0.15,0.0,0.68,0.1,0.0,4.2,0.09,0.62,1.0,0.0,1.0,0.0,1.0,1.0,1.0,0.0,0.0,1.0,0.0,1.0,0.0,1.0,1.0,1.0,1.0,0.0,0.27411491675005073,18.33930205869354,18.53672031401458
3502,140.04,0.98,1,-0.376,0.343,0.048,0.436,-0.026,2.5,0.93,0.6,0.13,0.57,1.36,1.21,0.57,0.0,0.42,0.0,0.67,0.1,0.0,4.21,0.35,0.64,1.0,0.0,1.0,0.0,1.0,1.0,1.0,0.0,0.0,1.0,0.0,1.0,0.0,1.0,1.0,1.0,0.0,0.0,0.20211959728086543,20.72993005294515,22.0327029662727
3503,140.08,0.98,1,-0.393,0.33,0.038,0.421,0.024,2.52,1.25,0.41,0.13,0.55,1.28,0.84,0.83,0.0,0.62,0.0,0.88,0.0,0.27,3.81,0.9,0.56,1.0,0.0,1.0,0.0,1.0,1.0,1.0,0.0,0.0,1.0,0.0,0.0,0.0,1.0,1.0,1.0,0.0,0.0,0.21114954759193771,20.199999999999957,21.04400152062344
3504,140.12,0.98,1,-0.404,0.291,0.012,0.404,0.072,1.99,1.29,0.22,0.02,0.25,1.19,0.44,0.98,0.05,0.83,0.0,1.16,0.0,0.63,3.31,1.32,0.69,1.0,0.0,1.0,0.0,1.0,1.0,1.0,0.0,0.0,1.0,0.0,0.0,0.0,1.0,1.0,0.0,0.0,0.0,0.24463133254546954,20.947553556441783,21.031880562612518
3505,140.16,0.98,1,-0.428,0.279,0.007,0.393,0.096,1.56,1.11,0.15,0.02,0.12,1.39,0.12,1.1,0.13,0.78,0.0,1.33,0.0,0.92,2.77,1.52,0.81,1.0,0.0,1.0,0.0,1.0,1.0,0.0,0.0,0.0,1.0,0.0,0.0,0.0,1.0,1.0,0.0,0.0,0.0,0.23995924856519263,20.12461179749829,19.887936041731376
3506,140.2,0.98,1,-0.453,0.278,0.021,0.362,0.116,1.21,0.73,0.22,0.02,0.16,1.41,0.01,1.36,0.3,0.81,0.0,1.04,0.0,0.75,2.68,1.49,0.71,1.0,0.0,1.0,0.0,1.0,1.0,0.0,0.0,0.0,1.0,0.0,0.0,0.0,1.0,1.0,1.0,0.0,0.0,0.24813682654408292,21.833231551925603,19.004473157654267
3507,140.24,0.98,1,-0.45,0.293,0.044,0.367,0.118,1.19,0.81,0.31,0.0,0.23,1.32,0.0,1.54,0.41,0.64,0.0,0.56,0.0,0.43,2.81,1.53,0.46,1.0,0.0,1.0,0.0,1.0,1.0,0.0,0.0,0.0,1.0,0.0,0.0,0.0,0.0,1.0,1.0,0.0,0.0,0.2569561825015969,21.67233259250139,20.49707296176698
3508,140.28,0.98,1,-0.443,0.302,0.052,0.361,0.121,1.13,0.92,0.36,0.0,0.28,1.14,0.0,1.59,0.47,0.64,0.0,0.31,0.0,0.26,3.12,1.82,0.17,1.0,0.0,1.0,0.0,1.0,1.0,0.0,0.0,0.0,1.0,0.0,0.0,0.0,0.0,1.0,1.0,0.0,0.0,0.24877824487305666,22.04767561444974,20.61965082148577
3509,140.32,0.98,1,-0.451,0.312,0.06,0.355,0.122,1.05,1.04,0.28,0.0,0.31,1.07,0.0,1.5,0.45,0.8,0.0,0.3,0.0,0.56,2.74,1.91,0.36,1.0,0.0,1.0,0.0,1.0,1.0,0.0,0.0,0.0,1.0,0.0,0.0,0.0,0.0,1.0,1.0,0.0,0.0,0.24710571260337028,21.770622407271777,20.04120754844883
3510,140.36,0.98,1,-0.422,0.325,0.049,0.331,0.126,0.95,1.03,0.29,0.0,0.25,1.17,0.0,1.17,0.51,0.77,0.0,0.3,0.04,0.65,2.14,2.07,1.19,1.0,0.0,0.0,0.0,1.0,1.0,0.0,0.0,0.0,1.0,0.0,0.0,0.0,0.0,1.0,1.0,0.0,0.0,0.20830018403896322,19.36104336031494,20.55480479109448
3511,140.4,0.98,1,-0.368,0.418,0.059,0.332,0.12,0.73,0.85,0.28,0.0,0.27,1.51,0.0,0.77,0.65,0.62,0.0,0.22,0.35,0.53,1.78,2.08,2.16,1.0,0.0,0.0,0.0,1.0,1.0,0.0,0.0,1.0,1.0,0.0,0.0,0.0,0.0,1.0,1.0,0.0,1.0,0.18536729651662032,19.947180251855134,18.15929514050588
3512,140.44,0.98,1,-0.294,0.461,0.072,0.313,0.108,0.43,0.56,0.35,0.0,0.16,1.63,0.0,0.34,0.71,0.32,0.09,0.21,0.65,0.35,1.77,2.18,2.55,0.0,0.0,0.0,0.0,1.0,1.0,0.0,0.0,1.0,1.0,0.0,0.0,1.0,0.0,1.0,1.0,0.0,1.0,0.1783760583875137,19.436306233438632,17.265283084849713
3513,140.48,0.98,1,-0.217,0.452,0.074,0.234,0.111,0.14,0.18,0.57,0.0,0.13,2.08,0.0,0.14,0.79,0.43,0.19,0.59,1.05,0.55,1.68,2.23,1.98,0.0,0.0,0.0,0.0,0.0,1.0,0.0,0.0,1.0,1.0,0.0,0.0,1.0,0.0,1.0,1.0,0.0,1.0,0.1738137117044548,21.843534512528002,18.40896520720278
3514,140.52,0.98,1,-0.142,0.404,0.076,0.141,0.11,0.0,0.0,0.62,0.0,0.12,2.47,0.0,0.11,0.85,0.53,0.31,1.07,1.03,0.97,1.25,2.21,1.14,0.0,0.0,0.0,0.0,0.0,1.0,0.0,0.0,1.0,1.0,0.0,1.0,1.0,0.0,1.0,1.0,0.0,1.0,0.1744216200855167,22.737194198053366,18.604300578092175
3515,140.56,0.98,1,-0.077,0.365,0.086,0.042,0.088,0.0,0.0,0.58,0.0,0.15,2.74,0.0,0.32,0.9,0.44,0.37,1.34,0.84,1.25,1.01,2.09,0.41,0.0,0.0,0.0,0.0,0.0,1.0,0.0,0.0,1.0,1.0,0.0,1.0,1.0,0.0,1.0,1.0,0.0,0.0,0.15900926476480057,20.603883129157868,19.70228413154175
3516,140.6,0.98,1,-0.013,0.33,0.064,-0.065,0.079,0.0,0.0,0.26,0.0,0.18,2.64,0.0,0.52,0.89,0.26,0.45,1.44,0.39,1.37,1.02,2.1,0.22,0.0,0.0,0.0,0.0,0.0,1.0,0.0,0.0,1.0,1.0,0.0,1.0,0.0,0.0,1.0,1.0,0.0,0.0,0.17938534706967507,20.300246303924446,21.102132593650477
3517,140.64,0.98,1,0.03,0.304,0.033,-0.09,0.046,0.0,0.0,0.11,0.0,0.14,2.34,0.0,0.74,0.87,0.21,0.42,1.35,0.11,1.2,1.24,1.92,0.13,0.0,0.0,0.0,0.0,0.0,1.0,0.0,0.0,1.0,1.0,0.0,1.0,0.0,0.0,1.0,1.0,0.0,0.0,0.2107298302576407,20.8002403832263,20.20222759994555
3518,140.68,0.98,1,0.032,0.28,0.028,-0.08,0.017,0.0,0.0,0.0,0.0,0.22,2.39,0.05,0.97,0.93,0.37,0.27,1.09,0.04,0.71,1.57,1.8,0.13,0.0,0.0,0.0,0.0,0.0,1.0,0.0,0.0,1.0,1.0,0.0,1.0,0.0,0.0,1.0,1.0,0.0,0.0,0.22357419357234742,21.63908500838231,20.911719202399496
3519,140.72,0.98,1,0.026,0.3,0.056,-0.046,-0.018,0.0,0.0,0.0,0.0,0.29,2.46,0.1,1.29,1.09,0.56,0.09,0.58,0.04,0.25,1.96,1.52,0.04,0.0,0.0,0.0,0.0,1.0,1.0,1.0,1.0,1.0,1.0,0.0,0.0,0.0,0.0,1.0,1.0,0.0,0.0,0.19325152440668067,22.63183598385239,21.002142747824568
3520,140.76,0.98,1,0.01,0.299,0.081,-0.032,-0.039,0.0,0.0,0.0,0.0,0.37,2.56,0.22,1.35,1.32,0.92,0.0,0.19,0.04,0.0,2.17,1.29,0.0,0.0,0.0,0.0,0.0,1.0,1.0,1.0,1.0,1.0,1.0,0.0,0.0,0.0,0.0,1.0,1.0,0.0,0.0,0.21542666197108223,21.92281916177762,21.400934559032788
3521,140.8,0.98,1,0.012,0.3,0.077,-0.023,-0.049,0.0,0.0,0.0,0.0,0.47,2.55,0.32,1.3,1.65,1.21,0.0,0.01,0.0,0.0,2.27,1.07,0.0,0.0,0.0,0.0,0.0,1.0,1.0,1.0,1.0,1.0,1.0,0.0,0.0,0.0,0.0,1.0,1.0,0.0,0.0,0.20903288322680047,21.659178193089325,21.60370338622538
3522,140.84,0.98,1,0.006,0.303,0.071,-0.017,-0.057,0.0,0.0,0.0,0.0,0.6,2.69,0.41,1.07,1.89,1.39,0.0,0.01,0.0,0.0,2.24,0.77,0.0,0.0,0.0,0.0,0.0,1.0,1.0,1.0,1.0,1.0,1.0,0.0,0.0,0.0,0.0,1.0,1.0,0.0,0.0,0.1997915502425703,21.751781536232887,21.405840324547036
3523,140.88,0.98,1,0.004,0.317,0.086,-0.01,-0.052,0.0,0.0,0.0,0.0,0.62,2.55,0.37,0.98,2.03,1.24,0.0,0.01,0.0,0.0,2.43,0.71,0.0,0.0,0.0,0.0,0.0,1.0,1.0,1.0,1.0,1.0,1.0,0.0,0.0,0.0,0.0,1.0,1.0,0.0,0.0,0.19409512117777294,22.517770760002072,20.006249023742555
3524,140.92,0.98,1,0.005,0.294,0.106,-0.025,-0.029,0.0,0.0,0.0,0.0,0.65,2.49,0.26,1.0,2.06,1.18,0.0,0.0,0.0,0.0,2.52,0.88,0.0,0.0,0.0,0.0,0.0,1.0,1.0,1.0,1.0,1.0,1.0,0.0,0.0,0.0,0.0,1.0,1.0,0.0,0.0,0.23331758160944388,21.85154456783314,20.600242717016847
3525,140.96,0.98,1,0.003,0.316,0.1,-0.018,-0.055,0.0,0.0,0.0,0.0,0.63,2.58,0.19,1.03,2.08,1.12,0.0,0.0,0.0,0.0,2.71,1.09,0.0,0.0,0.0,0.0,0.0,1.0,1.0,1.0,1.0,1.0,1.0,0.0,0.0,0.0,0.0,1.0,1.0,0.0,0.0,0.1998331748540324,22.051077071199945,21.00380917833715
3526,141.0,0.98,1,-0.005,0.315,0.117,-0.022,-0.032,0.0,0.0,0.0,0.0,0.64,2.8,0.12,1.1,2.09,1.28,0.0,0.04,0.0,0.0,2.64,1.24,0.0,0.0,0.0,0.0,0.0,1.0,1.0,1.0,1.0,1.0,1.0,0.0,0.0,0.0,0.0,1.0,1.0,0.0,0.0,0.2088553022719024,22.22993477273372,21.70092163941435
3527,141.04,0.98,1,-0.007,0.28,0.09,-0.025,-0.052,0.04,0.0,0.0,0.0,0.66,2.98,0.2,0.99,2.03,1.23,0.0,0.07,0.0,0.0,2.45,1.25,0.0,0.0,0.0,0.0,0.0,1.0,1.0,0.0,1.0,1.0,1.0,0.0,0.0,0.0,0.0,1.0,1.0,0.0,0.0,0.24151878925490847,22.19031320193557,21.30093894644079
3528,141.08,0.98,1,0.006,0.355,0.11,-0.009,-0.05,0.04,0.0,0.0,0.0,0.55,2.88,0.16,0.88,1.85,1.18,0.04,0.23,0.07,0.0,1.79,1.24,0.0,0.0,0.0,0.0,0.0,1.0,1.0,0.0,0.0,1.0,1.0,0.0,0.0,0.0,0.0,1.0,1.0,0.0,0.0,0.18606080733000008,22.389506470666074,22.114474897677223
3529,141.12,0.98,1,0.001,0.305,0.099,-0.035,-0.034,0.06,0.0,0.0,0.0,0.42,2.74,0.15,0.71,1.61,1.07,0.04,0.46,0.07,0.01,0.95,1.1,0.0,0.0,0.0,0.0,0.0,1.0,1.0,0.0,0.0,1.0,1.0,0.0,0.0,0.0,0.0,1.0,1.0,0.0,0.0,0.2448723098552067,21.882641522448743,21.500930212434998
3530,141.16,0.98,1,-0.004,0.329,0.106,-0.026,-0.049,0.07,0.0,0.0,0.0,0.24,2.51,0.04,0.62,1.4,1.06,0.12,0.62,0.07,0.01,0.36,0.92,0.0,0.0,0.0,0.0,0.0,1.0,1.0,0.0,0.0,1.0,1.0,0.0,0.0,0.0,0.0,1.0,1.0,0.0,0.0,0.21320089259981476,22.19031320193557,22.0081802973349
3531,141.2,0.98,1,0.006,0.321,0.093,-0.023,-0.054,0.21,0.0,0.0,0.0,0.25,2.43,0.0,0.62,1.26,1.15,0.11,0.53,0.0,0.01,0.2,0.86,0.0,0.0,0.0,0.0,0.0,1.0,1.0,0.0,0.0,1.0,1.0,0.0,0.0,0.0,0.0,1.0,1.0,0.0,0.0,0.20960942917055528,21.76648800335051,21.60208323287354
3532,141.24,0.98,1,0.014,0.33,0.104,-0.023,-0.059,0.25,0.0,0.0,0.0,0.29,2.41,0.03,0.68,1.23,1.29,0.15,0.26,0.0,0.0,0.51,1.14,0.0,0.0,0.0,0.0,0.0,1.0,1.0,0.0,0.0,1.0,1.0,0.0,0.0,0.0,0.0,1.0,1.0,0.0,0.0,0.2185753774959855,21.467417171145765,21.10852908186632
3533,141.28,0.98,1,0.007,0.334,0.103,-0.026,-0.058,0.31,0.0,0.0,0.17,0.39,2.55,0.05,0.69,1.25,1.43,0.07,0.07,0.0,0.0,1.17,1.57,0.0,0.0,0.0,0.0,0.0,1.0,1.0,0.0,0.0,1.0,1.0,0.0,0.0,0.0,0.0,1.0,1.0,0.0,0.0,0.21073448911424442,21.63908500838231,21.30023474049049
3534,141.32,0.98,1,0.01,0.355,0.135,-0.015,-0.055,0.16,0.0,0.0,0.21,0.44,2.57,0.05,0.76,1.4,1.33,0.04,0.0,0.0,0.0,2.01,2.05,0.0,0.0,0.0,0.0,0.0,1.0,1.0,0.0,0.0,1.0,1.0,0.0,0.0,0.0,0.0,1.0,1.0,0.0,0.0,0.20791455235707718,21.858636736997074,20.5
3535,141.36,0.98,1,0.006,0.332,0.143,-0.027,-0.024,0.12,0.0,0.0,0.21,0.53,2.56,0.02,0.81,1.55,1.3,0.0,0.01,0.0,0.0,2.67,2.21,0.0,0.0,0.0,0.0,0.0,1.0,1.0,0.0,0.0,1.0,1.0,0.0,0.0,0.0,0.0,1.0,1.0,0.0,0.0,0.2106407037051799,22.051077071199945,21.200943375236914
3536,141.4,0.98,1,0.018,0.342,0.15,-0.023,-0.034,0.02,0.0,0.0,0.04,0.47,2.24,0.05,0.83,1.65,1.16,0.0,0.02,0.0,0.0,2.62,2.27,0.0,0.0,0.0,0.0,0.0,1.0,1.0,0.0,0.0,1.0,1.0,0.0,0.0,0.0,0.0,1.0,1.0,0.0,0.0,0.21691629369760818,22.073513539987236,20.600970850908855
3537,141.44,0.98,1,0.003,0.344,0.13,-0.03,-0.013,0.04,0.0,0.0,0.0,0.39,2.18,0.05,0.71,1.64,1.27,0.04,0.13,0.02,0.0,1.76,1.84,0.0,0.0,0.0,0.0,0.0,1.0,1.0,0.0,0.0,1.0,1.0,0.0,0.0,0.0,0.0,1.0,1.0,0.0,0.0,0.21289069900218865,21.851544567833365,21.300000000000182
3538,141.48,0.98,1,-0.001,0.336,0.107,-0.02,-0.039,0.03,0.0,0.0,0.03,0.26,2.3,0.05,0.64,1.55,1.19,0.04,0.4,0.02,0.05,0.85,1.29,0.02,0.0,0.0,0.0,0.0,1.0,1.0,0.0,0.0,1.0,1.0,0.0,0.0,0.0,0.0,1.0,1.0,0.0,0.0,0.21822140473550194,21.323461257497527,21.405840324547036
3539,141.52,0.98,1,-0.001,0.32,0.103,-0.019,-0.049,0.03,0.0,0.0,0.07,0.22,2.57,0.0,0.63,1.49,1.19,0.04,0.56,0.02,0.05,0.34,0.78,0.12,0.0,0.0,0.0,0.0,1.0,1.0,0.0,0.0,1.0,1.0,0.0,0.0,0.0,0.0,1.0,1.0,0.0,0.0,0.2211077106361806,21.745114393812738,21.80091741188884
3540,141.56,0.98,1,-0.002,0.333,0.104,-0.02,-0.047,0.02,0.0,0.0,0.18,0.26,2.63,0.0,0.71,1.46,1.17,0.03,0.57,0.03,0.05,0.57,0.75,0.16,0.0,0.0,0.0,0.0,1.0,1.0,0.0,0.0,1.0,1.0,0.0,0.0,0.0,0.0,1.0,1.0,0.0,0.0,0.2087529411327506,21.623135757794152,21.7020736336416
3541,141.6,0.98,1,-0.003,0.328,0.096,-0.022,-0.042,0.1,0.0,0.0,0.2,0.35,2.52,0.01,0.8,1.55,1.13,0.03,0.34,0.03,0.0,1.0,1.02,0.25,0.0,0.0,0.0,0.0,1.0,1.0,0.0,0.0,1.0,1.0,0.0,0.0,0.0,0.0,1.0,1.0,0.0,0.0,0.20623649217888584,21.711287386979198,21.900913222968445
3542,141.64,0.98,1,-0.011,0.318,0.095,-0.03,-0.041,0.13,0.0,0.0,0.19,0.49,2.46,0.01,0.85,1.66,1.27,0.03,0.22,0.04,0.0,1.45,1.31,0.18,0.0,0.0,0.0,0.0,1.0,1.0,0.0,0.0,1.0,1.0,0.0,0.0,0.0,0.0,1.0,1.0,0.0,0.0,0.22481159684915397,21.008569680013917,20.708693826506824
3543,141.68,0.98,1,-0.009,0.332,0.093,-0.033,-0.042,0.14,0.0,0.0,0.17,0.62,2.38,0.01,0.94,1.82,1.35,0.0,0.09,0.01,0.0,2.04,1.71,0.26,0.0,0.0,0.0,0.0,1.0,1.0,0.0,0.0,1.0,1.0,0.0,0.0,0.0,0.0,1.0,1.0,0.0,0.0,0.21801975974564358,21.215088969881833,21.40000000000009
3544,141.72,0.98,1,0.009,0.345,0.107,-0.015,-0.039,0.06,0.0,0.0,0.12,0.77,2.39,0.0,1.09,1.93,1.46,0.0,0.04,0.01,0.0,2.55,1.93,0.21,0.0,0.0,0.0,0.0,1.0,1.0,0.0,1.0,1.0,1.0,0.0,0.0,0.0,0.0,1.0,1.0,0.0,0.0,0.20375220744389144,20.30221662774777,20.508778608196053
3545,141.76,0.98,1,0.001,0.377,0.139,-0.026,-0.017,0.03,0.0,0.0,0.09,0.82,2.5,0.0,1.2,2.05,1.44,0.0,0.03,0.0,0.0,2.92,2.1,0.4,0.0,0.0,0.0,0.0,1.0,1.0,0.0,1.0,1.0,1.0,0.0,0.0,0.0,0.0,1.0,1.0,0.0,0.0,0.1826590254831346,19.70228413154175,19.602295783912794
3546,141.8,0.98,1,-0.011,0.377,0.15,-0.03,-0.005,0.0,0.0,0.0,0.0,0.87,2.7,0.0,1.33,2.18,1.37,0.0,0.06,0.0,0.0,3.0,2.0,0.43,0.0,0.0,0.0,0.0,1.0,1.0,0.0,1.0,1.0,1.0,0.0,0.0,0.0,0.0,1.0,1.0,0.0,0.0,0.17905449527435985,20.40882162203403,19.70025380547169
3547,141.84,0.98,1,-0.0,0.377,0.14,-0.021,-0.022,0.0,0.0,0.0,0.0,0.84,2.9,0.0,1.3,2.23,1.4,0.0,0.06,0.0,0.0,3.02,2.0,0.56,0.0,0.0,0.0,0.0,1.0,1.0,0.0,1.0,1.0,1.0,0.0,0.0,0.0,0.0,1.0,1.0,0.0,0.0,0.19225539596090124,20.008997975910738,19.50922858546693
3548,141.88,0.98,1,-0.017,0.388,0.153,-0.022,-0.008,0.0,0.0,0.0,0.0,0.86,2.9,0.0,1.32,2.23,1.53,0.0,0.04,0.0,0.0,3.06,1.97,0.52,0.0,0.0,0.0,0.0,1.0,1.0,0.0,1.0,1.0,1.0,0.0,0.0,0.0,0.0,1.0,1.0,0.0,0.0,0.17672496026810958,20.10099500024826,19.601020381602495
3549,141.92,0.98,1,-0.002,0.406,0.153,-0.023,-0.003,0.0,0.0,0.0,0.0,0.77,2.75,0.0,1.29,2.19,1.64,0.0,0.11,0.0,0.0,3.12,2.16,0.64,0.0,0.0,0.0,0.0,1.0,1.0,0.0,1.0,1.0,1.0,0.0,0.0,0.0,0.0,1.0,1.0,0.0,0.0,0.16951950197466745,19.701015202268177,19.300259065618736
3550,141.96,0.98,1,0.007,0.405,0.159,-0.025,-0.001,0.0,0.0,0.0,0.0,0.77,2.69,0.02,1.27,2.16,1.64,0.0,0.15,0.0,0.0,3.15,2.34,0.65,0.0,0.0,0.0,0.0,1.0,1.0,0.0,1.0,1.0,1.0,0.0,0.0,0.0,0.0,1.0,1.0,0.0,0.0,0.17366682106237025,18.90105817143589,18.804254837669006
3551,142.0,0.98,1,-0.007,0.404,0.159,-0.026,0.001,0.0,0.0,0.0,0.0,0.79,2.74,0.02,1.25,2.14,1.46,0.0,0.17,0.0,0.0,3.19,2.45,0.62,0.0,0.0,0.0,0.0,1.0,1.0,1.0,1.0,1.0,1.0,0.0,0.0,0.0,0.0,1.0,1.0,0.0,1.0,0.16291187804971913,19.00026315607234,19.525624189766635
3552,142.04,0.98,1,-0.006,0.411,0.154,-0.026,0.005,0.0,0.0,0.0,0.0,0.86,3.05,0.05,1.2,2.11,1.4,0.0,0.09,0.0,0.0,3.08,2.33,0.53,0.0,0.0,0.0,0.0,1.0,1.0,1.0,1.0,1.0,1.0,0.0,0.0,0.0,0.0,1.0,1.0,0.0,1.0,0.16456541212378073,18.21757393288122,19.812369873389663
3553,142.08,0.98,1,-0.011,0.407,0.142,-0.024,0.006,0.0,0.0,0.0,0.0,0.84,3.15,0.04,1.15,2.12,1.37,0.0,0.09,0.0,0.0,2.97,2.14,0.65,0.0,0.0,0.0,0.0,1.0,1.0,1.0,1.0,1.0,1.0,0.0,0.0,0.0,0.0,1.0,1.0,0.0,1.0,0.1716573637727153,18.417383093154008,19.836330305779803
3554,142.12,0.98,1,-0.01,0.398,0.132,-0.02,0.002,0.04,0.0,0.0,0.0,0.78,3.04,0.06,1.05,2.15,1.47,0.0,0.18,0.0,0.0,2.82,1.79,0.64,0.0,0.0,0.0,0.0,1.0,1.0,1.0,1.0,1.0,1.0,0.0,0.0,0.0,0.0,1.0,1.0,0.0,1.0,0.18106545005809704,17.927911200137157,19.450449866262822
3555,142.16,0.98,1,0.012,0.362,0.111,-0.013,0.002,0.04,0.0,0.0,0.0,0.74,2.81,0.09,0.96,2.21,1.51,0.0,0.32,0.0,0.0,2.67,1.38,0.67,0.0,0.0,0.0,0.0,1.0,1.0,1.0,1.0,1.0,1.0,0.0,0.0,0.0,0.0,1.0,1.0,0.0,1.0,0.1697595092387936,18.60107523773841,19.450449866262595
3556,142.2,0.98,1,-0.01,0.391,0.112,-0.017,-0.004,0.04,0.0,0.0,0.0,0.68,2.45,0.13,0.93,2.27,1.56,0.0,0.4,0.0,0.0,2.59,0.94,1.22,0.0,0.0,0.0,0.0,1.0,1.0,1.0,1.0,1.0,1.0,0.0,0.0,0.0,0.0,1.0,0.0,0.0,1.0,0.1789217087185523,17.713836399831674,19.366207682455496
3557,142.24,0.98,1,-0.015,0.409,0.103,-0.019,-0.004,0.07,0.0,0.0,0.0,0.61,2.08,0.12,0.98,2.34,1.64,0.0,0.36,0.0,0.0,2.55,0.69,1.89,0.0,0.0,0.0,0.0,1.0,1.0,1.0,1.0,1.0,1.0,0.0,0.0,0.0,0.0,1.0,0.0,0.0,1.0,0.15999905089557287,18.333030300525827,21.228518554058176
3558,142.28,0.98,1,-0.008,0.44,0.1,-0.01,-0.003,0.07,0.0,0.0,0.0,0.55,2.03,0.17,1.05,2.35,1.79,0.0,0.33,0.06,0.0,2.58,0.59,2.46,0.0,0.0,0.0,0.0,1.0,1.0,1.0,1.0,1.0,1.0,0.0,0.0,0.0,0.0,1.0,0.0,0.0,1.0,0.12174859299605395,20.834586628968626,22.450167037240366
3559,142.32,0.98,1,-0.017,0.447,0.104,-0.01,-0.002,0.07,0.0,0.0,0.0,0.63,2.29,0.27,0.98,2.31,1.87,0.0,0.34,0.06,0.0,2.5,0.62,2.02,0.0,0.0,0.0,0.0,1.0,1.0,1.0,1.0,1.0,1.0,0.0,0.0,0.0,0.0,1.0,0.0,0.0,1.0,0.10982760909998589,17.029386365926403,21.40840956259955
3560,142.36,0.98,1,-0.026,0.359,0.084,-0.007,-0.005,0.0,0.0,0.0,0.0,0.73,2.91,0.39,0.96,2.24,1.78,0.0,0.41,0.06,0.0,2.46,0.72,1.44,0.0,0.0,0.0,0.0,1.0,1.0,1.0,1.0,1.0,1.0,0.0,0.0,0.0,0.0,1.0,0.0,0.0,1.0,0.1523388340249775,19.936148073286468,18.944656238633716
3561,142.4,0.98,1,-0.026,0.344,0.112,-0.012,-0.008,0.0,0.0,0.0,0.0,0.76,3.1,0.4,0.96,2.14,1.58,0.0,0.47,0.01,0.0,2.42,0.89,0.84,0.0,0.0,0.0,0.0,1.0,1.0,1.0,0.0,1.0,1.0,0.0,1.0,0.0,0.0,1.0,0.0,0.0,1.0,0.16214163793567993,16.40121946685659,20.462648899885952
3562,142.44,0.98,1,0.001,0.339,0.118,-0.014,-0.012,0.0,0.0,0.0,0.0,0.69,3.16,0.38,1.06,1.99,1.32,0.0,0.61,0.0,0.0,2.33,1.02,0.42,0.0,0.0,0.0,0.0,1.0,1.0,1.0,0.0,1.0,1.0,0.0,1.0,0.0,0.0,1.0,0.0,0.0,1.0,0.1585844533047192,16.900295855398372,18.1397353894704
3563,142.48,0.98,1,-0.012,0.34,0.117,-0.018,-0.015,0.02,0.0,0.0,0.0,0.58,3.04,0.37,1.06,1.74,1.13,0.13,0.83,0.0,0.0,2.1,1.16,0.27,0.0,0.0,0.0,0.0,1.0,1.0,1.0,0.0,1.0,1.0,0.0,1.0,0.0,0.0,1.0,0.0,0.0,1.0,0.19132148222435835,17.30260096054921,17.734147850968238
3564,142.52,0.98,1,-0.018,0.342,0.105,-0.019,-0.013,0.02,0.0,0.0,0.0,0.42,2.77,0.33,1.03,1.47,0.94,0.35,1.04,0.0,0.0,1.87,1.19,0.12,0.0,0.0,0.0,0.0,1.0,1.0,1.0,0.0,1.0,1.0,1.0,1.0,0.0,0.0,1.0,0.0,0.0,1.0,0.164474503532883,16.111176245078976,17.523127574722498
3565,142.56,0.98,1,-0.02,0.3,0.104,-0.021,-0.013,0.09,0.0,0.0,0.0,0.37,2.78,0.32,1.09,1.3,0.9,0.51,1.14,0.0,0.0,1.6,1.14,0.12,0.0,0.0,0.0,0.0,0.0,1.0,0.0,0.0,1.0,1.0,1.0,1.0,0.0,0.0,1.0,0.0,0.0,0.0,0.19976235104692988,17.00117642988273,17.410341754256383
3566,142.6,0.98,1,-0.002,0.287,0.099,-0.013,-0.031,0.07,0.0,0.0,0.0,0.33,2.65,0.23,1.05,1.21,0.78,0.7,1.2,0.0,0.0,1.38,1.05,0.02,0.0,0.0,0.0,0.0,0.0,1.0,0.0,0.0,1.0,1.0,1.0,1.0,0.0,0.0,1.0,0.0,0.0,0.0,0.18268596780612334,17.310401497365635,18.504323819042945
3567,142.64,0.98,1,-0.013,0.276,0.103,-0.014,-0.02,0.07,0.0,0.0,0.0,0.36,2.77,0.17,0.99,1.23,0.68,0.68,1.25,0.0,0.0,1.18,1.03,0.0,0.0,0.0,0.0,0.0,0.0,1.0,0.0,0.0,1.0,1.0,1.0,1.0,0.0,0.0,1.0,0.0,0.0,0.0,0.18781134397955535,18.806647760831762,19.202343606966355
3568,142.68,0.98,1,-0.011,0.272,0.095,-0.018,-0.015,0.04,0.0,0.0,0.05,0.32,2.71,0.14,0.79,1.19,0.55,0.73,1.38,0.0,0.0,1.06,0.97,0.0,0.0,0.0,0.0,0.0,0.0,1.0,0.0,0.0,1.0,1.0,1.0,1.0,0.0,0.0,1.0,0.0,0.0,0.0,0.1872688565003504,19.121192431435773,19.602295783912567
3569,142.72,0.98,1,-0.011,0.268,0.093,-0.01,-0.032,0.04,0.0,0.0,0.05,0.29,2.83,0.1,0.78,1.23,0.46,0.66,1.38,0.0,0.0,0.95,0.9,0.0,0.0,0.0,0.0,0.0,1.0,1.0,0.0,0.0,1.0,1.0,1.0,1.0,0.0,0.0,1.0,0.0,0.0,0.0,0.1891005940097996,20.515603817582363,19.906280415989414
3570,142.76,0.98,1,0.007,0.27,0.098,-0.019,-0.018,0.04,0.0,0.0,0.05,0.35,2.85,0.08,0.79,1.21,0.47,0.8,1.34,0.0,0.0,0.79,0.77,0.0,0.0,0.0,0.0,0.0,1.0,1.0,0.0,0.0,1.0,1.0,1.0,1.0,0.0,0.0,1.0,0.0,0.0,0.0,0.20303557057503238,19.004210059878837,19.90401969452411
3571,142.8,0.98,1,-0.013,0.274,0.098,-0.014,-0.032,0.0,0.0,0.0,0.0,0.35,2.83,0.0,0.8,1.26,0.43,0.91,1.23,0.0,0.0,0.62,0.71,0.0,0.0,0.0,0.0,0.0,1.0,1.0,0.0,0.0,1.0,1.0,1.0,1.0,0.0,0.0,0.0,0.0,0.0,0.0,0.19900719074301443,19.806312125178636,20.911719202399265
3572,142.84,0.98,1,0.002,0.267,0.099,-0.02,-0.017,0.03,0.0,0.0,0.0,0.4,2.9,0.01,0.76,1.25,0.6,0.92,1.18,0.0,0.0,0.57,0.59,0.0,0.0,0.0,0.0,0.0,1.0,1.0,0.0,0.0,1.0,1.0,1.0,1.0,0.0,0.0,0.0,0.0,0.0,0.0,0.20781261177356974,19.602295783912794,21.011663427725086
3573,142.88,0.98,1,0.002,0.291,0.104,-0.01,-0.031,0.03,0.0,0.0,0.0,0.36,2.8,0.01,0.65,1.26,0.62,0.76,1.18,0.0,0.0,0.56,0.55,0.0,0.0,0.0,0.0,0.0,1.0,1.0,0.0,0.0,1.0,1.0,1.0,1.0,0.0,0.0,0.0,0.0,0.0,0.0,0.19909769833015417,20.012246250733575,21.008569680013913
3574,142.92,0.98,1,0.008,0.272,0.099,-0.015,-0.019,0.03,0.0,0.0,0.0,0.34,2.85,0.02,0.57,1.24,0.69,0.75,1.19,0.0,0.0,0.59,0.47,0.0,0.0,0.0,0.0,0.0,1.0,1.0,0.0,0.0,1.0,1.0,1.0,1.0,0.0,0.0,0.0,0.0,0.0,0.0,0.20174991162961642,19.906280415989414,21.423351745233383
3575,142.96,0.98,1,-0.004,0.29,0.106,-0.018,-0.016,0.0,0.0,0.0,0.0,0.43,2.86,0.01,0.58,1.31,0.63,0.58,1.1,0.0,0.0,0.49,0.42,0.0,0.0,0.0,0.0,0.0,1.0,1.0,0.0,0.0,1.0,1.0,1.0,1.0,0.0,0.0,0.0,0.0,0.0,0.0,0.19703713062936898,21.1059233391957,21.418916872708664
3576,143.0,0.98,1,-0.005,0.3,0.114,-0.009,-0.031,0.0,0.0,0.0,0.0,0.43,2.84,0.01,0.6,1.35,0.59,0.6,1.08,0.0,0.0,0.44,0.45,0.0,0.0,0.0,0.0,0.0,1.0,1.0,0.0,0.0,1.0,1.0,1.0,1.0,0.0,0.0,0.0,0.0,0.0,0.0,0.20621387435359118,20.60097085090885,21.10852908186632
3577,143.04,0.98,1,-0.014,0.294,0.11,-0.018,-0.013,0.0,0.0,0.0,0.0,0.5,2.87,0.0,0.67,1.39,0.62,0.45,0.93,0.01,0.0,0.42,0.46,0.0,0.0,0.0,0.0,0.0,1.0,1.0,0.0,0.0,1.0,1.0,1.0,1.0,0.0,0.0,0.0,0.0,0.0,0.0,0.21338412851780353,21.711287386979198,20.500975586542218
3578,143.08,0.98,1,-0.005,0.305,0.1,-0.015,-0.02,0.0,0.0,0.0,0.0,0.39,2.72,0.0,0.7,1.36,0.55,0.52,0.99,0.01,0.0,0.42,0.59,0.0,0.0,0.0,0.0,0.0,1.0,1.0,0.0,0.0,1.0,1.0,1.0,1.0,0.0,0.0,0.0,0.0,0.0,0.0,0.2091939496496148,21.30586773637718,20.70096616102741
3579,143.12,0.98,1,-0.003,0.3,0.106,-0.021,-0.008,0.0,0.0,0.0,0.02,0.54,2.97,0.0,0.87,1.4,0.8,0.5,0.79,0.06,0.0,0.37,0.45,0.0,0.0,0.0,0.0,0.0,1.0,1.0,0.0,0.0,1.0,1.0,1.0,1.0,0.0,0.0,0.0,0.0,0.0,0.0,0.21588922628026053,20.90095691589272,20.60024271701662
3580,143.16,0.98,1,-0.026,0.287,0.086,-0.023,-0.028,0.0,0.0,0.0,0.05,0.58,3.06,0.06,0.98,1.44,0.98,0.54,0.81,0.06,0.0,0.45,0.44,0.0,0.0,0.0,0.0,0.0,1.0,1.0,0.0,0.0,1.0,1.0,1.0,1.0,0.0,0.0,0.0,0.0,0.0,0.0,0.20456748770769112,21.50581316760657,21.09999999999991
3581,143.2,0.98,1,-0.011,0.31,0.103,-0.015,-0.032,0.0,0.0,0.0,0.05,0.64,3.11,0.06,0.98,1.52,1.04,0.59,0.83,0.06,0.02,0.54,0.32,0.0,0.0,0.0,0.0,0.0,1.0,1.0,0.0,0.0,1.0,1.0,1.0,1.0,0.0,0.0,0.0,0.0,0.0,0.0,0.19696593089525632,21.205895406702172,21.200235847744757
3582,143.24,0.98,1,-0.017,0.294,0.09,-0.022,-0.011,0.0,0.0,0.0,0.03,0.64,3.08,0.17,1.0,1.53,1.01,0.59,0.82,0.03,0.02,0.74,0.35,0.0,0.0,0.0,0.0,0.0,1.0,1.0,0.0,0.0,1.0,1.0,1.0,1.0,0.0,0.0,0.0,0.0,0.0,0.0,0.21446799408503825,20.800961516237614,21.0
3583,143.28,0.98,1,-0.014,0.299,0.087,-0.023,-0.034,0.0,0.0,0.0,0.0,0.63,2.95,0.12,1.03,1.54,1.11,0.55,0.82,0.01,0.02,0.69,0.24,0.0,0.0,0.0,0.0,0.0,1.0,1.0,0.0,0.0,1.0,1.0,1.0,1.0,0.0,0.0,0.0,0.0,0.0,0.0,0.2067166986340136,20.8002403832263,21.000238093888363
3584,143.32,0.98,1,-0.005,0.281,0.076,-0.019,-0.043,0.0,0.0,0.0,0.08,0.57,2.85,0.13,1.06,1.5,1.1,0.52,0.89,0.01,0.04,0.61,0.27,0.0,0.0,0.0,0.0,0.0,1.0,1.0,0.0,0.0,1.0,1.0,1.0,1.0,0.0,0.0,0.0,0.0,0.0,0.0,0.20648852557081027,21.30023474049072,21.400233643584453
3585,143.36,0.98,1,-0.009,0.302,0.086,-0.025,-0.019,0.0,0.0,0.0,0.1,0.47,2.59,0.04,1.1,1.5,1.28,0.46,1.01,0.0,0.04,0.48,0.27,0.0,0.0,0.0,0.0,0.0,1.0,1.0,0.0,0.0,1.0,1.0,1.0,1.0,0.0,0.0,0.0,0.0,0.0,0.0,0.201198548812487,21.400934559032788,21.200235847744757
3586,143.4,0.98,1,-0.003,0.286,0.085,-0.021,-0.04,0.0,0.0,0.0,0.17,0.54,2.67,0.16,1.16,1.52,1.21,0.51,1.08,0.03,0.04,0.53,0.41,0.0,0.0,0.0,0.0,0.0,1.0,1.0,0.0,0.0,1.0,1.0,1.0,1.0,0.0,0.0,0.0,0.0,0.0,0.0,0.2064770018821447,21.50209292138791,21.50209292138791
3587,143.44,0.98,1,0.006,0.306,0.098,-0.014,-0.041,0.0,0.0,0.0,0.09,0.6,2.63,0.15,1.12,1.59,1.23,0.36,1.01,0.03,0.0,0.47,0.31,0.0,0.0,0.0,0.0,0.0,1.0,1.0,0.0,0.0,1.0,1.0,1.0,1.0,0.0,0.0,0.0,0.0,0.0,0.0,0.2011001732588933,21.40210270043563,21.50581316760657
3588,143.48,0.98,1,0.003,0.288,0.082,-0.02,-0.017,0.0,0.0,0.0,0.07,0.65,3.0,0.16,1.09,1.61,1.04,0.33,0.9,0.03,0.0,0.55,0.36,0.0,0.0,0.0,0.0,0.0,1.0,1.0,0.0,0.0,1.0,1.0,1.0,1.0,0.0,0.0,0.0,0.0,0.0,0.0,0.21209778944142915,21.59999999999991,21.60092590608088
3589,143.52,0.98,1,-0.007,0.298,0.085,-0.011,-0.027,0.0,0.0,0.0,0.08,0.59,2.87,0.12,1.07,1.63,0.85,0.18,0.74,0.0,0.0,0.89,0.59,0.0,0.0,0.0,0.0,0.0,1.0,1.0,1.0,0.0,1.0,1.0,0.0,1.0,0.0,0.0,1.0,0.0,0.0,0.0,0.20330756056974164,21.705759604307612,21.80825531765432
3590,143.56,0.98,1,-0.003,0.309,0.11,-0.019,-0.014,0.0,0.0,0.0,0.08,0.7,3.02,0.19,1.2,1.72,0.9,0.17,0.48,0.0,0.0,1.57,1.01,0.0,0.0,0.0,0.0,0.0,1.0,1.0,1.0,1.0,1.0,1.0,0.0,1.0,0.0,0.0,1.0,1.0,0.0,0.0,0.20317555456935962,21.400233643584226,21.700230413523308
3591,143.6,0.98,1,-0.011,0.311,0.122,-0.018,-0.01,0.0,0.0,0.0,0.17,0.75,2.89,0.19,1.2,1.84,0.78,0.09,0.31,0.0,0.0,2.2,1.36,0.0,0.0,0.0,0.0,0.0,1.0,1.0,1.0,1.0,1.0,1.0,0.0,0.0,0.0,0.0,1.0,1.0,0.0,0.0,0.2048412910477312,21.80091741188884,21.200235847744757
3592,143.64,0.98,1,-0.002,0.313,0.13,-0.017,-0.01,0.0,0.0,0.0,0.17,0.81,3.04,0.16,1.23,1.98,0.84,0.05,0.15,0.0,0.0,2.57,1.52,0.0,0.0,0.0,0.0,0.0,1.0,1.0,1.0,1.0,1.0,1.0,0.0,0.0,0.0,0.0,1.0,1.0,0.0,0.0,0.20319527678854066,21.70092163941435,21.5
3593,143.68,0.98,1,-0.002,0.314,0.13,-0.018,-0.009,0.0,0.0,0.0,0.32,0.81,3.12,0.11,1.24,1.99,0.88,0.0,0.1,0.0,0.0,2.75,1.58,0.0,0.0,0.0,0.0,0.0,1.0,1.0,1.0,1.0,1.0,1.0,0.0,0.0,0.0,0.0,1.0,1.0,0.0,0.0,0.20390612536012506,21.803669415949415,22.10203610530048
3594,143.72,0.98,1,-0.001,0.313,0.128,-0.02,-0.008,0.0,0.0,0.0,0.24,0.78,3.05,0.11,1.33,2.03,0.92,0.0,0.09,0.02,0.0,2.73,1.72,0.0,0.0,0.0,0.0,0.0,1.0,1.0,1.0,1.0,1.0,1.0,0.0,0.0,0.0,0.0,1.0,1.0,0.0,0.0,0.20894037068621069,21.903652663425664,21.90205469813287
3595,143.76,0.98,1,-0.002,0.311,0.121,-0.02,-0.007,0.0,0.0,0.0,0.19,0.72,2.96,0.05,1.39,2.02,0.91,0.0,0.09,0.05,0.0,2.63,1.71,0.0,0.0,0.0,0.0,0.0,1.0,1.0,1.0,1.0,1.0,1.0,0.0,0.0,0.0,0.0,1.0,1.0,0.0,0.0,0.20800917861710788,21.902054698132638,22.20202693449411
3596,143.8,0.98,1,-0.004,0.308,0.12,-0.021,-0.007,0.0,0.0,0.0,0.03,0.68,2.8,0.13,1.49,2.02,0.99,0.0,0.07,0.05,0.0,2.47,1.6,0.0,0.0,0.0,0.0,0.0,1.0,1.0,1.0,1.0,1.0,1.0,0.0,0.0,0.0,0.0,1.0,1.0,0.0,0.0,0.21208149022867256,22.0081802973349,22.500888871331284
3597,143.84,0.98,1,0.013,0.308,0.105,-0.014,-0.023,0.0,0.0,0.0,0.03,0.69,2.74,0.14,1.46,2.0,0.97,0.0,0.14,0.03,0.0,2.42,1.42,0.0,0.0,0.0,0.0,0.0,1.0,1.0,1.0,1.0,1.0,1.0,0.0,0.0,0.0,0.0,1.0,1.0,0.0,0.0,0.21438668426720947,22.222511109233174,23.201939574096
3598,143.88,0.98,1,0.004,0.311,0.12,-0.019,-0.015,0.0,0.0,0.0,0.0,0.67,2.77,0.14,1.43,2.01,0.91,0.0,0.2,0.0,0.0,2.45,1.47,0.0,0.0,0.0,0.0,0.0,1.0,1.0,1.0,1.0,1.0,1.0,0.0,0.0,0.0,0.0,1.0,1.0,0.0,0.0,0.21298242728288097,22.432119828495786,22.700881040170923
3599,143.92,0.98,1,0.006,0.303,0.114,-0.018,-0.01,0.0,0.0,0.0,0.06,0.68,2.78,0.07,1.39,2.03,0.78,0.0,0.25,0.0,0.0,2.45,1.55,0.0,0.0,0.0,0.0,0.0,1.0,1.0,1.0,1.0,1.0,1.0,0.0,0.0,0.0,0.0,1.0,1.0,0.0,0.0,0.21398675174559917,22.122612865572776,22.500888871331284
3600,143.96,0.98,1,-0.004,0.303,0.113,-0.018,-0.008,0.0,0.0,0.0,0.25,0.69,2.75,0.02,1.33,2.04,0.79,0.0,0.21,0.0,0.0,2.46,1.4,0.0,0.0,0.0,0.0,0.0,1.0,1.0,1.0,1.0,1.0,1.0,0.0,0.0,0.0,0.0,1.0,1.0,0.0,0.0,0.21644524640035728,21.8146739604331,22.601991062736182
3601,144.0,0.98,1,0.001,0.308,0.118,-0.019,-0.009,0.0,0.0,0.0,0.3,0.73,2.69,0.05,1.31,2.07,0.85,0.0,0.19,0.0,0.0,2.4,1.26,0.0,0.0,0.0,0.0,0.0,1.0,1.0,1.0,1.0,1.0,1.0,0.0,0.0,0.0,0.0,1.0,1.0,0.0,0.0,0.21188017709364565,22.831557108528493,22.90349318335533
3602,144.04,0.98,1,0.003,0.307,0.113,-0.018,-0.008,0.0,0.0,0.0,0.23,0.74,2.68,0.07,1.28,2.09,0.83,0.0,0.21,0.0,0.0,2.44,1.23,0.0,0.0,0.0,0.0,0.0,1.0,1.0,1.0,1.0,1.0,1.0,0.0,0.0,0.0,0.0,1.0,1.0,0.0,0.0,0.21623382523199497,22.926403991904273,22.50799857828323
3603,144.08,0.98,1,-0.002,0.312,0.125,-0.018,-0.009,0.0,0.0,0.0,0.04,0.69,2.52,0.15,1.24,2.09,0.88,0.0,0.15,0.0,0.0,2.56,1.52,0.59,0.0,0.0,0.0,0.0,1.0,1.0,1.0,1.0,1.0,1.0,0.0,0.0,0.0,0.0,1.0,1.0,0.0,0.0,0.19958218178244175,22.62211307548449,21.405840324547036
3604,144.12,0.98,1,0.021,0.381,0.106,-0.02,-0.001,0.29,0.02,0.0,0.0,0.66,2.08,0.12,1.32,2.14,1.21,0.0,0.08,0.0,0.0,2.97,1.76,1.3,0.0,0.0,0.0,0.0,1.0,1.0,1.0,1.0,1.0,1.0,0.0,0.0,0.0,0.0,1.0,1.0,0.0,1.0,0.16490929589582431,19.50230755577401,22.20360331117456
3605,144.16,0.98,1,-0.01,0.464,0.131,-0.033,-0.018,0.62,0.07,0.0,0.0,0.66,1.97,0.11,1.39,2.13,1.5,0.0,0.0,0.0,0.0,3.28,1.96,1.98,0.0,0.0,0.0,0.0,1.0,1.0,1.0,1.0,1.0,1.0,0.0,0.0,0.0,0.0,1.0,1.0,0.0,1.0,0.15424745225545472,17.681911661356207,18.806647760831762
3606,144.2,0.93,1,-0.018,0.49,0.142,-0.018,-0.028,0.62,0.07,0.0,0.0,0.77,2.06,0.09,1.48,2.12,1.7,0.0,0.0,0.0,0.0,3.51,2.09,1.88,0.0,0.0,0.0,0.0,1.0,1.0,1.0,1.0,1.0,1.0,0.0,0.0,0.0,0.0,1.0,1.0,0.0,1.0,0.09563045853623599,18.545619428857044,19.742846805868744
3607,144.24,0.93,1,-0.016,0.465,0.128,-0.02,-0.006,0.33,0.05,0.0,0.0,0.85,2.18,0.09,1.41,2.12,1.63,0.0,0.0,0.0,0.0,3.51,2.13,1.74,0.0,0.0,0.0,0.0,1.0,1.0,1.0,1.0,1.0,1.0,0.0,0.0,0.0,0.0,1.0,1.0,0.0,1.0,0.10786270902650906,18.054362353736007,21.944703233354375
3608,144.28,0.98,1,-0.025,0.42,0.111,-0.025,0.003,0.11,0.0,0.0,0.0,0.87,2.11,0.16,1.42,2.25,1.69,0.0,0.0,0.0,0.0,3.43,1.89,1.74,0.0,0.0,0.0,0.0,1.0,1.0,1.0,1.0,1.0,1.0,0.0,0.0,0.0,0.0,1.0,1.0,0.0,1.0,0.14766772055982275,17.46453549339355,22.12261286557255
3609,144.32,0.98,1,-0.009,0.443,0.106,-0.023,-0.022,0.18,0.0,0.0,0.0,0.71,1.82,0.15,1.3,2.38,1.69,0.0,0.0,0.0,0.0,3.3,1.54,1.87,0.0,0.0,0.0,0.0,1.0,1.0,1.0,1.0,1.0,1.0,0.0,0.0,0.0,0.0,1.0,1.0,0.0,1.0,0.15710752543684953,19.175505208468337,17.822738285684338
3610,144.36,0.98,1,-0.0,0.416,0.094,-0.018,-0.01,0.17,0.0,0.0,0.0,0.6,1.96,0.25,1.14,2.37,1.72,0.0,0.14,0.0,0.0,3.04,1.0,1.79,0.0,0.0,0.0,0.0,1.0,1.0,1.0,1.0,1.0,1.0,0.0,0.0,0.0,0.0,1.0,1.0,0.0,1.0,0.1730712504092982,19.93037882229045,20.120139164528567
3611,144.4,0.98,1,0.021,0.391,0.08,-0.018,-0.006,0.14,0.0,0.0,0.0,0.62,1.95,0.3,1.08,2.32,1.58,0.0,0.14,0.0,0.0,2.84,0.74,1.61,0.0,0.0,0.0,0.0,1.0,1.0,1.0,1.0,1.0,1.0,0.0,0.0,0.0,0.0,1.0,1.0,0.0,1.0,0.14242899316043767,19.131649170941987,22.84928882919549
3612,144.44,0.98,1,-0.022,0.346,0.069,-0.004,-0.025,0.07,0.0,0.0,0.0,0.75,2.31,0.36,1.1,2.27,1.55,0.0,0.21,0.0,0.0,2.62,0.54,1.3,0.0,0.0,0.0,0.0,1.0,1.0,1.0,1.0,1.0,1.0,0.0,0.0,0.0,0.0,1.0,0.0,0.0,1.0,0.15071689374602937,19.32588937151424,20.56234422433395
3613,144.48,0.98,1,-0.016,0.345,0.097,-0.012,-0.016,0.07,0.0,0.0,0.0,0.82,2.48,0.39,1.13,2.18,1.29,0.0,0.16,0.0,0.0,2.41,0.73,0.96,0.0,0.0,0.0,0.0,1.0,1.0,1.0,1.0,1.0,1.0,0.0,0.0,0.0,0.0,1.0,0.0,0.0,1.0,0.16962301510363612,17.223530416264882,19.649936386665615
3614,144.52,0.98,1,-0.001,0.351,0.104,-0.017,-0.013,0.0,0.0,0.0,0.0,0.65,2.55,0.33,0.82,1.94,0.96,0.0,0.39,0.0,0.0,1.96,1.0,0.46,0.0,0.0,0.0,0.0,1.0,1.0,1.0,0.0,1.0,1.0,0.0,0.0,0.0,0.0,1.0,0.0,0.0,1.0,0.16734297625050837,17.30260096054921,18.062391868188442
3615,144.56,0.98,1,0.002,0.317,0.106,-0.025,-0.008,0.02,0.0,0.0,0.0,0.46,2.3,0.37,0.81,1.62,0.77,0.05,0.59,0.0,0.0,1.36,1.12,0.15,0.0,0.0,0.0,0.0,1.0,1.0,0.0,0.0,1.0,1.0,0.0,1.0,0.0,0.0,1.0,0.0,0.0,1.0,0.18808129931630924,18.30245885120353,18.60430057809229
3616,144.6,0.98,1,0.002,0.325,0.092,-0.027,-0.036,0.09,0.0,0.0,0.0,0.35,2.39,0.39,0.83,1.31,0.79,0.17,0.79,0.0,0.0,0.86,1.08,0.0,0.0,0.0,0.0,0.0,1.0,1.0,0.0,0.0,1.0,1.0,0.0,1.0,0.0,0.0,1.0,0.0,0.0,0.0,0.1796622939095078,18.100276240986073,18.70026737776767
3617,144.64,0.98,1,0.01,0.321,0.087,-0.028,-0.044,0.09,0.0,0.0,0.0,0.25,2.51,0.43,0.91,1.09,0.96,0.24,0.75,0.0,0.0,0.75,1.05,0.0,0.0,0.0,0.0,0.0,1.0,1.0,0.0,0.0,1.0,1.0,0.0,1.0,0.0,0.0,1.0,0.0,0.0,0.0,0.18399643893471346,18.704277585621778,18.70026737776767
3618,144.68,0.98,1,0.015,0.315,0.098,-0.035,-0.045,0.07,0.0,0.0,0.0,0.19,2.81,0.36,0.82,0.97,0.95,0.27,0.72,0.0,0.0,0.82,1.08,0.01,0.0,0.0,0.0,0.0,1.0,1.0,0.0,0.0,1.0,1.0,0.0,1.0,0.0,0.0,1.0,0.0,0.0,0.0,0.19245519815330292,19.00947132352712,19.504102132628407
3619,144.72,0.98,1,0.007,0.319,0.092,-0.028,-0.048,0.02,0.0,0.0,0.05,0.2,2.74,0.38,0.88,1.04,1.05,0.16,0.63,0.0,0.0,0.91,0.92,0.02,0.0,0.0,0.0,0.0,1.0,1.0,0.0,0.0,1.0,1.0,0.0,1.0,0.0,0.0,1.0,0.0,0.0,0.0,0.19383222563798486,18.900264548412935,19.101047091717387
3620,144.76,0.98,1,0.012,0.305,0.072,-0.022,-0.049,0.06,0.0,0.0,0.05,0.34,2.83,0.46,0.95,1.19,0.94,0.09,0.58,0.0,0.0,1.14,0.73,0.06,0.0,0.0,0.0,0.0,1.0,1.0,1.0,0.0,1.0,1.0,0.0,1.0,0.0,0.0,1.0,0.0,0.0,0.0,0.19207433604909674,18.702406262296655,19.400257730246647
3621,144.8,0.98,1,0.008,0.302,0.082,-0.013,-0.037,0.06,0.0,0.0,0.05,0.42,2.81,0.47,0.98,1.35,0.82,0.01,0.5,0.0,0.0,1.53,0.78,0.06,0.0,0.0,0.0,0.0,1.0,1.0,1.0,0.0,1.0,1.0,0.0,1.0,0.0,0.0,1.0,0.0,0.0,0.0,0.19237139406593642,18.800265955565582,19.602295783912794
3622,144.84,0.98,1,0.002,0.305,0.092,-0.02,-0.013,0.04,0.0,0.0,0.0,0.48,2.85,0.43,1.08,1.43,0.75,0.06,0.38,0.0,0.0,1.81,0.86,0.05,0.0,0.0,0.0,0.0,1.0,1.0,1.0,0.0,1.0,1.0,0.0,0.0,0.0,0.0,1.0,0.0,0.0,0.0,0.18341277746092627,19.10418802252546,19.400257730246647
3623,144.88,0.98,1,-0.004,0.304,0.089,-0.023,-0.034,0.0,0.0,0.0,0.0,0.51,2.77,0.37,1.26,1.49,0.91,0.09,0.25,0.0,0.0,1.93,0.87,0.0,0.0,0.0,0.0,0.0,1.0,1.0,1.0,1.0,1.0,1.0,0.0,0.0,0.0,0.0,1.0,0.0,0.0,0.0,0.1920485049190816,19.00421005987884,19.800000000000182
3624,144.92,0.98,1,0.001,0.311,0.088,-0.022,-0.038,0.0,0.0,0.0,0.0,0.65,2.92,0.5,1.46,1.5,1.0,0.11,0.09,0.0,0.0,1.94,0.71,0.0,0.0,0.0,0.0,0.0,1.0,1.0,1.0,1.0,1.0,1.0,0.0,0.0,0.0,0.0,1.0,0.0,0.0,0.0,0.19214750933643338,19.312690128513903,20.300246303924446
3625,144.96,0.98,1,-0.007,0.31,0.099,-0.012,-0.029,0.0,0.0,0.0,0.0,0.66,2.99,0.5,1.57,1.51,0.97,0.06,0.11,0.0,0.0,2.06,0.65,0.0,0.0,0.0,0.0,0.0,1.0,1.0,1.0,1.0,1.0,1.0,0.0,0.0,0.0,0.0,1.0,0.0,0.0,0.0,0.19009278887487663,19.10104709171716,20.200247523235763
3626,145.0,0.98,1,-0.005,0.304,0.091,-0.027,-0.018,0.04,0.0,0.0,0.02,0.74,3.07,0.49,1.55,1.45,1.0,0.03,0.09,0.0,0.0,2.18,0.86,0.0,0.0,0.0,0.0,0.0,1.0,1.0,1.0,1.0,1.0,1.0,0.0,0.0,0.0,0.0,1.0,0.0,0.0,0.0,0.19323590463499585,20.103979705520903,20.212125073826396
3627,145.04,0.98,1,0.006,0.304,0.098,-0.024,-0.032,0.21,0.0,0.0,0.02,0.75,3.02,0.34,1.51,1.45,1.18,0.01,0.08,0.0,0.0,2.48,1.2,0.05,0.0,0.0,0.0,0.0,1.0,1.0,1.0,1.0,1.0,1.0,0.0,0.0,0.0,0.0,1.0,1.0,0.0,0.0,0.19597273154699463,20.00224987345174,20.403921191771047
3628,145.08,0.98,1,0.01,0.308,0.104,-0.023,-0.034,0.34,0.0,0.0,0.02,0.84,3.16,0.28,1.24,1.48,1.27,0.0,0.0,0.0,0.0,2.79,1.65,0.05,0.0,0.0,0.0,0.0,1.0,1.0,1.0,1.0,1.0,1.0,0.0,0.0,0.0,0.0,1.0,1.0,0.0,0.0,0.19373695223344922,20.100248754679537,20.20222759994555
3629,145.12,0.98,1,0.007,0.325,0.126,-0.01,-0.029,0.36,0.0,0.0,0.08,0.8,3.36,0.25,1.03,1.58,1.23,0.0,0.0,0.0,0.0,3.08,1.91,0.05,0.0,0.0,0.0,0.0,1.0,1.0,1.0,1.0,1.0,1.0,0.0,0.0,0.0,0.0,1.0,1.0,0.0,0.0,0.18550456580932465,19.40025773024687,20.500243900988107
3630,145.16,0.98,1,0.012,0.32,0.146,-0.026,-0.005,0.29,0.0,0.0,0.08,0.83,3.37,0.21,1.03,1.66,1.21,0.0,0.0,0.0,0.0,2.98,1.88,0.0,0.0,0.0,0.0,0.0,1.0,1.0,1.0,1.0,1.0,1.0,0.0,0.0,0.0,0.0,1.0,1.0,0.0,0.0,0.2051583007984461,20.300246303924446,20.100248754679765
3631,145.2,0.98,1,-0.003,0.296,0.097,-0.02,-0.025,0.23,0.0,0.0,0.08,0.79,3.29,0.25,1.04,1.77,1.15,0.0,0.0,0.0,0.0,2.85,1.74,0.0,0.0,0.0,0.0,0.0,1.0,1.0,1.0,1.0,1.0,1.0,0.0,0.0,0.0,0.0,1.0,1.0,0.0,0.0,0.1950505564950653,20.108953229842808,20.399999999999864
3632,145.24,0.98,1,0.011,0.29,0.1,-0.011,-0.026,0.17,0.0,0.0,0.0,0.75,3.03,0.23,1.06,1.81,1.06,0.0,0.0,0.0,0.0,2.65,1.53,0.0,0.0,0.0,0.0,0.0,1.0,1.0,1.0,1.0,1.0,1.0,0.0,0.0,0.0,0.0,1.0,1.0,0.0,0.0,0.20640068558013258,19.70634415613413,20.399999999999864
3633,145.28,0.98,1,0.014,0.286,0.103,-0.02,-0.004,0.07,0.0,0.0,0.0,0.73,2.99,0.21,1.1,1.92,1.16,0.0,0.0,0.0,0.0,2.58,1.38,0.0,0.0,0.0,0.0,0.0,1.0,1.0,1.0,1.0,1.0,1.0,0.0,0.0,0.0,0.0,1.0,1.0,0.0,0.0,0.20445042051404547,19.602295783912798,20.800961516237837
3634,145.32,0.98,1,0.002,0.284,0.085,-0.021,-0.026,0.04,0.0,0.0,0.0,0.73,2.84,0.19,1.15,1.94,1.21,0.0,0.0,0.0,0.0,2.56,1.39,0.0,0.0,0.0,0.0,0.0,1.0,1.0,1.0,1.0,1.0,1.0,0.0,0.0,0.0,0.0,1.0,1.0,0.0,0.0,0.1888992223288199,20.800961516237614,20.40000000000009
3635,145.36,0.98,1,-0.005,0.301,0.102,-0.013,-0.028,0.04,0.0,0.0,0.09,0.77,2.88,0.13,1.2,2.01,1.31,0.0,0.0,0.0,0.0,2.74,1.69,0.0,0.0,0.0,0.0,0.0,1.0,1.0,1.0,1.0,1.0,1.0,0.0,0.0,0.0,0.0,1.0,1.0,0.0,0.0,0.1956133545362146,20.403921191771047,20.900239233080654
3636,145.4,0.98,1,0.007,0.313,0.134,-0.024,-0.008,0.04,0.0,0.0,0.09,0.81,2.84,0.1,1.26,2.0,1.26,0.0,0.0,0.0,0.0,2.85,1.87,0.0,0.0,0.0,0.0,0.0,1.0,1.0,1.0,1.0,1.0,1.0,0.0,0.0,0.0,0.0,1.0,1.0,0.0,0.0,0.19853424540808795,20.00099997500125,20.902152999153074
3637,145.44,0.98,1,0.012,0.287,0.101,-0.031,-0.031,0.0,0.0,0.0,0.09,0.86,2.85,0.14,1.39,2.03,1.25,0.0,0.0,0.0,0.0,2.77,1.81,0.0,0.0,0.0,0.0,0.0,1.0,1.0,1.0,1.0,1.0,1.0,0.0,0.0,0.0,0.0,1.0,1.0,0.0,0.0,0.21203366270121649,20.903827400741804,20.60024271701662
3638,145.48,0.98,1,-0.005,0.305,0.103,-0.015,-0.028,0.0,0.0,0.0,0.0,0.84,2.79,0.14,1.45,2.05,1.28,0.0,0.11,0.0,0.0,2.55,1.52,0.0,0.0,0.0,0.0,0.0,1.0,1.0,1.0,1.0,1.0,1.0,0.0,0.0,0.0,0.0,1.0,1.0,0.0,0.0,0.19900273217801637,20.71545316907168,20.800961516237614
3639,145.52,0.98,1,0.004,0.295,0.108,-0.025,-0.011,0.0,0.0,0.0,0.0,0.87,2.87,0.19,1.39,2.09,1.3,0.0,0.15,0.0,0.0,2.4,1.44,0.0,0.0,0.0,0.0,0.0,1.0,1.0,1.0,1.0,1.0,1.0,0.0,0.0,0.0,0.0,1.0,1.0,0.0,0.0,0.20194505128378828,20.524375751773793,21.105923339195474
3640,145.56,0.98,1,0.007,0.291,0.094,-0.022,-0.032,0.03,0.0,0.0,0.04,0.87,2.95,0.16,1.33,2.08,1.34,0.0,0.15,0.0,0.0,2.54,1.47,0.0,0.0,0.0,0.0,0.0,1.0,1.0,1.0,1.0,1.0,1.0,0.0,0.0,0.0,0.0,1.0,1.0,0.0,0.0,0.19399841858738998,21.3114992433662,21.100000000000136
3641,145.6,0.98,1,0.001,0.295,0.109,-0.011,-0.031,0.03,0.0,0.0,0.04,0.94,2.89,0.22,1.3,2.12,1.26,0.0,0.04,0.0,0.0,2.73,1.43,0.0,0.0,0.0,0.0,0.0,1.0,1.0,1.0,1.0,1.0,1.0,0.0,0.0,0.0,0.0,1.0,1.0,0.0,0.0,0.20071433106967673,20.511947737842938,21.00095235935742
3642,145.64,0.98,1,0.009,0.304,0.129,-0.021,-0.014,0.03,0.0,0.0,0.04,0.93,2.85,0.27,1.35,2.12,1.23,0.0,0.01,0.0,0.0,2.97,1.41,0.31,0.0,0.0,0.0,0.0,1.0,1.0,1.0,1.0,1.0,1.0,0.0,0.0,0.0,0.0,1.0,1.0,0.0,0.0,0.20339494869846775,21.008569680013917,20.900956915892493
3643,145.68,0.98,1,-0.015,0.36,0.118,-0.019,-0.023,0.09,0.0,0.0,0.0,0.72,2.27,0.25,1.38,2.19,1.24,0.0,0.12,0.0,0.0,3.05,1.36,1.09,0.0,0.0,0.0,0.0,1.0,1.0,1.0,1.0,1.0,1.0,0.0,0.0,0.0,0.0,1.0,1.0,0.0,1.0,0.18944424375990632,18.801063799689587,18.139735389470406
3644,145.72,0.98,1,-0.007,0.442,0.103,-0.033,0.0,0.09,0.0,0.0,0.0,0.56,1.74,0.21,1.56,2.2,1.52,0.0,0.17,0.0,0.0,3.04,1.06,1.88,0.0,0.0,0.0,0.0,1.0,1.0,1.0,1.0,1.0,1.0,0.0,0.0,0.0,0.0,1.0,1.0,0.0,1.0,0.14160453485354932,16.20030863903515,18.509727172489605
3645,145.76,0.98,1,-0.019,0.448,0.088,-0.032,-0.025,0.09,0.0,0.0,0.0,0.52,1.65,0.3,1.51,2.21,1.61,0.0,0.23,0.03,0.0,2.98,0.79,2.15,0.0,0.0,0.0,0.0,1.0,1.0,1.0,1.0,1.0,1.0,0.0,0.0,0.0,0.0,1.0,1.0,0.0,1.0,0.1379421628636179,19.51640335717624,18.106904760339265
3646,145.8,0.98,1,-0.018,0.408,0.094,-0.017,-0.027,0.0,0.0,0.0,0.0,0.72,1.98,0.33,1.59,2.21,1.71,0.0,0.12,0.03,0.0,2.84,0.64,1.7,0.0,0.0,0.0,0.0,1.0,1.0,1.0,1.0,1.0,1.0,0.0,0.0,0.0,0.0,1.0,1.0,0.0,1.0,0.15571397728938824,19.044421755464246,19.13164917094176
3647,145.84,0.98,1,0.001,0.318,0.075,-0.016,-0.033,0.03,0.0,0.0,0.0,0.97,2.94,0.5,1.55,2.24,1.63,0.0,0.07,0.03,0.0,2.71,0.79,1.24,0.0,0.0,0.0,0.0,1.0,1.0,1.0,1.0,1.0,1.0,0.0,0.0,0.0,0.0,1.0,1.0,0.0,1.0,0.16003395508631552,19.936148073286233,20.306156701847797
3648,145.88,0.98,1,-0.026,0.358,0.098,-0.008,-0.028,0.03,0.0,0.0,0.0,0.94,3.06,0.34,1.5,2.29,1.42,0.0,0.07,0.0,0.0,2.71,0.91,0.92,0.0,0.0,0.0,0.0,1.0,1.0,1.0,1.0,1.0,1.0,0.0,0.0,0.0,0.0,1.0,1.0,0.0,1.0,0.16886938346053937,16.902662512160486,18.721645226849105
3649,145.92,0.98,1,0.006,0.334,0.109,-0.026,-0.006,0.03,0.0,0.0,0.0,0.94,3.28,0.35,1.59,2.28,1.37,0.0,0.07,0.0,0.0,2.71,0.94,0.74,0.0,0.0,0.0,0.0,1.0,1.0,1.0,1.0,1.0,1.0,0.0,0.0,0.0,0.0,1.0,1.0,0.0,1.0,0.18017423884151737,17.218594600024755,17.301156030739634
3650,145.96,0.98,1,-0.006,0.317,0.092,-0.028,-0.023,0.0,0.0,0.0,0.0,0.94,3.14,0.29,1.58,2.3,1.25,0.0,0.07,0.0,0.0,2.72,0.92,0.41,0.0,0.0,0.0,0.0,1.0,1.0,1.0,1.0,1.0,1.0,0.0,0.0,0.0,0.0,1.0,1.0,0.0,0.0,0.1835087900802297,17.21859460002475,17.60113632695335
3651,146.0,0.98,1,-0.002,0.31,0.092,-0.022,-0.033,0.0,0.0,0.0,0.05,1.1,3.24,0.35,1.67,2.33,1.34,0.0,0.0,0.0,0.0,2.6,0.87,0.18,0.0,0.0,0.0,0.0,1.0,1.0,1.0,1.0,1.0,1.0,0.0,0.0,0.0,0.0,1.0,1.0,0.0,0.0,0.18207724064514869,18.22223915988377,18.5
3652,146.04,0.98,1,0.002,0.312,0.09,-0.02,-0.037,0.0,0.0,0.0,0.05,1.17,3.36,0.35,1.51,2.35,1.21,0.0,0.04,0.0,0.0,2.64,0.84,0.12,0.0,0.0,0.0,0.0,1.0,1.0,1.0,1.0,1.0,1.0,0.0,0.0,0.0,0.0,1.0,1.0,0.0,0.0,0.174357472683113,18.4024454896626,17.904468715937792
3653,146.08,0.98,1,-0.002,0.309,0.088,-0.009,-0.025,0.0,0.0,0.0,0.05,1.15,3.16,0.36,1.5,2.34,1.22,0.0,0.08,0.1,0.0,2.58,0.83,0.17,0.0,0.0,0.0,0.0,1.0,1.0,1.0,1.0,1.0,1.0,0.0,0.0,0.0,0.0,1.0,1.0,0.0,0.0,0.17438467054786885,18.799999999999955,18.200274723201343
3654,146.12,0.98,1,-0.01,0.297,0.077,-0.031,-0.011,0.0,0.0,0.0,0.0,1.08,3.17,0.35,1.43,2.33,1.25,0.0,0.08,0.15,0.0,2.62,0.87,0.15,0.0,0.0,0.0,0.0,1.0,1.0,1.0,1.0,1.0,1.0,0.0,0.0,0.0,0.0,1.0,1.0,0.0,0.0,0.1719284085763154,18.1011049386496,18.50027026829608
3655,146.16,0.98,1,-0.015,0.294,0.083,-0.024,-0.031,0.01,0.0,0.0,0.02,1.02,3.05,0.27,1.42,2.29,1.33,0.0,0.04,0.16,0.0,2.51,0.87,0.04,0.0,0.0,0.0,0.0,1.0,1.0,1.0,1.0,1.0,1.0,0.0,0.0,0.0,0.0,1.0,1.0,0.0,0.0,0.18535319702825398,19.202343606966355,17.799999999999955
3656,146.2,0.98,1,-0.013,0.299,0.087,-0.018,-0.04,0.01,0.0,0.0,0.05,1.09,3.25,0.28,1.36,2.29,1.3,0.0,0.0,0.06,0.0,2.62,0.89,0.0,0.0,0.0,0.0,0.0,1.0,1.0,1.0,1.0,1.0,1.0,0.0,0.0,0.0,0.0,1.0,1.0,0.0,0.0,0.18037479606395573,19.100261778310927,17.799999999999955
3657,146.24,0.98,1,-0.001,0.312,0.093,-0.008,-0.032,0.01,0.0,0.0,0.05,1.03,3.15,0.29,1.27,2.3,1.19,0.0,0.05,0.0,0.0,2.64,0.96,0.0,0.0,0.0,0.0,0.0,1.0,1.0,1.0,1.0,1.0,1.0,0.0,0.0,0.0,0.0,1.0,1.0,0.0,0.0,0.1867202830402575,19.90226117806727,18.5
3658,146.28,0.98,1,0.007,0.308,0.107,-0.019,-0.012,0.0,0.0,0.0,0.02,1.04,3.1,0.35,1.32,2.32,1.23,0.0,0.05,0.0,0.0,2.73,1.05,0.0,0.0,0.0,0.0,0.0,1.0,1.0,1.0,1.0,1.0,1.0,0.0,0.0,0.0,0.0,1.0,1.0,0.0,0.0,0.18804662740867842,19.802272596851054,19.5
3659,146.32,0.98,1,-0.009,0.284,0.08,-0.02,-0.029,0.0,0.0,0.0,0.0,0.96,2.89,0.25,1.3,2.27,1.34,0.0,0.05,0.0,0.0,2.65,1.07,0.0,0.0,0.0,0.0,0.0,1.0,1.0,1.0,1.0,1.0,1.0,0.0,0.0,0.0,0.0,1.0,1.0,0.0,0.0,0.1866282202587105,20.51560381758236,19.800252523642172
3660,146.36,0.98,1,-0.008,0.293,0.085,-0.017,-0.035,0.02,0.0,0.0,0.0,1.08,2.87,0.31,1.34,2.28,1.45,0.0,0.0,0.0,0.0,2.63,0.97,0.0,0.0,0.0,0.0,0.0,1.0,1.0,1.0,1.0,1.0,1.0,0.0,0.0,0.0,0.0,1.0,1.0,0.0,0.0,0.1878633603539365,20.919369015340646,19.600000000000136
3661,146.4,0.98,1,-0.007,0.295,0.096,-0.01,-0.027,0.02,0.0,0.0,0.0,1.04,2.77,0.29,1.29,2.26,1.31,0.0,0.02,0.01,0.0,2.56,0.97,0.0,0.0,0.0,0.0,0.0,1.0,1.0,1.0,1.0,1.0,1.0,0.0,0.0,0.0,0.0,1.0,1.0,0.0,0.0,0.1918022769372169,20.708693826506824,19.70025380547169
3662,146.44,0.98,1,-0.017,0.288,0.092,-0.027,-0.015,0.02,0.0,0.0,0.0,1.06,2.81,0.32,1.36,2.26,1.36,0.0,0.04,0.03,0.0,2.63,0.94,0.0,0.0,0.0,0.0,0.0,1.0,1.0,1.0,1.0,1.0,1.0,0.0,0.0,0.0,0.0,1.0,1.0,0.0,0.0,0.19032559126002616,21.10023696549415,20.299999999999955
3663,146.48,0.98,1,-0.014,0.291,0.088,-0.018,-0.033,0.0,0.0,0.0,0.0,1.0,2.71,0.21,1.41,2.27,1.32,0.0,0.04,0.03,0.0,2.61,0.91,0.0,0.0,0.0,0.0,0.0,1.0,1.0,1.0,1.0,1.0,1.0,0.0,0.0,0.0,0.0,1.0,1.0,0.0,0.0,0.19511665939156278,21.500930212434994,19.900251254695345
3664,146.52,0.98,1,-0.018,0.277,0.078,-0.014,-0.036,0.0,0.0,0.0,0.0,0.97,2.85,0.21,1.33,2.28,1.2,0.0,0.02,0.02,0.0,2.66,0.88,0.0,0.0,0.0,0.0,0.0,1.0,1.0,1.0,1.0,1.0,1.0,0.0,0.0,0.0,0.0,1.0,1.0,0.0,0.0,0.2003537165966468,21.90365266342566,20.300246303924673
3665,146.56,0.98,1,-0.006,0.28,0.099,-0.018,-0.013,0.0,0.0,0.0,0.0,0.93,2.85,0.18,1.36,2.3,1.08,0.0,0.0,0.05,0.0,2.54,0.89,0.0,0.0,0.0,0.0,0.0,1.0,1.0,1.0,1.0,1.0,1.0,0.0,0.0,0.0,0.0,1.0,1.0,0.0,0.0,0.2074151460888892,21.91848534912926,20.800240383226527
3666,146.6,0.98,1,-0.009,0.287,0.082,-0.02,-0.032,0.0,0.0,0.0,0.04,0.88,2.85,0.14,1.34,2.24,1.01,0.0,0.0,0.06,0.0,2.56,0.93,0.0,0.0,0.0,0.0,0.0,1.0,1.0,1.0,1.0,1.0,1.0,0.0,0.0,0.0,0.0,1.0,1.0,0.0,0.0,0.1953404688557258,21.618741869035905,20.500243900988107
3667,146.64,0.98,1,-0.006,0.281,0.078,-0.019,-0.037,0.0,0.0,0.0,0.07,0.94,2.92,0.21,1.33,2.24,1.09,0.0,0.0,0.06,0.0,2.6,0.91,0.0,0.0,0.0,0.0,0.0,1.0,1.0,1.0,1.0,1.0,1.0,0.0,0.0,0.0,0.0,1.0,1.0,0.0,0.0,0.2007655986139743,21.31900560532803,20.300985197768068
3668,146.68,0.98,1,0.005,0.285,0.085,-0.013,-0.028,0.0,0.0,0.0,0.07,0.81,2.77,0.24,1.12,2.16,0.92,0.0,0.02,0.02,0.0,2.67,1.0,0.0,0.0,0.0,0.0,0.0,1.0,1.0,1.0,1.0,1.0,1.0,0.0,0.0,0.0,0.0,1.0,1.0,0.0,0.0,0.1993309511135754,22.0111335464578,20.500243900988107
3669,146.72,0.98,1,-0.008,0.295,0.095,-0.025,-0.006,0.0,0.0,0.0,0.03,0.78,2.74,0.34,1.17,2.13,0.96,0.0,0.02,0.02,0.0,2.62,0.94,0.0,0.0,0.0,0.0,0.0,1.0,1.0,1.0,1.0,1.0,1.0,0.0,0.0,0.0,0.0,1.0,1.0,0.0,0.0,0.19475940283704246,21.6113396160443,20.60097085090885
3670,146.76,0.98,1,-0.008,0.287,0.081,-0.024,-0.023,0.0,0.0,0.0,0.04,0.71,2.52,0.2,1.26,2.08,1.02,0.0,0.02,0.02,0.0,2.53,0.82,0.0,0.0,0.0,0.0,0.0,1.0,1.0,1.0,1.0,1.0,1.0,0.0,0.0,0.0,0.0,1.0,1.0,0.0,0.0,0.20323344332755516,21.500232556881798,20.70096616102741
3671,146.8,0.98,1,-0.01,0.289,0.085,-0.023,-0.029,0.0,0.0,0.0,0.04,0.79,2.44,0.15,1.36,2.1,1.17,0.0,0.0,0.0,0.0,2.47,0.63,0.0,0.0,0.0,0.0,0.0,1.0,1.0,1.0,1.0,1.0,1.0,0.0,0.0,0.0,0.0,1.0,1.0,0.0,0.0,0.1972111467594531,21.605786262018004,21.100236965493924
3672,146.84,0.98,1,-0.01,0.286,0.072,-0.02,-0.028,0.0,0.0,0.0,0.04,0.81,2.53,0.09,1.31,2.12,1.14,0.0,0.0,0.0,0.0,2.51,0.65,0.0,0.0,0.0,0.0,0.0,1.0,1.0,1.0,1.0,1.0,1.0,0.0,0.0,0.0,0.0,1.0,1.0,0.0,0.0,0.19974835346715014,21.00095235935742,20.400245096566717
3673,146.88,0.98,1,-0.006,0.287,0.075,-0.019,-0.03,0.0,0.0,0.0,0.0,0.8,2.54,0.1,1.33,2.13,1.1,0.0,0.0,0.0,0.0,2.49,0.7,0.0,0.0,0.0,0.0,0.0,1.0,1.0,1.0,1.0,1.0,1.0,0.0,0.0,0.0,0.0,1.0,1.0,0.0,0.0,0.20017403592077782,21.2058954067024,21.002142747824564
3674,146.92,0.98,1,-0.005,0.281,0.061,-0.022,-0.026,0.0,0.0,0.0,0.0,0.8,2.78,0.15,1.39,2.11,1.05,0.0,0.0,0.0,0.0,2.53,0.76,0.0,0.0,0.0,0.0,0.0,1.0,1.0,1.0,1.0,1.0,1.0,0.0,0.0,0.0,0.0,1.0,1.0,0.0,0.0,0.19505621076640223,21.70092163941412,21.105923339195474
3675,146.96,0.98,1,-0.0,0.293,0.065,-0.028,-0.028,0.0,0.0,0.0,0.01,0.83,2.76,0.17,1.43,2.09,1.08,0.0,0.0,0.0,0.0,2.49,0.8,0.0,0.0,0.0,0.0,0.0,1.0,1.0,1.0,1.0,1.0,1.0,0.0,0.0,0.0,0.0,1.0,1.0,0.0,0.0,0.19395469523308273,21.60208323287354,21.000238093888363
3676,147.0,0.98,1,0.016,0.3,0.068,-0.03,-0.033,0.0,0.0,0.0,0.01,0.88,2.88,0.23,1.44,2.09,1.1,0.0,0.0,0.0,0.0,2.5,0.8,0.0,0.0,0.0,0.0,0.0,1.0,1.0,1.0,1.0,1.0,1.0,0.0,0.0,0.0,0.0,1.0,1.0,0.0,0.0,0.19382988088491937,21.30023474049072,20.0
3677,147.04,0.98,1,0.019,0.304,0.067,-0.028,-0.038,0.0,0.0,0.0,0.01,0.93,2.92,0.21,1.39,2.09,1.06,0.0,0.0,0.0,0.0,2.31,0.78,0.0,0.0,0.0,0.0,0.0,1.0,1.0,1.0,1.0,1.0,1.0,0.0,0.0,0.0,0.0,1.0,1.0,0.0,0.0,0.19120171524795398,21.800229356591597,20.20024752323599
3678,147.08,0.98,1,0.01,0.291,0.059,-0.024,-0.04,0.0,0.0,0.0,0.0,0.91,3.07,0.22,1.31,2.09,1.1,0.0,0.0,0.0,0.0,2.16,0.76,0.0,0.0,0.0,0.0,0.0,1.0,1.0,1.0,1.0,1.0,1.0,0.0,0.0,0.0,0.0,1.0,0.0,0.0,0.0,0.1904576461131991,21.50209292138791,20.402205763103257
3679,147.12,0.98,1,0.005,0.301,0.07,-0.027,-0.044,0.0,0.0,0.0,0.0,0.86,3.14,0.2,1.2,2.02,1.11,0.0,0.0,0.0,0.0,1.93,0.81,0.0,0.0,0.0,0.0,0.0,1.0,1.0,1.0,1.0,1.0,1.0,0.0,0.0,0.0,0.0,1.0,0.0,0.0,0.0,0.19895713379540073,21.10852908186632,20.500243900988107
3680,147.16,0.98,1,0.011,0.299,0.067,-0.022,-0.045,0.0,0.0,0.0,0.0,0.73,3.0,0.26,0.99,1.82,1.23,0.0,0.08,0.0,0.0,1.65,0.91,0.0,0.0,0.0,0.0,0.0,1.0,1.0,0.0,1.0,1.0,1.0,0.0,0.0,0.0,0.0,1.0,0.0,0.0,0.0,0.20093729807815872,21.2058954067024,20.60388312915787
3681,147.2,0.98,1,0.02,0.308,0.066,-0.021,-0.045,0.02,0.08,0.0,0.0,0.55,2.8,0.31,0.82,1.5,1.25,0.03,0.28,0.0,0.0,1.24,0.96,0.11,0.0,0.0,0.0,0.0,1.0,1.0,0.0,0.0,1.0,1.0,0.0,0.0,0.0,0.0,1.0,0.0,0.0,0.0,0.1978369426568779,21.41144553737566,21.005951537600005
3682,147.24,0.98,1,-0.002,0.309,0.068,-0.021,-0.044,0.13,0.08,0.0,0.0,0.37,2.37,0.39,0.7,1.24,1.23,0.21,0.4,0.0,0.0,0.99,0.99,0.51,0.0,0.0,0.0,0.0,1.0,1.0,0.0,0.0,1.0,1.0,1.0,0.0,0.0,0.0,1.0,0.0,0.0,0.0,0.18562222265497708,19.802272596851054,19.001052602421794
3683,147.28,0.98,1,-0.026,0.338,0.071,-0.035,-0.044,0.16,0.08,0.0,0.0,0.24,2.14,0.35,0.7,1.1,1.11,0.41,0.4,0.0,0.0,0.83,0.95,0.79,0.0,0.0,0.0,0.0,1.0,1.0,0.0,0.0,1.0,1.0,1.0,0.0,0.0,0.0,1.0,0.0,0.0,1.0,0.1971485341991795,16.011246047700347,17.9401783714654
3684,147.32,0.98,1,-0.034,0.332,0.071,-0.034,-0.043,0.24,0.05,0.0,0.0,0.17,2.02,0.33,0.57,1.0,1.0,0.49,0.26,0.0,0.0,0.76,1.07,0.83,0.0,0.0,0.0,0.0,1.0,1.0,0.0,0.0,1.0,1.0,1.0,0.0,0.0,0.0,0.0,0.0,0.0,1.0,0.2091299861131627,15.599999999999909,17.66380479964599
3685,147.36,0.98,1,-0.041,0.317,0.075,-0.031,-0.04,0.17,0.08,0.0,0.03,0.1,2.17,0.2,0.41,0.9,1.05,0.34,0.3,0.0,0.0,0.59,1.13,0.54,0.0,0.0,0.0,0.0,1.0,1.0,0.0,0.0,1.0,1.0,1.0,0.0,0.0,0.0,0.0,0.0,0.0,1.0,0.2043164920184266,16.90000000000009,17.62299634000997
3686,147.4,0.98,1,-0.045,0.304,0.058,-0.033,-0.035,0.23,0.15,0.0,0.03,0.07,2.43,0.16,0.28,0.85,1.15,0.25,0.35,0.0,0.0,0.47,1.14,0.27,0.0,0.0,0.0,0.0,1.0,1.0,0.0,0.0,1.0,1.0,1.0,0.0,0.0,0.0,0.0,0.0,0.0,1.0,0.1912726814963254,17.810109488714502,17.2046505340853
3687,147.44,0.98,1,-0.053,0.308,0.067,-0.032,-0.038,0.12,0.11,0.0,0.05,0.12,2.57,0.05,0.24,0.88,1.12,0.2,0.48,0.0,0.0,0.37,0.9,0.14,0.0,0.0,0.0,0.0,0.0,1.0,0.0,0.0,1.0,1.0,1.0,0.0,0.0,0.0,0.0,0.0,0.0,0.0,0.20162060254252517,18.402445489662373,17.310401497365635
3688,147.48,0.98,1,-0.048,0.313,0.061,-0.031,-0.037,0.11,0.12,0.0,0.13,0.12,2.65,0.04,0.21,0.9,0.99,0.34,0.44,0.0,0.0,0.37,0.75,0.03,0.0,0.0,0.0,0.0,1.0,1.0,0.0,0.0,1.0,1.0,1.0,1.0,0.0,0.0,0.0,0.0,0.0,0.0,0.19583416228525807,19.20104163841123,18.12236187697389
3689,147.52,0.98,1,-0.047,0.292,0.064,-0.033,-0.041,0.05,0.06,0.0,0.24,0.11,2.59,0.0,0.15,0.94,0.88,0.25,0.56,0.0,0.0,0.42,0.67,0.02,0.0,0.0,0.0,0.0,1.0,1.0,0.0,0.0,1.0,1.0,1.0,1.0,0.0,0.0,0.0,0.0,0.0,0.0,0.21790519556979115,19.606376513777484,18.006943105369107
3690,147.56,0.98,1,-0.044,0.305,0.062,-0.036,-0.042,0.11,0.04,0.0,0.36,0.1,2.66,0.06,0.16,0.92,0.93,0.27,0.59,0.04,0.0,0.51,0.69,0.0,0.0,0.0,0.0,0.0,1.0,1.0,0.0,0.0,1.0,1.0,1.0,1.0,0.0,0.0,0.0,0.0,0.0,0.0,0.21435886880578287,19.801010075246115,18.509727172489605
3691,147.6,0.98,1,-0.045,0.31,0.071,-0.033,-0.045,0.09,0.01,0.0,0.37,0.14,2.73,0.06,0.17,0.92,0.96,0.1,0.66,0.03,0.0,0.51,0.54,0.0,0.0,0.0,0.0,0.0,1.0,1.0,0.0,0.0,1.0,1.0,1.0,1.0,0.0,0.0,0.0,0.0,0.0,0.0,0.2158023286658563,20.200990074746382,18.509727172489605
3692,147.64,0.98,1,-0.037,0.285,0.057,-0.035,-0.042,0.1,0.04,0.0,0.28,0.19,2.82,0.11,0.25,0.9,0.93,0.09,0.53,0.03,0.01,0.54,0.41,0.02,0.0,0.0,0.0,0.0,1.0,1.0,0.0,0.0,1.0,1.0,1.0,1.0,0.0,0.0,0.0,0.0,0.0,0.0,0.22974985773988874,21.30093894644079,18.01776900728833
3693,147.68,0.98,1,-0.04,0.296,0.064,-0.029,-0.044,0.1,0.04,0.0,0.2,0.18,2.82,0.11,0.27,0.88,0.85,0.0,0.44,0.0,0.06,0.55,0.24,0.02,0.0,0.0,0.0,0.0,1.0,1.0,0.0,0.0,1.0,1.0,0.0,1.0,0.0,0.0,0.0,0.0,0.0,0.0,0.2197030653427042,20.600970850908855,18.602419197513132
3694,147.72,0.98,1,-0.041,0.291,0.058,-0.029,-0.042,0.16,0.03,0.0,0.15,0.14,2.87,0.13,0.28,0.89,0.74,0.0,0.36,0.05,0.13,0.57,0.22,0.02,0.0,0.0,0.0,0.0,1.0,1.0,0.0,0.0,1.0,1.0,0.0,0.0,0.0,0.0,0.0,0.0,0.0,0.0,0.21796682687267474,20.699999999999818,18.404347312523836
3695,147.76,0.98,1,-0.043,0.295,0.064,-0.032,-0.042,0.13,0.0,0.0,0.13,0.13,2.88,0.13,0.23,0.91,0.73,0.0,0.33,0.05,0.13,0.51,0.17,0.0,0.0,0.0,0.0,0.0,1.0,1.0,0.0,0.0,1.0,1.0,0.0,0.0,0.0,0.0,0.0,0.0,0.0,0.0,0.22119409988870142,20.303940504246906,18.904232330354056
3696,147.8,0.98,1,-0.043,0.284,0.057,-0.033,-0.04,0.06,0.0,0.0,0.09,0.08,2.84,0.11,0.25,0.89,0.72,0.0,0.19,0.05,0.09,0.41,0.18,0.0,0.0,0.0,0.0,0.0,1.0,1.0,0.0,0.0,1.0,1.0,0.0,0.0,0.0,0.0,0.0,0.0,0.0,0.0,0.22143814726193806,20.90000000000009,18.002499826412997
3697,147.84,0.98,1,-0.045,0.294,0.057,-0.035,-0.039,0.07,0.0,0.0,0.02,0.04,2.74,0.09,0.25,0.86,0.69,0.0,0.07,0.0,0.02,0.48,0.4,0.0,0.0,0.0,0.0,0.0,1.0,1.0,0.0,0.0,1.0,1.0,0.0,0.0,0.0,0.0,0.0,0.0,0.0,0.0,0.22134792767936462,20.20396000787969,18.402445489662373
3698,147.88,0.98,1,-0.054,0.281,0.048,-0.035,-0.038,0.07,0.0,0.0,0.02,0.02,2.52,0.05,0.29,0.84,0.6,0.0,0.0,0.0,0.0,0.65,0.69,0.0,0.0,0.0,0.0,0.0,1.0,1.0,0.0,0.0,1.0,1.0,0.0,0.0,0.0,0.0,1.0,0.0,0.0,0.0,0.22430645413310712,21.09999999999991,18.50027026829608
3699,147.92,0.98,1,-0.06,0.273,0.05,-0.032,-0.039,0.17,0.07,0.0,0.02,0.05,2.4,0.03,0.37,0.86,0.56,0.0,0.0,0.0,0.0,0.91,1.01,0.0,0.0,0.0,0.0,0.0,1.0,1.0,0.0,0.0,1.0,1.0,0.0,0.0,0.0,0.0,1.0,1.0,0.0,0.0,0.22105207852243142,21.400233643584226,19.306475597581198
3700,147.96,0.98,1,-0.068,0.289,0.054,-0.031,-0.041,0.22,0.09,0.0,0.02,0.05,2.34,0.04,0.39,0.79,0.59,0.04,0.0,0.0,0.0,1.12,1.13,0.0,0.0,0.0,0.0,0.0,1.0,1.0,0.0,0.0,1.0,1.0,0.0,0.0,0.0,0.0,1.0,1.0,0.0,0.0,0.2189763931199757,21.40093455903256,18.401086924418443
3701,148.0,0.98,1,-0.068,0.282,0.068,-0.034,-0.043,0.28,0.09,0.0,0.02,0.03,2.36,0.04,0.42,0.7,0.63,0.04,0.08,0.0,0.0,1.19,1.23,0.08,0.0,0.0,0.0,0.0,0.0,1.0,0.0,0.0,1.0,1.0,0.0,0.0,0.0,0.0,1.0,1.0,0.0,0.0,0.23890084250984006,20.5,18.40434731252384
3702,148.04,0.98,1,-0.066,0.303,0.074,-0.036,-0.044,0.27,0.02,0.0,0.0,0.0,2.32,0.02,0.34,0.63,0.59,0.04,0.1,0.0,0.0,1.1,1.26,0.17,0.0,0.0,0.0,0.0,0.0,1.0,0.0,0.0,1.0,1.0,0.0,0.0,0.0,0.0,1.0,1.0,0.0,0.0,0.23670652207661408,19.90226117806727,19.001052602421794
3703,148.08,0.98,1,-0.066,0.306,0.073,-0.03,-0.04,0.3,0.0,0.0,0.0,0.0,2.36,0.0,0.4,0.58,0.52,0.1,0.22,0.02,0.0,0.74,1.08,0.17,0.0,0.0,0.0,0.0,0.0,1.0,0.0,0.0,1.0,1.0,0.0,0.0,0.0,0.0,1.0,1.0,0.0,0.0,0.22496974947336235,20.000249998437518,18.6024191975129
3704,148.12,0.98,1,-0.073,0.28,0.059,-0.032,-0.038,0.35,0.0,0.0,0.0,0.01,2.49,0.01,0.38,0.56,0.47,0.1,0.29,0.02,0.0,0.43,0.74,0.12,0.0,0.0,0.0,0.0,0.0,1.0,0.0,0.0,1.0,1.0,0.0,0.0,0.0,0.0,1.0,1.0,0.0,0.0,0.22816534753385237,19.202343606966355,19.300259065618736
3705,148.16,0.98,1,-0.07,0.277,0.054,-0.033,-0.039,0.36,0.0,0.0,0.0,0.01,2.61,0.08,0.41,0.52,0.32,0.1,0.29,0.02,0.0,0.41,0.43,0.16,0.0,0.0,0.0,0.0,0.0,1.0,0.0,0.0,1.0,1.0,0.0,0.0,0.0,0.0,1.0,0.0,0.0,0.0,0.23047244606248696,18.70668329768784,19.001052602421794
3706,148.2,0.98,1,-0.077,0.291,0.056,-0.026,-0.043,0.22,0.0,0.0,0.0,0.04,2.55,0.15,0.53,0.56,0.22,0.0,0.18,0.0,0.0,0.62,0.5,0.24,0.0,0.0,0.0,0.0,0.0,1.0,0.0,0.0,1.0,1.0,0.0,0.0,0.0,0.0,1.0,0.0,0.0,0.0,0.20969882915962695,19.00657780874821,19.00026315607234
3707,148.24,0.98,1,-0.076,0.298,0.057,-0.03,-0.039,0.11,0.0,0.0,0.06,0.04,2.48,0.31,0.69,0.59,0.07,0.01,0.02,0.0,0.0,0.87,0.71,0.21,0.0,0.0,0.0,0.0,1.0,1.0,0.0,0.0,1.0,1.0,0.0,0.0,0.0,0.0,1.0,0.0,0.0,0.0,0.1918717101453074,18.704277585622002,19.61631973638267
3708,148.28,0.98,1,-0.086,0.301,0.066,-0.024,-0.037,0.01,0.0,0.0,0.06,0.14,2.44,0.37,0.77,0.69,0.14,0.01,0.0,0.0,0.0,1.09,0.8,0.13,0.0,0.0,0.0,0.0,1.0,1.0,1.0,0.0,1.0,1.0,0.0,0.0,0.0,0.0,1.0,0.0,0.0,0.0,0.20991543317068911,19.402319448972968,19.312690128513896
3709,148.32,0.98,1,-0.084,0.276,0.053,-0.026,-0.032,0.0,0.0,0.0,0.08,0.17,2.43,0.46,0.72,0.77,0.12,0.01,0.0,0.0,0.0,1.32,0.84,0.06,0.0,0.0,0.0,0.0,1.0,1.0,1.0,0.0,1.0,1.0,0.0,0.0,0.0,0.0,1.0,0.0,0.0,0.0,0.21165948069032553,19.10235587565066,19.50640920313116
3710,148.36,0.98,1,-0.1,0.295,0.072,-0.015,-0.029,0.0,0.0,0.0,0.02,0.27,2.51,0.42,0.78,0.9,0.22,0.0,0.0,0.0,0.0,1.59,0.75,0.12,0.0,0.0,0.0,0.0,1.0,1.0,1.0,0.0,1.0,1.0,0.0,0.0,0.0,0.0,1.0,0.0,0.0,0.0,0.20671458233039858,18.70026737776767,19.812369873389656
3711,148.4,0.98,1,-0.097,0.275,0.055,-0.019,-0.019,0.0,0.0,0.0,0.05,0.27,2.49,0.42,0.89,0.96,0.16,0.0,0.0,0.0,0.0,1.71,0.74,0.07,0.0,0.0,0.0,0.0,1.0,1.0,1.0,0.0,1.0,1.0,0.0,0.0,0.0,0.0,1.0,0.0,0.0,0.0,0.2152625652765353,18.90238080242813,19.504102132628407
3712,148.44,0.98,1,-0.098,0.289,0.064,-0.018,-0.018,0.0,0.0,0.0,0.08,0.32,2.51,0.42,0.92,0.99,0.22,0.0,0.0,0.0,0.0,1.71,0.69,0.14,0.0,0.0,0.0,0.0,1.0,1.0,1.0,0.0,1.0,1.0,0.0,0.0,0.0,0.0,1.0,0.0,0.0,0.0,0.20775886883902817,18.40027173712375,19.801010075246342
3713,148.48,0.98,1,-0.1,0.279,0.053,-0.021,-0.013,0.01,0.0,0.0,0.08,0.35,2.53,0.41,0.92,0.96,0.19,0.0,0.0,0.0,0.0,1.58,0.77,0.09,0.0,0.0,0.0,0.0,1.0,1.0,1.0,0.0,1.0,1.0,0.0,0.0,0.0,0.0,1.0,0.0,0.0,0.0,0.21228043633362872,19.206509313251114,19.301036241611442
3714,148.52,0.98,1,-0.101,0.288,0.055,-0.017,-0.013,0.04,0.0,0.0,0.1,0.41,2.66,0.38,0.94,0.96,0.27,0.0,0.0,0.0,0.0,1.4,0.95,0.09,0.0,0.0,0.0,0.0,1.0,1.0,1.0,0.0,1.0,1.0,0.0,0.0,0.0,0.0,1.0,0.0,0.0,0.0,0.1957595675614741,19.306475597581198,19.10235587565066
3715,148.56,0.98,1,-0.097,0.287,0.057,-0.015,-0.015,0.15,0.02,0.0,0.17,0.49,2.67,0.41,1.07,1.0,0.32,0.0,0.0,0.02,0.0,1.53,1.01,0.09,0.0,0.0,0.0,0.0,1.0,1.0,1.0,0.0,1.0,1.0,0.0,0.0,0.0,0.0,1.0,0.0,0.0,0.0,0.200640092787154,19.202343606966355,19.00026315607234
3716,148.6,0.98,1,-0.102,0.293,0.061,-0.011,-0.019,0.23,0.06,0.0,0.22,0.58,2.76,0.52,1.07,1.16,0.34,0.03,0.0,0.02,0.0,2.01,1.14,0.15,0.0,0.0,0.0,0.0,1.0,1.0,1.0,0.0,1.0,1.0,0.0,0.0,0.0,0.0,1.0,1.0,0.0,0.0,0.20174570544503723,18.800265955565582,19.50102561405425
3717,148.64,0.98,1,-0.117,0.335,0.076,-0.001,-0.013,0.2,0.06,0.0,0.18,0.69,2.77,0.65,1.04,1.33,0.22,0.03,0.0,0.02,0.0,2.59,1.31,0.2,0.0,0.0,0.0,0.0,1.0,1.0,1.0,1.0,1.0,1.0,0.0,0.0,0.0,0.0,1.0,1.0,0.0,0.0,0.17216612997508735,20.300985197768068,18.400271737123976
3718,148.68,0.98,1,-0.12,0.324,0.069,-0.01,0.016,0.09,0.04,0.0,0.07,0.74,2.91,0.66,0.96,1.53,0.22,0.03,0.0,0.0,0.0,2.79,1.43,0.23,0.0,0.0,0.0,0.0,1.0,1.0,1.0,1.0,1.0,1.0,0.0,0.0,0.0,0.0,1.0,1.0,0.0,0.0,0.16739878996259067,20.20396000787946,17.906981878585885
3719,148.72,0.98,1,-0.122,0.325,0.067,-0.001,0.004,0.0,0.0,0.0,0.01,0.76,2.81,0.59,0.95,1.66,0.13,0.0,0.0,0.0,0.0,2.86,1.57,0.15,0.0,0.0,0.0,0.0,1.0,1.0,1.0,1.0,1.0,1.0,0.0,0.0,0.0,0.0,1.0,1.0,0.0,1.0,0.165727644786394,20.308865059377347,18.10994202088998
3720,148.76,0.98,1,-0.114,0.303,0.078,-0.012,0.026,0.0,0.0,0.0,0.06,0.79,2.83,0.51,0.86,1.74,0.23,0.0,0.0,0.0,0.0,2.74,1.5,0.32,0.0,0.0,0.0,0.0,1.0,1.0,1.0,1.0,1.0,1.0,0.0,0.0,0.0,0.0,1.0,1.0,0.0,1.0,0.20878775440661204,19.400257730246647,18.82153022471867
3721,148.8,0.98,1,-0.12,0.325,0.079,0.001,0.013,0.0,0.0,0.0,0.06,0.79,2.8,0.55,0.75,1.7,0.12,0.0,0.0,0.0,0.0,2.71,1.61,0.44,0.0,0.0,0.0,0.0,1.0,1.0,1.0,1.0,1.0,1.0,0.0,0.0,0.0,0.0,1.0,1.0,0.0,1.0,0.16228039064032587,19.809088823062968,18.60671921645525
3722,148.84,0.98,1,-0.125,0.326,0.089,0.003,0.03,0.0,0.0,0.0,0.06,0.77,2.78,0.54,0.5,1.63,0.17,0.0,0.0,0.0,0.0,2.52,1.67,0.76,0.0,0.0,0.0,0.0,1.0,1.0,1.0,1.0,1.0,1.0,0.0,0.0,0.0,0.0,1.0,1.0,0.0,1.0,0.18458085671675994,19.40644222932155,18.638669480410794
3723,148.88,0.98,1,-0.145,0.338,0.101,0.016,0.032,0.0,0.0,0.0,0.0,0.69,2.49,0.55,0.36,1.54,0.07,0.0,0.0,0.0,0.0,2.52,1.79,0.71,0.0,0.0,0.0,0.0,1.0,1.0,1.0,0.0,1.0,1.0,0.0,0.0,0.0,0.0,1.0,1.0,0.0,1.0,0.1553184661938096,20.611889772652972,19.600255100380846
3724,148.92,0.98,1,-0.146,0.334,0.096,0.028,0.035,0.0,0.0,0.0,0.0,0.68,2.52,0.4,0.26,1.53,0.1,0.0,0.0,0.0,0.0,2.47,1.86,0.69,0.0,0.0,0.0,0.0,1.0,1.0,1.0,0.0,1.0,1.0,0.0,0.0,0.0,0.0,1.0,1.0,0.0,1.0,0.1820339407802587,20.00399960007998,22.41428116179513
3725,148.96,0.98,1,-0.17,0.35,0.103,0.045,0.034,0.0,0.0,0.0,0.0,0.72,2.52,0.29,0.18,1.55,0.06,0.0,0.0,0.03,0.0,2.4,1.89,0.6,0.0,0.0,0.0,0.0,1.0,1.0,1.0,0.0,1.0,1.0,0.0,0.0,0.0,0.0,1.0,1.0,0.0,1.0,0.16712493475460632,19.009471323527123,20.0
3726,149.0,0.98,1,-0.161,0.306,0.079,0.061,0.037,0.0,0.0,0.0,0.0,0.77,2.67,0.14,0.09,1.55,0.06,0.0,0.0,0.15,0.0,2.28,1.84,0.78,0.0,0.0,0.0,0.0,1.0,1.0,1.0,0.0,1.0,1.0,0.0,0.0,0.0,0.0,1.0,1.0,0.0,1.0,0.1786456312689116,20.408821622033802,21.428252378577305
3727,149.04,0.98,1,-0.171,0.314,0.078,0.077,0.035,0.0,0.0,0.0,0.0,0.79,2.55,0.07,0.02,1.52,0.04,0.0,0.0,0.27,0.0,2.18,1.72,0.99,0.0,0.0,0.0,0.0,1.0,1.0,1.0,0.0,1.0,1.0,0.0,0.0,0.0,0.0,1.0,1.0,0.0,1.0,0.17197888817816503,19.70634415613413,21.405840324546922
3728,149.08,0.98,1,-0.194,0.323,0.071,0.094,0.031,0.0,0.0,0.0,0.0,0.77,2.32,0.04,0.05,1.47,0.14,0.0,0.0,0.26,0.0,2.15,1.56,1.09,0.0,0.0,0.0,0.0,1.0,1.0,1.0,0.0,1.0,1.0,0.0,0.0,0.0,0.0,1.0,1.0,0.0,0.0,0.17217642657660798,19.509228585466932,21.503720608304043
3729,149.12,0.98,1,-0.205,0.325,0.066,0.114,0.025,0.0,0.0,0.0,0.0,0.76,2.24,0.02,0.16,1.47,0.28,0.0,0.0,0.16,0.0,2.16,1.47,1.09,0.0,0.0,0.0,0.0,1.0,1.0,1.0,0.0,1.0,1.0,0.0,0.0,0.0,0.0,1.0,1.0,0.0,0.0,0.16735404216644328,20.11591409804676,22.302017845925917
3730,149.16,0.98,1,-0.22,0.339,0.068,0.136,0.02,0.0,0.0,0.0,0.0,0.73,2.08,0.02,0.25,1.46,0.4,0.0,0.0,0.11,0.0,2.18,1.44,1.03,0.0,0.0,0.0,0.0,1.0,1.0,1.0,0.0,1.0,1.0,0.0,0.0,0.0,0.0,1.0,1.0,0.0,0.0,0.1625202904404221,20.235612172603073,21.223571801183635
3731,149.2,0.98,1,-0.234,0.334,0.07,0.154,0.021,0.06,0.0,0.0,0.0,0.69,2.02,0.0,0.37,1.43,0.56,0.0,0.0,0.2,0.0,2.31,1.48,1.12,0.0,0.0,0.0,0.0,1.0,1.0,1.0,0.0,1.0,1.0,0.0,0.0,0.0,1.0,1.0,1.0,0.0,0.0,0.1608607898024263,20.3415830259102,21.205895406702286
3732,149.24,0.98,1,-0.246,0.331,0.071,0.165,0.023,0.07,0.0,0.0,0.0,0.69,1.84,0.0,0.42,1.41,0.71,0.0,0.0,0.23,0.0,2.42,1.52,1.18,0.0,0.0,0.0,0.0,1.0,1.0,1.0,0.0,1.0,1.0,0.0,0.0,0.0,1.0,1.0,1.0,0.0,0.0,0.16904711311471554,20.435263639111774,22.108143296079863
3733,149.28,0.98,1,-0.244,0.339,0.068,0.165,0.027,0.2,0.03,0.0,0.0,0.56,1.44,0.0,0.47,1.4,0.75,0.0,0.0,0.25,0.0,2.53,1.54,1.62,0.0,0.0,0.0,0.0,1.0,1.0,1.0,0.0,1.0,1.0,0.0,0.0,0.0,1.0,1.0,1.0,0.0,0.0,0.15577171893239578,19.900753754569152,22.10565538499144
3734,149.32,0.98,1,-0.184,0.405,0.069,0.158,0.032,0.25,0.03,0.0,0.0,0.4,1.07,0.0,0.34,1.44,0.67,0.0,0.0,0.38,0.0,2.48,1.44,2.05,0.0,0.0,0.0,0.0,1.0,1.0,1.0,0.0,1.0,1.0,0.0,0.0,0.0,0.0,1.0,1.0,0.0,1.0,0.17942996140545564,18.552897347853783,20.811775512915712
3735,149.36,0.98,1,-0.149,0.473,0.074,0.13,0.026,0.23,0.03,0.0,0.0,0.2,0.7,0.0,0.3,1.47,0.57,0.0,0.0,0.49,0.0,2.38,1.37,2.35,0.0,0.0,0.0,0.0,1.0,1.0,1.0,0.0,1.0,1.0,0.0,0.0,0.0,0.0,1.0,1.0,0.0,1.0,0.16017307755392227,17.194475857088438,19.40231944897308
3736,149.4,0.98,1,-0.069,0.45,0.056,0.077,0.027,0.11,0.0,0.0,0.0,0.19,0.94,0.06,0.21,1.46,0.58,0.0,0.0,0.43,0.0,2.27,1.43,2.27,0.0,0.0,0.0,0.0,1.0,1.0,1.0,0.0,1.0,1.0,0.0,0.0,0.0,0.0,1.0,1.0,0.0,1.0,0.15138894745450554,17.428711943227338,18.61316738225917
3737,149.44,0.98,1,-0.037,0.394,0.066,0.034,0.017,0.0,0.0,0.0,0.0,0.28,1.57,0.2,0.33,1.5,0.48,0.0,0.0,0.18,0.0,2.24,1.55,1.85,0.0,0.0,0.0,0.0,1.0,1.0,1.0,0.0,1.0,1.0,0.0,0.0,0.0,0.0,1.0,1.0,0.0,1.0,0.1595691701143186,20.35534327885451,19.742846805868744
3738,149.48,0.98,1,0.003,0.358,0.079,-0.008,0.01,0.0,0.0,0.0,0.0,0.43,2.27,0.26,0.48,1.56,0.48,0.0,0.0,0.03,0.0,2.22,1.54,1.25,0.0,0.0,0.0,0.0,1.0,1.0,1.0,0.0,1.0,1.0,0.0,0.0,0.0,0.0,1.0,1.0,0.0,1.0,0.15498132985826796,18.304371062672388,19.457903278616726
3739,149.52,0.98,1,0.024,0.321,0.061,-0.041,-0.004,0.0,0.0,0.0,0.0,0.53,2.66,0.35,0.69,1.67,0.52,0.0,0.0,0.01,0.0,2.21,1.42,0.59,0.0,0.0,0.0,0.0,1.0,1.0,1.0,0.0,1.0,1.0,0.0,0.0,0.0,0.0,1.0,1.0,0.0,1.0,0.16744635509056294,18.604300578092293,18.73846311734241
3740,149.56,0.98,1,0.024,0.323,0.068,-0.037,-0.038,0.0,0.0,0.0,0.0,0.57,2.83,0.3,0.82,1.73,0.62,0.0,0.0,0.01,0.0,2.16,1.2,0.17,0.0,0.0,0.0,0.0,1.0,1.0,1.0,1.0,1.0,1.0,0.0,0.0,0.0,0.0,1.0,1.0,0.0,1.0,0.17770108875919743,18.600000000000136,19.520758181996932
3741,149.6,0.98,1,0.039,0.32,0.065,-0.041,-0.047,0.0,0.0,0.0,0.0,0.53,2.72,0.31,0.85,1.75,0.65,0.0,0.0,0.0,0.0,2.13,1.07,0.07,0.0,0.0,0.0,0.0,1.0,1.0,1.0,1.0,1.0,1.0,0.0,0.0,0.0,0.0,1.0,1.0,0.0,0.0,0.18346366707967252,19.301036241611666,20.120139164528794
3742,149.64,0.98,1,0.032,0.301,0.056,-0.038,-0.048,0.0,0.0,0.0,0.0,0.53,2.79,0.21,0.84,1.8,0.54,0.0,0.0,0.0,0.0,2.15,0.98,0.0,0.0,0.0,0.0,0.0,1.0,1.0,0.0,1.0,1.0,1.0,0.0,0.0,0.0,0.0,1.0,1.0,0.0,0.0,0.1900663052853252,19.309324172533803,20.729206448873096
3743,149.68,0.98,1,0.029,0.315,0.067,-0.039,-0.052,0.0,0.0,0.0,0.0,0.56,2.72,0.15,0.87,1.84,0.53,0.0,0.0,0.0,0.0,2.2,0.96,0.02,0.0,0.0,0.0,0.0,1.0,1.0,0.0,1.0,1.0,1.0,0.0,0.0,0.0,0.0,1.0,1.0,0.0,0.0,0.18819847959663427,20.015993605114883,20.824024587000423
3744,149.72,0.98,1,0.021,0.306,0.062,-0.041,-0.051,0.0,0.0,0.0,0.0,0.58,2.9,0.12,0.86,1.88,0.58,0.0,0.0,0.0,0.0,2.22,0.97,0.11,0.0,0.0,0.0,0.0,1.0,1.0,0.0,1.0,1.0,1.0,0.0,0.0,0.0,0.0,1.0,1.0,0.0,0.0,0.19390442319057832,20.435263639111774,21.41144553737566
3745,149.76,0.98,1,0.022,0.317,0.067,-0.042,-0.053,0.0,0.0,0.0,0.0,0.59,2.79,0.09,0.92,1.9,0.68,0.0,0.0,0.0,0.0,2.14,0.84,0.17,0.0,0.0,0.0,0.0,1.0,1.0,0.0,1.0,1.0,1.0,0.0,0.0,0.0,0.0,1.0,1.0,0.0,0.0,0.1913670892755222,21.04019961882491,21.405840324547036
3746,149.8,0.98,1,0.029,0.303,0.058,-0.043,-0.053,0.0,0.0,0.0,0.0,0.53,2.73,0.08,0.88,1.88,0.77,0.0,0.0,0.0,0.0,2.03,0.73,0.18,0.0,0.0,0.0,0.0,1.0,1.0,0.0,1.0,1.0,1.0,0.0,0.0,0.0,0.0,1.0,1.0,0.0,0.0,0.1975069376631235,20.854016399724973,22.003636063160105
3747,149.84,0.98,1,0.026,0.303,0.056,-0.044,-0.053,0.0,0.0,0.0,0.0,0.51,2.69,0.09,0.87,1.88,0.85,0.0,0.0,0.0,0.0,1.95,0.61,0.13,0.0,0.0,0.0,0.0,1.0,1.0,0.0,1.0,1.0,1.0,0.0,0.0,0.0,0.0,1.0,1.0,0.0,0.0,0.20405722721516817,21.552262062252307,22.003636063160105
3748,149.88,0.98,1,0.021,0.305,0.054,-0.044,-0.053,0.0,0.0,0.0,0.0,0.46,2.57,0.12,0.84,1.88,0.95,0.0,0.0,0.0,0.0,1.95,0.55,0.06,0.0,0.0,0.0,0.0,1.0,1.0,0.0,1.0,1.0,1.0,0.0,0.0,0.0,0.0,1.0,0.0,0.0,0.0,0.20693338243729414,21.345959805077822,22.0081802973349
3749,149.92,0.98,1,0.023,0.297,0.048,-0.045,-0.052,0.0,0.0,0.0,0.0,0.48,2.52,0.14,0.93,1.91,0.94,0.0,0.0,0.0,0.0,1.96,0.51,0.03,0.0,0.0,0.0,0.0,1.0,1.0,0.0,1.0,1.0,1.0,0.0,0.0,0.0,0.0,1.0,0.0,0.0,0.0,0.2045183956310545,21.33963448609179,21.803669415949187
3750,149.96,0.98,1,0.02,0.303,0.047,-0.05,-0.05,0.0,0.0,0.0,0.03,0.55,2.36,0.15,1.03,1.98,0.92,0.0,0.0,0.0,0.0,1.96,0.53,0.0,0.0,0.0,0.0,0.0,1.0,1.0,0.0,1.0,1.0,1.0,0.0,0.0,0.0,0.0,1.0,0.0,0.0,0.0,0.20629991041192297,21.433618453261555,22.008180297334896
3751,150.0,0.98,1,0.024,0.281,0.039,-0.048,-0.048,0.0,0.0,0.0,0.03,0.58,2.48,0.18,1.13,2.0,0.93,0.0,0.0,0.0,0.0,1.94,0.5,0.0,0.0,0.0,0.0,0.0,1.0,1.0,0.0,1.0,1.0,1.0,0.0,0.0,0.0,0.0,1.0,0.0,0.0,0.0,0.21432839773833468,21.539266468475667,21.603703386225153
3752,150.04,0.98,1,0.024,0.304,0.048,-0.052,-0.049,0.0,0.0,0.0,0.03,0.59,2.55,0.22,1.14,2.04,0.97,0.0,0.0,0.0,0.0,1.9,0.51,0.0,0.0,0.0,0.0,0.0,1.0,1.0,0.0,1.0,1.0,1.0,0.0,0.0,0.0,0.0,1.0,0.0,0.0,0.0,0.20637281558105763,21.533462331914944,21.508370463612533
3753,150.08,0.98,1,0.027,0.292,0.039,-0.049,-0.049,0.0,0.0,0.0,0.0,0.56,2.62,0.21,1.19,2.03,0.92,0.0,0.0,0.0,0.0,1.91,0.53,0.0,0.0,0.0,0.0,0.0,1.0,1.0,0.0,1.0,1.0,1.0,0.0,0.0,0.0,0.0,1.0,0.0,0.0,0.0,0.2088037674660632,21.93855054464638,21.608331726442838
3754,150.12,0.98,1,0.02,0.306,0.048,-0.05,-0.051,0.0,0.0,0.0,0.0,0.56,2.68,0.22,1.21,2.01,0.77,0.0,0.0,0.0,0.0,1.95,0.6,0.0,0.0,0.0,0.0,0.0,1.0,1.0,0.0,1.0,1.0,1.0,0.0,0.0,0.0,0.0,1.0,0.0,0.0,0.0,0.20375220811714237,21.733154395991207,21.60370338622538
3755,150.16,0.98,1,0.015,0.31,0.047,-0.047,-0.049,0.0,0.0,0.0,0.0,0.55,2.66,0.23,1.23,1.98,0.62,0.0,0.0,0.0,0.0,1.93,0.58,0.0,0.0,0.0,0.0,0.0,1.0,1.0,0.0,1.0,1.0,1.0,0.0,0.0,0.0,0.0,1.0,0.0,0.0,0.0,0.20186987633287107,21.639085008382313,22.0081802973349
3756,150.2,0.98,1,0.016,0.307,0.048,-0.05,-0.046,0.0,0.0,0.0,0.0,0.52,2.64,0.25,1.16,1.85,0.56,0.0,0.0,0.0,0.0,1.91,0.54,0.0,0.0,0.0,0.0,0.0,1.0,1.0,0.0,1.0,1.0,1.0,0.0,0.0,0.0,0.0,1.0,0.0,0.0,0.0,0.20268923180864665,22.132555207205428,21.200943375236683
3757,150.24,0.98,1,0.022,0.315,0.051,-0.055,-0.044,0.01,0.0,0.0,0.0,0.43,2.39,0.27,1.22,1.58,0.44,0.0,0.0,0.0,0.0,1.78,0.61,0.0,0.0,0.0,0.0,0.0,1.0,1.0,0.0,0.0,1.0,1.0,0.0,0.0,0.0,0.0,1.0,0.0,0.0,0.0,0.20722023539553827,22.127358631341338,21.60208323287354
3758,150.28,0.98,1,0.026,0.322,0.054,-0.058,-0.042,0.05,0.0,0.0,0.0,0.28,2.39,0.26,1.11,1.14,0.28,0.0,0.0,0.0,0.0,1.47,0.52,0.0,0.0,0.0,0.0,0.0,1.0,1.0,0.0,0.0,1.0,1.0,0.0,0.0,0.0,0.0,1.0,0.0,0.0,0.0,0.20299681083919036,22.42231031807369,22.303587155433046
3759,150.32,0.98,1,0.023,0.323,0.056,-0.059,-0.042,0.18,0.0,0.0,0.0,0.12,2.47,0.26,1.04,0.79,0.08,0.04,0.01,0.0,0.0,1.1,0.41,0.0,0.0,0.0,0.0,0.0,1.0,1.0,0.0,0.0,1.0,1.0,0.0,0.0,0.0,0.0,1.0,0.0,0.0,0.0,0.2105859198794814,22.610838109189935,22.710790386950475
3760,150.36,0.98,1,0.028,0.325,0.05,-0.055,-0.04,0.17,0.0,0.0,0.0,0.04,2.7,0.3,0.96,0.66,0.0,0.07,0.07,0.0,0.0,0.9,0.24,0.0,0.0,0.0,0.0,0.0,1.0,1.0,0.0,0.0,1.0,1.0,0.0,0.0,0.0,0.0,1.0,0.0,0.0,0.0,0.20687618329682775,22.114474897677223,22.327113561766062
3761,150.4,0.98,1,0.023,0.32,0.047,-0.053,-0.041,0.13,0.0,0.0,0.06,0.12,2.65,0.41,1.09,0.75,0.01,0.09,0.07,0.0,0.0,1.16,0.32,0.0,0.0,0.0,0.0,0.0,1.0,1.0,0.0,0.0,1.0,1.0,0.0,0.0,0.0,0.0,1.0,0.0,0.0,0.0,0.20570330852852103,21.908217636311814,21.908217636311814
3762,150.44,0.98,1,0.003,0.318,0.052,-0.057,-0.041,0.0,0.0,0.0,0.15,0.24,2.53,0.49,1.29,0.98,0.03,0.05,0.07,0.0,0.0,1.62,0.35,0.0,0.0,0.0,0.0,0.0,1.0,1.0,1.0,0.0,1.0,1.0,0.0,0.0,0.0,0.0,1.0,0.0,0.0,0.0,0.20375302127928585,21.903652663425888,21.711287386979194
3763,150.48,0.98,1,0.008,0.312,0.05,-0.058,-0.043,0.05,0.0,0.0,0.27,0.4,2.59,0.47,1.4,1.16,0.03,0.09,0.0,0.0,0.0,2.1,0.39,0.0,0.0,0.0,0.0,0.0,1.0,1.0,1.0,1.0,1.0,1.0,0.0,0.0,0.0,0.0,1.0,1.0,0.0,0.0,0.20555354031281065,21.911184358678653,21.102132593650246
3764,150.52,0.98,1,0.0,0.309,0.053,-0.059,-0.04,0.2,0.05,0.0,0.21,0.49,2.53,0.42,1.45,1.32,0.07,0.07,0.0,0.0,0.0,2.39,0.29,0.19,0.0,0.0,0.0,0.0,1.0,1.0,1.0,1.0,1.0,1.0,0.0,0.0,0.0,0.0,1.0,1.0,0.0,0.0,0.20115997506356842,22.118318200080363,20.700966161027182
3765,150.56,0.98,1,0.001,0.312,0.054,-0.055,-0.04,0.51,0.05,0.0,0.12,0.36,1.99,0.32,1.48,1.37,0.17,0.11,0.0,0.0,0.0,2.48,0.39,0.84,0.0,0.0,0.0,0.0,1.0,1.0,1.0,1.0,1.0,1.0,0.0,0.0,0.0,0.0,1.0,1.0,0.0,1.0,0.18635690115681497,17.64086165695987,18.445866745696804
3766,150.6,0.98,1,0.05,0.396,0.036,-0.071,-0.03,0.78,0.05,0.0,0.0,0.19,1.17,0.26,1.47,1.45,0.27,0.05,0.0,0.0,0.0,2.55,0.37,1.57,1.0,0.0,0.0,0.0,1.0,1.0,1.0,1.0,1.0,1.0,0.0,0.0,0.0,0.0,1.0,1.0,0.0,1.0,0.16399235607453216,16.26345596729072,19.216659439142944
3767,150.64,0.98,1,-0.001,0.454,0.049,-0.058,-0.033,0.78,0.0,0.0,0.0,0.02,0.75,0.19,1.47,1.44,0.46,0.05,0.0,0.0,0.0,2.43,0.43,2.06,1.0,0.0,0.0,0.0,1.0,1.0,1.0,1.0,1.0,1.0,0.0,0.0,0.0,0.0,1.0,1.0,0.0,1.0,0.15668408418940583,15.740711546814024,19.33726971420728
3768,150.68,0.98,1,0.012,0.393,0.027,-0.063,-0.025,0.71,0.06,0.0,0.04,0.07,1.06,0.28,1.34,1.39,0.41,0.0,0.0,0.0,0.0,2.27,0.4,1.67,1.0,0.0,0.0,0.0,1.0,1.0,1.0,1.0,1.0,1.0,0.0,0.0,0.0,0.0,1.0,0.0,0.0,1.0,0.16476606348975908,18.034688796871304,20.535091916034858
3769,150.72,0.98,1,0.013,0.338,0.036,-0.049,-0.031,0.52,0.06,0.0,0.05,0.15,1.56,0.34,1.27,1.3,0.52,0.0,0.0,0.0,0.0,1.83,0.38,1.11,1.0,0.0,0.0,0.0,1.0,1.0,0.0,1.0,1.0,1.0,0.0,0.0,0.0,0.0,1.0,0.0,0.0,1.0,0.1726878483165739,18.66869036649322,20.861447696648433
3770,150.76,0.98,1,-0.003,0.322,0.027,-0.05,-0.026,0.42,0.06,0.0,0.05,0.26,2.19,0.43,1.17,1.19,0.51,0.03,0.0,0.0,0.0,1.54,0.44,0.52,0.0,0.0,0.0,0.0,1.0,1.0,0.0,1.0,1.0,1.0,1.0,0.0,0.0,0.0,1.0,0.0,0.0,1.0,0.16785035600166437,16.119863522995608,19.42575609854102
3771,150.8,0.98,1,0.004,0.35,0.049,-0.049,-0.029,0.28,0.0,0.0,0.02,0.33,2.51,0.38,1.18,1.14,0.53,0.12,0.02,0.0,0.0,1.27,0.59,0.26,0.0,0.0,0.0,0.0,1.0,1.0,1.0,0.0,1.0,1.0,1.0,0.0,0.0,0.0,1.0,0.0,0.0,1.0,0.16708869170434637,16.50272704737008,16.929559947027656
3772,150.84,0.98,1,0.011,0.325,0.045,-0.046,-0.03,0.17,0.0,0.0,0.01,0.33,2.63,0.39,1.14,1.1,0.51,0.18,0.06,0.0,0.0,1.17,0.76,0.27,0.0,0.0,0.0,0.0,1.0,1.0,1.0,0.0,1.0,1.0,1.0,0.0,0.0,0.0,1.0,0.0,0.0,1.0,0.1631147334567888,17.43473544393477,18.03357978882729
3773,150.88,0.98,1,0.014,0.324,0.045,-0.046,-0.031,0.23,0.0,0.0,0.02,0.34,2.69,0.44,1.13,1.12,0.47,0.2,0.09,0.0,0.0,1.11,0.87,0.26,0.0,0.0,0.0,0.0,1.0,1.0,1.0,0.0,1.0,1.0,1.0,0.0,0.0,0.0,1.0,0.0,0.0,1.0,0.16502213621038225,18.13973538947018,18.22223915988377
3774,150.92,0.98,1,0.013,0.323,0.054,-0.043,-0.037,0.24,0.0,0.0,0.1,0.36,2.74,0.5,1.15,1.12,0.54,0.11,0.07,0.0,0.0,1.17,0.94,0.3,0.0,0.0,0.0,0.0,1.0,1.0,1.0,0.0,1.0,1.0,1.0,0.0,0.0,0.0,1.0,0.0,0.0,1.0,0.17481879049159038,18.03357978882729,18.61719635176029
3775,150.96,0.98,1,0.021,0.325,0.059,-0.039,-0.039,0.2,0.0,0.0,0.17,0.45,2.77,0.51,1.18,1.15,0.42,0.04,0.03,0.0,0.0,1.35,0.89,0.15,0.0,0.0,0.0,0.0,1.0,1.0,1.0,0.0,1.0,1.0,1.0,0.0,0.0,0.0,1.0,0.0,0.0,1.0,0.1713204763222262,18.21757393288145,18.022485955050705
3776,151.0,0.98,1,0.022,0.317,0.054,-0.04,-0.034,0.1,0.0,0.0,0.15,0.49,2.49,0.45,1.21,1.23,0.42,0.0,0.0,0.0,0.0,1.53,0.91,0.08,0.0,0.0,0.0,0.0,1.0,1.0,1.0,0.0,1.0,1.0,0.0,0.0,0.0,0.0,1.0,0.0,0.0,0.0,0.18360066972290723,18.409780009549138,19.50230755577401
3777,151.04,0.98,1,0.022,0.311,0.059,-0.04,-0.036,0.0,0.0,0.0,0.14,0.53,2.43,0.45,1.08,1.29,0.42,0.0,0.0,0.0,0.0,1.67,0.84,0.02,0.0,0.0,0.0,0.0,1.0,1.0,1.0,0.0,1.0,1.0,0.0,0.0,0.0,0.0,1.0,0.0,0.0,0.0,0.1856550853487881,18.606719216455023,19.0
3778,151.08,0.98,1,0.027,0.301,0.061,-0.039,-0.038,0.0,0.0,0.0,0.17,0.52,2.47,0.39,0.99,1.32,0.49,0.0,0.0,0.0,0.0,1.74,0.91,0.0,0.0,0.0,0.0,0.0,1.0,1.0,1.0,0.0,1.0,1.0,0.0,0.0,0.0,0.0,1.0,0.0,0.0,0.0,0.19050575610521597,18.800265955565582,19.404123273160135
3779,151.12,0.98,1,0.025,0.294,0.057,-0.037,-0.038,0.0,0.0,0.0,0.25,0.56,2.61,0.35,0.98,1.37,0.54,0.0,0.0,0.0,0.0,1.77,0.93,0.0,0.0,0.0,0.0,0.0,1.0,1.0,1.0,0.0,1.0,1.0,0.0,0.0,0.0,0.0,1.0,0.0,0.0,0.0,0.19740427494364168,19.200000000000045,19.701015202267946
3780,151.16,0.98,1,0.023,0.3,0.056,-0.036,-0.04,0.0,0.0,0.0,0.24,0.56,2.66,0.26,1.02,1.4,0.49,0.0,0.0,0.0,0.0,1.7,0.92,0.0,0.0,0.0,0.0,0.0,1.0,1.0,0.0,0.0,1.0,1.0,0.0,0.0,0.0,0.0,1.0,0.0,0.0,0.0,0.19317419235602762,19.300259065618736,19.902261178067043
3781,151.2,0.98,1,0.024,0.285,0.044,-0.036,-0.038,0.0,0.0,0.0,0.2,0.57,2.65,0.28,0.97,1.42,0.61,0.0,0.0,0.0,0.0,1.58,0.75,0.0,0.0,0.0,0.0,0.0,1.0,1.0,0.0,0.0,1.0,1.0,0.0,0.0,0.0,0.0,1.0,0.0,0.0,0.0,0.1965565622925441,19.401030900444532,20.40612653102013
3782,151.24,0.98,1,0.023,0.291,0.045,-0.037,-0.039,0.0,0.0,0.0,0.19,0.53,2.66,0.26,0.88,1.42,0.61,0.0,0.0,0.0,0.0,1.54,0.59,0.0,0.0,0.0,0.0,0.0,1.0,1.0,0.0,0.0,1.0,1.0,0.0,0.0,0.0,0.0,1.0,0.0,0.0,0.0,0.20324281503343417,19.301036241611442,19.800252523642172
3783,151.28,0.98,1,0.02,0.288,0.045,-0.036,-0.039,0.0,0.0,0.0,0.18,0.51,2.52,0.28,0.86,1.44,0.74,0.0,0.0,0.0,0.0,1.49,0.51,0.0,0.0,0.0,0.0,0.0,1.0,1.0,0.0,0.0,1.0,1.0,0.0,0.0,0.0,0.0,1.0,0.0,0.0,0.0,0.2062284925107274,19.200000000000045,19.801010075246115
3784,151.32,0.98,1,0.023,0.298,0.044,-0.035,-0.039,0.0,0.0,0.0,0.12,0.48,2.45,0.24,0.86,1.45,0.72,0.0,0.0,0.0,0.0,1.54,0.51,0.0,0.0,0.0,0.0,0.0,1.0,1.0,0.0,0.0,1.0,1.0,0.0,0.0,0.0,0.0,1.0,0.0,0.0,0.0,0.19214308896301546,19.5,19.90226117806727
3785,151.36,0.98,1,0.014,0.298,0.044,-0.037,-0.038,0.0,0.0,0.0,0.05,0.46,2.36,0.22,0.87,1.46,0.74,0.0,0.0,0.0,0.0,1.52,0.55,0.04,0.0,0.0,0.0,0.0,1.0,1.0,0.0,0.0,1.0,1.0,0.0,0.0,0.0,0.0,1.0,0.0,0.0,0.0,0.19822167428686938,19.600255100380846,19.600255100380846
3786,151.4,0.98,1,0.02,0.302,0.049,-0.03,-0.041,0.0,0.0,0.0,0.1,0.43,2.39,0.2,0.83,1.47,0.71,0.0,0.0,0.0,0.0,1.55,0.56,0.06,0.0,0.0,0.0,0.0,1.0,1.0,0.0,0.0,1.0,1.0,0.0,0.0,0.0,0.0,1.0,0.0,0.0,0.0,0.19315430306746795,20.100248754679765,19.200260414900672
3787,151.44,0.98,1,0.014,0.299,0.046,-0.027,-0.039,0.0,0.0,0.0,0.1,0.4,2.35,0.24,0.88,1.47,0.67,0.0,0.0,0.0,0.0,1.51,0.62,0.11,0.0,0.0,0.0,0.0,1.0,1.0,0.0,0.0,1.0,1.0,0.0,0.0,0.0,0.0,1.0,0.0,0.0,0.0,0.19277463002041423,19.900251254695117,19.90100499974822
3788,151.48,0.98,1,-0.001,0.304,0.046,-0.026,-0.033,0.02,0.0,0.0,0.17,0.38,2.43,0.28,0.89,1.43,0.79,0.0,0.0,0.0,0.0,1.4,0.68,0.14,0.0,0.0,0.0,0.0,1.0,1.0,0.0,0.0,1.0,1.0,0.0,0.0,0.0,0.0,1.0,0.0,0.0,0.0,0.19367024010817285,20.200000000000045,19.90100499974822
3789,151.52,0.98,1,-0.008,0.315,0.063,-0.023,-0.035,0.07,0.0,0.0,0.08,0.37,2.49,0.25,0.91,1.43,0.89,0.0,0.0,0.0,0.0,1.38,0.73,0.12,0.0,0.0,0.0,0.0,1.0,1.0,0.0,0.0,1.0,1.0,0.0,0.0,0.0,0.0,1.0,0.0,0.0,0.0,0.19871154157263038,19.70228413154175,19.901004999748217
3790,151.56,0.98,1,-0.003,0.311,0.053,-0.022,-0.031,0.07,0.0,0.0,0.08,0.37,2.55,0.27,0.86,1.41,0.9,0.0,0.0,0.0,0.0,1.44,0.77,0.09,0.0,0.0,0.0,0.0,1.0,1.0,1.0,0.0,1.0,1.0,0.0,0.0,0.0,0.0,1.0,0.0,0.0,0.0,0.19402190388469437,19.899999999999864,19.09999999999991
3791,151.6,0.98,1,0.005,0.311,0.058,-0.021,-0.034,0.05,0.0,0.0,0.0,0.4,2.5,0.28,0.9,1.46,0.81,0.0,0.0,0.0,0.0,1.59,0.74,0.02,0.0,0.0,0.0,0.0,1.0,1.0,1.0,0.0,1.0,1.0,0.0,0.0,0.0,0.0,1.0,0.0,0.0,0.0,0.19143508980172202,20.00224987345174,19.001052602421794
3792,151.64,0.98,1,0.011,0.302,0.055,-0.021,-0.034,0.01,0.0,0.0,0.02,0.42,2.39,0.38,0.95,1.47,0.72,0.0,0.0,0.0,0.0,1.62,0.7,0.07,0.0,0.0,0.0,0.0,1.0,1.0,1.0,0.0,1.0,1.0,0.0,0.0,0.0,0.0,1.0,0.0,0.0,0.0,0.19236258419906616,20.200247523235763,19.201041638411226
3793,151.68,0.98,1,0.0,0.306,0.06,-0.015,-0.034,0.01,0.0,0.0,0.08,0.49,2.39,0.34,0.98,1.55,0.72,0.0,0.0,0.0,0.0,1.68,0.68,0.22,0.0,0.0,0.0,0.0,1.0,1.0,1.0,1.0,1.0,1.0,0.0,0.0,0.0,0.0,1.0,0.0,0.0,0.0,0.1919533186303936,20.302216627747775,19.504102132628407
3794,151.72,0.98,1,-0.012,0.307,0.06,-0.013,-0.039,0.01,0.0,0.0,0.21,0.55,2.52,0.29,0.99,1.63,0.69,0.0,0.0,0.0,0.0,1.8,0.67,0.23,0.0,0.0,0.0,0.0,1.0,1.0,1.0,1.0,1.0,1.0,0.0,0.0,0.0,0.0,1.0,0.0,0.0,0.0,0.18779187416012694,20.09999999999991,19.500256408570632
3795,151.76,0.98,1,-0.006,0.3,0.059,-0.01,-0.042,0.0,0.0,0.0,0.19,0.65,2.78,0.21,1.07,1.75,0.65,0.0,0.0,0.0,0.0,1.94,0.72,0.18,0.0,0.0,0.0,0.0,1.0,1.0,1.0,1.0,1.0,1.0,0.0,0.0,0.0,0.0,1.0,1.0,0.0,0.0,0.18565619583012355,20.10099500024803,20.000249998437518
3796,151.8,0.98,1,-0.006,0.303,0.062,-0.009,-0.044,0.03,0.0,0.0,0.2,0.73,2.83,0.18,1.12,1.85,0.66,0.0,0.0,0.0,0.0,2.09,0.73,0.2,0.0,0.0,0.0,0.0,1.0,1.0,1.0,1.0,1.0,1.0,0.0,0.0,0.0,0.0,1.0,1.0,0.0,0.0,0.18423655582631676,20.0,20.20024752323599
3797,151.84,0.98,1,-0.006,0.294,0.056,-0.011,-0.044,0.09,0.0,0.0,0.07,0.77,2.65,0.15,1.14,1.96,0.7,0.0,0.0,0.0,0.0,2.25,0.73,0.38,0.0,0.0,0.0,0.0,1.0,1.0,1.0,1.0,1.0,1.0,0.0,0.0,0.0,0.0,1.0,1.0,0.0,0.0,0.18621269842042185,20.20024752323599,20.300246303924446
3798,151.88,0.98,1,-0.015,0.295,0.07,-0.0,-0.031,0.09,0.0,0.0,0.06,0.76,2.56,0.11,1.04,1.98,0.74,0.0,0.0,0.0,0.0,2.43,0.86,0.45,0.0,0.0,0.0,0.0,1.0,1.0,1.0,1.0,1.0,1.0,0.0,0.0,0.0,0.0,1.0,1.0,0.0,0.0,0.18668368547941752,20.20618717126024,21.500930212434994
3799,151.92,0.98,1,-0.022,0.306,0.073,-0.022,-0.014,0.06,0.0,0.0,0.1,0.73,2.54,0.09,1.05,1.98,0.75,0.0,0.0,0.0,0.0,2.38,0.89,0.26,0.0,0.0,0.0,0.0,1.0,1.0,1.0,1.0,1.0,1.0,0.0,0.0,0.0,0.0,1.0,1.0,0.0,0.0,0.1822126966445765,20.400245096566945,20.700241544484495
3800,151.96,0.98,1,-0.02,0.294,0.071,-0.02,-0.029,0.0,0.0,0.0,0.1,0.81,2.77,0.11,1.15,2.0,0.79,0.0,0.0,0.0,0.0,2.29,0.99,0.07,0.0,0.0,0.0,0.0,1.0,1.0,1.0,1.0,1.0,1.0,0.0,0.0,0.0,0.0,1.0,1.0,0.0,0.0,0.191022200244727,20.600970850908855,20.20024752323599
3801,152.0,0.98,1,-0.015,0.325,0.073,-0.02,-0.032,0.0,0.0,0.0,0.1,0.92,3.05,0.13,1.28,2.08,0.81,0.0,0.0,0.0,0.0,2.16,0.82,0.0,0.0,0.0,0.0,0.0,1.0,1.0,1.0,1.0,1.0,1.0,0.0,0.0,0.0,0.0,1.0,1.0,0.0,0.0,0.1780722966170789,20.203960007879687,19.902261178067043
3802,152.04,0.98,1,-0.009,0.32,0.071,-0.014,-0.035,0.04,0.0,0.0,0.0,1.06,3.31,0.26,1.33,2.18,0.93,0.0,0.0,0.0,0.0,2.31,0.9,0.4,0.0,0.0,0.0,0.0,1.0,1.0,1.0,1.0,1.0,1.0,0.0,0.0,0.0,0.0,1.0,1.0,0.0,1.0,0.17269690302887097,20.00224987345174,19.90000000000009
3803,152.08,0.98,1,-0.002,0.336,0.066,-0.009,-0.021,0.08,0.0,0.0,0.0,0.94,2.69,0.29,1.41,2.3,1.11,0.0,0.0,0.0,0.0,2.43,0.81,1.25,0.0,0.0,0.0,0.0,1.0,1.0,1.0,1.0,1.0,1.0,0.0,0.0,0.0,0.0,1.0,1.0,0.0,1.0,0.1585124891629876,18.206866836443925,18.146625030566884
3804,152.12,0.98,1,-0.019,0.424,0.075,-0.04,-0.01,0.2,0.0,0.0,0.0,0.9,2.04,0.26,1.58,2.52,1.4,0.0,0.0,0.04,0.0,2.65,0.76,2.1,0.0,0.0,0.0,0.0,1.0,1.0,1.0,1.0,1.0,1.0,0.0,0.0,0.0,0.0,1.0,1.0,0.0,1.0,0.15206816125095163,18.0897761180176,17.401149387325056
3805,152.16,0.98,1,-0.012,0.414,0.079,-0.037,-0.027,0.3,0.0,0.0,0.0,0.89,1.75,0.16,1.71,2.64,1.57,0.0,0.0,0.04,0.0,2.67,0.59,2.22,0.0,0.0,0.0,0.0,1.0,1.0,1.0,1.0,1.0,1.0,0.0,0.0,0.0,0.0,1.0,1.0,0.0,1.0,0.14732547788621964,17.017931719219085,19.212756179163932
3806,152.2,0.98,1,-0.055,0.381,0.06,-0.015,-0.019,0.26,0.02,0.0,0.0,1.01,2.39,0.15,1.59,2.69,1.41,0.0,0.0,0.04,0.0,2.66,0.74,1.82,0.0,0.0,0.0,0.0,1.0,1.0,1.0,1.0,1.0,1.0,0.0,0.0,0.0,0.0,1.0,1.0,0.0,1.0,0.1525987726507527,18.560711193270585,18.809572031282325
3807,152.24,0.98,1,-0.017,0.338,0.084,-0.017,-0.002,0.14,0.02,0.0,0.0,1.12,2.96,0.23,1.42,2.65,1.26,0.0,0.0,0.0,0.0,2.55,0.82,1.38,0.0,0.0,0.0,0.0,1.0,1.0,1.0,1.0,1.0,1.0,0.0,0.0,0.0,0.0,1.0,1.0,0.0,1.0,0.16126640992621527,17.707060738586787,19.03181546778972
3808,152.28,0.98,1,-0.011,0.37,0.092,-0.014,-0.019,0.0,0.02,0.0,0.0,1.18,3.16,0.22,1.34,2.64,1.06,0.0,0.0,0.0,0.0,2.59,0.99,1.01,0.0,0.0,0.0,0.0,1.0,1.0,1.0,1.0,1.0,1.0,0.0,0.0,0.0,0.0,1.0,1.0,0.0,1.0,0.15437563609856614,17.900279327429594,17.441330224498454
3809,152.32,0.98,1,-0.009,0.34,0.095,-0.02,-0.004,0.0,0.0,0.0,0.0,1.23,3.25,0.22,1.37,2.66,1.13,0.0,0.0,0.0,0.0,2.62,1.05,0.65,0.0,0.0,0.0,0.0,1.0,1.0,1.0,1.0,1.0,1.0,0.0,0.0,0.0,0.0,1.0,1.0,0.0,1.0,0.1549398106827588,17.80449381476481,17.410341754256383
3810,152.36,0.98,1,0.005,0.339,0.097,-0.018,-0.001,0.0,0.0,0.0,0.0,1.24,3.25,0.14,1.36,2.72,1.12,0.0,0.0,0.0,0.0,2.65,1.12,0.31,0.0,0.0,0.0,0.0,1.0,1.0,1.0,1.0,1.0,1.0,0.0,0.0,0.0,0.0,1.0,1.0,0.0,0.0,0.15050741546517638,18.60026881526192,17.518276170902208
3811,152.4,0.98,1,-0.001,0.344,0.097,-0.013,-0.001,0.0,0.0,0.0,0.0,1.23,3.3,0.1,1.42,2.77,1.21,0.0,0.01,0.03,0.0,2.55,1.07,0.23,0.0,0.0,0.0,0.0,1.0,1.0,1.0,1.0,1.0,1.0,0.0,0.0,0.0,0.0,1.0,1.0,0.0,0.0,0.15280941401198028,18.50432381904294,18.039955654047485
3812,152.44,0.98,1,0.002,0.335,0.096,-0.011,-0.003,0.0,0.0,0.0,0.0,1.28,3.35,0.07,1.43,2.81,1.27,0.0,0.01,0.03,0.0,2.54,0.97,0.25,0.0,0.0,0.0,0.0,1.0,1.0,1.0,1.0,1.0,1.0,0.0,0.0,0.0,0.0,1.0,1.0,0.0,0.0,0.15299480949519753,19.004210059878837,17.92261141686678
3813,152.48,0.98,1,-0.001,0.335,0.097,-0.012,-0.004,0.0,0.0,0.0,0.0,1.32,3.38,0.09,1.45,2.84,1.33,0.0,0.01,0.03,0.0,2.54,1.0,0.3,0.0,0.0,0.0,0.0,1.0,1.0,1.0,1.0,1.0,1.0,0.0,0.0,0.0,0.0,1.0,1.0,0.0,0.0,0.15860970500607774,19.402319448973195,18.22223915988377
3814,152.52,0.98,1,-0.001,0.338,0.096,-0.014,-0.005,0.0,0.0,0.0,0.0,1.35,3.38,0.09,1.44,2.88,1.43,0.0,0.0,0.05,0.0,2.59,0.97,0.25,0.0,0.0,0.0,0.0,1.0,1.0,1.0,1.0,1.0,1.0,0.0,0.0,0.0,0.0,1.0,1.0,0.0,0.0,0.15961712071257225,19.10104709171716,18.31747799234377
3815,152.56,0.98,1,0.0,0.329,0.097,-0.011,-0.006,0.0,0.0,0.0,0.0,1.37,3.38,0.08,1.47,2.97,1.48,0.0,0.0,0.05,0.0,2.67,0.92,0.16,0.0,0.0,0.0,0.0,1.0,1.0,1.0,1.0,1.0,1.0,0.0,0.0,0.0,0.0,1.0,1.0,0.0,0.0,0.15847886360004626,19.30233146539553,18.30437106267239
3816,152.6,0.98,1,0.005,0.33,0.101,-0.01,-0.005,0.0,0.0,0.0,0.0,1.38,3.21,0.08,1.54,3.03,1.54,0.0,0.01,0.07,0.0,2.82,0.86,0.04,0.0,0.0,0.0,0.0,1.0,1.0,1.0,1.0,1.0,1.0,0.0,0.0,0.0,0.0,1.0,1.0,0.0,0.0,0.15796205772381416,19.40412327316036,18.701069488133378
3817,152.64,0.98,1,0.007,0.324,0.096,-0.008,-0.003,0.0,0.0,0.0,0.0,1.42,3.26,0.12,1.59,3.1,1.52,0.0,0.01,0.08,0.0,3.0,0.95,0.0,0.0,0.0,0.0,0.0,1.0,1.0,1.0,1.0,1.0,1.0,0.0,0.0,0.0,0.0,1.0,1.0,0.0,0.0,0.15780309640297288,19.20234360696636,18.601075237738183
3818,152.68,0.98,1,0.006,0.322,0.1,-0.007,-0.002,0.0,0.0,0.0,0.0,1.48,3.14,0.13,1.71,3.13,1.51,0.0,0.05,0.09,0.0,3.06,1.04,0.05,0.0,0.0,0.0,0.0,1.0,1.0,1.0,1.0,1.0,1.0,0.0,0.0,0.0,0.0,1.0,1.0,0.0,0.0,0.15943407892387096,19.201041638411,19.001052602421794
3819,152.72,0.98,1,0.0,0.323,0.099,-0.007,0.0,0.0,0.0,0.0,0.0,1.55,3.15,0.11,1.73,3.15,1.44,0.0,0.04,0.07,0.0,3.15,1.14,0.09,0.0,0.0,0.0,0.0,1.0,1.0,1.0,1.0,1.0,1.0,0.0,0.0,0.0,0.0,1.0,1.0,0.0,0.0,0.1551627288925152,19.602295783912794,18.90238080242813
3820,152.76,0.98,1,0.001,0.323,0.104,-0.009,0.002,0.0,0.0,0.0,0.0,1.59,3.13,0.12,1.8,3.15,1.5,0.0,0.08,0.01,0.0,3.23,1.22,0.09,0.0,0.0,0.0,0.0,1.0,1.0,1.0,1.0,1.0,1.0,0.0,0.0,0.0,0.0,1.0,1.0,0.0,0.0,0.15845539751008786,20.00399960007998,18.50027026829608
3821,152.8,0.98,1,0.006,0.329,0.112,-0.014,0.004,0.0,0.0,0.0,0.0,1.64,3.2,0.12,1.78,3.14,1.58,0.0,0.04,0.0,0.0,3.47,1.41,0.04,0.0,0.0,0.0,0.0,1.0,1.0,1.0,1.0,1.0,1.0,0.0,0.0,0.0,0.0,1.0,1.0,0.0,0.0,0.15775598269298496,19.700000000000045,18.5024322725419
3822,152.84,0.98,1,0.002,0.329,0.116,-0.015,0.005,0.0,0.0,0.0,0.0,1.65,3.2,0.13,1.8,3.09,1.72,0.0,0.04,0.0,0.0,3.54,1.55,0.0,0.0,0.0,0.0,0.0,1.0,1.0,1.0,1.0,1.0,1.0,0.0,0.0,0.0,0.0,1.0,1.0,0.0,0.0,0.15676798188723395,20.00099997500125,18.702406262296886
3823,152.88,0.98,1,0.008,0.325,0.11,-0.019,0.005,0.0,0.0,0.0,0.0,1.72,3.16,0.11,1.98,3.12,1.8,0.0,0.0,0.09,0.0,3.69,1.35,0.0,0.0,0.0,0.0,0.0,1.0,1.0,1.0,1.0,1.0,1.0,0.0,0.0,0.0,0.0,1.0,1.0,0.0,0.0,0.1585260355360249,19.604081207748692,18.9023808024279
3824,152.92,0.98,1,0.008,0.32,0.09,-0.022,-0.03,0.0,0.0,0.0,0.0,1.84,3.22,0.11,2.05,3.15,1.89,0.0,0.0,0.1,0.0,3.8,1.1,0.0,0.0,0.0,0.0,0.0,1.0,1.0,1.0,1.0,1.0,1.0,0.0,0.0,0.0,0.0,1.0,1.0,0.0,0.0,0.1583635610609065,20.20618717126024,19.504102132628407
3825,152.96,0.98,1,0.002,0.309,0.087,-0.001,-0.033,0.0,0.0,0.0,0.0,1.91,3.42,0.12,2.19,3.25,1.84,0.0,0.0,0.17,0.0,3.93,0.95,0.0,0.0,0.0,0.0,0.0,1.0,1.0,1.0,1.0,1.0,1.0,0.0,0.0,0.0,0.0,1.0,1.0,0.0,0.0,0.1547894774074529,19.70025380547169,19.704060495238075
3826,153.0,0.98,1,-0.007,0.309,0.081,-0.009,-0.012,0.0,0.0,0.0,0.0,1.94,3.56,0.08,2.07,3.26,1.7,0.0,0.0,0.08,0.0,3.98,1.19,0.0,0.0,0.0,0.0,0.0,1.0,1.0,1.0,1.0,1.0,1.0,0.0,0.0,0.0,0.0,1.0,1.0,0.0,0.0,0.1530259348503785,19.802272596851054,19.412624758131077
3827,153.04,0.98,1,0.005,0.317,0.087,-0.015,-0.006,0.0,0.0,0.0,0.0,1.96,3.39,0.05,2.16,3.27,1.68,0.0,0.0,0.12,0.0,3.98,1.18,0.0,0.0,0.0,0.0,0.0,1.0,1.0,1.0,1.0,1.0,1.0,0.0,0.0,0.0,0.0,1.0,1.0,0.0,0.0,0.15366984648368803,20.012246250733575,18.61719635176029
3828,153.08,0.98,1,0.005,0.303,0.077,-0.021,-0.039,0.0,0.0,0.0,0.0,2.04,3.29,0.03,2.12,3.25,1.72,0.0,0.0,0.05,0.0,3.98,0.98,0.0,0.0,0.0,0.0,0.0,1.0,1.0,1.0,1.0,1.0,1.0,0.0,0.0,0.0,0.0,1.0,1.0,0.0,0.0,0.15449928860934664,20.015993605114883,18.7096231923575
3829,153.12,0.98,1,-0.004,0.315,0.073,-0.002,-0.047,0.0,0.0,0.0,0.0,2.07,3.24,0.08,2.07,3.25,1.74,0.0,0.0,0.12,0.0,3.96,0.88,0.0,0.0,0.0,0.0,0.0,1.0,1.0,1.0,1.0,1.0,1.0,0.0,0.0,0.0,0.0,1.0,1.0,0.0,0.0,0.15221521229376678,19.806312125178863,18.721645226849102
3830,153.16,0.98,1,-0.006,0.315,0.074,-0.003,-0.028,0.0,0.0,0.0,0.0,2.01,3.25,0.1,1.89,3.19,1.65,0.0,0.0,0.07,0.0,3.87,1.0,0.0,0.0,0.0,0.0,0.0,1.0,1.0,1.0,1.0,1.0,1.0,0.0,0.0,0.0,0.0,1.0,1.0,0.0,0.0,0.15102458662736007,19.61249601657057,18.133394607739522
3831,153.2,0.98,1,-0.013,0.318,0.076,-0.006,-0.018,0.0,0.0,0.0,0.0,1.91,3.21,0.13,1.81,3.16,1.55,0.0,0.0,0.07,0.0,3.9,1.22,0.0,0.0,0.0,0.0,0.0,1.0,1.0,1.0,1.0,1.0,1.0,0.0,0.0,0.0,0.0,1.0,1.0,0.0,0.0,0.14789098353579677,19.112822920751537,19.231484602078776
3832,153.24,0.98,1,-0.013,0.322,0.08,-0.007,-0.011,0.0,0.0,0.0,0.0,1.89,3.12,0.11,1.85,3.15,1.5,0.0,0.0,0.0,0.0,3.93,1.3,0.0,0.0,0.0,0.0,0.0,1.0,1.0,1.0,1.0,1.0,1.0,0.0,0.0,0.0,0.0,1.0,1.0,0.0,0.0,0.1488512784132585,19.306475597581198,19.331321734428773
3833,153.28,0.98,1,-0.002,0.328,0.087,-0.013,-0.008,0.0,0.0,0.0,0.0,1.89,3.29,0.14,2.02,3.21,1.56,0.0,0.0,0.08,0.0,3.98,1.09,0.0,0.0,0.0,0.0,0.0,1.0,1.0,1.0,1.0,1.0,1.0,0.0,0.0,0.0,0.0,1.0,1.0,0.0,0.0,0.14838356194200802,19.309324172533803,19.231484602079004
3834,153.32,0.98,1,0.007,0.3,0.077,-0.028,-0.039,0.0,0.0,0.0,0.0,1.93,3.48,0.15,2.04,3.23,1.78,0.0,0.0,0.08,0.0,3.96,0.93,0.1,0.0,0.0,0.0,0.0,1.0,1.0,1.0,1.0,1.0,1.0,0.0,0.0,0.0,0.0,1.0,1.0,0.0,0.0,0.15266169377647934,19.401030900444304,19.012890364171355
3835,153.36,0.98,1,0.013,0.317,0.07,-0.004,-0.05,0.0,0.0,0.0,0.0,1.91,3.59,0.15,2.03,3.25,1.96,0.0,0.0,0.08,0.0,3.88,0.86,0.24,0.0,0.0,0.0,0.0,1.0,1.0,1.0,1.0,1.0,1.0,0.0,0.0,0.0,0.0,1.0,1.0,0.0,0.0,0.14341450350994603,19.20416621465253,19.358202395883723
3836,153.4,0.98,1,-0.006,0.337,0.09,-0.003,-0.035,0.0,0.0,0.0,0.07,1.87,3.41,0.11,1.89,3.24,1.99,0.0,0.0,0.0,0.0,3.84,1.02,0.32,0.0,0.0,0.0,0.0,1.0,1.0,1.0,1.0,1.0,1.0,0.0,0.0,0.0,0.0,1.0,1.0,0.0,0.0,0.1403760179373198,18.513238506539043,19.872845795205258
3837,153.44,0.98,1,-0.008,0.336,0.094,-0.001,-0.03,0.0,0.0,0.0,0.07,1.8,3.27,0.06,1.86,3.22,1.95,0.0,0.0,0.0,0.0,3.8,1.15,0.31,0.0,0.0,0.0,0.0,1.0,1.0,1.0,1.0,1.0,1.0,0.0,0.0,0.0,0.0,1.0,1.0,0.0,0.0,0.13894562603605237,18.916923639958043,19.175505208468575
3838,153.48,0.98,1,-0.016,0.339,0.101,-0.004,-0.028,0.0,0.0,0.0,0.07,1.76,3.24,0.02,1.86,3.19,1.86,0.0,0.0,0.0,0.0,3.8,1.13,0.33,0.0,0.0,0.0,0.0,1.0,1.0,1.0,1.0,1.0,1.0,0.0,0.0,0.0,0.0,1.0,1.0,0.0,0.0,0.14451933942283576,18.706683297688066,19.450449866262595
3839,153.52,0.98,1,-0.014,0.346,0.107,-0.006,-0.023,0.0,0.0,0.0,0.0,1.75,3.25,0.0,1.89,3.2,1.78,0.0,0.0,0.0,0.0,3.75,1.18,0.31,0.0,0.0,0.0,0.0,1.0,1.0,1.0,1.0,1.0,1.0,0.0,0.0,0.0,0.0,1.0,1.0,0.0,0.0,0.14252122356693095,19.01289036417136,19.573962296888173
3840,153.56,0.98,1,-0.012,0.345,0.107,-0.008,-0.018,0.0,0.0,0.0,0.0,1.74,3.23,0.03,1.9,3.2,1.73,0.0,0.07,0.05,0.0,3.7,1.19,0.33,0.0,0.0,0.0,0.0,1.0,1.0,1.0,1.0,1.0,1.0,0.0,0.0,0.0,0.0,1.0,1.0,0.0,0.0,0.14261282857439284,19.306475597581198,19.158809983921373
3841,153.6,0.98,1,-0.012,0.347,0.111,-0.01,-0.014,0.0,0.0,0.0,0.0,1.73,3.07,0.08,1.91,3.19,1.8,0.0,0.1,0.09,0.0,3.64,1.2,0.25,0.0,0.0,0.0,0.0,1.0,1.0,1.0,1.0,1.0,1.0,0.0,0.0,0.0,0.0,1.0,1.0,0.0,0.0,0.14331537638194738,19.509228585466932,18.768324379123506
3842,153.64,0.98,1,-0.017,0.348,0.116,-0.01,-0.011,0.0,0.0,0.0,0.0,1.73,3.05,0.12,1.93,3.16,1.85,0.0,0.1,0.11,0.0,3.65,1.17,0.26,0.0,0.0,0.0,0.0,1.0,1.0,1.0,1.0,1.0,1.0,0.0,0.0,0.0,0.0,1.0,1.0,0.0,0.0,0.14364404536686315,19.112822920751537,18.84489320744478
3843,153.68,0.98,1,-0.011,0.35,0.118,-0.007,-0.011,0.0,0.0,0.0,0.0,1.79,3.11,0.14,1.98,3.18,1.82,0.0,0.03,0.14,0.0,3.67,1.17,0.15,0.0,0.0,0.0,0.0,1.0,1.0,1.0,1.0,1.0,1.0,0.0,0.0,0.0,0.0,1.0,1.0,0.0,0.0,0.13981837593621257,19.206509313251114,19.14418971907679
3844,153.72,0.98,1,-0.014,0.341,0.113,-0.006,-0.011,0.0,0.0,0.0,0.0,1.82,3.16,0.13,1.96,3.17,1.77,0.0,0.0,0.13,0.0,3.73,1.12,0.07,0.0,0.0,0.0,0.0,1.0,1.0,1.0,1.0,1.0,1.0,0.0,0.0,0.0,0.0,1.0,1.0,0.0,0.0,0.13953451971309994,19.30414463269477,19.742846805868744
3845,153.76,0.98,1,-0.012,0.341,0.112,-0.004,-0.012,0.0,0.0,0.0,0.0,1.85,3.23,0.15,1.97,3.18,1.76,0.0,0.01,0.13,0.0,3.77,1.09,0.0,0.0,0.0,0.0,0.0,1.0,1.0,1.0,1.0,1.0,1.0,0.0,0.0,0.0,0.0,1.0,1.0,0.0,0.0,0.14024479769752457,19.206509313251114,20.155892438689126
3846,153.8,0.98,1,-0.013,0.338,0.11,-0.006,-0.012,0.0,0.0,0.0,0.0,1.82,3.16,0.1,1.98,3.16,1.77,0.0,0.01,0.06,0.0,3.83,1.11,0.0,0.0,0.0,0.0,0.0,1.0,1.0,1.0,1.0,1.0,1.0,0.0,0.0,0.0,0.0,1.0,1.0,0.0,0.0,0.14274272011506128,19.40927613281842,19.736514383244117
3847,153.84,0.98,1,-0.008,0.345,0.11,-0.002,-0.013,0.0,0.0,0.0,0.0,1.83,3.28,0.06,1.98,3.19,1.69,0.0,0.01,0.03,0.0,3.86,1.15,0.16,0.0,0.0,0.0,0.0,1.0,1.0,1.0,1.0,1.0,1.0,0.0,0.0,0.0,0.0,1.0,1.0,0.0,0.0,0.14107383374904475,18.806647760831762,19.74284680586875
3848,153.88,0.98,1,-0.014,0.338,0.107,0.002,-0.01,0.0,0.0,0.0,0.0,1.83,3.35,0.05,1.99,3.22,1.7,0.0,0.0,0.08,0.0,3.92,1.19,0.35,0.0,0.0,0.0,0.0,1.0,1.0,1.0,1.0,1.0,1.0,0.0,0.0,0.0,0.0,1.0,1.0,0.0,0.0,0.13947878057736907,18.81302740124531,19.736514383244117
3849,153.92,0.98,1,-0.059,0.335,0.117,0.003,-0.01,0.0,0.0,0.0,0.0,1.92,3.49,0.12,1.95,3.26,1.73,0.0,0.0,0.1,0.0,3.98,1.29,0.43,0.0,0.0,0.0,0.0,1.0,1.0,1.0,1.0,1.0,1.0,0.0,0.0,0.0,0.0,1.0,1.0,0.0,0.0,0.1397454078343543,18.704277585622002,17.11052307791895
3850,153.96,0.98,1,-0.093,0.35,0.124,0.009,-0.008,0.0,0.0,0.0,0.0,1.99,3.49,0.21,2.03,3.27,1.91,0.0,0.0,0.15,0.0,4.06,1.4,0.37,0.0,0.0,0.0,0.0,1.0,1.0,1.0,1.0,1.0,1.0,0.0,0.0,0.0,0.0,1.0,1.0,0.0,0.0,0.14267927240136924,18.901058171435892,17.10263137648698
3851,154.0,0.98,1,-0.111,0.342,0.124,0.014,-0.001,0.0,0.0,0.0,0.01,2.05,3.42,0.28,2.03,3.24,1.92,0.0,0.0,0.17,0.0,4.07,1.55,0.23,0.0,0.0,0.0,0.0,1.0,1.0,1.0,1.0,1.0,1.0,0.0,0.0,0.0,0.0,1.0,1.0,0.0,0.0,0.14588047961465217,18.899999999999864,17.70112990743793
3852,154.04,0.98,1,-0.113,0.343,0.129,0.02,0.002,0.0,0.0,0.0,0.04,2.07,3.4,0.3,2.07,3.18,1.94,0.0,0.0,0.22,0.0,4.02,1.59,0.32,0.0,0.0,0.0,0.0,1.0,1.0,1.0,1.0,1.0,1.0,0.0,0.0,0.0,0.0,1.0,1.0,0.0,0.0,0.14665685223641722,19.401030900444304,17.60113632695335
3853,154.08,0.98,1,-0.11,0.344,0.124,0.022,0.005,0.0,0.0,0.0,0.04,2.11,3.46,0.32,2.09,3.15,1.89,0.0,0.01,0.27,0.0,3.98,1.58,0.34,0.0,0.0,0.0,0.0,1.0,1.0,1.0,1.0,1.0,1.0,0.0,0.0,0.0,0.0,1.0,1.0,0.0,0.0,0.1475383677829555,18.701069488133605,16.7026943934203
3854,154.12,0.98,1,-0.115,0.346,0.124,0.025,0.007,0.0,0.0,0.0,0.06,2.13,3.53,0.33,2.11,3.12,1.92,0.0,0.07,0.24,0.0,3.95,1.5,0.5,0.0,0.0,0.0,0.0,1.0,1.0,1.0,1.0,1.0,1.0,0.0,0.0,0.0,0.0,1.0,1.0,0.0,0.0,0.14700440547451638,19.104188022525236,17.201162751395433
3855,154.16,0.98,1,-0.106,0.354,0.126,0.022,0.008,0.0,0.0,0.0,0.02,1.99,3.22,0.28,2.09,3.15,1.97,0.0,0.07,0.2,0.0,4.04,1.4,0.88,0.0,0.0,0.0,0.0,1.0,1.0,1.0,1.0,1.0,1.0,0.0,0.0,0.0,0.0,1.0,1.0,0.0,0.0,0.1458168603892085,18.404347312523836,16.70119756185171
3856,154.2,0.98,1,-0.036,0.368,0.099,0.012,0.019,0.0,0.0,0.0,0.02,1.8,2.62,0.21,2.06,3.17,2.11,0.0,0.06,0.19,0.0,4.04,1.36,1.58,0.0,0.0,0.0,0.0,1.0,1.0,1.0,1.0,1.0,1.0,0.0,0.0,0.0,0.0,1.0,1.0,0.0,1.0,0.15636344265531588,20.23561217260308,19.10104709171716
3857,154.24,0.98,1,-0.042,0.451,0.097,0.011,0.017,0.0,0.0,0.0,0.0,1.63,2.14,0.21,2.08,3.18,2.15,0.0,0.0,0.19,0.0,4.11,1.27,2.05,0.0,0.0,0.0,0.0,1.0,1.0,1.0,1.0,1.0,1.0,0.0,0.0,0.0,0.0,1.0,1.0,0.0,1.0,0.0903995536616212,18.146625030566884,18.801063799689814
3858,154.28,0.98,1,-0.054,0.396,0.088,0.003,0.02,0.0,0.0,0.0,0.0,1.65,2.29,0.28,2.06,3.09,2.13,0.0,0.02,0.21,0.0,4.04,1.18,2.1,0.0,0.0,0.0,0.0,1.0,1.0,1.0,1.0,1.0,1.0,0.0,0.0,0.0,0.0,1.0,1.0,0.0,1.0,0.13840475171846717,19.085072700935676,17.2046505340853
3859,154.32,0.98,1,-0.069,0.352,0.089,0.008,0.017,0.0,0.0,0.0,0.0,1.65,2.61,0.33,1.92,2.98,1.85,0.0,0.02,0.17,0.0,4.03,1.1,1.78,0.0,0.0,0.0,0.0,1.0,1.0,1.0,1.0,1.0,1.0,0.0,0.0,0.0,0.0,1.0,1.0,0.0,1.0,0.13077259201313174,17.142053552593897,17.500285711953392
3860,154.36,0.98,1,-0.016,0.336,0.085,0.009,0.015,0.0,0.0,0.0,0.0,1.68,2.95,0.35,1.79,2.86,1.75,0.0,0.03,0.16,0.0,3.88,1.08,1.45,0.0,0.0,0.0,0.0,1.0,1.0,1.0,1.0,1.0,1.0,0.0,0.0,0.0,0.0,1.0,1.0,0.0,1.0,0.14282787320082602,19.31657319505732,20.015993605114886
3861,154.4,0.98,1,-0.02,0.345,0.077,0.002,0.016,0.0,0.0,0.0,0.0,1.63,3.12,0.29,1.79,2.83,1.53,0.0,0.05,0.27,0.0,3.83,1.12,1.13,0.0,0.0,0.0,0.0,1.0,1.0,1.0,1.0,1.0,1.0,0.0,0.0,0.0,0.0,1.0,1.0,0.0,1.0,0.13673673604870445,16.50272704737008,18.31747799234377
3862,154.44,0.98,1,-0.017,0.328,0.078,0.004,0.014,0.0,0.0,0.0,0.0,1.59,3.21,0.29,1.79,2.77,1.46,0.0,0.09,0.29,0.0,3.79,1.18,0.92,0.0,0.0,0.0,0.0,1.0,1.0,1.0,1.0,1.0,1.0,0.0,0.0,0.0,0.0,1.0,1.0,0.0,1.0,0.1462318112183082,17.510282693320516,19.316573195057096
3863,154.48,0.98,1,-0.014,0.328,0.077,0.002,0.014,0.0,0.0,0.0,0.0,1.52,3.08,0.3,1.75,2.71,1.27,0.0,0.1,0.23,0.0,3.79,1.24,0.82,0.0,0.0,0.0,0.0,1.0,1.0,1.0,1.0,1.0,1.0,0.0,0.0,0.0,0.0,1.0,1.0,0.0,1.0,0.14959503277442832,18.104419349981836,19.62549362436513
3864,154.52,0.98,1,-0.013,0.328,0.071,-0.001,0.015,0.0,0.0,0.0,0.0,1.5,2.95,0.38,1.69,2.66,1.19,0.0,0.06,0.07,0.0,3.75,1.26,0.83,0.0,0.0,0.0,0.0,1.0,1.0,1.0,1.0,1.0,1.0,0.0,0.0,0.0,0.0,1.0,1.0,0.0,0.0,0.14897806012234277,18.409780009549362,19.536888186197924
3865,154.56,0.98,1,-0.018,0.334,0.072,-0.001,0.013,0.0,0.0,0.0,0.0,1.51,2.99,0.5,1.67,2.59,1.13,0.0,0.02,0.01,0.0,3.68,1.3,0.74,0.0,0.0,0.0,0.0,1.0,1.0,1.0,1.0,1.0,1.0,0.0,0.0,0.0,0.0,1.0,1.0,0.0,0.0,0.13781012936400858,16.810710871346235,18.42715387682003
3866,154.6,0.98,1,-0.03,0.293,0.072,-0.001,0.012,0.0,0.0,0.0,0.0,1.48,3.2,0.58,1.61,2.55,0.98,0.0,0.0,0.01,0.0,3.69,1.41,0.51,0.0,0.0,0.0,0.0,1.0,1.0,1.0,1.0,1.0,1.0,0.0,0.0,0.0,0.0,1.0,1.0,0.0,0.0,0.1433953573108535,18.826576959181885,19.22602402994446
3867,154.64,0.98,1,-0.027,0.288,0.073,-0.005,0.011,0.0,0.0,0.0,0.0,1.44,3.22,0.67,1.62,2.52,0.93,0.0,0.0,0.01,0.0,3.66,1.56,0.22,0.0,0.0,0.0,0.0,1.0,1.0,1.0,1.0,1.0,1.0,0.0,0.0,0.0,0.0,1.0,1.0,0.0,0.0,0.161867760247074,19.50640920313116,20.31575743111731
3868,154.68,0.98,1,-0.022,0.288,0.071,-0.003,0.009,0.0,0.0,0.0,0.0,1.4,3.24,0.7,1.62,2.48,0.79,0.0,0.0,0.0,0.0,3.7,1.64,0.02,0.0,0.0,0.0,0.0,1.0,1.0,1.0,1.0,1.0,1.0,0.0,0.0,0.0,0.0,1.0,1.0,0.0,0.0,0.1691068807749057,20.106217943710757,19.709134937891157
3869,154.72,0.98,1,-0.017,0.284,0.066,-0.006,0.009,0.0,0.0,0.0,0.0,1.38,3.16,0.66,1.66,2.43,0.76,0.0,0.0,0.0,0.0,3.69,1.71,0.0,0.0,0.0,0.0,0.0,1.0,1.0,1.0,1.0,1.0,1.0,0.0,0.0,0.0,0.0,1.0,1.0,0.0,0.0,0.17301974779280596,20.706037766796474,19.709134937891154
3870,154.76,0.98,1,-0.019,0.284,0.068,-0.01,0.009,0.0,0.0,0.0,0.0,1.38,3.1,0.57,1.55,2.36,0.65,0.0,0.0,0.0,0.0,3.74,1.81,0.0,0.0,0.0,0.0,0.0,1.0,1.0,1.0,1.0,1.0,1.0,0.0,0.0,0.0,0.0,1.0,1.0,0.0,0.0,0.17751239753106027,20.60218435020899,20.20618717126024
3871,154.8,0.98,1,-0.029,0.26,0.055,-0.014,0.011,0.0,0.0,0.0,0.0,1.37,2.99,0.57,1.49,2.3,0.56,0.0,0.0,0.0,0.0,3.77,1.92,0.0,0.0,0.0,0.0,0.0,1.0,1.0,1.0,1.0,1.0,1.0,0.0,0.0,0.0,0.0,1.0,1.0,0.0,0.0,0.18837522212171587,21.200000000000045,21.299999999999955
3872,154.84,0.98,1,-0.024,0.263,0.056,-0.015,0.009,0.0,0.0,0.0,0.0,1.35,2.92,0.65,1.42,2.25,0.47,0.0,0.0,0.0,0.0,3.79,1.94,0.0,0.0,0.0,0.0,0.0,1.0,1.0,1.0,1.0,1.0,1.0,0.0,0.0,0.0,0.0,1.0,1.0,0.0,0.0,0.19087116790318215,21.900228309312304,20.500975586542218
3873,154.88,0.98,1,-0.036,0.262,0.053,-0.015,0.01,0.0,0.0,0.0,0.0,1.29,2.88,0.72,1.42,2.17,0.41,0.0,0.0,0.0,0.0,3.71,1.83,0.0,0.0,0.0,0.0,0.0,1.0,1.0,1.0,1.0,1.0,1.0,0.0,0.0,0.0,0.0,1.0,1.0,0.0,0.0,0.19227411501813693,22.50022222112484,20.302216627748
3874,154.92,0.98,1,-0.036,0.261,0.045,-0.015,0.009,0.0,0.0,0.0,0.0,1.24,2.94,0.73,1.39,2.17,0.35,0.0,0.0,0.0,0.0,3.62,1.71,0.0,0.0,0.0,0.0,0.0,1.0,1.0,1.0,1.0,1.0,1.0,0.0,0.0,0.0,0.0,1.0,1.0,0.0,0.0,0.19117747517603867,22.600884938426773,20.00399960007998
3875,154.96,0.98,1,-0.023,0.287,0.043,-0.011,0.007,0.01,0.0,0.0,0.0,1.28,2.95,0.71,1.4,2.15,0.32,0.0,0.0,0.0,0.0,3.62,1.65,0.17,0.0,0.0,0.0,0.0,1.0,1.0,1.0,1.0,1.0,1.0,0.0,0.0,0.0,0.0,1.0,1.0,0.0,0.0,0.17267768012197376,21.602083232873767,20.015993605114883
3876,155.0,0.98,1,-0.013,0.301,0.042,-0.008,0.006,0.04,0.0,0.0,0.0,1.34,3.01,0.69,1.42,2.18,0.3,0.0,0.0,0.0,0.0,3.66,1.6,0.24,0.0,0.0,0.0,0.0,1.0,1.0,1.0,1.0,1.0,1.0,0.0,0.0,0.0,0.0,1.0,1.0,0.0,0.0,0.15572132818190537,20.400980368600028,18.909521411183402
3877,155.04,0.98,1,-0.012,0.3,0.045,-0.009,0.005,0.04,0.0,0.0,0.0,1.36,3.16,0.64,1.4,2.18,0.3,0.0,0.0,0.0,0.0,3.72,1.53,0.3,0.0,0.0,0.0,0.0,1.0,1.0,1.0,1.0,1.0,1.0,0.0,0.0,0.0,0.0,1.0,1.0,0.0,0.0,0.15802468957134164,20.60024271701662,19.11674658512783
3878,155.08,0.98,1,-0.013,0.295,0.046,-0.009,0.005,0.05,0.0,0.0,0.0,1.31,3.23,0.66,1.39,2.16,0.29,0.0,0.0,0.0,0.0,3.69,1.49,0.16,0.0,0.0,0.0,0.0,1.0,1.0,1.0,1.0,1.0,1.0,0.0,0.0,0.0,0.0,1.0,1.0,0.0,0.0,0.15847892691444604,20.90000000000009,18.916923639957815
3879,155.12,0.98,1,-0.016,0.293,0.045,-0.01,0.005,0.07,0.0,0.0,0.0,1.25,3.12,0.71,1.31,2.13,0.22,0.0,0.0,0.0,0.0,3.67,1.47,0.13,0.0,0.0,0.0,0.0,1.0,1.0,1.0,1.0,1.0,1.0,0.0,0.0,0.0,0.0,1.0,1.0,0.0,0.0,0.16034173491641845,20.302216627747775,19.11674658512783
3880,155.16,0.98,1,-0.011,0.289,0.039,-0.011,0.005,0.07,0.0,0.0,0.0,1.25,2.96,0.77,1.27,2.11,0.26,0.0,0.0,0.03,0.0,3.59,1.49,0.09,0.0,0.0,0.0,0.0,1.0,1.0,1.0,1.0,1.0,1.0,0.0,0.0,0.0,0.0,1.0,1.0,0.0,0.0,0.1611398860457962,20.59999999999991,18.621761463406333
3881,155.2,0.98,1,-0.012,0.285,0.035,-0.012,0.006,0.04,0.0,0.0,0.0,1.25,2.73,0.72,1.19,2.1,0.4,0.0,0.03,0.14,0.0,3.58,1.52,0.16,0.0,0.0,0.0,0.0,1.0,1.0,1.0,1.0,1.0,1.0,0.0,0.0,0.0,0.0,1.0,1.0,0.0,0.0,0.16289154834093336,20.700241544484495,19.121192431435993
3882,155.24,0.98,1,-0.012,0.287,0.033,-0.009,0.006,0.02,0.0,0.0,0.0,1.31,2.88,0.72,1.25,2.03,0.59,0.0,0.19,0.32,0.0,3.44,1.57,0.16,0.0,0.0,0.0,0.0,1.0,1.0,1.0,1.0,1.0,1.0,0.0,0.0,0.0,0.0,1.0,1.0,0.0,0.0,0.15943343542906213,21.0,19.325889371514013
3883,155.28,0.98,1,-0.01,0.294,0.033,-0.012,0.007,0.09,0.0,0.0,0.0,1.27,2.41,0.57,1.43,2.04,0.9,0.0,0.19,0.53,0.0,3.42,1.41,0.66,0.0,0.0,0.0,0.0,1.0,1.0,1.0,1.0,1.0,1.0,0.0,0.0,0.0,0.0,1.0,0.0,0.0,0.0,0.1556836198090588,20.700966161027182,18.7216452268491
3884,155.32,0.98,1,-0.012,0.293,0.001,-0.022,-0.026,0.42,0.09,0.0,0.0,1.22,1.96,0.54,1.66,2.14,1.22,0.0,0.37,0.54,0.0,3.34,1.28,1.38,0.0,0.0,0.0,0.0,1.0,1.0,1.0,1.0,1.0,1.0,0.0,0.0,0.0,0.0,1.0,0.0,0.0,1.0,0.1785571639782933,19.00657780874821,19.925109786397755
3885,155.36,0.98,1,-0.061,0.382,-0.008,-0.016,-0.025,0.6,0.09,0.0,0.0,1.16,1.21,0.52,1.84,2.25,1.56,0.0,0.45,0.54,0.0,3.31,1.0,2.13,0.0,0.0,0.0,0.0,1.0,1.0,1.0,1.0,1.0,1.0,0.0,0.0,0.0,0.0,1.0,0.0,0.0,1.0,0.15796091601816475,16.93576098083588,21.855205329623463
3886,155.4,0.98,1,-0.018,0.373,0.005,-0.008,-0.027,0.6,0.09,0.0,0.0,1.12,1.05,0.58,1.83,2.31,1.56,0.0,0.83,0.38,0.0,3.24,1.09,2.09,0.0,0.0,0.0,0.0,1.0,1.0,1.0,1.0,1.0,1.0,0.0,1.0,0.0,0.0,1.0,0.0,0.0,1.0,0.15064643358311922,18.49783771147306,18.560711193270585
3887,155.44,0.98,1,-0.022,0.315,0.001,-0.016,-0.002,0.32,0.0,0.0,0.0,1.16,1.46,0.55,1.74,2.31,1.54,0.0,0.94,0.4,0.0,3.09,1.01,1.72,0.0,0.0,0.0,0.0,1.0,1.0,1.0,1.0,1.0,1.0,0.0,1.0,0.0,0.0,1.0,0.0,0.0,1.0,0.15409220321511685,17.55591068557823,17.681911661356214
3888,155.48,0.98,1,-0.011,0.289,0.005,-0.006,-0.017,0.12,0.0,0.0,0.0,1.21,1.98,0.51,1.69,2.34,1.49,0.0,1.2,0.27,0.0,2.99,1.16,1.13,0.0,0.0,0.0,0.0,1.0,1.0,1.0,1.0,1.0,1.0,0.0,1.0,0.0,0.0,1.0,0.0,0.0,1.0,0.16428811408366362,18.74513270158421,18.461040057374973
3889,155.52,0.98,1,-0.003,0.321,0.029,-0.011,-0.007,0.06,0.0,0.0,0.0,1.27,2.57,0.47,1.62,2.35,1.51,0.0,1.36,0.18,0.0,2.87,1.08,0.79,0.0,0.0,0.0,0.0,1.0,1.0,1.0,1.0,1.0,1.0,0.0,1.0,0.0,0.0,1.0,0.0,0.0,0.0,0.13951119457821676,16.543578814754685,18.33303030052606
3890,155.56,0.98,1,-0.0,0.319,0.025,-0.01,0.0,0.01,0.0,0.0,0.0,1.28,2.7,0.45,1.59,2.31,1.4,0.0,1.57,0.1,0.0,2.71,1.13,0.45,0.0,0.0,0.0,0.0,1.0,1.0,1.0,1.0,1.0,1.0,0.0,1.0,0.0,0.0,1.0,0.0,0.0,0.0,0.13811867159236674,16.30766690854354,17.628386199536383
3891,155.6,0.98,1,0.01,0.32,0.04,-0.01,0.001,0.03,0.0,0.0,0.0,1.2,2.71,0.36,1.52,2.29,1.34,0.0,1.66,0.18,0.0,2.63,1.13,0.39,0.0,0.0,0.0,0.0,1.0,1.0,1.0,1.0,1.0,1.0,0.0,1.0,0.0,0.0,1.0,0.0,0.0,0.0,0.13919848619476743,16.2151164041459,18.339302058693463
3892,155.64,0.98,1,0.003,0.316,0.044,-0.011,0.002,0.03,0.0,0.0,0.0,1.18,2.57,0.37,1.55,2.27,1.32,0.0,1.62,0.26,0.0,2.48,1.2,0.29,0.0,0.0,0.0,0.0,1.0,1.0,1.0,1.0,1.0,1.0,0.0,1.0,0.0,0.0,1.0,0.0,0.0,0.0,0.14241269431332879,16.619265928433922,18.726718879718405
3893,155.68,0.98,1,0.006,0.311,0.052,-0.015,0.004,0.02,0.0,0.0,0.0,1.15,2.62,0.39,1.59,2.29,1.48,0.0,1.51,0.28,0.0,2.61,1.25,0.26,0.0,0.0,0.0,0.0,1.0,1.0,1.0,1.0,1.0,1.0,0.0,1.0,0.0,0.0,1.0,0.0,0.0,0.0,0.14999562652371118,17.210461934532773,18.106904760339265
3894,155.72,0.98,1,0.018,0.309,0.04,-0.016,-0.015,0.0,0.0,0.0,0.0,1.18,2.8,0.36,1.62,2.31,1.62,0.0,1.35,0.32,0.0,2.71,1.19,0.21,0.0,0.0,0.0,0.0,1.0,1.0,1.0,1.0,1.0,1.0,0.0,1.0,0.0,0.0,1.0,0.0,0.0,0.0,0.1544029409820313,17.20726590716845,19.930378822290223
3895,155.76,0.98,1,0.021,0.305,0.04,-0.01,-0.024,0.0,0.0,0.0,0.0,1.12,2.85,0.34,1.6,2.28,1.79,0.0,1.29,0.27,0.0,2.8,1.17,0.23,0.0,0.0,0.0,0.0,1.0,1.0,1.0,1.0,1.0,1.0,0.0,1.0,0.0,0.0,1.0,0.0,0.0,0.0,0.15540985673273228,17.910053042914058,20.024984394500787
3896,155.8,0.98,1,-0.003,0.312,0.056,-0.012,-0.007,0.0,0.0,0.0,0.0,1.14,2.92,0.3,1.61,2.28,1.84,0.0,1.32,0.33,0.0,2.75,1.09,0.28,0.0,0.0,0.0,0.0,1.0,1.0,1.0,1.0,1.0,1.0,0.0,1.0,0.0,0.0,1.0,0.0,0.0,0.0,0.15653222274705522,20.112185361118904,19.037857022259622
3897,155.84,0.98,1,-0.0,0.299,0.046,-0.011,-0.021,0.0,0.0,0.0,0.0,1.1,2.88,0.33,1.52,2.29,1.73,0.0,1.37,0.27,0.05,2.45,1.04,0.25,0.0,0.0,0.0,0.0,1.0,1.0,1.0,1.0,1.0,1.0,0.0,1.0,0.0,0.0,1.0,0.0,0.0,0.0,0.1625191060227139,20.008997975910738,19.32097306038177
3898,155.88,0.98,1,-0.0,0.305,0.049,-0.011,-0.002,0.0,0.0,0.0,0.0,1.13,3.07,0.38,1.52,2.34,1.81,0.0,1.3,0.34,0.05,2.12,0.84,0.34,0.0,0.0,0.0,0.0,1.0,1.0,1.0,1.0,1.0,1.0,0.0,1.0,0.0,0.0,1.0,0.0,0.0,0.0,0.16479964666648325,20.71545316907168,18.7216452268491
3899,155.92,0.98,1,-0.003,0.299,0.027,-0.009,-0.011,0.0,0.0,0.0,0.0,1.07,3.11,0.35,1.41,2.4,1.7,0.0,1.33,0.21,0.05,1.84,0.62,0.2,0.0,0.0,0.0,0.0,1.0,1.0,1.0,1.0,1.0,1.0,0.0,1.0,0.0,0.0,1.0,0.0,0.0,0.0,0.16614247349352557,20.315757431117536,18.92643653728835
3900,155.96,0.98,1,-0.015,0.302,0.057,-0.012,0.001,0.0,0.0,0.0,0.0,1.16,3.15,0.34,1.45,2.46,1.73,0.0,1.16,0.18,0.0,1.87,0.46,0.21,0.0,0.0,0.0,0.0,1.0,1.0,1.0,1.0,1.0,1.0,0.0,1.0,0.0,0.0,1.0,0.0,0.0,0.0,0.1703545828695699,21.208488866489333,19.616319736382675
3901,156.0,0.98,1,-0.013,0.297,0.059,-0.003,-0.009,0.0,0.0,0.0,0.0,1.2,2.99,0.28,1.42,2.55,1.56,0.0,1.24,0.08,0.0,1.92,0.41,0.29,0.0,0.0,0.0,0.0,1.0,1.0,1.0,1.0,1.0,1.0,0.0,1.0,0.0,0.0,1.0,0.0,0.0,0.0,0.16854436437722436,20.908610666421712,20.40392119177105
3902,156.04,0.98,1,-0.007,0.32,0.061,-0.014,0.008,0.05,0.0,0.0,0.0,1.11,2.5,0.26,1.5,2.55,1.51,0.0,1.13,0.2,0.0,1.87,0.41,1.01,0.0,0.0,0.0,0.0,1.0,1.0,1.0,1.0,1.0,1.0,0.0,1.0,0.0,0.0,1.0,0.0,0.0,0.0,0.15937836738666888,18.713097017864072,18.046883387443945
3903,156.08,0.98,1,-0.031,0.403,0.055,-0.005,0.001,0.05,0.0,0.0,0.0,0.9,1.95,0.26,1.41,2.5,1.46,0.0,1.16,0.31,0.0,1.87,0.42,1.8,0.0,0.0,0.0,0.0,1.0,1.0,1.0,1.0,1.0,1.0,0.0,1.0,0.0,0.0,1.0,0.0,0.0,1.0,0.16169571455591378,17.12921480979198,17.954665131937247
3904,156.12,0.98,1,-0.056,0.414,0.062,0.016,0.018,0.05,0.0,0.0,0.0,0.85,1.85,0.2,1.22,2.43,1.38,0.0,1.16,0.49,0.0,1.89,0.45,2.19,0.0,0.0,0.0,0.0,1.0,1.0,1.0,1.0,1.0,1.0,0.0,1.0,0.0,0.0,1.0,0.0,0.0,1.0,0.149339896473557,19.921847303902275,19.22108217556966
3905,156.16,0.98,1,-0.118,0.396,0.066,0.041,0.025,0.0,0.03,0.0,0.0,1.02,2.25,0.21,0.98,2.42,1.18,0.0,0.99,0.66,0.0,2.08,0.48,1.88,0.0,0.0,0.0,0.0,1.0,1.0,1.0,1.0,1.0,1.0,0.0,1.0,0.0,0.0,1.0,0.0,0.0,1.0,0.14545145810519192,16.724233913695237,19.920341362537034
3906,156.2,0.98,1,-0.159,0.363,0.087,0.067,0.024,0.0,0.03,0.0,0.0,1.2,2.81,0.12,0.8,2.4,1.01,0.0,0.79,0.8,0.0,2.1,0.52,1.31,0.0,0.0,0.0,0.0,1.0,1.0,1.0,1.0,1.0,1.0,0.0,0.0,0.0,0.0,1.0,0.0,0.0,1.0,0.16889104136679267,17.318487231857127,22.437691503360902
3907,156.24,0.98,1,-0.155,0.335,0.085,0.094,0.026,0.0,0.03,0.0,0.0,1.3,2.97,0.07,0.78,2.44,0.91,0.0,0.49,0.88,0.0,2.15,0.53,0.96,0.0,0.0,0.0,0.0,1.0,1.0,1.0,1.0,1.0,1.0,0.0,0.0,0.0,0.0,1.0,0.0,0.0,0.0,0.1530763582168185,19.70228413154175,24.434606606205147
3908,156.28,0.98,1,-0.176,0.316,0.087,0.115,0.029,0.0,0.0,0.0,0.0,1.31,3.01,0.0,0.77,2.49,1.08,0.0,0.4,0.84,0.0,2.12,0.56,0.71,0.0,0.0,0.0,0.0,1.0,1.0,1.0,1.0,1.0,1.0,0.0,0.0,0.0,0.0,1.0,0.0,0.0,0.0,0.1649525771677653,21.708293346092226,24.552189311749665
3909,156.32,0.98,1,-0.205,0.313,0.091,0.136,0.028,0.0,0.0,0.0,0.0,1.32,2.93,0.0,0.77,2.57,1.27,0.0,0.29,0.79,0.0,2.12,0.59,0.61,0.0,0.0,0.0,0.0,1.0,1.0,1.0,1.0,1.0,1.0,0.0,0.0,0.0,0.0,1.0,0.0,0.0,0.0,0.17193563280579174,21.7036863228347,22.38079533886146
3910,156.36,0.98,1,-0.22,0.301,0.09,0.149,0.031,0.0,0.0,0.0,0.0,1.34,2.84,0.0,0.74,2.59,1.43,0.0,0.21,0.8,0.0,2.27,0.71,0.46,0.0,0.0,0.0,0.0,1.0,1.0,1.0,1.0,1.0,1.0,0.0,0.0,0.0,0.0,1.0,0.0,0.0,0.0,0.18763867669486767,21.2058954067024,21.384573879317724
3911,156.4,0.98,1,-0.23,0.338,0.105,0.165,0.027,0.0,0.0,0.0,0.0,1.36,2.66,0.04,0.76,2.55,1.55,0.0,0.15,0.74,0.0,2.46,0.81,0.51,0.0,0.0,0.0,0.0,1.0,1.0,1.0,1.0,1.0,1.0,0.0,0.0,0.0,0.0,1.0,0.0,0.0,0.0,0.18977086790442513,21.10379112861018,25.04575812388204
3912,156.44,0.98,1,-0.231,0.337,0.112,0.178,0.026,0.0,0.0,0.0,0.0,1.37,2.54,0.05,0.85,2.5,1.53,0.0,0.1,0.6,0.0,2.62,0.84,0.46,0.0,0.0,0.0,0.0,1.0,1.0,1.0,1.0,1.0,1.0,0.0,0.0,0.0,0.0,1.0,0.0,0.0,0.0,0.19463268317246962,22.002045359466017,27.068062361388137
3913,156.48,0.98,1,-0.243,0.33,0.115,0.184,0.028,0.0,0.0,0.0,0.0,1.33,2.48,0.08,0.99,2.47,1.48,0.0,0.05,0.32,0.0,2.63,0.84,0.43,0.0,0.0,0.0,0.0,1.0,1.0,1.0,1.0,1.0,1.0,0.0,0.0,0.0,0.0,1.0,0.0,0.0,0.0,0.1832171291456124,22.200900882621905,28.03034070431548
3914,156.52,0.98,1,-0.246,0.328,0.114,0.191,0.031,0.0,0.0,0.0,0.0,1.32,2.41,0.09,1.03,2.5,1.44,0.0,0.01,0.12,0.0,2.64,0.82,0.28,0.0,0.0,0.0,0.0,1.0,1.0,1.0,1.0,1.0,1.0,0.0,0.0,0.0,0.0,1.0,0.0,0.0,0.0,0.1958310464798309,22.20202693449411,27.188968351153015
3915,156.56,0.98,1,-0.255,0.328,0.116,0.193,0.033,0.0,0.0,0.0,0.0,1.33,2.17,0.19,1.06,2.51,1.41,0.0,0.01,0.0,0.0,2.68,0.86,0.27,0.0,0.0,0.0,0.0,1.0,1.0,1.0,1.0,1.0,1.0,0.0,0.0,0.0,0.0,1.0,0.0,0.0,0.0,0.1960805357728783,21.900228309312304,27.101660465735403
3916,156.6,0.98,1,-0.249,0.335,0.116,0.192,0.035,0.0,0.0,0.0,0.0,1.37,1.96,0.17,1.05,2.55,1.47,0.0,0.0,0.0,0.0,2.77,0.86,0.23,0.0,0.0,0.0,0.0,1.0,1.0,1.0,1.0,1.0,1.0,0.0,0.0,0.0,0.0,1.0,0.0,0.0,0.0,0.19213783955734742,22.50199991111901,27.721832551258224
3917,156.64,0.98,1,-0.259,0.344,0.117,0.195,0.033,0.0,0.0,0.0,0.0,1.42,1.89,0.11,1.1,2.56,1.48,0.0,0.0,0.0,0.0,2.83,0.9,0.17,0.0,0.0,0.0,0.0,1.0,1.0,1.0,1.0,1.0,1.0,0.0,0.0,0.0,0.0,1.0,1.0,0.0,0.0,0.1935795422742756,21.714741536569157,27.932955446926858
3918,156.68,0.98,1,-0.264,0.335,0.117,0.197,0.031,0.0,0.0,0.0,0.0,1.44,2.0,0.02,1.11,2.51,1.4,0.0,0.0,0.0,0.0,2.99,1.08,0.11,0.0,0.0,0.0,0.0,1.0,1.0,1.0,1.0,1.0,1.0,0.0,0.0,0.0,0.0,1.0,1.0,0.0,0.0,0.2015865566934646,21.711287386979198,27.553584158871168
3919,156.72,0.98,1,-0.267,0.34,0.12,0.196,0.03,0.0,0.0,0.0,0.0,1.44,2.07,0.01,1.16,2.46,1.3,0.0,0.0,0.0,0.0,3.1,1.39,0.04,0.0,0.0,0.0,0.0,1.0,1.0,1.0,1.0,1.0,1.0,0.0,0.0,0.0,0.0,1.0,1.0,0.0,0.0,0.189205218929058,22.027482833950867,27.648688938175695
3920,156.76,0.98,1,-0.27,0.344,0.123,0.195,0.029,0.0,0.0,0.0,0.0,1.43,2.13,0.01,1.2,2.38,1.16,0.0,0.0,0.0,0.0,3.2,1.66,0.06,0.0,0.0,0.0,0.0,1.0,1.0,1.0,1.0,1.0,1.0,0.0,0.0,0.0,0.0,1.0,1.0,0.0,0.0,0.19160039503918957,22.214409737825626,27.59148419349705
3921,156.8,0.98,1,-0.276,0.347,0.123,0.194,0.03,0.0,0.0,0.0,0.0,1.45,1.96,0.0,1.25,2.39,1.19,0.0,0.0,0.0,0.0,3.23,1.83,0.31,0.0,0.0,0.0,0.0,1.0,1.0,1.0,1.0,1.0,1.0,0.0,0.0,0.0,0.0,1.0,1.0,0.0,0.0,0.18253667819379193,22.132555207205428,26.915608854343276
3922,156.84,0.98,1,-0.286,0.37,0.116,0.188,0.034,0.02,0.0,0.0,0.0,1.35,1.61,0.0,1.11,2.38,1.24,0.0,0.0,0.0,0.0,3.38,1.94,1.17,0.0,0.0,0.0,0.0,1.0,1.0,1.0,1.0,1.0,1.0,0.0,0.0,0.0,0.0,1.0,1.0,0.0,0.0,0.1788790643029614,22.04223219186283,21.780725424099202
3923,156.88,0.98,1,-0.253,0.479,0.142,0.195,0.028,0.02,0.0,0.0,0.0,1.18,1.21,0.0,0.99,2.42,1.28,0.0,0.0,0.15,0.0,3.42,2.13,2.15,0.0,0.0,0.0,0.0,1.0,1.0,1.0,1.0,1.0,1.0,0.0,0.0,0.0,0.0,1.0,1.0,0.0,1.0,0.15498757737732585,17.25398504693906,19.366207682455496
3924,156.92,0.98,1,-0.24,0.571,0.149,0.167,0.026,0.06,0.0,0.0,0.0,0.92,0.86,0.0,0.78,2.4,1.25,0.0,0.03,0.32,0.0,3.51,2.31,3.01,0.0,0.0,0.0,0.0,1.0,1.0,0.0,1.0,1.0,1.0,0.0,0.0,0.0,0.0,1.0,1.0,0.0,1.0,0.07001585950736416,18.926436537288172,19.512560057562926
3925,156.96,0.98,1,-0.161,0.56,0.175,0.123,0.023,0.1,0.0,0.0,0.0,0.77,0.92,0.0,0.81,2.37,1.24,0.0,0.11,0.38,0.0,3.47,2.47,3.09,0.0,0.0,0.0,0.0,1.0,1.0,0.0,1.0,1.0,1.0,0.0,0.0,0.0,0.0,1.0,1.0,0.0,1.0,0.09420364767648809,17.801685313475282,19.702284131541635
3926,157.0,0.93,1,-0.06,0.546,0.179,0.064,0.023,0.1,0.0,0.0,0.0,0.62,0.97,0.0,0.92,2.27,1.36,0.0,0.2,0.3,0.0,3.42,2.56,2.84,0.0,0.0,0.0,0.0,1.0,1.0,0.0,1.0,1.0,1.0,0.0,0.0,0.0,0.0,1.0,1.0,0.0,1.0,0.0916283481235383,17.366634676873968,20.102238681301053
3927,157.04,0.93,1,-0.043,0.529,0.157,0.01,0.026,0.06,0.0,0.0,0.0,0.57,1.5,0.0,1.19,2.2,1.45,0.0,0.42,0.2,0.0,3.08,2.36,2.2,0.0,0.0,0.0,0.0,1.0,1.0,0.0,1.0,1.0,1.0,0.0,0.0,0.0,0.0,1.0,1.0,0.0,1.0,0.09109556144602336,18.13973538947018,24.805039810490307
3928,157.08,0.98,1,0.003,0.478,0.147,-0.044,0.018,0.0,0.0,0.0,0.0,0.55,2.1,0.04,1.43,2.07,1.47,0.0,0.56,0.15,0.0,2.61,1.84,1.43,0.0,0.0,0.0,0.0,1.0,1.0,0.0,1.0,1.0,1.0,0.0,0.0,0.0,0.0,1.0,1.0,0.0,1.0,0.09462271377860869,17.80449381476481,20.702173798903388
3929,157.12,0.98,1,0.078,0.372,0.136,-0.081,-0.011,0.0,0.0,0.0,0.0,0.58,2.68,0.09,1.52,1.87,1.34,0.05,0.81,0.07,0.0,1.9,1.17,0.68,0.0,0.0,0.0,0.0,1.0,1.0,0.0,1.0,1.0,1.0,0.0,1.0,0.0,0.0,1.0,1.0,0.0,0.0,0.19229909135329615,19.830532015052125,18.73232500251886
3930,157.16,0.98,1,0.13,0.354,0.116,-0.096,-0.03,0.0,0.0,0.0,0.0,0.51,2.79,0.09,1.48,1.61,1.27,0.18,1.02,0.0,0.0,1.13,0.55,0.16,0.0,0.0,0.0,0.0,1.0,1.0,0.0,1.0,1.0,1.0,0.0,1.0,0.0,0.0,0.0,0.0,0.0,0.0,0.1881276343330136,18.333030300525834,18.23321145602172
3931,157.2,0.98,1,0.153,0.34,0.109,-0.111,-0.044,0.0,0.0,0.0,0.0,0.35,2.74,0.06,1.37,1.41,1.1,0.24,1.3,0.0,0.0,0.48,0.19,0.0,0.0,0.0,0.0,0.0,1.0,1.0,0.0,0.0,1.0,1.0,0.0,1.0,0.0,0.0,0.0,0.0,0.0,0.0,0.22589367499205193,18.36137249771918,20.854016399724973
3932,157.24,0.98,1,0.147,0.351,0.11,-0.121,-0.048,0.0,0.0,0.0,0.0,0.24,2.48,0.01,1.28,1.31,1.1,0.19,1.46,0.0,0.03,0.16,0.0,0.0,0.0,0.0,0.0,0.0,1.0,1.0,0.0,0.0,1.0,1.0,0.0,1.0,0.0,0.0,0.0,0.0,0.0,0.0,0.23377779330982254,18.189282558693638,20.861447696648433
3933,157.28,0.98,1,0.157,0.345,0.102,-0.133,-0.048,0.0,0.0,0.0,0.0,0.22,2.47,0.01,1.2,1.34,1.01,0.06,1.53,0.0,0.03,0.07,0.0,0.0,0.0,0.0,0.0,1.0,0.0,1.0,0.0,0.0,1.0,1.0,0.0,1.0,0.0,0.0,0.0,0.0,0.0,0.0,0.24441483066799496,18.91692363995812,19.513328778043054
3934,157.32,0.98,1,0.153,0.347,0.11,-0.136,-0.05,0.0,0.0,0.0,0.0,0.18,2.2,0.0,1.18,1.37,1.05,0.0,1.45,0.0,0.03,0.07,0.0,0.0,0.0,0.0,0.0,1.0,0.0,1.0,0.0,0.0,1.0,1.0,0.0,1.0,0.0,0.0,0.0,0.0,0.0,0.0,0.24198734600675825,18.543192821086762,18.332484828849616
3935,157.36,0.98,1,0.158,0.34,0.109,-0.147,-0.044,0.0,0.0,0.0,0.14,0.13,2.17,0.01,1.2,1.38,0.99,0.0,1.23,0.0,0.0,0.08,0.03,0.0,0.0,0.0,0.0,1.0,0.0,1.0,0.0,0.0,1.0,1.0,0.0,1.0,0.0,0.0,0.0,0.0,0.0,0.0,0.25334683640166883,18.429595763336568,17.974704448196036
3936,157.4,0.98,1,0.146,0.338,0.107,-0.138,-0.041,0.0,0.0,0.0,0.26,0.08,2.0,0.01,1.25,1.41,1.1,0.0,0.93,0.0,0.0,0.54,0.32,0.0,0.0,0.0,0.0,1.0,0.0,1.0,0.0,0.0,1.0,1.0,0.0,0.0,0.0,0.0,0.0,0.0,0.0,0.0,0.24766537622904514,18.59516066077405,17.366634676873744
3937,157.44,0.98,1,0.148,0.346,0.128,-0.148,-0.039,0.0,0.0,0.0,0.38,0.19,2.09,0.01,1.33,1.45,1.15,0.0,0.62,0.0,0.0,1.07,0.68,0.0,0.0,0.0,0.0,1.0,1.0,1.0,0.0,1.0,1.0,1.0,0.0,0.0,0.0,0.0,1.0,1.0,0.0,0.0,0.2665152717475146,19.10497317454277,18.22141597132355
3938,157.48,0.98,1,0.151,0.357,0.149,-0.141,-0.037,0.0,0.0,0.0,0.37,0.31,2.08,0.0,1.33,1.53,1.22,0.0,0.37,0.0,0.0,1.61,1.02,0.0,0.0,0.0,0.0,1.0,1.0,1.0,0.0,1.0,1.0,1.0,0.0,0.0,0.0,0.0,1.0,1.0,0.0,0.0,0.2412041386123438,19.40025773024693,17.890779748238984
3939,157.52,0.98,1,0.165,0.346,0.154,-0.147,-0.035,0.0,0.0,0.0,0.34,0.41,2.19,0.0,1.39,1.5,1.09,0.0,0.25,0.0,0.0,1.75,1.13,0.0,0.0,0.0,0.0,1.0,1.0,1.0,0.0,1.0,1.0,1.0,0.0,0.0,0.0,0.0,1.0,1.0,0.0,0.0,0.27385744286042024,19.203385118254626,19.39329781135736
3940,157.56,0.98,1,0.146,0.355,0.151,-0.14,-0.037,0.0,0.0,0.0,0.22,0.47,2.29,0.01,1.39,1.51,1.1,0.0,0.24,0.0,0.0,1.78,1.19,0.0,0.0,0.0,0.0,1.0,1.0,1.0,0.0,1.0,1.0,1.0,0.0,0.0,0.0,0.0,1.0,1.0,0.0,0.0,0.25141984639457776,19.267589366602152,18.07097119692243
3941,157.6,0.98,1,0.097,0.352,0.147,-0.136,-0.032,0.0,0.0,0.0,0.09,0.55,2.45,0.02,1.42,1.55,1.09,0.0,0.21,0.0,0.0,1.8,1.32,0.0,0.0,0.0,0.0,0.0,1.0,1.0,0.0,1.0,1.0,1.0,0.0,0.0,0.0,0.0,1.0,1.0,0.0,0.0,0.23060680509027864,16.112417571550207,18.906612599828527
3942,157.64,0.98,1,0.028,0.332,0.139,-0.128,-0.03,0.0,0.0,0.0,0.1,0.63,2.35,0.02,1.46,1.58,1.22,0.0,0.09,0.0,0.0,1.82,1.39,0.0,0.0,0.0,0.0,0.0,1.0,1.0,0.0,1.0,1.0,1.0,0.0,0.0,0.0,0.0,1.0,1.0,0.0,0.0,0.23365612628931076,16.23730273167318,19.90100499974822
3943,157.68,0.98,1,0.015,0.341,0.144,-0.121,-0.028,0.0,0.0,0.0,0.09,0.67,2.23,0.01,1.35,1.59,1.21,0.0,0.0,0.0,0.0,1.91,1.54,0.0,0.0,0.0,0.0,1.0,1.0,1.0,0.0,1.0,1.0,1.0,0.0,0.0,0.0,0.0,1.0,1.0,0.0,0.0,0.23242547003809322,16.330646037435443,20.803845798313304
3944,157.72,0.98,1,0.018,0.327,0.147,-0.13,-0.024,0.0,0.0,0.0,0.32,0.73,2.14,0.0,1.32,1.56,1.13,0.0,0.0,0.0,0.0,1.95,1.71,0.0,0.0,0.0,0.0,0.0,1.0,1.0,0.0,1.0,1.0,1.0,0.0,0.0,0.0,0.0,1.0,1.0,0.0,0.0,0.2556293050277507,16.430459518832787,21.11160818128255
3945,157.76,0.98,1,0.006,0.348,0.137,-0.111,-0.023,0.0,0.0,0.0,0.39,0.8,2.38,0.0,1.22,1.6,1.07,0.0,0.0,0.0,0.0,1.97,1.97,0.0,0.0,0.0,0.0,0.0,1.0,1.0,0.0,1.0,1.0,1.0,0.0,0.0,0.0,0.0,1.0,1.0,0.0,0.0,0.22172397899524962,16.85022255045904,21.418916872708664
3946,157.8,0.98,1,0.015,0.337,0.128,-0.105,-0.024,0.0,0.0,0.0,0.39,0.86,2.52,0.0,1.2,1.62,1.01,0.0,0.0,0.0,0.0,2.06,2.07,0.0,0.0,0.0,0.0,0.0,1.0,1.0,0.0,1.0,1.0,1.0,0.0,0.0,0.0,0.0,1.0,1.0,0.0,0.0,0.2525601232205241,18.162048342629106,21.411445537375428
3947,157.84,0.98,1,-0.011,0.339,0.129,-0.087,-0.027,0.0,0.0,0.0,0.16,0.94,2.79,0.02,0.99,1.58,0.98,0.0,0.0,0.0,0.0,2.09,2.15,0.16,0.0,0.0,0.0,0.0,1.0,1.0,0.0,1.0,1.0,1.0,0.0,0.0,0.0,0.0,1.0,1.0,0.0,0.0,0.2373635801497503,20.163581031156276,21.246176126541027
3948,157.88,0.98,1,-0.043,0.368,0.113,-0.032,-0.029,0.0,0.0,0.0,0.0,0.89,2.87,0.16,0.7,1.5,0.84,0.0,0.02,0.0,0.0,1.72,2.08,0.22,0.0,0.0,0.0,0.0,1.0,1.0,0.0,0.0,1.0,1.0,0.0,0.0,0.0,0.0,1.0,1.0,0.0,0.0,0.17901928927600974,21.80825531765432,23.407691043757254
3949,157.92,0.98,1,-0.114,0.363,0.098,0.016,-0.029,0.0,0.0,0.0,0.0,0.8,2.76,0.26,0.34,1.34,0.65,0.0,0.29,0.1,0.0,1.05,1.95,0.22,0.0,0.0,0.0,0.0,1.0,1.0,0.0,0.0,1.0,1.0,0.0,0.0,0.0,0.0,1.0,1.0,0.0,0.0,0.19035621723885585,18.61316738225917,24.73964429817054
3950,157.96,0.98,1,-0.188,0.349,0.103,0.042,-0.01,0.0,0.0,0.0,0.11,0.57,2.46,0.35,0.12,1.19,0.41,0.0,0.59,0.17,0.03,0.57,1.94,0.06,0.0,0.0,0.0,0.0,1.0,1.0,0.0,0.0,1.0,1.0,0.0,0.0,0.0,0.0,1.0,1.0,0.0,0.0,0.20759264473361322,17.30462365958874,25.039169315294785
3951,158.0,0.98,1,-0.229,0.367,0.118,0.076,0.007,0.0,0.0,0.0,0.19,0.5,2.33,0.24,0.0,1.07,0.31,0.0,0.78,0.17,0.1,0.48,1.97,0.02,0.0,0.0,0.0,0.0,1.0,1.0,0.0,0.0,1.0,1.0,0.0,0.0,0.0,1.0,1.0,1.0,0.0,0.0,0.21066075502967424,18.017769007288337,27.131162894354436
3952,158.04,0.98,1,-0.233,0.361,0.106,0.103,0.015,0.0,0.0,0.0,0.19,0.51,2.41,0.14,0.0,1.13,0.36,0.0,0.7,0.07,0.22,0.49,1.81,0.02,0.0,0.0,0.0,0.0,1.0,1.0,0.0,0.0,1.0,1.0,0.0,0.0,0.0,1.0,1.0,1.0,0.0,0.0,0.20798886891461565,19.804039991880398,27.306592610576615
3953,158.08,0.98,1,-0.229,0.337,0.093,0.118,0.017,0.0,0.0,0.0,0.18,0.66,2.53,0.04,0.15,1.33,0.65,0.0,0.51,0.05,0.22,0.44,1.32,0.05,0.0,0.0,0.0,0.0,1.0,1.0,0.0,0.0,1.0,1.0,0.0,0.0,0.0,1.0,1.0,1.0,0.0,0.0,0.21109855206728945,21.60208323287354,27.114940531006056
3954,158.12,0.98,1,-0.22,0.331,0.09,0.12,0.019,0.0,0.0,0.0,0.16,0.81,2.57,0.0,0.3,1.64,0.84,0.0,0.29,0.17,0.15,0.81,1.14,0.06,0.0,0.0,0.0,0.0,1.0,1.0,0.0,0.0,1.0,1.0,0.0,0.0,0.0,1.0,1.0,1.0,0.0,0.0,0.2030958340163661,22.426992665090076,25.528219679405765
3955,158.16,0.98,1,-0.213,0.332,0.096,0.114,0.021,0.0,0.0,0.0,0.16,1.05,2.68,0.03,0.45,1.92,0.91,0.0,0.1,0.32,0.03,1.48,1.25,0.24,0.0,0.0,0.0,0.0,1.0,1.0,1.0,0.0,1.0,1.0,0.0,0.0,0.0,1.0,1.0,1.0,0.0,0.0,0.19577343260105948,22.31434516180114,28.42534080710388
3956,158.2,0.98,1,-0.181,0.35,0.113,0.106,0.021,0.0,0.0,0.0,0.06,1.21,2.85,0.07,0.47,2.12,0.9,0.0,0.0,0.41,0.0,2.14,1.46,0.52,0.0,0.0,0.0,0.0,1.0,1.0,1.0,0.0,1.0,1.0,0.0,0.0,0.0,0.0,1.0,1.0,0.0,0.0,0.15864035192752068,19.70634415613413,26.92675249635583
3957,158.24,0.98,1,-0.136,0.359,0.116,0.089,0.021,0.0,0.0,0.0,0.0,1.31,2.95,0.29,0.56,2.17,0.98,0.0,0.05,0.33,0.0,2.22,1.33,0.57,0.0,0.0,0.0,0.0,1.0,1.0,1.0,0.0,1.0,1.0,0.0,0.0,0.0,0.0,1.0,1.0,0.0,0.0,0.15181278410584192,20.00099997500125,19.401030900444532
3958,158.28,0.98,1,-0.081,0.345,0.128,0.064,0.019,0.0,0.0,0.0,0.0,1.24,3.05,0.48,0.67,2.19,1.1,0.0,0.15,0.17,0.0,2.08,1.24,0.38,0.0,0.0,0.0,0.0,1.0,1.0,1.0,0.0,1.0,1.0,0.0,0.0,0.0,0.0,1.0,1.0,0.0,0.0,0.1574959547209061,20.919369015340646,19.306475597581425
3959,158.32,0.98,1,-0.068,0.344,0.136,0.042,0.018,0.0,0.0,0.0,0.0,1.11,3.15,0.57,0.74,2.18,1.15,0.0,0.26,0.03,0.0,2.0,1.14,0.07,0.0,0.0,0.0,0.0,1.0,1.0,1.0,0.0,1.0,1.0,0.0,0.0,0.0,0.0,1.0,1.0,0.0,0.0,0.17546174231182224,20.212125073826396,20.203960007879463
3960,158.36,0.98,1,-0.06,0.334,0.137,0.028,0.019,0.0,0.0,0.0,0.0,1.08,3.23,0.59,0.79,2.22,1.13,0.0,0.3,0.0,0.0,2.15,1.04,0.0,0.0,0.0,0.0,0.0,1.0,1.0,1.0,1.0,1.0,1.0,0.0,0.0,0.0,0.0,1.0,1.0,0.0,0.0,0.18872776865507934,20.611889772653203,21.108529081866546
3961,158.4,0.98,1,-0.066,0.327,0.138,0.019,0.02,0.0,0.0,0.0,0.0,1.12,3.22,0.57,0.89,2.28,1.15,0.0,0.31,0.0,0.0,2.24,0.84,0.0,0.0,0.0,0.0,0.0,1.0,1.0,1.0,1.0,1.0,1.0,0.0,0.0,0.0,0.0,1.0,1.0,0.0,0.0,0.19250206704905654,21.418916872708664,21.20377324911776
3962,158.44,0.98,1,-0.068,0.33,0.137,0.02,0.02,0.0,0.0,0.0,0.0,1.19,3.12,0.53,0.96,2.35,1.2,0.0,0.23,0.01,0.0,2.28,0.74,0.0,0.0,0.0,0.0,0.0,1.0,1.0,1.0,1.0,1.0,1.0,0.0,0.0,0.0,0.0,1.0,1.0,0.0,0.0,0.19124737578325457,22.310983842045335,20.20222759994555
3963,158.48,0.98,1,-0.075,0.314,0.135,0.026,0.022,0.0,0.0,0.0,0.0,1.05,3.0,0.36,0.94,2.25,1.18,0.0,0.34,0.01,0.0,1.95,0.83,0.0,0.0,0.0,0.0,0.0,1.0,1.0,1.0,1.0,1.0,1.0,0.0,0.0,0.0,0.0,1.0,0.0,0.0,0.0,0.19728207707834938,22.617913254763494,22.318154045529795
3964,158.52,0.98,1,-0.07,0.315,0.122,0.028,0.025,0.0,0.0,0.0,0.0,0.83,2.82,0.16,0.74,2.13,0.93,0.0,0.5,0.01,0.05,1.43,0.66,0.0,0.0,0.0,0.0,0.0,1.0,1.0,1.0,0.0,1.0,1.0,0.0,0.0,0.0,0.0,1.0,0.0,0.0,0.0,0.21253371685920214,22.614154859291254,22.810743083029934
3965,158.56,0.98,1,-0.07,0.307,0.109,0.032,0.022,0.0,0.0,0.0,0.0,0.72,2.78,0.13,0.67,2.01,0.85,0.0,0.77,0.0,0.06,0.7,0.42,0.0,0.0,0.0,0.0,0.0,1.0,1.0,1.0,0.0,1.0,1.0,0.0,0.0,0.0,0.0,1.0,0.0,0.0,0.0,0.21694460769829604,22.50799857828323,22.901964981197665
3966,158.6,0.98,1,-0.07,0.299,0.106,0.038,0.016,0.0,0.0,0.0,0.0,0.82,2.89,0.15,0.67,2.08,0.81,0.0,0.66,0.14,0.06,0.56,0.25,0.0,0.0,0.0,0.0,0.0,1.0,1.0,1.0,0.0,1.0,1.0,0.0,0.0,0.0,0.0,1.0,1.0,0.0,0.0,0.2184935006465969,22.607963198837616,23.101947969814056
3967,158.64,0.98,1,-0.067,0.307,0.109,0.042,0.013,0.0,0.0,0.0,0.0,1.03,2.98,0.22,0.9,2.17,1.01,0.0,0.4,0.14,0.01,1.15,0.66,0.0,0.0,0.0,0.0,0.0,1.0,1.0,1.0,0.0,1.0,1.0,0.0,0.0,0.0,0.0,1.0,1.0,0.0,0.0,0.2166615234263904,22.405579662218162,22.70022026324837
3968,158.68,0.98,1,-0.068,0.301,0.127,0.043,0.007,0.0,0.0,0.0,0.0,1.15,2.99,0.27,1.09,2.23,1.05,0.0,0.09,0.14,0.0,2.1,1.23,0.0,0.0,0.0,0.0,0.0,1.0,1.0,1.0,1.0,1.0,1.0,0.0,0.0,0.0,0.0,1.0,1.0,0.0,0.0,0.2137740123444301,22.202026934494114,22.80087717610877
3969,158.72,0.98,1,-0.057,0.32,0.134,0.028,0.002,0.0,0.0,0.0,0.0,1.22,2.98,0.38,1.28,2.25,1.09,0.0,0.0,0.0,0.0,2.77,1.74,0.21,0.0,0.0,0.0,0.0,1.0,1.0,1.0,1.0,1.0,1.0,0.0,0.0,0.0,0.0,1.0,1.0,0.0,0.0,0.1883792418638649,20.90095691589272,21.60208323287354
3970,158.76,0.98,1,-0.045,0.359,0.133,0.002,0.005,0.0,0.0,0.0,0.0,1.18,2.97,0.41,1.47,2.18,1.12,0.0,0.0,0.0,0.0,2.76,1.79,0.27,0.0,0.0,0.0,0.0,1.0,1.0,1.0,1.0,1.0,1.0,0.0,0.0,0.0,0.0,1.0,1.0,0.0,0.0,0.15176313644459827,17.813758727455767,17.31415605797749
3971,158.8,0.98,1,-0.018,0.331,0.097,-0.036,0.0,0.0,0.0,0.0,0.0,1.17,2.96,0.44,1.61,2.14,1.29,0.0,0.16,0.09,0.0,2.01,1.4,0.27,0.0,0.0,0.0,0.0,1.0,1.0,1.0,1.0,1.0,1.0,0.0,0.0,0.0,0.0,1.0,1.0,0.0,0.0,0.15273646217893547,19.620652384668695,18.300273222004044
3972,158.84,0.98,1,-0.017,0.334,0.079,-0.028,-0.032,0.03,0.0,0.0,0.0,1.11,3.0,0.41,1.75,2.06,1.48,0.0,0.2,0.09,0.0,1.34,0.87,0.06,0.0,0.0,0.0,0.0,1.0,1.0,1.0,1.0,1.0,1.0,0.0,0.0,0.0,0.0,1.0,1.0,0.0,0.0,0.15355111836576057,18.201098867925573,18.501081049495458
3973,158.88,0.98,1,-0.015,0.317,0.072,-0.022,-0.047,0.07,0.0,0.0,0.0,1.14,3.13,0.42,1.72,2.02,1.6,0.0,0.2,0.09,0.0,1.33,0.69,0.01,0.0,0.0,0.0,0.0,1.0,1.0,1.0,1.0,1.0,1.0,0.0,0.0,0.0,0.0,1.0,1.0,0.0,0.0,0.16029919889439298,18.60026881526192,18.40000000000009
3974,158.92,0.98,1,-0.014,0.314,0.081,-0.02,-0.055,0.07,0.0,0.0,0.0,1.18,3.39,0.44,1.64,2.07,1.54,0.0,0.04,0.0,0.0,1.94,0.82,0.06,0.0,0.0,0.0,0.0,1.0,1.0,1.0,1.0,1.0,1.0,0.0,0.0,0.0,0.0,1.0,1.0,0.0,0.0,0.16518911976470785,19.30233146539553,18.206866836443925
3975,158.96,0.98,1,-0.006,0.339,0.11,-0.004,-0.048,0.04,0.0,0.0,0.0,1.27,3.5,0.51,1.51,2.16,1.34,0.0,0.0,0.0,0.0,2.55,1.26,0.05,0.0,0.0,0.0,0.0,1.0,1.0,1.0,1.0,1.0,1.0,0.0,0.0,0.0,0.0,1.0,1.0,0.0,0.0,0.1737229842386025,19.60025510038062,18.70026737776767
3976,159.0,0.98,1,-0.036,0.342,0.123,0.005,-0.026,0.0,0.0,0.0,0.0,1.25,3.47,0.56,1.32,2.25,1.18,0.0,0.0,0.0,0.0,2.74,1.59,0.05,0.0,0.0,0.0,0.0,1.0,1.0,1.0,1.0,1.0,1.0,0.0,0.0,0.0,0.0,1.0,1.0,0.0,0.0,0.17108542037996077,19.600000000000136,19.400257730246647
3977,159.04,0.93,1,-0.049,0.333,0.128,0.009,-0.014,0.0,0.0,0.0,0.0,1.17,3.28,0.5,1.19,2.28,0.94,0.0,0.0,0.0,0.0,2.84,1.86,0.1,0.0,0.0,0.0,0.0,1.0,1.0,1.0,1.0,1.0,1.0,0.0,0.0,0.0,0.0,1.0,1.0,0.0,0.0,0.17711130821128646,20.100248754679765,20.000249998437518
3978,159.08,0.98,1,-0.042,0.332,0.13,0.011,-0.013,0.0,0.0,0.0,0.0,1.09,3.1,0.41,1.13,2.3,0.95,0.0,0.02,0.0,0.0,2.86,1.7,0.1,0.0,0.0,0.0,0.0,1.0,1.0,1.0,1.0,1.0,1.0,0.0,0.0,0.0,0.0,1.0,1.0,0.0,0.0,0.18203176084845274,20.400980368600028,19.90226117806727
3979,159.12,0.98,1,-0.038,0.318,0.13,0.006,-0.015,0.0,0.0,0.0,0.0,1.04,3.2,0.34,1.25,2.27,0.82,0.0,0.04,0.0,0.0,2.8,1.48,0.1,0.0,0.0,0.0,0.0,1.0,1.0,1.0,1.0,1.0,1.0,0.0,0.0,0.0,0.0,1.0,1.0,0.0,0.0,0.19140909208411416,20.20222759994555,20.108953229842808
3980,159.16,0.98,1,-0.033,0.321,0.131,-0.005,-0.014,0.0,0.0,0.0,0.0,0.98,3.17,0.41,1.32,2.19,0.75,0.0,0.1,0.0,0.0,2.83,1.22,0.0,0.0,0.0,0.0,0.0,1.0,1.0,1.0,1.0,1.0,1.0,0.0,0.0,0.0,0.0,1.0,1.0,0.0,0.0,0.18715866132471953,20.006249023742555,19.812369873389887
3981,159.2,0.98,1,-0.04,0.323,0.131,-0.017,-0.009,0.0,0.0,0.0,0.0,0.89,3.07,0.46,1.39,2.06,0.71,0.03,0.08,0.0,0.0,2.71,1.15,0.0,0.0,0.0,0.0,0.0,1.0,1.0,1.0,1.0,1.0,1.0,0.0,0.0,0.0,0.0,1.0,1.0,0.0,0.0,0.187413209426563,20.103979705520903,19.601020381602495
3982,159.24,0.98,1,-0.021,0.316,0.105,-0.022,-0.038,0.0,0.0,0.0,0.0,0.81,2.96,0.56,1.4,1.93,0.74,0.08,0.16,0.0,0.0,2.55,1.09,0.0,0.0,0.0,0.0,0.0,1.0,1.0,1.0,1.0,1.0,1.0,0.0,0.0,0.0,0.0,1.0,1.0,0.0,0.0,0.19029112813119436,20.20024752323599,19.402319448972968
3983,159.28,0.98,1,-0.017,0.329,0.107,-0.015,-0.034,0.0,0.0,0.0,0.02,0.77,2.92,0.56,1.43,1.75,0.81,0.19,0.23,0.0,0.0,2.14,1.24,0.0,0.0,0.0,0.0,0.0,1.0,1.0,1.0,1.0,1.0,1.0,0.0,0.0,0.0,0.0,1.0,1.0,0.0,0.0,0.17807765393022518,20.503902067655318,19.80403999188063
3984,159.32,0.98,1,-0.02,0.314,0.107,-0.03,-0.02,0.0,0.0,0.0,0.02,0.71,2.96,0.57,1.28,1.63,0.68,0.35,0.35,0.0,0.0,1.86,1.32,0.0,0.0,0.0,0.0,0.0,1.0,1.0,1.0,1.0,1.0,1.0,0.0,0.0,0.0,0.0,1.0,1.0,0.0,0.0,0.1875238200235901,20.400980368600028,19.10235587565066
3985,159.36,0.98,1,-0.02,0.328,0.113,-0.014,-0.024,0.0,0.0,0.0,0.02,0.68,3.12,0.59,1.13,1.57,0.56,0.41,0.47,0.0,0.0,1.76,1.51,0.0,0.0,0.0,0.0,0.0,1.0,1.0,1.0,1.0,1.0,1.0,0.0,0.0,0.0,0.0,1.0,1.0,0.0,0.0,0.188591548346894,20.20396000787946,19.10235587565066
3986,159.4,0.98,1,-0.007,0.349,0.112,-0.022,-0.003,0.0,0.0,0.0,0.0,0.69,3.21,0.66,1.1,1.67,0.62,0.38,0.51,0.0,0.0,1.93,1.55,0.2,0.0,0.0,0.0,0.0,1.0,1.0,1.0,1.0,1.0,1.0,0.0,0.0,0.0,0.0,1.0,1.0,0.0,0.0,0.17548775783095227,17.810109488714502,18.309833423600505
3987,159.44,0.98,1,-0.026,0.325,0.11,-0.013,-0.02,0.0,0.0,0.0,0.0,0.94,3.42,0.67,1.27,1.92,0.99,0.19,0.44,0.0,0.0,2.22,1.54,0.4,0.0,0.0,0.0,0.0,1.0,1.0,1.0,1.0,1.0,1.0,0.0,0.0,0.0,0.0,1.0,1.0,0.0,0.0,0.1704288602402234,18.50108104949546,17.301156030739634
3988,159.48,0.98,1,-0.032,0.356,0.099,-0.031,-0.017,0.0,0.0,0.0,0.0,1.27,3.47,0.62,1.71,2.26,1.48,0.08,0.21,0.0,0.0,2.54,1.22,0.54,0.0,0.0,0.0,0.0,1.0,1.0,1.0,1.0,1.0,1.0,0.0,0.0,0.0,0.0,1.0,1.0,0.0,0.0,0.14439515277559817,17.304623659588966,17.810109488714502
3989,159.52,0.98,1,-0.04,0.343,0.094,-0.029,-0.043,0.0,0.0,0.0,0.0,1.61,3.57,0.52,2.01,2.6,1.81,0.0,0.04,0.0,0.0,3.0,0.88,0.51,0.0,0.0,0.0,0.0,1.0,1.0,1.0,1.0,1.0,1.0,0.0,0.0,0.0,0.0,1.0,1.0,0.0,0.0,0.14520812215948542,17.60454486773222,18.009997223764362
3990,159.56,0.98,1,-0.008,0.328,0.095,-0.029,-0.057,0.0,0.0,0.0,0.0,1.85,3.59,0.42,2.31,2.82,1.9,0.0,0.0,0.0,0.0,3.35,0.62,0.51,0.0,0.0,0.0,0.0,1.0,1.0,1.0,1.0,1.0,1.0,0.0,0.0,0.0,0.0,1.0,1.0,0.0,1.0,0.143488386304227,19.00657780874821,16.614752480852584
3991,159.6,0.98,1,-0.008,0.329,0.094,-0.023,-0.063,0.0,0.0,0.0,0.0,1.98,3.61,0.42,2.21,2.98,1.91,0.0,0.0,0.0,0.0,3.67,0.6,0.66,0.0,0.0,0.0,0.0,1.0,1.0,1.0,1.0,1.0,1.0,0.0,0.0,0.0,0.0,1.0,1.0,0.0,0.0,0.1409280638522052,18.30682932678399,16.710774967068446
3992,159.64,0.98,1,-0.032,0.339,0.085,-0.01,-0.054,0.0,0.0,0.0,0.0,2.02,3.56,0.35,2.24,3.06,1.97,0.0,0.0,0.0,0.0,3.7,0.73,0.71,0.0,0.0,0.0,0.0,1.0,1.0,1.0,1.0,1.0,1.0,0.0,0.0,0.0,0.0,1.0,1.0,0.0,0.0,0.12996920308722087,16.802678357928492,16.643316977093143
3993,159.68,0.98,1,-0.027,0.339,0.098,-0.016,-0.028,0.0,0.0,0.0,0.0,2.04,3.49,0.35,2.2,3.14,2.06,0.0,0.0,0.0,0.0,3.69,0.82,0.84,0.0,0.0,0.0,0.0,1.0,1.0,1.0,1.0,1.0,1.0,0.0,0.0,0.0,0.0,1.0,1.0,0.0,0.0,0.12837653321574558,16.510905486980413,16.743058263053427
3994,159.72,0.98,1,-0.017,0.347,0.103,-0.013,-0.038,0.0,0.0,0.0,0.0,1.97,3.31,0.23,2.27,3.14,2.07,0.0,0.01,0.0,0.0,3.65,0.93,0.67,0.0,0.0,0.0,0.0,1.0,1.0,1.0,1.0,1.0,1.0,0.0,0.0,0.0,0.0,1.0,1.0,0.0,0.0,0.13215473081993664,16.510905486980416,17.734147850968238
3995,159.76,0.98,1,-0.013,0.352,0.12,-0.02,-0.02,0.0,0.0,0.0,0.0,1.97,3.35,0.16,2.37,3.17,2.16,0.0,0.01,0.0,0.0,3.53,0.66,0.56,0.0,0.0,0.0,0.0,1.0,1.0,1.0,1.0,1.0,1.0,0.0,0.0,0.0,0.0,1.0,1.0,0.0,0.0,0.13335909600120857,16.2111073033276,17.634341496069442
3996,159.8,0.98,1,-0.018,0.351,0.111,-0.025,-0.045,0.0,0.0,0.0,0.0,1.96,3.34,0.12,2.36,3.15,2.3,0.0,0.01,0.0,0.0,3.53,0.6,0.46,0.0,0.0,0.0,0.0,1.0,1.0,1.0,1.0,1.0,1.0,0.0,0.0,0.0,0.0,1.0,1.0,0.0,0.0,0.1335784530449578,17.528548142958105,18.916923639957815
3997,159.84,0.98,1,-0.014,0.367,0.127,-0.006,-0.045,0.0,0.0,0.0,0.0,1.9,3.32,0.08,2.32,3.17,2.39,0.0,0.0,0.0,0.0,3.53,0.49,0.5,0.0,0.0,0.0,0.0,1.0,1.0,1.0,1.0,1.0,1.0,0.0,0.0,0.0,0.0,1.0,1.0,0.0,0.0,0.13250950520431065,16.61083983427703,18.12760326132489
3998,159.88,0.98,1,-0.014,0.357,0.137,-0.015,-0.019,0.0,0.0,0.0,0.0,1.93,3.29,0.11,2.24,3.16,2.44,0.0,0.0,0.02,0.0,3.56,0.44,0.43,0.0,0.0,0.0,0.0,1.0,1.0,1.0,1.0,1.0,1.0,0.0,0.0,0.0,0.0,1.0,1.0,0.0,0.0,0.13730948858316988,17.90446871593802,18.42715387682003
3999,159.92,0.98,1,-0.019,0.356,0.128,-0.024,-0.041,0.0,0.0,0.0,0.0,1.94,3.25,0.07,2.22,3.22,2.41,0.0,0.0,0.02,0.0,3.54,0.35,0.27,0.0,0.0,0.0,0.0,1.0,1.0,1.0,1.0,1.0,1.0,0.0,0.0,0.0,0.0,1.0,1.0,0.0,0.0,0.13758458132740337,17.423260314878014,18.704277585622002
4000,159.96,0.98,1,-0.023,0.37,0.141,-0.009,-0.039,0.0,0.0,0.0,0.0,1.97,3.47,0.13,2.27,3.21,2.47,0.0,0.0,0.02,0.0,3.53,0.34,0.11,0.0,0.0,0.0,0.0,1.0,1.0,1.0,1.0,1.0,1.0,0.0,0.0,0.0,0.0,1.0,1.0,0.0,0.0,0.13749132461798674,17.110523077919172,18.421997720117204
4001,160.0,0.98,1,-0.016,0.367,0.149,-0.015,-0.013,0.0,0.0,0.0,0.0,1.87,3.6,0.12,2.24,3.18,2.4,0.0,0.01,0.03,0.0,3.58,0.6,0.09,0.0,0.0,0.0,0.0,1.0,1.0,1.0,1.0,1.0,1.0,0.0,0.0,0.0,0.0,1.0,1.0,0.0,0.0,0.1420087009300526,17.31415605797748,18.62686232299999
4002,160.04,0.98,1,-0.02,0.365,0.162,-0.019,-0.003,0.0,0.0,0.0,0.0,1.82,3.69,0.15,2.36,3.1,2.39,0.0,0.02,0.04,0.0,3.66,0.62,0.0,0.0,0.0,0.0,0.0,1.0,1.0,1.0,1.0,1.0,1.0,0.0,0.0,0.0,0.0,1.0,1.0,0.0,0.0,0.1418335307285653,16.829735589129097,18.009997223764362
4003,160.08,0.98,1,-0.011,0.352,0.143,-0.035,-0.025,0.0,0.0,0.0,0.0,1.9,3.74,0.22,2.4,3.07,2.4,0.0,0.02,0.07,0.0,3.78,0.75,0.03,0.0,0.0,0.0,0.0,1.0,1.0,1.0,1.0,1.0,1.0,0.0,0.0,0.0,0.0,1.0,1.0,0.0,0.0,0.14109425989130434,18.017769007288337,19.40927613281842
4004,160.12,0.98,1,-0.008,0.353,0.174,-0.008,-0.029,0.0,0.0,0.0,0.0,1.85,3.53,0.25,2.51,3.0,2.46,0.0,0.17,0.04,0.0,3.93,0.79,0.03,0.0,0.0,0.0,0.0,1.0,1.0,1.0,1.0,1.0,1.0,0.0,0.0,0.0,0.0,1.0,1.0,0.0,0.0,0.15528738483571877,19.606376513777484,20.208908926510652
4005,160.16,0.98,1,-0.04,0.38,0.187,-0.004,-0.011,0.0,0.0,0.0,0.0,1.63,2.78,0.24,2.44,2.99,2.53,0.0,0.2,0.07,0.0,4.07,1.02,0.56,0.0,0.0,0.0,0.0,1.0,1.0,1.0,1.0,1.0,1.0,0.0,0.0,0.0,0.0,1.0,1.0,0.0,0.0,0.1422196690083226,17.402586014727902,19.825236442473976
4006,160.2,0.98,1,-0.022,0.475,0.172,-0.012,0.002,0.0,0.0,0.0,0.0,1.43,2.11,0.15,2.48,2.99,2.58,0.0,0.34,0.11,0.0,3.93,0.9,1.09,0.0,0.0,0.0,0.0,1.0,1.0,1.0,1.0,1.0,1.0,0.0,0.0,0.0,0.0,1.0,1.0,0.0,0.0,0.12769214576311028,16.719150696132907,18.401086924418216
4007,160.24,0.93,1,-0.012,0.545,0.174,0.005,0.004,0.0,0.0,0.0,0.0,1.43,2.01,0.2,2.41,2.97,2.52,0.0,0.31,0.21,0.0,3.8,0.91,1.32,0.0,0.0,0.0,0.0,1.0,1.0,1.0,1.0,1.0,1.0,0.0,0.0,0.0,0.0,1.0,1.0,0.0,0.0,0.040971413274505736,20.319940944796027,21.105923339195474
4008,160.28,0.98,1,-0.033,0.421,0.167,0.006,0.007,0.0,0.0,0.0,0.0,1.53,2.73,0.23,2.34,2.93,2.38,0.0,0.44,0.16,0.0,3.68,0.89,0.79,0.0,0.0,0.0,0.0,1.0,1.0,1.0,1.0,1.0,1.0,0.0,0.0,0.0,0.0,1.0,1.0,0.0,0.0,0.09607226159675868,20.408821622033802,20.900956915892497
4009,160.32,0.98,1,-0.033,0.356,0.164,-0.003,0.012,0.0,0.0,0.0,0.0,1.59,3.29,0.28,2.27,2.92,2.21,0.0,0.44,0.09,0.0,3.77,1.07,0.23,0.0,0.0,0.0,0.0,1.0,1.0,1.0,1.0,1.0,1.0,0.0,0.0,0.0,0.0,1.0,1.0,0.0,0.0,0.1550713983058139,17.710166571774575,19.709134937891157
4010,160.36,0.98,1,-0.057,0.365,0.186,-0.015,0.02,0.0,0.0,0.0,0.0,1.53,3.55,0.19,2.26,2.97,2.21,0.0,0.43,0.03,0.0,3.85,1.16,0.0,0.0,0.0,0.0,0.0,1.0,1.0,1.0,1.0,1.0,1.0,0.0,0.0,0.0,0.0,1.0,1.0,0.0,0.0,0.16034180581432578,18.200274723201343,19.10235587565066
4011,160.4,0.98,1,-0.049,0.358,0.194,-0.012,0.023,0.0,0.0,0.0,0.0,1.53,3.58,0.13,2.24,2.93,2.16,0.06,0.41,0.09,0.0,3.88,1.24,0.0,0.0,0.0,0.0,0.0,1.0,1.0,1.0,1.0,1.0,1.0,0.0,0.0,0.0,0.0,1.0,1.0,0.0,0.0,0.16244757193429654,18.59999999999991,18.213456563760577
4012,160.44,0.98,1,-0.044,0.368,0.205,-0.005,0.025,0.0,0.0,0.0,0.0,1.42,3.38,0.04,2.19,2.82,2.14,0.07,0.43,0.09,0.0,3.86,1.22,0.0,0.0,0.0,0.0,0.0,1.0,1.0,1.0,1.0,1.0,1.0,0.0,0.0,0.0,0.0,1.0,1.0,0.0,0.0,0.16037113938308484,18.9023808024279,18.90238080242813
4013,160.48,0.98,1,-0.046,0.4,0.227,-0.0,0.026,0.0,0.0,0.0,0.0,1.43,3.12,0.03,2.12,2.69,2.13,0.1,0.43,0.07,0.0,3.76,1.09,0.0,0.0,0.0,0.0,0.0,1.0,1.0,1.0,1.0,1.0,1.0,0.0,0.0,0.0,0.0,1.0,1.0,0.0,0.0,0.1546425871569895,17.5025712396779,19.70406049523808
4014,160.52,0.98,1,-0.052,0.403,0.248,0.012,0.021,0.0,0.0,0.02,0.0,1.45,2.98,0.1,2.05,2.62,2.23,0.04,0.44,0.01,0.0,3.61,1.0,0.0,0.0,0.0,0.0,0.0,1.0,1.0,1.0,1.0,1.0,1.0,0.0,0.0,0.0,0.0,1.0,1.0,0.0,0.0,0.15901319056382884,18.902380802428127,19.00026315607234
4015,160.56,0.98,1,-0.076,0.395,0.252,0.017,0.024,0.0,0.0,0.02,0.0,1.49,3.04,0.16,1.95,2.62,2.23,0.1,0.49,0.01,0.0,3.47,1.0,0.0,0.0,0.0,0.0,0.0,1.0,1.0,1.0,1.0,1.0,1.0,0.0,0.0,0.0,0.0,1.0,1.0,0.0,0.0,0.1674861542009484,19.501025614054253,19.700253805471462
4016,160.6,0.98,1,-0.073,0.392,0.249,0.018,0.027,0.0,0.0,0.02,0.0,1.47,3.14,0.19,1.88,2.63,2.18,0.08,0.56,0.0,0.0,3.4,1.1,0.0,0.0,0.0,0.0,0.0,1.0,1.0,1.0,1.0,1.0,1.0,0.0,0.0,0.0,0.0,1.0,1.0,0.0,0.0,0.16932812849385215,20.806008747474806,20.303940504246906
4017,160.64,0.98,1,-0.078,0.39,0.242,0.018,0.029,0.0,0.0,0.0,0.0,1.42,3.2,0.18,1.85,2.64,2.03,0.14,0.62,0.0,0.0,3.38,1.14,0.0,0.0,0.0,0.0,0.0,1.0,1.0,1.0,1.0,1.0,1.0,0.0,0.0,0.0,0.0,1.0,1.0,0.0,0.0,0.17404694491156456,21.002142747824564,20.20618717126024
4018,160.68,0.98,1,-0.084,0.391,0.252,0.015,0.033,0.0,0.0,0.0,0.0,1.43,3.23,0.18,1.89,2.68,2.03,0.19,0.55,0.0,0.0,3.4,1.12,0.0,0.0,0.0,0.0,0.0,1.0,1.0,1.0,1.0,1.0,1.0,0.0,1.0,0.0,0.0,1.0,1.0,0.0,0.0,0.17988310956892561,21.900913222968672,20.412006270819987
4019,160.72,0.98,1,-0.082,0.388,0.256,0.019,0.035,0.0,0.0,0.0,0.0,1.46,3.26,0.23,1.83,2.72,2.02,0.24,0.45,0.0,0.0,3.37,1.02,0.0,0.0,0.0,0.0,0.0,1.0,1.0,1.0,1.0,1.0,1.0,0.0,1.0,0.0,0.0,1.0,1.0,0.0,0.0,0.1785643340721987,21.90000000000009,21.015232570685487
4020,160.76,0.98,1,-0.085,0.382,0.242,0.021,0.04,0.0,0.0,0.0,0.0,1.51,3.39,0.33,1.69,2.76,2.16,0.18,0.36,0.0,0.0,3.29,1.02,0.0,0.0,0.0,0.0,0.0,1.0,1.0,1.0,1.0,1.0,1.0,0.0,0.0,0.0,0.0,1.0,1.0,0.0,0.0,0.1790198837504984,22.0,20.412006270819987
4021,160.8,0.98,1,-0.108,0.413,0.248,0.031,0.043,0.0,0.0,0.0,0.0,1.61,3.24,0.42,1.49,2.72,2.1,0.09,0.34,0.0,0.0,3.22,1.1,0.0,0.0,0.0,0.0,0.0,1.0,1.0,1.0,1.0,1.0,1.0,0.0,0.0,0.0,0.0,1.0,1.0,0.0,0.0,0.16236135559228707,19.70025380547169,18.333030300525827
4022,160.84,0.98,1,-0.166,0.374,0.212,0.051,0.045,0.0,0.0,0.0,0.0,1.73,3.13,0.48,1.32,2.7,1.99,0.03,0.31,0.0,0.0,3.12,1.25,0.0,0.0,0.0,0.0,0.0,1.0,1.0,1.0,1.0,1.0,1.0,0.0,0.0,0.0,0.0,1.0,1.0,0.0,0.0,0.15352834713599137,22.703523955544917,21.128653530218063
4023,160.88,0.98,1,-0.183,0.364,0.193,0.07,0.046,0.0,0.0,0.0,0.0,1.84,2.98,0.43,1.18,2.66,1.71,0.03,0.21,0.05,0.05,3.18,1.31,0.0,0.0,0.0,0.0,0.0,1.0,1.0,1.0,1.0,1.0,1.0,0.0,0.0,0.0,0.0,1.0,1.0,0.0,0.0,0.15184714691335943,22.910696191953523,22.93686988235326
4024,160.92,0.98,1,-0.196,0.358,0.182,0.09,0.047,0.0,0.0,0.0,0.0,1.9,3.02,0.34,1.13,2.68,1.62,0.0,0.1,0.06,0.08,3.18,1.36,0.0,0.0,0.0,0.0,0.0,1.0,1.0,1.0,1.0,1.0,1.0,0.0,0.0,0.0,0.0,1.0,1.0,0.0,0.0,0.15254370567418515,23.21055794245373,22.643321311150356
4025,160.96,0.98,1,-0.218,0.354,0.176,0.103,0.047,0.0,0.0,0.0,0.0,2.01,3.08,0.26,1.25,2.74,1.5,0.0,0.02,0.06,0.08,3.33,1.38,0.0,0.0,0.0,0.0,0.0,1.0,1.0,1.0,1.0,1.0,1.0,0.0,0.0,0.0,0.0,1.0,1.0,0.0,0.0,0.1521191253003672,24.400204917172406,23.485314560380157
4026,161.0,0.98,1,-0.229,0.351,0.175,0.117,0.04,0.0,0.0,0.0,0.0,2.11,3.02,0.24,1.43,2.81,1.59,0.0,0.0,0.01,0.03,3.36,1.32,0.0,0.0,0.0,0.0,0.0,1.0,1.0,1.0,1.0,1.0,1.0,0.0,0.0,0.0,0.0,1.0,1.0,0.0,0.0,0.15877072539946047,23.700210969525187,24.200206610688177
4027,161.04,0.98,1,-0.236,0.354,0.173,0.125,0.037,0.0,0.0,0.0,0.0,2.2,2.92,0.27,1.56,2.86,1.59,0.0,0.0,0.0,0.0,3.42,1.19,0.0,0.0,0.0,0.0,0.0,1.0,1.0,1.0,1.0,1.0,1.0,0.0,0.0,0.0,0.0,1.0,1.0,0.0,0.0,0.15607154923249744,23.503404008781366,23.684594148939848
4028,161.08,0.98,1,-0.237,0.355,0.167,0.131,0.037,0.0,0.0,0.0,0.0,2.24,2.86,0.26,1.6,2.85,1.69,0.0,0.0,0.0,0.02,3.44,1.02,0.0,0.0,0.0,0.0,0.0,1.0,1.0,1.0,1.0,1.0,1.0,0.0,0.0,0.0,0.0,1.0,1.0,0.0,0.0,0.15469888427726514,23.201939574096,23.99208202720209
4029,161.12,0.98,1,-0.235,0.348,0.16,0.136,0.036,0.0,0.0,0.0,0.0,2.23,2.68,0.31,1.59,2.87,1.63,0.0,0.0,0.0,0.02,3.51,1.01,0.0,0.0,0.0,0.0,0.0,1.0,1.0,1.0,1.0,1.0,1.0,0.0,0.0,0.0,0.0,1.0,1.0,0.0,0.0,0.15104931059349666,23.003477997902838,26.518107021429692
4030,161.16,0.98,1,-0.236,0.349,0.163,0.143,0.034,0.0,0.0,0.0,0.0,2.25,2.75,0.3,1.62,2.9,1.72,0.0,0.0,0.0,0.02,3.61,0.97,0.0,0.0,0.0,0.0,0.0,1.0,1.0,1.0,1.0,1.0,1.0,0.0,0.0,0.0,0.0,1.0,1.0,0.0,0.0,0.16095296750267785,21.903652663425888,27.563744302978733
4031,161.2,0.98,1,-0.24,0.345,0.157,0.144,0.035,0.0,0.0,0.0,0.0,2.17,2.7,0.24,1.62,2.92,1.65,0.0,0.0,0.0,0.0,3.66,1.05,0.21,0.0,0.0,0.0,0.0,1.0,1.0,1.0,1.0,1.0,1.0,0.0,0.0,0.0,0.0,1.0,1.0,0.0,0.0,0.15818516300880592,21.911184358678423,26.967387711826994
4032,161.24,0.98,1,-0.213,0.342,0.156,0.142,0.035,0.0,0.0,0.0,0.0,1.95,2.32,0.15,1.61,2.95,1.74,0.0,0.0,0.09,0.0,3.74,1.14,1.02,0.0,0.0,0.0,0.0,1.0,1.0,1.0,1.0,1.0,1.0,0.0,0.0,0.0,0.0,1.0,1.0,0.0,0.0,0.1683484586133262,21.61480973777021,24.881519246219604
4033,161.28,0.98,1,-0.226,0.519,0.166,0.144,0.034,0.0,0.0,0.0,0.0,1.71,2.05,0.11,1.55,2.9,1.68,0.0,0.0,0.25,0.0,3.73,1.34,1.89,0.0,0.0,0.0,0.0,1.0,1.0,1.0,1.0,1.0,1.0,0.0,0.0,0.0,0.0,1.0,1.0,0.0,0.0,0.10520161961492765,18.552897347853783,18.44586674569681
4034,161.32,0.98,1,-0.175,0.534,0.152,0.13,0.037,0.0,0.0,0.0,0.0,1.48,2.01,0.13,1.45,2.82,1.75,0.0,0.06,0.38,0.0,3.69,1.47,2.35,0.0,0.0,0.0,0.0,1.0,1.0,1.0,1.0,1.0,1.0,0.0,0.0,0.0,0.0,1.0,1.0,0.0,0.0,0.05254133475666238,20.28003944769343,23.403418553707038
4035,161.36,0.98,1,-0.129,0.467,0.142,0.106,0.042,0.0,0.0,0.0,0.0,1.41,2.62,0.14,1.44,2.68,1.66,0.0,0.14,0.51,0.0,3.55,1.62,1.87,0.0,0.0,0.0,0.0,1.0,1.0,1.0,1.0,1.0,1.0,0.0,0.0,0.0,0.0,1.0,1.0,0.0,0.0,0.13047302524746066,18.84091292904866,21.028789789238942
4036,161.4,0.98,1,-0.087,0.373,0.148,0.087,0.042,0.0,0.0,0.0,0.0,1.4,2.96,0.15,1.46,2.61,1.6,0.0,0.23,0.51,0.0,3.41,1.67,1.16,0.0,0.0,0.0,0.0,1.0,1.0,1.0,1.0,1.0,1.0,0.0,0.0,0.0,0.0,1.0,1.0,0.0,0.0,0.15293976913990226,19.936148073286233,18.704277585622002
4037,161.44,0.98,1,-0.08,0.365,0.16,0.07,0.039,0.0,0.0,0.0,0.0,1.42,3.26,0.16,1.51,2.55,1.53,0.0,0.27,0.52,0.0,3.28,1.74,0.49,0.0,0.0,0.0,0.0,1.0,1.0,1.0,1.0,1.0,1.0,0.0,0.0,0.0,0.0,1.0,1.0,0.0,0.0,0.1532015019420127,18.532673849177836,18.609674903124898
4038,161.48,0.98,1,-0.067,0.34,0.163,0.058,0.037,0.0,0.0,0.0,0.0,1.43,3.23,0.12,1.51,2.56,1.49,0.0,0.32,0.38,0.0,3.19,1.7,0.14,0.0,0.0,0.0,0.0,1.0,1.0,1.0,1.0,1.0,1.0,0.0,0.0,0.0,0.0,1.0,1.0,0.0,0.0,0.16715657176082244,19.450449866262595,20.341583025910207
4039,161.52,0.98,1,-0.06,0.342,0.166,0.05,0.037,0.0,0.0,0.0,0.0,1.41,3.26,0.09,1.57,2.57,1.53,0.0,0.34,0.22,0.0,3.16,1.69,0.0,0.0,0.0,0.0,0.0,1.0,1.0,1.0,1.0,1.0,1.0,0.0,0.0,0.0,0.0,1.0,1.0,0.0,0.0,0.17639286196115406,20.11591409804676,20.62934802653725
4040,161.56,0.98,1,-0.064,0.343,0.17,0.045,0.037,0.0,0.0,0.0,0.0,1.35,3.14,0.06,1.63,2.59,1.47,0.0,0.28,0.09,0.0,3.16,1.68,0.04,0.0,0.0,0.0,0.0,1.0,1.0,1.0,1.0,1.0,1.0,0.0,0.0,0.0,0.0,1.0,1.0,0.0,0.0,0.18248796122780594,20.81537893001225,20.529490982486635
4041,161.6,0.98,1,-0.064,0.34,0.171,0.042,0.038,0.0,0.0,0.0,0.0,1.3,3.11,0.06,1.69,2.59,1.37,0.0,0.26,0.08,0.0,3.16,1.57,0.09,0.0,0.0,0.0,0.0,1.0,1.0,1.0,1.0,1.0,1.0,0.0,0.0,0.0,0.0,1.0,1.0,0.0,0.0,0.18913025308932335,21.319005605327796,21.323461257497527
4042,161.64,0.98,1,-0.057,0.329,0.16,0.036,0.043,0.0,0.0,0.0,0.0,1.3,3.12,0.07,1.64,2.59,1.22,0.0,0.28,0.18,0.0,3.14,1.45,0.09,0.0,0.0,0.0,0.0,1.0,1.0,1.0,1.0,1.0,1.0,0.0,0.0,0.0,0.0,1.0,1.0,0.0,0.0,0.19216322372123584,21.319005605327796,22.127358631341338
4043,161.68,0.98,1,-0.053,0.327,0.165,0.035,0.044,0.0,0.0,0.0,0.01,1.32,3.1,0.09,1.65,2.59,1.17,0.0,0.32,0.31,0.0,3.1,1.4,0.05,0.0,0.0,0.0,0.0,1.0,1.0,1.0,1.0,1.0,1.0,0.0,0.0,0.0,0.0,1.0,1.0,0.0,0.0,0.19346806478575887,21.11918559035849,22.038375620721236
4044,161.72,0.98,1,-0.062,0.302,0.162,0.029,0.049,0.0,0.0,0.0,0.01,1.34,3.1,0.07,1.67,2.59,1.24,0.0,0.36,0.28,0.0,3.12,1.43,0.0,0.0,0.0,0.0,0.0,1.0,1.0,1.0,1.0,1.0,1.0,0.0,0.0,0.0,0.0,1.0,1.0,0.0,0.0,0.2214393410002535,22.232408776378726,23.436083290516024
4045,161.76,0.98,1,-0.066,0.312,0.16,0.024,0.052,0.0,0.0,0.0,0.01,1.27,3.02,0.05,1.73,2.56,1.28,0.0,0.3,0.17,0.0,3.22,1.5,0.0,0.0,0.0,0.0,0.0,1.0,1.0,1.0,1.0,1.0,1.0,0.0,0.0,0.0,0.0,1.0,1.0,0.0,0.0,0.21824415684197007,22.622113075484258,23.142385356743063
4046,161.8,0.98,1,-0.074,0.305,0.159,0.018,0.052,0.0,0.0,0.0,0.0,1.18,3.03,0.01,1.73,2.51,1.37,0.01,0.33,0.11,0.0,3.31,1.52,0.0,0.0,0.0,0.0,0.0,1.0,1.0,1.0,1.0,1.0,1.0,0.0,0.0,0.0,0.0,1.0,1.0,0.0,0.0,0.22719285376033377,23.401922997907537,23.541665191740364
4047,161.84,0.98,1,-0.073,0.298,0.154,0.014,0.054,0.0,0.0,0.0,0.0,1.12,3.04,0.03,1.7,2.48,1.37,0.01,0.34,0.11,0.0,3.22,1.53,0.0,0.0,0.0,0.0,0.0,1.0,1.0,1.0,1.0,1.0,1.0,0.0,0.0,0.0,0.0,1.0,1.0,0.0,0.0,0.23405000485806832,23.401922997907533,23.853720883753308
4048,161.88,0.98,1,-0.075,0.302,0.153,0.014,0.051,0.0,0.02,0.0,0.08,1.08,3.0,0.04,1.63,2.4,1.36,0.01,0.41,0.13,0.0,3.09,1.59,0.0,0.0,0.0,0.0,0.0,1.0,1.0,1.0,1.0,1.0,1.0,0.0,0.0,0.0,0.0,1.0,1.0,0.0,0.0,0.23572871000449874,23.70084386683314,23.867970169245595
4049,161.92,0.98,1,-0.063,0.295,0.137,0.009,0.051,0.0,0.02,0.0,0.09,1.01,2.82,0.04,1.53,2.31,1.25,0.0,0.48,0.05,0.0,2.96,1.66,0.0,0.0,0.0,0.0,0.0,1.0,1.0,1.0,1.0,1.0,1.0,0.0,0.0,0.0,0.0,1.0,1.0,0.0,0.0,0.23322851865821148,23.20344801963713,23.661149591682893
4050,161.96,0.98,1,-0.051,0.323,0.139,0.01,0.047,0.0,0.02,0.0,0.14,0.93,2.71,0.03,1.42,2.13,1.07,0.05,0.53,0.06,0.0,2.88,1.73,0.0,0.0,0.0,0.0,0.0,1.0,1.0,1.0,1.0,1.0,1.0,0.0,0.0,0.0,0.0,1.0,1.0,0.0,0.0,0.22226561727460137,23.300214591286448,23.85372088375308
4051,162.0,0.98,1,-0.045,0.322,0.139,-0.005,0.048,0.0,0.0,0.0,0.08,0.83,2.63,0.03,1.26,1.97,0.84,0.11,0.61,0.04,0.0,2.81,1.74,0.0,0.0,0.0,0.0,0.0,1.0,1.0,1.0,1.0,1.0,1.0,0.0,0.0,0.0,0.0,1.0,1.0,0.0,0.0,0.22863204681783408,23.6171547820648,22.722015755649895
4052,162.04,0.98,1,-0.042,0.319,0.13,-0.002,0.049,0.0,0.0,0.0,0.16,0.77,2.68,0.01,1.15,1.82,0.65,0.12,0.62,0.05,0.0,2.67,1.75,0.0,0.0,0.0,0.0,0.0,1.0,1.0,0.0,1.0,1.0,1.0,0.0,0.0,0.0,0.0,1.0,1.0,0.0,0.0,0.2217743293888766,23.313729860320457,23.62117693934821
4053,162.08,0.98,1,-0.034,0.32,0.129,-0.004,0.048,0.0,0.0,0.0,0.2,0.72,2.53,0.0,0.98,1.73,0.5,0.15,0.57,0.09,0.0,2.67,1.83,0.0,0.0,0.0,0.0,0.0,1.0,1.0,0.0,1.0,1.0,1.0,0.0,0.0,0.0,0.0,1.0,1.0,0.0,0.0,0.21996103197336325,23.22606294661219,23.226062946612412
4054,162.12,0.98,1,-0.042,0.324,0.134,-0.005,0.046,0.0,0.0,0.0,0.2,0.72,2.41,0.0,0.92,1.76,0.51,0.1,0.45,0.09,0.0,2.65,1.91,0.0,0.0,0.0,0.0,0.0,1.0,1.0,0.0,1.0,1.0,1.0,0.0,0.0,0.0,0.0,1.0,1.0,0.0,0.0,0.22668217949887737,23.22606294661219,23.521266972678152
4055,162.16,0.98,1,-0.03,0.32,0.136,-0.004,0.042,0.0,0.0,0.0,0.2,0.7,2.18,0.0,0.88,1.88,0.45,0.09,0.35,0.08,0.0,2.69,1.89,0.0,0.0,0.0,0.0,0.0,1.0,1.0,0.0,1.0,1.0,1.0,0.0,0.0,0.0,0.0,1.0,1.0,0.0,0.0,0.2264613946120907,23.031283073246268,23.517227727774376
4056,162.2,0.98,1,-0.037,0.32,0.139,-0.002,0.041,0.0,0.0,0.0,0.23,0.69,2.2,0.0,0.95,2.01,0.58,0.01,0.31,0.01,0.0,2.68,1.83,0.0,0.0,0.0,0.0,0.0,1.0,1.0,0.0,1.0,1.0,1.0,0.0,0.0,0.0,0.0,1.0,1.0,0.0,0.0,0.23197209334740426,22.817756243767654,23.825406607233333
4057,162.24,0.98,1,-0.031,0.323,0.144,-0.0,0.038,0.0,0.0,0.0,0.28,0.67,2.16,0.0,0.97,2.05,0.7,0.0,0.26,0.0,0.0,2.64,1.71,0.0,0.0,0.0,0.0,0.0,1.0,1.0,0.0,1.0,1.0,1.0,0.0,0.0,0.0,0.0,1.0,1.0,0.0,0.0,0.22817301281898883,23.021728866442675,22.714092541856083
4058,162.28,0.98,1,-0.034,0.323,0.142,0.004,0.037,0.0,0.0,0.0,0.31,0.69,2.2,0.0,0.95,2.07,0.79,0.0,0.2,0.03,0.0,2.65,1.76,0.0,0.0,0.0,0.0,0.0,1.0,1.0,0.0,1.0,1.0,1.0,0.0,0.0,0.0,0.0,1.0,1.0,0.0,0.0,0.22380622728136526,22.817756243767654,22.71409254185608
4059,162.32,0.98,1,-0.034,0.324,0.146,0.005,0.036,0.0,0.0,0.0,0.34,0.7,2.18,0.0,0.91,2.02,0.71,0.0,0.13,0.05,0.0,2.65,1.85,0.0,0.0,0.0,0.0,0.0,1.0,1.0,0.0,1.0,1.0,1.0,0.0,0.0,0.0,0.0,1.0,1.0,0.0,0.0,0.2279878896486508,23.40769104375748,22.71409254185608
4060,162.36,0.98,1,-0.046,0.337,0.147,0.002,0.041,0.0,0.0,0.0,0.32,0.68,2.23,0.0,0.83,1.98,0.57,0.0,0.07,0.05,0.0,2.7,2.03,0.0,0.0,0.0,0.0,0.0,1.0,1.0,0.0,1.0,1.0,1.0,0.0,0.0,0.0,0.0,1.0,1.0,0.0,0.0,0.21230871555772732,23.513613078385042,23.107790893981964
4061,162.4,0.98,1,-0.041,0.322,0.141,0.002,0.043,0.0,0.0,0.0,0.22,0.62,2.21,0.0,0.69,1.93,0.54,0.0,0.05,0.02,0.0,2.65,1.96,0.0,0.0,0.0,0.0,0.0,1.0,1.0,0.0,1.0,1.0,1.0,0.0,0.0,0.0,0.0,1.0,1.0,0.0,0.0,0.2263616274750612,23.82099913941497,23.721087664776295
4062,162.44,0.98,1,-0.038,0.318,0.129,0.005,0.04,0.0,0.0,0.0,0.07,0.5,2.1,0.0,0.58,1.93,0.56,0.0,0.13,0.0,0.0,2.68,1.76,0.0,0.0,0.0,0.0,0.0,1.0,1.0,0.0,0.0,1.0,1.0,0.0,0.0,0.0,0.0,1.0,1.0,0.0,0.0,0.2307183161457272,23.41730129626393,21.711287386978967
4063,162.48,0.98,1,-0.039,0.311,0.118,0.007,0.041,0.0,0.0,0.0,0.03,0.41,2.03,0.0,0.46,1.91,0.57,0.0,0.2,0.0,0.0,2.62,1.4,0.0,0.0,0.0,0.0,0.0,1.0,1.0,0.0,0.0,1.0,1.0,0.0,0.0,0.0,0.0,1.0,1.0,0.0,0.0,0.2339321934788805,22.910696191953523,22.10814329607975
4064,162.52,0.98,1,-0.034,0.311,0.123,0.002,0.04,0.06,0.0,0.0,0.0,0.36,2.24,0.03,0.51,1.73,0.5,0.0,0.36,0.0,0.0,2.59,1.41,0.0,0.0,0.0,0.0,0.0,1.0,1.0,0.0,0.0,1.0,1.0,0.0,0.0,0.0,0.0,1.0,1.0,0.0,0.0,0.228969826127482,23.436083290515796,21.80825531765432
4065,162.56,0.98,1,-0.052,0.333,0.131,-0.002,0.041,0.16,0.03,0.0,0.0,0.27,2.45,0.03,0.51,1.48,0.38,0.0,0.44,0.0,0.0,2.44,1.68,0.0,0.0,0.0,0.0,0.0,1.0,1.0,0.0,0.0,1.0,1.0,0.0,0.0,0.0,0.0,1.0,1.0,0.0,0.0,0.2134045909423644,23.126175645791637,24.24644303810337
4066,162.6,0.98,1,-0.04,0.338,0.139,-0.009,0.042,0.23,0.12,0.0,0.0,0.21,2.52,0.03,0.51,1.23,0.23,0.11,0.63,0.0,0.0,2.25,1.95,0.0,0.0,0.0,0.0,0.0,0.0,1.0,0.0,0.0,1.0,1.0,0.0,1.0,0.0,0.0,1.0,1.0,0.0,0.0,0.2202936991614673,22.737194198053373,23.741314201197696
4067,162.64,0.98,1,-0.038,0.332,0.129,-0.013,0.045,0.19,0.12,0.0,0.0,0.13,2.45,0.0,0.53,1.17,0.2,0.25,0.76,0.0,0.0,2.01,1.98,0.0,0.0,0.0,0.0,0.0,0.0,1.0,0.0,0.0,1.0,1.0,0.0,1.0,0.0,0.0,1.0,1.0,0.0,0.0,0.21782689247789172,22.63183598385262,23.64762144487277
4068,162.68,0.98,1,-0.05,0.337,0.127,-0.013,0.045,0.09,0.09,0.0,0.0,0.18,2.58,0.08,0.57,1.25,0.3,0.25,0.77,0.0,0.0,1.86,1.8,0.0,0.0,0.0,0.0,0.0,0.0,1.0,0.0,0.0,1.0,1.0,0.0,1.0,0.0,0.0,1.0,1.0,0.0,0.0,0.22328463504159893,23.53592997950155,23.94702486740272
4069,162.72,0.98,1,-0.05,0.326,0.135,-0.008,0.04,0.11,0.0,0.0,0.0,0.29,2.66,0.14,0.69,1.46,0.44,0.13,0.61,0.0,0.0,1.97,1.6,0.0,0.0,0.0,0.0,0.0,0.0,1.0,0.0,0.0,1.0,1.0,0.0,1.0,0.0,0.0,1.0,1.0,0.0,0.0,0.23600469971669163,23.231013753170608,23.654175107155933
4070,162.76,0.98,1,-0.057,0.323,0.123,-0.001,0.038,0.12,0.0,0.0,0.0,0.39,2.83,0.16,0.7,1.64,0.6,0.0,0.44,0.0,0.0,2.21,1.49,0.0,0.0,0.0,0.0,0.0,1.0,1.0,0.0,0.0,1.0,1.0,0.0,0.0,0.0,0.0,1.0,1.0,0.0,0.0,0.2116718794788935,23.017601960239038,23.73562722996785
4071,162.8,0.98,1,-0.039,0.32,0.132,0.005,0.034,0.12,0.0,0.0,0.01,0.46,2.8,0.14,0.72,1.75,0.69,0.0,0.34,0.0,0.0,2.42,1.37,0.0,0.0,0.0,0.0,0.0,1.0,1.0,0.0,0.0,1.0,1.0,0.0,0.0,0.0,0.0,1.0,1.0,0.0,0.0,0.22589359444464813,22.817756243767654,22.31434516180114
4072,162.84,0.98,1,-0.046,0.312,0.12,0.005,0.036,0.03,0.0,0.0,0.11,0.44,2.91,0.15,0.73,1.75,0.75,0.0,0.32,0.0,0.0,2.46,1.26,0.0,0.0,0.0,0.0,0.0,1.0,1.0,1.0,0.0,1.0,1.0,0.0,0.0,0.0,0.0,1.0,1.0,0.0,0.0,0.21851263914847346,22.70792813094145,23.5306183514161
4073,162.88,0.98,1,-0.039,0.3,0.127,0.003,0.038,0.0,0.0,0.0,0.12,0.41,2.74,0.16,0.74,1.68,0.68,0.0,0.43,0.0,0.0,2.29,1.09,0.0,0.0,0.0,0.0,0.0,1.0,1.0,1.0,0.0,1.0,1.0,0.0,0.0,0.0,0.0,1.0,1.0,0.0,0.0,0.2400165629365349,22.0081802973349,21.72302925468734
4074,162.92,0.98,1,-0.047,0.31,0.107,0.007,0.04,0.0,0.0,0.0,0.11,0.34,2.7,0.18,0.7,1.51,0.51,0.0,0.5,0.0,0.0,1.98,0.96,0.0,0.0,0.0,0.0,0.0,1.0,1.0,1.0,0.0,1.0,1.0,0.0,0.0,0.0,0.0,1.0,1.0,0.0,0.0,0.2068198565648661,22.103619613085908,22.41093483101506
4075,162.96,0.98,1,-0.046,0.313,0.116,0.009,0.038,0.0,0.0,0.0,0.01,0.26,2.62,0.17,0.63,1.22,0.29,0.24,0.63,0.0,0.0,1.73,1.13,0.0,0.0,0.0,0.0,0.0,1.0,1.0,1.0,0.0,1.0,1.0,0.0,1.0,0.0,0.0,1.0,0.0,0.0,0.0,0.21365543672305318,22.300896842952255,21.61480973776998
4076,163.0,0.98,1,-0.051,0.341,0.116,-0.003,0.045,0.0,0.0,0.0,0.0,0.14,2.37,0.14,0.49,0.94,0.1,0.57,0.62,0.0,0.0,1.72,1.38,0.0,0.0,0.0,0.0,0.0,0.0,1.0,1.0,0.0,1.0,1.0,0.0,1.0,0.0,0.0,1.0,0.0,0.0,0.0,0.20366378822270292,23.021728866442675,23.317375495539753
4077,163.04,0.98,1,-0.04,0.31,0.132,-0.006,0.045,0.09,0.0,0.0,0.0,0.06,1.85,0.08,0.38,0.71,0.03,0.84,0.7,0.0,0.0,1.71,1.72,0.45,0.0,0.0,0.0,0.0,0.0,1.0,0.0,0.0,1.0,1.0,0.0,1.0,0.0,0.0,1.0,0.0,0.0,0.0,0.2522436330896438,21.608331726443065,21.91848534912926
4078,163.08,0.98,1,-0.051,0.397,0.125,0.001,0.046,0.23,0.0,0.0,0.0,0.0,1.39,0.03,0.33,0.63,0.17,0.79,0.75,0.0,0.0,1.53,1.72,1.04,0.0,0.0,0.0,0.0,0.0,1.0,0.0,0.0,1.0,1.0,0.0,1.0,0.0,0.0,1.0,0.0,0.0,1.0,0.2005125088470028,18.110770276274835,19.100261778310927
4079,163.12,0.98,1,-0.044,0.476,0.118,-0.0,0.048,0.25,0.0,0.0,0.0,0.0,1.33,0.03,0.37,0.62,0.23,0.57,0.96,0.0,0.0,0.97,1.45,1.55,0.0,0.0,0.0,0.0,0.0,0.0,0.0,0.0,1.0,1.0,0.0,1.0,0.0,0.0,1.0,0.0,0.0,1.0,0.1661244648994401,16.50969412193949,19.300259065618736
4080,163.16,0.98,1,-0.064,0.41,0.09,0.017,0.048,0.16,0.0,0.0,0.0,0.0,1.6,0.04,0.34,0.59,0.2,0.31,0.93,0.0,0.0,0.57,1.02,1.48,0.0,0.0,0.0,0.0,0.0,0.0,0.0,0.0,1.0,1.0,0.0,0.0,0.0,0.0,1.0,0.0,0.0,1.0,0.16630581942907313,18.49783771147307,20.102238681301284
4081,163.2,0.98,1,-0.128,0.358,0.097,0.027,0.047,0.02,0.0,0.0,0.0,0.04,1.95,0.05,0.28,0.62,0.06,0.19,0.75,0.0,0.0,0.44,0.89,0.9,0.0,0.0,0.0,0.0,0.0,1.0,0.0,0.0,1.0,1.0,0.0,0.0,0.0,0.0,1.0,0.0,0.0,1.0,0.1642159271050876,16.736188335460422,20.608736011701357
4082,163.24,0.98,1,-0.169,0.341,0.117,0.038,0.044,0.0,0.0,0.0,0.03,0.09,2.09,0.05,0.15,0.67,0.0,0.08,0.48,0.01,0.0,0.74,0.98,0.39,0.0,0.0,0.0,0.0,1.0,0.0,0.0,0.0,1.0,1.0,0.0,0.0,0.0,0.0,1.0,0.0,0.0,1.0,0.18134003698611723,22.11447489767722,23.547823678633232
4083,163.28,0.98,1,-0.179,0.314,0.113,0.047,0.045,0.0,0.0,0.0,0.12,0.17,2.04,0.02,0.08,0.77,0.0,0.11,0.39,0.01,0.0,0.83,1.08,0.06,0.0,0.0,0.0,0.0,1.0,0.0,0.0,0.0,1.0,1.0,0.0,0.0,0.0,0.0,1.0,0.0,0.0,0.0,0.20142568598300728,23.01390883791799,26.91505155113036
4084,163.32,0.98,1,-0.178,0.312,0.104,0.05,0.047,0.0,0.0,0.0,0.2,0.17,1.84,0.01,0.0,0.8,0.0,0.06,0.45,0.01,0.0,0.7,0.85,0.07,0.0,0.0,0.0,0.0,1.0,0.0,0.0,0.0,1.0,1.0,0.0,0.0,0.0,0.0,1.0,0.0,0.0,0.0,0.19096823932326168,23.410467744152264,27.814564530116183
4085,163.36,0.98,1,-0.174,0.269,0.096,0.052,0.049,0.0,0.0,0.0,0.2,0.18,1.7,0.01,0.0,0.81,0.04,0.16,0.57,0.0,0.0,0.51,0.59,0.07,0.0,0.0,0.0,0.0,1.0,0.0,0.0,0.0,1.0,1.0,0.0,0.0,0.0,0.0,1.0,0.0,0.0,0.0,0.22600800175895186,24.129857024027217,27.504545078950134
4086,163.4,0.98,1,-0.156,0.288,0.113,0.047,0.049,0.0,0.0,0.0,0.11,0.14,1.54,0.0,0.0,0.82,0.08,0.23,0.64,0.0,0.0,0.71,0.63,0.03,0.0,0.0,0.0,0.0,1.0,0.0,0.0,0.0,1.0,1.0,0.0,1.0,0.0,0.0,1.0,0.0,0.0,0.0,0.24250144847693256,22.281157959136728,20.09975124224178
4087,163.44,0.98,1,-0.121,0.272,0.121,0.04,0.053,0.0,0.0,0.0,0.03,0.11,1.52,0.0,0.01,0.79,0.13,0.32,0.75,0.01,0.0,0.99,0.93,0.0,0.0,0.0,0.0,0.0,0.0,0.0,0.0,0.0,1.0,1.0,0.0,1.0,0.0,0.0,1.0,0.0,0.0,0.0,0.26694494619730746,24.020824298928627,23.831491770344595
4088,163.48,0.98,1,-0.132,0.303,0.119,0.038,0.055,0.0,0.0,0.0,0.19,0.05,1.52,0.0,0.01,0.77,0.1,0.4,0.77,0.01,0.0,1.25,1.2,0.0,0.0,0.0,0.0,0.0,0.0,0.0,0.0,0.0,1.0,1.0,0.0,1.0,0.0,0.0,1.0,1.0,0.0,0.0,0.21959626833425777,24.645689278248955,23.81134183535238
4089,163.52,0.98,1,-0.126,0.275,0.123,0.032,0.057,0.0,0.0,0.0,0.19,0.07,1.66,0.0,0.02,0.79,0.09,0.43,0.82,0.04,0.0,1.31,1.34,0.0,0.0,0.0,0.0,0.0,0.0,0.0,0.0,0.0,1.0,1.0,0.0,1.0,0.0,0.0,1.0,1.0,0.0,0.0,0.279165474960718,24.2051647381298,23.901882771028777
4090,163.56,0.98,1,-0.13,0.293,0.125,0.032,0.058,0.0,0.0,0.0,0.22,0.09,1.56,0.0,0.01,0.91,0.13,0.32,0.69,0.03,0.0,1.53,1.43,0.0,0.0,0.0,0.0,0.0,0.0,0.0,0.0,0.0,1.0,1.0,0.0,1.0,0.0,0.0,1.0,1.0,0.0,0.0,0.22680842867736087,21.718655575334353,23.753947040439318
4091,163.6,0.98,1,-0.124,0.288,0.135,0.032,0.058,0.0,0.0,0.0,0.04,0.11,1.54,0.0,0.01,1.04,0.26,0.14,0.49,0.03,0.0,1.84,1.64,0.0,0.0,0.0,0.0,0.0,0.0,0.0,0.0,0.0,1.0,1.0,0.0,0.0,0.0,0.0,1.0,1.0,0.0,0.0,0.28098405356913897,24.301851781294314,22.60000000000009
4092,163.64,0.98,1,-0.089,0.295,0.141,0.03,0.057,0.0,0.0,0.0,0.09,0.11,1.62,0.0,0.01,1.15,0.37,0.0,0.3,0.0,0.0,2.24,1.74,0.0,0.0,0.0,0.0,1.0,0.0,0.0,0.0,0.0,1.0,1.0,0.0,0.0,0.0,0.0,1.0,1.0,0.0,0.0,0.2775350483087382,22.50799857828323,22.14158982548453
4093,163.68,0.98,1,-0.057,0.295,0.14,0.028,0.057,0.0,0.0,0.0,0.23,0.11,1.83,0.0,0.02,1.19,0.38,0.0,0.25,0.0,0.0,2.4,1.8,0.0,0.0,0.0,0.0,0.0,0.0,0.0,0.0,0.0,1.0,1.0,0.0,0.0,0.0,0.0,1.0,1.0,0.0,0.0,0.2775234826172237,23.101947969814056,23.503191272676236
4094,163.72,0.98,1,-0.059,0.292,0.136,0.024,0.056,0.0,0.0,0.0,0.4,0.09,1.83,0.0,0.03,1.17,0.29,0.01,0.32,0.0,0.0,2.33,1.74,0.0,0.0,0.0,0.0,1.0,0.0,0.0,0.0,0.0,1.0,1.0,0.0,0.0,0.0,0.0,1.0,1.0,0.0,0.0,0.2809093431099341,22.901964981197434,23.801890681204334
4095,163.76,0.98,1,-0.054,0.29,0.127,0.022,0.056,0.0,0.0,0.0,0.42,0.04,1.66,0.0,0.02,1.15,0.17,0.02,0.46,0.0,0.0,2.02,1.62,0.0,0.0,0.0,0.0,1.0,0.0,0.0,0.0,0.0,1.0,1.0,0.0,0.0,0.0,0.0,1.0,1.0,0.0,0.0,0.2805658162334385,23.10086578464097,23.875719884435078
4096,163.8,0.98,1,-0.051,0.278,0.118,0.018,0.053,0.0,0.0,0.0,0.27,0.01,1.41,0.0,0.01,1.1,0.15,0.13,0.66,0.0,0.0,1.72,1.51,0.0,0.0,0.0,0.0,1.0,0.0,0.0,0.0,0.0,1.0,1.0,0.0,0.0,0.0,0.0,1.0,1.0,0.0,0.0,0.28280741218946204,23.405341270744024,23.676359517459513
4097,163.84,0.98,1,-0.051,0.28,0.119,0.009,0.051,0.0,0.0,0.0,0.15,0.01,1.39,0.0,0.0,1.08,0.28,0.24,0.91,0.03,0.0,1.37,1.35,0.0,0.0,0.0,0.0,1.0,0.0,0.0,0.0,0.0,1.0,1.0,0.0,1.0,0.0,0.0,1.0,0.0,0.0,0.0,0.27932998937285336,23.501914815605982,23.242202993692356
4098,163.88,0.98,1,-0.047,0.272,0.116,0.006,0.047,0.0,0.0,0.0,0.15,0.0,1.34,0.0,0.0,1.07,0.37,0.31,1.07,0.12,0.02,1.01,1.16,0.0,0.0,0.0,0.0,1.0,0.0,0.0,0.0,0.0,1.0,1.0,0.0,1.0,0.0,0.0,1.0,0.0,0.0,0.0,0.292863212355999,23.916939603552823,23.54166519174037
4099,163.92,0.98,1,-0.045,0.27,0.117,0.005,0.044,0.0,0.0,0.0,0.12,0.0,1.56,0.0,0.0,1.06,0.5,0.29,1.2,0.22,0.08,0.66,0.88,0.0,0.0,0.0,0.0,0.0,0.0,0.0,0.0,0.0,1.0,1.0,0.0,1.0,0.0,0.0,0.0,0.0,0.0,0.0,0.28898868286321994,23.71033529918972,23.325951213187377
4100,163.96,0.98,1,-0.04,0.279,0.116,0.001,0.043,0.0,0.0,0.0,0.07,0.0,1.74,0.0,0.12,1.16,0.46,0.17,1.3,0.24,0.17,0.44,0.72,0.0,0.0,0.0,0.0,0.0,0.0,0.0,0.0,0.0,1.0,1.0,0.0,1.0,0.0,0.0,0.0,0.0,0.0,0.0,0.2789357081518691,22.027482833950867,23.5306183514161
4101,164.0,0.98,1,-0.051,0.301,0.116,0.002,0.042,0.04,0.0,0.0,0.0,0.0,1.51,0.0,0.28,1.3,0.59,0.15,1.43,0.25,0.15,0.47,0.57,0.72,0.0,0.0,0.0,0.0,0.0,1.0,0.0,0.0,1.0,1.0,0.0,1.0,0.0,0.0,0.0,0.0,0.0,0.0,0.24222379527281385,20.40392119177082,22.403571143904806
4102,164.04,0.98,1,-0.037,0.448,0.103,-0.003,0.045,0.18,0.0,0.0,0.0,0.0,1.16,0.0,0.37,1.43,0.67,0.06,1.39,0.31,0.09,0.5,0.54,1.46,0.0,0.0,0.0,0.0,0.0,1.0,0.0,0.0,1.0,1.0,0.0,1.0,0.0,0.0,0.0,0.0,0.0,1.0,0.16470671771950585,16.06113321033108,20.500975586542218
4103,164.08,0.98,1,-0.105,0.484,0.097,0.007,0.045,0.26,0.0,0.0,0.0,0.0,0.98,0.0,0.34,1.51,0.81,0.06,1.23,0.35,0.0,0.54,0.37,2.22,0.0,0.0,0.0,0.0,0.0,1.0,0.0,0.0,1.0,1.0,0.0,1.0,0.0,0.0,0.0,0.0,0.0,1.0,0.15641290545880848,18.298907071188747,21.319005605327796
4104,164.12,0.98,1,-0.049,0.46,0.092,-0.0,0.049,0.3,0.0,0.0,0.0,0.02,1.25,0.0,0.28,1.52,0.84,0.0,1.16,0.24,0.0,0.49,0.35,2.02,0.0,0.0,0.0,0.0,0.0,1.0,0.0,0.0,1.0,1.0,0.0,1.0,0.0,0.0,0.0,0.0,0.0,1.0,0.1666797820090702,18.681809334216002,20.803845798313304
4105,164.16,0.98,1,-0.08,0.416,0.09,0.008,0.046,0.21,0.0,0.0,0.0,0.05,1.78,0.0,0.23,1.53,0.73,0.0,1.17,0.15,0.0,0.53,0.29,1.81,0.0,0.0,0.0,0.0,0.0,1.0,0.0,0.0,1.0,1.0,0.0,1.0,0.0,0.0,0.0,0.0,0.0,1.0,0.15678583767498985,18.49810801136178,20.500243900988107
4106,164.2,0.98,1,-0.038,0.372,0.094,0.013,0.044,0.16,0.0,0.0,0.0,0.09,1.85,0.0,0.13,1.47,0.67,0.01,1.24,0.15,0.0,0.41,0.33,1.39,0.0,0.0,0.0,0.0,0.0,1.0,0.0,0.0,1.0,1.0,0.0,1.0,0.0,0.0,0.0,0.0,0.0,1.0,0.173122885524508,20.763429389192826,18.202472359544824
4107,164.24,0.98,1,-0.058,0.371,0.099,0.011,0.045,0.25,0.0,0.0,0.0,0.1,2.15,0.0,0.04,1.38,0.7,0.05,1.36,0.2,0.09,0.26,0.54,1.18,0.0,0.0,0.0,0.0,0.0,1.0,0.0,0.0,1.0,1.0,0.0,1.0,0.0,0.0,0.0,0.0,0.0,1.0,0.17736507235738663,18.054362353736007,18.63866948041102
4108,164.28,0.98,1,-0.051,0.394,0.114,0.011,0.046,0.25,0.0,0.0,0.0,0.08,2.05,0.0,0.0,1.24,0.72,0.17,1.51,0.27,0.25,0.06,0.9,0.85,0.0,0.0,0.0,0.0,0.0,1.0,0.0,0.0,1.0,1.0,0.0,1.0,0.0,0.0,0.0,1.0,0.0,1.0,0.18791914646766233,18.760063965775856,18.417383093154005
4109,164.32,0.98,1,-0.039,0.43,0.125,0.008,0.048,0.34,0.0,0.0,0.0,0.04,2.17,0.0,0.0,1.13,0.72,0.27,1.66,0.28,0.36,0.04,1.32,0.71,0.0,0.0,0.0,0.0,0.0,1.0,0.0,0.0,1.0,1.0,0.0,1.0,0.0,0.0,0.0,1.0,0.0,1.0,0.15948366676416945,18.538878067455972,18.92643653728835
4110,164.36,0.98,1,-0.05,0.418,0.127,0.005,0.052,0.31,0.0,0.0,0.0,0.01,2.02,0.0,0.0,1.03,0.66,0.33,1.66,0.35,0.43,0.16,1.59,0.51,0.0,0.0,0.0,0.0,0.0,1.0,0.0,0.0,1.0,1.0,0.0,1.0,0.0,0.0,0.0,1.0,0.0,1.0,0.182791622400868,16.85022255045904,19.137659209004777
4111,164.4,0.98,1,-0.044,0.424,0.139,0.008,0.051,0.37,0.0,0.0,0.0,0.0,2.04,0.0,0.0,1.0,0.7,0.28,1.64,0.37,0.46,0.23,1.7,0.34,0.0,0.0,0.0,0.0,0.0,1.0,0.0,0.0,1.0,1.0,0.0,1.0,0.0,0.0,1.0,1.0,0.0,1.0,0.1786527994619454,17.60710084028591,19.026297590440446
4112,164.44,0.98,1,-0.044,0.416,0.148,0.009,0.051,0.25,0.0,0.0,0.0,0.0,2.13,0.0,0.0,1.02,0.76,0.27,1.65,0.47,0.5,0.43,1.77,0.21,0.0,0.0,0.0,0.0,0.0,1.0,0.0,0.0,1.0,1.0,0.0,1.0,0.0,0.0,1.0,1.0,0.0,1.0,0.1839164776956089,17.31415605797749,18.717104476921456
4113,164.48,0.98,1,-0.038,0.398,0.146,0.011,0.048,0.28,0.0,0.0,0.0,0.0,2.15,0.0,0.0,1.08,0.91,0.23,1.76,0.66,0.4,0.56,1.68,0.23,0.0,0.0,0.0,0.0,0.0,1.0,0.0,0.0,1.0,1.0,0.0,1.0,0.0,0.0,1.0,1.0,0.0,1.0,0.18278920466584744,18.162048342629333,18.704277585622002
4114,164.52,0.98,1,-0.039,0.402,0.153,0.01,0.048,0.34,0.0,0.0,0.0,0.03,2.13,0.0,0.0,1.14,1.13,0.27,1.86,0.85,0.27,0.71,1.66,0.32,0.0,0.0,0.0,0.0,0.0,0.0,0.0,0.0,1.0,1.0,0.0,1.0,0.0,0.0,1.0,1.0,0.0,1.0,0.18233682461317197,17.840403582879134,19.104188022525232
4115,164.56,0.98,1,-0.032,0.391,0.149,0.005,0.046,0.49,0.0,0.0,0.0,0.07,2.06,0.0,0.0,1.18,1.35,0.24,1.87,0.97,0.11,0.79,1.61,0.5,0.0,0.0,0.0,0.0,0.0,0.0,0.0,0.0,1.0,1.0,0.0,1.0,0.0,0.0,1.0,1.0,0.0,1.0,0.18834813342438572,17.833956375409198,18.801063799689587
4116,164.6,0.98,1,-0.039,0.43,0.18,0.008,0.041,0.52,0.0,0.0,0.0,0.17,2.25,0.0,0.0,1.26,1.4,0.28,1.78,0.93,0.06,0.89,1.66,0.66,0.0,0.0,0.0,0.0,0.0,0.0,0.0,0.0,1.0,1.0,0.0,1.0,0.0,0.0,1.0,1.0,0.0,1.0,0.18609457857243386,17.70254219031836,19.41262475813085
4117,164.64,0.98,1,-0.034,0.426,0.187,0.018,0.04,0.57,0.0,0.0,0.0,0.27,2.35,0.0,0.0,1.33,1.36,0.26,1.68,0.79,0.0,1.04,1.6,0.87,0.0,0.0,0.0,0.0,0.0,0.0,0.0,0.0,1.0,1.0,0.0,1.0,0.0,0.0,1.0,1.0,0.0,1.0,0.18959574088227027,18.101104938649375,18.809572031282325
4118,164.68,0.98,1,-0.034,0.406,0.188,0.019,0.039,0.61,0.0,0.0,0.0,0.36,2.41,0.0,0.0,1.41,1.34,0.2,1.6,0.71,0.0,1.04,1.45,0.91,0.0,0.0,0.0,0.0,0.0,0.0,0.0,0.0,1.0,1.0,0.0,1.0,0.0,0.0,1.0,1.0,0.0,1.0,0.1794118244429771,19.643064933965785,19.209372712298592
4119,164.72,0.93,1,-0.033,0.438,0.198,0.018,0.036,0.69,0.08,0.0,0.0,0.39,2.42,0.0,0.0,1.43,1.33,0.14,1.58,0.7,0.0,0.9,1.41,0.79,0.0,0.0,0.0,0.0,0.0,0.0,0.0,0.0,1.0,1.0,0.0,1.0,0.0,0.0,1.0,1.0,0.0,1.0,0.18469875433028865,17.9011172835665,19.32097306038177
4120,164.76,0.93,1,-0.038,0.432,0.165,0.015,0.04,0.52,0.08,0.0,0.0,0.42,2.48,0.0,0.0,1.47,1.42,0.1,1.59,0.61,0.0,0.66,1.42,0.96,0.0,0.0,0.0,0.0,0.0,0.0,0.0,0.0,1.0,1.0,0.0,1.0,0.0,0.0,1.0,1.0,0.0,1.0,0.17909978174539226,17.80112356004526,19.23148460207877
4121,164.8,0.93,1,-0.019,0.447,0.135,0.017,0.038,0.58,0.08,0.0,0.0,0.36,2.07,0.0,0.18,1.56,1.52,0.17,1.58,0.58,0.0,0.6,1.4,1.4,0.0,0.0,0.0,0.0,0.0,1.0,0.0,0.0,1.0,1.0,0.0,1.0,0.0,0.0,1.0,1.0,0.0,1.0,0.16041065418990064,18.906612599828755,18.453184007103037
4122,164.84,0.98,1,-0.061,0.462,0.12,0.003,0.038,0.54,0.0,0.0,0.0,0.28,1.66,0.0,0.39,1.67,1.6,0.13,1.46,0.35,0.0,0.75,1.26,1.91,0.0,0.0,0.0,0.0,0.0,1.0,0.0,0.0,1.0,1.0,0.0,1.0,0.0,0.0,1.0,1.0,0.0,1.0,0.16106023832506933,17.81263596439341,21.30586773637718
4123,164.88,0.93,1,-0.049,0.464,0.124,0.002,0.034,0.63,0.0,0.0,0.0,0.32,1.54,0.0,0.62,1.76,1.5,0.08,1.15,0.34,0.0,0.96,1.1,1.92,0.0,0.0,0.0,0.0,0.0,1.0,0.0,0.0,1.0,1.0,0.0,1.0,0.0,0.0,1.0,1.0,0.0,1.0,0.15532245633724212,17.650495743746117,19.801010075246115
4124,164.92,0.93,1,-0.058,0.404,0.127,0.006,0.033,0.43,0.0,0.0,0.0,0.49,2.17,0.0,0.68,1.79,1.26,0.0,0.8,0.25,0.0,1.15,1.07,1.38,0.0,0.0,0.0,0.0,1.0,1.0,0.0,0.0,1.0,1.0,0.0,1.0,0.0,0.0,1.0,1.0,0.0,1.0,0.16027597710831412,18.110770276274835,19.7205476597381
4125,164.96,0.98,1,-0.029,0.395,0.151,0.01,0.031,0.2,0.0,0.0,0.0,0.68,2.71,0.0,0.75,1.81,1.03,0.0,0.56,0.2,0.0,1.32,1.23,0.71,0.0,0.0,0.0,0.0,1.0,1.0,0.0,0.0,1.0,1.0,0.0,0.0,0.0,0.0,1.0,1.0,0.0,1.0,0.16799372096841814,17.20726590716845,18.322117781522916
4126,165.0,0.98,1,-0.042,0.365,0.15,0.009,0.031,0.05,0.0,0.0,0.0,0.67,2.8,0.0,0.79,1.83,0.89,0.0,0.49,0.09,0.0,1.62,1.44,0.2,0.0,0.0,0.0,0.0,1.0,1.0,0.0,0.0,1.0,1.0,0.0,0.0,0.0,0.0,1.0,1.0,0.0,1.0,0.1758347433535961,17.618172436436332,18.702406262296883
4127,165.04,0.98,1,-0.022,0.332,0.151,0.019,0.031,0.0,0.0,0.0,0.0,0.61,2.57,0.0,0.82,1.89,0.75,0.0,0.47,0.0,0.0,1.86,1.61,0.0,0.0,0.0,0.0,0.0,1.0,1.0,0.0,0.0,1.0,1.0,0.0,0.0,0.0,0.0,1.0,1.0,0.0,0.0,0.19917945086091976,19.412624758131077,18.900264548413162
4128,165.08,0.98,1,-0.022,0.318,0.144,0.021,0.032,0.0,0.0,0.0,0.0,0.55,2.36,0.0,0.82,1.95,0.66,0.0,0.49,0.0,0.0,2.03,1.62,0.0,0.0,0.0,0.0,0.0,1.0,1.0,0.0,0.0,1.0,1.0,0.0,0.0,0.0,0.0,1.0,1.0,0.0,0.0,0.20996989372198346,20.419843290290054,19.70634415613413
4129,165.12,0.98,1,-0.023,0.317,0.135,0.019,0.034,0.0,0.0,0.0,0.0,0.59,2.36,0.0,0.8,1.91,0.62,0.02,0.51,0.0,0.0,2.03,1.53,0.0,0.0,0.0,0.0,0.0,1.0,1.0,0.0,0.0,1.0,1.0,0.0,0.0,0.0,0.0,1.0,1.0,0.0,0.0,0.21582021670064186,20.012246250733575,19.901004999747993
4130,165.16,0.98,1,-0.034,0.344,0.139,0.016,0.034,0.02,0.0,0.0,0.0,0.62,2.5,0.0,0.8,1.86,0.66,0.03,0.62,0.0,0.0,1.9,1.44,0.0,0.0,0.0,0.0,0.0,1.0,1.0,0.0,0.0,1.0,1.0,0.0,1.0,0.0,0.0,1.0,1.0,0.0,0.0,0.19823236100484704,20.20024752323599,20.403921191771047
4131,165.2,0.98,1,-0.037,0.337,0.135,0.018,0.035,0.02,0.0,0.0,0.0,0.6,2.49,0.0,0.72,1.79,0.65,0.03,0.76,0.0,0.0,1.66,1.38,0.0,0.0,0.0,0.0,0.0,1.0,1.0,0.0,0.0,1.0,1.0,0.0,1.0,0.0,0.0,1.0,1.0,0.0,0.0,0.20741521704697904,21.10094784600933,20.611889772652976
4132,165.24,0.98,1,-0.042,0.349,0.123,0.02,0.037,0.02,0.0,0.0,0.0,0.45,2.46,0.0,0.53,1.77,0.74,0.09,1.03,0.0,0.0,1.27,1.32,0.0,0.0,0.0,0.0,0.0,1.0,1.0,0.0,0.0,1.0,1.0,0.0,1.0,0.0,0.0,1.0,1.0,0.0,0.0,0.2001042844566789,21.5,21.2058954067024
4133,165.28,0.98,1,-0.039,0.335,0.128,0.023,0.034,0.0,0.0,0.0,0.0,0.31,2.3,0.0,0.34,1.73,0.71,0.15,1.17,0.0,0.04,0.96,1.21,0.0,0.0,0.0,0.0,0.0,1.0,1.0,0.0,0.0,1.0,1.0,0.0,1.0,0.0,0.0,1.0,1.0,0.0,0.0,0.2122666053969003,21.400934559032788,21.80825531765432
4134,165.32,0.98,1,-0.044,0.333,0.127,0.024,0.038,0.0,0.0,0.0,0.0,0.18,2.34,0.0,0.15,1.65,0.69,0.28,1.28,0.0,0.15,0.69,1.0,0.0,0.0,0.0,0.0,0.0,0.0,1.0,0.0,0.0,1.0,1.0,0.0,1.0,0.0,0.0,1.0,1.0,0.0,0.0,0.21338490627876755,22.100904958847185,22.103619613085908
4135,165.36,0.98,1,-0.042,0.332,0.124,0.022,0.039,0.0,0.0,0.0,0.0,0.15,2.2,0.0,0.11,1.62,0.59,0.28,1.27,0.01,0.22,0.49,0.79,0.0,0.0,0.0,0.0,0.0,0.0,1.0,0.0,0.0,1.0,1.0,0.0,1.0,0.0,0.0,0.0,0.0,0.0,0.0,0.21883769901064193,21.80206412246345,21.905707018948146
4136,165.4,0.98,1,-0.053,0.342,0.133,0.017,0.039,0.0,0.0,0.0,0.0,0.11,2.11,0.0,0.03,1.55,0.53,0.31,1.34,0.01,0.25,0.41,0.59,0.0,0.0,0.0,0.0,0.0,0.0,1.0,0.0,0.0,1.0,1.0,0.0,1.0,0.0,0.0,0.0,0.0,0.0,0.0,0.22122058458515712,22.214409737825626,21.005951537600005
4137,165.44,0.98,1,-0.042,0.338,0.125,0.018,0.041,0.0,0.0,0.0,0.0,0.08,2.04,0.0,0.02,1.51,0.5,0.29,1.32,0.01,0.21,0.37,0.46,0.0,0.0,0.0,0.0,0.0,0.0,1.0,0.0,0.0,1.0,1.0,0.0,1.0,0.0,0.0,0.0,0.0,0.0,0.0,0.21309821414609526,22.108143296079977,21.403737991294747
4138,165.48,0.98,1,-0.039,0.339,0.123,0.014,0.042,0.0,0.0,0.0,0.0,0.02,2.18,0.0,0.0,1.46,0.51,0.27,1.32,0.0,0.18,0.39,0.41,0.0,0.0,0.0,0.0,0.0,0.0,1.0,0.0,0.0,1.0,1.0,0.0,1.0,0.0,0.0,0.0,0.0,0.0,0.0,0.21492419922489642,22.0081802973349,21.20377324911776
4139,165.52,0.98,1,-0.049,0.335,0.124,0.011,0.044,0.0,0.0,0.0,0.0,0.05,2.36,0.0,0.0,1.48,0.52,0.22,1.28,0.0,0.17,0.34,0.39,0.0,0.0,0.0,0.0,0.0,0.0,1.0,0.0,0.0,1.0,1.0,0.0,1.0,0.0,0.0,0.0,0.0,0.0,0.0,0.22544665138652237,22.414281161795135,21.1059233391957
4140,165.56,0.98,1,-0.043,0.331,0.124,0.015,0.044,0.0,0.0,0.0,0.0,0.06,2.32,0.0,0.02,1.5,0.54,0.12,1.34,0.0,0.15,0.31,0.38,0.0,0.0,0.0,0.0,0.0,0.0,1.0,0.0,0.0,1.0,1.0,0.0,1.0,0.0,0.0,0.0,0.0,0.0,0.0,0.21507645861569047,22.30560467685214,21.51139233057684
4141,165.6,0.98,1,-0.04,0.326,0.12,0.015,0.045,0.0,0.0,0.0,0.0,0.06,2.34,0.0,0.02,1.51,0.52,0.1,1.34,0.0,0.16,0.31,0.37,0.0,0.0,0.0,0.0,0.0,0.0,1.0,0.0,0.0,1.0,1.0,0.0,1.0,0.0,0.0,0.0,0.0,0.0,0.0,0.22157268247358652,22.41093483101506,21.414948050369023
4142,165.64,0.98,1,-0.04,0.327,0.123,0.016,0.044,0.0,0.0,0.0,0.0,0.04,2.24,0.0,0.02,1.49,0.56,0.05,1.31,0.01,0.14,0.33,0.35,0.0,0.0,0.0,0.0,0.0,0.0,1.0,0.0,0.0,1.0,1.0,0.0,1.0,0.0,0.0,0.0,0.0,0.0,0.0,0.22026540686592505,22.408034273447637,22.522211259110417
4143,165.68,0.98,1,-0.037,0.322,0.117,0.016,0.045,0.0,0.0,0.0,0.0,0.04,2.27,0.0,0.03,1.47,0.61,0.05,1.16,0.01,0.14,0.35,0.33,0.0,0.0,0.0,0.0,0.0,0.0,1.0,0.0,0.0,1.0,1.0,0.0,1.0,0.0,0.0,0.0,0.0,0.0,0.0,0.22077911157416547,22.305604676851914,22.318154045529795
4144,165.72,0.98,1,-0.04,0.323,0.119,0.016,0.045,0.0,0.0,0.0,0.0,0.08,2.28,0.0,0.12,1.44,0.69,0.0,1.07,0.01,0.13,0.39,0.33,0.0,0.0,0.0,0.0,0.0,0.0,1.0,0.0,0.0,1.0,1.0,0.0,1.0,0.0,0.0,0.0,0.0,0.0,0.0,0.2217001251518273,22.50799857828323,22.91767876552955
4145,165.76,0.98,1,-0.047,0.323,0.114,0.016,0.046,0.0,0.0,0.0,0.0,0.07,2.37,0.0,0.23,1.41,0.74,0.07,1.06,0.0,0.11,0.43,0.42,0.0,0.0,0.0,0.0,0.0,0.0,1.0,0.0,0.0,1.0,1.0,0.0,1.0,0.0,0.0,0.0,0.0,0.0,0.0,0.2207509466893081,22.5055548698538,23.354871012274888
4146,165.8,0.98,1,-0.049,0.329,0.12,0.016,0.046,0.0,0.0,0.0,0.01,0.08,2.55,0.0,0.24,1.37,0.76,0.09,1.09,0.0,0.11,0.45,0.52,0.0,0.0,0.0,0.0,0.0,0.0,1.0,0.0,0.0,1.0,1.0,0.0,1.0,0.0,0.0,0.0,0.0,0.0,0.0,0.2211394794978251,22.703523955544696,22.942754847663643
4147,165.84,0.98,1,-0.051,0.323,0.112,0.015,0.047,0.0,0.0,0.0,0.01,0.07,2.49,0.0,0.2,1.38,0.74,0.12,1.06,0.0,0.11,0.51,0.56,0.0,0.0,0.0,0.0,0.0,0.0,1.0,0.0,0.0,1.0,1.0,0.0,1.0,0.0,0.0,0.0,0.0,0.0,0.0,0.21624731053003954,22.705505940189745,23.148650068632648
4148,165.88,0.98,1,-0.041,0.325,0.117,0.014,0.046,0.0,0.0,0.0,0.01,0.18,2.53,0.0,0.15,1.37,0.73,0.06,1.02,0.0,0.19,0.41,0.38,0.0,0.0,0.0,0.0,0.0,0.0,1.0,0.0,0.0,1.0,1.0,0.0,1.0,0.0,0.0,0.0,0.0,0.0,0.0,0.2177322887158114,22.703523955544917,22.3224102641269
4149,165.92,0.98,1,-0.048,0.32,0.1,0.011,0.048,0.0,0.0,0.0,0.0,0.25,2.44,0.0,0.19,1.4,0.68,0.12,1.04,0.0,0.2,0.35,0.22,0.0,0.0,0.0,0.0,0.0,0.0,1.0,0.0,0.0,1.0,1.0,0.0,1.0,0.0,0.0,0.0,0.0,0.0,0.0,0.20050611379951733,22.800219297191163,22.955827146935775
4150,165.96,0.98,1,-0.04,0.322,0.105,0.008,0.047,0.0,0.0,0.0,0.0,0.32,2.49,0.0,0.28,1.44,0.59,0.16,1.13,0.0,0.26,0.29,0.05,0.0,0.0,0.0,0.0,0.0,0.0,1.0,0.0,0.0,1.0,1.0,0.0,1.0,0.0,0.0,0.0,0.0,0.0,0.0,0.21316695729204865,22.800219297191163,21.927608168699198
4151,166.0,0.98,1,-0.045,0.316,0.091,0.007,0.047,0.0,0.0,0.0,0.0,0.26,2.51,0.0,0.4,1.45,0.47,0.22,1.24,0.0,0.23,0.3,0.04,0.0,0.0,0.0,0.0,0.0,0.0,1.0,0.0,0.0,1.0,1.0,0.0,1.0,0.0,0.0,0.0,0.0,0.0,0.0,0.20562906924469326,22.805481797146886,23.725513693068724
4152,166.04,0.98,1,-0.047,0.32,0.094,0.009,0.047,0.0,0.0,0.0,0.0,0.23,2.5,0.0,0.57,1.46,0.39,0.16,1.28,0.0,0.23,0.27,0.0,0.0,0.0,0.0,0.0,0.0,0.0,1.0,0.0,0.0,1.0,1.0,0.0,1.0,0.0,0.0,0.0,0.0,0.0,0.0,0.21055690843082053,23.00195643852931,23.930106560565175
4153,166.08,0.98,1,-0.05,0.311,0.091,0.01,0.046,0.0,0.0,0.0,0.0,0.22,2.42,0.0,0.63,1.45,0.36,0.09,1.28,0.0,0.17,0.26,0.0,0.0,0.0,0.0,0.0,0.0,0.0,1.0,0.0,0.0,1.0,1.0,0.0,1.0,0.0,0.0,0.0,0.0,0.0,0.0,0.21671456501298694,22.901964981197665,23.94702486740272
4154,166.12,0.98,1,-0.044,0.316,0.089,0.012,0.045,0.0,0.0,0.0,0.0,0.24,2.35,0.0,0.64,1.49,0.46,0.03,1.19,0.0,0.11,0.3,0.0,0.0,0.0,0.0,0.0,0.0,0.0,1.0,0.0,0.0,1.0,1.0,0.0,1.0,0.0,0.0,0.0,0.0,0.0,0.0,0.20808097542491294,22.700220263248593,23.74131420119792
4155,166.16,0.98,1,-0.04,0.309,0.097,0.01,0.044,0.0,0.0,0.0,0.0,0.28,2.43,0.0,0.51,1.54,0.5,0.0,1.15,0.0,0.08,0.38,0.0,0.0,0.0,0.0,0.0,0.0,1.0,1.0,0.0,0.0,1.0,1.0,0.0,1.0,0.0,0.0,0.0,0.0,0.0,0.0,0.2175248216872549,22.90087334579172,23.430749027720054
4156,166.2,0.98,1,-0.045,0.32,0.092,0.013,0.047,0.0,0.0,0.0,0.0,0.27,2.44,0.0,0.39,1.63,0.58,0.02,1.1,0.0,0.05,0.45,0.0,0.0,0.0,0.0,0.0,0.0,1.0,1.0,0.0,0.0,1.0,1.0,0.0,1.0,0.0,0.0,0.0,0.0,0.0,0.0,0.2076936588014311,22.799999999999955,23.841140912296915
4157,166.24,0.98,1,-0.046,0.301,0.107,0.005,0.046,0.0,0.0,0.0,0.0,0.32,2.52,0.0,0.27,1.66,0.54,0.02,1.15,0.0,0.03,0.43,0.0,0.0,0.0,0.0,0.0,0.0,1.0,1.0,0.0,0.0,1.0,1.0,0.0,1.0,0.0,0.0,0.0,0.0,0.0,0.0,0.24491714043316987,23.11060362690676,21.5188289644209
4158,166.28,0.98,1,-0.043,0.309,0.099,0.01,0.047,0.0,0.0,0.0,0.0,0.31,2.36,0.0,0.21,1.68,0.59,0.02,1.1,0.0,0.0,0.47,0.0,0.0,0.0,0.0,0.0,0.0,1.0,1.0,0.0,0.0,1.0,1.0,0.0,1.0,0.0,0.0,0.0,0.0,0.0,0.0,0.2211589766875836,22.50199991111901,23.32595121318738
4159,166.32,0.98,1,-0.039,0.319,0.105,0.009,0.045,0.0,0.0,0.0,0.0,0.34,2.45,0.0,0.18,1.64,0.58,0.0,1.13,0.0,0.0,0.45,0.0,0.0,0.0,0.0,0.0,0.0,0.0,1.0,0.0,0.0,1.0,1.0,0.0,1.0,0.0,0.0,0.0,0.0,0.0,0.0,0.21674903543506854,22.601991062735955,23.421357774475933
4160,166.36,0.98,1,-0.038,0.312,0.097,0.009,0.046,0.0,0.0,0.0,0.0,0.32,2.53,0.0,0.24,1.65,0.63,0.02,1.12,0.0,0.01,0.5,0.0,0.0,0.0,0.0,0.0,0.0,0.0,1.0,0.0,0.0,1.0,1.0,0.0,1.0,0.0,0.0,0.0,0.0,0.0,0.0,0.2058955482214242,23.107790893981964,23.42584043316278
4161,166.4,0.98,1,-0.05,0.315,0.099,0.01,0.044,0.0,0.0,0.0,0.0,0.26,2.36,0.0,0.33,1.63,0.65,0.02,1.06,0.0,0.01,0.56,0.07,0.4,0.0,0.0,0.0,0.0,0.0,1.0,0.0,0.0,1.0,1.0,0.0,1.0,0.0,0.0,0.0,0.0,0.0,0.0,0.2045750952738796,23.101947969814283,23.725513693068947
4162,166.44,0.98,1,-0.06,0.333,0.087,0.005,0.045,0.06,0.0,0.0,0.0,0.19,1.74,0.0,0.48,1.71,0.75,0.02,0.98,0.06,0.01,0.53,0.07,1.25,0.0,0.0,0.0,0.0,0.0,1.0,0.0,0.0,1.0,1.0,0.0,1.0,0.0,0.0,0.0,0.0,0.0,1.0,0.2067000828088135,19.557607215607945,18.209887424144103
4163,166.48,0.98,1,-0.058,0.459,0.076,-0.005,0.045,0.2,0.0,0.0,0.0,0.08,1.06,0.0,0.64,1.75,0.93,0.0,0.95,0.09,0.0,0.54,0.07,1.97,0.0,0.0,0.0,0.0,0.0,1.0,0.0,0.0,1.0,1.0,0.0,1.0,0.0,0.0,0.0,0.0,0.0,1.0,0.1591192901090973,16.39908534034744,18.20439507371782
4164,166.52,0.98,1,-0.042,0.434,0.081,-0.01,0.044,0.22,0.0,0.0,0.0,0.12,1.15,0.0,0.67,1.75,1.04,0.0,1.07,0.09,0.0,0.42,0.0,2.13,0.0,0.0,0.0,0.0,0.0,1.0,0.0,0.0,1.0,1.0,0.0,1.0,0.0,0.0,0.0,0.0,0.0,1.0,0.16165553528535542,20.902152999153024,19.406442229321776
4165,166.56,0.98,1,-0.043,0.384,0.06,-0.002,0.043,0.16,0.0,0.0,0.0,0.15,1.74,0.03,0.61,1.63,1.06,0.0,1.11,0.03,0.0,0.49,0.07,1.61,0.0,0.0,0.0,0.0,0.0,1.0,0.0,0.0,1.0,1.0,0.0,1.0,0.0,0.0,0.0,0.0,0.0,1.0,0.1608085527168434,18.261708572858172,19.601020381602723
4166,166.6,0.98,1,-0.076,0.343,0.082,-0.002,0.036,0.01,0.0,0.0,0.0,0.29,2.43,0.07,0.5,1.56,0.96,0.0,1.08,0.0,0.0,0.48,0.1,1.09,0.0,0.0,0.0,0.0,0.0,1.0,0.0,0.0,1.0,1.0,0.0,1.0,0.0,0.0,0.0,0.0,0.0,1.0,0.17706747907995285,16.814577009249994,17.607100840286137
4167,166.64,0.98,1,-0.051,0.3,0.076,-0.005,0.036,0.0,0.0,0.0,0.0,0.31,2.57,0.08,0.48,1.54,0.77,0.0,0.95,0.0,0.0,0.53,0.24,0.53,0.0,0.0,0.0,0.0,0.0,1.0,0.0,0.0,1.0,1.0,0.0,1.0,0.0,0.0,0.0,0.0,0.0,1.0,0.17374954477826193,17.9178681767671,17.104677722775044
4168,166.68,0.98,1,-0.048,0.29,0.082,-0.0,0.034,0.0,0.0,0.0,0.0,0.32,2.65,0.06,0.49,1.56,0.59,0.0,0.92,0.0,0.0,0.54,0.28,0.19,0.0,0.0,0.0,0.0,0.0,1.0,0.0,0.0,1.0,1.0,0.0,1.0,0.0,0.0,0.0,0.0,0.0,0.0,0.19258594472509186,19.306475597581425,18.401086924418212
4169,166.72,0.98,1,-0.059,0.297,0.088,-0.003,0.033,0.0,0.0,0.0,0.0,0.29,2.53,0.01,0.47,1.55,0.46,0.0,0.89,0.02,0.01,0.6,0.37,0.0,0.0,0.0,0.0,0.0,0.0,1.0,0.0,0.0,1.0,1.0,0.0,1.0,0.0,0.0,0.0,0.0,0.0,0.0,0.2104319415780381,20.200247523235763,19.116746585127828
4170,166.76,0.98,1,-0.061,0.288,0.082,-0.001,0.033,0.0,0.0,0.0,0.0,0.27,2.64,0.0,0.42,1.54,0.38,0.0,0.93,0.02,0.06,0.65,0.33,0.0,0.0,0.0,0.0,0.0,0.0,1.0,0.0,0.0,1.0,1.0,0.0,1.0,0.0,0.0,0.0,0.0,0.0,0.0,0.2051581223207507,21.30844902849567,20.729206448873096
4171,166.8,0.98,1,-0.084,0.282,0.085,0.001,0.032,0.0,0.0,0.0,0.0,0.25,2.38,0.0,0.36,1.49,0.37,0.0,0.96,0.02,0.09,0.7,0.36,0.0,0.0,0.0,0.0,0.0,0.0,1.0,0.0,0.0,1.0,1.0,0.0,1.0,0.0,0.0,0.0,0.0,0.0,0.0,0.21311160907478355,23.00195643852931,23.33088082349224
4172,166.84,0.98,1,-0.076,0.279,0.084,-0.001,0.032,0.0,0.0,0.0,0.0,0.19,2.1,0.0,0.33,1.38,0.28,0.03,0.86,0.0,0.07,0.71,0.55,0.0,0.0,0.0,0.0,0.0,0.0,1.0,0.0,0.0,1.0,1.0,0.0,1.0,0.0,0.0,0.0,0.0,0.0,0.0,0.21501261871720245,23.00195643852931,23.530618351416095
4173,166.88,0.98,1,-0.077,0.285,0.089,-0.007,0.034,0.0,0.0,0.0,0.0,0.1,1.94,0.0,0.26,1.23,0.19,0.08,0.84,0.0,0.03,0.77,0.83,0.0,0.0,0.0,0.0,0.0,0.0,1.0,0.0,0.0,1.0,1.0,0.0,1.0,0.0,0.0,0.0,0.0,0.0,0.0,0.22685530259659353,23.80189068120425,23.33088082349224
4174,166.92,0.98,1,-0.068,0.278,0.087,-0.015,0.035,0.0,0.0,0.0,0.0,0.05,2.08,0.0,0.21,1.07,0.16,0.08,0.65,0.1,0.0,0.89,1.0,0.0,0.0,0.0,0.0,0.0,0.0,1.0,0.0,0.0,1.0,1.0,0.0,1.0,0.0,0.0,1.0,0.0,0.0,0.0,0.2307190473469799,23.807561823924722,22.73719419805359
4175,166.96,0.98,1,-0.053,0.259,0.072,-0.01,0.017,0.0,0.0,0.0,0.0,0.0,2.18,0.0,0.27,0.96,0.1,0.11,0.57,0.11,0.0,1.06,1.23,0.0,0.0,0.0,0.0,0.0,0.0,1.0,0.0,0.0,1.0,1.0,0.0,0.0,0.0,0.0,1.0,0.0,0.0,0.0,0.23998412543669795,22.510886255321,23.6171547820648
4176,167.0,0.98,1,-0.059,0.246,0.084,-0.016,0.029,0.0,0.0,0.0,0.0,0.01,2.11,0.0,0.49,0.86,0.1,0.12,0.4,0.14,0.0,1.2,1.33,0.0,0.0,0.0,0.0,0.0,0.0,1.0,0.0,0.0,1.0,1.0,0.0,0.0,0.0,0.0,1.0,1.0,0.0,0.0,0.24348642604678272,23.31051264987533,23.2137890056751
4177,167.04,0.98,1,-0.05,0.253,0.08,-0.009,0.014,0.0,0.0,0.0,0.0,0.01,1.96,0.0,0.59,0.81,0.0,0.16,0.32,0.04,0.0,1.34,1.55,0.0,0.0,0.0,0.0,0.0,0.0,1.0,0.0,0.0,1.0,0.0,0.0,0.0,0.0,0.0,1.0,1.0,0.0,0.0,0.24418860264776257,23.425840433162783,23.705273674859598
4178,167.08,0.98,1,-0.056,0.24,0.094,-0.015,0.026,0.0,0.0,0.0,0.0,0.01,2.05,0.0,0.52,0.79,0.0,0.14,0.21,0.03,0.0,1.64,1.62,0.0,0.0,0.0,0.0,0.0,0.0,1.0,0.0,0.0,1.0,0.0,0.0,0.0,0.0,0.0,1.0,1.0,0.0,0.0,0.24679723682592242,22.913969538253163,23.721087664776295
4179,167.12,0.98,1,-0.053,0.272,0.093,-0.005,0.011,0.0,0.0,0.0,0.0,0.05,2.08,0.0,0.37,0.83,0.0,0.09,0.12,0.0,0.0,1.95,1.77,0.0,0.0,0.0,0.0,0.0,0.0,1.0,0.0,0.0,1.0,0.0,0.0,0.0,0.0,0.0,1.0,1.0,0.0,0.0,0.2331259777274626,23.925300416086593,24.620316813558585
4180,167.16,0.98,1,-0.029,0.294,0.091,-0.012,0.026,0.0,0.0,0.0,0.0,0.05,2.08,0.0,0.3,0.86,0.0,0.06,0.12,0.0,0.0,2.13,1.82,0.0,0.0,0.0,0.0,0.0,0.0,1.0,0.0,0.0,1.0,0.0,0.0,0.0,0.0,0.0,1.0,1.0,0.0,0.0,0.25190161492504776,23.6171547820648,21.511392330576836
4181,167.2,0.98,1,-0.05,0.326,0.095,-0.008,0.031,0.0,0.0,0.0,0.0,0.05,2.13,0.0,0.27,0.96,0.0,0.02,0.15,0.0,0.0,2.16,1.94,0.0,0.0,0.0,0.0,0.0,0.0,1.0,0.0,0.0,1.0,0.0,0.0,0.0,0.0,0.0,1.0,1.0,0.0,0.0,0.20972202961467717,23.201939574096,23.031283073246264
4182,167.24,0.98,1,-0.045,0.308,0.1,-0.007,0.034,0.0,0.0,0.0,0.0,0.02,2.09,0.02,0.27,1.04,0.0,0.01,0.21,0.0,0.0,2.16,2.01,0.0,0.0,0.0,0.0,0.0,0.0,1.0,0.0,0.0,1.0,1.0,0.0,0.0,0.0,0.0,1.0,1.0,0.0,0.0,0.22696814853873215,23.525730594393877,22.803508501982943
4183,167.28,0.98,1,-0.045,0.312,0.092,-0.004,0.033,0.0,0.0,0.0,0.0,0.03,2.14,0.07,0.24,1.11,0.0,0.0,0.25,0.0,0.0,2.17,2.06,0.0,0.0,0.0,0.0,0.0,0.0,1.0,0.0,0.0,1.0,1.0,0.0,0.0,0.0,0.0,1.0,1.0,0.0,0.0,0.21848097951325207,23.425840433162783,23.407691043757254
4184,167.32,0.98,1,-0.041,0.31,0.092,-0.004,0.033,0.0,0.0,0.0,0.0,0.05,2.14,0.08,0.26,1.12,0.0,0.0,0.2,0.0,0.0,2.16,1.97,0.0,0.0,0.0,0.0,0.0,0.0,1.0,0.0,0.0,1.0,1.0,0.0,0.0,0.0,0.0,1.0,1.0,0.0,0.0,0.21923679584767056,23.126175645791406,22.705505940189745
4185,167.36,0.98,1,-0.041,0.312,0.094,-0.004,0.031,0.0,0.0,0.0,0.01,0.07,2.31,0.09,0.21,1.16,0.02,0.0,0.13,0.0,0.0,2.15,1.91,0.0,0.0,0.0,0.0,0.0,0.0,1.0,0.0,0.0,1.0,1.0,0.0,0.0,0.0,0.0,1.0,1.0,0.0,0.0,0.22128225213652303,23.12163489029282,21.803669415949187
4186,167.4,0.98,1,-0.04,0.308,0.094,-0.004,0.03,0.0,0.0,0.0,0.01,0.08,2.36,0.08,0.25,1.23,0.02,0.0,0.02,0.0,0.0,2.22,1.87,0.0,0.0,0.0,0.0,0.0,0.0,1.0,0.0,0.0,1.0,1.0,0.0,0.0,0.0,0.0,1.0,1.0,0.0,0.0,0.22048944699224354,23.330880823492233,21.803669415949187
4187,167.44,0.98,1,-0.039,0.309,0.097,-0.001,0.03,0.0,0.0,0.0,0.03,0.14,2.49,0.1,0.29,1.34,0.07,0.0,0.0,0.0,0.0,2.31,1.95,0.0,0.0,0.0,0.0,0.0,0.0,1.0,0.0,0.0,1.0,1.0,0.0,0.0,0.0,0.0,1.0,1.0,0.0,0.0,0.22010009348053827,23.131147831441393,21.911184358678653
4188,167.48,0.98,1,-0.031,0.312,0.101,-0.003,0.03,0.0,0.0,0.0,0.02,0.16,2.3,0.08,0.35,1.45,0.11,0.0,0.0,0.0,0.0,2.44,1.94,0.0,0.0,0.0,0.0,0.0,0.0,1.0,0.0,0.0,1.0,1.0,0.0,0.0,0.0,0.0,1.0,1.0,0.0,0.0,0.22716413742302893,22.917678765529324,21.80573319106693
4189,167.52,0.98,1,-0.028,0.293,0.107,-0.004,0.029,0.0,0.0,0.0,0.02,0.26,2.44,0.05,0.44,1.56,0.24,0.0,0.0,0.0,0.0,2.66,2.17,0.35,0.0,0.0,0.0,0.0,0.0,0.0,0.0,0.0,1.0,1.0,0.0,0.0,0.0,0.0,1.0,1.0,0.0,0.0,0.2382002152404218,22.717834403833525,21.211553455605316
4190,167.56,0.98,1,-0.041,0.337,0.101,-0.002,0.031,0.24,0.0,0.0,0.0,0.19,1.86,0.02,0.63,1.68,0.53,0.0,0.01,0.0,0.0,2.77,2.19,1.27,0.0,0.0,0.0,0.0,0.0,0.0,0.0,0.0,1.0,1.0,0.0,0.0,0.0,0.0,1.0,1.0,0.0,1.0,0.19857431866658382,18.62686232299999,18.752333188166258
4191,167.6,0.98,1,-0.017,0.466,0.112,-0.011,0.034,0.32,0.0,0.0,0.0,0.15,1.34,0.02,0.84,1.77,0.8,0.0,0.07,0.0,0.0,2.88,2.3,2.15,0.0,0.0,0.0,0.0,0.0,0.0,0.0,0.0,1.0,1.0,0.0,0.0,0.0,0.0,1.0,1.0,0.0,1.0,0.15586817252423835,16.970562748477093,20.300985197768068
4192,167.64,0.93,1,-0.051,0.474,0.112,-0.004,0.037,0.4,0.0,0.0,0.0,0.16,1.11,0.0,1.0,1.75,0.9,0.0,0.07,0.0,0.0,2.91,2.15,2.35,0.0,0.0,0.0,0.0,0.0,0.0,0.0,1.0,1.0,1.0,0.0,0.0,0.0,0.0,1.0,1.0,0.0,1.0,0.1169036677008552,17.00646935727704,21.323461257497527
4193,167.68,0.98,1,-0.021,0.418,0.096,0.0,0.039,0.24,0.0,0.0,0.0,0.29,1.64,0.02,1.03,1.75,0.85,0.0,0.07,0.0,0.0,3.02,2.22,1.92,0.0,0.0,0.0,0.0,0.0,1.0,0.0,1.0,1.0,1.0,0.0,0.0,0.0,0.0,1.0,1.0,0.0,1.0,0.14798676209056424,18.587361297397763,20.503902067655318
4194,167.72,0.98,1,-0.052,0.39,0.124,-0.004,0.036,0.16,0.0,0.0,0.0,0.42,2.42,0.06,0.97,1.73,0.8,0.0,0.01,0.0,0.0,3.09,2.2,1.36,0.0,0.0,0.0,0.0,0.0,1.0,0.0,1.0,1.0,1.0,0.0,0.0,0.0,0.0,1.0,1.0,0.0,1.0,0.17603870631838375,16.63009320479006,18.909521411183402
4195,167.76,0.98,1,-0.029,0.369,0.122,-0.006,0.038,0.08,0.0,0.0,0.0,0.44,2.73,0.06,0.89,1.76,0.76,0.0,0.08,0.0,0.0,3.05,2.24,0.97,0.0,0.0,0.0,0.0,1.0,1.0,0.0,1.0,1.0,1.0,0.0,0.0,0.0,0.0,1.0,1.0,0.0,1.0,0.16739007829629388,16.50272704737008,17.906981878585885
4196,167.8,0.98,1,-0.027,0.34,0.117,-0.003,0.037,0.0,0.0,0.0,0.0,0.49,2.92,0.04,0.8,1.7,0.6,0.0,0.08,0.0,0.0,3.03,2.15,0.48,0.0,0.0,0.0,0.0,1.0,1.0,0.0,1.0,1.0,1.0,0.0,0.0,0.0,0.0,1.0,1.0,0.0,1.0,0.17508979228808458,18.713097017864296,17.200000000000045
4197,167.84,0.98,1,-0.039,0.326,0.12,-0.002,0.036,0.0,0.0,0.0,0.0,0.51,3.01,0.0,0.76,1.64,0.55,0.0,0.08,0.0,0.0,2.9,2.08,0.21,0.0,0.0,0.0,0.0,1.0,1.0,0.0,1.0,1.0,1.0,0.0,0.0,0.0,0.0,1.0,1.0,0.0,1.0,0.1850580893418422,18.91692363995804,18.013605968822564
4198,167.88,0.98,1,-0.042,0.315,0.117,-0.003,0.038,0.0,0.0,0.0,0.0,0.54,3.03,0.0,0.7,1.62,0.56,0.0,0.06,0.0,0.0,2.84,1.98,0.04,0.0,0.0,0.0,0.0,1.0,1.0,0.0,0.0,1.0,1.0,0.0,0.0,0.0,0.0,1.0,1.0,0.0,0.0,0.19888936984041022,19.72536438193203,18.1011049386496
4199,167.92,0.98,1,-0.043,0.315,0.119,-0.004,0.038,0.0,0.01,0.0,0.0,0.49,2.95,0.0,0.64,1.6,0.48,0.0,0.05,0.0,0.0,2.75,1.91,0.04,0.0,0.0,0.0,0.0,1.0,1.0,0.0,0.0,1.0,1.0,0.0,0.0,0.0,0.0,1.0,1.0,0.0,0.0,0.20590325028436063,20.012246250733575,18.904232330353825
4200,167.96,0.98,1,-0.043,0.292,0.11,-0.002,0.038,0.0,0.01,0.0,0.0,0.47,2.83,0.0,0.61,1.63,0.48,0.0,0.11,0.0,0.0,2.68,1.87,0.0,0.0,0.0,0.0,0.0,1.0,1.0,0.0,0.0,1.0,1.0,0.0,0.0,0.0,0.0,1.0,1.0,0.0,0.0,0.21755154198772625,20.40882162203403,18.704277585622002
4201,168.0,0.98,1,-0.041,0.296,0.108,-0.003,0.036,0.0,0.01,0.0,0.0,0.42,2.73,0.04,0.55,1.62,0.47,0.0,0.15,0.0,0.0,2.61,1.92,0.0,0.0,0.0,0.0,0.0,1.0,1.0,0.0,0.0,1.0,1.0,0.0,0.0,0.0,0.0,1.0,1.0,0.0,0.0,0.21495685453911484,20.00224987345174,19.306475597581198
4202,168.04,0.98,1,-0.04,0.305,0.107,-0.001,0.033,0.0,0.01,0.0,0.0,0.44,2.63,0.04,0.56,1.64,0.54,0.0,0.22,0.0,0.0,2.54,1.97,0.03,0.0,0.0,0.0,0.0,1.0,1.0,0.0,0.0,1.0,1.0,0.0,0.0,0.0,0.0,1.0,1.0,0.0,0.0,0.20779184759028158,20.203960007879687,19.40412327316036
4203,168.08,0.98,1,-0.038,0.311,0.104,0.002,0.031,0.0,0.06,0.0,0.0,0.4,2.52,0.04,0.54,1.61,0.41,0.0,0.22,0.0,0.0,2.49,2.02,0.03,0.0,0.0,0.0,0.0,1.0,1.0,0.0,0.0,1.0,1.0,0.0,0.0,0.0,0.0,1.0,1.0,0.0,0.0,0.19926316674238465,20.20222759994555,19.50640920313116
4204,168.12,0.98,1,-0.033,0.32,0.111,0.0,0.031,0.0,0.12,0.0,0.0,0.38,2.3,0.03,0.56,1.61,0.31,0.0,0.27,0.0,0.0,2.49,1.93,0.04,0.0,0.0,0.0,0.0,1.0,1.0,0.0,0.0,1.0,1.0,0.0,0.0,0.0,0.0,1.0,1.0,0.0,0.0,0.20107388745604693,19.801010075246115,19.802272596851054
4205,168.16,0.98,1,-0.034,0.312,0.109,0.001,0.031,0.0,0.11,0.0,0.0,0.31,2.01,0.03,0.55,1.6,0.22,0.0,0.28,0.0,0.0,2.43,1.8,0.01,0.0,0.0,0.0,0.0,1.0,1.0,0.0,0.0,1.0,1.0,0.0,0.0,0.0,0.0,1.0,1.0,0.0,0.0,0.20446520595932877,19.601020381602723,19.80227259685128
4206,168.2,0.98,1,-0.037,0.31,0.104,-0.0,0.033,0.0,0.06,0.0,0.0,0.26,1.85,0.03,0.46,1.58,0.24,0.0,0.32,0.0,0.0,2.44,1.66,0.01,0.0,0.0,0.0,0.0,1.0,1.0,0.0,0.0,1.0,1.0,0.0,0.0,0.0,0.0,1.0,1.0,0.0,0.0,0.2039280324701948,20.200990074746382,19.606376513777256
4207,168.24,0.98,1,-0.031,0.301,0.11,-0.003,0.033,0.0,0.0,0.0,0.0,0.23,1.71,0.0,0.5,1.58,0.21,0.03,0.25,0.0,0.0,2.35,1.54,0.01,0.0,0.0,0.0,0.0,1.0,1.0,0.0,0.0,1.0,1.0,0.0,0.0,0.0,0.0,1.0,1.0,0.0,0.0,0.21652762845680498,20.399999999999864,19.806312125178863
4208,168.28,0.98,1,-0.04,0.302,0.108,0.0,0.035,0.0,0.01,0.0,0.0,0.31,1.84,0.0,0.55,1.59,0.31,0.03,0.22,0.0,0.0,2.34,1.47,0.01,0.0,0.0,0.0,0.0,1.0,1.0,0.0,0.0,1.0,1.0,0.0,0.0,0.0,0.0,1.0,1.0,0.0,0.0,0.20893906899820508,20.799999999999955,20.103979705520903
4209,168.32,0.98,1,-0.033,0.296,0.114,-0.0,0.034,0.0,0.01,0.0,0.0,0.38,1.88,0.0,0.62,1.62,0.34,0.03,0.16,0.0,0.0,2.32,1.42,0.01,0.0,0.0,0.0,0.0,1.0,1.0,0.0,0.0,1.0,1.0,0.0,0.0,0.0,0.0,1.0,1.0,0.0,0.0,0.21037054904258692,20.40220576310303,20.308865059377577
4210,168.36,0.98,1,-0.052,0.272,0.111,-0.0,0.034,0.0,0.01,0.0,0.0,0.42,2.13,0.0,0.65,1.63,0.41,0.0,0.17,0.02,0.0,2.37,1.42,0.0,0.0,0.0,0.0,0.0,1.0,1.0,0.0,0.0,1.0,1.0,0.0,0.0,0.0,0.0,1.0,1.0,0.0,0.0,0.23179728396897079,21.50209292138791,23.205387305537524
4211,168.4,0.98,1,-0.066,0.288,0.12,-0.002,0.032,0.0,0.0,0.0,0.0,0.39,2.19,0.0,0.64,1.64,0.49,0.0,0.21,0.04,0.0,2.42,1.5,0.0,0.0,0.0,0.0,0.0,1.0,1.0,0.0,0.0,1.0,1.0,0.0,0.0,0.0,0.0,1.0,1.0,0.0,0.0,0.22662724648462876,23.80189068120425,24.22065234464157
4212,168.44,0.98,1,-0.062,0.284,0.125,-0.004,0.031,0.0,0.0,0.0,0.0,0.39,2.34,0.0,0.71,1.67,0.53,0.0,0.22,0.06,0.0,2.45,1.51,0.0,0.0,0.0,0.0,0.0,1.0,1.0,0.0,0.0,1.0,1.0,0.0,0.0,0.0,0.0,1.0,1.0,0.0,0.0,0.24090410925497457,23.71708245126289,23.5306183514161
4213,168.48,0.98,1,-0.07,0.289,0.118,-0.004,0.033,0.0,0.0,0.0,0.05,0.38,2.38,0.0,0.7,1.66,0.53,0.0,0.22,0.04,0.0,2.42,1.48,0.0,0.0,0.0,0.0,0.0,1.0,1.0,0.0,0.0,1.0,1.0,0.0,0.0,0.0,0.0,1.0,1.0,0.0,0.0,0.2386407148217074,23.62117693934821,24.52937015090277
4214,168.52,0.98,1,-0.071,0.287,0.123,-0.003,0.032,0.0,0.0,0.0,0.15,0.37,2.47,0.0,0.68,1.67,0.52,0.0,0.2,0.02,0.0,2.42,1.42,0.0,0.0,0.0,0.0,0.0,1.0,1.0,0.0,0.0,1.0,1.0,0.0,0.0,0.0,0.0,1.0,1.0,0.0,0.0,0.24061427019696008,24.01686907155052,24.224987100099806
4215,168.56,0.98,1,-0.065,0.281,0.123,-0.006,0.032,0.0,0.0,0.0,0.22,0.37,2.43,0.0,0.64,1.66,0.46,0.0,0.2,0.0,0.0,2.41,1.4,0.0,0.0,0.0,0.0,0.0,1.0,1.0,0.0,0.0,1.0,1.0,0.0,0.0,0.0,0.0,1.0,1.0,0.0,0.0,0.24700396590039592,23.81701072762906,23.925300416086824
4216,168.6,0.98,1,-0.072,0.276,0.114,-0.004,0.034,0.0,0.0,0.0,0.18,0.42,2.36,0.0,0.73,1.73,0.45,0.0,0.19,0.0,0.0,2.49,1.47,0.0,0.0,0.0,0.0,0.0,1.0,1.0,0.0,0.0,1.0,1.0,0.0,0.0,0.0,0.0,1.0,1.0,0.0,0.0,0.24397435810663776,24.025195108468942,24.135036772294253
4217,168.64,0.98,1,-0.067,0.28,0.119,-0.005,0.033,0.0,0.0,0.0,0.08,0.48,2.41,0.0,0.8,1.77,0.47,0.0,0.14,0.0,0.0,2.52,1.44,0.0,0.0,0.0,0.0,0.0,1.0,1.0,0.0,0.0,1.0,1.0,0.0,0.0,0.0,0.0,1.0,1.0,0.0,0.0,0.2500890032196049,24.324884377936883,24.534465553584
4218,168.68,0.98,1,-0.071,0.278,0.114,-0.005,0.034,0.0,0.0,0.0,0.04,0.5,2.5,0.0,0.81,1.79,0.54,0.0,0.17,0.0,0.0,2.57,1.47,0.0,0.0,0.0,0.0,0.0,1.0,1.0,0.0,0.0,1.0,1.0,0.0,0.0,0.0,0.0,1.0,1.0,0.0,0.0,0.2512323966298112,24.12073796549342,24.329611587528433
4219,168.72,0.98,1,-0.06,0.265,0.109,-0.007,0.034,0.0,0.0,0.0,0.12,0.45,2.6,0.0,0.78,1.75,0.57,0.0,0.19,0.0,0.0,2.51,1.49,0.0,0.0,0.0,0.0,0.0,1.0,1.0,0.0,0.0,1.0,1.0,0.0,0.0,0.0,0.0,1.0,1.0,0.0,0.0,0.2607164580001782,23.93532953606456,24.429490375364043
4220,168.76,0.98,1,-0.061,0.271,0.109,-0.007,0.034,0.0,0.0,0.0,0.15,0.45,2.44,0.0,0.7,1.76,0.5,0.0,0.26,0.0,0.0,2.52,1.45,0.0,0.0,0.0,0.0,0.0,1.0,1.0,0.0,0.0,1.0,1.0,0.0,0.0,0.0,0.0,1.0,1.0,0.0,0.0,0.2601532932130989,24.029981273400946,24.146635376383323
4221,168.8,0.98,1,-0.058,0.263,0.107,-0.008,0.034,0.0,0.0,0.0,0.22,0.47,2.28,0.0,0.64,1.75,0.46,0.0,0.23,0.0,0.0,2.57,1.43,0.0,0.0,0.0,0.0,0.0,1.0,1.0,0.0,0.0,1.0,1.0,0.0,0.0,0.0,0.0,1.0,1.0,0.0,0.0,0.26381962535047787,23.330880823492468,24.33474881727768
4222,168.84,0.98,1,-0.062,0.268,0.106,-0.006,0.034,0.0,0.0,0.0,0.19,0.5,2.05,0.0,0.53,1.73,0.42,0.0,0.22,0.0,0.0,2.61,1.41,0.0,0.0,0.0,0.0,0.0,1.0,1.0,0.0,0.0,1.0,1.0,0.0,0.0,0.0,0.0,1.0,1.0,0.0,0.0,0.2541429553020651,23.81029189237288,23.841140912296915
4223,168.88,0.98,1,-0.064,0.268,0.107,-0.007,0.034,0.0,0.0,0.0,0.18,0.48,1.95,0.0,0.53,1.73,0.41,0.0,0.15,0.0,0.0,2.6,1.44,0.0,0.0,0.0,0.0,0.0,1.0,1.0,0.0,0.0,1.0,1.0,0.0,0.0,0.0,0.0,1.0,1.0,0.0,0.0,0.25463220005812015,23.92091135387622,24.229733799610578
4224,168.92,0.98,1,-0.059,0.266,0.105,-0.007,0.033,0.0,0.0,0.0,0.08,0.46,2.01,0.0,0.6,1.75,0.33,0.0,0.14,0.0,0.0,2.57,1.43,0.0,0.0,0.0,0.0,0.0,1.0,1.0,0.0,0.0,1.0,1.0,0.0,0.0,0.0,0.0,1.0,1.0,0.0,0.0,0.25353347924716374,23.5306183514161,24.329611587528433
4225,168.96,0.98,1,-0.06,0.265,0.107,-0.006,0.032,0.0,0.0,0.0,0.03,0.42,2.16,0.03,0.62,1.75,0.35,0.0,0.08,0.0,0.0,2.52,1.45,0.0,0.0,0.0,0.0,0.0,1.0,1.0,0.0,0.0,1.0,1.0,0.0,0.0,0.0,0.0,1.0,1.0,0.0,0.0,0.25327229012155306,23.817010727629064,24.229733799610806
4226,169.0,0.98,1,-0.047,0.261,0.109,-0.008,0.033,0.0,0.0,0.0,0.0,0.39,2.2,0.03,0.63,1.74,0.39,0.04,0.09,0.0,0.0,2.48,1.42,0.0,0.0,0.0,0.0,0.0,1.0,1.0,0.0,0.0,1.0,1.0,0.0,0.0,0.0,0.0,1.0,1.0,0.0,0.0,0.26034169842785093,24.125090673404642,24.116799124261817
4227,169.04,0.98,1,-0.045,0.262,0.111,-0.008,0.033,0.0,0.0,0.0,0.01,0.41,2.27,0.04,0.65,1.72,0.47,0.04,0.09,0.0,0.0,2.42,1.48,0.0,0.0,0.0,0.0,0.0,1.0,1.0,0.0,0.0,1.0,1.0,0.0,0.0,0.0,0.0,1.0,1.0,0.0,0.0,0.2619953124357859,23.920911353875994,24.21672975444872
4228,169.08,0.98,1,-0.048,0.258,0.109,-0.008,0.034,0.0,0.0,0.0,0.12,0.45,2.36,0.03,0.66,1.74,0.41,0.04,0.11,0.0,0.0,2.41,1.45,0.0,0.0,0.0,0.0,0.0,1.0,1.0,0.0,0.0,1.0,1.0,0.0,0.0,0.0,0.0,1.0,1.0,0.0,0.0,0.2681565961700215,23.630488780386997,24.229733799610806
4229,169.12,0.98,1,-0.053,0.264,0.112,-0.007,0.034,0.0,0.0,0.0,0.27,0.53,2.48,0.04,0.63,1.77,0.36,0.02,0.07,0.0,0.0,2.38,1.51,0.0,0.0,0.0,0.0,0.0,1.0,1.0,0.0,0.0,1.0,1.0,0.0,0.0,0.0,0.0,1.0,1.0,0.0,0.0,0.26690036964493774,24.32961158752843,24.135036772294246
4230,169.16,0.98,1,-0.053,0.267,0.11,-0.009,0.035,0.0,0.0,0.0,0.25,0.51,2.45,0.03,0.57,1.81,0.33,0.02,0.03,0.0,0.0,2.41,1.5,0.0,0.0,0.0,0.0,0.0,1.0,1.0,0.0,0.0,1.0,1.0,0.0,0.0,0.0,0.0,1.0,1.0,0.0,0.0,0.26173762421436964,24.534465553584006,24.224987100099586
4231,169.2,0.98,1,-0.053,0.262,0.108,-0.009,0.035,0.0,0.0,0.0,0.14,0.49,2.39,0.01,0.55,1.82,0.4,0.02,0.01,0.0,0.0,2.42,1.51,0.0,0.0,0.0,0.0,0.0,1.0,1.0,0.0,0.0,1.0,1.0,0.0,0.0,0.0,0.0,1.0,1.0,0.0,0.0,0.2599072274134846,24.02998127340094,24.229733799610806
4232,169.24,0.98,1,-0.051,0.261,0.11,-0.01,0.035,0.0,0.0,0.0,0.05,0.43,2.43,0.0,0.53,1.8,0.46,0.01,0.0,0.0,0.0,2.46,1.52,0.0,0.0,0.0,0.0,0.0,1.0,1.0,0.0,0.0,1.0,1.0,0.0,0.0,0.0,0.0,1.0,1.0,0.0,0.0,0.2634565533392442,23.835477759004718,24.135036772294246
4233,169.28,0.98,1,-0.049,0.258,0.107,-0.011,0.036,0.0,0.0,0.0,0.06,0.41,2.49,0.02,0.52,1.79,0.44,0.01,0.0,0.0,0.0,2.43,1.55,0.0,0.0,0.0,0.0,0.0,1.0,1.0,0.0,0.0,1.0,1.0,0.0,0.0,0.0,0.0,1.0,1.0,0.0,0.0,0.2640089317339637,23.635777964772096,24.129857024027444
4234,169.32,0.98,1,-0.049,0.26,0.11,-0.011,0.035,0.0,0.0,0.0,0.06,0.43,2.41,0.05,0.5,1.79,0.41,0.0,0.0,0.0,0.0,2.43,1.54,0.0,0.0,0.0,0.0,0.0,1.0,1.0,0.0,0.0,1.0,1.0,0.0,0.0,0.0,0.0,1.0,1.0,0.0,0.0,0.2690313622452153,24.02998127340094,24.135036772294253
4235,169.36,0.98,1,-0.058,0.269,0.106,-0.01,0.036,0.0,0.0,0.0,0.01,0.49,2.35,0.12,0.56,1.78,0.27,0.02,0.08,0.0,0.0,2.35,1.55,0.04,0.0,0.0,0.0,0.0,1.0,1.0,0.0,0.0,1.0,1.0,0.0,0.0,0.0,0.0,1.0,1.0,0.0,0.0,0.26054282540651796,24.716391322359158,24.029981273400946
4236,169.4,0.98,1,-0.056,0.309,0.105,-0.006,0.035,0.0,0.0,0.0,0.0,0.46,1.95,0.19,0.62,1.81,0.33,0.02,0.16,0.08,0.0,2.4,1.53,0.68,0.0,0.0,0.0,0.0,1.0,1.0,0.0,0.0,1.0,1.0,0.0,0.0,0.0,0.0,1.0,1.0,0.0,0.0,0.1991468569053349,20.600970850908855,18.702406262296883
4237,169.44,0.98,1,-0.008,0.421,0.084,-0.018,0.041,0.14,0.0,0.0,0.0,0.38,1.65,0.23,0.82,1.9,0.47,0.02,0.16,0.08,0.0,2.43,1.39,1.45,0.0,0.0,0.0,0.0,1.0,1.0,1.0,0.0,1.0,1.0,0.0,0.0,0.0,0.0,1.0,1.0,0.0,1.0,0.16238710126346292,18.13973538947017,18.602419197513132
4238,169.48,0.98,1,-0.049,0.436,0.078,-0.01,0.022,0.17,0.0,0.0,0.0,0.32,1.59,0.21,0.88,1.9,0.68,0.0,0.16,0.08,0.0,2.48,1.31,2.23,0.0,0.0,0.0,0.0,1.0,1.0,1.0,0.0,1.0,1.0,0.0,0.0,0.0,0.0,1.0,1.0,0.0,1.0,0.1639041958170792,19.8979898482234,19.8040399918804
4239,169.52,0.98,1,-0.014,0.389,0.067,-0.007,0.032,0.23,0.0,0.0,0.0,0.4,1.82,0.21,0.87,1.83,0.61,0.0,0.15,0.0,0.0,2.42,1.31,1.96,0.0,0.0,0.0,0.0,1.0,1.0,1.0,0.0,1.0,1.0,0.0,0.0,0.0,0.0,1.0,1.0,0.0,1.0,0.1511796722807054,19.314502323383667,21.50209292138791
4240,169.56,0.98,1,-0.012,0.345,0.079,-0.002,0.034,0.12,0.0,0.0,0.0,0.55,2.26,0.22,0.75,1.72,0.5,0.0,0.24,0.0,0.0,2.35,1.43,1.56,0.0,0.0,0.0,0.0,1.0,1.0,1.0,0.0,1.0,1.0,0.0,0.0,0.0,0.0,1.0,1.0,0.0,1.0,0.16334121050414585,18.66038584810092,19.512560057562922
4241,169.6,0.98,1,-0.036,0.352,0.093,-0.008,0.035,0.1,0.0,0.0,0.0,0.64,2.32,0.26,0.67,1.68,0.42,0.0,0.2,0.0,0.0,2.34,1.44,0.91,0.0,0.0,0.0,0.0,1.0,1.0,1.0,0.0,1.0,1.0,0.0,0.0,0.0,0.0,1.0,1.0,0.0,1.0,0.16107907849213596,17.123667831396318,17.810109488714502
4242,169.64,0.98,1,-0.027,0.334,0.093,-0.002,0.034,0.03,0.0,0.0,0.0,0.69,2.42,0.25,0.62,1.72,0.44,0.0,0.24,0.0,0.0,2.32,1.34,0.6,0.0,0.0,0.0,0.0,1.0,1.0,1.0,0.0,1.0,1.0,0.0,0.0,0.0,0.0,1.0,1.0,0.0,1.0,0.16004115485290626,18.227451824103163,17.707060738586787
4243,169.68,0.98,1,-0.037,0.307,0.1,0.002,0.032,0.0,0.0,0.0,0.0,0.65,2.4,0.24,0.57,1.7,0.38,0.0,0.22,0.0,0.0,2.32,1.23,0.42,0.0,0.0,0.0,0.0,1.0,1.0,1.0,0.0,1.0,1.0,0.0,0.0,0.0,0.0,1.0,1.0,0.0,1.0,0.18272356195439926,19.026297590440446,17.707060738586787
4244,169.72,0.98,1,-0.056,0.321,0.097,0.006,0.029,0.0,0.0,0.0,0.0,0.64,2.54,0.25,0.59,1.77,0.41,0.0,0.17,0.0,0.0,2.39,1.22,0.36,0.0,0.0,0.0,0.0,1.0,1.0,1.0,1.0,1.0,1.0,0.0,0.0,0.0,0.0,1.0,1.0,0.0,1.0,0.17617958088510893,19.106543381784068,18.60430057809206
4245,169.76,0.98,1,-0.053,0.315,0.097,0.004,0.032,0.0,0.0,0.0,0.0,0.63,2.58,0.17,0.6,1.72,0.4,0.0,0.07,0.0,0.0,2.7,1.51,0.3,0.0,0.0,0.0,0.0,1.0,1.0,1.0,1.0,1.0,1.0,0.0,0.0,0.0,0.0,1.0,1.0,0.0,0.0,0.1841896654741142,19.801010075246115,19.00236827345476
4246,169.8,0.98,1,-0.05,0.301,0.101,-0.003,0.038,0.0,0.0,0.0,0.0,0.7,2.52,0.13,0.71,1.75,0.48,0.0,0.0,0.0,0.0,2.86,1.72,0.09,0.0,0.0,0.0,0.0,1.0,1.0,1.0,1.0,1.0,1.0,0.0,0.0,0.0,0.0,1.0,1.0,0.0,0.0,0.20089502688601527,19.5,20.60097085090885
4247,169.84,0.98,1,-0.041,0.298,0.102,-0.0,0.037,0.0,0.0,0.0,0.0,0.69,2.35,0.06,0.69,1.73,0.4,0.0,0.07,0.0,0.0,2.87,1.69,0.0,0.0,0.0,0.0,0.0,1.0,1.0,0.0,1.0,1.0,1.0,0.0,0.0,0.0,0.0,1.0,1.0,0.0,0.0,0.20516924050810026,19.799999999999955,20.4009803685998
4248,169.88,0.98,1,-0.046,0.29,0.097,0.001,0.036,0.0,0.0,0.0,0.0,0.65,2.37,0.06,0.62,1.82,0.48,0.0,0.16,0.0,0.0,2.56,1.35,0.0,0.0,0.0,0.0,0.0,1.0,1.0,0.0,1.0,1.0,1.0,0.0,0.0,0.0,0.0,1.0,1.0,0.0,0.0,0.20864856157869466,20.000249998437518,20.70096616102741
4249,169.92,0.98,1,-0.054,0.284,0.094,0.004,0.034,0.0,0.0,0.0,0.0,0.56,2.4,0.02,0.47,1.86,0.52,0.0,0.27,0.0,0.0,2.41,1.01,0.0,0.0,0.0,0.0,0.0,1.0,1.0,0.0,1.0,1.0,1.0,0.0,0.0,0.0,0.0,1.0,1.0,0.0,0.0,0.2100059930108918,20.500243900988107,20.403921191771047
4250,169.96,0.98,1,-0.056,0.292,0.092,0.002,0.034,0.0,0.0,0.0,0.0,0.49,2.48,0.02,0.46,1.87,0.58,0.0,0.3,0.0,0.0,2.44,0.85,0.0,0.0,0.0,0.0,0.0,1.0,1.0,1.0,1.0,1.0,1.0,0.0,0.0,0.0,0.0,1.0,1.0,0.0,0.0,0.2020334336198919,20.799999999999955,20.302216627747775
4251,170.0,0.98,1,-0.065,0.306,0.099,0.002,0.033,0.0,0.0,0.0,0.0,0.5,2.57,0.07,0.52,1.8,0.5,0.0,0.23,0.0,0.0,2.56,0.93,0.0,0.0,0.0,0.0,0.0,1.0,1.0,1.0,1.0,1.0,1.0,0.0,0.0,0.0,0.0,1.0,1.0,0.0,0.0,0.1935782383945341,21.30211257129226,19.709134937891157
4252,170.04,0.98,1,-0.051,0.31,0.106,0.004,0.032,0.0,0.0,0.0,0.0,0.55,2.78,0.16,0.52,1.74,0.51,0.01,0.2,0.0,0.0,2.77,1.2,0.0,0.0,0.0,0.0,0.0,1.0,1.0,1.0,1.0,1.0,1.0,0.0,0.0,0.0,0.0,1.0,1.0,0.0,0.0,0.1895622003760578,21.500232556881798,19.91230775173997
4253,170.08,0.98,1,-0.052,0.311,0.118,0.003,0.03,0.0,0.0,0.0,0.0,0.55,2.79,0.18,0.63,1.67,0.47,0.1,0.15,0.0,0.0,2.8,1.44,0.3,0.0,0.0,0.0,0.0,1.0,1.0,1.0,1.0,1.0,1.0,0.0,0.0,0.0,0.0,1.0,1.0,0.0,0.0,0.19888468695497186,21.20023584774453,20.006249023742555
4254,170.12,0.98,1,-0.032,0.337,0.101,0.002,0.032,0.18,0.0,0.0,0.0,0.37,2.35,0.21,0.71,1.6,0.57,0.14,0.29,0.0,0.0,2.62,1.5,1.02,0.0,0.0,0.0,0.0,1.0,1.0,1.0,1.0,1.0,1.0,0.0,0.0,0.0,0.0,1.0,1.0,0.0,1.0,0.1829058032694305,18.72164522684887,17.910053042914285
4255,170.16,0.98,1,-0.003,0.449,0.102,-0.003,0.034,0.43,0.0,0.0,0.0,0.15,1.57,0.18,0.82,1.44,0.52,0.16,0.37,0.0,0.0,2.21,1.31,1.92,0.0,0.0,0.0,0.0,0.0,1.0,0.0,0.0,1.0,1.0,0.0,0.0,0.0,0.0,1.0,0.0,0.0,1.0,0.1567971413131513,16.100931650062982,20.403921191771047
4256,170.2,0.98,1,-0.051,0.46,0.104,-0.002,0.032,0.55,0.0,0.0,0.0,0.0,1.25,0.22,0.8,1.25,0.62,0.15,0.62,0.0,0.0,1.75,1.22,2.12,0.0,0.0,0.0,0.0,0.0,1.0,0.0,0.0,1.0,1.0,0.0,0.0,0.0,0.0,1.0,0.0,0.0,1.0,0.16251074317314995,16.1245154965971,19.00236827345476
4257,170.24,0.98,1,-0.063,0.405,0.08,0.003,0.035,0.37,0.0,0.0,0.0,0.04,1.74,0.26,0.8,1.08,0.43,0.12,0.68,0.0,0.0,1.52,1.3,1.64,0.0,0.0,0.0,0.0,0.0,1.0,0.0,0.0,1.0,1.0,0.0,0.0,0.0,0.0,1.0,0.0,0.0,1.0,0.16384244505471077,17.763445611705,20.015993605114883
4258,170.28,0.98,1,-0.048,0.379,0.109,0.003,0.031,0.12,0.0,0.0,0.0,0.09,2.38,0.26,0.82,1.01,0.27,0.11,0.69,0.0,0.0,1.49,1.48,0.79,0.0,0.0,0.0,0.0,0.0,1.0,0.0,0.0,1.0,1.0,0.0,0.0,0.0,0.0,1.0,0.0,0.0,1.0,0.18029984580904715,17.229045243425464,19.026297590440446
4259,170.32,0.98,1,-0.029,0.349,0.11,-0.002,0.033,0.0,0.0,0.0,0.0,0.12,2.69,0.17,0.79,1.01,0.08,0.12,0.58,0.0,0.0,1.62,1.57,0.29,0.0,0.0,0.0,0.0,0.0,1.0,0.0,0.0,1.0,1.0,0.0,0.0,0.0,0.0,1.0,0.0,0.0,1.0,0.17784831177005983,17.30462365958874,18.11767093199358
4260,170.36,0.98,1,-0.057,0.34,0.122,-0.003,0.033,0.02,0.0,0.0,0.0,0.11,2.46,0.1,0.71,1.02,0.07,0.12,0.51,0.0,0.0,1.72,1.49,0.05,0.0,0.0,0.0,0.0,0.0,1.0,0.0,0.0,1.0,1.0,0.0,1.0,0.0,0.0,1.0,0.0,0.0,1.0,0.19202709171741253,18.20247235954505,17.704519197086192
4261,170.4,0.98,1,-0.047,0.325,0.121,0.002,0.033,0.06,0.0,0.0,0.0,0.14,2.53,0.11,0.65,1.04,0.05,0.17,0.55,0.0,0.0,1.74,1.5,0.0,0.0,0.0,0.0,0.0,0.0,1.0,0.0,0.0,1.0,1.0,0.0,1.0,0.0,0.0,1.0,0.0,0.0,1.0,0.18990612010655344,19.606376513777256,18.402445489662373
4262,170.44,0.98,1,-0.044,0.339,0.119,0.004,0.033,0.09,0.0,0.0,0.0,0.16,2.58,0.2,0.61,1.06,0.03,0.18,0.69,0.0,0.0,1.64,1.55,0.0,0.0,0.0,0.0,0.0,0.0,1.0,0.0,0.0,1.0,1.0,0.0,1.0,0.0,0.0,1.0,0.0,0.0,1.0,0.18353537557566846,18.706683297688066,18.80664776083199
4263,170.48,0.98,1,-0.055,0.346,0.123,0.0,0.034,0.15,0.0,0.0,0.0,0.16,2.78,0.25,0.6,1.05,0.07,0.3,0.84,0.0,0.0,1.57,1.55,0.06,0.0,0.0,0.0,0.0,0.0,1.0,0.0,0.0,1.0,1.0,0.0,1.0,0.0,0.0,1.0,0.0,0.0,1.0,0.18760314889513358,19.10235587565066,19.512560057562922
4264,170.52,0.98,1,-0.034,0.365,0.12,0.001,0.034,0.1,0.0,0.0,0.0,0.09,2.57,0.27,0.54,1.05,0.16,0.36,0.95,0.0,0.0,1.45,1.44,0.44,0.0,0.0,0.0,0.0,0.0,1.0,0.0,0.0,1.0,1.0,0.0,1.0,0.0,0.0,1.0,0.0,0.0,1.0,0.17048795981606155,18.609674903124898,18.806647760831762
4265,170.56,0.98,1,-0.029,0.417,0.118,0.002,0.034,0.19,0.0,0.0,0.0,0.06,2.48,0.24,0.53,1.07,0.28,0.34,0.91,0.0,0.0,1.36,1.33,0.8,0.0,0.0,0.0,0.0,0.0,1.0,0.0,0.0,1.0,1.0,0.0,1.0,0.0,0.0,1.0,0.0,0.0,1.0,0.17046748420754743,18.51323850653904,18.30983342360051
4266,170.6,0.98,1,-0.043,0.418,0.109,0.004,0.033,0.14,0.0,0.0,0.0,0.06,2.28,0.22,0.49,1.12,0.3,0.33,0.85,0.0,0.0,1.25,1.27,0.92,0.0,0.0,0.0,0.0,0.0,1.0,0.0,0.0,1.0,1.0,0.0,1.0,0.0,0.0,1.0,0.0,0.0,1.0,0.1626737598108139,17.507141400011598,18.826576959182113
4267,170.64,0.98,1,-0.051,0.417,0.11,0.005,0.033,0.14,0.0,0.0,0.0,0.09,2.41,0.21,0.51,1.21,0.36,0.25,0.84,0.0,0.0,1.2,1.29,0.78,0.0,0.0,0.0,0.0,0.0,1.0,0.0,0.0,1.0,1.0,0.0,1.0,0.0,0.0,1.0,0.0,0.0,1.0,0.163790030360846,17.407182425654163,18.938056922503822
4268,170.68,0.98,1,-0.055,0.41,0.111,0.005,0.032,0.05,0.0,0.0,0.01,0.09,2.41,0.21,0.53,1.29,0.41,0.17,0.78,0.0,0.0,1.29,1.26,0.71,0.0,0.0,0.0,0.0,0.0,1.0,0.0,0.0,1.0,1.0,0.0,1.0,0.0,0.0,1.0,0.0,0.0,1.0,0.17080873635816396,17.80112356004526,18.7096231923575
4269,170.72,0.98,1,-0.061,0.409,0.114,0.003,0.032,0.04,0.0,0.0,0.03,0.09,2.49,0.22,0.55,1.33,0.51,0.05,0.71,0.0,0.0,1.44,1.27,0.79,0.0,0.0,0.0,0.0,0.0,1.0,0.0,0.0,1.0,1.0,0.0,1.0,0.0,0.0,1.0,0.0,0.0,1.0,0.17289220293047347,18.117670931993352,18.806647760831762
4270,170.76,0.98,1,-0.051,0.4,0.114,0.002,0.032,0.09,0.0,0.0,0.1,0.08,2.48,0.22,0.62,1.41,0.6,0.0,0.56,0.0,0.0,1.56,1.22,0.76,0.0,0.0,0.0,0.0,0.0,1.0,0.0,0.0,1.0,1.0,0.0,1.0,0.0,0.0,1.0,0.0,0.0,1.0,0.17732599544785044,18.109942020889978,19.22602402994446
4271,170.8,0.98,1,-0.045,0.396,0.114,0.002,0.032,0.09,0.0,0.0,0.11,0.17,2.44,0.16,0.71,1.57,0.7,0.0,0.46,0.0,0.0,1.64,1.18,0.77,0.0,0.0,0.0,0.0,0.0,1.0,0.0,0.0,1.0,1.0,0.0,0.0,0.0,0.0,1.0,0.0,0.0,0.0,0.18237066643551847,18.10994202088998,19.12616009553421
4272,170.84,0.98,1,-0.043,0.389,0.119,0.002,0.031,0.14,0.0,0.0,0.1,0.21,2.41,0.11,0.82,1.72,0.84,0.0,0.4,0.0,0.0,1.68,1.08,0.8,0.0,0.0,0.0,0.0,0.0,1.0,0.0,0.0,1.0,1.0,0.0,0.0,0.0,0.0,1.0,0.0,0.0,0.0,0.18152623756644254,18.517289218457435,19.021303845951252
4273,170.88,0.98,1,-0.044,0.408,0.124,0.004,0.03,0.13,0.0,0.0,0.02,0.28,2.46,0.06,0.82,1.81,0.92,0.0,0.38,0.03,0.0,1.69,1.05,0.85,0.0,0.0,0.0,0.0,0.0,1.0,0.0,0.0,1.0,1.0,0.0,0.0,0.0,0.0,1.0,0.0,0.0,0.0,0.183726318949779,18.60430057809206,18.921416437465865
4274,170.92,0.98,1,-0.05,0.396,0.116,0.004,0.032,0.11,0.0,0.0,0.0,0.3,2.53,0.08,0.8,1.83,0.93,0.0,0.45,0.07,0.0,1.68,1.0,0.82,0.0,0.0,0.0,0.0,0.0,1.0,0.0,0.0,1.0,1.0,0.0,0.0,0.0,0.0,1.0,0.0,0.0,0.0,0.1789260865678045,18.00444389588304,19.516403357176237
4275,170.96,0.98,1,-0.053,0.396,0.117,0.005,0.03,0.05,0.0,0.0,0.0,0.44,2.49,0.04,0.82,1.87,0.86,0.0,0.5,0.07,0.0,1.76,0.93,0.7,0.0,0.0,0.0,0.0,0.0,1.0,0.0,0.0,1.0,1.0,0.0,0.0,0.0,0.0,1.0,0.0,0.0,0.0,0.1786247813918328,18.206866836443698,19.720547659737868
4276,171.0,0.98,1,-0.043,0.403,0.121,0.004,0.03,0.01,0.0,0.0,0.0,0.59,2.4,0.03,0.86,1.94,0.81,0.0,0.54,0.04,0.0,1.92,0.89,0.47,0.0,0.0,0.0,0.0,1.0,1.0,0.0,0.0,1.0,1.0,0.0,1.0,0.0,0.0,1.0,0.0,0.0,1.0,0.18049306705831486,18.701069488133605,19.512560057562926
4277,171.04,0.98,1,-0.028,0.396,0.123,0.005,0.027,0.03,0.0,0.0,0.0,0.72,2.31,0.01,0.96,2.0,0.77,0.0,0.44,0.07,0.0,2.05,0.96,0.43,0.0,0.0,0.0,0.0,1.0,1.0,0.0,0.0,1.0,1.0,0.0,1.0,0.0,0.0,1.0,0.0,0.0,1.0,0.17560952160483054,18.402445489662373,20.015993605114883
4278,171.08,0.98,1,-0.035,0.395,0.121,0.005,0.03,0.05,0.0,0.0,0.0,0.74,2.26,0.01,1.0,2.02,0.85,0.0,0.41,0.12,0.0,2.16,1.01,0.52,0.0,0.0,0.0,0.0,1.0,1.0,0.0,0.0,1.0,1.0,0.0,1.0,0.0,0.0,1.0,0.0,0.0,1.0,0.17661077386541607,18.804254837669234,20.10895322984258
4279,171.12,0.98,1,-0.033,0.401,0.123,0.004,0.03,0.06,0.0,0.0,0.0,0.72,2.28,0.0,1.0,1.96,0.84,0.0,0.37,0.12,0.0,2.25,1.07,0.67,0.0,0.0,0.0,0.0,1.0,1.0,0.0,0.0,1.0,1.0,0.0,0.0,0.0,0.0,1.0,1.0,0.0,1.0,0.17584382353333883,19.00947132352712,19.806312125178636
4280,171.16,0.98,1,-0.03,0.391,0.117,0.004,0.03,0.03,0.0,0.0,0.0,0.71,2.29,0.0,0.99,1.96,0.93,0.0,0.44,0.14,0.0,2.3,1.07,0.62,0.0,0.0,0.0,0.0,1.0,1.0,0.0,0.0,1.0,1.0,0.0,0.0,0.0,0.0,1.0,1.0,0.0,1.0,0.17948138473065556,19.212756179163925,20.008997975910738
4281,171.2,0.98,1,-0.028,0.371,0.118,0.003,0.032,0.02,0.0,0.0,0.0,0.72,2.24,0.02,0.98,1.97,0.91,0.0,0.44,0.11,0.0,2.35,1.23,0.52,0.0,0.0,0.0,0.0,1.0,1.0,0.0,0.0,1.0,1.0,0.0,0.0,0.0,0.0,1.0,1.0,0.0,1.0,0.17160178268282217,19.42086506827138,19.904019694523885
4282,171.24,0.98,1,-0.023,0.37,0.124,0.001,0.03,0.03,0.0,0.0,0.0,0.74,2.21,0.09,0.93,1.99,0.98,0.0,0.44,0.12,0.0,2.38,1.28,0.47,0.0,0.0,0.0,0.0,1.0,1.0,0.0,0.0,1.0,1.0,0.0,0.0,0.0,0.0,1.0,1.0,0.0,1.0,0.1837901449899934,18.602419197513132,19.5
4283,171.28,0.98,1,-0.024,0.363,0.121,0.003,0.029,0.05,0.0,0.0,0.0,0.76,2.21,0.18,0.88,1.98,0.98,0.0,0.42,0.1,0.0,2.41,1.34,0.41,0.0,0.0,0.0,0.0,1.0,1.0,1.0,0.0,1.0,1.0,0.0,0.0,0.0,0.0,1.0,1.0,0.0,0.0,0.1821556553615999,18.804254837669234,19.5
4284,171.32,0.98,1,-0.025,0.363,0.124,0.003,0.029,0.05,0.0,0.0,0.0,0.79,2.36,0.21,0.89,1.97,0.96,0.0,0.43,0.15,0.0,2.38,1.34,0.33,0.0,0.0,0.0,0.0,1.0,1.0,1.0,0.0,1.0,1.0,0.0,0.0,0.0,0.0,1.0,1.0,0.0,0.0,0.18396005061281245,18.601075237738414,19.701015202268177
4285,171.36,0.98,1,-0.021,0.365,0.125,0.004,0.03,0.02,0.0,0.0,0.0,0.79,2.37,0.2,0.89,1.98,0.95,0.0,0.45,0.23,0.0,2.31,1.23,0.37,0.0,0.0,0.0,0.0,1.0,1.0,1.0,0.0,1.0,1.0,0.0,0.0,0.0,0.0,1.0,1.0,0.0,0.0,0.1789949709444672,19.209372712298364,19.50230755577401
4286,171.4,0.98,1,-0.031,0.374,0.125,0.004,0.029,0.0,0.0,0.0,0.0,0.76,2.51,0.12,0.91,2.0,0.97,0.0,0.51,0.27,0.0,2.19,1.12,0.35,0.0,0.0,0.0,0.0,1.0,1.0,0.0,0.0,1.0,1.0,0.0,1.0,0.0,0.0,1.0,1.0,0.0,0.0,0.1783146878971482,19.116746585127828,19.709134937890926
4287,171.44,0.98,1,-0.035,0.374,0.133,0.006,0.03,0.0,0.0,0.0,0.0,0.72,2.7,0.07,0.87,2.02,0.99,0.0,0.56,0.25,0.0,2.11,1.02,0.27,0.0,0.0,0.0,0.0,1.0,1.0,0.0,0.0,1.0,1.0,0.0,1.0,0.0,0.0,1.0,1.0,0.0,0.0,0.1903029097654974,18.80664776083199,21.000238093888363
4288,171.48,0.98,1,-0.042,0.368,0.132,0.007,0.031,0.0,0.0,0.0,0.0,0.67,2.76,0.01,0.86,2.01,0.96,0.0,0.6,0.16,0.0,2.05,0.99,0.14,0.0,0.0,0.0,0.0,1.0,1.0,0.0,0.0,1.0,1.0,0.0,1.0,0.0,0.0,1.0,1.0,0.0,0.0,0.1856947306884824,19.70025380547169,20.400980368600028
4289,171.52,0.98,1,-0.035,0.335,0.13,0.008,0.031,0.0,0.0,0.0,0.0,0.6,2.76,0.0,0.81,2.0,0.79,0.0,0.62,0.1,0.0,2.02,1.01,0.05,0.0,0.0,0.0,0.0,1.0,1.0,0.0,0.0,1.0,1.0,0.0,1.0,0.0,0.0,1.0,1.0,0.0,0.0,0.1876530854295745,19.00421005987884,21.50209292138791
4290,171.56,0.98,1,-0.039,0.304,0.141,0.005,0.03,0.0,0.0,0.0,0.0,0.58,2.64,0.0,0.8,1.97,0.75,0.0,0.68,0.05,0.0,1.95,1.06,0.05,0.0,0.0,0.0,0.0,1.0,1.0,0.0,0.0,1.0,1.0,0.0,1.0,0.0,0.0,1.0,1.0,0.0,0.0,0.23390370297250596,21.200235847744757,21.100947846009102
4291,171.6,0.98,1,-0.062,0.315,0.132,0.0,0.032,0.0,0.0,0.0,0.0,0.56,2.65,0.0,0.78,1.95,0.67,0.0,0.62,0.21,0.0,1.95,1.14,0.0,0.0,0.0,0.0,0.0,1.0,1.0,0.0,0.0,1.0,1.0,0.0,1.0,0.0,0.0,1.0,1.0,0.0,0.0,0.21689351822032615,23.131147831441613,24.624581214712983
4292,171.64,0.98,1,-0.033,0.311,0.14,0.004,0.029,0.0,0.0,0.0,0.0,0.57,2.67,0.0,0.73,1.93,0.7,0.0,0.59,0.2,0.0,2.02,1.17,0.0,0.0,0.0,0.0,0.0,1.0,1.0,0.0,0.0,1.0,1.0,0.0,1.0,0.0,0.0,1.0,1.0,0.0,0.0,0.24067911465018071,22.722015755649895,22.910696191953754
4293,171.68,0.98,1,-0.044,0.314,0.134,0.004,0.031,0.0,0.0,0.0,0.0,0.49,2.6,0.0,0.66,1.9,0.61,0.0,0.52,0.25,0.0,2.07,1.11,0.0,0.0,0.0,0.0,0.0,1.0,1.0,0.0,0.0,1.0,1.0,0.0,1.0,0.0,0.0,1.0,1.0,0.0,0.0,0.22411818505524328,22.831557108528486,24.22498710009981
4294,171.72,0.98,1,-0.05,0.318,0.146,-0.001,0.03,0.0,0.0,0.0,0.0,0.45,2.53,0.0,0.69,1.88,0.65,0.03,0.56,0.17,0.0,2.1,1.01,0.0,0.0,0.0,0.0,0.0,1.0,1.0,0.0,0.0,1.0,1.0,0.0,1.0,0.0,0.0,1.0,1.0,0.0,0.0,0.24799422898301743,23.354871012274888,23.621176939348437
4295,171.76,0.98,1,-0.061,0.322,0.135,-0.0,0.032,0.0,0.0,0.0,0.0,0.38,2.41,0.0,0.69,1.84,0.65,0.09,0.52,0.2,0.0,2.1,0.95,0.0,0.0,0.0,0.0,0.0,1.0,1.0,0.0,0.0,1.0,1.0,0.0,1.0,0.0,0.0,1.0,1.0,0.0,0.0,0.22665834764396886,23.336237914453942,24.824383174612773
4296,171.8,0.98,1,-0.046,0.31,0.14,-0.002,0.031,0.0,0.0,0.0,0.0,0.42,2.36,0.0,0.73,1.82,0.7,0.17,0.5,0.25,0.0,2.16,0.93,0.0,0.0,0.0,0.0,0.0,0.0,1.0,0.0,0.0,1.0,1.0,0.0,1.0,0.0,0.0,1.0,1.0,0.0,0.0,0.25549378373883047,23.34202219174675,23.71708245126289
4297,171.84,0.98,1,-0.059,0.321,0.136,0.001,0.031,0.0,0.0,0.0,0.0,0.39,2.43,0.07,0.72,1.75,0.72,0.14,0.5,0.18,0.0,2.16,0.97,0.36,0.0,0.0,0.0,0.0,0.0,1.0,0.0,0.0,1.0,1.0,0.0,1.0,0.0,0.0,1.0,1.0,0.0,0.0,0.21821065643387946,23.525730594393877,24.13503677229448
4298,171.88,0.98,1,-0.061,0.357,0.122,0.002,0.033,0.07,0.0,0.0,0.0,0.35,1.89,0.09,0.84,1.8,0.91,0.1,0.52,0.11,0.0,2.13,0.92,1.01,0.0,0.0,0.0,0.0,0.0,1.0,0.0,0.0,1.0,1.0,0.0,1.0,0.0,0.0,1.0,1.0,0.0,1.0,0.19872490343272986,19.158809983921145,18.538878067455965
4299,171.92,0.98,1,-0.036,0.463,0.121,-0.008,0.036,0.08,0.0,0.0,0.0,0.33,1.62,0.09,0.86,1.8,1.07,0.01,0.52,0.02,0.0,2.16,0.9,1.83,0.0,0.0,0.0,0.0,0.0,1.0,0.0,0.0,1.0,1.0,0.0,1.0,0.0,0.0,1.0,1.0,0.0,1.0,0.1629313387117315,16.112417571550207,20.5
4300,171.96,0.98,1,-0.016,0.435,0.109,-0.005,0.039,0.13,0.0,0.0,0.0,0.32,1.39,0.06,0.92,1.8,1.07,0.01,0.43,0.0,0.0,2.23,1.13,2.05,0.0,0.0,0.0,0.0,0.0,1.0,0.0,0.0,1.0,1.0,0.0,0.0,0.0,0.0,1.0,1.0,0.0,1.0,0.15107128691892224,18.63035158015007,21.215088969881833
4301,172.0,0.98,1,-0.033,0.366,0.094,0.005,0.037,0.06,0.0,0.0,0.0,0.41,1.95,0.04,0.96,1.76,1.03,0.0,0.4,0.0,0.0,2.33,1.36,1.69,0.0,0.0,0.0,0.0,0.0,1.0,0.0,0.0,1.0,1.0,0.0,0.0,0.0,0.0,1.0,1.0,0.0,1.0,0.15787405641553387,19.983242980057028,19.00236827345476
4302,172.04,0.98,1,-0.038,0.374,0.129,-0.003,0.033,0.05,0.0,0.0,0.0,0.45,2.42,0.04,1.0,1.78,1.01,0.0,0.38,0.01,0.0,2.33,1.59,0.97,0.0,0.0,0.0,0.0,0.0,1.0,0.0,0.0,1.0,1.0,0.0,0.0,0.0,0.0,1.0,1.0,0.0,1.0,0.1841672059709359,17.202616080119952,18.23951753747894
4303,172.08,0.98,1,-0.041,0.354,0.132,-0.002,0.033,0.0,0.0,0.0,0.0,0.48,2.74,0.0,0.97,1.85,1.05,0.02,0.38,0.01,0.0,2.35,1.54,0.41,0.0,0.0,0.0,0.0,0.0,1.0,0.0,0.0,1.0,1.0,0.0,0.0,0.0,0.0,1.0,1.0,0.0,1.0,0.1687072228869294,17.410341754256155,17.700000000000045
4304,172.12,0.98,1,-0.052,0.331,0.132,0.002,0.034,0.0,0.0,0.0,0.0,0.47,2.82,0.0,0.87,1.88,0.88,0.02,0.31,0.01,0.0,2.37,1.62,0.13,0.0,0.0,0.0,0.0,0.0,1.0,0.0,0.0,1.0,1.0,0.0,0.0,0.0,0.0,1.0,1.0,0.0,0.0,0.1930786429316935,17.70706073858656,19.106543381784068
4305,172.16,0.98,1,-0.051,0.322,0.131,0.0,0.035,0.0,0.0,0.0,0.0,0.45,2.7,0.0,0.77,1.88,0.74,0.02,0.22,0.0,0.0,2.37,1.65,0.03,0.0,0.0,0.0,0.0,0.0,1.0,0.0,0.0,1.0,1.0,0.0,0.0,0.0,0.0,1.0,1.0,0.0,0.0,0.21170410865096334,19.106543381784295,19.02130384595126
4306,172.2,0.98,1,-0.037,0.303,0.121,-0.0,0.038,0.0,0.0,0.0,0.0,0.45,2.68,0.0,0.74,1.87,0.69,0.0,0.17,0.0,0.0,2.34,1.7,0.02,0.0,0.0,0.0,0.0,1.0,1.0,0.0,0.0,1.0,1.0,0.0,0.0,0.0,0.0,1.0,1.0,0.0,0.0,0.21624396952345354,19.301036241611666,20.0
4307,172.24,0.98,1,-0.036,0.295,0.127,0.002,0.036,0.0,0.0,0.0,0.0,0.42,2.45,0.0,0.7,1.84,0.75,0.0,0.12,0.0,0.0,2.31,1.64,0.0,0.0,0.0,0.0,0.0,1.0,1.0,0.0,0.0,1.0,1.0,0.0,0.0,0.0,0.0,1.0,1.0,0.0,0.0,0.22688797991467907,20.10099500024803,20.802163349036515
4308,172.28,0.98,1,-0.044,0.288,0.118,-0.002,0.039,0.0,0.0,0.0,0.0,0.4,2.29,0.0,0.65,1.8,0.73,0.0,0.06,0.0,0.0,2.35,1.66,0.0,0.0,0.0,0.0,0.0,1.0,1.0,0.0,0.0,1.0,1.0,0.0,0.0,0.0,0.0,1.0,1.0,0.0,0.0,0.2305314731329428,20.50219500443794,20.923909768492212
4309,172.32,0.98,1,-0.045,0.299,0.125,-0.004,0.037,0.0,0.0,0.0,0.0,0.39,2.06,0.0,0.63,1.79,0.71,0.0,0.1,0.0,0.0,2.37,1.64,0.0,0.0,0.0,0.0,0.0,1.0,1.0,0.0,0.0,1.0,1.0,0.0,0.0,0.0,0.0,1.0,1.0,0.0,0.0,0.220082987393606,20.00099997500125,21.30586773637718
4310,172.36,0.98,1,-0.04,0.308,0.131,-0.004,0.035,0.0,0.0,0.0,0.0,0.42,2.1,0.0,0.6,1.78,0.57,0.0,0.19,0.0,0.0,2.35,1.6,0.0,0.0,0.0,0.0,0.0,1.0,1.0,0.0,0.0,1.0,1.0,0.0,0.0,0.0,0.0,1.0,1.0,0.0,0.0,0.21657370723316577,21.30093894644079,21.41144553737566
4311,172.4,0.98,1,-0.048,0.311,0.121,0.0,0.036,0.0,0.0,0.0,0.0,0.42,2.23,0.0,0.66,1.8,0.53,0.0,0.34,0.0,0.0,2.34,1.55,0.0,0.0,0.0,0.0,0.0,1.0,1.0,0.0,0.0,1.0,1.0,0.0,0.0,0.0,0.0,1.0,1.0,0.0,0.0,0.20232906125931077,21.100236965493924,21.814673960433332
4312,172.44,0.98,1,-0.045,0.312,0.124,-0.002,0.034,0.0,0.0,0.0,0.0,0.43,2.34,0.0,0.69,1.81,0.46,0.0,0.3,0.0,0.0,2.37,1.55,0.02,0.0,0.0,0.0,0.0,1.0,1.0,0.0,0.0,1.0,1.0,0.0,0.0,0.0,0.0,1.0,1.0,0.0,0.0,0.20447285345630403,20.70096616102741,21.514878572745882
4313,172.48,0.98,1,-0.044,0.317,0.124,0.0,0.032,0.0,0.0,0.0,0.0,0.39,2.26,0.0,0.73,1.8,0.6,0.0,0.27,0.0,0.0,2.38,1.64,0.02,0.0,0.0,0.0,0.0,1.0,1.0,0.0,0.0,1.0,1.0,0.0,0.0,0.0,0.0,1.0,1.0,0.0,0.0,0.1958185447630475,21.10094784600933,21.41144553737543
4314,172.52,0.98,1,-0.041,0.317,0.121,-0.004,0.032,0.0,0.0,0.0,0.0,0.39,2.19,0.0,0.71,1.87,0.7,0.0,0.28,0.0,0.0,2.38,1.71,0.04,0.0,0.0,0.0,0.0,1.0,1.0,0.0,0.0,1.0,1.0,0.0,0.0,0.0,0.0,1.0,1.0,0.0,0.0,0.1950501054497472,21.303755537463527,22.100904958847185
4315,172.56,0.98,1,-0.046,0.321,0.127,-0.01,0.031,0.0,0.0,0.0,0.0,0.42,2.24,0.0,0.77,1.9,0.92,0.0,0.37,0.0,0.0,2.33,1.71,0.01,0.0,0.0,0.0,0.0,1.0,1.0,0.0,0.0,1.0,1.0,0.0,0.0,0.0,0.0,1.0,1.0,0.0,0.0,0.20098783681552052,21.00380917833715,22.002045359466013
4316,172.6,0.98,1,-0.028,0.321,0.12,-0.016,0.031,0.0,0.0,0.0,0.0,0.51,2.55,0.0,0.79,2.01,0.98,0.0,0.38,0.0,0.0,2.31,1.56,0.01,0.0,0.0,0.0,0.0,1.0,1.0,0.0,0.0,1.0,1.0,0.0,0.0,0.0,0.0,1.0,1.0,0.0,0.0,0.2017153304865386,20.500975586542218,20.700241544484495
4317,172.64,0.98,1,0.03,0.334,0.12,-0.008,0.007,0.0,0.0,0.0,0.0,0.5,2.69,0.0,0.76,2.03,1.0,0.01,0.37,0.0,0.0,2.3,1.41,0.0,0.0,0.0,0.0,0.0,1.0,1.0,0.0,0.0,1.0,1.0,0.0,0.0,0.0,0.0,1.0,1.0,0.0,0.0,0.20096903226770574,19.01289036417136,20.40612653102013
4318,172.68,0.98,1,0.035,0.35,0.132,-0.025,0.018,0.0,0.0,0.0,0.0,0.46,2.56,0.0,0.9,2.09,1.02,0.01,0.26,0.0,0.0,2.26,1.17,0.0,0.0,0.0,0.0,0.0,1.0,1.0,0.0,1.0,1.0,1.0,0.0,0.0,0.0,0.0,1.0,1.0,0.0,0.0,0.2108001672514515,20.209403751719048,20.819462048765992
4319,172.72,0.98,1,0.043,0.342,0.108,-0.028,-0.011,0.0,0.0,0.0,0.0,0.49,2.51,0.0,1.02,2.12,1.03,0.01,0.19,0.0,0.0,2.19,0.96,0.0,0.0,0.0,0.0,0.0,1.0,1.0,0.0,1.0,1.0,1.0,0.0,0.0,0.0,0.0,1.0,0.0,0.0,0.0,0.20942806316690254,20.35534327885451,21.803669415949415
4320,172.76,0.98,1,0.057,0.342,0.104,-0.025,-0.021,0.0,0.0,0.0,0.0,0.61,2.64,0.0,1.29,2.15,1.11,0.0,0.04,0.0,0.0,2.08,0.68,0.0,0.0,0.0,0.0,0.0,1.0,1.0,0.0,1.0,1.0,1.0,0.0,0.0,0.0,0.0,1.0,0.0,0.0,0.0,0.2035513831259257,20.24845673131663,22.00363606316011
4321,172.8,0.98,1,0.07,0.32,0.096,-0.028,-0.023,0.0,0.0,0.0,0.0,0.68,2.78,0.0,1.35,2.24,1.07,0.0,0.01,0.0,0.0,2.08,0.49,0.0,0.0,0.0,0.0,0.0,1.0,1.0,0.0,1.0,1.0,1.0,0.0,0.0,0.0,0.0,1.0,0.0,0.0,0.0,0.20679239988930131,20.787015177749602,19.037857022259626
4322,172.84,0.98,1,0.084,0.323,0.102,-0.042,-0.025,0.0,0.0,0.0,0.0,0.67,2.72,0.0,1.41,2.3,1.08,0.0,0.01,0.0,0.0,2.06,0.3,0.0,0.0,0.0,0.0,0.0,1.0,1.0,0.0,1.0,1.0,1.0,0.0,0.0,0.0,0.0,1.0,0.0,0.0,0.0,0.22002040469550993,20.80624906127969,18.527007313648905
4323,172.88,0.98,1,0.102,0.327,0.103,-0.052,-0.028,0.0,0.0,0.0,0.0,0.69,2.61,0.0,1.4,2.41,1.18,0.0,0.01,0.0,0.0,2.05,0.15,0.0,0.0,0.0,0.0,0.0,1.0,1.0,0.0,1.0,1.0,1.0,0.0,0.0,0.0,0.0,1.0,0.0,0.0,0.0,0.222640930375925,20.199257412093058,17.947144619687982
4324,172.92,0.98,1,0.119,0.324,0.107,-0.06,-0.029,0.0,0.0,0.0,0.0,0.73,2.61,0.0,1.46,2.43,1.3,0.0,0.0,0.0,0.0,1.97,0.04,0.0,0.0,0.0,0.0,0.0,1.0,1.0,0.0,1.0,1.0,1.0,0.0,0.0,0.0,0.0,1.0,0.0,0.0,0.0,0.23474433717886456,20.552615405344266,17.564168070250297
4325,172.96,0.98,1,0.125,0.319,0.104,-0.066,-0.031,0.0,0.0,0.0,0.0,0.83,2.62,0.05,1.53,2.46,1.36,0.0,0.0,0.0,0.0,2.06,0.01,0.0,0.0,0.0,0.0,0.0,1.0,1.0,0.0,1.0,1.0,1.0,0.0,0.0,0.0,0.0,1.0,0.0,0.0,0.0,0.24854636123852086,20.29408780901485,17.184295155751855
4326,173.0,0.98,1,0.126,0.329,0.104,-0.076,-0.032,0.0,0.0,0.0,0.0,0.93,2.59,0.08,1.61,2.42,1.24,0.0,0.0,0.0,0.0,2.1,0.0,0.0,0.0,0.0,0.0,0.0,1.0,1.0,0.0,1.0,1.0,1.0,0.0,0.0,0.0,0.0,1.0,0.0,0.0,0.0,0.23543864956302452,19.63517252279695,16.32298992219238
4327,173.04,0.98,1,0.121,0.329,0.107,-0.078,-0.035,0.0,0.0,0.0,0.0,0.99,2.63,0.11,1.62,2.41,1.14,0.0,0.0,0.0,0.0,2.17,0.0,0.0,0.0,0.0,0.0,0.0,1.0,1.0,0.0,1.0,1.0,1.0,0.0,0.0,0.0,0.0,1.0,0.0,0.0,0.0,0.23521326897882722,19.56041921841154,16.42224101637794
4328,173.08,0.98,1,0.138,0.335,0.107,-0.095,-0.035,0.0,0.0,0.0,0.0,1.0,2.83,0.09,1.61,2.36,1.18,0.0,0.0,0.0,0.0,2.09,0.0,0.0,0.0,0.0,0.0,0.0,1.0,1.0,0.0,1.0,1.0,1.0,0.0,0.0,0.0,0.0,1.0,0.0,0.0,0.0,0.23041636054027054,19.1637678967368,16.263455967290497
4329,173.12,0.98,1,0.119,0.334,0.095,-0.082,-0.033,0.01,0.0,0.0,0.0,0.87,2.37,0.12,1.61,2.41,1.38,0.0,0.0,0.0,0.0,2.16,0.0,0.49,0.0,0.0,0.0,0.0,1.0,1.0,0.0,1.0,1.0,1.0,0.0,0.0,0.0,0.0,1.0,0.0,0.0,0.0,0.1842293944510043,18.253766734567233,18.867962264113164
4330,173.16,0.98,1,0.102,0.393,0.081,-0.111,-0.031,0.08,0.0,0.0,0.0,0.81,1.64,0.08,1.52,2.43,1.61,0.0,0.0,0.0,0.0,2.25,0.0,1.02,0.0,0.0,0.0,0.0,1.0,1.0,0.0,1.0,1.0,1.0,0.0,0.0,0.0,0.0,1.0,0.0,0.0,1.0,0.17503431578020912,16.824089871371896,17.8404035828789
4331,173.2,0.98,1,0.032,0.412,0.081,-0.111,-0.034,0.08,0.04,0.0,0.04,0.68,1.16,0.06,1.51,2.42,1.72,0.0,0.01,0.0,0.0,2.32,0.0,1.23,0.0,0.0,0.0,0.0,1.0,1.0,0.0,1.0,1.0,1.0,0.0,0.0,0.0,0.0,1.0,0.0,0.0,1.0,0.1617784564273068,16.337074401495695,22.81775624376766
4332,173.24,0.98,1,0.071,0.381,0.084,-0.104,-0.038,0.08,0.04,0.0,0.12,0.7,1.45,0.05,1.42,2.28,1.64,0.0,0.05,0.0,0.0,2.19,0.0,0.75,0.0,0.0,0.0,0.0,1.0,1.0,0.0,1.0,1.0,1.0,0.0,0.0,0.0,0.0,1.0,0.0,0.0,1.0,0.16900448901270404,16.400304875215063,19.22602402994446
4333,173.28,0.98,1,0.092,0.323,0.081,-0.093,-0.044,0.01,0.04,0.0,0.14,0.74,2.19,0.08,1.41,2.16,1.49,0.0,0.11,0.0,0.0,1.86,0.0,0.22,0.0,0.0,0.0,0.0,1.0,1.0,0.0,1.0,1.0,1.0,0.0,0.0,0.0,0.0,1.0,0.0,0.0,1.0,0.1823274212185248,15.915401345866304,18.099999999999998
4334,173.32,0.98,1,0.103,0.338,0.08,-0.099,-0.049,0.09,0.07,0.0,0.11,0.8,2.52,0.14,1.38,2.09,1.36,0.0,0.22,0.0,0.0,1.52,0.0,0.02,0.0,0.0,0.0,0.0,1.0,1.0,0.0,1.0,1.0,1.0,0.0,0.0,0.0,0.0,1.0,0.0,0.0,0.0,0.16800479979032273,16.71915069613268,18.532673849177836
4335,173.36,0.98,1,0.122,0.322,0.079,-0.097,-0.05,0.08,0.07,0.0,0.03,0.79,2.75,0.18,1.43,2.08,1.43,0.0,0.29,0.0,0.0,1.34,0.0,0.0,0.0,0.0,0.0,0.0,1.0,1.0,0.0,1.0,1.0,1.0,0.0,0.0,0.0,0.0,1.0,0.0,0.0,0.0,0.1807675417211252,17.507141400011598,18.552897347853783
4336,173.4,0.98,1,0.119,0.328,0.076,-0.097,-0.053,0.08,0.07,0.0,0.0,0.68,2.76,0.2,1.42,2.07,1.45,0.0,0.26,0.0,0.0,1.39,0.0,0.0,0.0,0.0,0.0,0.0,1.0,1.0,0.0,1.0,1.0,1.0,0.0,0.0,0.0,0.0,1.0,0.0,0.0,0.0,0.17443593447462458,17.62299634000975,18.487833837418684
4337,173.44,0.98,1,0.117,0.32,0.085,-0.089,-0.06,0.0,0.0,0.0,0.0,0.61,2.83,0.22,1.48,2.07,1.47,0.0,0.19,0.0,0.0,1.54,0.0,0.0,0.0,0.0,0.0,0.0,1.0,1.0,0.0,1.0,1.0,1.0,0.0,0.0,0.0,0.0,1.0,0.0,0.0,0.0,0.18195492631357432,18.013605968822564,18.959430371190045
4338,173.48,0.98,1,0.124,0.333,0.09,-0.093,-0.062,0.0,0.0,0.0,0.0,0.58,2.63,0.2,1.48,2.09,1.39,0.0,0.16,0.0,0.0,1.65,0.0,0.0,0.0,0.0,0.0,0.0,1.0,1.0,0.0,1.0,1.0,1.0,0.0,0.0,0.0,0.0,1.0,0.0,0.0,0.0,0.18909729655094148,17.755280904564746,19.059118552545918
4339,173.52,0.98,1,0.114,0.319,0.091,-0.088,-0.062,0.0,0.0,0.0,0.0,0.61,2.61,0.18,1.56,2.13,1.35,0.0,0.13,0.0,0.0,1.81,0.0,0.0,0.0,0.0,0.0,0.0,1.0,1.0,0.0,1.0,1.0,1.0,0.0,0.0,0.0,0.0,1.0,0.0,0.0,0.0,0.19236562065341142,18.261708572858172,19.051509126575773
4340,173.56,0.98,1,0.133,0.328,0.088,-0.098,-0.058,0.0,0.0,0.0,0.0,0.62,2.63,0.14,1.54,2.15,1.35,0.0,0.09,0.0,0.0,1.96,0.0,0.0,0.0,0.0,0.0,0.0,1.0,1.0,0.0,1.0,1.0,1.0,0.0,0.0,0.0,0.0,1.0,0.0,0.0,0.0,0.2027588132365016,17.655594014362617,18.560711193270585
4341,173.6,0.98,1,0.138,0.334,0.088,-0.107,-0.054,0.0,0.0,0.0,0.0,0.58,2.91,0.1,1.54,2.14,1.31,0.0,0.01,0.0,0.0,2.05,0.0,0.0,0.0,0.0,0.0,0.0,1.0,1.0,0.0,1.0,1.0,1.0,0.0,0.0,0.0,0.0,1.0,0.0,0.0,0.0,0.19896985779995827,17.672577627499756,18.478365728602817
4342,173.64,0.98,1,0.131,0.344,0.09,-0.11,-0.05,0.0,0.0,0.0,0.13,0.56,3.0,0.08,1.51,2.08,1.34,0.0,0.04,0.0,0.0,2.11,0.0,0.0,0.0,0.0,0.0,0.0,1.0,1.0,0.0,1.0,1.0,1.0,0.0,0.0,0.0,0.0,1.0,0.0,0.0,0.0,0.19969186537711459,17.66380479964622,18.469434208984406
4343,173.68,0.98,1,0.128,0.348,0.096,-0.113,-0.05,0.0,0.0,0.0,0.2,0.58,2.91,0.05,1.54,2.07,1.28,0.0,0.09,0.0,0.0,2.12,0.0,0.0,0.0,0.0,0.0,0.0,1.0,1.0,0.0,1.0,1.0,1.0,0.0,0.0,0.0,0.0,1.0,0.0,0.0,0.0,0.19521700118949642,18.162048342629106,18.39836949297429
4344,173.72,0.98,1,0.128,0.349,0.098,-0.111,-0.052,0.0,0.0,0.0,0.24,0.64,2.75,0.05,1.61,2.11,1.36,0.0,0.1,0.0,0.0,2.07,0.0,0.0,0.0,0.0,0.0,0.0,1.0,1.0,0.0,1.0,1.0,1.0,0.0,0.0,0.0,0.0,1.0,0.0,0.0,0.0,0.19975899931578103,18.07097119692243,18.569060288555264
4345,173.76,0.98,1,0.125,0.329,0.088,-0.103,-0.055,0.0,0.0,0.0,0.11,0.65,2.54,0.04,1.62,2.17,1.4,0.0,0.06,0.0,0.0,2.06,0.0,0.0,0.0,0.0,0.0,0.0,1.0,1.0,0.0,1.0,1.0,1.0,0.0,0.0,0.0,0.0,1.0,0.0,0.0,0.0,0.20178846974367096,17.87176544161227,18.054362353736007
4346,173.8,0.98,1,0.128,0.321,0.085,-0.099,-0.062,0.0,0.0,0.0,0.1,0.69,2.61,0.08,1.64,2.18,1.44,0.0,0.02,0.0,0.0,2.04,0.0,0.0,0.0,0.0,0.0,0.0,1.0,1.0,0.0,1.0,1.0,1.0,0.0,0.0,0.0,0.0,1.0,0.0,0.0,0.0,0.20638564296861164,18.199450541156363,18.162048342629106
4347,173.84,0.98,1,0.109,0.315,0.09,-0.092,-0.065,0.0,0.0,0.0,0.07,0.72,2.52,0.09,1.61,2.22,1.45,0.0,0.04,0.0,0.0,2.06,0.0,0.0,0.0,0.0,0.0,0.0,1.0,1.0,0.0,1.0,1.0,1.0,0.0,0.0,0.0,0.0,1.0,0.0,0.0,0.0,0.19315071331788636,18.199450541156374,18.022763384120744
4348,173.88,0.98,1,0.117,0.324,0.097,-0.097,-0.067,0.0,0.0,0.0,0.07,0.77,2.5,0.09,1.66,2.22,1.43,0.0,0.04,0.0,0.0,2.0,0.0,0.0,0.0,0.0,0.0,0.0,1.0,1.0,0.0,1.0,1.0,1.0,0.0,0.0,0.0,0.0,1.0,0.0,0.0,0.0,0.1974403588963326,18.298907071188747,18.543192821086762
4349,173.92,0.98,1,0.117,0.329,0.098,-0.098,-0.071,0.0,0.0,0.0,0.02,0.73,2.4,0.08,1.65,2.22,1.41,0.0,0.05,0.0,0.0,1.97,0.0,0.0,0.0,0.0,0.0,0.0,1.0,1.0,0.0,1.0,1.0,1.0,0.0,0.0,0.0,0.0,1.0,0.0,0.0,0.0,0.1980416720058404,18.54319282108675,19.064626930522266
4350,173.96,0.98,1,0.119,0.326,0.093,-0.096,-0.076,0.0,0.0,0.0,0.0,0.79,2.49,0.06,1.77,2.24,1.31,0.0,0.01,0.0,0.0,2.0,0.0,0.0,0.0,0.0,0.0,0.0,1.0,1.0,0.0,1.0,1.0,1.0,0.0,0.0,0.0,0.0,1.0,0.0,0.0,0.0,0.19978993998359781,18.618807695446012,18.72965562950919
4351,174.0,0.98,1,0.123,0.35,0.098,-0.102,-0.08,0.0,0.0,0.0,0.0,0.86,2.68,0.05,1.83,2.25,1.37,0.0,0.01,0.0,0.0,2.06,0.0,0.0,0.0,0.0,0.0,0.0,1.0,1.0,0.0,1.0,1.0,1.0,0.0,0.0,0.0,0.0,1.0,0.0,0.0,0.0,0.20502977357264637,18.879883474216726,18.357559750685862
4352,174.04,0.98,1,0.123,0.317,0.092,-0.09,-0.082,0.0,0.03,0.0,0.0,0.84,2.43,0.02,1.86,2.37,1.58,0.0,0.0,0.0,0.0,2.18,0.0,0.37,0.0,0.0,0.0,0.0,1.0,1.0,0.0,1.0,1.0,1.0,0.0,0.0,0.0,0.0,1.0,0.0,0.0,1.0,0.1915225584262108,18.809572031282276,18.384776310850267
4353,174.08,0.98,1,0.067,0.39,0.071,-0.122,-0.077,0.01,0.15,0.0,0.0,0.73,2.07,0.02,1.72,2.4,1.75,0.0,0.0,0.0,0.0,2.28,0.0,0.78,0.0,0.0,0.0,0.0,1.0,1.0,0.0,1.0,1.0,1.0,0.0,0.0,0.0,0.0,1.0,0.0,0.0,1.0,0.17414250332701087,14.603081866510141,21.114923632350642
4354,174.12,0.98,1,0.072,0.395,0.067,-0.122,-0.075,0.01,0.15,0.0,0.0,0.57,1.68,0.04,1.58,2.44,1.8,0.0,0.0,0.0,0.0,2.25,0.0,0.93,0.0,0.0,0.0,0.0,1.0,1.0,0.0,1.0,1.0,1.0,0.0,0.0,0.0,0.0,1.0,0.0,0.0,1.0,0.1583349179859114,17.400287353949164,20.242776489404715
4355,174.16,0.98,1,0.094,0.367,0.075,-0.109,-0.079,0.01,0.12,0.0,0.0,0.62,2.0,0.05,1.58,2.39,1.74,0.0,0.0,0.0,0.0,2.17,0.0,0.58,0.0,0.0,0.0,0.0,1.0,1.0,0.0,1.0,1.0,1.0,0.0,0.0,0.0,0.0,1.0,0.0,0.0,1.0,0.16493386556150935,17.500285711953392,19.37472580451136
4356,174.2,0.98,1,0.136,0.329,0.085,-0.104,-0.081,0.0,0.0,0.0,0.0,0.69,2.47,0.12,1.59,2.34,1.64,0.0,0.0,0.0,0.0,2.05,0.0,0.17,0.0,0.0,0.0,0.0,1.0,1.0,0.0,1.0,1.0,1.0,0.0,0.0,0.0,0.0,1.0,0.0,0.0,1.0,0.17438826778710043,16.714664220378506,17.81263596439341
4357,174.24,0.98,1,0.126,0.327,0.082,-0.115,-0.075,0.0,0.0,0.0,0.0,0.85,2.87,0.12,1.72,2.36,1.51,0.0,0.0,0.0,0.0,2.04,0.0,0.02,0.0,0.0,0.0,0.0,1.0,1.0,0.0,1.0,1.0,1.0,0.0,0.0,0.0,0.0,1.0,0.0,0.0,1.0,0.17164394605314598,16.597891432347673,17.41522322567237
4358,174.28,0.98,1,0.137,0.326,0.087,-0.123,-0.07,0.0,0.0,0.0,0.0,0.9,2.79,0.12,1.82,2.38,1.54,0.0,0.0,0.0,0.0,2.05,0.0,0.0,0.0,0.0,0.0,0.0,1.0,1.0,0.0,1.0,1.0,1.0,0.0,0.0,0.0,0.0,1.0,0.0,0.0,0.0,0.1686958249401661,16.451443705644664,17.65049574374613
4359,174.32,0.98,1,0.136,0.332,0.096,-0.13,-0.066,0.0,0.0,0.0,0.0,0.96,2.73,0.12,1.93,2.41,1.56,0.0,0.0,0.0,0.0,2.17,0.0,0.0,0.0,0.0,0.0,0.0,1.0,1.0,0.0,1.0,1.0,1.0,0.0,0.0,0.0,0.0,1.0,0.0,0.0,0.0,0.1782437643888577,17.066048165876012,18.443969204051445
4360,174.36,0.98,1,0.152,0.329,0.094,-0.127,-0.062,0.0,0.0,0.0,0.0,0.95,2.59,0.1,1.94,2.38,1.59,0.0,0.02,0.0,0.0,2.17,0.0,0.0,0.0,0.0,0.0,0.0,1.0,1.0,0.0,1.0,1.0,1.0,0.0,0.0,0.0,0.0,1.0,0.0,0.0,0.0,0.18440528144800952,17.364907140552358,18.741664813991456
4361,174.4,0.98,1,0.17,0.334,0.092,-0.136,-0.06,0.0,0.0,0.0,0.0,0.9,2.7,0.11,1.93,2.36,1.48,0.0,0.02,0.0,0.0,2.17,0.0,0.0,0.0,0.0,0.0,0.0,1.0,1.0,0.0,1.0,1.0,1.0,0.0,0.0,0.0,0.0,1.0,0.0,0.0,0.0,0.19654902982876327,16.587344573499394,17.84880948410851
4362,174.44,0.98,1,0.176,0.333,0.093,-0.133,-0.062,0.0,0.0,0.0,0.0,0.85,2.82,0.09,1.91,2.39,1.46,0.0,0.03,0.0,0.0,2.07,0.0,0.0,0.0,0.0,0.0,0.0,1.0,1.0,0.0,1.0,1.0,1.0,0.0,0.0,0.0,0.0,1.0,0.0,0.0,0.0,0.19726081052757719,16.866831356244898,18.000555546982294
4363,174.48,0.98,1,0.172,0.335,0.093,-0.139,-0.064,0.0,0.0,0.0,0.09,0.83,2.84,0.09,2.01,2.41,1.51,0.0,0.06,0.0,0.0,1.98,0.0,0.0,0.0,0.0,0.0,0.0,1.0,1.0,0.0,1.0,1.0,1.0,0.0,0.0,0.0,0.0,1.0,0.0,0.0,0.0,0.20339235832062585,16.885792844874008,18.443969204051445
4364,174.52,0.98,1,0.166,0.348,0.096,-0.137,-0.066,0.0,0.0,0.0,0.1,0.87,2.71,0.05,2.02,2.43,1.54,0.0,0.06,0.0,0.0,1.92,0.0,0.0,0.0,0.0,0.0,0.0,1.0,1.0,0.0,1.0,1.0,1.0,0.0,0.0,0.0,0.0,1.0,0.0,0.0,0.0,0.19384658592670326,17.736967046256726,18.27183625145532
4365,174.56,0.98,1,0.169,0.332,0.089,-0.132,-0.071,0.0,0.0,0.0,0.15,0.88,2.56,0.01,2.04,2.42,1.52,0.0,0.04,0.0,0.0,1.89,0.0,0.0,0.0,0.0,0.0,0.0,1.0,1.0,0.0,1.0,1.0,1.0,0.0,0.0,0.0,0.0,1.0,0.0,0.0,0.0,0.19439782895794785,17.73696704625695,18.221415971323328
4366,174.6,0.98,1,0.178,0.333,0.089,-0.136,-0.075,0.0,0.0,0.0,0.18,0.88,2.6,0.03,1.99,2.44,1.47,0.0,0.0,0.0,0.0,1.92,0.0,0.0,0.0,0.0,0.0,0.0,1.0,1.0,0.0,1.0,1.0,1.0,0.0,0.0,0.0,0.0,1.0,0.0,0.0,0.0,0.2064626360834217,17.20523176246101,17.296531444194375
4367,174.64,0.98,1,0.18,0.336,0.086,-0.141,-0.079,0.0,0.0,0.0,0.25,0.85,2.55,0.03,1.96,2.47,1.5,0.0,0.03,0.0,0.0,1.92,0.0,0.0,0.0,0.0,0.0,0.0,1.0,1.0,0.0,1.0,1.0,1.0,0.0,0.0,0.0,0.0,1.0,0.0,0.0,0.0,0.20590001338804215,17.72484132510067,17.426416728633402
4368,174.68,0.98,1,0.178,0.338,0.089,-0.137,-0.081,0.0,0.11,0.0,0.26,0.78,2.5,0.02,1.9,2.45,1.44,0.0,0.03,0.0,0.0,1.89,0.0,0.0,0.0,0.0,0.0,0.0,1.0,1.0,0.0,1.0,1.0,1.0,0.0,0.0,0.0,0.0,1.0,0.0,0.0,0.0,0.20655155486741705,17.5647374019652,18.384776310850267
4369,174.72,0.98,1,0.174,0.331,0.081,-0.136,-0.078,0.0,0.14,0.0,0.19,0.71,2.54,0.0,1.82,2.39,1.36,0.0,0.03,0.0,0.0,1.88,0.0,0.0,0.0,0.0,0.0,0.0,1.0,1.0,0.0,1.0,1.0,1.0,0.0,0.0,0.0,0.0,1.0,0.0,0.0,0.0,0.2040002659021299,17.961069010501525,17.837320426566222
4370,174.76,0.98,1,0.176,0.34,0.078,-0.133,-0.079,0.0,0.15,0.0,0.12,0.66,2.58,0.04,1.7,2.32,1.21,0.0,0.0,0.0,0.0,1.87,0.0,0.0,0.0,0.0,0.0,0.0,1.0,1.0,0.0,1.0,1.0,1.0,0.0,0.0,0.0,0.0,1.0,0.0,0.0,0.0,0.19966325097470336,18.201373574541023,19.121192431435738
4371,174.8,0.98,1,0.17,0.332,0.074,-0.128,-0.08,0.0,0.04,0.0,0.05,0.71,2.53,0.12,1.69,2.29,1.19,0.0,0.0,0.0,0.0,1.91,0.0,0.0,0.0,0.0,0.0,0.0,1.0,1.0,0.0,1.0,1.0,1.0,0.0,0.0,0.0,0.0,1.0,0.0,0.0,0.0,0.20017130413093143,18.07373785358201,18.840382161729007
4372,174.84,0.98,1,0.161,0.331,0.075,-0.127,-0.081,0.0,0.01,0.0,0.0,0.74,2.41,0.14,1.64,2.25,1.13,0.0,0.0,0.0,0.0,1.94,0.0,0.0,0.0,0.0,0.0,0.0,1.0,1.0,0.0,1.0,1.0,1.0,0.0,0.0,0.0,0.0,1.0,0.0,0.0,0.0,0.2026692490642405,17.889941307897065,18.992893407798558
4373,174.88,0.98,1,0.163,0.331,0.078,-0.122,-0.082,0.0,0.0,0.0,0.0,0.77,2.39,0.1,1.68,2.25,1.18,0.0,0.0,0.0,0.0,1.91,0.0,0.0,0.0,0.0,0.0,0.0,1.0,1.0,0.0,1.0,1.0,1.0,0.0,0.0,0.0,0.0,1.0,0.0,0.0,0.0,0.20202658595366557,18.627130750601253,19.586985475054476
4374,174.92,0.98,1,0.163,0.329,0.079,-0.123,-0.081,0.0,0.0,0.0,0.0,0.72,2.29,0.04,1.65,2.24,1.21,0.0,0.0,0.0,0.0,1.95,0.0,0.0,0.0,0.0,0.0,0.0,1.0,1.0,0.0,1.0,1.0,1.0,0.0,0.0,0.0,0.0,1.0,0.0,0.0,0.0,0.20958821296826938,17.889941307897047,18.794946129212626
4375,174.96,0.98,1,0.162,0.33,0.076,-0.125,-0.076,0.0,0.0,0.0,0.0,0.73,2.27,0.02,1.66,2.26,1.28,0.0,0.0,0.0,0.0,1.99,0.01,0.0,0.0,0.0,0.0,0.0,1.0,1.0,0.0,1.0,1.0,1.0,0.0,0.0,0.0,0.0,1.0,0.0,0.0,0.0,0.20639337490601795,17.889941307897065,19.091883092036863
4376,175.0,0.98,1,0.147,0.333,0.079,-0.126,-0.077,0.0,0.0,0.0,0.0,0.75,2.4,0.02,1.67,2.25,1.26,0.0,0.0,0.0,0.0,2.05,0.01,0.0,0.0,0.0,0.0,0.0,1.0,1.0,0.0,1.0,1.0,1.0,0.0,0.0,0.0,0.0,1.0,0.0,0.0,0.0,0.2027411048351241,18.89391436415445,17.861970775925077
4377,175.04,0.98,1,0.133,0.337,0.085,-0.124,-0.073,0.0,0.0,0.0,0.0,0.81,2.67,0.06,1.65,2.25,1.25,0.0,0.0,0.0,0.0,2.02,0.01,0.0,0.0,0.0,0.0,0.0,1.0,1.0,0.0,1.0,1.0,1.0,0.0,0.0,0.0,0.0,1.0,0.0,0.0,0.0,0.2006064145376844,18.840912929048674,18.285786830213137
4378,175.08,0.98,1,0.146,0.342,0.083,-0.122,-0.073,0.0,0.0,0.0,0.03,0.81,2.65,0.06,1.7,2.23,1.13,0.0,0.0,0.0,0.0,2.03,0.0,0.0,0.0,0.0,0.0,0.0,1.0,1.0,0.0,1.0,1.0,1.0,0.0,0.0,0.0,0.0,1.0,0.0,0.0,0.0,0.200663672232955,19.02235526952428,17.3807364631077
4379,175.12,0.98,1,0.13,0.34,0.084,-0.117,-0.073,0.0,0.0,0.0,0.18,0.82,2.72,0.06,1.73,2.25,1.02,0.0,0.0,0.0,0.0,2.05,0.0,0.0,0.0,0.0,0.0,0.0,1.0,1.0,0.0,1.0,1.0,1.0,0.0,0.0,0.0,0.0,1.0,0.0,0.0,0.0,0.19380790594448577,19.403092537015883,18.992893407798576
4380,175.16,0.98,1,0.144,0.34,0.089,-0.116,-0.074,0.0,0.0,0.0,0.25,0.78,2.66,0.0,1.78,2.26,1.06,0.0,0.0,0.0,0.0,2.11,0.0,0.0,0.0,0.0,0.0,0.0,1.0,1.0,0.0,1.0,1.0,1.0,0.0,0.0,0.0,0.0,1.0,0.0,0.0,0.0,0.2074950360991178,18.695988874622284,19.314502323383895
4381,175.2,0.98,1,0.147,0.334,0.082,-0.113,-0.075,0.0,0.0,0.0,0.23,0.77,2.75,0.0,1.78,2.28,1.13,0.0,0.0,0.0,0.0,2.08,0.0,0.0,0.0,0.0,0.0,0.0,1.0,1.0,0.0,1.0,1.0,1.0,0.0,0.0,0.0,0.0,1.0,0.0,0.0,0.0,0.20687718816962802,18.611824198610822,18.508376482014704
4382,175.24,0.98,1,0.139,0.342,0.087,-0.116,-0.076,0.0,0.0,0.0,0.13,0.76,2.6,0.04,1.77,2.24,1.27,0.0,0.0,0.0,0.0,2.1,0.0,0.0,0.0,0.0,0.0,0.0,1.0,1.0,0.0,1.0,1.0,1.0,0.0,0.0,0.0,0.0,1.0,0.0,0.0,0.0,0.20203959906935565,19.1637678967368,18.519449235870788
4383,175.28,0.98,1,0.138,0.324,0.079,-0.112,-0.077,0.04,0.0,0.0,0.06,0.65,2.08,0.04,1.67,2.31,1.39,0.0,0.0,0.0,0.0,2.06,0.0,0.39,0.0,0.0,0.0,0.0,1.0,1.0,0.0,1.0,1.0,1.0,0.0,0.0,0.0,0.0,1.0,0.0,0.0,0.0,0.20162613771265694,17.029973576021646,19.403092537015883
4384,175.32,0.98,1,0.074,0.402,0.065,-0.131,-0.074,0.11,0.17,0.0,0.05,0.57,1.52,0.04,1.63,2.36,1.53,0.0,0.0,0.0,0.0,2.11,0.0,0.91,0.0,0.0,0.0,0.0,1.0,1.0,0.0,1.0,1.0,1.0,0.0,0.0,0.0,0.0,1.0,0.0,0.0,1.0,0.17378895385966453,15.301307133705885,22.92596780945131
4385,175.36,0.98,1,0.037,0.388,0.064,-0.121,-0.074,0.12,0.17,0.0,0.0,0.52,1.2,0.01,1.58,2.39,1.62,0.0,0.0,0.0,0.0,2.19,0.0,1.31,0.0,0.0,0.0,0.0,1.0,1.0,0.0,1.0,1.0,1.0,0.0,0.0,0.0,0.0,1.0,0.0,0.0,1.0,0.11964692673668376,17.510282693320516,26.419689627245855
4386,175.4,0.98,1,0.074,0.361,0.061,-0.109,-0.076,0.12,0.18,0.0,0.0,0.62,1.5,0.11,1.58,2.32,1.46,0.0,0.0,0.0,0.0,2.17,0.0,1.06,0.0,0.0,0.0,0.0,1.0,1.0,0.0,1.0,1.0,1.0,0.0,0.0,0.0,0.0,1.0,0.0,0.0,1.0,0.14351044993280107,17.400287353949164,19.557607215607945
4387,175.44,0.98,1,0.076,0.331,0.064,-0.106,-0.078,0.11,0.03,0.0,0.05,0.73,1.95,0.11,1.51,2.27,1.42,0.0,0.0,0.0,0.0,2.12,0.0,0.61,0.0,0.0,0.0,0.0,1.0,1.0,0.0,1.0,1.0,1.0,0.0,0.0,0.0,0.0,1.0,0.0,0.0,1.0,0.17109274138335534,16.019987515600626,20.308865059377442
4388,175.48,0.98,1,0.111,0.318,0.075,-0.103,-0.08,0.11,0.03,0.0,0.07,0.83,2.38,0.1,1.53,2.24,1.31,0.0,0.0,0.0,0.0,2.06,0.0,0.21,0.0,0.0,0.0,0.0,1.0,1.0,0.0,1.0,1.0,1.0,0.0,0.0,0.0,0.0,1.0,0.0,0.0,1.0,0.16999511682045254,16.237302731673186,17.749647883831532
4389,175.52,0.98,1,0.123,0.323,0.079,-0.112,-0.08,0.08,0.02,0.0,0.11,0.84,2.52,0.01,1.59,2.24,1.39,0.0,0.0,0.0,0.0,2.1,0.0,0.06,0.0,0.0,0.0,0.0,1.0,1.0,0.0,1.0,1.0,1.0,0.0,0.0,0.0,0.0,1.0,0.0,0.0,0.0,0.1797336350624023,16.16075493286141,18.258422713914708
4390,175.56,0.98,1,0.136,0.32,0.075,-0.108,-0.081,0.02,0.0,0.0,0.06,0.87,2.65,0.01,1.7,2.28,1.39,0.0,0.0,0.0,0.0,2.14,0.0,0.0,0.0,0.0,0.0,0.0,1.0,1.0,0.0,1.0,1.0,1.0,0.0,0.0,0.0,0.0,1.0,0.0,0.0,0.0,0.17951040280052855,16.776471619503358,18.630351580150055
4391,175.6,0.98,1,0.132,0.326,0.076,-0.107,-0.083,0.02,0.0,0.0,0.09,0.85,2.6,0.0,1.65,2.32,1.5,0.0,0.0,0.0,0.0,2.14,0.0,0.0,0.0,0.0,0.0,0.0,1.0,1.0,0.0,1.0,1.0,1.0,0.0,0.0,0.0,0.0,1.0,0.0,0.0,0.0,0.18163273726244705,16.9852877514629,19.11570035337445
4392,175.64,0.98,1,0.132,0.321,0.074,-0.101,-0.086,0.0,0.0,0.0,0.06,0.88,2.77,0.0,1.71,2.32,1.5,0.0,0.0,0.0,0.0,2.14,0.0,0.0,0.0,0.0,0.0,0.0,1.0,1.0,0.0,1.0,1.0,1.0,0.0,0.0,0.0,0.0,1.0,0.0,0.0,0.0,0.18203687528582468,16.995587662684773,19.01630879008844
4393,175.68,0.98,1,0.129,0.326,0.079,-0.1,-0.088,0.0,0.0,0.0,0.06,0.85,2.71,0.0,1.68,2.31,1.57,0.0,0.0,0.0,0.0,2.09,0.0,0.0,0.0,0.0,0.0,0.0,1.0,1.0,0.0,1.0,1.0,1.0,0.0,0.0,0.0,0.0,1.0,0.0,0.0,0.0,0.17472165837225767,17.256882684888414,19.535864454894096
4394,175.72,0.98,1,0.137,0.32,0.075,-0.102,-0.088,0.0,0.0,0.0,0.0,0.87,2.74,0.0,1.7,2.3,1.49,0.0,0.0,0.0,0.0,2.05,0.0,0.0,0.0,0.0,0.0,0.0,1.0,1.0,0.0,1.0,1.0,1.0,0.0,0.0,0.0,0.0,1.0,0.0,0.0,0.0,0.18081971585337073,17.655594014362833,19.944924166313772
4395,175.76,0.98,1,0.122,0.332,0.078,-0.106,-0.088,0.0,0.0,0.0,0.0,0.89,2.65,0.0,1.62,2.31,1.47,0.0,0.0,0.0,0.0,2.12,0.0,0.0,0.0,0.0,0.0,0.0,1.0,1.0,0.0,1.0,1.0,1.0,0.0,0.0,0.0,0.0,1.0,0.0,0.0,0.0,0.17454495411761353,17.5823775411632,20.02123872291608
4396,175.8,0.98,1,0.138,0.324,0.074,-0.097,-0.089,0.0,0.0,0.0,0.0,0.9,2.53,0.0,1.67,2.34,1.48,0.0,0.0,0.0,0.0,2.13,0.0,0.0,0.0,0.0,0.0,0.0,1.0,1.0,0.0,1.0,1.0,1.0,0.0,0.0,0.0,0.0,1.0,0.0,0.0,0.0,0.17823660707344066,17.747675904185357,19.325630649476928
4397,175.84,0.98,1,0.123,0.333,0.081,-0.101,-0.089,0.0,0.0,0.0,0.0,0.91,2.45,0.01,1.65,2.4,1.46,0.0,0.0,0.0,0.0,2.18,0.0,0.0,0.0,0.0,0.0,0.0,1.0,1.0,0.0,1.0,1.0,1.0,0.0,0.0,0.0,0.0,1.0,0.0,0.0,0.0,0.17548998265837282,17.854971296532693,19.325630649476913
4398,175.88,0.98,1,0.128,0.316,0.068,-0.1,-0.086,0.0,0.0,0.0,0.0,0.87,2.26,0.04,1.71,2.47,1.44,0.0,0.0,0.0,0.0,2.16,0.0,0.0,0.0,0.0,0.0,0.0,1.0,1.0,0.0,1.0,1.0,1.0,0.0,0.0,0.0,0.0,1.0,0.0,0.0,0.0,0.1820717215565434,17.954665131937247,19.413912537147127
4399,175.92,0.98,1,0.13,0.327,0.08,-0.105,-0.087,0.0,0.0,0.0,0.0,0.9,2.35,0.05,1.71,2.51,1.41,0.0,0.0,0.0,0.0,2.23,0.0,0.0,0.0,0.0,0.0,0.0,1.0,1.0,0.0,1.0,1.0,1.0,0.0,0.0,0.0,0.0,1.0,0.0,0.0,0.0,0.1846992450417248,17.68191166135599,19.81161275615877
4400,175.96,0.98,1,0.125,0.316,0.08,-0.103,-0.088,0.0,0.0,0.0,0.03,0.94,2.32,0.09,1.71,2.51,1.38,0.0,0.0,0.0,0.0,2.32,0.0,0.0,0.0,0.0,0.0,0.0,1.0,1.0,0.0,1.0,1.0,1.0,0.0,0.0,0.0,0.0,1.0,0.0,0.0,0.0,0.18157730797302046,17.40402252354318,19.11570035337445
4401,176.0,0.98,1,0.146,0.319,0.083,-0.104,-0.09,0.0,0.0,0.0,0.03,1.01,2.44,0.1,1.68,2.49,1.41,0.0,0.0,0.0,0.0,2.33,0.0,0.0,0.0,0.0,0.0,0.0,1.0,1.0,0.0,1.0,1.0,1.0,0.0,0.0,0.0,0.0,1.0,0.0,0.0,0.0,0.18407506520286815,18.054362353736014,18.31529415543188
4402,176.04,0.98,1,0.137,0.321,0.081,-0.105,-0.087,0.0,0.0,0.0,0.03,1.07,2.53,0.16,1.62,2.48,1.34,0.0,0.0,0.0,0.0,2.28,0.0,0.0,0.0,0.0,0.0,0.0,1.0,1.0,0.0,1.0,1.0,1.0,0.0,0.0,0.0,0.0,1.0,0.0,0.0,0.0,0.18487922864986994,18.469434208984172,19.63058837630688
4403,176.08,0.98,1,0.128,0.309,0.074,-0.099,-0.083,0.0,0.0,0.0,0.0,1.08,2.62,0.18,1.71,2.48,1.41,0.0,0.0,0.0,0.0,2.18,0.0,0.0,0.0,0.0,0.0,0.0,1.0,1.0,0.0,1.0,1.0,1.0,0.0,0.0,0.0,0.0,1.0,0.0,0.0,0.0,0.18640301833254813,18.677526602845592,19.2629177436858
4404,176.12,0.98,1,0.143,0.325,0.082,-0.105,-0.08,0.0,0.0,0.0,0.0,1.04,2.72,0.22,1.73,2.5,1.37,0.0,0.0,0.0,0.0,2.19,0.0,0.0,0.0,0.0,0.0,0.0,1.0,1.0,0.0,1.0,1.0,1.0,0.0,0.0,0.0,0.0,1.0,0.0,0.0,0.0,0.2022223319989123,18.099999999999998,19.77169694285234
4405,176.16,0.98,1,0.15,0.314,0.078,-0.107,-0.081,0.0,0.0,0.0,0.0,1.02,2.68,0.2,1.81,2.48,1.34,0.0,0.0,0.0,0.0,2.21,0.0,0.0,0.0,0.0,0.0,0.0,1.0,1.0,0.0,1.0,1.0,1.0,0.0,0.0,0.0,0.0,1.0,0.0,0.0,0.0,0.20616311770982967,18.30956034425736,19.53586445489432
4406,176.2,0.98,1,0.153,0.315,0.085,-0.108,-0.082,0.0,0.0,0.0,0.0,1.02,2.64,0.17,1.76,2.48,1.32,0.0,0.0,0.0,0.0,2.2,0.0,0.0,0.0,0.0,0.0,0.0,1.0,1.0,1.0,1.0,1.0,1.0,0.0,0.0,0.0,0.0,1.0,0.0,0.0,0.0,0.21074425548080594,18.408965207202666,19.94492416631356
4407,176.24,0.98,1,0.152,0.32,0.081,-0.109,-0.081,0.0,0.0,0.0,0.0,1.03,2.59,0.09,1.73,2.49,1.26,0.0,0.0,0.0,0.0,2.12,0.0,0.0,0.0,0.0,0.0,0.0,1.0,1.0,0.0,1.0,1.0,1.0,0.0,0.0,0.0,0.0,1.0,0.0,0.0,0.0,0.20709382582319047,18.357559750685862,20.46582517271166
4408,176.28,0.98,1,0.146,0.309,0.075,-0.102,-0.081,0.0,0.0,0.0,0.0,1.01,2.64,0.03,1.7,2.48,1.26,0.0,0.0,0.0,0.0,2.13,0.0,0.0,0.0,0.0,0.0,0.0,1.0,1.0,0.0,1.0,1.0,1.0,0.0,0.0,0.0,0.0,1.0,0.0,0.0,0.0,0.20841217825726405,18.569060288555352,20.926777104943987
4409,176.32,0.98,1,0.14,0.318,0.084,-0.105,-0.085,0.0,0.0,0.0,0.0,0.97,2.72,0.01,1.73,2.46,1.21,0.0,0.0,0.0,0.0,2.16,0.0,0.0,0.0,0.0,0.0,0.0,1.0,1.0,0.0,1.0,1.0,1.0,0.0,0.0,0.0,0.0,1.0,0.0,0.0,0.0,0.20969516871813665,18.384776310850285,20.926777104943987
4410,176.36,0.98,1,0.14,0.316,0.076,-0.101,-0.086,0.0,0.0,0.0,0.0,0.98,2.72,0.01,1.75,2.46,1.3,0.0,0.0,0.0,0.0,2.21,0.0,0.0,0.0,0.0,0.0,0.0,1.0,1.0,0.0,1.0,1.0,1.0,0.0,0.0,0.0,0.0,1.0,0.0,0.0,0.0,0.2107454230970044,18.611824198610822,21.160340261914506
4411,176.4,0.98,1,0.135,0.327,0.086,-0.107,-0.088,0.0,0.0,0.0,0.0,1.01,2.63,0.0,1.7,2.47,1.35,0.0,0.0,0.0,0.0,2.17,0.0,0.0,0.0,0.0,0.0,0.0,1.0,1.0,0.0,1.0,1.0,1.0,0.0,0.0,0.0,0.0,1.0,0.0,0.0,0.0,0.2051801492522881,19.190883252211197,19.944924166313545
4412,176.44,0.98,1,0.138,0.319,0.078,-0.105,-0.087,0.0,0.0,0.0,0.01,1.08,2.68,0.04,1.7,2.54,1.43,0.0,0.0,0.0,0.0,2.2,0.0,0.0,0.0,0.0,0.0,0.0,1.0,1.0,1.0,1.0,1.0,1.0,0.0,0.0,0.0,0.0,1.0,0.0,0.0,0.0,0.20282921484576566,19.150979087242522,21.114923632350656
4413,176.48,0.98,1,0.121,0.304,0.081,-0.1,-0.087,0.0,0.0,0.0,0.01,1.11,2.72,0.1,1.69,2.56,1.36,0.0,0.0,0.0,0.0,2.19,0.0,0.0,0.0,0.0,0.0,0.0,1.0,1.0,1.0,1.0,1.0,1.0,0.0,0.0,0.0,0.0,1.0,0.0,0.0,0.0,0.19424956785607123,19.276151068094393,21.844907873461217
4414,176.52,0.98,1,0.109,0.303,0.083,-0.099,-0.087,0.0,0.0,0.0,0.03,1.15,2.7,0.14,1.76,2.58,1.36,0.0,0.0,0.0,0.0,2.21,0.0,0.0,0.0,0.0,0.0,0.0,1.0,1.0,1.0,1.0,1.0,1.0,0.0,0.0,0.0,0.0,1.0,0.0,0.0,0.0,0.19432093875975245,20.280532537386602,21.844907873461217
4415,176.56,0.98,1,0.099,0.295,0.081,-0.09,-0.086,0.0,0.0,0.0,0.02,1.12,2.7,0.15,1.77,2.56,1.29,0.0,0.0,0.0,0.0,2.19,0.0,0.0,0.0,0.0,0.0,0.0,1.0,1.0,1.0,1.0,1.0,1.0,0.0,0.0,0.0,0.0,1.0,0.0,0.0,0.0,0.1892723839079764,20.763429389192826,22.643321311150356
4416,176.6,0.98,1,0.089,0.296,0.076,-0.084,-0.085,0.0,0.0,0.0,0.02,1.11,2.78,0.14,1.77,2.56,1.3,0.0,0.0,0.0,0.0,2.25,0.0,0.0,0.0,0.0,0.0,0.0,1.0,1.0,1.0,1.0,1.0,1.0,0.0,0.0,0.0,0.0,1.0,0.0,0.0,0.0,0.1928275260463808,20.407106605298107,21.83300254202335
4417,176.64,0.98,1,0.076,0.294,0.077,-0.081,-0.087,0.0,0.0,0.0,0.0,1.09,2.88,0.13,1.78,2.58,1.29,0.0,0.0,0.0,0.0,2.28,0.0,0.0,0.0,0.0,0.0,0.0,1.0,1.0,1.0,1.0,1.0,1.0,0.0,0.0,0.0,0.0,1.0,0.0,0.0,0.0,0.19074477948211513,20.803124765284583,22.05810508633958
4418,176.68,0.98,1,0.075,0.294,0.078,-0.07,-0.09,0.0,0.0,0.0,0.0,1.13,2.97,0.13,1.74,2.63,1.17,0.02,0.0,0.0,0.0,2.31,0.0,0.0,0.0,0.0,0.0,0.0,1.0,1.0,1.0,1.0,1.0,1.0,0.0,0.0,0.0,0.0,1.0,0.0,0.0,0.0,0.18291625641040743,20.838665984174764,22.150846484954158
4419,176.72,0.98,1,0.074,0.296,0.08,-0.063,-0.095,0.0,0.0,0.0,0.0,1.13,2.81,0.18,1.77,2.64,1.11,0.02,0.0,0.0,0.0,2.31,0.0,0.0,0.0,0.0,0.0,0.0,1.0,1.0,1.0,1.0,1.0,1.0,0.0,0.0,0.0,0.0,1.0,0.0,0.0,0.0,0.17942083109002754,21.204244858046614,22.34390297150429
4420,176.76,0.98,1,0.072,0.295,0.079,-0.055,-0.094,0.0,0.0,0.0,0.0,1.2,2.93,0.29,1.83,2.68,1.15,0.02,0.0,0.0,0.0,2.39,0.0,0.0,0.0,0.0,0.0,0.0,1.0,1.0,1.0,1.0,1.0,1.0,0.0,0.0,0.0,0.0,1.0,0.0,0.0,0.0,0.17529290509697615,21.40327077808432,22.34390297150428
4421,176.8,0.98,1,0.061,0.298,0.084,-0.052,-0.094,0.0,0.0,0.0,0.0,1.28,2.88,0.34,1.96,2.76,1.28,0.0,0.0,0.0,0.0,2.49,0.0,0.0,0.0,0.0,0.0,0.0,1.0,1.0,1.0,1.0,1.0,1.0,0.0,0.0,0.0,0.0,1.0,0.0,0.0,0.0,0.17963060736293077,20.68743580050452,22.34390297150428
4422,176.84,0.98,1,0.05,0.297,0.083,-0.044,-0.094,0.0,0.0,0.0,0.0,1.39,2.98,0.32,2.04,2.81,1.3,0.0,0.0,0.0,0.0,2.57,0.03,0.0,0.0,0.0,0.0,0.0,1.0,1.0,1.0,1.0,1.0,1.0,0.0,0.0,0.0,0.0,1.0,0.0,0.0,0.0,0.17968486078681084,21.176638071233025,22.327113561766062
4423,176.88,0.98,1,0.044,0.302,0.083,-0.034,-0.095,0.0,0.0,0.0,0.0,1.44,2.81,0.26,1.98,2.84,1.27,0.0,0.0,0.0,0.0,2.59,0.04,0.02,0.0,0.0,0.0,0.0,1.0,1.0,1.0,1.0,1.0,1.0,0.0,0.0,0.0,0.0,1.0,1.0,0.0,0.0,0.1770451615446745,21.153250341259525,22.418073066166812
4424,176.92,0.98,1,0.037,0.295,0.081,-0.027,-0.092,0.0,0.0,0.0,0.0,1.46,2.97,0.23,1.92,2.77,1.31,0.0,0.0,0.0,0.0,2.56,0.04,0.02,0.0,0.0,0.0,0.0,1.0,1.0,1.0,1.0,1.0,1.0,0.0,0.0,0.0,0.0,1.0,1.0,0.0,0.0,0.17730602659831557,21.64532282041541,22.610838109189938
4425,176.96,0.98,1,0.031,0.289,0.077,-0.023,-0.089,0.0,0.0,0.0,0.0,1.5,3.11,0.23,1.86,2.81,1.32,0.0,0.0,0.0,0.0,2.61,0.13,0.02,0.0,0.0,0.0,0.0,1.0,1.0,1.0,1.0,1.0,1.0,0.0,0.0,0.0,0.0,1.0,1.0,0.0,0.0,0.1774745831012428,21.645322820415636,22.607963198837613
4426,177.0,0.98,1,0.029,0.298,0.076,-0.024,-0.081,0.0,0.0,0.0,0.0,1.53,3.43,0.27,1.81,2.83,1.28,0.0,0.0,0.0,0.0,2.73,0.27,0.03,0.0,0.0,0.0,0.0,1.0,1.0,1.0,1.0,1.0,1.0,0.0,0.0,0.0,0.0,1.0,1.0,0.0,0.0,0.17446761848912573,21.22357180118375,22.0111335464578
4427,177.04,0.98,1,0.025,0.305,0.09,-0.016,-0.065,0.0,0.0,0.0,0.0,1.52,3.48,0.34,1.74,2.87,1.15,0.0,0.0,0.0,0.0,2.85,0.57,0.17,0.0,0.0,0.0,0.0,1.0,1.0,1.0,1.0,1.0,1.0,0.0,0.0,0.0,0.0,1.0,1.0,0.0,0.0,0.17716426028703064,20.83458662896885,22.31098384204511
4428,177.08,0.98,1,0.032,0.304,0.098,-0.027,-0.036,0.0,0.0,0.0,0.0,1.46,3.63,0.46,1.62,2.82,1.08,0.0,0.0,0.0,0.0,2.92,0.82,0.17,0.0,0.0,0.0,0.0,1.0,1.0,1.0,1.0,1.0,1.0,0.0,0.0,0.0,0.0,1.0,1.0,0.0,0.0,0.17549357931839657,21.111608181282772,22.70792813094145
4429,177.12,0.98,1,0.028,0.312,0.103,-0.031,-0.021,0.0,0.0,0.0,0.0,1.45,3.56,0.54,1.53,2.77,1.12,0.0,0.0,0.06,0.0,2.89,1.07,0.14,0.0,0.0,0.0,0.0,1.0,1.0,1.0,1.0,1.0,1.0,0.0,0.0,0.0,0.0,1.0,1.0,0.0,0.0,0.17604472618521474,20.702173798903157,22.002045359466017
4430,177.16,0.98,1,0.023,0.311,0.108,-0.031,-0.019,0.0,0.0,0.0,0.0,1.46,3.47,0.59,1.52,2.75,1.25,0.0,0.0,0.06,0.0,2.92,1.19,0.0,0.0,0.0,0.0,0.0,1.0,1.0,1.0,1.0,1.0,1.0,0.0,0.0,0.0,0.0,1.0,1.0,0.0,0.0,0.1780787935677713,20.00399960007998,22.205629916757644
4431,177.2,0.98,1,0.029,0.311,0.112,-0.032,-0.019,0.0,0.0,0.0,0.0,1.52,3.43,0.48,1.63,2.75,1.35,0.0,0.02,0.08,0.0,2.96,1.26,0.0,0.0,0.0,0.0,0.0,1.0,1.0,1.0,1.0,1.0,1.0,0.0,0.0,0.0,0.0,1.0,1.0,0.0,0.0,0.17931083087032074,20.506096654409877,22.5055548698538
4432,177.24,0.98,1,0.025,0.32,0.122,-0.032,-0.018,0.0,0.0,0.0,0.0,1.54,3.44,0.41,1.77,2.76,1.42,0.0,0.02,0.02,0.0,3.12,1.41,0.0,0.0,0.0,0.0,0.0,1.0,1.0,1.0,1.0,1.0,1.0,0.0,0.0,0.0,0.0,1.0,1.0,0.0,0.0,0.17754731192816825,20.108953229842577,22.10814329607975
4433,177.28,0.98,1,0.025,0.321,0.127,-0.035,-0.021,0.0,0.0,0.0,0.0,1.6,3.53,0.35,1.83,2.77,1.48,0.0,0.02,0.05,0.0,3.27,1.6,0.0,0.0,0.0,0.0,0.0,1.0,1.0,1.0,1.0,1.0,1.0,0.0,0.0,0.0,0.0,1.0,1.0,0.0,0.0,0.17126318019910114,20.1121853611189,22.005681084665273
4434,177.32,0.98,1,0.022,0.318,0.127,-0.034,-0.029,0.0,0.0,0.0,0.0,1.64,3.45,0.34,1.78,2.8,1.52,0.0,0.0,0.04,0.0,3.39,1.76,0.0,0.0,0.0,0.0,0.0,1.0,1.0,1.0,1.0,1.0,1.0,0.0,0.0,0.0,0.0,1.0,1.0,0.0,0.0,0.16949760491246435,20.319940944796254,21.911184358678426
4435,177.36,0.98,1,0.032,0.321,0.122,-0.03,-0.039,0.0,0.0,0.0,0.0,1.7,3.49,0.3,1.73,2.87,1.51,0.0,0.0,0.07,0.0,3.49,1.88,0.0,0.0,0.0,0.0,0.0,1.0,1.0,1.0,1.0,1.0,1.0,0.0,0.0,0.0,0.0,1.0,1.0,0.0,0.0,0.16646283485819646,19.72536438193203,20.824024587000537
4436,177.4,0.98,1,0.032,0.322,0.121,-0.023,-0.052,0.0,0.0,0.0,0.0,1.76,3.43,0.21,1.74,2.95,1.48,0.0,0.0,0.12,0.0,3.55,1.87,0.0,0.0,0.0,0.0,0.0,1.0,1.0,1.0,1.0,1.0,1.0,0.0,0.0,0.0,0.0,1.0,1.0,0.0,0.0,0.16047004240773632,19.15124016872005,20.92892734948447
4437,177.44,0.98,1,0.038,0.313,0.111,-0.014,-0.062,0.0,0.0,0.0,0.0,1.81,3.42,0.15,1.75,2.98,1.55,0.0,0.0,0.27,0.0,3.64,1.84,0.0,0.0,0.0,0.0,0.0,1.0,1.0,1.0,1.0,1.0,1.0,0.0,0.0,0.0,0.0,1.0,1.0,0.0,0.0,0.15816440305151594,19.358202395883723,21.352751579129162
4438,177.48,0.98,1,0.029,0.313,0.112,-0.01,-0.067,0.0,0.0,0.0,0.0,1.84,3.29,0.12,1.73,2.99,1.68,0.0,0.01,0.41,0.0,3.61,1.64,0.01,0.0,0.0,0.0,0.0,1.0,1.0,1.0,1.0,1.0,1.0,0.0,0.0,0.0,0.0,1.0,1.0,0.0,0.0,0.15129764275564112,19.25097400133284,20.541178155110778
4439,177.52,0.98,1,0.023,0.315,0.123,-0.006,-0.075,0.0,0.0,0.0,0.0,1.84,3.2,0.11,1.68,2.97,1.79,0.0,0.01,0.48,0.0,3.6,1.56,0.11,0.0,0.0,0.0,0.0,1.0,1.0,1.0,1.0,1.0,1.0,0.0,0.0,0.0,0.0,1.0,1.0,0.0,0.0,0.14944760259938666,19.649936386665622,21.0535032714273
4440,177.56,0.98,1,0.025,0.313,0.124,-0.003,-0.08,0.0,0.0,0.0,0.0,1.79,3.14,0.08,1.63,3.0,1.86,0.0,0.01,0.49,0.0,3.56,1.54,0.11,0.0,0.0,0.0,0.0,1.0,1.0,1.0,1.0,1.0,1.0,0.0,0.0,0.0,0.0,1.0,1.0,0.0,0.0,0.14906178529366448,19.949185447030025,20.869355524308915
4441,177.6,0.98,1,0.021,0.317,0.13,-0.002,-0.087,0.0,0.0,0.0,0.0,1.76,3.26,0.03,1.66,3.0,1.86,0.0,0.0,0.33,0.0,3.62,1.61,0.2,0.0,0.0,0.0,0.0,1.0,1.0,1.0,1.0,1.0,1.0,0.0,0.0,0.0,0.0,1.0,1.0,0.0,0.0,0.14805954872236438,19.573962296888183,21.48418022638982
4442,177.64,0.98,1,0.016,0.32,0.127,0.003,-0.093,0.0,0.0,0.0,0.0,1.78,3.29,0.01,1.67,3.0,1.84,0.0,0.0,0.27,0.0,3.68,1.62,0.22,0.0,0.0,0.0,0.0,1.0,1.0,1.0,1.0,1.0,1.0,0.0,0.0,0.0,0.0,1.0,1.0,0.0,0.0,0.1464294203177859,20.072119967756276,21.204244858046714
4443,177.68,0.98,1,0.01,0.323,0.134,0.009,-0.098,0.0,0.0,0.0,0.0,1.82,3.23,0.01,1.77,3.02,1.81,0.0,0.0,0.17,0.0,3.79,1.5,0.37,0.0,0.0,0.0,0.0,1.0,1.0,1.0,1.0,1.0,1.0,0.0,0.0,0.0,0.0,1.0,1.0,0.0,0.0,0.14699925009892073,19.46586756350701,20.895932618574317
4444,177.72,0.98,1,0.003,0.326,0.136,0.014,-0.098,0.0,0.0,0.0,0.0,1.86,3.04,0.03,1.78,3.05,1.83,0.0,0.0,0.24,0.0,3.79,1.43,0.44,0.0,0.0,0.0,0.0,1.0,1.0,1.0,1.0,1.0,1.0,0.0,0.0,0.0,0.0,1.0,1.0,0.0,0.0,0.1454050741747354,19.565530915362356,20.49780476051031
4445,177.76,0.98,1,-0.005,0.33,0.137,0.018,-0.095,0.0,0.0,0.0,0.0,1.87,2.9,0.07,1.86,3.09,1.84,0.0,0.0,0.2,0.0,3.77,1.38,0.43,0.0,0.0,0.0,0.0,1.0,1.0,1.0,1.0,1.0,1.0,0.0,0.0,0.0,0.0,1.0,1.0,0.0,0.0,0.14442930635370854,19.35071058126802,20.48828933805855
4446,177.8,0.98,1,-0.011,0.33,0.135,0.019,-0.089,0.0,0.0,0.0,0.0,1.87,3.03,0.09,1.86,3.09,1.76,0.0,0.0,0.28,0.0,3.76,1.47,0.37,0.0,0.0,0.0,0.0,1.0,1.0,1.0,1.0,1.0,1.0,0.0,0.0,0.0,0.0,1.0,1.0,0.0,0.0,0.14018096362230403,18.777113729218392,20.687435800504634
4447,177.84,0.98,1,-0.014,0.333,0.135,0.016,-0.082,0.0,0.0,0.0,0.0,1.89,3.28,0.13,1.92,3.09,1.69,0.0,0.0,0.26,0.0,3.82,1.53,0.23,0.0,0.0,0.0,0.0,1.0,1.0,1.0,1.0,1.0,1.0,0.0,0.0,0.0,0.0,1.0,1.0,0.0,0.0,0.13996630203654928,18.85974549138981,20.37105790085527
4448,177.88,0.98,1,-0.01,0.343,0.136,0.014,-0.078,0.0,0.0,0.0,0.0,1.89,3.47,0.14,1.88,3.08,1.67,0.0,0.0,0.21,0.0,3.8,1.54,0.18,0.0,0.0,0.0,0.0,1.0,1.0,1.0,1.0,1.0,1.0,0.0,0.0,0.0,0.0,1.0,1.0,0.0,0.0,0.1435585706261634,18.852055590836724,19.582900704441215
4449,177.92,0.98,1,-0.002,0.311,0.121,0.011,-0.074,0.0,0.0,0.0,0.0,1.88,3.41,0.18,1.86,3.09,1.68,0.0,0.0,0.1,0.0,3.77,1.48,0.11,0.0,0.0,0.0,0.0,1.0,1.0,1.0,1.0,1.0,1.0,0.0,0.0,0.0,0.0,1.0,1.0,0.0,0.0,0.14015906305824732,19.137659209004777,19.773214205080617
4450,177.96,0.98,1,-0.008,0.327,0.124,0.009,-0.07,0.0,0.0,0.0,0.09,1.92,3.33,0.14,1.89,3.11,1.69,0.0,0.0,0.17,0.0,3.73,1.51,0.09,0.0,0.0,0.0,0.0,1.0,1.0,1.0,1.0,1.0,1.0,0.0,0.0,0.0,0.0,1.0,1.0,0.0,0.0,0.14047084076208607,19.15124016872005,19.085072700935665
4451,178.0,0.98,1,-0.002,0.312,0.128,0.004,-0.07,0.0,0.0,0.0,0.18,1.95,3.39,0.11,1.91,3.11,1.71,0.0,0.03,0.2,0.0,3.69,1.51,0.12,0.0,0.0,0.0,0.0,1.0,1.0,1.0,1.0,1.0,1.0,0.0,0.0,0.0,0.0,1.0,1.0,0.0,0.0,0.13943477246100017,19.630843079195692,20.155892438689126
4452,178.04,0.98,1,-0.003,0.312,0.126,0.003,-0.067,0.0,0.0,0.0,0.21,2.0,3.65,0.13,1.97,3.13,1.78,0.0,0.07,0.27,0.0,3.64,1.53,0.11,0.0,0.0,0.0,0.0,1.0,1.0,1.0,1.0,1.0,1.0,0.0,0.0,0.0,0.0,1.0,1.0,0.0,0.0,0.14137212767770047,19.4579032786165,20.37105790085528
4453,178.08,0.98,1,0.001,0.315,0.129,0.001,-0.069,0.0,0.0,0.0,0.19,1.98,3.73,0.13,1.93,3.13,1.83,0.0,0.07,0.18,0.0,3.57,1.42,0.29,0.0,0.0,0.0,0.0,1.0,1.0,1.0,1.0,1.0,1.0,0.0,0.0,0.0,0.0,1.0,1.0,0.0,0.0,0.14230037475874818,19.266551326067493,20.59732992404598
4454,178.12,0.98,1,0.0,0.323,0.126,0.001,-0.068,0.0,0.0,0.0,0.14,1.99,3.78,0.16,1.97,3.14,1.88,0.0,0.04,0.26,0.0,3.58,1.38,0.35,0.0,0.0,0.0,0.0,1.0,1.0,1.0,1.0,1.0,1.0,0.0,0.0,0.0,0.0,1.0,1.0,0.0,0.0,0.13972168030059934,19.75702406740453,19.864541273334208
4455,178.16,0.98,1,0.005,0.334,0.132,0.003,-0.069,0.0,0.0,0.0,0.11,1.94,3.45,0.14,1.98,3.12,1.99,0.0,0.05,0.26,0.0,3.56,1.35,0.74,0.0,0.0,0.0,0.0,1.0,1.0,1.0,1.0,1.0,1.0,0.0,0.0,0.0,0.0,1.0,1.0,0.0,0.0,0.13889363094534068,19.550191814915777,20.18043607061048
4456,178.2,0.98,1,-0.006,0.388,0.12,-0.001,-0.067,0.0,0.0,0.0,0.04,1.91,3.28,0.13,2.02,3.15,2.13,0.0,0.07,0.32,0.0,3.56,1.42,1.03,0.0,0.0,0.0,0.0,1.0,1.0,1.0,1.0,1.0,1.0,0.0,0.0,0.0,0.0,1.0,1.0,0.0,1.0,0.13512890624964521,18.027756377319946,18.298907071188633
4457,178.24,0.98,1,-0.002,0.44,0.131,0.001,-0.066,0.0,0.0,0.0,0.0,1.83,2.99,0.06,2.07,3.18,2.24,0.0,0.09,0.21,0.0,3.56,1.46,1.37,0.0,0.0,0.0,0.0,1.0,1.0,1.0,1.0,1.0,1.0,0.0,0.0,0.0,0.0,1.0,1.0,0.0,1.0,0.13436008652498024,18.080099557248012,18.79627622695521
4458,178.28,0.98,1,-0.006,0.438,0.134,-0.009,-0.062,0.0,0.0,0.0,0.0,1.81,2.85,0.0,2.13,3.19,2.29,0.0,0.08,0.11,0.0,3.64,1.47,1.42,0.0,0.0,0.0,0.0,1.0,1.0,1.0,1.0,1.0,1.0,0.0,0.0,0.0,0.0,1.0,1.0,0.0,1.0,0.1265144766957102,17.00646935727704,18.96760396043748
4459,178.32,0.98,1,0.008,0.418,0.128,-0.009,-0.056,0.0,0.0,0.0,0.0,1.66,2.59,0.0,2.19,3.2,2.39,0.0,0.06,0.06,0.0,3.76,1.41,1.66,0.0,0.0,0.0,0.0,1.0,1.0,1.0,1.0,1.0,1.0,0.0,0.0,0.0,0.0,1.0,1.0,0.0,1.0,0.12825376148008633,18.054362353736007,18.64537476158623
4460,178.36,0.98,1,-0.03,0.44,0.138,-0.019,-0.051,0.13,0.04,0.0,0.0,1.4,2.15,0.0,2.09,3.16,2.42,0.0,0.04,0.04,0.0,3.83,1.33,1.89,0.0,0.0,0.0,0.0,1.0,1.0,1.0,1.0,1.0,1.0,0.0,0.0,0.0,0.0,1.0,1.0,0.0,1.0,0.11113545062722827,15.915401345866304,22.637358503146874
4461,178.4,0.93,1,0.055,0.486,0.128,-0.007,-0.044,0.13,0.04,0.0,0.0,1.33,2.02,0.07,2.16,3.18,2.44,0.0,0.05,0.04,0.0,3.84,1.21,2.08,0.0,0.0,0.0,0.0,1.0,1.0,1.0,1.0,1.0,1.0,0.0,0.0,0.0,0.0,1.0,1.0,0.0,1.0,0.10924302263533846,18.916923639958135,21.233935103979245
4462,178.44,0.98,1,-0.006,0.455,0.135,-0.024,-0.037,0.13,0.04,0.0,0.0,1.38,2.34,0.16,2.17,3.13,2.33,0.0,0.14,0.0,0.0,3.72,1.17,1.83,0.0,0.0,0.0,0.0,1.0,1.0,1.0,1.0,1.0,1.0,0.0,0.0,0.0,0.0,1.0,1.0,0.0,1.0,0.09425029728498036,17.90251378996802,19.450449866262822
4463,178.48,0.98,1,-0.01,0.397,0.138,-0.017,-0.035,0.0,0.0,0.0,0.0,1.59,3.08,0.27,2.27,3.13,2.22,0.0,0.18,0.0,0.0,3.66,1.21,1.18,0.0,0.0,0.0,0.0,1.0,1.0,1.0,1.0,1.0,1.0,0.0,0.0,0.0,0.0,1.0,1.0,0.0,1.0,0.09798059034340023,18.801063799689587,18.652613757862596
4464,178.52,0.98,1,0.026,0.358,0.143,-0.024,-0.029,0.0,0.0,0.0,0.0,1.66,3.63,0.28,2.14,3.12,2.11,0.0,0.13,0.01,0.0,3.64,1.31,0.56,0.0,0.0,0.0,0.0,1.0,1.0,1.0,1.0,1.0,1.0,0.0,0.0,0.0,0.0,1.0,1.0,0.0,0.0,0.1479860610182483,17.507141400011598,19.665197685251098
4465,178.56,0.98,1,0.006,0.359,0.144,-0.032,-0.023,0.0,0.0,0.0,0.0,1.76,3.61,0.22,2.18,3.14,2.12,0.02,0.05,0.01,0.0,3.56,1.19,0.14,0.0,0.0,0.0,0.0,1.0,1.0,1.0,1.0,1.0,1.0,0.0,0.0,0.0,0.0,1.0,1.0,0.0,0.0,0.14581176345239275,17.80702108720036,18.86796226411339
4466,178.6,0.98,1,0.022,0.333,0.12,-0.049,-0.049,0.0,0.0,0.0,0.0,1.82,3.55,0.16,2.27,3.13,2.25,0.02,0.0,0.01,0.0,3.51,0.89,0.05,0.0,0.0,0.0,0.0,1.0,1.0,1.0,1.0,1.0,1.0,0.0,0.0,0.0,0.0,1.0,1.0,0.0,0.0,0.15355257339507433,18.12760326132489,19.842630873954143
4467,178.64,0.98,1,0.017,0.326,0.114,-0.04,-0.059,0.0,0.0,0.0,0.0,1.91,3.48,0.12,2.45,3.12,2.25,0.05,0.0,0.0,0.0,3.41,0.66,0.02,0.0,0.0,0.0,0.0,1.0,1.0,1.0,1.0,1.0,1.0,0.0,0.0,0.0,0.0,1.0,1.0,0.0,0.0,0.15710183813680578,18.12760326132489,20.024984394500787
4468,178.68,0.98,1,0.017,0.323,0.112,-0.036,-0.064,0.0,0.0,0.0,0.0,1.97,3.72,0.09,2.42,3.1,2.19,0.03,0.0,0.0,0.0,3.42,0.52,0.0,0.0,0.0,0.0,0.0,1.0,1.0,1.0,1.0,1.0,1.0,0.0,0.0,0.0,0.0,1.0,1.0,0.0,0.0,0.16397283396484985,18.621761463406102,20.229928324143955
4469,178.72,0.98,1,0.023,0.316,0.112,-0.034,-0.066,0.0,0.0,0.0,0.0,2.02,3.82,0.09,2.39,3.06,2.04,0.03,0.0,0.0,0.0,3.32,0.51,0.0,0.0,0.0,0.0,0.0,1.0,1.0,1.0,1.0,1.0,1.0,0.0,0.0,0.0,0.0,1.0,1.0,0.0,0.0,0.1667856309601246,18.42715387682003,19.40644222932155
4470,178.76,0.98,1,0.02,0.31,0.114,-0.032,-0.065,0.0,0.0,0.0,0.0,1.93,3.73,0.05,2.27,3.04,1.99,0.0,0.0,0.0,0.0,3.33,0.44,0.0,0.0,0.0,0.0,0.0,1.0,1.0,1.0,1.0,1.0,1.0,0.0,0.0,0.0,0.0,1.0,1.0,0.0,0.0,0.1670589113505153,18.12760326132489,20.100248754679537
4471,178.8,0.98,1,0.025,0.311,0.109,-0.029,-0.061,0.0,0.0,0.0,0.0,1.86,3.69,0.05,2.26,3.02,1.85,0.0,0.0,0.0,0.0,3.34,0.42,0.0,0.0,0.0,0.0,0.0,1.0,1.0,1.0,1.0,1.0,1.0,0.0,0.0,0.0,0.0,1.0,1.0,0.0,0.0,0.16678563073044483,18.82153022471867,19.606376513777484
4472,178.84,0.98,1,0.009,0.301,0.11,-0.03,-0.06,0.0,0.0,0.0,0.0,1.8,3.43,0.01,2.24,3.03,1.74,0.0,0.0,0.0,0.0,3.46,0.4,0.0,0.0,0.0,0.0,0.0,1.0,1.0,1.0,1.0,1.0,1.0,0.0,0.0,0.0,0.0,1.0,1.0,0.0,0.0,0.1689262378960773,19.11674658512806,20.102238681301284
4473,178.88,0.98,1,0.015,0.301,0.106,-0.031,-0.057,0.0,0.0,0.0,0.0,1.81,3.41,0.01,2.25,3.01,1.67,0.02,0.0,0.0,0.0,3.45,0.43,0.0,0.0,0.0,0.0,0.0,1.0,1.0,1.0,1.0,1.0,1.0,0.0,0.0,0.0,0.0,1.0,1.0,0.0,0.0,0.16825890904026639,19.704060495238075,20.000249998437518
4474,178.92,0.98,1,0.01,0.298,0.106,-0.031,-0.054,0.0,0.0,0.0,0.0,1.78,3.15,0.01,2.22,3.01,1.76,0.02,0.0,0.0,0.0,3.42,0.48,0.0,0.0,0.0,0.0,0.0,1.0,1.0,1.0,1.0,1.0,1.0,0.0,0.0,0.0,0.0,1.0,1.0,0.0,0.0,0.17367169207276434,19.806312125178636,21.09999999999991
4475,178.96,0.98,1,0.016,0.309,0.104,-0.031,-0.053,0.0,0.0,0.0,0.0,1.77,3.01,0.0,2.26,2.99,1.92,0.05,0.0,0.0,0.0,3.33,0.53,0.0,0.0,0.0,0.0,0.0,1.0,1.0,1.0,1.0,1.0,1.0,0.0,0.0,0.0,0.0,1.0,1.0,0.0,0.0,0.1741020134760031,20.20222759994555,20.802163349036515
4476,179.0,0.98,1,0.008,0.315,0.106,-0.033,-0.051,0.0,0.0,0.0,0.0,1.8,2.82,0.0,2.31,2.97,2.07,0.03,0.0,0.0,0.0,3.21,0.46,0.0,0.0,0.0,0.0,0.0,1.0,1.0,1.0,1.0,1.0,1.0,0.0,0.0,0.0,0.0,1.0,1.0,0.0,0.0,0.16668434272971266,20.700241544484495,20.200000000000045
4477,179.04,0.98,1,0.015,0.319,0.1,-0.032,-0.048,0.0,0.0,0.0,0.0,1.87,2.83,0.0,2.31,2.92,2.09,0.03,0.0,0.0,0.0,3.18,0.39,0.0,0.0,0.0,0.0,0.0,1.0,1.0,1.0,1.0,1.0,1.0,0.0,0.0,0.0,0.0,1.0,1.0,0.0,0.0,0.16503194621677342,20.399999999999864,19.800252523642172
4478,179.08,0.98,1,0.013,0.306,0.104,-0.036,-0.046,0.0,0.0,0.0,0.02,1.89,2.94,0.06,2.26,2.9,2.1,0.0,0.0,0.0,0.0,3.21,0.3,0.0,0.0,0.0,0.0,0.0,1.0,1.0,1.0,1.0,1.0,1.0,0.0,0.0,0.0,0.0,1.0,1.0,0.0,0.0,0.1723404718964559,20.400980368600028,19.90100499974822
4479,179.12,0.98,1,-0.0,0.299,0.101,-0.036,-0.047,0.0,0.0,0.0,0.05,1.86,3.0,0.1,2.2,2.85,1.93,0.0,0.0,0.0,0.0,3.27,0.33,0.0,0.0,0.0,0.0,0.0,1.0,1.0,1.0,1.0,1.0,1.0,0.0,0.0,0.0,0.0,1.0,1.0,0.0,0.0,0.17752636724064594,20.6038831291581,20.300985197768068
4480,179.16,0.98,1,-0.002,0.305,0.107,-0.036,-0.049,0.0,0.0,0.0,0.05,1.8,3.02,0.1,2.28,2.83,1.85,0.0,0.0,0.0,0.0,3.26,0.35,0.01,0.0,0.0,0.0,0.0,1.0,1.0,1.0,1.0,1.0,1.0,0.0,0.0,0.0,0.0,1.0,1.0,0.0,0.0,0.1741797770431467,20.606067067735083,20.100248754679537
4481,179.2,0.98,1,0.006,0.305,0.096,-0.031,-0.05,0.0,0.0,0.0,0.08,1.76,3.07,0.06,2.3,2.83,1.7,0.0,0.0,0.0,0.0,3.22,0.45,0.01,0.0,0.0,0.0,0.0,1.0,1.0,1.0,1.0,1.0,1.0,0.0,0.0,0.0,0.0,1.0,1.0,0.0,0.0,0.17183193817487902,20.70096616102741,19.50230755577401
4482,179.24,0.98,1,0.01,0.302,0.099,-0.033,-0.051,0.0,0.0,0.0,0.11,1.76,3.11,0.06,2.34,2.81,1.73,0.02,0.0,0.0,0.0,3.21,0.54,0.01,0.0,0.0,0.0,0.0,1.0,1.0,1.0,1.0,1.0,1.0,0.0,0.0,0.0,0.0,1.0,1.0,0.0,0.0,0.17972869275836167,21.00095235935742,19.501025614054253
4483,179.28,0.98,1,0.006,0.302,0.092,-0.029,-0.051,0.0,0.0,0.0,0.11,1.73,3.13,0.14,2.28,2.75,1.76,0.02,0.0,0.0,0.0,3.18,0.56,0.03,0.0,0.0,0.0,0.0,1.0,1.0,1.0,1.0,1.0,1.0,0.0,0.0,0.0,0.0,1.0,1.0,0.0,0.0,0.17490857244786046,20.902152999153074,19.40927613281842
4484,179.32,0.98,1,0.002,0.308,0.09,-0.03,-0.048,0.0,0.0,0.0,0.06,1.71,3.03,0.19,2.27,2.69,1.76,0.02,0.0,0.0,0.0,3.22,0.55,0.04,0.0,0.0,0.0,0.0,1.0,1.0,1.0,1.0,1.0,1.0,0.0,0.0,0.0,0.0,1.0,1.0,0.0,0.0,0.16919911085032485,21.20377324911776,19.50410213262841
4485,179.36,0.98,1,0.002,0.303,0.091,-0.029,-0.05,0.0,0.0,0.0,0.0,1.66,2.99,0.2,2.24,2.65,1.73,0.0,0.0,0.0,0.0,3.22,0.47,0.04,0.0,0.0,0.0,0.0,1.0,1.0,1.0,1.0,1.0,1.0,0.0,0.0,0.0,0.0,1.0,1.0,0.0,0.0,0.17040171926542702,20.903827400741577,19.90401969452411
4486,179.4,0.98,1,-0.001,0.293,0.083,-0.028,-0.052,0.0,0.0,0.0,0.0,1.69,3.11,0.23,2.19,2.69,1.6,0.0,0.0,0.0,0.0,3.27,0.51,0.07,0.0,0.0,0.0,0.0,1.0,1.0,1.0,1.0,1.0,1.0,0.0,0.0,0.0,0.0,1.0,1.0,0.0,0.0,0.1688899817499796,20.903827400741577,19.909043171383292
4487,179.44,0.98,1,-0.007,0.301,0.092,-0.013,-0.045,0.0,0.0,0.0,0.0,1.64,3.16,0.25,2.01,2.69,1.57,0.0,0.0,0.0,0.0,3.24,0.71,0.05,0.0,0.0,0.0,0.0,1.0,1.0,1.0,1.0,1.0,1.0,0.0,0.0,0.0,0.0,1.0,1.0,0.0,0.0,0.16721734198445368,21.50209292138791,20.902152999153074
4488,179.48,0.98,1,-0.012,0.296,0.097,-0.022,-0.022,0.0,0.0,0.0,0.0,1.61,3.24,0.31,1.98,2.74,1.64,0.0,0.0,0.0,0.0,3.25,0.79,0.05,0.0,0.0,0.0,0.0,1.0,1.0,1.0,1.0,1.0,1.0,0.0,0.0,0.0,0.0,1.0,1.0,0.0,0.0,0.17017234049023003,21.503720608304047,21.303755537463296
4489,179.52,0.98,1,-0.004,0.287,0.085,-0.028,-0.049,0.0,0.0,0.0,0.0,1.49,3.05,0.23,1.93,2.73,1.74,0.0,0.0,0.0,0.0,3.12,0.68,0.0,0.0,0.0,0.0,0.0,1.0,1.0,1.0,1.0,1.0,1.0,0.0,0.0,0.0,0.0,1.0,1.0,0.0,0.0,0.1741300244229202,21.408409562599548,20.403921191771047
4490,179.56,0.98,1,-0.003,0.284,0.08,-0.022,-0.057,0.0,0.0,0.0,0.0,1.56,3.2,0.26,1.93,2.76,1.73,0.0,0.0,0.0,0.0,3.09,0.49,0.0,0.0,0.0,0.0,0.0,1.0,1.0,1.0,1.0,1.0,1.0,0.0,0.0,0.0,0.0,1.0,0.0,0.0,0.0,0.17833242048024542,21.503720608304043,20.400245096566945
4491,179.6,0.98,1,-0.007,0.289,0.077,-0.011,-0.047,0.0,0.0,0.0,0.03,1.45,3.17,0.21,1.84,2.78,1.66,0.0,0.17,0.0,0.0,3.0,0.5,0.0,0.0,0.0,0.0,0.0,1.0,1.0,1.0,1.0,1.0,1.0,0.0,0.0,0.0,0.0,1.0,0.0,0.0,0.0,0.16774789160948383,21.11516043036368,20.81537893001226
4492,179.64,0.98,1,-0.004,0.295,0.091,-0.03,-0.025,0.0,0.0,0.0,0.03,1.45,3.2,0.23,1.83,2.76,1.79,0.06,0.36,0.09,0.0,2.83,0.41,0.0,0.0,0.0,0.0,0.0,1.0,1.0,1.0,1.0,1.0,1.0,0.0,0.0,0.0,0.0,1.0,0.0,0.0,0.0,0.17464658145140605,21.811235636707927,21.01166342772509
4493,179.68,0.98,1,-0.007,0.264,0.055,-0.028,-0.047,0.0,0.0,0.0,0.03,1.33,3.01,0.13,1.79,2.74,1.81,0.06,0.52,0.09,0.0,2.61,0.24,0.04,0.0,0.0,0.0,0.0,1.0,1.0,1.0,1.0,1.0,1.0,0.0,0.0,0.0,0.0,1.0,0.0,0.0,0.0,0.17907364046864999,21.50581316760657,20.511947737842938
4494,179.72,0.98,1,-0.005,0.274,0.063,-0.012,-0.045,0.0,0.0,0.0,0.0,1.31,3.01,0.1,1.72,2.7,1.91,0.06,0.63,0.22,0.0,2.53,0.11,0.04,0.0,0.0,0.0,0.0,1.0,1.0,1.0,1.0,1.0,1.0,0.0,1.0,0.0,0.0,1.0,0.0,0.0,0.0,0.1706651888656114,21.80825531765432,21.319005605327796
4495,179.76,0.98,1,-0.025,0.281,0.084,-0.018,-0.024,0.0,0.0,0.0,0.0,1.34,3.06,0.08,1.75,2.68,1.84,0.0,0.61,0.18,0.0,2.63,0.12,0.04,0.0,0.0,0.0,0.0,1.0,1.0,1.0,1.0,1.0,1.0,0.0,1.0,0.0,0.0,1.0,0.0,0.0,0.0,0.1765578348292231,22.111083193729023,21.208488866489333
4496,179.8,0.98,1,-0.025,0.27,0.065,-0.021,-0.047,0.0,0.0,0.0,0.0,1.39,3.15,0.12,1.87,2.68,1.88,0.0,0.59,0.25,0.0,2.7,0.13,0.0,0.0,0.0,0.0,0.0,1.0,1.0,1.0,1.0,1.0,1.0,0.0,1.0,0.0,0.0,1.0,0.0,0.0,0.0,0.17360607975436199,21.6113396160443,20.606067067735083
4497,179.84,0.98,1,-0.014,0.286,0.079,-0.006,-0.041,0.0,0.0,0.0,0.0,1.42,3.2,0.16,1.89,2.66,1.76,0.0,0.52,0.2,0.0,2.72,0.18,0.0,0.0,0.0,0.0,0.0,1.0,1.0,1.0,1.0,1.0,1.0,0.0,1.0,0.0,0.0,1.0,0.0,0.0,0.0,0.17119932767322038,21.905707018948373,20.808652046684994
4498,179.88,0.98,1,-0.029,0.288,0.089,-0.015,-0.016,0.0,0.0,0.0,0.0,1.39,3.19,0.15,1.84,2.67,1.8,0.03,0.5,0.22,0.0,2.66,0.18,0.0,0.0,0.0,0.0,0.0,1.0,1.0,1.0,1.0,1.0,1.0,0.0,1.0,0.0,0.0,1.0,0.0,0.0,0.0,0.1740511893475955,21.905707018948146,20.803845798313304
4499,179.92,0.98,1,-0.031,0.262,0.06,-0.021,-0.039,0.0,0.0,0.0,0.0,1.35,3.23,0.18,1.73,2.64,1.76,0.03,0.48,0.2,0.0,2.61,0.19,0.0,0.0,0.0,0.0,0.0,1.0,1.0,1.0,1.0,1.0,1.0,0.0,0.0,0.0,0.0,1.0,0.0,0.0,0.0,0.18090746400290847,21.403737991294975,21.008569680013917
4500,179.96,0.98,1,-0.025,0.284,0.078,-0.005,-0.036,0.0,0.0,0.0,0.0,1.27,3.28,0.23,1.65,2.56,1.63,0.07,0.55,0.2,0.0,2.51,0.31,0.0,0.0,0.0,0.0,0.0,1.0,1.0,1.0,1.0,1.0,1.0,0.0,1.0,0.0,0.0,1.0,0.0,0.0,0.0,0.17115230607308984,21.7020736336416,20.70386437358982
4501,180.0,0.98,1,-0.016,0.3,0.099,-0.018,-0.016,0.0,0.0,0.0,0.0,1.18,3.21,0.28,1.56,2.44,1.56,0.05,0.6,0.16,0.0,2.43,0.53,0.0,0.0,0.0,0.0,0.0,1.0,1.0,1.0,1.0,1.0,1.0,0.0,1.0,0.0,0.0,1.0,0.0,0.0,0.0,0.17588206158480496,21.500232556881798,20.106217943710757
4502,180.04,0.98,1,-0.028,0.278,0.06,-0.016,-0.037,0.0,0.0,0.0,0.0,1.04,3.1,0.35,1.37,2.22,1.49,0.09,0.66,0.14,0.0,2.22,0.82,0.0,0.0,0.0,0.0,0.0,1.0,1.0,1.0,1.0,1.0,1.0,0.0,1.0,0.0,0.0,1.0,0.0,0.0,0.0,0.1722840254092281,21.300938946440787,20.00099997500125
4503,180.08,0.98,1,-0.017,0.312,0.083,-0.004,-0.037,0.0,0.0,0.0,0.0,0.82,2.95,0.31,1.05,1.96,1.39,0.12,0.6,0.09,0.0,1.96,1.02,0.0,0.0,0.0,0.0,0.0,1.0,1.0,1.0,1.0,1.0,1.0,0.0,1.0,0.0,0.0,1.0,0.0,0.0,0.0,0.17571357231935053,20.900956915892497,20.006249023742555
4504,180.12,0.98,1,-0.022,0.299,0.084,-0.011,-0.015,0.0,0.0,0.0,0.0,0.56,2.77,0.27,0.65,1.67,1.06,0.29,0.73,0.07,0.0,1.77,1.35,0.0,0.0,0.0,0.0,0.0,1.0,1.0,0.0,0.0,1.0,1.0,1.0,1.0,0.0,0.0,1.0,0.0,0.0,0.0,0.18934516299853163,21.002142747824568,21.015232570685487
4505,180.16,0.98,1,-0.022,0.309,0.089,-0.02,-0.009,0.0,0.0,0.0,0.0,0.37,2.68,0.1,0.49,1.47,0.84,0.35,0.82,0.1,0.0,1.48,1.45,0.0,0.0,0.0,0.0,0.0,1.0,1.0,0.0,0.0,1.0,1.0,1.0,1.0,0.0,0.0,1.0,0.0,0.0,0.0,0.1919606544551355,21.000238093888363,21.119185590358498
4506,180.2,0.98,1,-0.027,0.312,0.081,-0.005,-0.028,0.0,0.0,0.0,0.0,0.3,2.52,0.04,0.44,1.32,0.72,0.4,0.96,0.09,0.0,1.19,1.38,0.0,0.0,0.0,0.0,0.0,1.0,1.0,0.0,0.0,1.0,1.0,1.0,1.0,0.0,0.0,1.0,0.0,0.0,0.0,0.18186932806988618,21.7036863228347,20.915305400591304
4507,180.24,0.98,1,-0.029,0.312,0.088,-0.015,-0.018,0.0,0.0,0.0,0.0,0.29,2.72,0.0,0.44,1.19,0.85,0.36,1.12,0.24,0.09,0.75,1.11,0.0,0.0,0.0,0.0,0.0,1.0,1.0,0.0,0.0,1.0,1.0,1.0,1.0,0.0,0.0,1.0,0.0,0.0,0.0,0.19067757700569,21.400233643584453,20.315757431117532
4508,180.28,0.98,1,-0.035,0.294,0.074,-0.009,-0.046,0.0,0.0,0.0,0.15,0.16,2.54,0.0,0.25,1.03,0.74,0.34,1.38,0.24,0.26,0.51,0.93,0.0,0.0,0.0,0.0,0.0,1.0,1.0,0.0,0.0,1.0,1.0,1.0,1.0,0.0,0.0,0.0,0.0,0.0,0.0,0.1906248336952822,22.40022321317366,22.51421773013666
4509,180.32,0.98,1,-0.037,0.312,0.084,-0.019,-0.025,0.0,0.0,0.0,0.15,0.18,2.58,0.0,0.26,0.98,0.82,0.38,1.43,0.4,0.39,0.25,0.68,0.0,0.0,0.0,0.0,0.0,0.0,1.0,0.0,0.0,1.0,1.0,1.0,1.0,0.0,0.0,0.0,0.0,0.0,0.0,0.19205422445809922,21.800229356591597,20.11591409804699
4510,180.36,0.98,1,-0.037,0.296,0.07,-0.013,-0.056,0.0,0.0,0.0,0.17,0.1,2.53,0.0,0.11,0.93,0.66,0.27,1.44,0.39,0.45,0.19,0.59,0.0,0.0,0.0,0.0,0.0,0.0,1.0,0.0,0.0,1.0,1.0,1.0,1.0,0.0,0.0,0.0,0.0,0.0,0.0,0.1953140740968613,21.903652663425888,21.70575960430784
4511,180.4,0.98,1,-0.017,0.297,0.076,-0.01,-0.051,0.0,0.0,0.0,0.02,0.1,2.5,0.0,0.12,0.89,0.75,0.34,1.42,0.49,0.44,0.07,0.72,0.0,0.0,0.0,0.0,0.0,0.0,1.0,0.0,0.0,1.0,1.0,1.0,1.0,0.0,0.0,0.0,0.0,0.0,0.0,0.20273206691016438,21.700000000000045,21.239821091525272
4512,180.44,0.98,1,-0.032,0.293,0.072,-0.023,-0.04,0.02,0.0,0.0,0.11,0.02,2.39,0.02,0.02,0.68,0.76,0.36,1.5,0.57,0.5,0.05,0.95,0.0,0.0,0.0,0.0,0.0,0.0,1.0,0.0,0.0,1.0,1.0,1.0,1.0,0.0,0.0,0.0,0.0,0.0,0.0,0.20308156573452368,22.208106627986144,21.605786262017777
4513,180.48,0.98,1,-0.019,0.302,0.082,-0.018,-0.061,0.05,0.0,0.0,0.1,0.0,2.17,0.02,0.02,0.51,0.68,0.6,1.38,0.6,0.6,0.01,1.14,0.0,0.0,0.0,0.0,0.0,0.0,1.0,0.0,0.0,0.0,1.0,1.0,1.0,0.0,0.0,0.0,1.0,0.0,0.0,0.2077919808647145,21.80091741188884,21.103791128610183
4514,180.52,0.98,1,-0.02,0.315,0.105,-0.022,-0.07,0.1,0.0,0.0,0.12,0.0,2.09,0.02,0.0,0.41,0.78,0.65,1.3,0.55,0.58,0.0,1.07,0.0,0.0,0.0,0.0,0.0,0.0,1.0,0.0,0.0,0.0,1.0,1.0,1.0,0.0,0.0,0.0,1.0,0.0,0.0,0.21883709211620286,21.30093894644079,20.919369015340877
4515,180.56,0.98,1,-0.015,0.276,0.079,-0.024,-0.07,0.19,0.0,0.0,0.24,0.0,1.98,0.01,0.0,0.47,0.94,0.67,1.21,0.39,0.52,0.0,1.01,0.0,0.0,0.0,0.0,0.0,0.0,1.0,0.0,0.0,0.0,1.0,1.0,1.0,0.0,0.0,0.0,1.0,0.0,0.0,0.22478455687561216,21.60023148024127,21.105923339195474
4516,180.6,0.98,1,-0.015,0.283,0.084,-0.023,-0.074,0.25,0.0,0.0,0.23,0.04,1.67,0.06,0.0,0.57,1.38,0.64,1.32,0.41,0.27,0.04,1.06,0.21,1.0,0.0,0.0,0.0,0.0,1.0,0.0,0.0,0.0,1.0,0.0,1.0,0.0,0.0,0.0,1.0,0.0,0.0,0.2212382301258454,22.400223213173433,21.01166342772509
4517,180.64,0.98,1,-0.02,0.299,0.08,-0.028,-0.076,0.51,0.16,0.0,0.21,0.04,1.37,0.06,0.0,0.79,1.69,0.65,1.42,0.48,0.14,0.06,0.97,0.83,1.0,1.0,0.0,0.0,0.0,1.0,0.0,0.0,0.0,1.0,0.0,1.0,0.0,0.0,0.0,0.0,0.0,0.0,0.2132280570431377,19.0168346472277,19.543285291884786
4518,180.68,0.98,1,0.022,0.425,0.079,-0.037,-0.072,0.66,0.22,0.0,0.0,0.04,1.09,0.05,0.07,1.02,1.96,0.68,1.51,0.61,0.0,0.12,0.93,1.51,1.0,1.0,0.0,0.0,0.0,1.0,0.0,0.0,1.0,1.0,0.0,1.0,0.0,0.0,0.0,0.0,0.0,1.0,0.1715624918921843,17.528548142958105,20.9618701455764
4519,180.72,0.98,1,0.027,0.425,0.079,-0.044,-0.069,0.6,0.22,0.0,0.0,0.06,1.13,0.0,0.16,1.21,2.11,0.46,1.47,0.62,0.03,0.08,0.73,1.82,1.0,1.0,0.0,0.0,0.0,1.0,0.0,0.0,1.0,1.0,0.0,1.0,0.0,0.0,0.0,0.0,0.0,1.0,0.1711659089098661,16.237302731673186,21.855205329623242
4520,180.76,0.93,1,0.027,0.388,0.071,-0.039,-0.068,0.4,0.06,0.0,0.04,0.15,1.49,0.0,0.16,1.25,2.2,0.25,1.51,0.61,0.17,0.06,0.81,1.46,1.0,1.0,0.0,0.0,0.0,1.0,0.0,0.0,1.0,1.0,0.0,1.0,0.0,0.0,0.0,0.0,0.0,1.0,0.17069665652457516,18.31338308450972,21.005237442123676
4521,180.8,0.98,1,0.024,0.294,0.062,-0.031,-0.066,0.15,0.0,0.0,0.04,0.31,1.99,0.0,0.18,1.26,2.19,0.01,1.42,0.55,0.35,0.0,0.94,1.01,1.0,1.0,0.0,0.0,0.0,1.0,0.0,0.0,1.0,1.0,0.0,1.0,0.0,0.0,0.0,0.0,0.0,1.0,0.18022904934932277,19.606376513777484,20.41886382735333
4522,180.84,0.98,1,0.016,0.287,0.071,-0.033,-0.069,0.11,0.0,0.0,0.04,0.37,2.39,0.0,0.12,1.24,2.14,0.01,1.44,0.43,0.4,0.08,1.03,0.6,0.0,0.0,0.0,0.0,1.0,1.0,0.0,0.0,1.0,1.0,0.0,1.0,0.0,0.0,0.0,0.0,0.0,1.0,0.19321232887770065,16.901183390520185,17.602840679844828
4523,180.88,0.98,1,0.011,0.327,0.093,-0.027,-0.068,0.01,0.0,0.0,0.0,0.4,2.4,0.0,0.21,1.22,2.01,0.09,1.12,0.44,0.41,0.23,1.06,0.37,0.0,0.0,0.0,0.0,1.0,1.0,0.0,0.0,1.0,1.0,0.0,1.0,0.0,0.0,0.0,1.0,0.0,1.0,0.1791995311469312,17.100292395160874,18.199450541156374
4524,180.92,0.98,1,-0.018,0.337,0.108,-0.03,-0.069,0.0,0.0,0.0,0.0,0.36,2.36,0.0,0.19,1.18,1.96,0.09,0.82,0.42,0.28,0.47,1.04,0.16,0.0,0.0,0.0,0.0,1.0,1.0,0.0,0.0,1.0,1.0,0.0,1.0,0.0,0.0,1.0,1.0,0.0,0.0,0.18845099603622825,17.60454486773222,18.239517537478704
4525,180.96,0.98,1,-0.013,0.333,0.112,-0.028,-0.068,0.0,0.0,0.0,0.0,0.4,2.24,0.0,0.16,1.14,1.73,0.1,0.39,0.42,0.24,0.64,1.07,0.05,0.0,0.0,0.0,0.0,1.0,1.0,0.0,0.0,1.0,1.0,0.0,0.0,0.0,0.0,1.0,1.0,0.0,0.0,0.17932786655748112,18.60430057809206,18.51728921845744
4526,181.0,0.98,1,-0.009,0.324,0.126,-0.033,-0.065,0.02,0.0,0.0,0.0,0.46,2.28,0.0,0.12,1.17,1.73,0.01,0.22,0.39,0.12,0.68,1.11,0.02,0.0,0.0,0.0,0.0,1.0,1.0,0.0,0.0,1.0,1.0,0.0,0.0,0.0,0.0,1.0,1.0,0.0,0.0,0.20080879981023206,18.601075237738183,19.121192431435766
4527,181.04,0.98,1,-0.017,0.322,0.124,-0.03,-0.062,0.02,0.0,0.0,0.0,0.53,2.39,0.0,0.09,1.15,1.7,0.01,0.25,0.44,0.24,0.49,1.07,0.0,0.0,0.0,0.0,0.0,1.0,1.0,0.0,0.0,1.0,1.0,0.0,0.0,0.0,0.0,1.0,1.0,1.0,0.0,0.18783230931690958,20.702173798903388,19.716236963477638
4528,181.08,0.93,1,-0.02,0.332,0.12,-0.022,-0.059,0.02,0.0,0.0,0.0,0.56,2.41,0.0,0.1,1.17,1.83,0.0,0.38,0.52,0.34,0.28,1.0,0.0,0.0,0.0,0.0,0.0,1.0,1.0,0.0,0.0,1.0,1.0,0.0,0.0,0.0,0.0,1.0,1.0,1.0,0.0,0.17498865773842143,20.511947737842934,19.730686759461815
4529,181.12,0.93,1,-0.022,0.337,0.129,-0.023,-0.061,0.0,0.0,0.0,0.0,0.55,2.58,0.0,0.09,1.13,1.8,0.0,0.45,0.58,0.45,0.1,0.95,0.0,0.0,0.0,0.0,0.0,1.0,1.0,0.0,0.0,1.0,1.0,0.0,0.0,0.0,0.0,1.0,1.0,1.0,0.0,0.18380090374026253,20.903827400741804,19.812369873389656
4530,181.16,0.93,1,-0.028,0.336,0.122,-0.024,-0.06,0.0,0.0,0.0,0.0,0.5,2.4,0.0,0.05,1.11,1.65,0.0,0.49,0.53,0.47,0.12,0.87,0.0,0.0,0.0,0.0,0.0,1.0,1.0,0.0,0.0,1.0,1.0,0.0,0.0,0.0,0.0,1.0,1.0,1.0,0.0,0.18499523666833628,20.606067067735083,20.215835377248247
4531,181.2,0.93,1,-0.036,0.341,0.123,-0.022,-0.061,0.09,0.0,0.0,0.04,0.46,2.52,0.0,0.03,1.09,1.37,0.0,0.35,0.55,0.32,0.47,0.87,0.04,0.0,0.0,0.0,0.0,1.0,1.0,0.0,0.0,1.0,1.0,0.0,0.0,0.0,0.0,1.0,1.0,0.0,0.0,0.1803245246207011,20.40612653102013,20.319940944796027
4532,181.24,0.98,1,-0.03,0.321,0.142,-0.011,-0.052,0.09,0.0,0.0,0.04,0.45,2.47,0.0,0.0,1.06,0.99,0.0,0.24,0.47,0.19,0.95,1.06,0.04,0.0,0.0,0.0,0.0,1.0,1.0,0.0,0.0,1.0,1.0,0.0,0.0,0.0,0.0,1.0,1.0,0.0,0.0,0.1933015525608699,21.00380917833715,19.62065238466847
4533,181.28,0.98,1,-0.027,0.31,0.133,-0.023,-0.022,0.09,0.0,0.0,0.04,0.47,2.58,0.0,0.06,1.09,0.77,0.0,0.19,0.52,0.0,1.27,1.2,0.04,0.0,0.0,0.0,0.0,1.0,1.0,0.0,0.0,1.0,1.0,0.0,0.0,0.0,0.0,1.0,1.0,0.0,0.0,0.20024697525102575,21.105923339195474,19.816155025634977
4534,181.32,0.98,1,-0.038,0.325,0.124,-0.012,-0.034,0.0,0.0,0.0,0.0,0.39,2.34,0.0,0.06,1.02,0.59,0.0,0.37,0.43,0.03,1.25,1.43,0.0,0.0,0.0,0.0,0.0,1.0,1.0,0.0,0.0,1.0,1.0,0.0,0.0,0.0,0.0,1.0,1.0,0.0,0.0,0.19564249844848186,20.60218435020899,19.40927613281842
4535,181.36,0.98,1,-0.05,0.304,0.116,-0.016,-0.012,0.0,0.0,0.0,0.0,0.26,2.1,0.0,0.06,0.96,0.45,0.0,0.54,0.35,0.06,1.16,1.53,0.0,0.0,0.0,0.0,0.0,0.0,1.0,0.0,0.0,1.0,1.0,0.0,1.0,0.0,0.0,1.0,1.0,0.0,0.0,0.20053910620154008,21.503720608304047,19.906280415989187
4536,181.4,0.98,1,-0.044,0.3,0.111,-0.018,-0.007,0.01,0.0,0.0,0.0,0.14,2.09,0.01,0.09,0.88,0.35,0.03,0.63,0.27,0.06,1.0,1.61,0.0,0.0,0.0,0.0,0.0,0.0,1.0,0.0,0.0,1.0,1.0,0.0,1.0,0.0,0.0,1.0,1.0,0.0,0.0,0.20902823867488407,21.900913222968445,20.30394050424691
4537,181.44,0.98,1,-0.036,0.298,0.088,-0.008,-0.026,0.01,0.0,0.0,0.0,0.08,2.25,0.01,0.09,0.86,0.3,0.03,0.8,0.23,0.04,0.82,1.59,0.0,0.0,0.0,0.0,0.0,0.0,1.0,0.0,0.0,1.0,1.0,0.0,1.0,0.0,0.0,1.0,1.0,0.0,0.0,0.20888406697604892,21.000238093888363,19.620652384668468
4538,181.48,0.98,1,-0.05,0.304,0.089,-0.014,-0.013,0.01,0.0,0.0,0.0,0.06,2.42,0.01,0.09,0.81,0.29,0.08,1.09,0.24,0.18,0.44,1.43,0.0,0.0,0.0,0.0,0.0,0.0,1.0,0.0,0.0,1.0,1.0,0.0,1.0,0.0,0.0,1.0,1.0,0.0,0.0,0.21153815685302502,21.600231480241042,19.712432625122702
4539,181.52,0.98,1,-0.048,0.299,0.08,-0.014,-0.012,0.0,0.0,0.0,0.0,0.02,2.14,0.0,0.0,0.74,0.22,0.11,1.43,0.28,0.36,0.22,1.31,0.0,0.0,0.0,0.0,0.0,0.0,1.0,0.0,0.0,1.0,1.0,0.0,1.0,0.0,0.0,0.0,0.0,0.0,0.0,0.20586077976019945,22.100000000000136,19.820443990990896
4540,181.56,0.98,1,-0.047,0.307,0.08,-0.013,-0.014,0.0,0.0,0.0,0.0,0.0,1.97,0.0,0.01,0.68,0.21,0.16,1.54,0.33,0.53,0.04,1.1,0.0,0.0,0.0,0.0,0.0,0.0,1.0,0.0,0.0,1.0,1.0,0.0,1.0,0.0,0.0,0.0,0.0,0.0,0.0,0.20464610081949874,21.600000000000136,19.920341362537034
4541,181.6,0.98,1,-0.046,0.299,0.073,-0.007,-0.015,0.0,0.0,0.0,0.0,0.0,1.73,0.0,0.01,0.65,0.25,0.17,1.52,0.33,0.61,0.06,0.96,0.0,0.0,0.0,0.0,0.0,0.0,1.0,0.0,0.0,1.0,1.0,0.0,1.0,0.0,0.0,0.0,0.0,0.0,0.0,0.19852865087476024,21.70092163941435,19.925109786397528
4542,181.64,0.98,1,-0.039,0.299,0.071,-0.005,-0.016,0.0,0.0,0.0,0.0,0.05,1.87,0.0,0.01,0.7,0.34,0.12,1.43,0.26,0.61,0.03,0.93,0.0,0.0,0.0,0.0,0.0,0.0,1.0,0.0,0.0,1.0,1.0,0.0,1.0,0.0,0.0,0.0,0.0,0.0,0.0,0.19668163965760224,22.5055548698538,19.9203413625368
4543,181.68,0.98,1,-0.044,0.292,0.065,-0.001,-0.016,0.0,0.0,0.0,0.0,0.07,1.89,0.0,0.0,0.72,0.35,0.13,1.34,0.19,0.64,0.09,0.95,0.0,0.0,0.0,0.0,0.0,0.0,1.0,0.0,0.0,1.0,1.0,0.0,1.0,0.0,0.0,0.0,0.0,0.0,0.0,0.20088415945586777,21.902054698132865,19.812369873389663
4544,181.72,0.98,1,-0.048,0.289,0.066,0.003,-0.018,0.0,0.0,0.0,0.0,0.07,1.97,0.0,0.0,0.76,0.37,0.08,1.29,0.13,0.58,0.15,0.95,0.0,0.0,0.0,0.0,0.0,0.0,1.0,0.0,0.0,1.0,1.0,0.0,1.0,0.0,0.0,0.0,0.0,0.0,0.0,0.19668338577366395,22.403571143904806,20.915305400591304
4545,181.76,0.98,1,-0.057,0.295,0.069,0.007,-0.021,0.0,0.0,0.0,0.0,0.03,1.9,0.0,0.0,0.75,0.28,0.07,1.24,0.17,0.59,0.19,0.91,0.0,0.0,0.0,0.0,0.0,0.0,1.0,0.0,0.0,1.0,1.0,0.0,1.0,0.0,0.0,0.0,0.0,0.0,0.0,0.19673841065992423,22.200225224082796,20.706037766796474
4546,181.8,0.98,1,-0.047,0.296,0.068,0.011,-0.024,0.0,0.0,0.0,0.0,0.0,1.78,0.0,0.0,0.77,0.27,0.05,1.21,0.25,0.54,0.22,0.81,0.0,0.0,0.0,0.0,0.0,0.0,1.0,0.0,0.0,1.0,1.0,0.0,1.0,0.0,0.0,0.0,0.0,0.0,0.0,0.19743253017520054,22.100226243185976,20.220039564748447
4547,181.84,0.98,1,-0.053,0.3,0.069,0.016,-0.025,0.0,0.0,0.0,0.0,0.0,1.84,0.0,0.0,0.77,0.22,0.06,1.13,0.25,0.51,0.23,0.76,0.0,0.0,0.0,0.0,0.0,0.0,1.0,0.0,0.0,1.0,1.0,0.0,1.0,0.0,0.0,0.0,0.0,0.0,0.0,0.19654030826674213,22.100000000000136,20.419843290290054
4548,181.88,0.98,1,-0.048,0.298,0.071,0.02,-0.028,0.0,0.0,0.0,0.0,0.0,1.9,0.0,0.0,0.76,0.15,0.06,1.1,0.23,0.48,0.35,0.69,0.0,0.0,0.0,0.0,0.0,0.0,1.0,0.0,0.0,1.0,1.0,0.0,1.0,0.0,0.0,0.0,0.0,0.0,0.0,0.19769842504929125,21.90205469813287,20.819462048765992
4549,181.92,0.98,1,-0.047,0.309,0.065,0.02,-0.03,0.0,0.0,0.0,0.0,0.0,2.05,0.0,0.0,0.76,0.14,0.01,1.07,0.18,0.45,0.38,0.72,0.0,0.0,0.0,0.0,0.0,0.0,1.0,0.0,0.0,1.0,1.0,0.0,1.0,0.0,0.0,0.0,0.0,0.0,0.0,0.1925232315109523,22.003636063160105,20.928927349484585
4550,181.96,0.98,1,-0.047,0.308,0.069,0.019,-0.032,0.0,0.0,0.0,0.0,0.0,1.91,0.0,0.0,0.75,0.21,0.0,1.0,0.21,0.42,0.35,0.77,0.11,0.0,0.0,0.0,0.0,0.0,1.0,0.0,0.0,1.0,1.0,0.0,1.0,0.0,0.0,0.0,0.0,0.0,0.0,0.19322392709835595,22.103619613085908,21.034257771549836
4551,182.0,0.98,1,-0.047,0.312,0.062,0.019,-0.035,0.0,0.0,0.0,0.0,0.0,1.89,0.0,0.0,0.73,0.39,0.0,0.94,0.12,0.4,0.29,0.84,0.11,0.0,0.0,0.0,0.0,0.0,1.0,0.0,0.0,1.0,1.0,0.0,1.0,0.0,0.0,0.0,0.0,0.0,0.0,0.19459397996661426,22.002045359466013,20.911719202399265
4552,182.04,0.98,1,-0.051,0.313,0.058,0.022,-0.038,0.0,0.0,0.0,0.0,0.0,1.96,0.0,0.0,0.71,0.46,0.0,0.94,0.08,0.41,0.24,0.85,0.11,0.0,0.0,0.0,0.0,0.0,1.0,0.0,0.0,1.0,1.0,0.0,1.0,0.0,0.0,0.0,0.0,0.0,0.0,0.18941572245623847,22.200900882621905,21.123683390924175
4553,182.08,0.98,1,-0.048,0.315,0.058,0.027,-0.042,0.04,0.01,0.0,0.0,0.04,2.31,0.0,0.0,0.69,0.45,0.0,0.96,0.11,0.42,0.32,0.77,0.01,0.0,0.0,0.0,0.0,0.0,1.0,0.0,0.0,1.0,1.0,0.0,1.0,0.0,0.0,0.0,0.0,0.0,0.0,0.18851998571026507,22.20360331117456,21.260291625469346
4554,182.12,0.98,1,-0.045,0.299,0.05,0.033,-0.043,0.06,0.12,0.0,0.0,0.04,2.4,0.0,0.0,0.64,0.27,0.0,0.94,0.17,0.41,0.4,0.75,0.03,0.0,0.0,0.0,0.0,0.0,1.0,0.0,0.0,1.0,1.0,0.0,1.0,0.0,0.0,0.0,0.0,0.0,0.0,0.19123411797573475,21.908217636311814,21.239821091525158
4555,182.16,0.98,1,-0.04,0.292,0.053,0.036,-0.043,0.06,0.12,0.0,0.0,0.09,2.52,0.0,0.0,0.58,0.17,0.0,0.86,0.24,0.4,0.56,0.82,0.02,0.0,0.0,0.0,0.0,0.0,1.0,0.0,0.0,1.0,1.0,0.0,1.0,0.0,0.0,0.0,0.0,0.0,0.0,0.19079977767183864,22.211033294288494,21.7278622970599
4556,182.2,0.98,1,-0.036,0.293,0.052,0.036,-0.042,0.03,0.12,0.0,0.0,0.07,2.3,0.0,0.0,0.56,0.13,0.0,0.77,0.23,0.36,0.58,0.88,0.02,0.0,0.0,0.0,0.0,0.0,1.0,0.0,0.0,1.0,1.0,0.0,1.0,0.0,0.0,0.0,0.0,0.0,0.0,0.19230674144953108,21.708293346092457,22.032702966272662
4557,182.24,0.98,1,-0.033,0.297,0.053,0.034,-0.04,0.0,0.0,0.0,0.0,0.11,2.41,0.0,0.0,0.62,0.19,0.0,0.7,0.17,0.31,0.6,0.98,0.0,0.0,0.0,0.0,0.0,0.0,1.0,0.0,0.0,1.0,1.0,0.0,1.0,0.0,0.0,0.0,0.0,0.0,0.0,0.1958561594492453,21.8146739604331,21.639085008382427
4558,182.28,0.98,1,-0.059,0.302,0.054,0.033,-0.042,0.0,0.0,0.0,0.0,0.13,2.29,0.0,0.0,0.67,0.23,0.0,0.64,0.15,0.24,0.68,1.08,0.0,0.0,0.0,0.0,0.0,0.0,1.0,0.0,0.0,1.0,1.0,0.0,1.0,0.0,0.0,0.0,0.0,0.0,0.0,0.18652828756666448,21.80206412246322,20.042205467462903
4559,182.32,0.98,1,-0.073,0.293,0.052,0.035,-0.045,0.0,0.0,0.0,0.0,0.11,2.29,0.0,0.0,0.66,0.22,0.0,0.63,0.18,0.16,0.83,1.28,0.03,0.0,0.0,0.0,0.0,0.0,1.0,0.0,0.0,1.0,1.0,0.0,1.0,0.0,0.0,1.0,0.0,0.0,0.0,0.1899637351510821,22.503555274667157,20.148697228357
4560,182.36,0.98,1,-0.076,0.295,0.056,0.04,-0.052,0.0,0.0,0.0,0.0,0.07,1.97,0.0,0.0,0.65,0.29,0.0,0.54,0.36,0.07,1.0,1.38,0.06,0.0,0.0,0.0,0.0,0.0,1.0,0.0,0.0,1.0,1.0,0.0,0.0,0.0,0.0,1.0,1.0,0.0,0.0,0.19414343102960918,22.5055548698538,20.54117815511077
4561,182.4,0.98,1,-0.076,0.298,0.056,0.047,-0.057,0.03,0.0,0.0,0.0,0.03,1.77,0.0,0.0,0.66,0.28,0.0,0.45,0.4,0.02,1.02,1.31,0.06,0.0,0.0,0.0,0.0,0.0,0.0,0.0,0.0,1.0,1.0,0.0,0.0,0.0,0.0,1.0,1.0,0.0,0.0,0.19315769039257094,23.207757323791586,20.74728897952698
4562,182.44,0.98,1,-0.081,0.293,0.053,0.051,-0.057,0.06,0.0,0.0,0.0,0.08,1.81,0.0,0.0,0.7,0.28,0.0,0.35,0.45,0.0,1.04,1.27,0.04,0.0,0.0,0.0,0.0,1.0,0.0,0.0,0.0,1.0,1.0,0.0,0.0,0.0,0.0,1.0,1.0,0.0,0.0,0.1911104967530902,22.90545786488461,21.246176126541034
4563,182.48,0.98,1,-0.074,0.295,0.053,0.054,-0.058,0.14,0.07,0.0,0.0,0.16,1.84,0.0,0.0,0.72,0.25,0.0,0.36,0.42,0.0,1.04,1.3,0.09,0.0,0.0,0.0,0.0,0.0,0.0,0.0,0.0,1.0,1.0,0.0,0.0,0.0,0.0,1.0,1.0,0.0,0.0,0.18955085736793661,23.507658326596463,21.0535032714273
4564,182.52,0.98,1,-0.073,0.286,0.053,0.053,-0.057,0.2,0.17,0.0,0.0,0.2,1.95,0.0,0.0,0.73,0.25,0.0,0.41,0.35,0.0,1.15,1.45,0.09,0.0,0.0,0.0,0.0,0.0,0.0,0.0,0.0,1.0,1.0,0.0,0.0,0.0,0.0,1.0,1.0,0.0,0.0,0.18946647266823718,23.71033529918972,21.046614929722068
4565,182.56,0.98,1,-0.071,0.292,0.051,0.052,-0.056,0.23,0.21,0.0,0.0,0.22,1.85,0.0,0.0,0.73,0.24,0.0,0.51,0.27,0.0,1.21,1.54,0.08,0.0,0.0,0.0,0.0,0.0,0.0,0.0,0.0,1.0,1.0,0.0,0.0,0.0,0.0,1.0,1.0,0.0,0.0,0.19028189778821744,23.513613078385042,21.34595980507783
4566,182.6,0.98,1,-0.065,0.294,0.054,0.049,-0.055,0.23,0.19,0.0,0.0,0.15,1.98,0.0,0.0,0.71,0.22,0.0,0.54,0.21,0.0,1.17,1.54,0.0,0.0,0.0,0.0,0.0,0.0,0.0,0.0,0.0,1.0,1.0,0.0,0.0,0.0,0.0,1.0,1.0,0.0,0.0,0.19269421787391822,23.113848662652348,21.25299978826523
4567,182.64,0.98,1,-0.08,0.286,0.051,0.047,-0.056,0.16,0.14,0.0,0.0,0.09,1.96,0.0,0.0,0.69,0.21,0.0,0.55,0.15,0.0,1.11,1.52,0.08,0.0,0.0,0.0,0.0,0.0,0.0,0.0,0.0,1.0,1.0,0.0,0.0,0.0,0.0,1.0,1.0,0.0,0.0,0.18586594952993296,23.007824755939012,21.0535032714273
4568,182.68,0.98,1,-0.077,0.291,0.054,0.046,-0.06,0.11,0.1,0.0,0.0,0.04,2.01,0.0,0.0,0.67,0.2,0.0,0.53,0.13,0.0,1.05,1.49,0.08,0.0,0.0,0.0,0.0,0.0,0.0,0.0,0.0,1.0,1.0,0.0,0.0,0.0,0.0,1.0,1.0,0.0,0.0,0.19028883883139908,23.110603626906755,20.9403915913719
4569,182.72,0.98,1,-0.073,0.287,0.056,0.048,-0.063,0.03,0.05,0.0,0.0,0.08,2.04,0.0,0.0,0.67,0.18,0.0,0.45,0.1,0.0,1.07,1.45,0.08,0.0,0.0,0.0,0.0,0.0,0.0,0.0,0.0,1.0,1.0,0.0,0.0,0.0,0.0,1.0,1.0,0.0,0.0,0.1947809345235007,22.91767876552955,21.0535032714273
4570,182.76,0.98,1,-0.08,0.284,0.054,0.049,-0.066,0.01,0.0,0.0,0.0,0.09,1.93,0.0,0.0,0.64,0.18,0.0,0.37,0.21,0.0,1.02,1.35,0.0,0.0,0.0,0.0,0.0,0.0,0.0,0.0,0.0,1.0,1.0,0.0,0.0,0.0,0.0,1.0,1.0,0.0,0.0,0.19314202007985903,23.217450333746857,21.160576551691616
4571,182.8,0.98,1,-0.075,0.292,0.054,0.049,-0.068,0.03,0.0,0.0,0.0,0.13,1.92,0.0,0.0,0.64,0.23,0.0,0.28,0.31,0.0,0.96,1.37,0.0,0.0,0.0,0.0,0.0,0.0,0.0,0.0,0.0,1.0,1.0,0.0,0.0,0.0,0.0,1.0,1.0,0.0,0.0,0.1922432202938207,23.32595121318738,21.160576551691616
4572,182.84,0.98,1,-0.072,0.288,0.055,0.049,-0.069,0.09,0.0,0.0,0.0,0.14,1.92,0.0,0.0,0.64,0.32,0.0,0.28,0.43,0.0,0.88,1.35,0.0,0.0,0.0,0.0,0.0,0.0,0.0,0.0,0.0,1.0,1.0,0.0,0.0,0.0,0.0,1.0,1.0,0.0,0.0,0.1942499787543865,23.026289323293057,21.168372634664212
4573,182.88,0.98,1,-0.066,0.284,0.057,0.049,-0.07,0.14,0.0,0.0,0.0,0.2,2.1,0.0,0.0,0.65,0.39,0.0,0.26,0.45,0.0,0.82,1.32,0.0,0.0,0.0,0.0,0.0,0.0,1.0,0.0,0.0,1.0,1.0,0.0,0.0,0.0,0.0,1.0,1.0,0.0,0.0,0.19362562249057208,22.821919288263157,21.46741717114564
4574,182.92,0.98,1,-0.062,0.288,0.059,0.049,-0.068,0.17,0.0,0.0,0.0,0.18,1.98,0.0,0.0,0.66,0.4,0.0,0.26,0.49,0.0,0.83,1.28,0.0,0.0,0.0,0.0,0.0,0.0,1.0,0.0,0.0,1.0,1.0,0.0,0.0,0.0,0.0,1.0,1.0,0.0,0.0,0.19320748340733257,23.021728866442675,20.96115454835441
4575,182.96,0.98,1,-0.06,0.297,0.058,0.047,-0.065,0.12,0.0,0.0,0.0,0.19,1.85,0.0,0.0,0.68,0.36,0.0,0.33,0.46,0.03,0.88,1.23,0.0,0.0,0.0,0.0,0.0,0.0,1.0,0.0,0.0,1.0,1.0,0.0,0.0,0.0,0.0,1.0,1.0,0.0,0.0,0.19105102489084708,22.831557108528486,21.17663807123315
4576,183.0,0.98,1,-0.048,0.288,0.052,0.045,-0.064,0.08,0.0,0.0,0.0,0.19,1.68,0.0,0.0,0.69,0.28,0.0,0.42,0.53,0.05,0.92,1.28,0.0,0.0,0.0,0.0,0.0,0.0,1.0,0.0,0.0,1.0,1.0,0.0,0.0,0.0,0.0,1.0,0.0,0.0,0.0,0.19535730481393748,22.72663635472707,21.17663807123315
4577,183.04,0.98,1,-0.045,0.292,0.059,0.042,-0.063,0.02,0.0,0.0,0.0,0.18,1.58,0.0,0.0,0.7,0.32,0.0,0.53,0.61,0.15,0.91,1.31,0.0,0.0,0.0,0.0,0.0,0.0,1.0,0.0,0.0,1.0,1.0,0.0,0.0,0.0,0.0,1.0,0.0,0.0,0.0,0.19321697090649395,23.031283073246264,20.854016399725086
4578,183.08,0.98,1,-0.056,0.28,0.057,0.037,-0.063,0.02,0.0,0.0,0.0,0.15,1.57,0.0,0.0,0.68,0.35,0.0,0.61,0.59,0.25,0.88,1.34,0.0,0.0,0.0,0.0,0.0,0.0,1.0,0.0,0.0,1.0,1.0,0.0,0.0,0.0,0.0,1.0,0.0,0.0,0.0,0.19750126013438313,23.021728866442675,21.268051156605807
4579,183.12,0.98,1,-0.053,0.275,0.055,0.034,-0.064,0.0,0.01,0.0,0.0,0.14,1.57,0.0,0.0,0.66,0.32,0.0,0.72,0.54,0.42,0.77,1.28,0.0,0.0,0.0,0.0,0.0,0.0,1.0,0.0,0.0,1.0,1.0,0.0,1.0,0.0,1.0,1.0,0.0,0.0,0.0,0.19597968663520476,23.036709834522807,21.575217264259468
4580,183.16,0.98,1,-0.048,0.277,0.054,0.031,-0.065,0.0,0.01,0.0,0.0,0.17,1.73,0.0,0.0,0.65,0.28,0.0,0.76,0.35,0.51,0.68,1.07,0.0,0.0,0.0,0.0,0.0,0.0,1.0,0.0,0.0,1.0,1.0,0.0,1.0,0.0,0.0,1.0,0.0,0.0,0.0,0.1980260470610286,23.242202993692366,21.294130646729794
4581,183.2,0.98,1,-0.047,0.268,0.051,0.027,-0.065,0.0,0.01,0.0,0.0,0.15,1.8,0.0,0.0,0.66,0.24,0.0,0.83,0.26,0.59,0.49,0.98,0.0,0.0,0.0,0.0,0.0,0.0,1.0,0.0,0.0,1.0,1.0,0.0,1.0,0.0,0.0,0.0,0.0,0.0,0.0,0.20240113884107944,23.13655116909164,21.982265579325507
4582,183.24,0.98,1,-0.045,0.27,0.048,0.024,-0.062,0.0,0.0,0.0,0.0,0.12,1.77,0.0,0.0,0.68,0.39,0.0,0.88,0.32,0.64,0.44,0.96,0.0,0.0,0.0,0.0,0.0,0.0,1.0,0.0,0.0,1.0,1.0,0.0,1.0,0.0,0.0,0.0,0.0,0.0,0.0,0.20271060235503033,23.23639386824044,21.284971223847165
4583,183.28,0.98,1,-0.043,0.261,0.046,0.02,-0.06,0.0,0.0,0.0,0.0,0.09,1.7,0.0,0.0,0.66,0.41,0.0,1.01,0.32,0.64,0.44,1.11,0.0,0.0,0.0,0.0,0.0,0.0,1.0,0.0,0.0,1.0,1.0,0.0,1.0,0.0,0.0,0.0,0.0,0.0,0.0,0.20477024413261047,23.23639386824044,21.06869715953029
4584,183.32,0.98,1,-0.034,0.272,0.048,0.018,-0.056,0.0,0.0,0.0,0.0,0.14,1.72,0.0,0.0,0.6,0.42,0.0,1.03,0.28,0.61,0.52,1.18,0.0,0.0,0.0,0.0,0.0,0.0,1.0,0.0,0.0,1.0,1.0,0.0,1.0,0.0,0.0,0.0,0.0,0.0,0.0,0.2022381285750412,22.74313083108836,21.683403791840462
4585,183.36,0.98,1,-0.033,0.285,0.053,0.016,-0.052,0.0,0.0,0.0,0.0,0.11,1.69,0.0,0.0,0.56,0.26,0.0,1.05,0.08,0.58,0.55,1.2,0.08,0.0,0.0,0.0,0.0,0.0,0.0,0.0,0.0,1.0,1.0,0.0,1.0,0.0,0.0,0.0,0.0,0.0,0.0,0.20064530318024876,22.132555207205648,21.866183937761022
4586,183.4,0.98,1,-0.038,0.282,0.054,0.012,-0.046,0.0,0.0,0.0,0.0,0.07,1.81,0.0,0.0,0.57,0.26,0.0,0.95,0.01,0.59,0.57,1.13,0.08,0.0,0.0,0.0,0.0,0.0,0.0,0.0,0.0,1.0,1.0,0.0,1.0,0.0,0.0,0.0,0.0,0.0,0.0,0.1973467894736034,22.517992805754247,21.559452683219945
4587,183.44,0.98,1,-0.033,0.286,0.056,0.009,-0.04,0.0,0.0,0.0,0.0,0.01,1.91,0.0,0.0,0.63,0.18,0.0,0.92,0.0,0.58,0.58,1.09,0.08,0.0,0.0,0.0,0.0,0.0,1.0,0.0,0.0,1.0,1.0,0.0,1.0,0.0,0.0,0.0,0.0,0.0,0.0,0.19151589166688032,22.607963198837613,21.034257771549616
4588,183.48,0.98,1,-0.038,0.287,0.057,0.004,-0.033,0.0,0.0,0.0,0.0,0.0,2.01,0.0,0.0,0.68,0.24,0.0,0.95,0.04,0.52,0.59,1.15,0.0,0.0,0.0,0.0,0.0,0.0,1.0,0.0,0.0,1.0,1.0,0.0,1.0,0.0,0.0,0.0,0.0,0.0,0.0,0.19735400625817429,22.0081802973349,21.13409567499886
4589,183.52,0.98,1,-0.034,0.284,0.062,0.002,-0.031,0.0,0.0,0.0,0.0,0.0,1.85,0.0,0.0,0.71,0.18,0.0,1.04,0.04,0.45,0.54,1.23,0.0,0.0,0.0,0.0,0.0,0.0,0.0,0.0,0.0,1.0,1.0,0.0,1.0,0.0,0.0,0.0,0.0,0.0,0.0,0.2008858976876808,22.0081802973349,21.333776037073303
4590,183.56,0.98,1,-0.034,0.287,0.066,0.001,-0.031,0.0,0.0,0.0,0.0,0.0,1.66,0.0,0.0,0.7,0.23,0.0,1.05,0.04,0.38,0.59,1.27,0.0,0.0,0.0,0.0,0.0,0.0,0.0,0.0,0.0,1.0,1.0,0.0,1.0,0.0,0.0,0.0,0.0,0.0,0.0,0.20025651058559563,22.30560467685214,21.73890521622471
4591,183.6,0.98,1,-0.033,0.29,0.067,-0.004,-0.03,0.0,0.0,0.0,0.0,0.0,1.58,0.0,0.0,0.68,0.19,0.0,0.99,0.0,0.39,0.65,1.23,0.0,0.0,0.0,0.0,0.0,0.0,0.0,0.0,0.0,1.0,1.0,0.0,1.0,0.0,0.0,0.0,0.0,0.0,0.0,0.20326998396535997,22.205629916757644,21.745114393812624
4592,183.64,0.98,1,-0.031,0.287,0.065,-0.008,-0.026,0.0,0.0,0.0,0.0,0.0,1.67,0.0,0.0,0.65,0.13,0.0,0.9,0.0,0.36,0.76,1.2,0.0,0.0,0.0,0.0,0.0,0.0,1.0,0.0,0.0,1.0,1.0,0.0,1.0,0.0,0.0,0.0,0.0,0.0,0.0,0.20556000546400957,22.011133546457803,21.639085008382537
4593,183.68,0.98,1,-0.024,0.287,0.067,-0.014,-0.024,0.0,0.0,0.0,0.0,0.0,1.81,0.0,0.0,0.62,0.07,0.0,0.94,0.0,0.36,0.81,1.22,0.0,0.0,0.0,0.0,0.0,0.0,1.0,0.0,0.0,1.0,1.0,0.0,1.0,0.0,0.0,0.0,0.0,0.0,0.0,0.2026175791849512,21.90821763631181,22.232408776378733
4594,183.72,0.98,1,-0.021,0.287,0.065,-0.018,-0.02,0.0,0.0,0.0,0.0,0.0,1.93,0.0,0.0,0.63,0.02,0.0,0.95,0.0,0.34,0.74,1.21,0.0,0.0,0.0,0.0,0.0,0.0,1.0,0.0,0.0,1.0,1.0,0.0,1.0,0.0,0.0,0.0,0.0,0.0,0.0,0.19905188242314045,21.911184358678653,22.232408776378726
4595,183.76,0.98,1,-0.021,0.278,0.065,-0.024,-0.014,0.0,0.0,0.0,0.0,0.0,2.03,0.01,0.0,0.66,0.1,0.0,0.88,0.0,0.23,0.81,1.2,0.0,0.0,0.0,0.0,0.0,0.0,1.0,0.0,0.0,1.0,1.0,0.0,1.0,0.0,0.0,0.0,0.0,0.0,0.0,0.20448321524277746,21.8146739604331,21.932852071721182
4596,183.8,0.98,1,-0.016,0.293,0.069,-0.016,-0.032,0.0,0.0,0.0,0.0,0.0,2.0,0.01,0.0,0.72,0.09,0.0,0.76,0.0,0.16,0.75,1.18,0.0,0.0,0.0,0.0,0.0,0.0,1.0,0.0,0.0,1.0,1.0,0.0,1.0,0.0,0.0,0.0,0.0,0.0,0.0,0.2061075911658715,21.208488866489333,21.83300254202335
4597,183.84,0.98,1,-0.017,0.299,0.077,-0.022,-0.017,0.0,0.0,0.0,0.0,0.0,1.94,0.01,0.0,0.75,0.22,0.0,0.63,0.0,0.05,0.81,1.15,0.0,0.0,0.0,0.0,0.0,0.0,1.0,0.0,0.0,1.0,1.0,0.0,1.0,0.0,0.0,0.0,0.0,0.0,0.0,0.2079395681048833,21.219095173922987,21.727862297060007
4598,183.88,0.98,1,-0.01,0.298,0.074,-0.014,-0.03,0.0,0.0,0.0,0.0,0.0,2.08,0.0,0.0,0.76,0.14,0.03,0.61,0.0,0.05,0.68,1.16,0.0,0.0,0.0,0.0,0.0,0.0,1.0,0.0,0.0,1.0,1.0,0.0,1.0,0.0,0.0,0.0,0.0,0.0,0.0,0.20639215259053778,21.208488866489333,22.3224102641269
4599,183.92,0.98,1,-0.017,0.309,0.08,-0.018,-0.015,0.0,0.0,0.0,0.0,0.0,2.16,0.0,0.0,0.75,0.19,0.03,0.7,0.0,0.07,0.8,1.19,0.0,0.0,0.0,0.0,0.0,0.0,1.0,0.0,0.0,1.0,1.0,0.0,1.0,0.0,0.0,0.0,0.0,0.0,0.0,0.20667578853125423,21.311499243366427,21.922819161777394
4600,183.96,0.98,1,-0.021,0.3,0.073,-0.023,-0.005,0.0,0.0,0.0,0.0,0.06,2.38,0.0,0.1,0.78,0.2,0.05,0.76,0.0,0.07,0.73,1.2,0.0,0.0,0.0,0.0,0.0,0.0,1.0,0.0,0.0,1.0,1.0,0.0,0.0,0.0,0.0,0.0,0.0,0.0,0.0,0.20168748034147435,21.41144553737566,22.318154045530026
4601,184.0,0.98,1,-0.012,0.291,0.065,-0.015,-0.022,0.0,0.0,0.0,0.0,0.08,2.32,0.02,0.24,0.81,0.24,0.03,0.74,0.0,0.13,0.67,1.27,0.0,0.0,0.0,0.0,0.0,0.0,1.0,0.0,0.0,1.0,1.0,0.0,0.0,0.0,0.0,0.0,0.0,0.0,0.0,0.2120809743005425,21.40373799129475,22.318154045529795
4602,184.04,0.98,1,-0.012,0.287,0.065,-0.027,-0.018,0.0,0.0,0.0,0.0,0.15,2.47,0.06,0.35,0.88,0.37,0.03,0.48,0.05,0.07,0.56,1.16,0.14,0.0,0.0,0.0,0.0,0.0,1.0,0.0,0.0,1.0,1.0,0.0,0.0,0.0,0.0,0.0,0.0,0.0,0.0,0.20764009597434874,21.40093455903256,21.61480973777021
4603,184.08,0.98,1,-0.011,0.287,0.059,-0.026,-0.038,0.22,0.08,0.0,0.0,0.09,2.08,0.06,0.48,0.97,0.45,0.08,0.36,0.09,0.07,0.64,1.02,0.83,0.0,0.0,0.0,0.0,0.0,1.0,0.0,0.0,1.0,1.0,0.0,0.0,0.0,0.0,0.0,0.0,0.0,0.0,0.2129991036787225,20.500975586542218,21.202122535255803
4604,184.12,0.98,1,0.045,0.395,0.05,-0.033,-0.045,0.49,0.08,0.0,0.0,0.07,1.58,0.04,0.55,1.06,0.82,0.07,0.3,0.16,0.0,0.86,0.69,1.71,0.0,0.0,0.0,0.0,0.0,1.0,0.0,0.0,1.0,1.0,0.0,0.0,0.0,0.0,0.0,0.0,0.0,1.0,0.1780233949506365,17.023806859806655,21.692394980730136
4605,184.16,0.98,1,0.01,0.407,0.043,-0.039,-0.046,0.69,0.08,0.0,0.0,0.06,1.31,0.04,0.7,1.06,0.78,0.18,0.34,0.22,0.0,0.93,0.66,2.06,0.0,0.0,0.0,0.0,0.0,1.0,0.0,0.0,1.0,1.0,0.0,0.0,0.0,0.0,0.0,0.0,0.0,1.0,0.169077855486279,16.90709910067361,18.838258942906545
4606,184.2,0.98,1,-0.007,0.378,0.052,-0.021,-0.038,0.49,0.0,0.0,0.0,0.1,1.51,0.04,0.6,0.99,0.78,0.12,0.32,0.22,0.0,0.88,0.61,1.61,0.0,0.0,0.0,0.0,1.0,1.0,0.0,0.0,1.0,1.0,0.0,0.0,0.0,0.0,0.0,0.0,0.0,1.0,0.16626847734793315,19.15124016872006,21.40327077808432
4607,184.24,0.98,1,0.017,0.292,0.033,-0.023,-0.045,0.27,0.0,0.0,0.01,0.17,2.05,0.04,0.56,0.91,0.58,0.19,0.28,0.14,0.0,0.76,0.65,0.77,0.0,0.0,0.0,0.0,1.0,1.0,0.0,0.0,1.0,1.0,0.0,0.0,0.0,0.0,0.0,0.0,0.0,1.0,0.17784487139435923,19.42086506827116,19.636700333813863
4608,184.28,0.98,1,0.015,0.316,0.048,-0.031,-0.049,0.08,0.0,0.0,0.01,0.2,2.39,0.0,0.49,0.91,0.69,0.08,0.25,0.06,0.0,0.63,0.49,0.32,0.0,0.0,0.0,0.0,1.0,1.0,0.0,0.0,1.0,1.0,0.0,0.0,0.0,0.0,0.0,0.0,0.0,0.0,0.18350101012390926,16.500303027520435,17.734147850968245
4609,184.32,0.98,1,0.018,0.288,0.032,-0.03,-0.048,0.05,0.0,0.0,0.01,0.22,2.51,0.0,0.51,0.91,0.66,0.09,0.25,0.03,0.0,0.58,0.46,0.2,0.0,0.0,0.0,0.0,1.0,1.0,0.0,0.0,1.0,1.0,0.0,0.0,0.0,0.0,0.0,0.0,0.0,0.0,0.1775405234919944,17.200290695217962,17.41838109584227
4610,184.36,0.98,1,0.002,0.298,0.038,-0.027,-0.05,0.0,0.0,0.0,0.01,0.22,2.49,0.0,0.46,0.9,0.6,0.02,0.23,0.03,0.0,0.5,0.43,0.19,0.0,0.0,0.0,0.0,1.0,1.0,0.0,0.0,1.0,1.0,0.0,0.0,0.0,0.0,0.0,0.0,0.0,0.0,0.17168926035066964,17.600000000000136,17.70451919708642
4611,184.4,0.98,1,0.008,0.267,0.028,-0.027,-0.048,0.0,0.0,0.0,0.01,0.17,2.24,0.01,0.41,0.89,0.51,0.02,0.22,0.0,0.0,0.51,0.47,0.17,0.0,0.0,0.0,0.0,1.0,1.0,0.0,0.0,1.0,1.0,0.0,0.0,0.0,0.0,0.0,0.0,0.0,0.0,0.1809030860042673,19.009471323527123,18.601075237738183
4612,184.44,0.98,1,0.011,0.28,0.034,-0.026,-0.051,0.0,0.0,0.0,0.01,0.18,2.24,0.01,0.41,0.89,0.49,0.0,0.11,0.0,0.0,0.62,0.55,0.07,0.0,0.0,0.0,0.0,1.0,1.0,0.0,0.0,1.0,1.0,0.0,0.0,0.0,0.0,0.0,0.0,0.0,0.0,0.1887491030209485,18.706683297688066,18.70026737776767
4613,184.48,0.98,1,0.016,0.252,0.027,-0.029,-0.052,0.0,0.0,0.0,0.0,0.18,2.14,0.04,0.41,0.86,0.49,0.0,0.05,0.0,0.0,0.71,0.68,0.03,0.0,0.0,0.0,0.0,1.0,1.0,0.0,0.0,1.0,1.0,0.0,0.0,0.0,0.0,0.0,0.0,0.0,0.0,0.20531108949817617,18.804254837669006,19.00026315607234
4614,184.52,0.98,1,0.019,0.262,0.031,-0.033,-0.052,0.0,0.0,0.0,0.0,0.21,2.29,0.03,0.41,0.88,0.44,0.0,0.0,0.0,0.0,0.79,0.77,0.01,0.0,0.0,0.0,0.0,1.0,1.0,0.0,0.0,1.0,1.0,0.0,0.0,0.0,0.0,0.0,0.0,0.0,0.0,0.20418912691787827,18.602419197513132,19.60025510038062
4615,184.56,0.98,1,0.029,0.271,0.028,-0.041,-0.053,0.0,0.0,0.0,0.03,0.19,2.35,0.03,0.46,0.92,0.29,0.0,0.0,0.0,0.0,0.88,0.84,0.01,0.0,0.0,0.0,0.0,1.0,1.0,0.0,0.0,1.0,1.0,0.0,0.0,0.0,0.0,1.0,0.0,0.0,0.0,0.18321840472126297,19.20416621465253,20.408821622033802
4616,184.6,0.98,1,0.04,0.28,0.035,-0.046,-0.058,0.0,0.0,0.0,0.03,0.19,2.44,0.0,0.5,0.93,0.21,0.0,0.0,0.0,0.0,1.03,0.85,0.01,0.0,0.0,0.0,0.0,1.0,1.0,0.0,0.0,1.0,1.0,0.0,0.0,0.0,0.0,1.0,0.0,0.0,0.0,0.187579079175017,18.704277585622002,20.41568024827984
4617,184.64,0.98,1,0.065,0.265,0.027,-0.047,-0.056,0.0,0.0,0.0,0.03,0.2,2.37,0.01,0.57,0.93,0.11,0.0,0.0,0.0,0.0,1.17,0.9,0.0,0.0,0.0,0.0,0.0,1.0,1.0,0.0,0.0,1.0,1.0,0.0,0.0,0.0,0.0,1.0,0.0,0.0,0.0,0.19670496101722312,19.70228413154175,21.215088969881837
4618,184.68,0.98,1,0.062,0.267,0.022,-0.048,-0.052,0.0,0.0,0.0,0.0,0.23,2.39,0.05,0.58,0.85,0.15,0.0,0.0,0.0,0.0,1.19,0.85,0.08,0.0,0.0,0.0,0.0,1.0,1.0,0.0,0.0,1.0,1.0,0.0,0.0,0.0,0.0,1.0,0.0,0.0,0.0,0.1956472732697753,19.400257730246647,21.215088969881833
4619,184.72,0.98,1,0.056,0.279,0.024,-0.046,-0.053,0.0,0.0,0.0,0.0,0.23,2.39,0.08,0.68,0.78,0.09,0.02,0.0,0.0,0.0,1.16,0.84,0.08,0.0,0.0,0.0,0.0,1.0,1.0,0.0,0.0,1.0,1.0,0.0,0.0,0.0,0.0,1.0,0.0,0.0,0.0,0.18709794746526154,19.90226117806727,22.414281161795135
4620,184.76,0.98,1,0.054,0.271,0.017,-0.05,-0.047,0.0,0.0,0.0,0.0,0.2,2.56,0.1,0.65,0.75,0.14,0.02,0.0,0.0,0.0,1.13,0.8,0.12,0.0,0.0,0.0,0.0,1.0,1.0,0.0,0.0,1.0,1.0,0.0,0.0,0.0,0.0,1.0,0.0,0.0,0.0,0.19337410792698123,20.400980368600028,21.714741536569164
4621,184.8,0.98,1,0.047,0.282,0.023,-0.046,-0.044,0.0,0.0,0.0,0.0,0.14,2.52,0.09,0.62,0.73,0.09,0.02,0.0,0.0,0.0,1.16,0.82,0.05,0.0,0.0,0.0,0.0,1.0,1.0,0.0,0.0,1.0,1.0,0.0,0.0,0.0,0.0,1.0,0.0,0.0,0.0,0.19512974448862438,20.00399960007998,20.511947737842934
4622,184.84,0.98,1,0.059,0.279,0.032,-0.045,-0.044,0.0,0.0,0.0,0.0,0.11,2.52,0.05,0.53,0.75,0.08,0.0,0.0,0.0,0.0,1.21,0.86,0.05,0.0,0.0,0.0,0.0,1.0,1.0,0.0,0.0,1.0,1.0,0.0,0.0,0.0,0.0,1.0,0.0,0.0,0.0,0.20345666333734763,19.606376513777256,20.719555979798457
4623,184.88,0.98,1,0.061,0.272,0.03,-0.049,-0.042,0.0,0.0,0.0,0.0,0.1,2.4,0.07,0.59,0.77,0.04,0.0,0.0,0.0,0.0,1.27,0.86,0.0,0.0,0.0,0.0,0.0,1.0,1.0,0.0,0.0,1.0,1.0,0.0,0.0,0.0,0.0,1.0,0.0,0.0,0.0,0.21251550507212547,19.40412327316036,20.2121250738264
4624,184.92,0.98,1,0.054,0.283,0.036,-0.045,-0.04,0.0,0.0,0.0,0.0,0.12,2.49,0.07,0.61,0.77,0.05,0.0,0.0,0.0,0.0,1.27,0.86,0.0,0.0,0.0,0.0,0.0,1.0,1.0,0.0,0.0,1.0,1.0,0.0,0.0,0.0,0.0,1.0,0.0,0.0,0.0,0.20845977716965775,19.401030900444304,20.415680248279845
4625,184.96,0.98,1,0.057,0.276,0.025,-0.047,-0.035,0.0,0.0,0.0,0.0,0.13,2.47,0.07,0.58,0.82,0.03,0.03,0.0,0.0,0.0,1.31,0.79,0.0,0.0,0.0,0.0,0.0,1.0,1.0,0.0,0.0,1.0,1.0,0.0,0.0,0.0,0.0,1.0,0.0,0.0,0.0,0.21084696509427026,19.70025380547169,20.40392119177082
4626,185.0,0.98,1,0.052,0.267,0.023,-0.042,-0.034,0.0,0.0,0.0,0.05,0.14,2.27,0.02,0.55,0.84,0.02,0.06,0.0,0.0,0.0,1.29,0.79,0.0,0.0,0.0,0.0,0.0,1.0,1.0,0.0,0.0,1.0,1.0,0.0,0.0,0.0,0.0,1.0,0.0,0.0,0.0,0.21270391502876984,19.101047091717387,20.806008747474806
4627,185.04,0.98,1,0.047,0.276,0.035,-0.034,-0.034,0.0,0.0,0.0,0.05,0.17,2.21,0.01,0.48,0.88,0.03,0.06,0.0,0.0,0.0,1.17,0.67,0.0,0.0,0.0,0.0,0.0,1.0,1.0,0.0,0.0,1.0,1.0,0.0,0.0,0.0,0.0,1.0,0.0,0.0,0.0,0.21468364966068254,19.200260414900672,21.103791128609956
4628,185.08,0.98,1,0.039,0.276,0.027,-0.033,-0.028,0.0,0.0,0.0,0.05,0.14,2.23,0.01,0.42,0.82,0.03,0.03,0.0,0.0,0.0,0.95,0.58,0.0,0.0,0.0,0.0,0.0,1.0,1.0,0.0,0.0,1.0,1.0,0.0,0.0,0.0,0.0,0.0,0.0,0.0,0.0,0.20596333263101158,19.401030900444532,21.50209292138791
4629,185.12,0.98,1,0.039,0.269,0.029,-0.028,-0.026,0.0,0.0,0.0,0.02,0.14,2.52,0.01,0.31,0.74,0.08,0.0,0.0,0.0,0.0,0.68,0.45,0.0,0.0,0.0,0.0,0.0,1.0,1.0,0.0,0.0,1.0,1.0,0.0,0.0,0.0,0.0,0.0,0.0,0.0,0.0,0.21117815968187342,19.802272596851054,21.2058954067024
4630,185.16,0.98,1,0.039,0.275,0.033,-0.026,-0.025,0.06,0.0,0.0,0.06,0.1,2.57,0.0,0.26,0.64,0.15,0.0,0.11,0.0,0.0,0.5,0.32,0.0,0.0,0.0,0.0,0.0,1.0,1.0,0.0,0.0,1.0,1.0,0.0,0.0,0.0,0.0,0.0,0.0,0.0,0.0,0.21252458637244787,19.801010075246342,20.50219500443794
4631,185.2,0.98,1,0.015,0.281,0.038,-0.02,-0.027,0.1,0.0,0.0,0.16,0.12,2.55,0.0,0.29,0.59,0.2,0.0,0.15,0.0,0.0,0.33,0.17,0.0,0.0,0.0,0.0,0.0,1.0,1.0,0.0,0.0,1.0,1.0,0.0,0.0,0.0,0.0,0.0,0.0,0.0,0.0,0.2045575492673476,20.106217943710757,21.00095235935742
4632,185.24,0.98,1,0.008,0.267,0.029,-0.02,-0.026,0.1,0.05,0.0,0.14,0.1,2.54,0.0,0.3,0.59,0.17,0.0,0.28,0.0,0.0,0.26,0.04,0.0,0.0,0.0,0.0,0.0,1.0,1.0,0.0,0.0,1.0,1.0,0.0,0.0,0.0,0.0,0.0,0.0,0.0,0.0,0.20480091288737617,20.90598000573028,20.702173798903384
4633,185.28,0.98,1,-0.001,0.289,0.043,-0.02,-0.031,0.03,0.05,0.0,0.09,0.12,2.36,0.0,0.34,0.62,0.11,0.03,0.32,0.06,0.0,0.24,0.0,0.0,0.0,1.0,0.0,0.0,1.0,1.0,0.0,0.0,1.0,1.0,0.0,0.0,0.0,0.0,0.0,0.0,0.0,0.0,0.20546788028277166,20.802163349036515,20.603883129157868
4634,185.32,0.98,1,0.004,0.284,0.035,-0.022,-0.034,0.0,0.05,0.0,0.0,0.17,2.31,0.0,0.33,0.67,0.14,0.07,0.43,0.06,0.0,0.21,0.0,0.0,0.0,1.0,0.0,0.0,1.0,1.0,0.0,0.0,1.0,1.0,0.0,0.0,0.0,0.0,0.0,0.0,0.0,0.0,0.20000285381509922,21.002142747824564,20.806008747475033
4635,185.36,0.98,1,0.002,0.278,0.027,-0.021,-0.037,0.0,0.0,0.0,0.0,0.18,2.16,0.0,0.32,0.65,0.2,0.07,0.37,0.06,0.0,0.18,0.07,0.0,0.0,1.0,0.0,0.0,1.0,1.0,0.0,0.0,1.0,1.0,0.0,0.0,0.0,0.0,0.0,0.0,0.0,0.0,0.1996455317727644,21.303755537463523,20.70386437358982
4636,185.4,0.98,1,0.005,0.274,0.019,-0.02,-0.043,0.0,0.0,0.0,0.0,0.13,2.08,0.0,0.33,0.67,0.26,0.04,0.32,0.0,0.0,0.12,0.1,0.05,0.0,1.0,0.0,0.0,1.0,1.0,0.0,0.0,1.0,1.0,0.0,0.0,0.0,0.0,0.0,0.0,0.0,0.0,0.1950743620459371,21.00380917833715,20.71545316907145
4637,185.44,0.98,1,0.003,0.279,0.024,-0.009,-0.053,0.0,0.0,0.0,0.0,0.04,2.17,0.05,0.21,0.63,0.18,0.0,0.3,0.0,0.0,0.16,0.26,0.05,0.0,1.0,0.0,0.0,1.0,1.0,0.0,0.0,1.0,1.0,0.0,0.0,0.0,0.0,0.0,0.0,0.0,0.0,0.1906203093432287,21.00380917833715,20.719555979798226
4638,185.48,0.98,1,0.01,0.279,0.02,-0.008,-0.043,0.0,0.0,0.0,0.0,0.0,2.29,0.07,0.13,0.63,0.13,0.0,0.35,0.0,0.0,0.25,0.3,0.05,0.0,0.0,0.0,0.0,0.0,1.0,0.0,0.0,1.0,1.0,0.0,0.0,0.0,0.0,0.0,0.0,0.0,0.0,0.1882672326130109,21.202122535255803,21.328384842739453
4639,185.52,0.98,1,0.006,0.277,0.019,-0.004,-0.041,0.0,0.0,0.0,0.0,0.01,2.63,0.11,0.08,0.57,0.03,0.0,0.48,0.09,0.0,0.34,0.43,0.0,0.0,0.0,0.0,0.0,0.0,1.0,0.0,0.0,1.0,1.0,0.0,0.0,0.0,0.0,0.0,0.0,0.0,0.0,0.1884473356783401,21.00095235935742,20.919369015340873
4640,185.56,0.98,1,-0.003,0.286,0.024,-0.015,-0.029,0.0,0.0,0.0,0.0,0.01,2.81,0.07,0.08,0.57,0.03,0.01,0.5,0.09,0.0,0.38,0.36,0.0,0.0,0.0,0.0,0.0,0.0,1.0,0.0,0.0,1.0,1.0,0.0,0.0,0.0,0.0,0.0,0.0,0.0,0.0,0.18855791164165192,21.100947846009102,20.40612653102013
4641,185.6,0.98,1,-0.006,0.27,0.013,-0.003,-0.035,0.0,0.0,0.0,0.0,0.01,2.69,0.05,0.08,0.56,0.0,0.01,0.7,0.09,0.0,0.42,0.56,0.02,0.0,0.0,0.0,0.0,0.0,1.0,0.0,0.0,1.0,1.0,0.0,0.0,0.0,0.0,0.0,0.0,0.0,0.0,0.18920579754208894,20.900956915892497,20.82906622967045
4642,185.64,0.98,1,-0.01,0.291,0.025,-0.014,-0.017,0.0,0.0,0.0,0.0,0.0,2.52,0.01,0.0,0.56,0.0,0.05,0.69,0.0,0.0,0.53,0.63,0.07,0.0,0.0,0.0,0.0,0.0,1.0,0.0,0.0,1.0,1.0,0.0,1.0,0.0,0.0,0.0,0.0,0.0,0.0,0.18686665901679886,21.30211257129203,20.220039564748674
4643,185.68,0.98,1,-0.0,0.267,0.015,-0.003,-0.035,0.0,0.0,0.0,0.0,0.0,2.31,0.0,0.0,0.57,0.0,0.05,0.77,0.0,0.01,0.65,0.84,0.07,0.0,0.0,0.0,0.0,0.0,1.0,0.0,0.0,1.0,1.0,0.0,1.0,0.0,0.0,0.0,0.0,0.0,0.0,0.1898675525068901,21.200000000000045,20.829066229670453
4644,185.72,0.98,1,-0.007,0.283,0.026,-0.011,-0.027,0.0,0.0,0.0,0.0,0.0,2.34,0.0,0.0,0.58,0.0,0.1,0.8,0.0,0.04,0.67,0.86,0.05,0.0,0.0,0.0,0.0,0.0,1.0,0.0,0.0,1.0,1.0,0.0,1.0,0.0,0.0,0.0,0.0,0.0,0.0,0.18528543838742056,21.59999999999991,21.52324325003088
4645,185.76,0.98,1,-0.008,0.291,0.03,-0.017,-0.026,0.0,0.0,0.0,0.0,0.03,2.41,0.03,0.0,0.63,0.0,0.06,0.78,0.04,0.04,0.67,0.88,0.08,0.0,0.0,0.0,0.0,0.0,1.0,0.0,0.0,1.0,1.0,0.0,1.0,0.0,0.0,0.0,0.0,0.0,0.0,0.18555239291934056,21.900913222968445,21.323461257497755
4646,185.8,0.98,1,-0.003,0.274,0.015,-0.009,-0.047,0.0,0.0,0.0,0.0,0.03,2.34,0.03,0.03,0.62,0.0,0.05,0.74,0.04,0.03,0.61,0.83,0.16,0.0,0.0,0.0,0.0,0.0,1.0,0.0,0.0,1.0,1.0,0.0,0.0,0.0,0.0,0.0,0.0,0.0,0.0,0.18420702328312244,21.80091741188884,21.54553317975677
4647,185.84,0.98,1,-0.006,0.281,0.023,-0.012,-0.044,0.0,0.0,0.0,0.0,0.03,2.3,0.03,0.03,0.62,0.0,0.0,0.59,0.04,0.0,0.57,0.78,0.22,0.0,0.0,0.0,0.0,0.0,1.0,0.0,0.0,1.0,1.0,0.0,0.0,0.0,0.0,0.0,0.0,0.0,0.0,0.18444910269116585,22.205629916757644,21.333776037073186
4648,185.88,0.98,1,-0.004,0.278,0.022,-0.007,-0.046,0.0,0.0,0.0,0.0,0.0,1.95,0.0,0.03,0.62,0.0,0.0,0.59,0.0,0.0,0.47,0.74,0.56,0.0,0.0,0.0,0.0,0.0,1.0,0.0,0.0,1.0,1.0,0.0,0.0,0.0,0.0,0.0,0.0,0.0,1.0,0.18466875841860333,21.403737991294747,20.946837470129086
4649,185.92,0.98,1,-0.017,0.29,0.012,-0.013,-0.045,0.15,0.0,0.0,0.0,0.0,1.24,0.0,0.0,0.67,0.06,0.0,0.6,0.01,0.0,0.52,0.58,1.4,0.0,0.0,0.0,0.0,0.0,1.0,0.0,0.0,1.0,1.0,0.0,0.0,0.0,0.0,0.0,0.0,0.0,1.0,0.17709755235407382,18.013605968822567,18.528356645962916
4650,185.96,0.98,1,0.035,0.386,0.005,-0.018,-0.041,0.26,0.0,0.0,0.0,0.0,0.63,0.02,0.0,0.7,0.12,0.0,0.64,0.03,0.0,0.58,0.43,2.18,0.0,0.0,0.0,0.0,0.0,1.0,0.0,0.0,1.0,1.0,0.0,0.0,0.0,0.0,0.0,0.0,0.0,1.0,0.1543078596782989,18.011385288200216,20.591260281973874
4651,186.0,0.98,1,-0.004,0.39,0.001,-0.019,-0.04,0.26,0.0,0.0,0.0,0.0,0.46,0.06,0.0,0.68,0.17,0.0,0.7,0.03,0.0,0.56,0.3,2.3,0.0,0.0,0.0,0.0,0.0,1.0,0.0,0.0,1.0,1.0,0.0,1.0,0.0,0.0,0.0,0.0,0.0,1.0,0.15785641770401349,17.592327873252017,20.23116407921218
4652,186.04,0.98,1,-0.006,0.337,-0.003,-0.01,-0.041,0.12,0.0,0.0,0.0,0.0,0.88,0.07,0.0,0.62,0.1,0.01,0.8,0.03,0.0,0.49,0.44,1.8,0.0,0.0,0.0,0.0,0.0,1.0,0.0,0.0,1.0,1.0,0.0,1.0,0.0,0.0,0.0,0.0,0.0,1.0,0.1636887981555229,18.7216452268491,21.76809592040621
4653,186.08,0.98,1,-0.016,0.292,0.008,-0.013,-0.039,0.0,0.0,0.0,0.0,0.0,1.31,0.11,0.01,0.58,0.04,0.09,0.89,0.0,0.0,0.33,0.53,1.24,0.0,0.0,0.0,0.0,0.0,1.0,0.0,0.0,1.0,1.0,0.0,1.0,0.0,0.0,0.0,0.0,0.0,1.0,0.17649863046034722,18.209887424144107,20.50780339285499
4654,186.12,0.98,1,0.012,0.295,0.002,-0.016,-0.038,0.0,0.0,0.0,0.0,0.0,1.59,0.1,0.01,0.55,0.0,0.09,0.96,0.0,0.0,0.33,0.74,1.0,0.0,0.0,0.0,0.0,0.0,1.0,0.0,0.0,1.0,1.0,0.0,1.0,0.0,0.0,0.0,0.0,0.0,1.0,0.16424628684750336,19.202343606966355,18.245547402037715
4655,186.16,0.98,1,-0.003,0.315,0.012,-0.015,-0.041,0.0,0.0,0.0,0.0,0.0,1.78,0.15,0.01,0.54,0.0,0.08,0.93,0.0,0.0,0.23,0.77,0.74,0.0,0.0,0.0,0.0,0.0,1.0,0.0,0.0,1.0,1.0,0.0,1.0,0.0,0.0,0.0,0.0,0.0,1.0,0.1530949670962276,17.300289014926843,18.531055015837698
4656,186.2,0.98,1,-0.0,0.302,0.006,-0.016,-0.04,0.0,0.0,0.0,0.0,0.0,1.95,0.13,0.01,0.55,0.0,0.02,0.76,0.0,0.0,0.26,0.7,0.77,0.0,0.0,0.0,0.0,0.0,1.0,0.0,0.0,1.0,1.0,0.0,1.0,0.0,0.0,0.0,0.0,0.0,1.0,0.15270190776279205,17.500285711953392,18.519449235870788
4657,186.24,0.98,1,0.014,0.292,0.002,-0.007,-0.062,0.0,0.0,0.0,0.0,0.0,2.06,0.12,0.01,0.55,0.0,0.02,0.7,0.0,0.0,0.21,0.6,0.7,0.0,0.0,0.0,0.0,0.0,1.0,0.0,0.0,1.0,1.0,0.0,1.0,0.0,0.0,0.0,0.0,0.0,1.0,0.16253598820768853,18.11353085403276,19.094763680129702
4658,186.28,0.98,1,-0.002,0.302,0.014,-0.013,-0.051,0.0,0.0,0.0,0.0,0.0,2.08,0.09,0.01,0.57,0.0,0.02,0.74,0.0,0.0,0.23,0.63,0.61,0.0,0.0,0.0,0.0,0.0,1.0,0.0,0.0,1.0,1.0,0.0,1.0,0.0,0.0,0.0,0.0,0.0,1.0,0.15828000198855882,17.500285711953392,19.37472580451136
4659,186.32,0.98,1,0.001,0.281,0.011,-0.014,-0.045,0.0,0.0,0.0,0.0,0.0,2.07,0.04,0.0,0.53,0.0,0.0,0.92,0.0,0.02,0.29,0.79,0.37,0.0,0.0,0.0,0.0,0.0,1.0,0.0,0.0,1.0,1.0,0.0,1.0,0.0,0.0,0.0,0.0,0.0,1.0,0.15847980543077556,18.300273222004044,19.657314160383063
4660,186.36,0.98,1,-0.004,0.287,0.018,-0.016,-0.043,0.0,0.0,0.0,0.0,0.0,1.98,0.06,0.0,0.57,0.0,0.0,0.79,0.03,0.02,0.4,0.68,0.27,0.0,0.0,0.0,0.0,0.0,1.0,0.0,0.0,1.0,1.0,0.0,1.0,0.0,0.0,0.0,0.0,0.0,1.0,0.16723787465791626,18.300273222004044,20.14869722835688
4661,186.4,0.98,1,0.004,0.276,0.009,-0.007,-0.062,0.0,0.0,0.0,0.0,0.0,2.08,0.13,0.0,0.61,0.0,0.0,0.72,0.03,0.02,0.38,0.6,0.28,0.0,0.0,0.0,0.0,0.0,1.0,0.0,0.0,1.0,1.0,0.0,1.0,0.0,0.0,0.0,0.0,0.0,1.0,0.1757573336277552,18.60026881526192,19.93614807328624
4662,186.44,0.98,1,0.007,0.299,0.017,-0.014,-0.051,0.0,0.0,0.0,0.0,0.0,2.05,0.19,0.0,0.64,0.0,0.02,0.64,0.03,0.0,0.32,0.49,0.25,0.0,0.0,0.0,0.0,0.0,1.0,0.0,0.0,1.0,1.0,0.0,1.0,0.0,0.0,0.0,0.0,0.0,1.0,0.1745961066654505,19.00026315607234,20.14199592890428
4663,186.48,0.98,1,0.009,0.301,0.017,-0.017,-0.044,0.0,0.0,0.0,0.0,0.0,2.01,0.2,0.02,0.62,0.0,0.02,0.66,0.04,0.0,0.26,0.5,0.18,0.0,0.0,0.0,0.0,0.0,1.0,0.0,0.0,1.0,1.0,0.0,1.0,0.0,0.0,0.0,0.0,0.0,1.0,0.1818155946777239,19.00657780874821,20.787015177749602
4664,186.52,0.98,1,0.014,0.284,0.008,-0.007,-0.058,0.0,0.0,0.0,0.0,0.0,1.93,0.16,0.02,0.63,0.0,0.02,0.65,0.04,0.0,0.3,0.49,0.24,0.0,0.0,0.0,0.0,0.0,1.0,0.0,0.0,1.0,1.0,0.0,1.0,0.0,0.0,0.0,0.0,0.0,1.0,0.18561567336452317,19.10235587565043,20.97736875778284
4665,186.56,0.98,1,0.006,0.288,0.023,-0.014,-0.046,0.0,0.0,0.0,0.0,0.0,2.03,0.14,0.01,0.63,0.0,0.0,0.73,0.04,0.0,0.32,0.51,0.2,0.0,0.0,0.0,0.0,0.0,1.0,0.0,0.0,1.0,1.0,0.0,1.0,0.0,0.0,0.0,0.0,0.0,1.0,0.1824453086986281,20.000249998437518,21.0535032714273
4666,186.6,0.98,1,0.008,0.293,0.015,-0.02,-0.037,0.0,0.0,0.0,0.0,0.0,2.03,0.13,0.05,0.67,0.0,0.0,0.7,0.03,0.0,0.31,0.53,0.14,0.0,0.0,0.0,0.0,0.0,1.0,0.0,0.0,1.0,1.0,0.0,0.0,0.0,0.0,0.0,0.0,0.0,0.0,0.18625318435577148,19.306475597581198,21.246176126541027
4667,186.64,0.98,1,-0.002,0.286,0.024,-0.009,-0.054,0.0,0.0,0.0,0.0,0.0,2.12,0.08,0.07,0.68,0.0,0.0,0.73,0.03,0.0,0.36,0.43,0.03,0.0,0.0,0.0,0.0,0.0,1.0,0.0,0.0,1.0,1.0,0.0,0.0,0.0,0.0,0.0,0.0,0.0,0.0,0.1877513835417258,19.500256408570632,20.840585404445775
4668,186.68,0.98,1,-0.001,0.297,0.024,-0.02,-0.041,0.0,0.0,0.0,0.0,0.0,2.09,0.05,0.1,0.71,0.0,0.0,0.53,0.04,0.0,0.34,0.27,0.03,0.0,0.0,0.0,0.0,0.0,1.0,0.0,0.0,1.0,1.0,0.0,0.0,0.0,0.0,0.0,0.0,0.0,0.0,0.19189258673655735,19.201041638411226,20.829066229670453
4669,186.72,0.98,1,-0.004,0.296,0.028,-0.012,-0.055,0.0,0.0,0.0,0.0,0.0,2.16,0.01,0.11,0.68,0.0,0.0,0.52,0.02,0.05,0.37,0.22,0.03,0.0,0.0,0.0,0.0,0.0,1.0,0.0,0.0,1.0,1.0,0.0,0.0,0.0,0.0,0.0,0.0,0.0,0.0,0.18731457896141615,19.60025510038062,20.834586628968847
4670,186.76,0.98,1,0.003,0.29,0.027,-0.02,-0.051,0.0,0.0,0.0,0.08,0.0,2.2,0.03,0.11,0.67,0.0,0.0,0.37,0.02,0.05,0.37,0.14,0.0,0.0,0.0,0.0,0.0,0.0,1.0,0.0,0.0,1.0,1.0,0.0,0.0,0.0,0.0,0.0,0.0,0.0,0.0,0.18504757484632134,19.500256408570632,21.02379604162864
4671,186.8,0.98,1,0.007,0.288,0.031,-0.007,-0.061,0.0,0.0,0.0,0.08,0.0,2.11,0.02,0.08,0.65,0.0,0.03,0.56,0.01,0.06,0.42,0.24,0.09,0.0,0.0,0.0,0.0,0.0,1.0,0.0,0.0,1.0,1.0,0.0,0.0,0.0,0.0,0.0,0.0,0.0,0.0,0.1889272063526156,20.000249998437518,21.0535032714273
4672,186.84,0.98,1,0.001,0.311,0.034,-0.019,-0.039,0.0,0.0,0.0,0.08,0.0,2.15,0.07,0.01,0.63,0.02,0.03,0.53,0.0,0.01,0.32,0.27,0.09,0.0,0.0,0.0,0.0,0.0,1.0,0.0,0.0,1.0,1.0,0.0,0.0,0.0,0.0,0.0,0.0,0.0,0.0,0.19139181896235774,19.501025614054253,20.829066229670676
4673,186.88,0.98,1,0.0,0.307,0.031,-0.011,-0.05,0.0,0.0,0.0,0.0,0.0,2.07,0.07,0.0,0.63,0.07,0.03,0.55,0.0,0.01,0.27,0.32,0.24,0.0,0.0,0.0,0.0,0.0,1.0,0.0,0.0,1.0,1.0,0.0,0.0,0.0,0.0,0.0,0.0,0.0,0.0,0.19040826844787967,19.900251254695117,20.62425756239473
4674,186.92,0.98,1,0.003,0.298,0.034,-0.01,-0.055,0.0,0.0,0.0,0.0,0.0,2.12,0.07,0.0,0.66,0.08,0.0,0.42,0.01,0.0,0.23,0.23,0.15,0.0,0.0,0.0,0.0,0.0,1.0,0.0,0.0,1.0,1.0,0.0,0.0,0.0,0.0,0.0,0.0,0.0,0.0,0.19401085577199365,19.90000000000009,20.923909768492212
4675,186.96,0.98,1,0.009,0.287,0.021,-0.009,-0.051,0.0,0.0,0.0,0.0,0.0,2.21,0.02,0.0,0.69,0.06,0.0,0.42,0.01,0.0,0.32,0.18,0.17,0.0,0.0,0.0,0.0,0.0,1.0,0.0,0.0,1.0,1.0,0.0,0.0,0.0,0.0,0.0,0.0,0.0,0.0,0.1921941174245808,19.201041638411002,20.724140512938092
4676,187.0,0.98,1,0.006,0.297,0.037,-0.007,-0.052,0.0,0.0,0.0,0.0,0.0,2.1,0.01,0.08,0.72,0.0,0.0,0.43,0.01,0.0,0.34,0.17,0.02,0.0,0.0,0.0,0.0,0.0,1.0,0.0,0.0,1.0,1.0,0.0,0.0,0.0,0.0,0.0,0.0,0.0,0.0,0.18797284379943924,19.600000000000136,21.239821091525272
4677,187.04,0.98,1,0.011,0.305,0.03,-0.018,-0.042,0.0,0.0,0.0,0.0,0.0,2.16,0.01,0.13,0.72,0.07,0.0,0.29,0.01,0.0,0.34,0.1,0.1,0.0,0.0,0.0,0.0,0.0,1.0,0.0,0.0,1.0,1.0,0.0,0.0,0.0,0.0,0.0,0.0,0.0,0.0,0.18513233766225906,19.799999999999955,21.72302925468734
4678,187.08,0.98,1,0.012,0.28,0.024,-0.008,-0.06,0.03,0.0,0.0,0.0,0.0,1.9,0.01,0.13,0.71,0.08,0.0,0.32,0.01,0.0,0.44,0.07,0.55,0.0,1.0,0.0,0.0,0.0,1.0,0.0,0.0,1.0,1.0,0.0,0.0,0.0,0.0,0.0,0.0,0.0,0.0,0.1950075274069168,19.60025510038062,21.01927686672403
4679,187.12,0.98,1,0.02,0.341,0.017,-0.02,-0.045,0.26,0.0,0.0,0.0,0.0,1.32,0.0,0.11,0.69,0.25,0.0,0.25,0.09,0.0,0.55,0.0,1.43,0.0,1.0,0.0,0.0,0.0,1.0,0.0,0.0,1.0,1.0,0.0,0.0,0.0,0.0,0.0,0.0,0.0,1.0,0.20633307393220732,19.30414463269477,22.45707015618921
4680,187.16,0.98,1,0.002,0.433,0.018,-0.019,-0.061,0.42,0.02,0.0,0.0,0.0,0.9,0.02,0.08,0.68,0.28,0.1,0.33,0.11,0.0,0.64,0.0,2.18,0.0,1.0,0.0,0.0,0.0,1.0,0.0,0.0,1.0,1.0,0.0,0.0,0.0,0.0,0.0,0.0,0.0,1.0,0.15787397785554472,16.09005904277544,21.061101585624492
4681,187.2,0.98,1,0.012,0.417,0.034,-0.012,-0.057,0.52,0.02,0.0,0.0,0.0,0.73,0.02,0.08,0.67,0.34,0.1,0.28,0.13,0.0,0.63,0.04,2.3,0.0,1.0,0.0,0.0,0.0,1.0,0.0,0.0,1.0,1.0,0.0,0.0,0.0,0.0,0.0,0.0,0.0,1.0,0.1654994524510351,17.655594014362606,21.879899451322935
4682,187.24,0.98,1,-0.012,0.355,0.019,-0.007,-0.053,0.32,0.02,0.0,0.0,0.0,1.09,0.02,0.02,0.69,0.18,0.1,0.35,0.05,0.0,0.64,0.1,1.76,0.0,1.0,0.0,0.0,0.0,1.0,0.0,0.0,1.0,1.0,0.0,0.0,0.0,0.0,0.0,0.0,0.0,1.0,0.1719185841932137,18.217573932881447,20.67704040717627
4683,187.28,0.98,1,0.028,0.289,0.018,-0.026,-0.045,0.16,0.0,0.0,0.0,0.0,1.51,0.0,0.0,0.7,0.08,0.01,0.34,0.03,0.0,0.59,0.12,1.28,0.0,0.0,0.0,0.0,0.0,1.0,0.0,0.0,1.0,1.0,0.0,0.0,0.0,0.0,0.0,0.0,0.0,1.0,0.18366435010237095,19.4435079139543,19.30388561922189
4684,187.32,0.98,1,0.021,0.315,0.029,-0.012,-0.054,0.04,0.0,0.0,0.0,0.0,1.98,0.02,0.0,0.69,0.01,0.01,0.43,0.0,0.0,0.45,0.11,0.91,0.0,0.0,0.0,0.0,0.0,1.0,0.0,0.0,1.0,1.0,0.0,0.0,0.0,0.0,0.0,0.0,0.0,1.0,0.16793901954109342,17.900279327429594,18.777113729218392
4685,187.36,0.98,1,0.026,0.311,0.022,-0.015,-0.056,0.02,0.0,0.0,0.07,0.0,2.4,0.01,0.0,0.64,0.05,0.05,0.36,0.05,0.0,0.3,0.13,0.71,0.0,0.0,0.0,0.0,0.0,1.0,0.0,0.0,1.0,1.0,0.0,0.0,0.0,0.0,0.0,0.0,0.0,1.0,0.1736551182650103,16.40121946685659,19.22628409235661
4686,187.4,0.98,1,0.013,0.312,0.029,-0.009,-0.057,0.02,0.0,0.0,0.07,0.0,2.49,0.01,0.01,0.64,0.08,0.05,0.36,0.05,0.0,0.28,0.11,0.55,0.0,0.0,0.0,0.0,0.0,1.0,0.0,0.0,1.0,1.0,0.0,0.0,0.0,0.0,0.0,0.0,0.0,1.0,0.169038057671487,17.500285711953392,19.126944345608376
4687,187.44,0.98,1,0.023,0.3,0.016,-0.009,-0.055,0.0,0.0,0.0,0.08,0.0,2.44,0.0,0.03,0.62,0.12,0.1,0.31,0.05,0.0,0.32,0.14,0.5,0.0,0.0,0.0,0.0,0.0,1.0,0.0,0.0,1.0,1.0,0.0,0.0,0.0,0.0,0.0,0.0,0.0,1.0,0.1692778734827583,17.799999999999955,19.68247951859716
4688,187.48,0.98,1,0.011,0.299,0.017,-0.009,-0.054,0.04,0.02,0.0,0.02,0.0,2.33,0.0,0.06,0.65,0.17,0.11,0.36,0.0,0.0,0.31,0.06,0.43,0.0,0.0,0.0,0.0,0.0,1.0,0.0,0.0,1.0,1.0,0.0,0.0,0.0,0.0,0.0,0.0,0.0,1.0,0.17266939263616918,18.200274723201343,19.77321420508061
4689,187.52,0.98,1,0.015,0.303,0.017,-0.01,-0.051,0.04,0.02,0.0,0.01,0.0,2.29,0.0,0.05,0.67,0.29,0.11,0.33,0.0,0.0,0.27,0.06,0.38,0.0,0.0,0.0,0.0,0.0,1.0,0.0,0.0,1.0,1.0,0.0,0.0,0.0,0.0,0.0,0.0,0.0,1.0,0.17761448583821915,17.101169550647835,19.97248106770901
4690,187.56,0.98,1,0.011,0.295,0.011,-0.011,-0.061,0.08,0.02,0.0,0.0,0.0,2.13,0.0,0.06,0.69,0.3,0.06,0.28,0.0,0.0,0.26,0.0,0.45,0.0,0.0,0.0,0.0,0.0,1.0,0.0,0.0,1.0,1.0,0.0,0.0,0.0,0.0,0.0,0.0,0.0,0.0,0.18057790744664712,18.404347312523836,19.956452590578408
4691,187.6,0.98,1,0.009,0.313,0.035,-0.004,-0.055,0.04,0.0,0.0,0.0,0.0,2.21,0.0,0.06,0.69,0.3,0.0,0.38,0.0,0.0,0.2,0.0,0.38,0.0,0.0,0.0,0.0,0.0,1.0,0.0,0.0,1.0,1.0,0.0,0.0,0.0,0.0,0.0,0.0,0.0,0.0,0.17542903315737182,19.302331465395525,20.171762441591376
4692,187.64,0.98,1,0.013,0.303,0.031,-0.02,-0.04,0.09,0.0,0.0,0.0,0.0,2.05,0.0,0.11,0.68,0.3,0.0,0.5,0.03,0.0,0.22,0.0,0.44,0.0,0.0,0.0,0.0,0.0,1.0,0.0,0.0,1.0,1.0,0.0,0.0,0.0,0.0,0.0,0.0,0.0,0.0,0.18064334374544166,19.004210059878837,19.825236442473976
4693,187.68,0.98,1,0.0,0.295,0.027,-0.013,-0.052,0.06,0.0,0.0,0.0,0.0,2.19,0.0,0.15,0.7,0.33,0.0,0.54,0.03,0.0,0.16,0.0,0.36,0.0,0.0,0.0,0.0,0.0,1.0,0.0,0.0,1.0,1.0,0.0,0.0,0.0,0.0,0.0,0.0,0.0,0.0,0.19315469193916496,18.50027026829608,19.925109786397755
4694,187.72,0.98,1,0.005,0.3,0.031,-0.012,-0.046,0.06,0.0,0.0,0.0,0.0,2.14,0.0,0.15,0.75,0.34,0.0,0.47,0.03,0.0,0.18,0.01,0.41,0.0,0.0,0.0,0.0,0.0,1.0,0.0,0.0,1.0,1.0,0.0,0.0,0.0,0.0,0.0,0.0,0.0,0.0,0.18717029972953986,19.70228413154152,20.406126531019904
4695,187.76,0.98,1,0.007,0.294,0.027,-0.012,-0.044,0.0,0.0,0.0,0.0,0.0,2.26,0.03,0.12,0.78,0.29,0.0,0.47,0.04,0.0,0.17,0.13,0.23,0.0,0.0,0.0,0.0,0.0,1.0,0.0,0.0,1.0,1.0,0.0,0.0,0.0,0.0,0.0,0.0,0.0,0.0,0.18935713430597895,19.301036241611442,20.93442141545841
4696,187.8,0.98,1,0.003,0.312,0.047,-0.011,-0.05,0.0,0.0,0.0,0.0,0.0,2.18,0.03,0.1,0.74,0.45,0.09,0.49,0.09,0.0,0.26,0.13,0.19,0.0,0.0,0.0,0.0,0.0,1.0,0.0,0.0,1.0,1.0,0.0,0.0,0.0,0.0,0.0,0.0,0.0,0.0,0.1928785122108233,20.299999999999955,20.946837470128855
4697,187.84,0.98,1,0.004,0.309,0.039,-0.011,-0.061,0.05,0.0,0.0,0.05,0.0,2.21,0.07,0.08,0.72,0.55,0.15,0.55,0.11,0.0,0.34,0.15,0.21,0.0,0.0,0.0,0.0,0.0,1.0,0.0,0.0,1.0,1.0,0.0,0.0,0.0,0.0,0.0,0.0,0.0,0.0,0.19727584165101114,18.701069488133378,21.333776037073182
4698,187.88,0.98,1,0.001,0.313,0.05,-0.004,-0.056,0.05,0.0,0.0,0.05,0.0,2.15,0.04,0.06,0.72,0.44,0.15,0.65,0.07,0.0,0.39,0.06,0.18,0.0,0.0,0.0,0.0,0.0,1.0,0.0,0.0,1.0,1.0,0.0,0.0,0.0,0.0,0.0,0.0,0.0,0.0,0.20281541467946043,20.10099500024826,20.940391591371785
4699,187.92,0.98,1,0.004,0.304,0.042,-0.011,-0.031,0.05,0.0,0.0,0.05,0.0,2.25,0.04,0.01,0.72,0.29,0.11,0.68,0.05,0.0,0.36,0.15,0.08,0.0,0.0,0.0,0.0,0.0,1.0,0.0,0.0,1.0,1.0,0.0,0.0,0.0,0.0,0.0,0.0,0.0,0.0,0.18872073157187325,20.902152999152847,21.246176126541027
4700,187.96,0.98,1,-0.004,0.311,0.052,-0.008,-0.041,0.0,0.0,0.0,0.0,0.0,2.28,0.01,0.08,0.73,0.12,0.04,0.7,0.03,0.0,0.37,0.17,0.0,0.0,0.0,0.0,0.0,0.0,1.0,0.0,0.0,1.0,1.0,0.0,1.0,0.0,0.0,0.0,0.0,0.0,0.0,0.19763297188832013,20.400245096566945,20.524375751773793
4701,188.0,0.98,1,-0.001,0.294,0.038,-0.003,-0.043,0.0,0.0,0.0,0.0,0.0,2.6,0.01,0.22,0.68,0.2,0.04,0.71,0.03,0.02,0.35,0.2,0.0,0.0,0.0,0.0,0.0,0.0,1.0,0.0,0.0,1.0,1.0,0.0,1.0,0.0,0.0,0.0,0.0,0.0,0.0,0.20540344775299643,20.300246303924446,20.11591409804676
4702,188.04,0.98,1,-0.012,0.294,0.04,-0.01,-0.033,0.0,0.0,0.0,0.0,0.01,2.78,0.03,0.37,0.73,0.22,0.0,0.79,0.0,0.02,0.33,0.11,0.0,0.0,0.0,0.0,0.0,0.0,1.0,0.0,0.0,1.0,1.0,0.0,1.0,0.0,0.0,0.0,0.0,0.0,0.0,0.1884971235498934,20.900239233080427,20.106217943710757
4703,188.08,0.98,1,-0.006,0.296,0.039,-0.004,-0.038,0.0,0.0,0.0,0.0,0.01,2.84,0.02,0.37,0.74,0.26,0.0,0.77,0.05,0.07,0.34,0.15,0.0,0.0,0.0,0.0,0.0,0.0,1.0,0.0,0.0,1.0,1.0,0.0,1.0,0.0,0.0,0.0,0.0,0.0,0.0,0.2051194390474811,20.500975586542218,20.00099997500125
4704,188.12,0.98,1,-0.019,0.299,0.043,-0.014,-0.026,0.0,0.0,0.0,0.05,0.01,2.78,0.04,0.31,0.77,0.29,0.0,0.74,0.07,0.05,0.21,0.09,0.0,0.0,0.0,0.0,0.0,0.0,1.0,0.0,0.0,1.0,1.0,0.0,1.0,0.0,0.0,0.0,0.0,0.0,0.0,0.19037185307213644,20.700000000000045,20.30886505937735
4705,188.16,0.98,1,-0.021,0.303,0.04,-0.005,-0.033,0.0,0.0,0.0,0.05,0.0,2.55,0.02,0.18,0.73,0.37,0.0,0.74,0.2,0.17,0.12,0.09,0.07,0.0,0.0,0.0,0.0,0.0,1.0,0.0,0.0,1.0,1.0,0.0,1.0,0.0,0.0,0.0,0.0,0.0,0.0,0.200803802930134,20.70096616102741,20.002249873451735
4706,188.2,0.98,1,-0.019,0.29,0.04,-0.01,-0.027,0.0,0.0,0.0,0.05,0.0,2.44,0.02,0.09,0.71,0.44,0.0,0.79,0.17,0.12,0.02,0.0,0.13,0.0,0.0,0.0,0.0,0.0,1.0,0.0,0.0,1.0,1.0,0.0,1.0,0.0,0.0,0.0,0.0,0.0,0.0,0.1928368092481112,20.200990074746382,20.10397970552113
4707,188.24,0.98,1,-0.026,0.303,0.041,-0.003,-0.036,0.0,0.0,0.0,0.0,0.0,2.31,0.0,0.02,0.66,0.4,0.0,0.73,0.31,0.22,0.02,0.01,0.13,0.0,0.0,0.0,0.0,0.0,1.0,0.0,0.0,1.0,1.0,0.0,1.0,0.0,0.0,0.0,0.0,0.0,0.0,0.19991584852256983,20.900956915892493,19.616319736382906
4708,188.28,0.98,1,-0.026,0.288,0.039,-0.011,-0.029,0.0,0.0,0.0,0.0,0.0,2.26,0.01,0.0,0.67,0.35,0.01,0.78,0.29,0.13,0.02,0.02,0.06,0.0,0.0,0.0,0.0,0.0,1.0,0.0,0.0,1.0,1.0,0.0,1.0,0.0,0.0,0.0,0.0,0.0,0.0,0.19109852546071804,20.400980368600028,20.30886505937735
4709,188.32,0.98,1,-0.023,0.298,0.041,0.0,-0.038,0.0,0.0,0.0,0.0,0.0,2.04,0.01,0.0,0.63,0.21,0.01,0.87,0.26,0.21,0.0,0.06,0.13,0.0,0.0,0.0,0.0,0.0,1.0,0.0,0.0,1.0,1.0,0.0,1.0,0.0,0.0,0.0,0.0,0.0,0.0,0.20308735230144512,21.102132593650477,20.408821622033802
4710,188.36,0.98,1,-0.017,0.298,0.04,-0.009,-0.021,0.0,0.0,0.0,0.0,0.0,1.79,0.01,0.0,0.64,0.24,0.01,0.96,0.13,0.11,0.01,0.06,0.13,0.0,0.0,0.0,0.0,0.0,1.0,0.0,0.0,1.0,1.0,0.0,1.0,0.0,0.0,0.0,0.0,0.0,0.0,0.19774823262570368,20.00099997500125,19.816155025634977
4711,188.4,0.98,1,-0.009,0.304,0.043,-0.001,-0.036,0.0,0.0,0.0,0.0,0.0,1.81,0.0,0.04,0.61,0.23,0.0,0.91,0.08,0.18,0.01,0.06,0.18,0.0,0.0,0.0,0.0,0.0,1.0,0.0,0.0,1.0,1.0,0.0,1.0,0.0,0.0,0.0,0.0,0.0,0.0,0.19861821059223622,20.60024271701662,20.429635336931586
4712,188.44,0.98,1,-0.02,0.296,0.034,-0.011,-0.029,0.05,0.0,0.0,0.0,0.0,2.0,0.0,0.07,0.63,0.41,0.0,0.79,0.12,0.1,0.01,0.02,0.18,0.0,0.0,0.0,0.0,0.0,1.0,0.0,0.0,1.0,1.0,0.0,1.0,0.0,0.0,0.0,0.0,0.0,0.0,0.17871803693737215,20.602184350209217,19.9160739102865
4713,188.48,0.98,1,-0.025,0.348,0.036,-0.003,-0.036,0.05,0.0,0.0,0.0,0.0,2.08,0.0,0.12,0.66,0.48,0.0,0.78,0.1,0.09,0.04,0.0,0.41,0.0,0.0,0.0,0.0,0.0,1.0,0.0,0.0,1.0,1.0,0.0,1.0,0.0,0.0,0.0,0.0,0.0,1.0,0.1776255356752972,18.6024191975129,20.072119967756276
4714,188.52,0.98,1,-0.001,0.328,0.029,-0.018,-0.03,0.05,0.0,0.0,0.0,0.0,2.15,0.0,0.09,0.67,0.44,0.0,0.66,0.2,0.0,0.05,0.02,0.56,0.0,0.0,0.0,0.0,0.0,1.0,0.0,0.0,1.0,1.0,0.0,1.0,0.0,0.0,0.0,0.0,0.0,1.0,0.17691614547932188,19.121192431435766,19.673586353281017
4715,188.56,0.98,1,-0.007,0.339,0.034,-0.002,-0.038,0.0,0.0,0.0,0.0,0.0,2.07,0.0,0.08,0.67,0.35,0.0,0.66,0.17,0.0,0.14,0.03,0.64,0.0,0.0,0.0,0.0,0.0,1.0,0.0,0.0,1.0,1.0,0.0,1.0,0.0,0.0,0.0,0.0,0.0,1.0,0.17086777531372488,19.00657780874821,19.30388561922189
4716,188.6,0.98,1,0.016,0.329,0.028,-0.018,-0.031,0.0,0.0,0.0,0.0,0.0,2.18,0.0,0.07,0.63,0.18,0.0,0.51,0.17,0.0,0.17,0.03,0.63,0.0,0.0,0.0,0.0,0.0,1.0,0.0,0.0,1.0,1.0,0.0,1.0,0.0,0.0,0.0,0.0,0.0,1.0,0.17468201801929598,19.026297590440446,19.75702406740453
4717,188.64,0.98,1,0.016,0.338,0.024,-0.003,-0.039,0.0,0.0,0.0,0.0,0.0,2.12,0.0,0.06,0.61,0.15,0.0,0.56,0.08,0.0,0.32,0.01,0.77,0.0,0.0,0.0,0.0,0.0,1.0,0.0,0.0,1.0,1.0,0.0,0.0,0.0,0.0,0.0,0.0,0.0,1.0,0.16139208166202215,18.22223915988377,20.26326725876165
4718,188.68,0.98,1,0.024,0.325,0.015,-0.016,-0.034,0.0,0.0,0.0,0.0,0.0,2.24,0.0,0.16,0.56,0.06,0.0,0.55,0.08,0.0,0.37,0.0,0.94,0.0,0.0,0.0,0.0,0.0,1.0,0.0,0.0,1.0,1.0,0.0,0.0,0.0,0.0,0.0,0.0,0.0,1.0,0.16897383340460434,17.917868176767104,20.042205467462903
4719,188.72,0.98,1,0.014,0.344,0.016,-0.001,-0.041,0.0,0.0,0.0,0.0,0.0,2.03,0.0,0.18,0.49,0.09,0.02,0.67,0.14,0.0,0.45,0.0,1.12,0.0,0.0,0.0,0.0,0.0,1.0,0.0,0.0,1.0,1.0,0.0,1.0,0.0,0.0,0.0,0.0,0.0,1.0,0.15176306279230084,18.417383093154232,20.180436070610472
4720,188.76,0.98,1,0.026,0.324,0.006,-0.015,-0.032,0.0,0.0,0.0,0.0,0.0,2.04,0.03,0.23,0.46,0.04,0.08,0.65,0.1,0.0,0.45,0.0,1.13,0.0,0.0,0.0,0.0,0.0,1.0,0.0,0.0,1.0,1.0,0.0,0.0,0.0,0.0,0.0,0.0,0.0,1.0,0.16266208698198198,19.03181546778972,20.1558924386889
4721,188.8,0.98,1,0.001,0.337,0.013,-0.002,-0.042,0.0,0.0,0.0,0.0,0.0,2.03,0.03,0.18,0.49,0.13,0.11,0.65,0.28,0.0,0.43,0.0,1.05,0.0,0.0,0.0,0.0,0.0,1.0,0.0,0.0,1.0,1.0,0.0,1.0,0.0,0.0,0.0,0.0,0.0,1.0,0.15238366763127204,16.414932226482176,19.366207682455496
4722,188.84,0.98,1,0.005,0.309,0.011,-0.012,-0.034,0.0,0.0,0.0,0.0,0.0,2.24,0.03,0.15,0.53,0.1,0.1,0.54,0.24,0.0,0.39,0.0,0.93,0.0,0.0,0.0,0.0,0.0,1.0,0.0,0.0,1.0,1.0,0.0,1.0,0.0,0.0,0.0,0.0,0.0,1.0,0.16163864120748683,19.343732835210428,19.842630873954146
4723,188.88,0.98,1,-0.005,0.312,0.004,-0.001,-0.04,0.0,0.0,0.0,0.0,0.0,2.08,0.0,0.16,0.57,0.1,0.03,0.56,0.25,0.0,0.43,0.0,0.88,0.0,0.0,0.0,0.0,0.0,1.0,0.0,0.0,1.0,1.0,0.0,1.0,0.0,0.0,0.0,0.0,0.0,1.0,0.15784290157047248,18.621761463406102,20.06389792637512
4724,188.92,0.98,1,0.002,0.306,0.006,-0.012,-0.035,0.0,0.0,0.0,0.0,0.0,1.98,0.0,0.14,0.54,0.02,0.01,0.52,0.14,0.0,0.48,0.0,0.88,0.0,0.0,0.0,0.0,0.0,1.0,0.0,0.0,1.0,1.0,0.0,1.0,0.0,0.0,0.0,0.0,0.0,1.0,0.1632170432355921,20.229928324143955,19.012890364171355
4725,188.96,0.98,1,0.002,0.323,0.016,-0.002,-0.045,0.0,0.0,0.0,0.0,0.0,1.84,0.0,0.13,0.55,0.02,0.07,0.65,0.11,0.0,0.53,0.0,0.93,0.0,0.0,0.0,0.0,0.0,1.0,0.0,0.0,1.0,1.0,0.0,1.0,0.0,0.0,0.0,0.0,0.0,1.0,0.16178995816367675,18.417383093154008,20.255616505058587
4726,189.0,0.98,1,-0.0,0.319,0.016,-0.015,-0.037,0.0,0.0,0.0,0.0,0.0,1.99,0.01,0.07,0.55,0.02,0.07,0.63,0.14,0.0,0.51,0.01,0.97,0.0,0.0,0.0,0.0,0.0,1.0,0.0,0.0,1.0,1.0,0.0,1.0,0.0,0.0,0.0,0.0,0.0,1.0,0.16693609042947882,18.333030300526058,20.012246250733575
4727,189.04,0.98,1,-0.005,0.322,0.014,-0.001,-0.045,0.0,0.0,0.0,0.0,0.0,1.98,0.0,0.07,0.56,0.0,0.06,0.62,0.07,0.0,0.49,0.07,1.07,0.0,0.0,0.0,0.0,0.0,1.0,0.0,0.0,1.0,1.0,0.0,1.0,0.0,0.0,0.0,0.0,0.0,1.0,0.15913204729500977,17.00264685276972,20.44137960119117
4728,189.08,0.98,1,-0.0,0.314,0.014,-0.006,-0.041,0.0,0.0,0.0,0.0,0.0,1.99,0.03,0.09,0.57,0.0,0.0,0.62,0.07,0.0,0.44,0.18,1.05,0.0,0.0,0.0,0.0,0.0,1.0,0.0,0.0,1.0,1.0,0.0,1.0,0.0,0.0,0.0,0.0,0.0,1.0,0.1585365143905792,19.216659439142948,19.636700333813632
4729,189.12,0.98,1,-0.032,0.315,0.031,0.002,-0.032,0.0,0.0,0.0,0.0,0.0,1.97,0.02,0.09,0.55,0.0,0.0,0.72,0.0,0.0,0.41,0.19,0.94,0.0,0.0,0.0,0.0,0.0,1.0,0.0,0.0,1.0,1.0,0.0,1.0,0.0,0.0,0.0,0.0,0.0,1.0,0.15698893553965096,19.809088823063195,19.343732835210435
4730,189.16,0.98,1,-0.038,0.312,0.029,0.012,-0.032,0.0,0.0,0.0,0.0,0.0,1.99,0.05,0.04,0.5,0.0,0.0,0.8,0.0,0.0,0.4,0.25,0.87,0.0,0.0,0.0,0.0,0.0,1.0,0.0,0.0,1.0,1.0,0.0,1.0,0.0,0.0,0.0,0.0,0.0,1.0,0.16286563786195568,20.312065379965855,19.04442175546425
4731,189.2,0.98,1,-0.038,0.325,0.037,0.024,-0.03,0.07,0.0,0.0,0.0,0.0,1.42,0.02,0.0,0.49,0.0,0.0,0.67,0.02,0.0,0.5,0.22,1.36,0.0,0.0,0.0,0.0,0.0,1.0,0.0,0.0,1.0,1.0,0.0,0.0,0.0,0.0,0.0,0.0,0.0,1.0,0.15253073334283984,19.509228585466932,18.696791168540038
4732,189.24,0.98,1,-0.047,0.399,0.029,0.045,-0.018,0.17,0.03,0.0,0.0,0.0,0.85,0.07,0.0,0.42,0.02,0.0,0.45,0.07,0.0,0.56,0.41,2.11,0.0,0.0,0.0,0.0,0.0,1.0,0.0,0.0,1.0,1.0,0.0,0.0,0.0,0.0,0.0,0.0,0.0,1.0,0.1637354517275773,18.4219977201172,17.01793171921886
4733,189.28,0.98,1,-0.11,0.415,0.033,0.086,-0.002,0.17,0.03,0.0,0.0,0.0,0.43,0.07,0.0,0.41,0.02,0.0,0.25,0.31,0.0,0.55,0.6,2.72,0.0,0.0,0.0,0.0,0.0,1.0,0.0,0.0,1.0,1.0,0.0,0.0,1.0,0.0,0.0,0.0,0.0,1.0,0.1601866853740212,20.000249998437617,18.100000000000005
4734,189.32,0.98,1,-0.179,0.387,0.036,0.144,0.014,0.18,0.03,0.0,0.0,0.05,0.78,0.19,0.0,0.35,0.02,0.0,0.12,0.41,0.0,0.69,1.03,2.51,0.0,0.0,0.0,0.0,0.0,1.0,0.0,0.0,1.0,1.0,0.0,0.0,1.0,0.0,0.0,0.0,0.0,1.0,0.15424808627480963,18.552897347853783,17.92791120013693
4735,189.36,0.98,1,-0.253,0.358,0.042,0.198,0.024,0.26,0.08,0.0,0.0,0.18,1.37,0.19,0.0,0.37,0.07,0.0,0.06,0.5,0.0,1.16,1.31,1.87,0.0,0.0,0.0,0.0,1.0,1.0,0.0,0.0,1.0,1.0,0.0,0.0,1.0,0.0,1.0,1.0,0.0,1.0,0.1703146844053099,17.572990639046047,21.528121144215184
4736,189.4,0.98,1,-0.351,0.349,0.055,0.259,0.044,0.43,0.27,0.0,0.0,0.29,1.71,0.17,0.05,0.51,0.07,0.0,0.0,0.37,0.0,1.94,1.61,1.05,0.0,0.0,0.0,0.0,1.0,1.0,0.0,0.0,1.0,1.0,0.0,0.0,1.0,0.0,1.0,1.0,0.0,1.0,0.19440254490694628,17.45966780898198,23.59364321167886
4737,189.44,0.98,1,-0.356,0.337,0.055,0.266,0.08,0.49,0.46,0.0,0.0,0.35,1.84,0.04,0.08,0.65,0.07,0.0,0.0,0.27,0.02,2.51,1.71,0.49,0.0,0.0,0.0,0.0,1.0,1.0,0.0,0.0,1.0,1.0,0.0,0.0,1.0,0.0,1.0,1.0,0.0,0.0,0.2109918371020826,17.70225974275592,24.140629652103094
4738,189.48,0.98,1,-0.361,0.32,0.048,0.271,0.097,0.54,0.74,0.0,0.0,0.31,1.58,0.0,0.08,0.85,0.0,0.0,0.0,0.14,0.06,2.78,1.71,0.14,0.0,0.0,0.0,0.0,1.0,1.0,0.0,0.0,1.0,1.0,0.0,0.0,1.0,0.0,1.0,1.0,0.0,0.0,0.22654478020330698,18.86796226411316,23.81596103456674
4739,189.52,0.98,1,-0.371,0.316,0.043,0.285,0.102,0.53,0.94,0.0,0.0,0.28,1.48,0.0,0.04,0.94,0.0,0.0,0.0,0.08,0.17,2.9,1.41,0.17,0.0,0.0,0.0,0.0,1.0,1.0,0.0,0.0,1.0,1.0,0.0,0.0,1.0,0.0,1.0,1.0,0.0,0.0,0.2322524555220905,19.075901027212318,23.249946236496974
4740,189.56,0.98,1,-0.382,0.317,0.049,0.296,0.106,0.59,0.99,0.0,0.0,0.23,1.5,0.0,0.0,1.04,0.0,0.0,0.0,0.11,0.31,2.8,1.02,0.3,0.0,0.0,0.0,0.0,1.0,1.0,0.0,0.0,1.0,1.0,0.0,0.0,1.0,0.0,1.0,1.0,0.0,0.0,0.23673847092138495,19.17550520846834,22.96823893989267
4741,189.6,0.98,1,-0.39,0.303,0.047,0.293,0.11,0.58,0.87,0.0,0.0,0.21,1.44,0.0,0.0,1.11,0.11,0.0,0.0,0.36,0.41,2.61,0.68,0.42,0.0,0.0,0.0,0.0,1.0,1.0,0.0,0.0,1.0,1.0,0.0,0.0,1.0,0.0,1.0,1.0,0.0,0.0,0.24034748803643669,18.686893802876835,23.410467744152303
4742,189.64,0.98,1,-0.402,0.317,0.052,0.303,0.112,0.56,0.78,0.0,0.0,0.19,1.27,0.0,0.0,1.16,0.27,0.0,0.0,0.42,0.41,2.3,0.35,0.35,0.0,0.0,0.0,0.0,1.0,1.0,0.0,0.0,1.0,1.0,0.0,0.0,1.0,0.0,1.0,0.0,0.0,0.0,0.24576702963679642,18.786431273661357,23.098268333362203
4743,189.68,0.98,1,-0.42,0.326,0.055,0.317,0.108,0.71,0.91,0.0,0.0,0.19,1.14,0.0,0.06,1.17,0.48,0.0,0.0,0.54,0.33,2.14,0.15,0.34,0.0,0.0,0.0,0.0,1.0,1.0,0.0,0.0,1.0,1.0,0.0,0.0,1.0,0.0,1.0,0.0,0.0,0.0,0.24901916701115567,18.940168953839837,22.11176157613869
4744,189.72,0.98,1,-0.424,0.335,0.06,0.329,0.103,0.75,0.85,0.0,0.0,0.19,1.1,0.0,0.27,1.22,0.61,0.0,0.0,0.45,0.42,1.92,0.0,0.44,0.0,0.0,0.0,0.0,1.0,1.0,0.0,0.0,1.0,1.0,0.0,0.0,0.0,0.0,1.0,0.0,0.0,0.0,0.25114467025936393,18.928285712129302,22.04767561444974
4745,189.76,0.98,1,-0.431,0.34,0.066,0.321,0.104,0.88,0.9,0.0,0.0,0.22,1.22,0.0,0.45,1.23,0.73,0.0,0.0,0.41,0.65,1.67,0.0,0.54,0.0,0.0,0.0,0.0,1.0,1.0,0.0,0.0,1.0,1.0,0.0,0.0,0.0,0.0,1.0,0.0,0.0,0.0,0.25134739643053716,18.469975636150643,22.26229997102723
4746,189.8,0.98,1,-0.435,0.327,0.059,0.313,0.114,0.9,0.88,0.0,0.0,0.27,1.21,0.0,0.63,1.24,0.85,0.0,0.0,0.41,0.89,1.47,0.0,0.48,0.0,0.0,0.0,0.0,1.0,1.0,0.0,0.0,1.0,1.0,0.0,0.0,0.0,0.0,1.0,0.0,0.0,0.0,0.2465927604456764,18.725917868024517,22.835498680782074
4747,189.84,0.98,1,-0.434,0.327,0.061,0.318,0.116,0.92,0.89,0.0,0.0,0.29,1.15,0.0,0.6,1.19,0.92,0.0,0.0,0.37,1.01,1.47,0.0,0.37,1.0,0.0,0.0,0.0,1.0,1.0,0.0,0.0,1.0,1.0,0.0,0.0,0.0,0.0,1.0,0.0,0.0,0.0,0.24864993345168213,18.939112967612864,23.739418695494606
4748,189.88,0.98,1,-0.439,0.321,0.056,0.314,0.119,0.87,0.75,0.0,0.0,0.27,1.03,0.0,0.55,1.17,1.02,0.0,0.06,0.37,1.06,1.55,0.0,0.38,0.0,0.0,0.0,0.0,1.0,1.0,0.0,0.0,1.0,1.0,0.0,0.0,0.0,0.0,1.0,0.0,0.0,0.0,0.24476955452116728,19.251233726699184,22.736974292988148
4749,189.92,0.98,1,-0.449,0.351,0.059,0.315,0.119,0.72,0.56,0.0,0.0,0.3,0.83,0.0,0.53,1.2,1.1,0.0,0.15,0.36,1.15,1.56,0.0,0.4,0.0,0.0,0.0,0.0,1.0,1.0,0.0,0.0,1.0,1.0,0.0,0.0,0.0,0.0,1.0,0.0,0.0,0.0,0.22164693828934967,19.498717906570217,21.833231551925614
4750,189.96,0.98,1,-0.427,0.335,0.053,0.306,0.119,0.58,0.45,0.0,0.0,0.37,0.74,0.0,0.45,1.22,1.18,0.0,0.21,0.32,1.21,1.35,0.0,0.56,0.0,0.0,0.0,0.0,1.0,1.0,0.0,0.0,1.0,1.0,0.0,0.0,0.0,0.0,1.0,0.0,0.0,0.0,0.2313344738643933,19.892712233378475,22.69206909913689
4751,190.0,0.98,1,-0.446,0.325,0.049,0.296,0.117,0.49,0.41,0.0,0.0,0.35,0.79,0.0,0.31,1.28,1.07,0.0,0.15,0.47,1.08,1.25,0.03,1.22,0.0,0.0,0.0,0.0,1.0,1.0,0.0,0.0,1.0,1.0,0.0,0.0,0.0,0.0,1.0,0.0,0.0,0.0,0.21906160474348985,17.952437160452437,21.967248348393593
4752,190.04,0.98,1,-0.347,0.376,0.047,0.284,0.112,0.35,0.25,0.0,0.0,0.2,0.72,0.0,0.09,1.28,0.72,0.0,0.06,0.51,0.81,1.07,0.19,2.1,0.0,0.0,0.0,0.0,1.0,1.0,0.0,0.0,1.0,1.0,0.0,0.0,1.0,0.0,1.0,0.0,0.0,1.0,0.19622329137519345,18.6761880478861,19.04442175546425
4753,190.08,0.98,1,-0.238,0.432,0.042,0.225,0.096,0.22,0.16,0.0,0.0,0.05,0.5,0.0,0.0,1.15,0.38,0.0,0.27,0.75,0.59,1.06,0.54,2.8,0.0,0.0,0.0,0.0,0.0,1.0,0.0,0.0,1.0,1.0,0.0,0.0,1.0,0.0,1.0,0.0,0.0,1.0,0.16731770125954493,16.87157372624147,18.002499826412997
4754,190.12,0.93,1,-0.179,0.445,0.021,0.172,0.081,0.07,0.24,0.15,0.0,0.0,0.84,0.07,0.0,0.95,0.29,0.0,0.79,1.04,0.38,0.62,0.7,2.75,0.0,0.0,0.0,0.0,0.0,1.0,0.0,0.0,1.0,1.0,0.0,0.0,1.0,0.0,1.0,0.0,0.0,1.0,0.16432239118012426,18.27183625145532,18.606719216455023
4755,190.16,0.88,1,-0.19,0.423,-0.049,0.211,0.104,0.0,0.55,1.11,0.0,0.24,1.68,0.75,0.0,0.69,0.56,0.24,1.51,1.55,0.25,0.71,0.86,2.06,0.0,0.0,0.0,0.0,0.0,1.0,0.0,0.0,1.0,1.0,0.0,0.0,1.0,0.0,1.0,0.0,0.0,1.0,0.12181163556937873,18.59516066077403,20.606067067735083
4756,190.2,0.88,1,-0.213,0.219,-0.146,0.319,0.161,0.0,0.59,1.11,0.0,0.24,1.94,0.75,0.37,0.89,0.88,0.25,1.65,1.23,0.05,0.82,0.52,1.31,0.0,0.0,0.0,0.0,0.0,1.0,0.0,0.0,1.0,1.0,0.0,0.0,1.0,0.0,0.0,0.0,0.0,1.0,0.22143871876267046,19.8645412733342,24.182018112638858
4757,190.24,0.98,1,0.11,0.315,0.039,-0.153,-0.077,0.06,0.65,1.04,0.0,0.25,1.79,0.68,1.07,1.16,1.26,0.31,1.67,0.71,0.0,1.39,0.33,0.49,0.0,0.0,0.0,0.0,0.0,1.0,0.0,0.0,1.0,1.0,0.0,0.0,1.0,0.0,0.0,0.0,0.0,0.0,0.18172439845959087,16.91064753343276,18.330848316431098
4758,190.28,0.98,1,0.169,0.307,0.051,-0.194,-0.097,0.11,0.74,0.33,0.0,0.03,1.26,0.0,1.83,1.51,1.35,0.42,1.55,0.18,0.0,1.72,0.01,0.21,0.0,0.0,0.0,0.0,0.0,1.0,0.0,0.0,1.0,1.0,0.0,0.0,0.0,0.0,0.0,0.0,0.0,0.0,0.2026671846382665,17.578680269007773,16.043067038443777
4759,190.32,0.98,1,0.254,0.24,0.049,-0.287,-0.092,0.11,1.09,0.61,0.14,0.07,1.3,0.0,2.04,1.43,1.05,1.34,1.59,0.56,0.0,1.92,0.0,0.0,0.0,0.0,1.0,0.0,0.0,1.0,0.0,0.0,1.0,0.0,1.0,0.0,0.0,0.0,0.0,0.0,1.0,0.0,0.2670807557609518,15.84739726264223,15.158495967608424
4760,190.36,0.93,1,0.302,0.202,0.02,-0.358,-0.096,0.1,1.25,0.93,0.21,0.1,0.88,0.0,1.8,1.31,0.62,1.93,1.35,0.56,0.0,1.81,0.28,0.0,1.0,0.0,1.0,0.0,0.0,1.0,0.0,0.0,1.0,0.0,1.0,0.0,0.0,0.0,0.0,0.0,1.0,0.0,0.35676030543820436,12.36850839834798,13.380956617521766
4761,190.4,0.93,1,0.324,0.21,0.017,-0.412,-0.114,0.08,1.19,1.13,0.41,0.13,0.54,0.0,1.69,1.17,0.19,2.3,1.16,0.58,0.06,1.49,0.28,0.0,1.0,0.0,1.0,0.0,0.0,1.0,0.0,0.0,1.0,0.0,1.0,0.0,0.0,0.0,0.0,0.0,1.0,0.0,0.3671087612936855,15.741029191256795,13.914021704740904
4762,190.44,0.98,1,0.302,0.181,0.007,-0.419,-0.145,0.24,1.09,1.24,0.38,0.09,0.42,0.0,1.55,0.94,0.14,1.94,1.08,0.2,0.06,1.15,0.28,0.0,1.0,0.0,1.0,0.0,0.0,1.0,0.0,0.0,1.0,0.0,1.0,0.0,0.0,0.0,0.0,0.0,1.0,0.0,0.37663697385445294,15.824032355882023,12.491997438360253
4763,190.48,0.98,1,0.3,0.189,0.011,-0.413,-0.173,0.46,1.14,1.31,0.68,0.05,0.6,0.0,1.63,0.71,0.0,1.54,1.09,0.2,0.06,1.12,0.06,0.0,1.0,0.0,1.0,0.0,0.0,1.0,0.0,0.0,1.0,0.0,1.0,0.0,0.0,0.0,0.0,0.0,1.0,0.0,0.384931535487132,16.4438438328755,12.539936203984453
4764,190.52,0.98,1,0.298,0.192,0.02,-0.395,-0.189,0.79,1.22,1.4,0.61,0.0,0.69,0.0,1.5,0.42,0.0,1.2,1.07,0.0,0.0,1.13,0.18,0.0,1.0,0.0,1.0,0.0,0.0,1.0,0.0,0.0,1.0,0.0,1.0,0.0,0.0,0.0,0.0,0.0,1.0,0.0,0.3959665919180414,16.07233648229163,11.903780911962281
4765,190.56,0.98,1,0.307,0.185,0.015,-0.401,-0.204,1.01,1.47,1.51,0.75,0.0,0.73,0.0,1.63,0.42,0.0,0.88,0.92,0.0,0.0,1.41,0.24,0.0,1.0,0.0,1.0,0.0,0.0,1.0,0.0,0.0,1.0,0.0,1.0,0.0,0.0,0.0,0.0,0.0,1.0,0.0,0.4028017333544552,15.82403235588204,11.810588469674135
4766,190.6,0.98,1,0.305,0.183,0.014,-0.414,-0.217,1.14,1.44,1.51,0.69,0.0,0.57,0.0,1.54,0.39,0.0,0.92,0.86,0.0,0.0,1.61,0.2,0.0,1.0,0.0,1.0,0.0,0.0,1.0,0.0,0.0,1.0,0.0,1.0,0.0,0.0,0.0,0.0,0.0,1.0,0.0,0.392614076643025,15.861904047118564,11.482595525402983
4767,190.64,0.98,1,0.329,0.19,0.014,-0.41,-0.226,1.19,1.79,1.6,0.75,0.0,0.46,0.0,1.42,0.44,0.0,0.81,0.66,0.0,0.0,1.71,0.18,0.0,1.0,0.0,1.0,0.0,0.0,1.0,0.0,0.0,1.0,0.0,1.0,0.0,0.0,0.0,0.0,0.0,1.0,0.0,0.4064562126944333,14.645477117526783,11.774548823627995
4768,190.68,0.98,1,0.289,0.228,0.022,-0.407,-0.233,1.26,1.95,1.71,0.69,0.0,0.25,0.0,1.25,0.41,0.0,0.85,0.51,0.0,0.0,1.74,0.22,0.0,1.0,0.0,1.0,0.0,0.0,1.0,0.0,0.0,1.0,0.0,1.0,0.0,0.0,0.0,0.0,0.0,1.0,0.0,0.37101976533636916,12.734598540982613,13.64880947189172
4769,190.72,0.98,1,0.283,0.218,0.022,-0.399,-0.236,1.25,2.35,1.89,0.56,0.0,0.24,0.0,1.05,0.41,0.0,0.95,0.31,0.0,0.0,1.79,0.36,0.0,1.0,0.0,1.0,0.0,0.0,1.0,0.0,0.0,1.0,0.0,1.0,0.0,0.0,0.0,0.0,0.0,1.0,0.0,0.38016521606262377,12.690547663516979,14.13966053340742
4770,190.76,0.98,1,0.286,0.234,0.019,-0.392,-0.24,1.27,2.43,1.82,0.62,0.0,0.36,0.0,0.76,0.38,0.0,0.98,0.14,0.0,0.0,1.93,0.41,0.0,1.0,0.0,1.0,0.0,0.0,1.0,0.0,0.0,1.0,0.0,1.0,0.0,0.0,0.0,1.0,0.0,1.0,0.0,0.35649227338960376,12.943724348115621,14.30244734302477
4771,190.8,0.98,1,0.273,0.235,0.029,-0.365,-0.24,1.22,2.5,1.7,0.72,0.0,0.58,0.0,0.54,0.39,0.0,1.06,0.06,0.0,0.0,1.97,0.55,0.0,1.0,0.0,1.0,0.0,0.0,1.0,0.0,0.0,1.0,0.0,1.0,0.0,0.0,0.0,1.0,0.0,1.0,0.0,0.34449472281959603,13.33641631023858,14.644111444536282
4772,190.84,0.98,1,0.264,0.23,0.031,-0.357,-0.241,1.2,2.16,1.52,0.72,0.0,0.7,0.0,0.41,0.38,0.0,1.01,0.03,0.0,0.0,1.84,0.73,0.0,1.0,1.0,1.0,0.0,0.0,1.0,0.0,0.0,1.0,0.0,0.0,0.0,0.0,0.0,1.0,0.0,1.0,0.0,0.3662677736665549,14.236923825040252,14.926486525636282
4773,190.88,0.98,1,0.269,0.238,0.03,-0.366,-0.237,1.11,1.9,1.36,0.8,0.0,0.88,0.0,0.47,0.33,0.0,1.0,0.02,0.0,0.0,1.73,0.8,0.0,1.0,1.0,1.0,0.0,0.0,1.0,0.0,0.0,1.0,0.0,0.0,0.0,0.0,0.0,1.0,0.0,1.0,0.0,0.385686168347215,13.395894893585796,15.084097586531515
4774,190.92,0.98,1,0.265,0.231,0.023,-0.359,-0.23,0.99,1.89,1.21,0.72,0.0,0.87,0.0,0.4,0.27,0.0,0.91,0.02,0.0,0.0,1.66,0.8,0.0,1.0,0.0,1.0,1.0,0.0,1.0,0.0,0.0,1.0,0.0,0.0,0.0,0.0,0.0,1.0,0.0,1.0,0.0,0.3678091437679316,13.90575420464483,14.989329538041416
4775,190.96,0.98,1,0.261,0.238,0.032,-0.351,-0.229,0.83,1.87,1.13,0.7,0.0,0.99,0.0,0.4,0.28,0.0,0.77,0.02,0.0,0.0,1.59,0.77,0.0,1.0,0.0,1.0,1.0,0.0,1.0,0.0,0.0,1.0,0.0,0.0,0.0,0.0,0.0,0.0,0.0,1.0,0.0,0.3972509399685275,14.333875958721093,15.116877984557584
4776,191.0,0.98,1,0.284,0.233,0.024,-0.368,-0.224,0.83,1.8,1.06,0.43,0.0,0.88,0.0,0.47,0.33,0.0,0.69,0.0,0.0,0.0,1.55,0.83,0.0,1.0,0.0,1.0,1.0,0.0,1.0,0.0,0.0,1.0,0.0,0.0,0.0,0.0,0.0,0.0,0.0,1.0,0.0,0.4360594802383087,12.952219886953653,13.408206442324854
4777,191.04,0.98,1,0.329,0.235,0.022,-0.338,-0.222,0.86,1.61,1.07,0.47,0.0,0.71,0.0,0.52,0.29,0.0,0.65,0.0,0.0,0.0,1.41,0.79,0.0,1.0,0.0,1.0,1.0,0.0,1.0,0.0,0.0,1.0,0.0,0.0,0.0,0.0,0.0,0.0,0.0,1.0,0.0,0.3576301126079522,13.849548729110362,13.978555004005042
4778,191.08,0.98,1,0.341,0.215,0.031,-0.341,-0.222,1.0,1.53,1.09,0.67,0.0,0.48,0.0,0.61,0.28,0.0,0.56,0.01,0.0,0.0,1.42,0.7,0.0,1.0,0.0,1.0,1.0,0.0,1.0,0.0,0.0,1.0,0.0,0.0,0.0,0.0,0.0,0.0,0.0,1.0,0.0,0.3914350840220385,15.74102919125678,15.100331122197362
4779,191.12,0.98,1,0.341,0.187,0.037,-0.354,-0.224,0.98,1.58,1.16,0.99,0.0,0.24,0.0,0.72,0.27,0.0,0.48,0.06,0.0,0.0,1.52,0.55,0.0,1.0,0.0,1.0,1.0,0.0,1.0,0.0,0.0,1.0,0.0,0.0,0.0,0.0,0.0,0.0,0.0,1.0,0.0,0.4286763030237086,16.28649747490233,14.93084056575514
4780,191.16,0.98,1,0.366,0.175,0.036,-0.373,-0.224,0.91,1.38,1.16,0.95,0.0,0.53,0.0,0.72,0.3,0.0,0.42,0.06,0.0,0.0,1.57,0.44,0.0,1.0,0.0,1.0,1.0,0.0,1.0,0.0,0.0,1.0,0.0,0.0,0.0,0.0,0.0,0.0,0.0,1.0,0.0,0.4494938981536599,13.631214179228502,13.473678042761705
4781,191.2,0.98,1,0.38,0.175,0.042,-0.373,-0.226,0.91,1.39,1.24,0.93,0.0,0.38,0.0,0.77,0.31,0.0,0.48,0.07,0.0,0.0,1.66,0.32,0.0,1.0,0.0,1.0,1.0,0.0,1.0,0.0,0.0,1.0,0.0,0.0,0.0,0.0,0.0,0.0,0.0,1.0,0.0,0.4529227180936224,12.59285511708918,13.685393673548411
4782,191.24,0.98,1,0.374,0.202,0.033,-0.375,-0.231,1.05,1.45,1.34,0.88,0.0,0.42,0.0,0.67,0.3,0.0,0.56,0.07,0.0,0.0,1.67,0.31,0.0,1.0,0.0,1.0,1.0,0.0,1.0,0.0,0.0,1.0,0.0,0.0,0.0,0.0,0.0,0.0,0.0,1.0,0.0,0.44665035351538696,16.129786111415033,14.103191128251796
4783,191.28,0.98,1,0.364,0.215,0.038,-0.354,-0.237,1.18,1.73,1.51,1.07,0.0,0.21,0.0,0.76,0.35,0.0,0.75,0.11,0.0,0.0,1.8,0.44,0.0,1.0,0.0,1.0,1.0,0.0,1.0,0.0,0.0,1.0,0.0,1.0,0.0,0.0,0.0,0.0,0.0,1.0,0.0,0.43830842027033623,16.66433316997706,14.221462653327922
4784,191.32,0.98,1,0.382,0.211,0.034,-0.353,-0.238,1.19,1.97,1.46,0.91,0.0,0.32,0.0,0.66,0.35,0.0,0.95,0.2,0.0,0.0,1.78,0.55,0.0,1.0,0.0,1.0,1.0,0.0,1.0,0.0,0.0,1.0,0.0,1.0,0.0,0.0,0.0,0.0,0.0,1.0,0.0,0.43990337596636214,15.316984037335814,14.223923509355716
4785,191.36,0.98,1,0.392,0.222,0.039,-0.355,-0.241,1.06,2.12,1.61,0.68,0.0,0.48,0.0,0.53,0.42,0.0,1.08,0.2,0.0,0.0,1.69,0.58,0.0,1.0,1.0,1.0,1.0,0.0,1.0,0.0,0.0,1.0,0.0,1.0,0.0,0.0,0.0,0.0,0.0,1.0,0.0,0.4139698110127277,15.337535656030258,14.312581877494956
4786,191.4,0.98,1,0.389,0.246,0.044,-0.343,-0.242,0.9,2.17,1.46,0.27,0.0,0.74,0.0,0.3,0.48,0.06,0.91,0.2,0.0,0.0,1.41,0.43,0.1,1.0,1.0,1.0,1.0,0.0,1.0,0.0,0.0,1.0,0.0,1.0,0.0,0.0,0.0,0.0,0.0,1.0,0.0,0.3956388179343186,13.18976876218827,14.154857823376362
4787,191.44,0.98,1,0.34,0.282,0.054,-0.313,-0.244,0.78,2.29,1.21,0.09,0.0,0.95,0.0,0.15,0.57,0.22,0.53,0.08,0.0,0.0,1.16,0.25,0.56,1.0,1.0,1.0,0.0,0.0,1.0,0.0,0.0,1.0,1.0,0.0,0.0,0.0,0.0,0.0,0.0,1.0,0.0,0.2885397202910351,11.610340218960092,14.960280746028713
4788,191.48,0.98,1,0.246,0.38,0.076,-0.249,-0.231,0.68,2.29,0.58,0.0,0.0,0.93,0.0,0.06,0.63,0.47,0.18,0.04,0.0,0.0,1.07,0.27,1.22,1.0,1.0,1.0,0.0,0.0,1.0,0.0,0.0,1.0,1.0,0.0,0.0,0.0,0.0,0.0,0.0,0.0,1.0,0.20887699237565802,14.60547842420795,16.829141392239954
4789,191.52,0.98,1,0.137,0.381,0.061,-0.174,-0.201,0.55,2.22,0.2,0.0,0.0,0.56,0.18,0.05,0.66,0.83,0.0,0.0,0.0,0.0,1.05,0.3,1.84,1.0,1.0,0.0,0.0,0.0,1.0,0.0,0.0,1.0,1.0,0.0,0.0,0.0,0.0,0.0,0.0,0.0,1.0,0.1941224246588446,15.707959765672989,18.02054383197135
4790,191.56,0.82,1,0.089,0.393,0.061,-0.129,-0.181,0.31,1.68,0.07,0.0,0.0,0.45,0.38,0.0,0.73,0.79,0.07,0.07,0.25,0.0,1.11,0.62,2.04,0.0,1.0,0.0,0.0,0.0,1.0,0.0,0.0,1.0,1.0,0.0,0.0,0.0,0.0,1.0,0.0,0.0,1.0,0.21101547811906973,17.60113632695335,19.74360656009931
4791,191.6,0.98,1,0.0,0.399,0.063,-0.052,-0.019,0.08,0.98,0.1,0.0,0.03,0.54,0.7,0.0,0.77,0.78,0.22,0.14,0.46,0.0,0.95,0.83,2.05,0.0,1.0,0.0,0.0,0.0,1.0,0.0,0.0,1.0,1.0,0.0,0.0,0.0,0.0,1.0,0.0,0.0,1.0,0.17313712165678738,18.501081049495458,22.020445045457272
4792,191.64,0.98,1,-0.118,0.442,0.088,0.042,-0.042,0.03,0.34,0.18,0.0,0.16,1.12,0.8,0.0,0.79,0.5,0.22,0.15,0.67,0.0,1.06,1.18,1.95,0.0,0.0,0.0,0.0,1.0,1.0,0.0,0.0,1.0,1.0,0.0,0.0,0.0,0.0,1.0,0.0,0.0,1.0,0.17263679232152906,19.70025380547169,21.418916872708436
4793,191.68,0.98,1,-0.168,0.35,0.065,0.13,-0.019,0.07,0.07,0.13,0.0,0.32,1.38,0.75,0.0,0.73,0.6,0.14,0.08,0.42,0.0,1.16,1.26,1.64,0.0,0.0,0.0,0.0,1.0,1.0,0.0,0.0,1.0,1.0,0.0,0.0,0.0,0.0,1.0,0.0,0.0,1.0,0.18379337762342238,19.70634415613413,21.41494805036891
4794,191.72,0.98,1,-0.291,0.335,0.063,0.214,0.0,0.33,0.17,0.08,0.0,0.41,1.62,0.52,0.0,0.64,0.63,0.0,0.01,0.21,0.0,1.56,1.22,1.29,0.0,0.0,0.0,0.0,1.0,1.0,0.0,0.0,1.0,1.0,0.0,0.0,0.0,0.0,1.0,0.0,0.0,1.0,0.18766285892484139,18.388311504866305,22.351733713517664
4795,191.76,0.98,1,-0.322,0.324,0.061,0.269,0.028,0.48,0.31,0.0,0.0,0.33,1.48,0.24,0.0,0.65,0.62,0.0,0.0,0.0,0.0,1.88,1.16,1.04,0.0,0.0,0.0,0.0,1.0,1.0,0.0,0.0,1.0,1.0,0.0,0.0,0.0,0.0,1.0,1.0,0.0,0.0,0.21113008410244238,17.551353224181973,24.820354550247696
4796,191.8,0.98,1,-0.342,0.321,0.069,0.272,0.072,0.61,0.61,0.0,0.0,0.22,1.47,0.08,0.03,0.67,0.57,0.0,0.0,0.0,0.1,2.19,1.37,1.07,0.0,0.0,0.0,0.0,1.0,0.0,0.0,0.0,1.0,1.0,0.0,0.0,0.0,0.0,1.0,1.0,0.0,0.0,0.22471486165479276,19.262917743685573,24.512241839537985
4797,191.84,0.98,1,-0.365,0.314,0.061,0.287,0.091,0.51,0.65,0.0,0.0,0.14,1.22,0.0,0.18,0.77,0.5,0.0,0.0,0.0,0.26,2.35,1.55,1.06,0.0,0.0,0.0,0.0,1.0,0.0,0.0,0.0,1.0,1.0,0.0,0.0,0.0,0.0,1.0,1.0,0.0,0.0,0.2328134310299789,21.29835674412478,25.59863277599025
4798,191.88,0.98,1,-0.392,0.309,0.065,0.292,0.103,0.56,0.72,0.1,0.0,0.11,1.12,0.0,0.37,0.8,0.52,0.0,0.0,0.0,0.45,2.51,1.65,0.69,0.0,0.0,0.0,0.0,1.0,0.0,0.0,0.0,1.0,1.0,0.0,0.0,0.0,0.0,1.0,1.0,0.0,0.0,0.22835838276003853,20.69806754264764,25.06391828904654
4799,191.92,0.98,1,-0.402,0.297,0.065,0.302,0.11,0.62,0.64,0.1,0.0,0.13,1.02,0.0,0.58,0.79,0.63,0.0,0.0,0.0,0.54,2.66,1.55,0.38,0.0,0.0,0.0,0.0,1.0,0.0,0.0,0.0,1.0,1.0,0.0,0.0,0.0,0.0,1.0,1.0,0.0,0.0,0.23739631568517383,20.437710243566833,27.17075633838705
4800,191.96,0.98,1,-0.419,0.302,0.067,0.313,0.113,0.75,0.72,0.21,0.0,0.09,0.88,0.0,0.66,0.76,0.66,0.0,0.0,0.0,0.6,2.74,1.58,0.18,0.0,0.0,0.0,0.0,1.0,0.0,0.0,0.0,1.0,1.0,0.0,0.0,0.0,0.0,1.0,1.0,0.0,0.0,0.24750533965979438,21.045902213970358,25.612496949731455
4801,192.0,0.98,1,-0.435,0.303,0.072,0.321,0.118,0.8,0.62,0.24,0.0,0.09,0.89,0.0,0.71,0.7,0.75,0.0,0.0,0.0,0.68,2.74,1.71,0.32,1.0,0.0,0.0,0.0,1.0,0.0,0.0,0.0,1.0,1.0,0.0,0.0,0.0,0.0,1.0,1.0,0.0,0.0,0.24688320375635608,21.486972797488296,25.078476827750176
4802,192.04,0.98,1,-0.424,0.32,0.075,0.318,0.122,0.86,0.61,0.32,0.01,0.06,0.78,0.0,0.78,0.67,0.75,0.0,0.01,0.0,0.78,2.68,1.75,0.35,1.0,0.0,0.0,0.0,1.0,0.0,0.0,0.0,1.0,1.0,0.0,0.0,0.0,0.0,1.0,1.0,0.0,0.0,0.21493834138593282,21.43944961980125,25.24143419063182
4803,192.08,0.98,1,-0.44,0.287,0.061,0.313,0.125,0.85,0.56,0.39,0.01,0.06,0.81,0.0,0.77,0.49,0.82,0.0,0.19,0.0,0.95,2.35,1.82,0.35,1.0,0.0,0.0,0.0,1.0,0.0,0.0,0.0,1.0,1.0,0.0,0.0,0.0,0.0,1.0,1.0,0.0,0.0,0.2509158380743149,21.931712199461455,24.96116984438031
4804,192.12,0.98,1,-0.421,0.321,0.062,0.316,0.129,0.93,0.66,0.33,0.01,0.04,0.48,0.0,0.75,0.33,0.86,0.0,0.45,0.0,1.18,1.85,1.58,0.25,1.0,0.0,0.0,0.0,0.0,0.0,0.0,0.0,1.0,1.0,0.0,0.0,0.0,0.0,1.0,1.0,0.0,0.0,0.21212375641889092,21.359073013593072,25.102987869972793
4805,192.16,0.98,1,-0.424,0.28,0.05,0.309,0.132,0.98,0.8,0.36,0.0,0.0,0.46,0.0,0.76,0.16,0.93,0.0,0.67,0.0,1.32,1.4,1.52,0.24,1.0,0.0,0.0,0.0,0.0,0.0,0.0,0.0,1.0,1.0,0.0,0.0,0.0,0.0,1.0,1.0,0.0,0.0,0.2491767826953953,21.14426636230274,27.530528509274905
4806,192.2,0.98,1,-0.425,0.294,0.057,0.314,0.131,1.04,0.75,0.31,0.0,0.01,0.6,0.0,0.87,0.23,1.0,0.0,0.66,0.0,1.26,1.36,1.57,0.15,1.0,0.0,0.0,0.0,0.0,0.0,0.0,0.0,1.0,1.0,0.0,0.0,0.0,0.0,1.0,1.0,0.0,0.0,0.25461659347051124,21.144266362302538,26.70318333083153
4807,192.24,0.98,1,-0.42,0.292,0.061,0.313,0.127,0.86,0.63,0.35,0.0,0.12,0.91,0.0,1.02,0.38,1.06,0.0,0.48,0.0,1.03,1.79,1.82,0.43,1.0,0.0,0.0,0.0,0.0,0.0,0.0,0.0,1.0,1.0,0.0,0.0,0.0,0.0,1.0,1.0,0.0,0.0,0.24495559279081297,21.242645786248104,27.48545069668672
4808,192.28,0.98,1,-0.427,0.307,0.063,0.308,0.123,0.74,0.52,0.22,0.0,0.17,0.84,0.0,0.86,0.53,0.83,0.0,0.24,0.0,0.6,2.31,2.03,1.12,1.0,0.0,0.0,0.0,0.0,1.0,0.0,0.0,1.0,1.0,0.0,0.0,0.0,0.0,1.0,1.0,0.0,0.0,0.2276452658869284,20.304925510821217,25.27449307107861
4809,192.32,0.98,1,-0.343,0.425,0.079,0.32,0.114,0.54,0.51,0.16,0.0,0.16,0.59,0.0,0.53,0.56,0.55,0.0,0.08,0.07,0.27,2.79,2.11,2.02,0.0,0.0,0.0,0.0,0.0,1.0,0.0,0.0,1.0,1.0,0.0,0.0,0.0,0.0,1.0,1.0,0.0,1.0,0.18611306740571693,22.459073890078283,19.388914358467883
4810,192.36,0.98,1,-0.262,0.466,0.104,0.285,0.101,0.36,0.49,0.13,0.0,0.05,0.58,0.0,0.16,0.56,0.32,0.0,0.07,0.24,0.0,2.77,2.36,2.37,0.0,0.0,0.0,0.0,0.0,1.0,0.0,0.0,1.0,1.0,0.0,0.0,0.0,0.0,1.0,1.0,0.0,1.0,0.17495463302133907,19.022355269524297,17.890779748238984
4811,192.4,0.98,1,-0.201,0.456,0.084,0.201,0.088,0.12,0.26,0.3,0.0,0.0,0.89,0.02,0.01,0.52,0.37,0.0,0.13,0.24,0.0,2.51,2.42,2.08,0.0,0.0,0.0,0.0,0.0,1.0,0.0,0.0,1.0,1.0,0.0,0.0,0.0,0.0,1.0,1.0,0.0,1.0,0.16417605400772847,21.602314690791818,17.62838619953627
4812,192.44,0.98,1,-0.151,0.4,0.089,0.156,0.049,0.0,0.08,0.35,0.0,0.0,1.51,0.02,0.0,0.54,0.37,0.0,0.18,0.17,0.0,2.11,2.35,1.5,0.0,0.0,0.0,0.0,0.0,1.0,0.0,0.0,1.0,1.0,0.0,0.0,0.0,0.0,1.0,1.0,0.0,1.0,0.18067823231440944,24.951352668743095,21.500232556881798
4813,192.48,0.98,1,-0.108,0.361,0.1,0.115,0.023,0.0,0.0,0.27,0.0,0.0,1.95,0.02,0.0,0.55,0.31,0.03,0.19,0.0,0.0,1.86,2.1,0.82,0.0,0.0,0.0,0.0,0.0,1.0,0.0,0.0,1.0,1.0,0.0,0.0,0.0,0.0,1.0,1.0,0.0,1.0,0.17388117017556282,21.80206412246322,20.70217379890327
4814,192.52,0.98,1,-0.07,0.335,0.101,0.07,0.015,0.0,0.0,0.11,0.0,0.0,2.01,0.0,0.0,0.52,0.15,0.06,0.27,0.0,0.0,1.62,2.04,0.33,0.0,0.0,0.0,0.0,0.0,1.0,0.0,0.0,1.0,1.0,0.0,0.0,0.0,0.0,1.0,1.0,0.0,1.0,0.18814413688764992,21.10094784600933,20.09999999999991
4815,192.56,0.98,1,-0.055,0.356,0.107,0.035,0.011,0.0,0.0,0.0,0.0,0.0,1.62,0.0,0.0,0.38,0.05,0.06,0.36,0.02,0.0,1.38,2.1,0.0,0.0,0.0,0.0,0.0,0.0,0.0,0.0,0.0,0.0,1.0,0.0,0.0,0.0,0.0,1.0,1.0,0.0,1.0,0.1877800901228536,21.60023148024127,20.900239233080427
4816,192.6,0.98,1,-0.03,0.355,0.112,0.015,0.006,0.0,0.0,0.0,0.0,0.0,1.4,0.0,0.0,0.25,0.0,0.03,0.53,0.02,0.0,1.25,2.24,0.0,0.0,0.0,0.0,0.0,0.0,0.0,0.0,0.0,0.0,0.0,0.0,0.0,0.0,0.0,1.0,1.0,0.0,0.0,0.1985223186893907,21.803669415949187,21.602083232873767
4817,192.64,0.98,1,-0.025,0.354,0.115,0.001,0.005,0.02,0.0,0.0,0.0,0.0,1.39,0.0,0.0,0.12,0.0,0.01,0.62,0.02,0.0,1.19,2.4,0.0,0.0,0.0,0.0,0.0,0.0,0.0,0.0,0.0,0.0,0.0,0.0,0.0,0.0,0.0,1.0,1.0,0.0,0.0,0.21129206795850375,21.35275157912905,21.803669415949187
4818,192.68,0.98,1,-0.019,0.334,0.116,-0.009,0.006,0.06,0.0,0.0,0.0,0.0,1.64,0.0,0.0,0.08,0.0,0.01,0.71,0.0,0.0,1.24,2.55,0.0,0.0,0.0,0.0,0.0,0.0,0.0,0.0,0.0,0.0,0.0,0.0,0.0,0.0,0.0,1.0,1.0,0.0,0.0,0.22339897314799123,22.380795338861347,24.000208332429118
4819,192.72,0.98,1,-0.002,0.327,0.117,-0.02,0.008,0.22,0.06,0.0,0.03,0.0,1.89,0.0,0.03,0.02,0.0,0.11,0.65,0.06,0.0,1.18,2.49,0.0,0.0,0.0,0.0,0.0,0.0,0.0,0.0,0.0,0.0,0.0,0.0,0.0,0.0,0.0,1.0,1.0,0.0,0.0,0.2363039467917402,22.130521909796883,24.40081965836403
4820,192.76,0.98,1,-0.001,0.31,0.099,-0.024,-0.019,0.28,0.06,0.0,0.08,0.0,1.89,0.0,0.03,0.05,0.0,0.21,0.47,0.06,0.0,1.17,2.31,0.0,0.0,0.0,0.0,0.0,0.0,0.0,0.0,0.0,0.0,0.0,0.0,0.0,0.0,0.0,1.0,1.0,0.0,0.0,0.2723721810592546,23.45591609807658,24.600812994695836
4821,192.8,0.98,1,-0.001,0.325,0.122,-0.011,-0.026,0.24,0.06,0.0,0.08,0.0,1.8,0.0,0.03,0.09,0.0,0.21,0.44,0.06,0.0,1.08,2.22,0.0,0.0,0.0,0.0,0.0,0.0,0.0,0.0,0.0,0.0,0.0,0.0,0.0,0.0,0.0,1.0,1.0,0.0,0.0,0.25599978413007574,22.860008748904747,24.10518616397738
4822,192.84,0.98,1,0.012,0.303,0.115,-0.028,-0.006,0.16,0.0,0.0,0.07,0.0,1.69,0.0,0.05,0.11,0.0,0.31,0.35,0.08,0.0,1.01,2.21,0.0,0.0,0.0,0.0,0.0,0.0,0.0,0.0,0.0,0.0,0.0,0.0,0.0,0.0,0.0,1.0,1.0,0.0,0.0,0.2699253060928267,22.289459392277923,24.50081631293129
4823,192.88,0.98,1,0.004,0.297,0.095,-0.02,-0.031,0.15,0.0,0.0,0.02,0.0,1.78,0.0,0.05,0.09,0.0,0.33,0.49,0.08,0.0,0.94,2.31,0.0,0.0,0.0,0.0,0.0,0.0,0.0,0.0,0.0,0.0,0.0,0.0,0.0,0.0,0.0,1.0,1.0,0.0,0.0,0.2735842490895776,22.26432123375865,24.61300469264156
4824,192.92,0.98,1,0.007,0.297,0.108,-0.029,-0.009,0.33,0.01,0.0,0.02,0.0,1.93,0.0,0.05,0.07,0.0,0.43,0.44,0.08,0.0,0.85,2.2,0.0,0.0,0.0,0.0,0.0,0.0,0.0,0.0,0.0,0.0,0.0,0.0,0.0,0.0,0.0,1.0,1.0,0.0,0.0,0.2679582033833141,22.276669409945608,24.503265088555036
4825,192.96,0.98,1,0.006,0.314,0.1,-0.015,-0.024,0.25,0.01,0.0,0.0,0.0,1.82,0.0,0.12,0.09,0.0,0.36,0.53,0.06,0.0,0.63,2.17,0.0,0.0,0.0,0.0,0.0,0.0,0.0,0.0,0.0,0.0,0.0,0.0,0.0,0.0,0.0,1.0,1.0,0.0,0.0,0.2297716672077751,22.153103620034827,24.90321264415506
4826,193.0,0.98,1,-0.004,0.308,0.087,-0.028,-0.017,0.31,0.05,0.0,0.0,0.0,1.88,0.0,0.16,0.08,0.0,0.38,0.52,0.06,0.0,0.45,1.93,0.0,0.0,0.0,0.0,0.0,0.0,0.0,0.0,0.0,0.0,0.0,0.0,0.0,0.0,0.0,1.0,1.0,0.0,0.0,0.24919910820904473,22.67355287554202,26.0
4827,193.04,0.98,1,0.003,0.297,0.099,-0.014,-0.037,0.13,0.03,0.0,0.0,0.0,1.78,0.0,0.23,0.1,0.0,0.38,0.63,0.06,0.02,0.27,1.71,0.0,0.0,0.0,0.0,0.0,0.0,0.0,0.0,0.0,0.0,0.0,0.0,0.0,0.0,0.0,1.0,1.0,0.0,0.0,0.2537662710423396,22.726416347501853,25.199999999999818
4828,193.08,0.98,1,-0.004,0.308,0.085,-0.025,-0.031,0.28,0.03,0.0,0.0,0.0,1.84,0.0,0.21,0.1,0.0,0.44,0.67,0.06,0.02,0.3,1.54,0.0,0.0,0.0,0.0,0.0,0.0,0.0,0.0,0.0,0.0,0.0,0.0,0.0,0.0,0.0,1.0,1.0,0.0,0.0,0.2439037946103569,22.78530228019799,25.203174403237426
4829,193.12,0.98,1,0.008,0.31,0.104,-0.02,-0.045,0.15,0.0,0.0,0.0,0.0,1.79,0.0,0.32,0.17,0.0,0.44,0.82,0.09,0.02,0.24,1.47,0.0,0.0,0.0,0.0,0.0,0.0,0.0,0.0,0.0,0.0,0.0,0.0,0.0,0.0,0.0,1.0,1.0,0.0,0.0,0.2527058615444896,22.31636171063747,24.207436873820452
4830,193.16,0.98,1,0.032,0.329,0.083,-0.031,-0.037,0.26,0.0,0.0,0.0,0.0,1.75,0.0,0.34,0.27,0.02,0.41,0.63,0.09,0.0,0.45,1.38,0.4,0.0,0.0,0.0,0.0,0.0,0.0,0.0,0.0,0.0,0.0,0.0,0.0,0.0,0.0,0.0,1.0,0.0,0.0,0.2222973518322112,20.25487595617402,21.96588263648888
4831,193.2,0.98,1,0.048,0.364,0.059,-0.045,-0.064,0.25,0.0,0.0,0.0,0.0,1.35,0.0,0.5,0.48,0.08,0.35,0.41,0.04,0.0,0.71,1.13,1.05,0.0,0.0,0.0,0.0,0.0,0.0,0.0,0.0,0.0,1.0,0.0,0.0,0.0,0.0,0.0,0.0,0.0,1.0,0.20676509819143446,18.206866836443925,22.357325421436215
4832,193.24,0.98,1,0.069,0.4,0.057,-0.094,-0.078,0.25,0.0,0.0,0.0,0.0,0.98,0.0,0.64,0.66,0.22,0.26,0.24,0.0,0.0,0.86,0.81,1.51,0.0,0.0,0.0,0.0,0.0,0.0,0.0,0.0,1.0,1.0,0.0,0.0,0.0,0.0,0.0,0.0,0.0,1.0,0.1702281404278236,18.253766734567233,23.753947040439545
4833,193.28,0.98,1,0.096,0.396,0.045,-0.106,-0.093,0.14,0.0,0.0,0.0,0.0,0.99,0.0,0.86,0.71,0.32,0.18,0.48,0.0,0.0,0.8,0.7,1.24,0.0,0.0,0.0,0.0,0.0,0.0,0.0,0.0,1.0,1.0,0.0,0.0,0.0,0.0,0.0,0.0,0.0,1.0,0.16580781844129705,17.404597093871356,22.726416347501853
4834,193.32,0.98,1,0.165,0.337,0.051,-0.155,-0.107,0.0,0.0,0.0,0.0,0.0,1.33,0.07,0.89,0.67,0.26,0.1,0.75,0.0,0.0,0.71,0.61,0.59,0.0,0.0,0.0,0.0,0.0,1.0,0.0,0.0,1.0,1.0,0.0,0.0,0.0,0.0,0.0,0.0,0.0,1.0,0.2116650248129575,19.266551326067482,18.873261509341646
4835,193.36,0.98,1,0.25,0.29,0.066,-0.182,-0.123,0.0,0.0,0.0,0.0,0.0,1.82,0.1,0.92,0.57,0.15,0.18,0.9,0.0,0.0,0.83,0.51,0.13,0.0,0.0,0.0,0.0,0.0,1.0,0.0,0.0,1.0,0.0,0.0,0.0,0.0,0.0,0.0,0.0,0.0,0.0,0.23070177759121707,21.67233259250148,17.886866690396065
4836,193.4,0.98,1,0.296,0.301,0.062,-0.23,-0.129,0.0,0.0,0.0,0.0,0.0,1.92,0.1,1.04,0.58,0.08,0.33,0.88,0.0,0.0,0.95,0.3,0.0,0.0,0.0,0.0,0.0,0.0,1.0,0.0,0.0,1.0,0.0,0.0,0.0,0.0,0.0,0.0,0.0,0.0,0.0,0.24563966716855684,21.574522010927744,15.695222202950763
4837,193.44,0.98,1,0.328,0.31,0.067,-0.254,-0.136,0.0,0.0,0.0,0.0,0.0,1.92,0.08,1.07,0.6,0.08,0.5,0.89,0.0,0.0,1.02,0.24,0.0,0.0,0.0,0.0,0.0,0.0,1.0,0.0,0.0,1.0,0.0,0.0,0.0,0.0,0.0,0.0,0.0,0.0,0.0,0.2617144027327577,20.30024630392453,16.056151469140968
4838,193.48,0.98,1,0.345,0.298,0.068,-0.28,-0.141,0.0,0.0,0.0,0.0,0.0,1.87,0.07,1.06,0.63,0.09,0.51,0.85,0.0,0.0,1.0,0.3,0.0,0.0,0.0,0.0,0.0,0.0,1.0,0.0,0.0,1.0,0.0,0.0,0.0,0.0,0.0,0.0,0.0,0.0,0.0,0.2830530955808541,19.331321734428634,15.052574530624508
4839,193.52,0.98,1,0.338,0.288,0.063,-0.281,-0.147,0.0,0.0,0.0,0.0,0.0,1.68,0.07,0.94,0.56,0.04,0.57,0.8,0.0,0.0,0.97,0.4,0.0,0.0,0.0,0.0,1.0,0.0,1.0,0.0,0.0,1.0,0.0,0.0,0.0,0.0,0.0,0.0,0.0,0.0,0.0,0.2920712320540227,19.918082237002668,15.686937240901996
4840,193.56,0.98,1,0.33,0.246,0.037,-0.289,-0.156,0.0,0.14,0.0,0.0,0.0,1.45,0.02,0.97,0.46,0.04,0.65,0.9,0.0,0.0,0.89,0.51,0.0,0.0,0.0,0.0,1.0,0.0,1.0,0.0,0.0,1.0,0.0,0.0,0.0,0.0,0.0,0.0,0.0,0.0,0.0,0.34291294719720433,19.204426573058708,16.50757401921919
4841,193.6,0.98,1,0.318,0.239,0.042,-0.285,-0.159,0.0,0.14,0.0,0.02,0.0,1.05,0.0,0.96,0.4,0.0,0.78,0.94,0.0,0.0,0.87,0.62,0.0,0.0,0.0,0.0,1.0,0.0,1.0,0.0,0.0,1.0,0.0,0.0,0.0,0.0,0.0,0.0,0.0,0.0,0.0,0.3089498626926681,19.41803285608508,15.936436239009115
4842,193.64,0.98,1,0.347,0.225,0.045,-0.308,-0.163,0.07,0.15,0.0,0.09,0.0,0.89,0.0,0.92,0.41,0.0,0.93,1.02,0.0,0.02,0.74,0.66,0.0,1.0,0.0,1.0,1.0,0.0,1.0,0.0,0.0,1.0,0.0,0.0,0.0,0.0,0.0,0.0,0.0,0.0,0.0,0.3807775560558585,18.314202139323452,15.05722417977505
4843,193.68,0.98,1,0.243,0.214,0.027,-0.286,-0.171,0.26,0.01,0.06,0.27,0.0,0.98,0.0,0.84,0.44,0.0,1.12,0.95,0.0,0.02,0.73,0.57,0.0,1.0,0.0,1.0,1.0,0.0,1.0,0.0,0.0,1.0,0.0,0.0,0.0,0.0,0.0,0.0,0.0,0.0,0.0,0.3474083400535096,13.601470508735444,18.775782273982585
4844,193.72,0.98,1,0.334,0.235,0.053,-0.309,-0.168,0.45,0.26,0.24,0.43,0.0,1.06,0.0,0.77,0.46,0.0,1.19,0.92,0.0,0.02,0.7,0.49,0.0,1.0,0.0,1.0,1.0,0.0,1.0,0.0,0.0,1.0,0.0,0.0,0.0,0.0,0.0,0.0,0.0,0.0,0.0,0.3741143565923482,17.87316424139844,15.660459763365825
4845,193.76,0.98,1,0.239,0.262,0.038,-0.295,-0.177,0.42,0.59,0.39,0.36,0.0,1.12,0.0,0.83,0.56,0.19,1.04,0.87,0.0,0.0,0.85,0.54,0.0,0.0,0.0,1.0,1.0,0.0,1.0,0.0,0.0,1.0,0.0,0.0,0.0,0.0,0.0,0.0,0.0,0.0,0.0,0.3215932647077674,10.344563789740088,15.754364474646547
4846,193.8,0.98,1,0.258,0.318,0.048,-0.319,-0.155,0.26,0.88,0.33,0.18,0.0,0.78,0.0,0.65,0.62,0.26,0.65,0.63,0.0,0.0,1.03,0.5,0.33,0.0,0.0,1.0,1.0,0.0,1.0,0.0,0.0,1.0,0.0,0.0,0.0,0.0,0.0,0.0,0.0,0.0,0.0,0.2636160179587515,15.515798400340213,17.487424052730013
4847,193.84,0.98,1,0.228,0.345,0.023,-0.294,-0.158,0.11,0.81,0.15,0.0,0.0,0.7,0.0,0.59,0.69,0.39,0.39,0.61,0.0,0.0,1.11,0.52,0.79,0.0,0.0,0.0,1.0,0.0,1.0,0.0,0.0,1.0,1.0,0.0,0.0,0.0,0.0,0.0,0.0,0.0,0.0,0.22041013315739888,12.010412149464313,19.47434209415037
4848,193.88,0.98,1,0.136,0.369,0.062,-0.233,-0.122,0.06,0.46,0.0,0.0,0.0,0.89,0.03,0.41,0.71,0.31,0.18,0.57,0.0,0.0,1.17,0.49,1.07,0.0,0.0,0.0,0.0,0.0,1.0,0.0,0.0,1.0,1.0,0.0,0.0,0.0,0.0,0.0,0.0,0.0,1.0,0.18259986497449415,13.118688958886237,20.04445060359605
4849,193.92,0.98,1,0.109,0.336,0.074,-0.209,-0.105,0.04,0.17,0.0,0.0,0.0,1.5,0.1,0.61,0.74,0.4,0.12,0.72,0.0,0.0,1.03,0.66,0.91,0.0,0.0,0.0,0.0,0.0,1.0,0.0,0.0,1.0,1.0,0.0,0.0,0.0,0.0,0.0,0.0,0.0,1.0,0.1938398561950159,13.729530217746024,20.223748416156685
4850,193.96,0.98,1,0.106,0.337,0.087,-0.183,-0.094,0.0,0.0,0.0,0.0,0.0,2.09,0.11,0.59,0.71,0.39,0.05,0.59,0.0,0.0,0.92,0.75,0.44,0.0,0.0,0.0,0.0,0.0,1.0,0.0,0.0,1.0,1.0,0.0,0.0,0.0,0.0,0.0,0.0,0.0,1.0,0.20050832463053547,16.819036833302864,18.18680840609479
4851,194.0,0.98,1,0.075,0.329,0.087,-0.153,-0.081,0.0,0.0,0.0,0.0,0.0,2.04,0.08,0.59,0.69,0.36,0.05,0.51,0.0,0.0,0.81,0.73,0.17,0.0,0.0,0.0,0.0,0.0,1.0,0.0,0.0,1.0,1.0,0.0,0.0,0.0,0.0,0.0,0.0,0.0,0.0,0.21871502290928135,18.170580618131194,19.80126258600703
4852,194.04,0.98,1,0.061,0.325,0.09,-0.136,-0.074,0.0,0.0,0.0,0.0,0.0,1.94,0.01,0.5,0.66,0.21,0.0,0.41,0.0,0.0,0.8,0.7,0.0,0.0,0.0,0.0,0.0,0.0,1.0,0.0,0.0,1.0,1.0,0.0,0.0,0.0,0.0,0.0,0.0,0.0,0.0,0.24293206502288467,18.587361297397752,20.47071078394677
4853,194.08,0.98,1,0.054,0.314,0.088,-0.119,-0.073,0.0,0.0,0.0,0.0,0.0,1.9,0.0,0.47,0.71,0.15,0.0,0.3,0.0,0.0,0.79,0.64,0.0,0.0,0.0,0.0,0.0,0.0,1.0,0.0,0.0,1.0,1.0,0.0,0.0,0.0,0.0,0.0,0.0,0.0,0.0,0.24997299189080108,17.713271860387533,21.06086417980041
4854,194.12,0.98,1,0.04,0.301,0.083,-0.098,-0.071,0.0,0.0,0.0,0.0,0.0,2.08,0.0,0.46,0.73,0.16,0.0,0.15,0.0,0.0,0.7,0.58,0.0,0.0,0.0,0.0,0.0,0.0,1.0,0.0,0.0,1.0,1.0,0.0,0.0,0.0,0.0,0.0,0.0,0.0,0.0,0.2657392214110672,20.92677710494375,21.345959805077822
4855,194.16,0.98,1,0.032,0.31,0.079,-0.078,-0.071,0.0,0.0,0.0,0.0,0.0,2.15,0.0,0.37,0.72,0.25,0.0,0.0,0.0,0.0,0.71,0.54,0.0,0.0,0.0,0.0,0.0,0.0,1.0,0.0,0.0,1.0,1.0,0.0,0.0,0.0,0.0,0.0,0.0,0.0,0.0,0.25050426108365,21.633538776631063,21.8387270691313
4856,194.2,0.98,1,0.02,0.316,0.077,-0.067,-0.067,0.0,0.0,0.0,0.0,0.0,2.03,0.0,0.36,0.71,0.31,0.02,0.0,0.0,0.0,0.74,0.56,0.0,0.0,0.0,0.0,0.0,0.0,1.0,0.0,0.0,1.0,1.0,0.0,0.0,0.0,0.0,0.0,0.0,0.0,0.0,0.23874309574042513,22.00045454075878,22.318154045529795
4857,194.24,0.98,1,0.015,0.316,0.076,-0.061,-0.062,0.0,0.0,0.0,0.0,0.0,1.93,0.0,0.31,0.69,0.28,0.03,0.0,0.0,0.0,0.77,0.66,0.0,0.0,0.0,0.0,0.0,0.0,1.0,0.0,0.0,1.0,1.0,0.0,0.0,0.0,0.0,0.0,0.0,0.0,0.0,0.23433745585898472,22.031114361284676,22.90087334579195
4858,194.28,0.98,1,0.008,0.308,0.073,-0.053,-0.059,0.0,0.0,0.0,0.0,0.0,1.89,0.0,0.35,0.72,0.2,0.03,0.02,0.0,0.0,0.69,0.74,0.0,0.0,0.0,0.0,0.0,0.0,1.0,0.0,0.0,1.0,1.0,0.0,0.0,0.0,0.0,0.0,0.0,0.0,0.0,0.23870977785139735,22.240953216982316,23.60021186345594
4859,194.32,0.98,1,0.01,0.306,0.069,-0.048,-0.053,0.0,0.0,0.0,0.0,0.0,1.78,0.0,0.35,0.72,0.11,0.01,0.02,0.0,0.0,0.69,0.74,0.0,0.0,0.0,0.0,0.0,0.0,1.0,0.0,0.0,1.0,1.0,0.0,0.0,0.0,0.0,1.0,0.0,0.0,0.0,0.24104057112121993,21.50279051658188,23.800210083106364
4860,194.36,0.98,1,0.021,0.298,0.069,-0.035,-0.056,0.0,0.0,0.0,0.04,0.0,1.91,0.0,0.31,0.78,0.12,0.0,0.02,0.0,0.0,0.74,0.76,0.0,0.0,0.0,0.0,0.0,0.0,1.0,0.0,0.0,1.0,1.0,0.0,0.0,0.0,0.0,1.0,0.0,0.0,0.0,0.2346260798573387,21.592822881689184,23.90334704596836
4861,194.4,0.98,1,0.03,0.303,0.073,-0.037,-0.056,0.0,0.0,0.0,0.05,0.0,1.99,0.0,0.28,0.85,0.25,0.0,0.0,0.0,0.0,0.86,0.77,0.0,0.0,0.0,0.0,0.0,0.0,1.0,0.0,0.0,1.0,1.0,0.0,0.0,0.0,0.0,1.0,0.0,0.0,0.0,0.23172523740941087,21.284971223846938,24.200826432169443
4862,194.44,0.98,1,0.024,0.301,0.069,-0.031,-0.057,0.0,0.0,0.0,0.19,0.0,2.2,0.03,0.29,0.93,0.38,0.0,0.0,0.0,0.0,0.89,0.8,0.0,0.0,0.0,0.0,0.0,0.0,1.0,0.0,0.0,1.0,1.0,0.0,0.0,0.0,0.0,1.0,0.0,0.0,0.0,0.23576753827299524,21.38457387931795,24.20082643216967
4863,194.48,0.98,1,-0.006,0.298,0.072,-0.027,-0.059,0.0,0.0,0.0,0.15,0.0,2.18,0.03,0.35,1.01,0.48,0.0,0.0,0.0,0.0,0.89,0.68,0.0,0.0,0.0,0.0,0.0,0.0,1.0,0.0,0.0,1.0,1.0,0.0,0.0,0.0,0.0,1.0,0.0,0.0,0.0,0.23162011829194074,21.951309755912153,22.800219297190935
4864,194.52,0.98,1,-0.002,0.287,0.067,-0.026,-0.058,0.0,0.0,0.0,0.14,0.0,2.33,0.03,0.34,1.07,0.54,0.0,0.0,0.0,0.0,0.93,0.63,0.0,0.0,0.0,0.0,0.0,0.0,1.0,0.0,0.0,1.0,1.0,0.0,0.0,0.0,0.0,1.0,0.0,0.0,0.0,0.23506522936995167,22.065584062063703,23.101947969814056
4865,194.56,0.98,1,-0.005,0.308,0.079,-0.025,-0.057,0.0,0.0,0.0,0.07,0.0,2.17,0.0,0.3,1.13,0.54,0.0,0.0,0.0,0.0,0.99,0.65,0.0,0.0,0.0,0.0,0.0,0.0,1.0,0.0,0.0,1.0,1.0,0.0,0.0,0.0,0.0,1.0,0.0,0.0,0.0,0.22681323950589788,22.34390297150428,22.701982292302183
4866,194.6,0.98,1,-0.01,0.289,0.067,-0.023,-0.054,0.0,0.0,0.0,0.07,0.0,2.09,0.0,0.32,1.2,0.6,0.0,0.0,0.0,0.0,1.12,0.74,0.0,0.0,0.0,0.0,0.0,1.0,1.0,0.0,0.0,1.0,1.0,0.0,0.0,0.0,0.0,1.0,0.0,0.0,0.0,0.23073701677636382,22.044500447957535,23.201939574096
4867,194.64,0.98,1,-0.015,0.294,0.075,-0.021,-0.057,0.0,0.0,0.0,0.1,0.04,2.01,0.0,0.41,1.25,0.64,0.0,0.0,0.0,0.0,1.2,0.7,0.0,0.0,0.0,0.0,0.0,1.0,1.0,0.0,0.0,1.0,1.0,0.0,0.0,0.0,0.0,1.0,0.0,0.0,0.0,0.23350302562865977,21.932852071721182,23.200862052949713
4868,194.68,0.98,1,-0.007,0.281,0.066,-0.02,-0.061,0.0,0.0,0.0,0.06,0.11,2.23,0.01,0.41,1.33,0.65,0.0,0.0,0.0,0.0,1.48,0.72,0.0,0.0,0.0,0.0,0.0,1.0,1.0,0.0,0.0,1.0,1.0,0.0,0.0,0.0,0.0,1.0,0.0,0.0,0.0,0.2322952659825231,22.250617968946436,23.90000000000009
4869,194.72,0.98,1,-0.006,0.298,0.079,-0.023,-0.051,0.0,0.0,0.0,0.06,0.18,2.42,0.01,0.49,1.42,0.7,0.0,0.0,0.0,0.0,1.58,0.66,0.0,0.0,0.0,0.0,0.0,1.0,1.0,0.0,0.0,1.0,1.0,0.0,0.0,0.0,0.0,1.0,0.0,0.0,0.0,0.23154941584533612,23.025420734483966,23.200215516240405
4870,194.76,0.98,1,-0.013,0.286,0.064,-0.019,-0.06,0.02,0.0,0.0,0.17,0.25,2.8,0.09,0.36,1.49,0.73,0.0,0.0,0.0,0.0,1.79,0.75,0.0,0.0,0.0,0.0,0.0,1.0,1.0,0.0,0.0,1.0,1.0,0.0,0.0,0.0,0.0,1.0,0.0,0.0,0.0,0.21455860265201027,22.364704335179532,23.703375287076778
4871,194.8,0.98,1,0.002,0.295,0.085,-0.018,-0.054,0.02,0.0,0.0,0.14,0.3,2.63,0.08,0.59,1.57,0.77,0.0,0.02,0.0,0.0,1.71,0.74,0.0,0.0,0.0,0.0,0.0,1.0,1.0,0.0,0.0,1.0,1.0,0.0,0.0,0.0,0.0,1.0,0.0,0.0,0.0,0.22429631223235208,22.607299706068385,23.700210969524964
4872,194.84,0.98,1,-0.012,0.278,0.064,-0.028,-0.039,0.05,0.0,0.0,0.14,0.35,2.63,0.09,0.65,1.64,0.66,0.0,0.02,0.0,0.0,1.81,0.82,0.0,0.0,0.0,0.0,0.0,1.0,1.0,0.0,0.0,1.0,1.0,0.0,0.0,0.0,0.0,1.0,0.0,0.0,0.0,0.21564899699258552,22.443707358634047,23.200862052949713
4873,194.88,0.98,1,-0.013,0.283,0.067,-0.025,-0.056,0.03,0.0,0.0,0.12,0.37,2.39,0.01,0.83,1.73,0.77,0.0,0.02,0.0,0.0,1.77,0.79,0.0,0.0,0.0,0.0,0.0,1.0,1.0,0.0,0.0,1.0,1.0,0.0,0.0,0.0,0.0,1.0,0.0,0.0,0.0,0.21772442669327846,22.47220505424432,23.600000000000136
4874,194.92,0.98,1,-0.004,0.283,0.069,-0.021,-0.065,0.06,0.0,0.0,0.12,0.44,2.7,0.03,0.77,1.79,0.85,0.0,0.0,0.0,0.0,1.91,0.76,0.0,0.0,0.0,0.0,0.0,1.0,1.0,0.0,1.0,1.0,1.0,0.0,0.0,0.0,0.0,1.0,0.0,0.0,0.0,0.22391937228568198,21.973848092676082,24.000833318866242
4875,194.96,0.98,1,-0.001,0.279,0.067,-0.017,-0.054,0.03,0.0,0.0,0.12,0.45,2.67,0.01,0.77,1.84,0.88,0.0,0.07,0.0,0.0,2.05,0.81,0.0,0.0,0.0,0.0,0.0,1.0,1.0,0.0,1.0,1.0,1.0,0.0,0.0,0.0,0.0,1.0,0.0,0.0,0.0,0.22625701936147827,22.73785390048951,23.007824755939012
4876,195.0,0.98,1,-0.012,0.298,0.083,-0.029,-0.031,0.03,0.0,0.0,0.05,0.47,2.65,0.01,0.88,1.9,0.85,0.0,0.07,0.0,0.0,2.13,0.83,0.0,0.0,0.0,0.0,0.0,1.0,1.0,0.0,1.0,1.0,1.0,0.0,0.0,0.0,0.0,1.0,0.0,0.0,0.0,0.21349778009961776,22.272853431924744,22.907858913482162
4877,195.04,0.98,1,-0.003,0.282,0.057,-0.026,-0.055,0.0,0.0,0.0,0.05,0.52,2.29,0.06,0.93,1.94,0.8,0.0,0.07,0.0,0.0,2.16,0.83,0.0,0.0,0.0,0.0,0.0,1.0,1.0,0.0,1.0,1.0,1.0,0.0,0.0,0.0,0.0,1.0,0.0,0.0,0.0,0.21040933979787838,21.745114393812738,23.100000000000136
4878,195.08,0.98,1,-0.002,0.29,0.067,-0.015,-0.054,0.0,0.0,0.0,0.05,0.52,2.23,0.07,0.91,1.94,0.79,0.0,0.07,0.0,0.0,2.19,0.82,0.0,0.0,0.0,0.0,0.0,1.0,1.0,0.0,1.0,1.0,1.0,0.0,0.0,0.0,0.0,1.0,0.0,0.0,0.0,0.20787382714307445,22.17318199988437,22.803508501982712
4879,195.12,0.98,1,-0.011,0.303,0.086,-0.025,-0.034,0.0,0.0,0.0,0.02,0.52,2.21,0.07,0.96,1.98,0.78,0.0,0.07,0.0,0.0,2.23,0.86,0.0,0.0,0.0,0.0,0.0,1.0,1.0,0.0,1.0,1.0,1.0,0.0,0.0,0.0,0.0,1.0,0.0,0.0,0.0,0.2118149265656157,22.450167037240593,22.80789337049781
4880,195.16,0.98,1,-0.002,0.282,0.058,-0.024,-0.053,0.04,0.0,0.0,0.02,0.52,2.38,0.09,1.0,2.03,0.8,0.0,0.07,0.0,0.0,2.27,0.9,0.0,0.0,0.0,0.0,0.0,1.0,1.0,0.0,1.0,1.0,1.0,0.0,0.0,0.0,0.0,1.0,0.0,0.0,0.0,0.21114640200285179,22.250617968946436,23.199999999999818
4881,195.2,0.98,1,-0.004,0.29,0.073,-0.013,-0.05,0.04,0.0,0.0,0.02,0.54,2.33,0.1,1.01,2.07,0.79,0.0,0.07,0.0,0.0,2.27,0.92,0.0,0.0,0.0,0.0,0.0,1.0,1.0,0.0,1.0,1.0,1.0,0.0,0.0,0.0,0.0,1.0,0.0,0.0,0.0,0.21816976758801612,21.97384809267607,23.403418553707155
4882,195.24,0.98,1,-0.012,0.286,0.085,-0.022,-0.032,0.04,0.0,0.0,0.1,0.61,2.18,0.14,0.97,2.11,0.76,0.0,0.07,0.0,0.0,2.24,0.83,0.0,0.0,0.0,0.0,0.0,1.0,1.0,0.0,1.0,1.0,1.0,0.0,0.0,0.0,0.0,1.0,0.0,0.0,0.0,0.21811225294936445,22.065584062063703,22.71409254185586
4883,195.28,0.98,1,-0.003,0.275,0.058,-0.028,-0.048,0.02,0.0,0.0,0.2,0.64,2.14,0.14,0.94,2.13,0.79,0.0,0.07,0.0,0.0,2.28,0.78,0.0,0.0,0.0,0.0,0.0,1.0,1.0,0.0,1.0,1.0,1.0,0.0,0.0,0.0,0.0,1.0,0.0,0.0,0.0,0.22031972932828964,22.165288177688918,23.100865784641194
4884,195.32,0.98,1,0.003,0.286,0.075,-0.016,-0.046,0.02,0.0,0.0,0.2,0.58,2.01,0.18,0.99,2.14,0.88,0.0,0.0,0.0,0.0,2.29,0.75,0.58,0.0,0.0,0.0,0.0,1.0,1.0,0.0,1.0,1.0,1.0,0.0,0.0,0.0,0.0,1.0,0.0,0.0,0.0,0.2184603625420094,21.339634486091796,22.913969538253163
4885,195.36,0.98,1,0.0,0.32,0.075,-0.03,-0.027,0.16,0.0,0.0,0.1,0.45,1.4,0.15,1.1,2.2,1.06,0.0,0.0,0.0,0.0,2.46,0.68,1.4,0.0,0.0,0.0,0.0,1.0,1.0,0.0,1.0,1.0,1.0,0.0,0.0,0.0,0.0,1.0,0.0,0.0,1.0,0.1901942133034657,20.70386437358982,20.03596765818911
4886,195.4,0.98,1,-0.008,0.434,0.067,-0.041,-0.049,0.28,0.06,0.0,0.0,0.36,1.11,0.06,1.21,2.2,1.27,0.0,0.0,0.0,0.0,2.45,0.52,2.12,0.0,0.0,0.0,0.0,1.0,1.0,1.0,1.0,1.0,1.0,0.0,0.0,0.0,0.0,1.0,0.0,0.0,1.0,0.15182444334431155,17.129214809792206,22.457070156188983
4887,195.44,0.98,1,0.026,0.395,0.045,-0.03,-0.054,0.42,0.06,0.0,0.0,0.51,1.5,0.13,1.24,2.21,1.32,0.0,0.0,0.0,0.0,2.45,0.42,1.87,0.0,0.0,0.0,0.0,1.0,1.0,1.0,1.0,1.0,1.0,0.0,0.0,0.0,0.0,1.0,0.0,0.0,1.0,0.15560572593343736,18.046883387443934,21.751781536232887
4888,195.48,0.98,1,-0.022,0.316,0.064,-0.01,-0.052,0.29,0.06,0.0,0.0,0.68,2.32,0.19,1.08,2.12,1.18,0.0,0.04,0.0,0.0,2.33,0.45,1.27,0.0,0.0,0.0,0.0,1.0,1.0,1.0,1.0,1.0,1.0,0.0,0.0,0.0,0.0,1.0,0.0,0.0,1.0,0.16420289848534525,18.90238080242813,19.836330305779803
4889,195.52,0.98,1,-0.013,0.325,0.072,-0.026,-0.03,0.14,0.0,0.0,0.0,0.79,2.81,0.25,1.01,2.09,0.94,0.0,0.05,0.0,0.0,2.33,0.63,0.66,0.0,0.0,0.0,0.0,1.0,1.0,1.0,1.0,1.0,1.0,0.0,0.0,0.0,0.0,1.0,0.0,0.0,1.0,0.15026307741496459,16.9002958553986,18.23951753747894
4890,195.56,0.98,1,-0.021,0.319,0.075,-0.015,-0.041,0.0,0.0,0.0,0.02,0.76,2.73,0.18,0.96,2.04,0.91,0.0,0.15,0.0,0.0,2.32,0.74,0.33,0.0,0.0,0.0,0.0,1.0,1.0,1.0,1.0,1.0,1.0,0.0,0.0,0.0,0.0,1.0,0.0,0.0,0.0,0.169662994512097,17.913681921927587,19.20937271229859
4891,195.6,0.98,1,-0.004,0.307,0.089,-0.024,-0.026,0.0,0.0,0.0,0.02,0.67,2.6,0.12,1.08,2.01,0.94,0.0,0.15,0.02,0.0,2.28,0.75,0.11,0.0,0.0,0.0,0.0,1.0,1.0,1.0,1.0,1.0,1.0,0.0,0.0,0.0,0.0,1.0,0.0,0.0,0.0,0.17645404854980834,19.901004999748217,19.909043171383292
4892,195.64,0.98,1,0.003,0.292,0.058,-0.024,-0.048,0.03,0.0,0.0,0.02,0.63,2.57,0.16,1.07,1.96,0.96,0.0,0.14,0.02,0.0,2.33,0.78,0.0,0.0,0.0,0.0,0.0,1.0,1.0,1.0,1.0,1.0,1.0,0.0,0.0,0.0,0.0,1.0,0.0,0.0,0.0,0.17713533922460767,20.806008747475033,19.80227259685128
4893,195.68,0.98,1,0.007,0.291,0.08,-0.012,-0.047,0.03,0.0,0.0,0.13,0.6,2.62,0.15,1.06,1.95,0.83,0.0,0.06,0.02,0.0,2.37,0.81,0.0,0.0,0.0,0.0,0.0,1.0,1.0,1.0,1.0,1.0,1.0,0.0,0.0,0.0,0.0,1.0,0.0,0.0,0.0,0.20646783629133814,19.209372712298592,20.806008747474806
4894,195.72,0.98,1,0.001,0.281,0.071,-0.023,-0.024,0.03,0.0,0.0,0.13,0.61,2.46,0.18,0.93,1.94,0.65,0.0,0.02,0.0,0.0,2.43,0.88,0.0,0.0,0.0,0.0,0.0,1.0,1.0,1.0,1.0,1.0,1.0,0.0,0.0,0.0,0.0,1.0,0.0,0.0,0.0,0.20118507867170102,20.14199592890428,21.50581316760657
4895,195.76,0.98,1,-0.003,0.281,0.07,-0.015,-0.038,0.0,0.0,0.0,0.21,0.54,2.54,0.15,0.84,1.9,0.54,0.0,0.07,0.0,0.0,2.37,1.02,0.0,0.0,0.0,0.0,0.0,1.0,1.0,1.0,1.0,1.0,1.0,0.0,0.0,0.0,0.0,1.0,0.0,0.0,0.0,0.20489260980760216,20.12486024796188,22.11447489767722
4896,195.8,0.98,1,-0.005,0.295,0.087,-0.028,-0.026,0.0,0.0,0.0,0.2,0.61,2.57,0.16,1.0,1.95,0.69,0.0,0.06,0.0,0.0,2.28,0.95,0.0,0.0,0.0,0.0,0.0,1.0,1.0,1.0,1.0,1.0,1.0,0.0,0.0,0.0,0.0,1.0,0.0,0.0,0.0,0.20961312733973994,20.619650821485706,22.0111335464578
4897,195.84,0.98,1,0.002,0.276,0.056,-0.025,-0.048,0.0,0.0,0.0,0.24,0.66,2.89,0.21,1.06,1.94,0.74,0.0,0.06,0.0,0.0,2.33,0.93,0.0,0.0,0.0,0.0,0.0,1.0,1.0,1.0,1.0,1.0,1.0,0.0,0.0,0.0,0.0,1.0,0.0,0.0,0.0,0.2003546721416668,21.51139233057684,22.011133546457803
4898,195.88,0.98,1,0.005,0.285,0.076,-0.01,-0.047,0.0,0.0,0.0,0.16,0.66,2.73,0.17,1.06,1.93,0.69,0.0,0.03,0.0,0.0,2.41,0.82,0.0,0.0,0.0,0.0,0.0,1.0,1.0,1.0,1.0,1.0,1.0,0.0,0.0,0.0,0.0,1.0,0.0,0.0,0.0,0.20561917292125897,21.428252378577078,22.607963198837844
4899,195.92,0.98,1,-0.007,0.299,0.085,-0.021,-0.028,0.0,0.0,0.0,0.04,0.63,2.58,0.19,1.05,1.92,0.71,0.0,0.03,0.0,0.0,2.47,0.76,0.0,0.0,0.0,0.0,0.0,1.0,1.0,1.0,1.0,1.0,1.0,0.0,0.0,0.0,0.0,1.0,0.0,0.0,0.0,0.20738271706352773,21.54553317975678,22.208106627986144
4900,195.96,0.98,1,-0.005,0.279,0.056,-0.02,-0.046,0.07,0.03,0.0,0.0,0.64,2.52,0.27,1.01,1.94,0.74,0.0,0.03,0.0,0.0,2.45,0.68,0.0,0.0,0.0,0.0,0.0,1.0,1.0,1.0,1.0,1.0,1.0,0.0,0.0,0.0,0.0,1.0,0.0,0.0,0.0,0.20283780546601893,21.423351745233383,22.20202693449411
4901,196.0,0.98,1,-0.001,0.277,0.073,-0.012,-0.044,0.07,0.03,0.0,0.0,0.65,2.51,0.3,1.01,1.97,0.74,0.0,0.0,0.0,0.0,2.44,0.64,0.0,0.0,0.0,0.0,0.0,1.0,1.0,1.0,1.0,1.0,1.0,0.0,0.0,0.0,0.0,1.0,0.0,0.0,0.0,0.2119201018949225,21.718655575334125,22.10814329607975
4902,196.04,0.98,1,-0.012,0.285,0.091,-0.017,-0.026,0.07,0.03,0.0,0.0,0.64,2.49,0.3,0.94,1.94,0.75,0.0,0.0,0.0,0.0,2.39,0.64,0.0,0.0,0.0,0.0,0.0,1.0,1.0,1.0,1.0,1.0,1.0,0.0,0.0,0.0,0.0,1.0,0.0,0.0,0.0,0.20639628562147183,22.232408776378726,22.603539545832106
4903,196.08,0.98,1,-0.002,0.268,0.062,-0.022,-0.044,0.07,0.0,0.0,0.03,0.62,2.5,0.24,0.92,1.94,0.78,0.0,0.0,0.0,0.0,2.4,0.72,0.0,0.0,0.0,0.0,0.0,1.0,1.0,1.0,1.0,1.0,1.0,0.0,0.0,0.0,0.0,1.0,0.0,0.0,0.0,0.2123651809138824,22.02748283395086,22.80087717610877
4904,196.12,0.98,1,-0.007,0.275,0.077,-0.008,-0.044,0.07,0.0,0.0,0.03,0.64,2.51,0.27,0.92,1.93,0.8,0.0,0.05,0.0,0.0,2.31,0.78,0.0,0.0,0.0,0.0,0.0,1.0,1.0,1.0,1.0,1.0,1.0,0.0,0.0,0.0,0.0,1.0,1.0,0.0,0.0,0.2153986023333429,21.83872706913107,22.403571143904806
4905,196.16,0.98,1,-0.013,0.284,0.09,-0.018,-0.023,0.07,0.0,0.0,0.03,0.6,2.52,0.21,0.87,2.0,0.74,0.0,0.08,0.0,0.0,2.36,0.9,0.0,0.0,0.0,0.0,0.0,1.0,1.0,1.0,1.0,1.0,1.0,0.0,0.0,0.0,0.0,1.0,1.0,0.0,0.0,0.2125542332748417,21.93855054464616,22.71079038695047
4906,196.2,0.98,1,-0.012,0.286,0.077,-0.012,-0.035,0.0,0.0,0.0,0.1,0.56,2.43,0.16,0.85,1.99,0.62,0.0,0.09,0.0,0.0,2.36,0.98,0.0,0.0,0.0,0.0,0.0,1.0,1.0,1.0,1.0,1.0,1.0,0.0,0.0,0.0,0.0,1.0,1.0,0.0,0.0,0.2142705273612822,21.85154456783314,22.90785891348193
4907,196.24,0.98,1,-0.015,0.286,0.093,-0.017,-0.024,0.0,0.0,0.0,0.15,0.53,2.36,0.12,0.85,2.0,0.61,0.0,0.03,0.0,0.0,2.5,0.97,0.0,0.0,0.0,0.0,0.0,1.0,1.0,1.0,1.0,1.0,1.0,0.0,0.0,0.0,0.0,1.0,1.0,0.0,0.0,0.21669096552431816,22.244100341438894,23.403418553707155
4908,196.28,0.98,1,-0.021,0.273,0.083,-0.017,-0.016,0.0,0.0,0.0,0.15,0.51,2.32,0.12,0.82,1.97,0.63,0.0,0.01,0.0,0.0,2.5,0.97,0.0,0.0,0.0,0.0,0.0,1.0,1.0,0.0,1.0,1.0,1.0,0.0,0.0,0.0,0.0,1.0,1.0,0.0,0.0,0.2170776055818976,22.95582714693601,23.503404008781366
4909,196.32,0.98,1,-0.018,0.277,0.078,-0.011,-0.033,0.0,0.0,0.0,0.05,0.49,2.28,0.17,0.81,1.96,0.59,0.0,0.0,0.0,0.0,2.55,0.99,0.0,0.0,0.0,0.0,0.0,1.0,1.0,0.0,1.0,1.0,1.0,0.0,0.0,0.0,0.0,1.0,1.0,0.0,0.0,0.22202062563097089,22.337860237721916,23.301931250434972
4910,196.36,0.98,1,-0.028,0.281,0.09,-0.018,-0.021,0.13,0.05,0.0,0.0,0.43,2.01,0.17,0.96,2.03,0.75,0.0,0.0,0.0,0.0,2.58,0.93,0.72,0.0,0.0,0.0,0.0,1.0,1.0,0.0,1.0,1.0,1.0,0.0,0.0,0.0,0.0,1.0,1.0,0.0,0.0,0.2141738370244332,21.738905216224715,21.70023041352308
4911,196.4,0.98,1,0.019,0.384,0.056,-0.02,-0.028,0.48,0.05,0.0,0.0,0.38,1.73,0.2,1.1,2.09,0.86,0.0,0.0,0.02,0.0,2.74,0.84,1.37,0.0,0.0,0.0,0.0,1.0,1.0,1.0,1.0,1.0,1.0,0.0,0.0,0.0,0.0,1.0,1.0,0.0,1.0,0.1692907453355606,18.200274723201343,20.362956563328378
4912,196.44,0.93,1,-0.037,0.443,0.086,-0.018,-0.041,0.53,0.05,0.0,0.0,0.39,1.48,0.22,1.14,2.15,1.01,0.0,0.05,0.02,0.0,2.72,0.76,2.05,0.0,0.0,0.0,0.0,1.0,1.0,1.0,1.0,1.0,1.0,0.0,0.0,0.0,0.0,1.0,1.0,0.0,1.0,0.17670900771712744,18.826576959181885,21.114923632350656
4913,196.48,0.98,1,0.028,0.4,0.06,-0.022,-0.017,0.5,0.0,0.0,0.0,0.49,1.63,0.25,1.04,2.1,0.98,0.0,0.05,0.02,0.0,2.62,0.66,1.81,0.0,0.0,0.0,0.0,1.0,1.0,1.0,1.0,1.0,1.0,0.0,0.0,0.0,0.0,1.0,1.0,0.0,1.0,0.15176306135042308,18.36137249771918,21.352751579129276
4914,196.52,0.98,1,-0.015,0.323,0.046,-0.007,-0.032,0.15,0.0,0.0,0.0,0.61,2.0,0.3,0.89,2.01,0.83,0.0,0.08,0.0,0.0,2.49,0.73,1.46,0.0,0.0,0.0,0.0,1.0,1.0,1.0,1.0,1.0,1.0,0.0,0.0,0.0,0.0,1.0,1.0,0.0,1.0,0.16065319826349878,19.026297590440446,22.150846484954158
4915,196.56,0.98,1,0.009,0.329,0.075,-0.016,-0.023,0.1,0.0,0.0,0.0,0.74,2.5,0.27,0.95,2.02,0.83,0.0,0.07,0.0,0.0,2.42,0.65,1.09,0.0,0.0,0.0,0.0,1.0,1.0,1.0,1.0,1.0,1.0,0.0,0.0,0.0,0.0,1.0,1.0,0.0,1.0,0.1535594162484205,17.001176429882726,18.14662503056689
4916,196.6,0.98,1,-0.003,0.316,0.077,-0.01,-0.037,0.0,0.0,0.0,0.0,0.71,2.63,0.29,0.95,2.0,0.72,0.0,0.09,0.0,0.0,2.45,0.81,0.61,0.0,0.0,0.0,0.0,1.0,1.0,1.0,1.0,1.0,1.0,0.0,0.0,0.0,0.0,1.0,1.0,0.0,1.0,0.15910545500549636,16.714664220378513,17.728226081590723
4917,196.64,0.98,1,-0.014,0.316,0.084,-0.017,-0.023,0.0,0.0,0.0,0.0,0.73,2.65,0.24,0.98,2.04,0.83,0.0,0.07,0.0,0.0,2.44,0.64,0.38,0.0,0.0,0.0,0.0,1.0,1.0,1.0,1.0,1.0,1.0,0.0,0.0,0.0,0.0,1.0,1.0,0.0,0.0,0.1664355531736653,18.101104938649375,19.301036241611442
4918,196.68,0.98,1,0.0,0.303,0.078,-0.012,-0.035,0.0,0.0,0.0,0.0,0.65,2.4,0.23,0.93,1.98,0.68,0.0,0.04,0.0,0.0,2.51,0.8,0.08,0.0,0.0,0.0,0.0,1.0,1.0,1.0,1.0,1.0,1.0,0.0,0.0,0.0,0.0,1.0,1.0,0.0,0.0,0.17026258718517695,18.899999999999864,19.809088823062964
4919,196.72,0.98,1,0.004,0.31,0.084,-0.018,-0.021,0.06,0.0,0.0,0.0,0.67,2.48,0.19,0.97,1.98,0.78,0.0,0.02,0.0,0.0,2.52,0.73,0.08,0.0,0.0,0.0,0.0,1.0,1.0,1.0,1.0,1.0,1.0,0.0,0.0,0.0,0.0,1.0,1.0,0.0,0.0,0.17780171832503094,19.400257730246647,20.306156701847797
4920,196.76,0.98,1,0.008,0.296,0.069,-0.013,-0.032,0.06,0.0,0.0,0.01,0.61,2.54,0.24,0.94,1.92,0.62,0.0,0.01,0.0,0.0,2.55,0.93,0.01,0.0,0.0,0.0,0.0,1.0,1.0,1.0,1.0,1.0,1.0,0.0,0.0,0.0,0.0,1.0,1.0,0.0,0.0,0.18529537114222866,19.401030900444532,20.90861066642171
4921,196.8,0.98,1,0.001,0.3,0.086,-0.022,-0.021,0.06,0.0,0.0,0.04,0.58,2.49,0.2,1.01,1.88,0.67,0.0,0.01,0.0,0.0,2.39,0.76,0.01,0.0,0.0,0.0,0.0,1.0,1.0,1.0,1.0,1.0,1.0,0.0,0.0,0.0,0.0,1.0,1.0,0.0,0.0,0.19522580358810943,19.409276132818647,21.2058954067024
4922,196.84,0.98,1,0.004,0.282,0.05,-0.02,-0.041,0.0,0.0,0.0,0.04,0.6,2.52,0.25,0.99,1.82,0.6,0.0,0.01,0.0,0.0,2.32,0.76,0.01,0.0,0.0,0.0,0.0,1.0,1.0,1.0,1.0,1.0,1.0,0.0,0.0,0.0,0.0,1.0,1.0,0.0,0.0,0.1896972612961475,19.90226117806727,21.323461257497527
4923,196.88,0.98,1,0.013,0.3,0.072,-0.007,-0.044,0.0,0.0,0.0,0.04,0.56,2.32,0.18,0.97,1.74,0.53,0.0,0.01,0.0,0.0,2.33,0.81,0.0,0.0,0.0,0.0,0.0,1.0,1.0,1.0,1.0,1.0,1.0,0.0,0.0,0.0,0.0,1.0,1.0,0.0,0.0,0.20454052229931968,19.609181522949815,20.71545316907168
4924,196.92,0.98,1,0.005,0.291,0.069,-0.02,-0.021,0.0,0.0,0.0,0.05,0.52,2.33,0.17,0.98,1.66,0.51,0.0,0.01,0.0,0.0,2.43,0.88,0.0,0.0,0.0,0.0,0.0,1.0,1.0,1.0,1.0,1.0,1.0,0.0,0.0,0.0,0.0,1.0,1.0,0.0,0.0,0.2038905039300166,20.120139164528567,20.811775512915716
4925,196.96,0.98,1,0.013,0.283,0.059,-0.019,-0.046,0.0,0.0,0.0,0.05,0.46,2.34,0.22,0.92,1.55,0.39,0.0,0.01,0.0,0.0,2.44,0.95,0.0,0.0,0.0,0.0,0.0,1.0,1.0,1.0,1.0,1.0,1.0,0.0,0.0,0.0,0.0,1.0,1.0,0.0,0.0,0.20117910803470174,20.802163349036515,21.718655575334353
4926,197.0,0.98,1,0.01,0.303,0.077,-0.009,-0.043,0.0,0.0,0.0,0.05,0.42,2.49,0.26,1.04,1.47,0.39,0.04,0.01,0.0,0.0,2.33,0.97,0.0,0.0,0.0,0.0,0.0,1.0,1.0,1.0,1.0,1.0,1.0,0.0,0.0,0.0,0.0,1.0,1.0,0.0,0.0,0.21197668001038095,20.241788458533048,22.610838109190162
4927,197.04,0.98,1,0.01,0.284,0.067,-0.024,-0.029,0.05,0.0,0.0,0.03,0.45,2.62,0.33,1.1,1.43,0.51,0.04,0.01,0.0,0.0,2.25,1.04,0.0,0.0,0.0,0.0,0.0,1.0,1.0,1.0,1.0,1.0,1.0,0.0,0.0,0.0,0.0,1.0,1.0,0.0,0.0,0.2064295263211388,20.819462048765768,23.017601960239038
4928,197.08,0.98,1,0.021,0.289,0.073,-0.018,-0.052,0.17,0.04,0.0,0.03,0.44,2.59,0.36,1.1,1.41,0.56,0.04,0.0,0.0,0.0,2.29,1.03,0.0,0.0,0.0,0.0,0.0,1.0,1.0,1.0,1.0,1.0,1.0,0.0,0.0,0.0,0.0,1.0,1.0,0.0,0.0,0.20777949878837312,20.662042493422483,22.50799857828323
4929,197.12,0.98,1,0.013,0.293,0.076,-0.009,-0.044,0.18,0.04,0.0,0.03,0.5,2.59,0.42,1.07,1.41,0.61,0.0,0.03,0.0,0.0,2.29,1.0,0.0,0.0,0.0,0.0,0.0,1.0,1.0,1.0,1.0,1.0,1.0,0.0,0.0,0.0,0.0,1.0,1.0,0.0,0.0,0.2180182556333013,20.56234422433396,22.42231031807392
4930,197.16,0.98,1,-0.002,0.271,0.059,-0.024,-0.028,0.15,0.04,0.0,0.0,0.52,2.68,0.5,0.89,1.45,0.56,0.0,0.03,0.0,0.0,2.37,1.0,0.0,0.0,0.0,0.0,0.0,1.0,1.0,1.0,1.0,1.0,1.0,0.0,0.0,0.0,0.0,1.0,1.0,0.0,0.0,0.21126697161939767,21.115160430363908,22.00363606316011
4931,197.2,0.98,1,0.001,0.307,0.074,-0.009,-0.037,0.03,0.0,0.0,0.0,0.49,2.56,0.41,0.84,1.43,0.55,0.0,0.04,0.0,0.0,2.42,1.12,0.0,0.0,0.0,0.0,0.0,1.0,1.0,1.0,1.0,1.0,1.0,0.0,0.0,0.0,0.0,1.0,1.0,0.0,0.0,0.21173144205306754,21.43361845326155,22.222511109233174
4932,197.24,0.98,1,-0.008,0.297,0.079,-0.023,-0.017,0.04,0.0,0.0,0.0,0.49,2.61,0.34,0.87,1.46,0.63,0.0,0.01,0.0,0.0,2.37,1.11,0.0,0.0,0.0,0.0,0.0,1.0,1.0,1.0,1.0,1.0,1.0,0.0,0.0,0.0,0.0,1.0,1.0,0.0,0.0,0.21338759873499724,21.745114393812745,22.410934831015062
4933,197.28,0.98,1,-0.002,0.279,0.062,-0.017,-0.041,0.02,0.0,0.0,0.02,0.45,2.56,0.28,0.82,1.48,0.62,0.0,0.01,0.0,0.0,2.43,1.18,0.0,0.0,0.0,0.0,0.0,1.0,1.0,1.0,1.0,1.0,1.0,0.0,0.0,0.0,0.0,1.0,1.0,0.0,0.0,0.21110447906523294,21.818570072303043,22.601991062735955
4934,197.32,0.98,1,0.001,0.299,0.076,-0.012,-0.04,0.02,0.0,0.0,0.02,0.46,2.51,0.3,0.8,1.49,0.63,0.0,0.0,0.0,0.0,2.4,1.13,0.0,0.0,0.0,0.0,0.0,1.0,1.0,1.0,1.0,1.0,1.0,0.0,0.0,0.0,0.0,1.0,1.0,0.0,0.0,0.2160229795754577,22.15784285529632,22.308070288574893
4935,197.36,0.98,1,-0.002,0.278,0.076,-0.022,-0.021,0.0,0.0,0.0,0.02,0.43,2.58,0.27,0.78,1.5,0.65,0.0,0.0,0.0,0.0,2.47,1.04,0.0,0.0,0.0,0.0,0.0,1.0,1.0,1.0,1.0,1.0,1.0,0.0,0.0,0.0,0.0,1.0,1.0,0.0,0.0,0.21488388704735079,22.299103120977804,22.71409254185585
4936,197.4,0.98,1,-0.003,0.287,0.067,-0.017,-0.048,0.0,0.0,0.0,0.04,0.45,2.59,0.31,0.82,1.48,0.58,0.0,0.0,0.0,0.0,2.49,1.03,0.0,0.0,0.0,0.0,0.0,1.0,1.0,1.0,1.0,1.0,1.0,0.0,0.0,0.0,0.0,1.0,1.0,0.0,0.0,0.20946537353555694,21.932852071720948,22.500888871331284
4937,197.44,0.98,1,-0.003,0.303,0.082,-0.007,-0.048,0.0,0.0,0.0,0.07,0.46,2.66,0.26,0.77,1.52,0.54,0.0,0.0,0.0,0.0,2.52,1.06,0.0,0.0,0.0,0.0,0.0,1.0,1.0,1.0,1.0,1.0,1.0,0.0,0.0,0.0,0.0,1.0,1.0,0.0,0.0,0.21759382566084592,22.09999999999999,23.017601960239038
4938,197.48,0.98,1,-0.008,0.289,0.071,-0.017,-0.025,0.0,0.0,0.0,0.07,0.51,2.58,0.31,0.68,1.57,0.45,0.0,0.0,0.0,0.0,2.47,1.16,0.0,0.0,0.0,0.0,0.0,1.0,1.0,1.0,1.0,1.0,1.0,0.0,0.0,0.0,0.0,1.0,1.0,0.0,0.0,0.20802682799642164,21.745114393812738,23.613555429032612
4939,197.52,0.98,1,-0.002,0.29,0.072,-0.01,-0.038,0.0,0.0,0.0,0.03,0.48,2.42,0.25,0.59,1.55,0.4,0.02,0.0,0.0,0.0,2.38,1.15,0.0,0.0,0.0,0.0,0.0,1.0,1.0,1.0,1.0,1.0,1.0,0.0,0.0,0.0,0.0,1.0,1.0,0.0,0.0,0.20826721482889005,22.796929617823583,24.503265088555036
4940,197.56,0.98,1,-0.008,0.297,0.077,-0.021,-0.022,0.0,0.0,0.0,0.0,0.54,2.51,0.29,0.77,1.57,0.54,0.02,0.0,0.0,0.0,2.17,1.0,0.0,0.0,0.0,0.0,0.0,1.0,1.0,1.0,1.0,1.0,1.0,0.0,0.0,0.0,0.0,1.0,1.0,0.0,0.0,0.20385530255199918,22.372527796384524,22.81775624376766
4941,197.6,0.98,1,-0.0,0.278,0.05,-0.023,-0.043,0.04,0.0,0.0,0.05,0.5,2.45,0.29,0.79,1.53,0.55,0.02,0.0,0.0,0.0,2.17,0.95,0.0,0.0,0.0,0.0,0.0,1.0,1.0,1.0,1.0,1.0,1.0,0.0,0.0,0.0,0.0,1.0,1.0,0.0,0.0,0.21755927348924903,21.838727069131064,24.20020661068831
4942,197.64,0.98,1,0.005,0.287,0.065,-0.01,-0.041,0.04,0.0,0.0,0.05,0.5,2.32,0.34,0.97,1.55,0.66,0.0,0.02,0.0,0.0,2.02,0.92,0.26,0.0,0.0,0.0,0.0,1.0,1.0,1.0,1.0,1.0,1.0,0.0,0.0,0.0,0.0,1.0,0.0,0.0,0.0,0.21448586771986455,22.051077071199945,23.50531854708632
4943,197.68,0.98,1,-0.002,0.33,0.054,-0.029,-0.031,0.34,0.11,0.0,0.05,0.34,1.61,0.31,1.01,1.58,0.85,0.0,0.02,0.0,0.0,2.05,0.77,1.16,0.0,0.0,0.0,0.0,1.0,1.0,0.0,1.0,1.0,1.0,0.0,0.0,0.0,0.0,1.0,0.0,0.0,1.0,0.17861874697971733,19.901004999747993,18.618807695446023
4944,197.72,0.98,1,0.034,0.418,0.05,-0.037,-0.048,0.67,0.21,0.0,0.0,0.2,1.08,0.21,1.17,1.66,1.11,0.05,0.02,0.0,0.0,2.04,0.61,2.05,0.0,1.0,0.0,0.0,0.0,1.0,0.0,1.0,1.0,1.0,0.0,0.0,0.0,0.0,1.0,0.0,0.0,1.0,0.16145681427670389,18.2792231782426,21.413313615599016
4945,197.76,0.98,1,-0.002,0.424,0.046,-0.035,-0.055,0.95,0.26,0.0,0.0,0.1,0.72,0.16,1.16,1.72,1.25,0.06,0.0,0.0,0.0,2.14,0.4,2.51,0.0,1.0,0.0,0.0,0.0,1.0,0.0,1.0,1.0,1.0,0.0,0.0,0.0,0.0,1.0,0.0,0.0,1.0,0.15700973893837722,21.037347741576045,20.488289338058323
4946,197.8,0.98,1,-0.003,0.444,0.061,-0.02,-0.046,0.98,0.16,0.0,0.0,0.18,0.93,0.15,1.09,1.71,1.17,0.06,0.0,0.0,0.0,2.21,0.51,2.34,0.0,1.0,0.0,0.0,0.0,1.0,0.0,1.0,1.0,1.0,0.0,0.0,0.0,0.0,1.0,0.0,0.0,1.0,0.16489139557810145,16.410971939528842,23.742788378789797
4947,197.84,0.98,1,-0.019,0.367,0.039,-0.013,-0.04,0.71,0.05,0.0,0.0,0.23,1.0,0.19,0.98,1.64,1.09,0.01,0.03,0.0,0.0,2.22,0.66,1.99,0.0,1.0,0.0,0.0,0.0,1.0,0.0,1.0,1.0,1.0,0.0,0.0,0.0,0.0,1.0,0.0,0.0,1.0,0.16625007976812886,19.691876497682905,21.602314690791818
4948,197.88,0.98,1,0.018,0.331,0.046,-0.031,-0.034,0.55,0.0,0.0,0.0,0.26,1.46,0.19,0.97,1.59,1.01,0.0,0.03,0.0,0.0,2.11,0.73,1.7,0.0,1.0,0.0,0.0,0.0,1.0,0.0,0.0,1.0,1.0,0.0,0.0,0.0,0.0,1.0,0.0,0.0,1.0,0.18683343025133092,19.630843079195465,18.645374761586456
4949,197.92,0.98,1,0.015,0.316,0.043,-0.019,-0.052,0.39,0.01,0.0,0.0,0.24,1.66,0.12,1.06,1.58,1.02,0.0,0.03,0.0,0.0,1.96,0.74,1.47,0.0,0.0,0.0,0.0,1.0,1.0,0.0,0.0,1.0,1.0,0.0,0.0,0.0,0.0,1.0,0.0,0.0,1.0,0.18552359862060175,20.53509191603485,18.469434208984406
4950,197.96,0.98,1,-0.001,0.358,0.051,-0.012,-0.059,0.28,0.01,0.0,0.0,0.32,2.06,0.21,1.01,1.56,0.85,0.0,0.0,0.0,0.0,1.95,0.79,1.28,0.0,0.0,0.0,0.0,1.0,1.0,0.0,1.0,1.0,1.0,0.0,0.0,0.0,0.0,1.0,0.0,0.0,1.0,0.1927563180876612,20.611889772652976,18.298907071188747
4951,198.0,0.98,1,0.02,0.352,0.071,-0.022,-0.032,0.16,0.01,0.0,0.0,0.44,2.27,0.26,1.05,1.55,0.79,0.06,0.0,0.04,0.0,1.94,0.82,0.85,0.0,0.0,0.0,0.0,1.0,1.0,0.0,1.0,1.0,1.0,0.0,0.0,0.0,0.0,1.0,0.0,0.0,1.0,0.17933876197011134,17.810109488714502,17.801685313475293
4952,198.04,0.98,1,0.016,0.32,0.068,-0.026,-0.05,0.0,0.0,0.0,0.0,0.54,2.65,0.32,0.99,1.54,0.78,0.06,0.0,0.04,0.0,1.96,0.91,0.36,0.0,0.0,0.0,0.0,1.0,1.0,0.0,1.0,1.0,1.0,0.0,0.0,0.0,0.0,1.0,0.0,0.0,0.0,0.17726397458573484,19.00236827345476,18.717104476921687
4953,198.08,0.98,1,0.015,0.296,0.056,-0.015,-0.058,0.0,0.0,0.0,0.04,0.51,2.77,0.2,0.96,1.53,0.73,0.06,0.01,0.04,0.0,1.93,0.92,0.0,0.0,0.0,0.0,0.0,1.0,1.0,0.0,1.0,1.0,1.0,0.0,0.0,0.0,0.0,1.0,0.0,0.0,0.0,0.19400246197126747,20.100248754679537,20.608736011701353
4954,198.12,0.98,1,0.008,0.285,0.073,-0.018,-0.029,0.0,0.0,0.0,0.04,0.46,2.55,0.13,0.89,1.56,0.61,0.0,0.01,0.0,0.0,1.99,0.93,0.0,0.0,0.0,0.0,0.0,1.0,1.0,0.0,1.0,1.0,1.0,0.0,0.0,0.0,0.0,1.0,0.0,0.0,0.0,0.2151010311706838,20.81537893001248,22.614154859291254
4955,198.16,0.98,1,0.02,0.265,0.06,-0.018,-0.049,0.0,0.0,0.0,0.04,0.43,2.42,0.19,0.74,1.55,0.43,0.0,0.01,0.0,0.0,2.05,0.95,0.0,0.0,0.0,0.0,0.0,1.0,1.0,0.0,1.0,1.0,1.0,0.0,0.0,0.0,0.0,1.0,0.0,0.0,0.0,0.22031489556248687,20.74728897952698,22.610838109189938
4956,198.2,0.98,1,0.008,0.276,0.072,-0.012,-0.045,0.0,0.0,0.0,0.0,0.47,2.36,0.19,0.86,1.57,0.36,0.0,0.0,0.09,0.0,2.09,0.92,0.0,0.0,0.0,0.0,0.0,1.0,1.0,0.0,1.0,1.0,1.0,0.0,0.0,0.0,0.0,1.0,0.0,0.0,0.0,0.21829183436055366,21.046614929722068,22.917678765529324
4957,198.24,0.98,1,0.006,0.276,0.063,-0.027,-0.032,0.0,0.0,0.0,0.0,0.43,2.52,0.24,0.84,1.52,0.39,0.0,0.0,0.09,0.0,2.04,0.89,0.0,0.0,0.0,0.0,0.0,1.0,1.0,0.0,1.0,1.0,1.0,0.0,0.0,0.0,0.0,1.0,0.0,0.0,0.0,0.2154398438668426,21.4457454988164,24.3008230313298
4958,198.28,0.98,1,0.006,0.277,0.064,-0.018,-0.052,0.0,0.0,0.0,0.0,0.39,2.59,0.17,0.98,1.5,0.39,0.0,0.0,0.09,0.0,1.93,0.82,0.0,0.0,0.0,0.0,0.0,1.0,1.0,0.0,1.0,1.0,1.0,0.0,0.0,0.0,0.0,1.0,0.0,0.0,0.0,0.22234898118503946,21.53346233191495,24.300205760445685
4959,198.32,0.98,1,0.017,0.278,0.064,-0.013,-0.06,0.0,0.0,0.0,0.0,0.39,2.55,0.17,0.89,1.46,0.5,0.0,0.0,0.0,0.0,1.87,0.77,0.0,0.0,0.0,0.0,0.0,1.0,1.0,0.0,1.0,1.0,1.0,0.0,0.0,0.0,0.0,1.0,0.0,0.0,0.0,0.22521649134704436,21.745114393812738,24.416592718886974
4960,198.36,0.98,1,0.013,0.272,0.056,-0.027,-0.041,0.0,0.0,0.0,0.0,0.42,2.58,0.14,1.02,1.49,0.63,0.03,0.0,0.0,0.0,1.8,0.85,0.0,0.0,0.0,0.0,0.0,1.0,1.0,0.0,1.0,1.0,1.0,0.0,0.0,0.0,0.0,1.0,0.0,0.0,0.0,0.21358846650847935,21.639085008382537,24.305143488570433
4961,198.4,0.98,1,-0.011,0.274,0.062,-0.019,-0.06,0.0,0.01,0.0,0.06,0.46,2.6,0.25,0.94,1.49,0.65,0.03,0.0,0.0,0.0,1.75,0.86,0.0,0.0,0.0,0.0,0.0,1.0,1.0,0.0,1.0,1.0,1.0,0.0,0.0,0.0,0.0,1.0,0.0,0.0,0.0,0.2192438821246327,22.222511109233174,23.70759372015646
4962,198.44,0.98,1,-0.01,0.265,0.06,-0.019,-0.061,0.0,0.01,0.0,0.16,0.44,2.87,0.3,0.84,1.53,0.7,0.03,0.0,0.0,0.0,1.68,0.86,0.0,0.0,0.0,0.0,0.0,1.0,1.0,0.0,1.0,1.0,1.0,0.0,0.0,0.0,0.0,1.0,0.0,0.0,0.0,0.22159476658322258,22.42231031807392,24.207436873820452
4963,198.48,0.98,1,-0.004,0.274,0.062,-0.021,-0.064,0.0,0.01,0.0,0.16,0.44,2.81,0.36,0.65,1.53,0.53,0.0,0.0,0.0,0.0,1.72,0.76,0.0,0.0,0.0,0.0,1.0,1.0,1.0,0.0,1.0,1.0,1.0,0.0,0.0,0.0,0.0,1.0,0.0,0.0,0.0,0.22072996226594402,22.31434516180137,22.200900882621905
4964,198.52,0.98,1,-0.013,0.27,0.054,-0.02,-0.062,0.0,0.0,0.0,0.1,0.47,2.81,0.26,0.61,1.54,0.57,0.0,0.0,0.0,0.0,1.7,0.68,0.0,0.0,0.0,0.0,0.0,1.0,1.0,0.0,1.0,1.0,1.0,0.0,0.0,0.0,0.0,1.0,0.0,0.0,0.0,0.2186097075427314,22.622113075484258,23.603389587091222
4965,198.56,0.98,1,-0.006,0.263,0.044,-0.022,-0.062,0.0,0.0,0.0,0.06,0.48,2.61,0.28,0.7,1.49,0.51,0.0,0.0,0.0,0.0,1.68,0.61,0.0,0.0,0.0,0.0,0.0,1.0,1.0,0.0,1.0,1.0,1.0,0.0,0.0,0.0,0.0,1.0,0.0,0.0,0.0,0.2197125094163052,22.821919288263157,23.200862052949713
4966,198.6,0.98,1,-0.01,0.269,0.047,-0.021,-0.064,0.0,0.0,0.0,0.06,0.43,2.58,0.25,0.77,1.43,0.56,0.0,0.0,0.0,0.0,1.64,0.56,0.0,0.0,0.0,0.0,0.0,1.0,1.0,0.0,1.0,1.0,1.0,0.0,0.0,0.0,0.0,1.0,0.0,0.0,0.0,0.22285696483703799,22.42231031807369,23.803361107204964
4967,198.64,0.98,1,-0.01,0.268,0.051,-0.024,-0.065,0.0,0.0,0.0,0.06,0.36,2.52,0.27,0.87,1.4,0.48,0.0,0.0,0.0,0.0,1.65,0.56,0.0,0.0,0.0,0.0,0.0,1.0,1.0,0.0,1.0,1.0,1.0,0.0,0.0,0.0,0.0,1.0,0.0,0.0,0.0,0.22203050767691912,22.913969538253163,23.403418553706924
4968,198.68,0.98,1,0.003,0.254,0.043,-0.028,-0.064,0.0,0.0,0.0,0.0,0.3,2.44,0.22,0.87,1.4,0.51,0.0,0.0,0.0,0.0,1.54,0.55,0.0,0.0,0.0,0.0,0.0,1.0,1.0,0.0,1.0,1.0,1.0,0.0,0.0,0.0,0.0,1.0,0.0,0.0,0.0,0.22534978439755446,22.81403077055867,22.503555274667157
4969,198.72,0.98,1,-0.004,0.265,0.05,-0.027,-0.065,0.0,0.0,0.0,0.0,0.36,2.5,0.15,0.93,1.44,0.5,0.0,0.0,0.0,0.0,1.49,0.58,0.0,0.0,0.0,0.0,0.0,1.0,1.0,0.0,1.0,1.0,1.0,0.0,0.0,0.0,0.0,1.0,0.0,0.0,0.0,0.2266474848110176,22.62211307548449,23.305364189387998
4970,198.76,0.98,1,0.037,0.254,0.039,-0.03,-0.059,0.0,0.0,0.0,0.0,0.37,2.53,0.09,0.89,1.39,0.53,0.0,0.0,0.0,0.0,1.45,0.68,0.0,0.0,0.0,0.0,0.0,1.0,1.0,0.0,1.0,1.0,1.0,0.0,0.0,0.0,0.0,1.0,0.0,0.0,0.0,0.2209134470852135,21.445745498816173,23.925300416086824
4971,198.8,0.98,1,0.039,0.265,0.052,-0.031,-0.061,0.0,0.0,0.0,0.09,0.4,2.66,0.13,0.85,1.4,0.52,0.0,0.0,0.0,0.0,1.44,0.67,0.0,0.0,0.0,0.0,0.0,1.0,1.0,0.0,0.0,1.0,1.0,0.0,0.0,0.0,0.0,1.0,0.0,0.0,0.0,0.22328710594276685,21.360009363293784,23.930106560565175
4972,198.84,0.98,1,0.038,0.251,0.04,-0.029,-0.06,0.0,0.0,0.0,0.09,0.37,2.53,0.14,0.77,1.37,0.57,0.0,0.0,0.0,0.0,1.45,0.7,0.0,0.0,0.0,0.0,0.0,1.0,1.0,0.0,0.0,1.0,1.0,0.0,0.0,0.0,0.0,1.0,0.0,0.0,0.0,0.2232263140849101,21.153250341259753,23.64762144487254
4973,198.88,0.98,1,0.04,0.254,0.047,-0.03,-0.063,0.0,0.0,0.0,0.09,0.37,2.54,0.18,0.73,1.36,0.49,0.0,0.0,0.0,0.0,1.47,0.62,0.0,0.0,0.0,0.0,0.0,1.0,1.0,0.0,0.0,1.0,1.0,0.0,0.0,0.0,0.0,1.0,0.0,0.0,0.0,0.21688603850505964,21.260291625469346,23.725513693068947
4974,198.92,0.98,1,0.043,0.246,0.039,-0.03,-0.064,0.0,0.0,0.0,0.0,0.38,2.51,0.13,0.73,1.34,0.43,0.0,0.0,0.0,0.0,1.49,0.57,0.0,0.0,0.0,0.0,0.0,1.0,1.0,0.0,0.0,1.0,1.0,0.0,0.0,0.0,0.0,1.0,0.0,0.0,0.0,0.21510290340960134,20.961154548354532,24.025195108468942
4975,198.96,0.98,1,0.04,0.245,0.033,-0.03,-0.064,0.0,0.0,0.0,0.01,0.36,2.42,0.15,0.66,1.32,0.34,0.0,0.0,0.0,0.0,1.57,0.49,0.0,0.0,0.0,0.0,0.0,1.0,1.0,0.0,0.0,1.0,1.0,0.0,0.0,0.0,0.0,1.0,0.0,0.0,0.0,0.2215092768662643,20.84706214314137,23.635777964772103
4976,199.0,0.98,1,0.047,0.25,0.042,-0.026,-0.072,0.0,0.0,0.0,0.03,0.38,2.26,0.15,0.72,1.34,0.39,0.0,0.0,0.0,0.0,1.64,0.49,0.0,0.0,0.0,0.0,0.0,1.0,1.0,0.0,0.0,1.0,1.0,0.0,0.0,0.0,0.0,1.0,0.0,0.0,0.0,0.21475865871347666,20.324615617521484,23.6256216849421
4977,199.04,0.98,1,0.052,0.246,0.026,-0.03,-0.068,0.0,0.0,0.0,0.04,0.34,2.05,0.14,0.71,1.32,0.45,0.0,0.0,0.0,0.0,1.7,0.49,0.0,0.0,0.0,0.0,0.0,1.0,1.0,0.0,1.0,1.0,1.0,0.0,0.0,0.0,0.0,1.0,0.0,0.0,0.0,0.21692073675205714,20.62934802653748,23.425840433162783
4978,199.08,0.98,1,0.058,0.245,0.038,-0.031,-0.073,0.0,0.0,0.0,0.03,0.32,2.08,0.12,0.71,1.28,0.47,0.0,0.0,0.0,0.0,1.68,0.43,0.0,0.0,0.0,0.0,0.0,1.0,1.0,0.0,1.0,1.0,1.0,0.0,0.0,0.0,0.0,1.0,0.0,0.0,0.0,0.22381314187141788,21.02878978923894,23.835477759004487
4979,199.12,0.98,1,0.058,0.233,0.024,-0.029,-0.072,0.0,0.0,0.0,0.05,0.27,2.09,0.11,0.7,1.25,0.39,0.0,0.0,0.0,0.0,1.68,0.41,0.0,0.0,0.0,0.0,0.0,1.0,1.0,0.0,1.0,1.0,1.0,0.0,0.0,0.0,0.0,1.0,0.0,0.0,0.0,0.22022606063265715,20.93442141545819,24.02998127340094
4980,199.16,0.98,1,0.056,0.244,0.035,-0.033,-0.075,0.0,0.0,0.0,0.07,0.28,2.22,0.14,0.71,1.22,0.32,0.0,0.0,0.0,0.0,1.7,0.36,0.0,0.0,0.0,0.0,0.0,1.0,1.0,0.0,1.0,1.0,1.0,0.0,0.0,0.0,0.0,1.0,0.0,0.0,0.0,0.2199502451500549,20.84058540444577,23.925300416086596
4981,199.2,0.98,1,0.065,0.232,0.023,-0.036,-0.073,0.0,0.0,0.0,0.07,0.25,2.14,0.18,0.75,1.2,0.29,0.0,0.0,0.0,0.0,1.77,0.51,0.0,0.0,0.0,0.0,0.0,1.0,1.0,0.0,1.0,1.0,1.0,0.0,0.0,0.0,0.0,1.0,0.0,0.0,0.0,0.22133659625941526,20.554804791094465,24.129857024027444
4982,199.24,0.98,1,0.066,0.248,0.033,-0.042,-0.077,0.11,0.03,0.0,0.03,0.16,1.62,0.13,0.75,1.26,0.42,0.0,0.0,0.0,0.0,1.89,0.43,0.57,0.0,1.0,0.0,0.0,1.0,1.0,0.0,1.0,1.0,1.0,0.0,0.0,0.0,0.0,1.0,0.0,0.0,0.0,0.20427035537953742,20.21583537724802,20.83458662896862
4983,199.28,0.98,1,0.049,0.343,-0.001,-0.066,-0.067,0.26,0.03,0.0,0.0,0.06,1.14,0.14,0.86,1.3,0.53,0.0,0.0,0.0,0.0,2.01,0.41,1.33,0.0,1.0,0.0,0.0,1.0,1.0,0.0,0.0,1.0,1.0,0.0,0.0,0.0,0.0,1.0,0.0,0.0,1.0,0.180636473758876,16.230834852218603,20.03247363657329
4984,199.32,0.98,1,0.036,0.367,0.009,-0.061,-0.069,0.3,0.13,0.0,0.0,0.04,0.96,0.12,0.84,1.3,0.56,0.0,0.0,0.0,0.0,1.99,0.27,1.78,0.0,1.0,0.0,0.0,1.0,1.0,0.0,0.0,1.0,1.0,0.0,0.0,0.0,0.0,1.0,0.0,0.0,1.0,0.16690700547281773,17.174690681348658,19.403350226185122
4985,199.36,0.98,1,0.033,0.309,-0.002,-0.039,-0.072,0.18,0.09,0.0,0.0,0.11,1.44,0.18,0.76,1.22,0.55,0.0,0.0,0.0,0.0,1.86,0.29,1.47,0.0,1.0,0.0,0.0,1.0,1.0,0.0,0.0,1.0,1.0,0.0,0.0,0.0,0.0,1.0,0.0,0.0,1.0,0.1651749095197289,18.93805692250405,20.478769494283547
4986,199.4,0.98,1,0.04,0.278,0.015,-0.039,-0.077,0.04,0.09,0.0,0.0,0.26,2.04,0.21,0.68,1.21,0.59,0.0,0.0,0.0,0.0,1.71,0.34,1.04,0.0,1.0,0.0,0.0,1.0,1.0,0.0,0.0,1.0,1.0,0.0,0.0,0.0,0.0,1.0,0.0,0.0,1.0,0.1788379083654294,17.899999999999864,21.52324325003098
4987,199.44,0.98,1,0.057,0.301,0.021,-0.041,-0.075,0.0,0.0,0.0,0.0,0.3,2.4,0.29,0.71,1.21,0.7,0.0,0.0,0.0,0.0,1.64,0.43,0.73,0.0,1.0,0.0,0.0,1.0,1.0,0.0,0.0,1.0,1.0,0.0,0.0,0.0,0.0,1.0,0.0,0.0,1.0,0.1601302321283818,17.20116275139566,18.388311504866305
4988,199.48,0.98,1,0.056,0.295,0.025,-0.044,-0.075,0.0,0.0,0.0,0.0,0.38,2.55,0.35,0.78,1.24,0.7,0.0,0.0,0.0,0.0,1.62,0.45,0.62,0.0,0.0,0.0,0.0,1.0,1.0,0.0,0.0,1.0,1.0,0.0,0.0,0.0,0.0,1.0,0.0,0.0,0.0,0.17636940560622316,16.601204775557843,19.85673689204745
4989,199.52,0.98,1,0.065,0.274,0.011,-0.041,-0.069,0.0,0.0,0.0,0.0,0.37,2.43,0.32,0.78,1.23,0.6,0.0,0.0,0.0,0.0,1.61,0.44,0.29,0.0,0.0,0.0,0.0,1.0,1.0,0.0,0.0,1.0,1.0,0.0,0.0,0.0,0.0,1.0,0.0,0.0,0.0,0.17126148679832687,17.307223925286408,19.325889371514013
4990,199.56,0.98,1,0.063,0.285,0.013,-0.044,-0.07,0.0,0.0,0.0,0.02,0.41,2.43,0.27,0.74,1.2,0.5,0.0,0.0,0.0,0.0,1.65,0.52,0.17,0.0,1.0,0.0,0.0,1.0,1.0,0.0,0.0,1.0,1.0,0.0,0.0,0.0,0.0,1.0,0.0,0.0,0.0,0.17892819475570398,17.802527910383915,18.66038584810069
4991,199.6,0.98,1,0.015,0.276,0.027,-0.036,-0.073,0.0,0.0,0.0,0.05,0.37,2.33,0.19,0.71,1.17,0.35,0.0,0.0,0.0,0.0,1.71,0.64,0.02,0.0,0.0,0.0,0.0,1.0,1.0,0.0,0.0,1.0,1.0,0.0,0.0,0.0,0.0,1.0,0.0,0.0,0.0,0.18074269344750368,19.09999999999991,18.409780009549365
4992,199.64,0.98,1,0.036,0.269,0.019,-0.042,-0.07,0.02,0.0,0.0,0.05,0.3,2.26,0.17,0.7,1.12,0.33,0.0,0.0,0.0,0.0,1.78,0.72,0.04,0.0,0.0,0.0,0.0,1.0,1.0,0.0,0.0,1.0,1.0,0.0,0.0,0.0,0.0,1.0,0.0,0.0,0.0,0.18984416852860228,20.40000000000009,18.509727172489605
4993,199.68,0.98,1,0.031,0.286,0.027,-0.042,-0.072,0.02,0.0,0.0,0.03,0.28,2.26,0.17,0.71,1.1,0.31,0.0,0.0,0.0,0.0,1.72,0.63,0.02,0.0,0.0,0.0,0.0,1.0,1.0,0.0,0.0,1.0,1.0,0.0,0.0,0.0,0.0,1.0,0.0,0.0,0.0,0.19356882872155695,20.300246303924446,19.012890364171355
4994,199.72,0.98,1,0.026,0.264,0.022,-0.04,-0.07,0.02,0.0,0.0,0.0,0.22,2.36,0.19,0.71,1.06,0.34,0.0,0.0,0.0,0.0,1.67,0.64,0.02,0.0,0.0,0.0,0.0,1.0,1.0,0.0,0.0,1.0,1.0,0.0,0.0,0.0,0.0,1.0,0.0,0.0,0.0,0.1988877610361235,20.20222759994555,19.81615502563497
4995,199.76,0.98,1,0.022,0.279,0.034,-0.041,-0.074,0.0,0.0,0.0,0.0,0.23,2.26,0.2,0.63,1.03,0.32,0.0,0.0,0.0,0.0,1.63,0.66,0.05,0.0,0.0,0.0,0.0,1.0,1.0,0.0,0.0,1.0,1.0,0.0,0.0,0.0,0.0,1.0,0.0,0.0,0.0,0.19963065964719373,20.20396000787946,19.6163197363829
4996,199.8,0.98,1,0.024,0.257,0.014,-0.042,-0.068,0.0,0.0,0.0,0.0,0.13,2.1,0.15,0.54,0.99,0.29,0.0,0.0,0.0,0.0,1.62,0.68,0.05,0.0,0.0,0.0,0.0,1.0,1.0,0.0,0.0,1.0,1.0,0.0,0.0,0.0,0.0,1.0,0.0,0.0,0.0,0.20026215164386305,20.60024271701662,20.21583537724825
4997,199.84,0.98,1,0.011,0.265,0.026,-0.042,-0.072,0.0,0.0,0.0,0.0,0.16,2.1,0.09,0.47,0.98,0.28,0.0,0.0,0.0,0.0,1.51,0.65,0.05,0.0,0.0,0.0,0.0,1.0,1.0,0.0,0.0,1.0,1.0,0.0,0.0,0.0,0.0,1.0,0.0,0.0,0.0,0.2021033270858251,20.60024271701662,20.519746587129188
4998,199.88,0.98,1,0.018,0.26,0.012,-0.041,-0.065,0.0,0.0,0.0,0.01,0.1,2.31,0.04,0.42,0.97,0.31,0.0,0.0,0.0,0.0,1.43,0.64,0.0,0.0,0.0,0.0,0.0,1.0,1.0,0.0,0.0,1.0,1.0,0.0,0.0,0.0,0.0,1.0,0.0,0.0,0.0,0.19915280206410102,20.600000000000136,20.51560381758236
4999,199.92,0.98,1,0.018,0.27,0.029,-0.041,-0.068,0.0,0.0,0.0,0.03,0.15,2.51,0.02,0.36,0.97,0.31,0.0,0.0,0.0,0.0,1.39,0.58,0.02,0.0,0.0,0.0,0.0,1.0,1.0,0.0,0.0,1.0,1.0,0.0,0.0,0.0,0.0,1.0,0.0,0.0,0.0,0.20150293943197273,20.402205763103254,20.6118897726532
5000,199.96,0.98,1,0.021,0.25,0.015,-0.041,-0.062,0.0,0.0,0.0,0.13,0.13,2.3,0.05,0.29,0.97,0.25,0.0,0.0,0.0,0.0,1.35,0.46,0.02,0.0,0.0,0.0,0.0,1.0,1.0,0.0,0.0,1.0,1.0,0.0,0.0,0.0,0.0,1.0,0.0,0.0,0.0,0.20648651381918562,20.400980368600028,20.611889772652972
5001,200.0,0.98,1,0.034,0.278,0.029,-0.042,-0.064,0.0,0.0,0.0,0.12,0.2,2.24,0.05,0.28,0.98,0.2,0.0,0.0,0.0,0.0,1.31,0.4,0.02,0.0,0.0,0.0,0.0,1.0,1.0,0.0,0.0,1.0,1.0,0.0,0.0,0.0,0.0,0.0,0.0,0.0,0.0,0.21319698284634153,20.708693826506824,19.10942175995928
5002,200.04,0.98,1,0.032,0.266,0.02,-0.042,-0.059,0.0,0.0,0.0,0.09,0.23,2.25,0.05,0.31,0.99,0.22,0.0,0.0,0.0,0.0,1.13,0.39,0.09,0.0,0.0,0.0,0.0,1.0,1.0,0.0,0.0,1.0,1.0,0.0,0.0,0.0,0.0,0.0,0.0,0.0,0.0,0.21221264813596602,20.700241544484495,18.60430057809206
5003,200.08,0.98,1,0.026,0.309,0.026,-0.037,-0.061,0.06,0.01,0.0,0.0,0.21,2.36,0.0,0.28,0.98,0.31,0.0,0.01,0.0,0.0,0.97,0.42,0.47,0.0,1.0,0.0,0.0,1.0,1.0,0.0,0.0,1.0,1.0,0.0,0.0,0.0,0.0,0.0,0.0,0.0,1.0,0.1759814817864866,20.102238681301284,19.543285291884786
5004,200.12,0.98,1,0.006,0.315,0.009,-0.037,-0.053,0.12,0.04,0.0,0.0,0.12,2.08,0.0,0.22,0.97,0.43,0.0,0.01,0.0,0.0,0.89,0.45,0.9,1.0,1.0,0.0,0.0,1.0,1.0,0.0,0.0,1.0,1.0,0.0,0.0,0.0,0.0,0.0,0.0,0.0,1.0,0.1726632519965554,18.006943105369107,18.527007313648905
5005,200.16,0.98,1,-0.011,0.339,0.026,-0.037,-0.058,0.38,0.11,0.0,0.0,0.04,1.24,0.0,0.23,1.04,0.46,0.0,0.01,0.05,0.0,0.99,0.4,1.7,1.0,1.0,0.0,0.0,0.0,1.0,0.0,0.0,1.0,1.0,0.0,0.0,0.0,0.0,0.0,0.0,0.0,1.0,0.18131918733003372,17.30115603073986,18.408965207202893
5006,200.2,0.98,1,0.052,0.386,-0.005,-0.055,-0.05,0.5,0.12,0.0,0.0,0.0,0.69,0.01,0.34,1.09,0.61,0.05,0.0,0.12,0.0,1.15,0.41,2.24,1.0,1.0,0.0,0.0,0.0,1.0,0.0,0.0,1.0,1.0,0.0,0.0,0.0,0.0,0.0,0.0,0.0,1.0,0.18564624978675087,18.461040057374973,19.822462006521842
5007,200.24,0.98,1,0.022,0.416,0.023,-0.053,-0.054,0.52,0.09,0.0,0.0,0.0,0.36,0.01,0.43,1.08,0.66,0.05,0.05,0.12,0.0,1.15,0.31,2.54,1.0,1.0,0.0,0.0,0.0,1.0,0.0,0.0,1.0,1.0,0.0,0.0,0.0,0.0,0.0,0.0,0.0,1.0,0.1695540083698731,15.9138304628395,18.786431273661357
5008,200.28,0.98,1,0.041,0.385,0.009,-0.038,-0.051,0.36,0.03,0.0,0.0,0.0,0.8,0.01,0.4,0.97,0.68,0.05,0.09,0.06,0.0,1.06,0.34,2.01,1.0,1.0,0.0,0.0,0.0,1.0,0.0,0.0,1.0,1.0,0.0,0.0,0.0,0.0,0.0,0.0,0.0,1.0,0.17183344963982014,17.772169254201966,22.000454540758792
5009,200.32,0.98,1,0.013,0.277,0.001,-0.03,-0.053,0.19,0.0,0.0,0.0,0.0,1.46,0.02,0.35,0.89,0.66,0.03,0.09,0.0,0.0,0.88,0.37,1.45,1.0,1.0,0.0,0.0,0.0,1.0,0.0,0.0,1.0,1.0,0.0,0.0,0.0,0.0,0.0,0.0,0.0,1.0,0.18868976324803555,18.944656238633723,20.497804760510423
5010,200.36,0.98,1,0.011,0.305,0.022,-0.036,-0.055,0.1,0.0,0.0,0.0,0.0,2.09,0.07,0.3,0.83,0.55,0.03,0.04,0.0,0.0,0.81,0.43,0.85,0.0,1.0,0.0,0.0,0.0,1.0,0.0,0.0,1.0,1.0,0.0,0.0,0.0,0.0,0.0,0.0,0.0,1.0,0.18931824176457912,16.900295855398372,17.341568556506026
5011,200.4,0.98,1,0.03,0.284,0.015,-0.029,-0.055,0.0,0.0,0.0,0.0,0.0,2.31,0.11,0.2,0.85,0.51,0.03,0.03,0.0,0.0,0.77,0.53,0.65,0.0,0.0,0.0,0.0,0.0,1.0,0.0,0.0,1.0,1.0,0.0,0.0,0.0,0.0,0.0,0.0,0.0,1.0,0.17820865222919363,17.913681921927807,17.423260314878014
5012,200.44,0.98,1,0.008,0.292,0.03,-0.031,-0.055,0.0,0.0,0.0,0.0,0.01,2.25,0.11,0.21,0.88,0.49,0.0,0.09,0.0,0.0,0.82,0.55,0.34,0.0,0.0,0.0,0.0,0.0,1.0,0.0,0.0,1.0,1.0,0.0,0.0,0.0,0.0,0.0,0.0,0.0,1.0,0.1867233395722121,18.71710447692168,18.20109886792535
5013,200.48,0.98,1,0.006,0.273,0.013,-0.029,-0.049,0.0,0.0,0.0,0.0,0.01,2.13,0.12,0.14,0.91,0.55,0.0,0.09,0.0,0.0,0.86,0.58,0.25,0.0,0.0,0.0,0.0,0.0,1.0,0.0,0.0,1.0,1.0,0.0,0.0,0.0,0.0,0.0,0.0,0.0,0.0,0.18885749683839254,19.32097306038177,18.704277585622002
5014,200.52,0.98,1,0.006,0.283,0.029,-0.029,-0.054,0.0,0.0,0.0,0.0,0.03,2.21,0.18,0.26,0.93,0.62,0.0,0.06,0.0,0.0,1.01,0.61,0.1,0.0,0.0,0.0,0.0,1.0,1.0,0.0,0.0,1.0,1.0,0.0,0.0,0.0,0.0,0.0,0.0,0.0,0.0,0.1944975294469906,19.531000998412754,18.904232330353825
5015,200.56,0.98,1,-0.002,0.269,0.02,-0.024,-0.049,0.0,0.0,0.0,0.0,0.04,2.19,0.21,0.3,1.0,0.61,0.0,0.0,0.0,0.0,1.19,0.61,0.07,0.0,0.0,0.0,0.0,1.0,1.0,0.0,0.0,1.0,1.0,0.0,0.0,0.0,0.0,1.0,0.0,0.0,0.0,0.19522632164688286,19.81615502563497,19.206509313251114
5016,200.6,0.98,1,-0.013,0.283,0.036,-0.02,-0.051,0.0,0.0,0.0,0.0,0.13,2.31,0.27,0.42,1.14,0.62,0.0,0.0,0.0,0.0,1.35,0.63,0.08,0.0,0.0,0.0,0.0,1.0,1.0,0.0,0.0,1.0,1.0,0.0,0.0,0.0,0.0,1.0,0.0,0.0,0.0,0.20140904453783334,20.20890892651065,19.40412327316013
5017,200.64,0.98,1,-0.002,0.266,0.025,-0.022,-0.049,0.0,0.0,0.0,0.06,0.17,2.21,0.25,0.54,1.28,0.63,0.0,0.0,0.0,0.0,1.49,0.61,0.08,0.0,0.0,0.0,0.0,1.0,1.0,0.0,0.0,1.0,1.0,0.0,0.0,0.0,0.0,1.0,0.0,0.0,0.0,0.20106580441934313,20.500975586542218,19.709134937891157
5018,200.68,0.98,1,-0.014,0.281,0.035,-0.02,-0.051,0.0,0.0,0.0,0.06,0.23,2.1,0.21,0.66,1.44,0.66,0.0,0.0,0.0,0.0,1.55,0.61,0.1,0.0,0.0,0.0,0.0,1.0,1.0,0.0,0.0,1.0,1.0,0.0,0.0,0.0,0.0,1.0,0.0,0.0,0.0,0.20367400147916553,20.900239233080654,19.802272596851054
5019,200.72,0.98,1,-0.016,0.268,0.028,-0.014,-0.052,0.06,0.0,0.0,0.06,0.27,2.09,0.17,0.71,1.57,0.74,0.0,0.0,0.0,0.0,1.63,0.58,0.05,0.0,0.0,0.0,0.0,1.0,1.0,0.0,0.0,1.0,1.0,0.0,0.0,0.0,0.0,1.0,0.0,0.0,0.0,0.20856374623325719,21.30023474049049,21.000238093888363
5020,200.76,0.98,1,-0.016,0.287,0.037,-0.002,-0.04,0.06,0.0,0.0,0.0,0.33,2.31,0.18,0.71,1.69,0.62,0.0,0.0,0.0,0.0,1.78,0.72,0.03,0.0,0.0,0.0,0.0,1.0,1.0,0.0,0.0,1.0,1.0,0.0,0.0,0.0,0.0,1.0,0.0,0.0,0.0,0.19575836774065927,22.200225224082796,21.30093894644079
5021,200.8,0.98,1,-0.04,0.289,0.051,0.001,-0.012,0.06,0.0,0.0,0.0,0.49,2.71,0.33,0.61,1.79,0.5,0.0,0.0,0.0,0.0,1.95,0.9,0.39,0.0,0.0,0.0,0.0,1.0,1.0,0.0,0.0,1.0,1.0,0.0,0.0,0.0,0.0,1.0,0.0,0.0,0.0,0.20235405279327942,22.30089684295226,20.000249998437518
5022,200.84,0.98,1,-0.081,0.355,0.066,0.041,-0.002,0.0,0.08,0.0,0.0,0.66,2.71,0.45,0.55,1.91,0.37,0.0,0.0,0.33,0.0,2.0,0.99,1.15,0.0,0.0,0.0,0.0,1.0,1.0,1.0,0.0,1.0,1.0,0.0,0.0,0.0,0.0,1.0,0.0,0.0,1.0,0.15616376198148052,19.300259065618963,19.936148073286468
5023,200.88,0.98,1,-0.125,0.382,0.058,0.114,0.015,0.0,0.08,0.0,0.0,0.92,2.49,0.68,0.45,2.02,0.41,0.0,0.0,0.51,0.0,1.84,0.69,1.89,0.0,0.0,0.0,0.0,1.0,1.0,1.0,0.0,1.0,1.0,0.0,0.0,0.0,0.0,1.0,0.0,0.0,1.0,0.15866402984495181,18.81302740124508,19.509228585466932
5024,200.92,0.98,1,-0.229,0.374,0.051,0.183,0.021,0.0,0.08,0.0,0.0,1.23,2.36,0.74,0.46,2.05,0.49,0.0,0.2,0.51,0.0,1.5,0.32,1.5,0.0,0.0,0.0,0.0,1.0,1.0,1.0,1.0,1.0,1.0,0.0,0.0,0.0,0.0,1.0,0.0,0.0,1.0,0.15846310014494291,19.30414463269477,19.406442229321662
5025,200.96,0.88,1,-0.225,0.318,0.002,0.162,0.021,0.22,0.0,0.0,0.0,1.44,2.38,0.9,0.83,2.09,0.68,0.0,0.2,0.18,0.0,1.82,0.05,0.91,1.0,0.0,0.0,0.0,1.0,1.0,1.0,1.0,1.0,1.0,0.0,0.0,0.0,0.0,1.0,0.0,0.0,1.0,0.10474818715925169,21.700000000000045,23.165707414193147
5026,201.0,0.98,1,-0.355,0.358,0.089,0.431,0.043,0.75,0.0,0.14,0.0,1.51,2.65,1.0,1.37,2.07,1.11,0.0,0.25,0.11,0.0,2.19,0.0,0.17,1.0,0.0,1.0,0.0,1.0,1.0,1.0,1.0,1.0,1.0,0.0,0.0,0.0,0.0,1.0,0.0,0.0,1.0,0.2282783344255726,16.120794025109273,19.203385118254523
5027,201.04,0.98,1,-0.449,0.305,0.074,0.516,0.087,1.52,0.02,0.27,0.0,1.32,2.57,1.01,2.02,2.2,1.39,0.0,0.08,0.27,0.0,2.55,0.0,0.17,1.0,0.0,1.0,0.0,1.0,1.0,1.0,1.0,1.0,1.0,0.0,0.0,0.0,0.0,1.0,0.0,0.0,1.0,0.2974802156310833,16.4195006014189,17.867568385205637
5028,201.08,0.98,1,-0.48,0.198,0.063,0.542,0.115,2.13,0.25,0.59,0.19,1.01,2.23,0.78,2.37,2.15,1.49,0.0,0.21,0.54,0.27,2.14,0.0,0.0,1.0,1.0,1.0,0.0,1.0,1.0,1.0,1.0,1.0,1.0,0.0,0.0,0.0,0.0,1.0,0.0,0.0,1.0,0.3796972879512438,14.641379716406421,10.124228365658347
5029,201.12,0.98,1,-0.561,0.124,0.003,0.537,0.154,2.42,0.48,0.88,0.36,0.75,1.76,0.45,2.55,2.19,1.38,0.0,0.39,0.86,0.68,1.76,0.0,0.0,1.0,1.0,1.0,0.0,1.0,1.0,1.0,1.0,1.0,1.0,0.0,0.0,0.0,0.0,1.0,0.0,0.0,0.0,0.38118295241664335,15.825612152457238,9.848857801796123
5030,201.16,0.98,1,-0.556,0.12,0.013,0.558,0.168,2.47,0.64,1.2,0.47,0.54,1.29,0.26,2.54,2.1,1.36,0.0,0.56,1.1,1.12,1.65,0.0,0.0,1.0,1.0,1.0,0.0,1.0,1.0,1.0,1.0,1.0,1.0,0.0,0.0,0.0,0.0,1.0,0.0,0.0,0.0,0.44832859959971727,14.748898263938155,9.060905032059422
5031,201.2,0.98,1,-0.6,0.115,0.004,0.584,0.179,2.4,0.81,1.3,0.37,0.47,1.22,0.23,2.48,2.13,1.31,0.0,0.69,1.06,1.26,1.83,0.0,0.0,1.0,1.0,1.0,0.0,1.0,1.0,1.0,1.0,1.0,1.0,0.0,0.0,0.0,0.0,1.0,0.0,0.0,0.0,0.4351476431168384,13.33754100274855,8.452810183601624
5032,201.24,0.98,1,-0.598,0.133,-0.002,0.596,0.185,2.36,1.0,1.27,0.36,0.45,0.91,0.23,2.39,2.11,1.27,0.0,0.69,0.87,1.32,2.0,0.0,0.0,1.0,1.0,1.0,0.0,1.0,1.0,1.0,1.0,1.0,1.0,0.0,0.0,0.0,0.0,1.0,0.0,0.0,0.0,0.43880695772463596,12.070211265756697,8.973850901368973
5033,201.28,0.98,1,-0.612,0.128,-0.008,0.604,0.188,2.4,1.24,1.26,0.25,0.42,0.89,0.24,2.34,2.12,1.19,0.0,0.79,0.69,1.33,2.07,0.0,0.0,1.0,1.0,1.0,0.0,1.0,1.0,1.0,1.0,1.0,1.0,0.0,0.0,0.0,0.0,1.0,0.0,0.0,0.0,0.4492311511206474,10.767079455451169,9.29139386744534
5034,201.32,0.98,1,-0.609,0.128,-0.009,0.612,0.19,2.45,1.13,1.27,0.15,0.41,0.85,0.25,2.24,2.15,1.13,0.0,0.79,0.72,1.47,1.91,0.0,0.0,1.0,1.0,1.0,0.0,0.0,1.0,1.0,1.0,1.0,1.0,0.0,0.0,0.0,0.0,1.0,0.0,0.0,0.0,0.4583457203000527,9.861541461657968,8.127115109311577
5035,201.36,0.98,1,-0.607,0.116,-0.009,0.601,0.193,2.45,1.1,1.32,0.05,0.36,0.95,0.29,2.11,2.15,1.05,0.0,0.89,0.59,1.65,1.71,0.0,0.0,1.0,1.0,1.0,0.0,0.0,1.0,1.0,1.0,1.0,1.0,0.0,0.0,0.0,0.0,1.0,0.0,0.0,0.0,0.4919142370650115,9.633794683301076,7.624303246854711
5036,201.4,0.98,1,-0.597,0.112,-0.015,0.599,0.194,2.46,1.13,1.42,0.05,0.37,0.88,0.31,2.06,2.16,1.08,0.0,0.9,0.51,1.85,1.56,0.0,0.0,1.0,1.0,1.0,0.0,1.0,1.0,1.0,1.0,1.0,1.0,0.0,0.0,0.0,0.0,1.0,0.0,0.0,0.0,0.48693281153501095,9.63327566303386,8.664871608973835
5037,201.44,0.98,1,-0.609,0.105,-0.013,0.598,0.192,2.46,1.23,1.44,0.08,0.32,0.8,0.2,1.99,2.13,1.19,0.0,1.07,0.37,2.01,1.58,0.0,0.0,1.0,1.0,1.0,0.0,1.0,1.0,1.0,1.0,1.0,1.0,0.0,0.0,0.0,0.0,1.0,0.0,0.0,0.0,0.503952032789462,9.476286192385682,7.421590126111836
5038,201.48,0.98,1,-0.614,0.094,-0.019,0.592,0.194,2.49,1.14,1.5,0.31,0.4,1.01,0.1,2.11,2.22,1.31,0.0,1.03,0.43,1.88,1.77,0.0,0.0,1.0,1.0,1.0,0.0,1.0,1.0,1.0,1.0,1.0,1.0,0.0,0.0,0.0,0.0,1.0,0.0,0.0,0.0,0.5124453720582514,10.012492197250394,8.417244204607538
5039,201.52,0.98,1,-0.607,0.087,-0.006,0.606,0.191,2.38,1.03,1.44,0.52,0.34,1.13,0.01,2.19,2.15,1.39,0.0,1.15,0.32,1.85,1.98,0.36,0.0,1.0,1.0,1.0,0.0,1.0,1.0,1.0,1.0,1.0,1.0,0.0,0.0,0.0,0.0,1.0,0.0,0.0,0.0,0.48518715976236043,11.772000679578682,8.028075734570582
5040,201.56,0.98,1,-0.608,0.108,-0.005,0.615,0.176,2.31,0.91,1.29,0.59,0.41,1.2,0.1,2.0,1.88,1.48,0.0,1.06,0.2,1.71,2.04,1.04,0.06,1.0,1.0,1.0,0.0,0.0,1.0,1.0,1.0,1.0,1.0,0.0,0.0,0.0,0.0,1.0,0.0,0.0,0.0,0.5034781761807464,14.605478424207837,7.236711960552279
5041,201.6,0.88,1,-0.502,0.24,-0.004,0.612,0.169,1.81,0.88,1.04,0.34,0.55,0.98,0.21,1.5,1.69,1.71,0.0,0.98,0.16,1.39,2.45,2.17,0.32,1.0,1.0,1.0,0.0,1.0,1.0,1.0,1.0,1.0,1.0,0.0,0.0,0.0,0.0,1.0,0.0,0.0,0.0,0.3876649804725575,14.108862463005307,8.471717653463179
5042,201.64,0.88,1,-0.51,0.306,0.001,0.64,0.166,1.07,0.64,0.89,0.21,0.76,0.58,0.32,0.89,1.6,1.54,0.0,0.58,0.94,0.91,2.83,2.75,0.48,1.0,1.0,1.0,0.0,1.0,1.0,1.0,1.0,1.0,1.0,0.0,0.0,0.0,0.0,1.0,0.0,0.0,0.0,0.25009054471031694,15.044268011438607,11.842297074470038
5043,201.68,0.82,1,-0.449,0.279,-0.046,0.613,0.169,0.63,0.69,0.73,0.1,1.04,1.13,0.41,0.67,1.7,1.08,0.0,0.23,1.07,0.35,3.15,2.66,0.96,0.0,0.0,1.0,0.0,1.0,1.0,1.0,1.0,1.0,1.0,0.0,0.0,1.0,0.0,1.0,1.0,0.0,0.0,0.22101923791193362,18.462123388169434,13.572398461583713
5044,201.72,0.98,1,-0.273,0.388,0.059,0.338,0.006,0.33,0.41,0.64,0.07,0.98,1.89,0.28,0.49,1.57,0.48,0.0,0.06,1.34,0.6,2.72,1.95,1.13,0.0,0.0,1.0,0.0,1.0,1.0,1.0,1.0,1.0,1.0,0.0,0.0,1.0,0.0,1.0,1.0,0.0,0.0,0.13820285353361506,18.327302038216054,18.604300578092175
5045,201.76,0.98,1,-0.213,0.374,0.048,0.247,0.028,0.33,0.32,0.36,0.0,1.03,2.99,0.23,0.33,1.53,0.38,0.0,0.32,1.0,0.82,1.84,1.27,1.14,0.0,0.0,0.0,0.0,1.0,1.0,0.0,1.0,1.0,1.0,0.0,0.0,1.0,0.0,1.0,1.0,0.0,0.0,0.1605327938267813,20.700241544484495,18.100000000000023
5046,201.8,0.93,1,-0.122,0.363,0.033,0.165,0.035,0.0,0.04,0.22,0.0,1.05,3.18,0.1,0.24,1.68,0.51,0.0,0.58,1.11,1.22,1.25,0.91,0.87,0.0,0.0,0.0,0.0,1.0,1.0,0.0,1.0,1.0,1.0,0.0,0.0,1.0,0.0,1.0,1.0,0.0,0.0,0.13052375240134917,20.303940504247137,18.227451824103163
5047,201.84,0.98,1,-0.043,0.329,0.051,0.041,0.01,0.0,0.19,0.05,0.0,1.18,3.28,0.14,0.38,2.0,0.79,0.0,0.76,0.74,1.08,1.2,0.79,0.69,0.0,0.0,0.0,0.0,1.0,1.0,0.0,1.0,1.0,1.0,0.0,0.0,1.0,0.0,1.0,1.0,0.0,0.0,0.14014900410594577,19.112822920751306,17.94017837146552
5048,201.88,0.98,1,-0.007,0.321,0.068,-0.012,-0.014,0.0,0.19,0.0,0.0,1.28,3.31,0.17,0.78,2.27,0.86,0.0,0.56,0.26,0.75,1.75,0.85,0.63,0.0,0.0,0.0,0.0,1.0,1.0,0.0,1.0,1.0,1.0,0.0,0.0,0.0,0.0,1.0,1.0,0.0,0.0,0.1514903825299681,19.804039991880398,18.162048342629106
5049,201.92,0.98,1,0.013,0.306,0.062,-0.019,-0.043,0.0,0.15,0.0,0.0,1.27,3.43,0.37,1.09,2.34,0.96,0.0,0.29,0.03,0.32,2.22,0.89,0.38,0.0,0.0,0.0,0.0,1.0,1.0,1.0,1.0,1.0,1.0,0.0,0.0,0.0,0.0,1.0,1.0,0.0,0.0,0.1541454366660604,20.024984394500787,18.876705220985947
5050,201.96,0.98,1,0.011,0.296,0.051,-0.019,-0.062,0.02,0.0,0.0,0.0,1.25,3.47,0.57,1.4,2.34,0.98,0.0,0.13,0.0,0.03,2.53,0.71,0.14,0.0,0.0,0.0,0.0,1.0,1.0,1.0,1.0,1.0,1.0,0.0,0.0,0.0,0.0,1.0,1.0,0.0,0.0,0.15561554779994427,20.24845673131663,18.768324379123506
5051,202.0,0.98,1,0.019,0.292,0.047,-0.022,-0.072,0.04,0.0,0.0,0.0,1.24,3.49,0.71,1.44,2.43,1.07,0.0,0.05,0.0,0.0,2.67,0.47,0.05,0.0,0.0,0.0,0.0,1.0,1.0,1.0,1.0,1.0,1.0,0.0,0.0,0.0,0.0,1.0,1.0,0.0,0.0,0.1561702087592574,20.35534327885428,19.890952717253317
5052,202.04,0.98,1,0.02,0.293,0.048,-0.021,-0.075,0.04,0.0,0.0,0.0,1.28,3.35,0.74,1.45,2.46,1.09,0.0,0.04,0.0,0.0,2.8,0.53,0.05,0.0,0.0,0.0,0.0,1.0,1.0,1.0,1.0,1.0,1.0,0.0,0.0,0.0,0.0,1.0,1.0,0.0,0.0,0.15988246553169483,20.84706214314137,19.50282030886824
5053,202.08,0.98,1,0.026,0.291,0.051,-0.021,-0.074,0.16,0.0,0.0,0.0,1.3,3.38,0.77,1.34,2.45,1.02,0.0,0.0,0.0,0.0,2.89,0.99,0.03,0.0,0.0,0.0,0.0,1.0,1.0,1.0,1.0,1.0,1.0,0.0,0.0,0.0,0.0,1.0,1.0,0.0,0.0,0.1580252124414487,20.953758612716808,19.791412279066716
5054,202.12,0.98,1,0.028,0.3,0.062,-0.028,-0.071,0.28,0.0,0.0,0.0,1.23,3.35,0.67,1.38,2.24,0.95,0.0,0.0,0.0,0.0,2.65,1.38,0.0,0.0,0.0,0.0,0.0,1.0,1.0,1.0,1.0,1.0,1.0,0.0,0.0,0.0,0.0,1.0,1.0,0.0,0.0,0.16388950548565479,20.834586628968847,20.199257412093058
5055,202.16,0.98,1,0.025,0.291,0.038,-0.025,-0.101,0.5,0.0,0.0,0.0,1.04,3.32,0.64,1.32,1.94,0.97,0.0,0.05,0.0,0.0,1.84,1.22,0.06,0.0,0.0,0.0,0.0,1.0,1.0,1.0,1.0,1.0,1.0,0.0,0.0,0.0,0.0,1.0,0.0,0.0,0.0,0.16746922178465418,20.71955597979823,19.99049774267751
5056,202.2,0.98,1,0.027,0.293,0.03,-0.018,-0.099,0.38,0.0,0.0,0.0,0.88,3.17,0.59,1.37,1.62,0.91,0.0,0.23,0.0,0.0,0.84,0.75,0.14,0.0,0.0,0.0,0.0,1.0,1.0,1.0,1.0,1.0,1.0,0.0,0.0,0.0,0.0,1.0,1.0,0.0,0.0,0.17187141588225302,20.515603817582363,20.398284241572824
5057,202.24,0.98,1,0.002,0.296,0.018,-0.027,-0.085,0.32,0.0,0.0,0.0,0.78,3.04,0.69,1.32,1.41,0.87,0.0,0.3,0.0,0.0,0.28,0.45,0.14,0.0,0.0,0.0,0.0,1.0,1.0,1.0,1.0,1.0,1.0,0.0,0.0,0.0,0.0,1.0,1.0,0.0,0.0,0.16189152440578097,21.215088969881837,19.623710148695118
5058,202.28,0.98,1,0.008,0.297,0.017,-0.023,-0.104,0.18,0.0,0.0,0.0,0.76,2.95,0.73,1.42,1.4,0.81,0.0,0.25,0.0,0.0,0.55,0.56,0.21,0.0,0.0,0.0,0.0,1.0,1.0,1.0,1.0,1.0,1.0,0.0,0.0,0.0,0.0,1.0,1.0,0.0,0.0,0.16712750727479408,21.608331726442838,18.221415971323328
5059,202.32,0.98,1,0.009,0.3,0.026,-0.022,-0.107,0.28,0.0,0.0,0.0,0.77,3.0,0.77,1.46,1.48,0.81,0.0,0.07,0.0,0.0,1.12,0.76,0.21,0.0,0.0,0.0,0.0,1.0,1.0,1.0,1.0,1.0,1.0,0.0,0.0,0.0,0.0,1.0,1.0,0.0,0.0,0.16686980200757623,21.308449028495893,18.71817298776792
5060,202.36,0.98,1,0.016,0.322,0.051,-0.02,-0.097,0.28,0.0,0.0,0.0,0.87,3.11,0.77,1.59,1.62,0.89,0.0,0.0,0.0,0.0,1.65,0.88,0.25,0.0,0.0,0.0,0.0,1.0,1.0,1.0,1.0,1.0,1.0,0.0,0.0,0.0,0.0,1.0,1.0,0.0,0.0,0.16973117866676263,20.20222759994555,19.094763680129688
5061,202.4,0.98,1,0.008,0.313,0.045,-0.019,-0.1,0.32,0.03,0.0,0.06,1.03,3.5,0.81,1.55,1.82,0.93,0.0,0.0,0.0,0.0,2.04,0.79,0.35,0.0,0.0,0.0,0.0,1.0,1.0,1.0,1.0,1.0,1.0,0.0,0.0,0.0,0.0,1.0,1.0,0.0,0.0,0.1652861609425169,20.911719202399496,18.867962264113164
5062,202.44,0.98,1,-0.009,0.302,0.047,-0.009,-0.083,0.24,0.03,0.0,0.06,1.14,3.53,0.77,1.57,2.04,0.94,0.0,0.0,0.0,0.0,2.3,0.7,0.28,0.0,0.0,0.0,0.0,1.0,1.0,1.0,1.0,1.0,1.0,0.0,0.0,0.0,0.0,1.0,1.0,0.0,0.0,0.16651482903818624,21.500232556881798,19.474342094150533
5063,202.48,0.98,1,-0.019,0.317,0.056,-0.021,-0.056,0.24,0.03,0.0,0.06,1.21,3.56,0.69,1.61,2.19,0.94,0.0,0.0,0.0,0.0,2.53,0.64,0.34,0.0,0.0,0.0,0.0,1.0,1.0,1.0,1.0,1.0,1.0,0.0,0.0,0.0,0.0,1.0,1.0,0.0,0.0,0.16261040217472225,21.800229356591597,19.46586756350725
5064,202.52,0.98,1,0.015,0.307,0.049,-0.023,-0.078,0.21,0.0,0.0,0.01,1.21,3.33,0.55,1.78,2.22,1.06,0.0,0.0,0.0,0.0,2.61,0.63,0.1,0.0,0.0,0.0,0.0,1.0,1.0,1.0,1.0,1.0,1.0,0.0,0.0,0.0,0.0,1.0,1.0,0.0,0.0,0.1593497781671179,19.412624758131074,19.14418971907656
5065,202.56,0.98,1,0.031,0.289,0.044,-0.014,-0.086,0.34,0.0,0.0,0.01,1.2,3.16,0.55,1.81,2.19,1.2,0.0,0.0,0.0,0.0,2.65,0.48,0.1,0.0,0.0,0.0,0.0,1.0,1.0,1.0,1.0,1.0,1.0,0.0,0.0,0.0,0.0,1.0,1.0,0.0,0.0,0.16309202782351367,19.51640335717624,20.155892438689126
5066,202.6,0.98,1,0.035,0.291,0.046,-0.014,-0.09,0.4,0.0,0.0,0.01,1.23,3.19,0.57,1.77,2.25,1.25,0.0,0.0,0.0,0.0,2.67,0.36,0.1,0.0,0.0,0.0,0.0,1.0,1.0,1.0,1.0,1.0,1.0,0.0,0.0,0.0,0.0,1.0,1.0,0.0,0.0,0.16369188466563286,18.821530224718668,20.447982785595347
5067,202.64,0.98,1,0.026,0.296,0.048,-0.009,-0.075,0.29,0.0,0.0,0.06,1.17,3.01,0.65,1.73,2.24,1.16,0.0,0.0,0.0,0.0,2.58,0.17,0.1,0.0,0.0,0.0,0.0,1.0,1.0,1.0,1.0,1.0,1.0,0.0,0.0,0.0,0.0,1.0,1.0,0.0,0.0,0.1630486042706818,19.20104163841123,20.44798278559512
5068,202.68,0.98,1,0.023,0.282,0.041,-0.028,-0.061,0.22,0.0,0.0,0.18,1.2,2.97,0.65,1.8,2.24,1.09,0.0,0.0,0.0,0.0,2.45,0.09,0.18,0.0,0.0,0.0,0.0,1.0,1.0,1.0,1.0,1.0,1.0,0.0,0.0,0.0,0.0,1.0,1.0,0.0,0.0,0.16285486626760015,19.012890364171355,19.830532015051897
5069,202.72,0.98,1,0.036,0.284,0.035,-0.025,-0.078,0.25,0.0,0.0,0.18,1.12,2.77,0.65,1.83,2.11,1.14,0.0,0.0,0.0,0.0,2.31,0.01,0.11,0.0,0.0,0.0,0.0,1.0,1.0,1.0,1.0,1.0,1.0,0.0,0.0,0.0,0.0,1.0,1.0,0.0,0.0,0.1630852463679427,19.016834647227704,19.630843079195692
5070,202.76,0.98,1,0.041,0.299,0.043,-0.022,-0.087,0.5,0.0,0.0,0.12,1.08,2.92,0.63,1.84,1.97,1.09,0.0,0.0,0.0,0.0,2.43,0.24,0.22,0.0,0.0,0.0,0.0,1.0,1.0,1.0,1.0,1.0,1.0,0.0,0.0,0.0,0.0,1.0,1.0,0.0,0.0,0.16542872044593934,18.621761463406333,19.531000998412754
5071,202.8,0.98,1,0.026,0.31,0.053,-0.019,-0.09,0.7,0.01,0.0,0.11,0.97,3.15,0.65,1.75,1.74,0.97,0.0,0.0,0.0,0.0,2.63,0.67,0.16,0.0,0.0,0.0,0.0,1.0,1.0,1.0,1.0,1.0,1.0,0.0,0.0,0.0,0.0,1.0,1.0,0.0,0.0,0.16762592317817288,18.432851108822078,19.930378822290223
5072,202.84,0.98,1,0.02,0.315,0.065,-0.009,-0.079,0.68,0.02,0.0,0.12,0.82,3.33,0.65,1.59,1.53,0.61,0.0,0.09,0.0,0.0,2.57,1.22,0.16,0.0,0.0,0.0,0.0,1.0,1.0,1.0,1.0,1.0,1.0,0.0,0.0,0.0,0.0,1.0,1.0,0.0,0.0,0.16466038973172054,19.50102561405425,20.13578903345994
5073,202.88,0.98,1,0.01,0.316,0.061,-0.019,-0.052,0.56,0.03,0.0,0.19,0.73,3.25,0.66,1.36,1.37,0.58,0.0,0.22,0.0,0.0,1.87,1.34,0.15,0.0,0.0,0.0,0.0,1.0,1.0,1.0,1.0,1.0,1.0,0.0,0.0,0.0,0.0,1.0,1.0,0.0,0.0,0.16980355636125763,19.601020381602495,20.24845673131663
5074,202.92,0.98,1,0.013,0.308,0.046,-0.007,-0.068,0.28,0.02,0.0,0.08,0.63,2.94,0.55,1.21,1.31,0.48,0.0,0.45,0.0,0.0,0.96,1.23,0.15,0.0,0.0,0.0,0.0,1.0,1.0,1.0,1.0,1.0,1.0,0.0,1.0,0.0,0.0,1.0,1.0,0.0,0.0,0.17047732266247784,20.200000000000045,20.462648899885952
5075,202.96,0.98,1,0.006,0.305,0.042,-0.018,-0.048,0.26,0.01,0.0,0.08,0.72,2.81,0.52,1.22,1.28,0.62,0.0,0.51,0.0,0.0,0.27,0.75,0.14,0.0,0.0,0.0,0.0,1.0,1.0,1.0,1.0,1.0,1.0,1.0,1.0,0.0,0.0,0.0,0.0,0.0,0.0,0.16908383056226833,20.30098519776829,20.1419959289045
5076,203.0,0.98,1,0.006,0.289,0.031,-0.008,-0.078,0.14,0.0,0.0,0.0,0.7,2.71,0.48,1.26,1.31,0.42,0.0,0.56,0.0,0.0,0.09,0.49,0.04,0.0,0.0,0.0,0.0,1.0,1.0,1.0,1.0,1.0,1.0,1.0,1.0,0.0,0.0,0.0,0.0,0.0,0.0,0.17293948346004034,20.102238681301056,20.362956563328378
5077,203.04,0.98,1,0.0,0.285,0.022,-0.014,-0.058,0.22,0.02,0.0,0.05,0.79,2.93,0.59,1.4,1.39,0.47,0.0,0.44,0.0,0.0,0.19,0.27,0.04,0.0,0.0,0.0,0.0,1.0,1.0,1.0,1.0,1.0,1.0,1.0,1.0,0.0,0.0,0.0,0.0,0.0,0.0,0.1668490340974243,20.300246303924446,20.34821859524804
5078,203.08,0.98,1,0.021,0.296,0.023,-0.013,-0.063,0.08,0.02,0.0,0.05,0.72,2.7,0.62,1.46,1.4,0.41,0.0,0.45,0.0,0.0,0.37,0.25,0.02,0.0,0.0,0.0,0.0,1.0,1.0,1.0,1.0,1.0,1.0,1.0,1.0,0.0,0.0,0.0,0.0,0.0,0.0,0.16848409639581252,20.4009803685998,20.072119967756265
5079,203.12,0.98,1,0.006,0.285,0.024,-0.02,-0.054,0.14,0.03,0.0,0.05,0.77,2.91,0.67,1.53,1.5,0.55,0.0,0.28,0.0,0.0,0.55,0.21,0.11,0.0,0.0,0.0,0.0,1.0,1.0,1.0,1.0,1.0,1.0,1.0,1.0,0.0,0.0,0.0,0.0,0.0,0.0,0.1701456677915842,20.200000000000045,19.936148073286468
5080,203.16,0.98,1,0.009,0.288,0.011,-0.011,-0.055,0.06,0.01,0.0,0.0,0.77,2.62,0.58,1.65,1.56,0.57,0.0,0.29,0.0,0.0,0.58,0.19,0.19,0.0,0.0,0.0,0.0,1.0,1.0,1.0,1.0,1.0,1.0,1.0,1.0,0.0,0.0,0.0,0.0,0.0,0.0,0.16591721854986619,20.00224987345174,20.447982785595347
5081,203.2,0.98,1,0.003,0.272,0.02,-0.022,-0.046,0.19,0.25,0.0,0.0,0.88,2.8,0.66,1.71,1.67,0.58,0.0,0.18,0.0,0.0,0.69,0.15,0.4,0.0,0.0,0.0,0.0,1.0,1.0,1.0,1.0,1.0,1.0,1.0,0.0,0.0,0.0,0.0,0.0,0.0,0.0,0.16837246300011005,20.70096616102741,20.106217943710757
5082,203.24,0.98,1,0.011,0.29,0.023,-0.011,-0.057,0.12,0.24,0.0,0.17,0.89,2.75,0.67,1.68,1.67,0.52,0.0,0.24,0.0,0.0,0.85,0.31,0.44,0.0,0.0,0.0,0.0,1.0,1.0,1.0,1.0,1.0,1.0,1.0,0.0,0.0,0.0,1.0,0.0,0.0,0.0,0.16159191032021547,20.500975586542218,20.1419959289045
5083,203.28,0.98,1,0.015,0.293,0.036,-0.023,-0.043,0.21,0.29,0.0,0.19,1.0,2.99,0.76,1.58,1.68,0.57,0.0,0.12,0.0,0.0,1.14,0.34,0.35,0.0,0.0,0.0,0.0,1.0,1.0,1.0,1.0,1.0,1.0,1.0,0.0,0.0,0.0,1.0,0.0,0.0,0.0,0.1627818607079055,20.20024752323599,20.729206448873096
5084,203.32,0.98,1,0.012,0.29,0.03,-0.018,-0.075,0.11,0.05,0.0,0.19,0.94,2.99,0.68,1.49,1.63,0.55,0.0,0.18,0.0,0.0,1.36,0.59,0.13,0.0,0.0,0.0,0.0,1.0,1.0,1.0,1.0,1.0,1.0,1.0,0.0,0.0,0.0,1.0,0.0,0.0,0.0,0.16267589198096477,20.120139164528567,20.11591409804676
5085,203.36,0.98,1,0.009,0.292,0.054,-0.027,-0.052,0.19,0.05,0.0,0.02,0.82,2.85,0.63,1.37,1.52,0.63,0.0,0.12,0.0,0.0,1.36,0.79,0.01,0.0,0.0,0.0,0.0,1.0,1.0,1.0,1.0,1.0,1.0,1.0,0.0,0.0,0.0,1.0,0.0,0.0,0.0,0.16984239449888916,20.60218435020922,21.252999788265004
5086,203.4,0.98,1,0.012,0.293,0.044,-0.023,-0.079,0.26,0.01,0.0,0.0,0.45,2.73,0.46,0.95,1.15,0.42,0.06,0.13,0.0,0.0,1.17,1.34,0.0,0.0,0.0,0.0,0.0,1.0,1.0,0.0,0.0,1.0,1.0,1.0,0.0,0.0,0.0,1.0,1.0,0.0,0.0,0.1776036841428435,21.005951537600005,21.03425777154973
5087,203.44,0.98,1,0.017,0.312,0.055,-0.029,-0.087,0.31,0.01,0.0,0.0,0.17,2.46,0.27,0.5,0.69,0.25,0.14,0.04,0.0,0.0,1.0,1.83,0.0,0.0,0.0,0.0,0.0,1.0,1.0,0.0,0.0,1.0,1.0,1.0,0.0,0.0,0.0,1.0,1.0,0.0,0.0,0.19200403832400154,21.203773249117763,20.84706214314137
5088,203.48,0.98,1,0.025,0.328,0.06,-0.032,-0.092,0.44,0.02,0.0,0.0,0.01,2.52,0.09,0.15,0.27,0.03,0.28,0.04,0.0,0.0,0.97,2.26,0.0,0.0,0.0,0.0,0.0,0.0,1.0,0.0,0.0,1.0,1.0,1.0,0.0,0.0,0.0,1.0,1.0,0.0,0.0,0.19014324072956096,21.303755537463527,21.160576551691502
5089,203.52,0.98,1,0.029,0.333,0.06,-0.029,-0.094,0.52,0.02,0.0,0.0,0.0,2.57,0.0,0.03,0.07,0.0,0.3,0.14,0.0,0.0,0.99,2.39,0.0,1.0,1.0,0.0,0.0,0.0,1.0,0.0,0.0,0.0,0.0,1.0,0.0,0.0,0.0,1.0,1.0,0.0,1.0,0.18944700595112315,21.51139233057684,22.19031320193557
5090,203.56,0.98,1,0.028,0.329,0.053,-0.025,-0.093,0.72,0.11,0.0,0.0,0.0,2.69,0.0,0.04,0.0,0.0,0.27,0.15,0.0,0.0,0.95,2.41,0.0,1.0,1.0,0.0,0.0,0.0,0.0,0.0,0.0,0.0,0.0,1.0,0.0,0.0,0.0,1.0,1.0,0.0,1.0,0.19332967576043542,21.608331726442838,22.688322987828037
5091,203.6,0.98,1,0.024,0.332,0.049,-0.024,-0.091,1.03,0.31,0.0,0.0,0.0,2.29,0.0,0.13,0.0,0.0,0.17,0.12,0.0,0.0,1.06,2.43,0.4,1.0,1.0,0.0,0.0,0.0,0.0,0.0,0.0,0.0,0.0,1.0,0.0,0.0,0.0,1.0,1.0,0.0,1.0,0.2027587849341119,20.515603817582363,21.28497122384694
5092,203.64,0.98,1,0.048,0.375,0.034,-0.036,-0.084,1.52,0.6,0.0,0.0,0.0,1.81,0.0,0.37,0.06,0.0,0.12,0.01,0.0,0.0,1.24,2.5,1.0,1.0,1.0,0.0,0.0,0.0,1.0,0.0,0.0,0.0,0.0,1.0,0.0,0.0,0.0,1.0,1.0,0.0,1.0,0.18290557809434885,18.439088914585643,21.633538776631063
5093,203.68,0.98,1,0.012,0.476,0.037,-0.025,-0.08,1.81,0.79,0.0,0.0,0.0,1.48,0.0,0.64,0.13,0.06,0.09,0.0,0.0,0.0,1.46,2.54,1.6,1.0,1.0,0.0,0.0,0.0,1.0,0.0,0.0,0.0,0.0,1.0,0.0,0.0,0.0,1.0,1.0,0.0,1.0,0.15115218198388455,19.734487578855354,20.09601950635982
5094,203.72,0.98,1,0.004,0.405,0.022,-0.034,-0.071,1.75,0.74,0.0,0.0,0.0,1.56,0.01,0.76,0.2,0.06,0.05,0.04,0.0,0.0,1.24,2.42,1.68,1.0,1.0,0.0,0.0,0.0,1.0,0.0,0.0,0.0,1.0,1.0,0.0,0.0,0.0,1.0,1.0,0.0,1.0,0.1624582211983618,17.62554963681984,20.961870145576412
5095,203.76,0.98,1,-0.015,0.358,0.019,-0.022,-0.072,1.34,0.56,0.0,0.0,0.08,1.92,0.01,0.73,0.31,0.22,0.06,0.18,0.0,0.0,0.75,1.84,1.42,1.0,1.0,0.0,0.0,0.0,1.0,0.0,0.0,0.0,1.0,1.0,0.0,0.0,0.0,1.0,1.0,0.0,1.0,0.16453847251726036,17.772169254201962,19.884164553734756
5096,203.8,0.98,1,0.015,0.319,0.018,-0.026,-0.075,1.05,0.37,0.0,0.0,0.16,2.27,0.11,0.65,0.45,0.39,0.12,0.39,0.0,0.0,0.22,1.18,0.99,1.0,1.0,0.0,0.0,1.0,1.0,0.0,0.0,1.0,1.0,1.0,1.0,0.0,0.0,0.0,1.0,0.0,1.0,0.15750453150075583,16.543578814754685,17.426990560621718
5097,203.84,0.98,1,0.015,0.324,0.022,-0.025,-0.077,0.79,0.35,0.0,0.0,0.28,2.55,0.22,0.76,0.66,0.67,0.19,0.63,0.0,0.0,0.01,0.51,0.77,1.0,1.0,0.0,0.0,1.0,1.0,0.0,0.0,1.0,1.0,1.0,1.0,0.0,0.0,0.0,1.0,0.0,1.0,0.15446032438733237,16.824089871371896,18.12208597264675
5098,203.88,0.98,1,0.022,0.315,0.019,-0.023,-0.077,0.62,0.28,0.0,0.0,0.43,2.58,0.35,0.98,0.83,0.91,0.35,0.82,0.0,0.0,0.05,0.22,0.59,1.0,1.0,0.0,0.0,1.0,1.0,0.0,0.0,1.0,1.0,1.0,1.0,0.0,0.0,0.0,0.0,0.0,1.0,0.15434624988326473,18.43285110882208,17.980545041794567
5099,203.92,0.98,1,0.025,0.314,0.014,-0.023,-0.079,0.57,0.25,0.0,0.0,0.58,2.71,0.39,1.15,0.96,1.02,0.42,0.92,0.0,0.0,0.16,0.06,0.58,1.0,1.0,0.0,0.0,1.0,1.0,0.0,0.0,1.0,1.0,1.0,1.0,0.0,0.0,0.0,0.0,0.0,0.0,0.15500907274802458,18.317477992343772,17.980545041794567
5100,203.96,0.98,1,0.021,0.309,0.011,-0.019,-0.078,0.5,0.26,0.0,0.0,0.68,2.76,0.42,1.27,1.11,1.05,0.51,0.97,0.0,0.0,0.33,0.0,0.42,1.0,1.0,0.0,0.0,1.0,1.0,0.0,0.0,1.0,1.0,1.0,1.0,0.0,0.0,0.0,0.0,0.0,0.0,0.15792878130705224,18.61719635176052,17.96273921204656
5101,204.0,0.98,1,0.026,0.31,0.013,-0.016,-0.079,0.49,0.4,0.0,0.03,0.7,2.76,0.43,1.35,1.22,0.94,0.46,1.03,0.0,0.0,0.46,0.0,0.35,1.0,1.0,0.0,0.0,1.0,1.0,0.0,0.0,1.0,1.0,1.0,1.0,0.0,0.0,0.0,0.0,0.0,0.0,0.16049867378352464,18.51728921845744,17.947144619688206
5102,204.04,0.98,1,0.014,0.3,0.009,-0.013,-0.078,0.45,0.51,0.0,0.03,0.72,2.55,0.41,1.46,1.32,0.87,0.48,0.98,0.0,0.0,0.52,0.0,0.31,1.0,1.0,0.0,0.0,1.0,1.0,0.0,0.0,1.0,1.0,1.0,1.0,0.0,0.0,0.0,0.0,0.0,0.0,0.16101059109713667,18.509727172489605,18.133394607739746
5103,204.08,0.98,1,0.02,0.3,0.007,-0.009,-0.077,0.48,0.35,0.0,0.03,0.79,2.48,0.41,1.45,1.4,0.82,0.43,0.97,0.0,0.0,0.56,0.0,0.23,1.0,1.0,0.0,0.0,1.0,1.0,0.0,1.0,1.0,1.0,1.0,1.0,0.0,0.0,0.0,0.0,0.0,0.0,0.16252323029716126,18.813027401245083,18.03357978882729
5104,204.12,0.98,1,0.016,0.305,-0.001,-0.008,-0.061,0.37,0.15,0.0,0.0,0.84,2.44,0.42,1.45,1.45,0.85,0.29,0.89,0.01,0.0,0.57,0.0,0.17,0.0,0.0,0.0,0.0,1.0,1.0,0.0,1.0,1.0,1.0,1.0,1.0,0.0,0.0,0.0,0.0,0.0,0.0,0.16246365685810482,18.00444389588304,18.339302058693463
5105,204.16,0.98,1,0.001,0.312,0.012,-0.016,-0.05,0.37,0.05,0.0,0.0,0.87,2.49,0.47,1.39,1.6,0.93,0.12,0.82,0.01,0.0,0.58,0.0,0.09,0.0,1.0,0.0,0.0,1.0,1.0,0.0,1.0,1.0,1.0,1.0,1.0,0.0,0.0,0.0,0.0,0.0,0.0,0.16036990966120795,18.806647760831762,18.32730203821628
5106,204.2,0.98,1,0.007,0.305,0.003,-0.008,-0.05,0.22,0.05,0.0,0.0,0.9,2.53,0.43,1.47,1.64,0.93,0.02,0.7,0.03,0.0,0.51,0.0,0.08,0.0,0.0,0.0,0.0,1.0,1.0,0.0,1.0,1.0,1.0,1.0,1.0,0.0,0.0,0.0,0.0,0.0,0.0,0.16042092212202824,18.906612599828755,18.63249849054057
5107,204.24,0.98,1,-0.001,0.317,0.022,-0.012,-0.043,0.32,0.14,0.0,0.0,0.89,2.64,0.43,1.3,1.79,0.92,0.0,0.55,0.02,0.0,0.5,0.0,0.16,0.0,0.0,0.0,0.0,1.0,1.0,0.0,1.0,1.0,1.0,1.0,1.0,0.0,0.0,0.0,0.0,0.0,0.0,0.15518812134913926,19.316573195057096,19.012890364171355
5108,204.28,0.98,1,0.002,0.311,0.009,-0.004,-0.044,0.27,0.1,0.0,0.0,0.92,2.81,0.39,1.18,1.89,0.78,0.0,0.48,0.02,0.0,0.57,0.13,0.22,0.0,0.0,0.0,0.0,1.0,1.0,1.0,1.0,1.0,1.0,0.0,1.0,0.0,0.0,0.0,0.0,0.0,0.0,0.15767848590303596,18.704277585622002,18.532673849177833
5109,204.32,0.98,1,0.007,0.323,0.026,-0.01,-0.025,0.36,0.1,0.0,0.0,1.01,2.92,0.43,1.03,2.1,0.87,0.0,0.37,0.06,0.0,0.62,0.13,0.29,0.0,0.0,0.0,0.0,1.0,1.0,1.0,1.0,1.0,1.0,0.0,1.0,0.0,0.0,0.0,0.0,0.0,0.0,0.15306743976642673,18.813027401245083,19.026297590440446
5110,204.36,0.98,1,0.008,0.324,0.021,-0.002,-0.04,0.29,0.01,0.0,0.06,1.04,2.96,0.35,0.99,2.18,0.77,0.0,0.35,0.09,0.0,0.71,0.18,0.25,0.0,0.0,0.0,0.0,1.0,1.0,1.0,1.0,1.0,1.0,0.0,1.0,0.0,0.0,0.0,0.0,0.0,0.0,0.15349899411393675,19.51640335717624,18.83215335536535
5111,204.4,0.98,1,-0.011,0.321,0.031,-0.004,-0.025,0.25,0.04,0.0,0.06,1.04,2.78,0.26,0.97,2.2,0.85,0.0,0.43,0.13,0.0,0.82,0.12,0.38,0.0,0.0,0.0,0.0,1.0,1.0,1.0,1.0,1.0,1.0,0.0,1.0,0.0,0.0,0.0,0.0,0.0,0.0,0.1501971862905816,19.30932417253403,19.63084307919569
5112,204.44,0.98,1,-0.007,0.316,0.027,-0.007,-0.021,0.16,0.04,0.0,0.06,1.0,2.72,0.2,0.97,2.21,0.79,0.0,0.51,0.18,0.0,1.01,0.28,0.39,0.0,0.0,0.0,0.0,1.0,1.0,1.0,1.0,1.0,1.0,0.0,0.0,0.0,0.0,0.0,0.0,0.0,0.0,0.15071184519646041,19.106543381784068,19.325889371514013
5113,204.48,0.98,1,-0.002,0.318,0.03,-0.008,-0.023,0.17,0.04,0.0,0.0,1.02,2.77,0.23,1.03,2.24,0.82,0.0,0.44,0.21,0.0,1.43,0.51,0.53,0.0,0.0,0.0,0.0,1.0,1.0,1.0,1.0,1.0,1.0,0.0,0.0,0.0,0.0,1.0,0.0,0.0,0.0,0.15541562998175681,19.712432625122702,18.93805692250405
5114,204.52,0.98,1,-0.009,0.322,0.045,-0.005,-0.024,0.15,0.0,0.0,0.0,1.02,2.86,0.27,1.08,2.29,0.82,0.0,0.26,0.17,0.0,1.79,0.75,0.39,0.0,0.0,0.0,0.0,1.0,1.0,1.0,1.0,1.0,1.0,0.0,0.0,0.0,0.0,1.0,0.0,0.0,0.0,0.15636482794263648,19.30932417253403,19.337269714207284
5115,204.56,0.98,1,-0.005,0.324,0.049,-0.003,-0.026,0.12,0.0,0.0,0.0,0.99,2.91,0.26,1.06,2.31,0.76,0.0,0.15,0.07,0.0,2.26,1.02,0.38,0.0,0.0,0.0,0.0,1.0,1.0,1.0,1.0,1.0,1.0,0.0,0.0,0.0,0.0,1.0,1.0,0.0,0.0,0.1571135970573494,19.512560057562922,19.237463450257724
5116,204.6,0.98,1,-0.008,0.323,0.053,-0.004,-0.024,0.06,0.0,0.0,0.0,0.94,2.74,0.24,1.08,2.29,0.66,0.0,0.1,0.0,0.0,2.43,1.21,0.19,0.0,0.0,0.0,0.0,1.0,1.0,1.0,1.0,1.0,1.0,0.0,0.0,0.0,0.0,1.0,1.0,0.0,0.0,0.15695272250678372,19.10942175995905,19.536888186197924
5117,204.64,0.98,1,-0.008,0.32,0.053,-0.003,-0.023,0.03,0.0,0.0,0.0,0.94,2.68,0.22,1.02,2.26,0.47,0.0,0.06,0.0,0.0,2.61,1.39,0.32,0.0,0.0,0.0,0.0,1.0,1.0,1.0,1.0,1.0,1.0,0.0,0.0,0.0,0.0,1.0,1.0,0.0,0.0,0.15946907907785568,19.509228585466932,19.830532015052125
5118,204.68,0.98,1,-0.005,0.323,0.056,-0.006,-0.02,0.06,0.0,0.0,0.02,0.87,2.44,0.14,1.0,2.17,0.34,0.0,0.0,0.0,0.0,2.56,1.49,0.31,0.0,0.0,0.0,0.0,1.0,1.0,1.0,1.0,1.0,1.0,0.0,0.0,0.0,0.0,1.0,1.0,0.0,1.0,0.1598575313408413,20.108953229842808,20.224737328331408
5119,204.72,0.98,1,-0.006,0.323,0.059,-0.006,-0.018,0.1,0.0,0.0,0.1,0.82,2.38,0.08,0.9,2.1,0.25,0.0,0.03,0.0,0.0,2.48,1.54,0.25,0.0,0.0,0.0,0.0,1.0,1.0,0.0,1.0,1.0,1.0,0.0,0.0,0.0,0.0,1.0,1.0,0.0,1.0,0.15721386481281496,20.21583537724825,20.724140512938092
5120,204.76,0.98,1,-0.007,0.328,0.063,-0.006,-0.019,0.17,0.0,0.0,0.1,0.74,2.11,0.04,0.87,2.01,0.24,0.0,0.03,0.0,0.0,2.39,1.54,0.08,0.0,0.0,0.0,0.0,1.0,1.0,0.0,1.0,1.0,1.0,0.0,0.0,0.0,0.0,1.0,1.0,0.0,1.0,0.1574263922942931,20.30886505937735,20.524375751773793
5121,204.8,0.98,1,-0.007,0.328,0.062,-0.006,-0.018,0.25,0.0,0.0,0.08,0.69,2.02,0.03,0.83,1.96,0.26,0.0,0.03,0.0,0.0,2.42,1.53,0.08,0.0,0.0,0.0,0.0,1.0,1.0,0.0,1.0,1.0,1.0,0.0,0.0,0.0,0.0,1.0,1.0,0.0,1.0,0.16288571896130394,20.11591409804676,19.437077969694794
5122,204.84,0.98,1,-0.013,0.325,0.063,-0.005,-0.018,0.29,0.0,0.0,0.0,0.65,1.99,0.04,0.79,1.93,0.32,0.0,0.0,0.0,0.0,2.46,1.5,0.13,0.0,0.0,0.0,0.0,1.0,1.0,0.0,1.0,1.0,1.0,0.0,0.0,0.0,0.0,1.0,1.0,0.0,1.0,0.16277515274089244,19.609181522950042,20.524375751773793
5123,204.88,0.98,1,-0.009,0.323,0.061,-0.005,-0.019,0.31,0.0,0.0,0.05,0.62,2.05,0.04,0.82,1.94,0.39,0.0,0.0,0.0,0.0,2.47,1.55,0.11,0.0,0.0,0.0,0.0,1.0,1.0,0.0,1.0,1.0,1.0,0.0,0.0,0.0,0.0,1.0,1.0,0.0,1.0,0.16691616443750446,19.504102132628407,20.120139164528794
5124,204.92,0.98,1,-0.012,0.315,0.059,-0.003,-0.019,0.23,0.0,0.0,0.05,0.62,2.18,0.04,0.87,1.94,0.44,0.0,0.0,0.0,0.0,2.39,1.54,0.06,0.0,0.0,0.0,0.0,1.0,1.0,0.0,1.0,1.0,1.0,0.0,0.0,0.0,0.0,1.0,1.0,0.0,1.0,0.1687887414484744,19.7124326251227,20.923909768492212
5125,204.96,0.98,1,-0.011,0.317,0.06,-0.005,-0.018,0.18,0.0,0.0,0.05,0.66,2.23,0.07,0.9,1.93,0.37,0.0,0.0,0.0,0.0,2.38,1.56,0.02,0.0,0.0,0.0,0.0,1.0,1.0,0.0,1.0,1.0,1.0,0.0,0.0,0.0,0.0,1.0,1.0,0.0,1.0,0.17114847121339768,19.704060495238075,20.419843290290054
5126,205.0,0.98,1,-0.015,0.335,0.054,-0.003,-0.016,0.12,0.0,0.0,0.0,0.68,2.26,0.12,0.84,1.91,0.4,0.0,0.0,0.0,0.0,2.37,1.52,0.13,0.0,0.0,0.0,0.0,1.0,1.0,0.0,1.0,1.0,1.0,0.0,0.0,0.0,0.0,1.0,1.0,0.0,1.0,0.16199239834551366,19.504102132628407,19.50640920313116
5127,205.04,0.98,1,-0.02,0.328,0.055,-0.005,-0.016,0.17,0.0,0.0,0.05,0.71,2.19,0.24,0.78,1.88,0.29,0.0,0.0,0.0,0.0,2.33,1.48,0.23,0.0,0.0,0.0,0.0,1.0,1.0,0.0,1.0,1.0,1.0,0.0,0.0,0.0,0.0,1.0,1.0,0.0,1.0,0.16306222781044077,19.404123273160135,19.90904317138329
5128,205.08,0.98,1,-0.019,0.325,0.051,-0.005,-0.015,0.13,0.0,0.0,0.11,0.67,2.21,0.23,0.79,1.85,0.26,0.0,0.0,0.0,0.0,2.23,1.36,0.37,0.0,0.0,0.0,0.0,1.0,1.0,0.0,1.0,1.0,1.0,0.0,0.0,0.0,0.0,1.0,1.0,0.0,1.0,0.16032085912457575,19.50922858546693,20.112185361118676
5129,205.12,0.98,1,-0.02,0.319,0.048,-0.005,-0.015,0.1,0.0,0.0,0.16,0.65,2.19,0.26,0.76,1.81,0.15,0.0,0.04,0.0,0.0,2.12,1.16,0.55,0.0,0.0,0.0,0.0,1.0,1.0,0.0,1.0,1.0,1.0,0.0,0.0,0.0,0.0,1.0,0.0,0.0,1.0,0.16336877262053112,19.40644222932155,20.21583537724825
5130,205.16,0.98,1,-0.021,0.317,0.041,-0.005,-0.013,0.02,0.0,0.0,0.12,0.56,2.17,0.18,0.7,1.79,0.18,0.0,0.14,0.0,0.0,2.01,0.95,0.66,0.0,0.0,0.0,0.0,1.0,1.0,0.0,0.0,1.0,1.0,0.0,0.0,0.0,0.0,1.0,0.0,0.0,1.0,0.17278610864735977,19.10418802252546,19.609181522949815
5131,205.2,0.98,1,-0.021,0.319,0.037,-0.006,-0.014,0.02,0.0,0.0,0.06,0.49,2.01,0.14,0.56,1.78,0.16,0.0,0.27,0.0,0.0,1.87,0.75,0.68,0.0,0.0,0.0,0.0,1.0,1.0,0.0,0.0,1.0,1.0,0.0,0.0,0.0,0.0,1.0,0.0,0.0,1.0,0.1698416987732626,19.00657780874821,19.609181522949815
5132,205.24,0.98,1,-0.014,0.328,0.035,-0.002,-0.014,0.09,0.0,0.0,0.01,0.39,1.95,0.15,0.34,1.71,0.26,0.0,0.36,0.0,0.0,1.55,0.55,0.86,0.0,0.0,0.0,0.0,1.0,1.0,0.0,0.0,1.0,1.0,0.0,0.0,0.0,0.0,1.0,0.0,0.0,1.0,0.16645736054253896,19.112822920751306,19.9160739102865
5133,205.28,0.98,1,-0.012,0.333,0.029,0.007,-0.014,0.15,0.03,0.0,0.0,0.23,1.4,0.24,0.13,1.66,0.43,0.0,0.26,0.1,0.0,1.43,0.35,1.77,0.0,0.0,0.0,0.0,1.0,1.0,0.0,0.0,1.0,1.0,0.0,0.0,0.0,0.0,1.0,0.0,0.0,1.0,0.16122007389950466,17.510282693320516,17.592327873252025
5134,205.32,0.98,1,-0.052,0.413,0.028,0.045,-0.008,0.36,0.37,0.0,0.0,0.09,0.87,0.37,0.0,1.6,0.59,0.0,0.12,0.44,0.0,1.29,0.18,2.79,0.0,0.0,0.0,0.0,1.0,1.0,0.0,0.0,1.0,1.0,0.0,0.0,0.0,0.0,1.0,0.0,0.0,1.0,0.16084926441372316,17.510282693320516,17.28380745090622
5135,205.36,0.98,1,-0.153,0.427,0.032,0.124,0.01,0.48,0.6,0.0,0.0,0.09,0.68,0.41,0.0,1.56,0.58,0.0,0.0,0.69,0.0,1.26,0.18,3.31,0.0,0.0,0.0,0.0,1.0,1.0,0.0,0.0,1.0,1.0,0.0,0.0,1.0,0.0,1.0,0.0,0.0,1.0,0.16777230938994425,18.346116755324495,17.71806987230837
5136,205.4,0.98,1,-0.211,0.397,0.03,0.202,0.026,0.77,0.88,0.0,0.0,0.19,0.91,0.39,0.0,1.46,0.49,0.0,0.0,0.76,0.0,1.37,0.14,3.12,0.0,0.0,0.0,0.0,1.0,1.0,0.0,0.0,1.0,1.0,0.0,0.0,1.0,0.0,1.0,0.0,0.0,1.0,0.1612390471359353,18.270194306574894,18.200274723201225
5137,205.44,0.98,1,-0.304,0.387,0.062,0.31,0.046,0.78,0.8,0.0,0.0,0.31,1.33,0.24,0.0,1.46,0.4,0.0,0.0,0.59,0.0,1.53,0.11,2.64,0.0,0.0,0.0,0.0,1.0,1.0,0.0,0.0,1.0,1.0,0.0,0.0,1.0,0.0,1.0,0.0,0.0,1.0,0.17934549217964868,17.26267650163207,20.072119967756272
5138,205.48,0.98,1,-0.363,0.354,0.052,0.333,0.092,0.86,0.99,0.0,0.0,0.34,1.45,0.09,0.02,1.55,0.48,0.0,0.0,0.46,0.0,1.71,0.03,2.21,0.0,0.0,0.0,0.0,1.0,1.0,0.0,0.0,1.0,1.0,0.0,0.0,1.0,0.0,1.0,0.0,0.0,1.0,0.1898150419369179,15.984054554461501,20.649455198624466
5139,205.52,0.98,1,-0.379,0.34,0.038,0.329,0.121,0.88,1.05,0.0,0.0,0.38,1.61,0.0,0.15,1.71,0.58,0.0,0.0,0.37,0.06,1.65,0.04,1.66,0.0,0.0,0.0,0.0,1.0,1.0,0.0,0.0,1.0,1.0,0.0,0.0,1.0,0.0,1.0,0.0,0.0,1.0,0.18481588296719953,17.656726763474683,19.318902660347888
5140,205.56,0.98,1,-0.399,0.329,0.034,0.332,0.138,1.05,1.25,0.0,0.0,0.44,1.61,0.0,0.35,1.79,0.75,0.0,0.0,0.2,0.22,1.61,0.04,1.15,1.0,0.0,0.0,0.0,1.0,1.0,0.0,0.0,1.0,1.0,0.0,0.0,0.0,0.0,1.0,0.0,0.0,0.0,0.20766350269173273,19.534584715319472,18.61316738225922
5141,205.6,0.98,1,-0.413,0.322,0.029,0.322,0.148,1.13,1.24,0.0,0.0,0.53,1.49,0.0,0.52,1.83,0.79,0.0,0.0,0.1,0.37,1.57,0.03,0.87,1.0,1.0,0.0,0.0,1.0,1.0,0.0,0.0,1.0,1.0,0.0,0.0,0.0,0.0,1.0,0.0,0.0,0.0,0.2080358136247164,19.91004771465896,18.180484041961005
5142,205.64,0.98,1,-0.424,0.319,0.031,0.323,0.155,1.15,1.24,0.0,0.0,0.55,1.51,0.0,0.58,1.88,0.85,0.0,0.0,0.06,0.43,1.61,0.05,0.8,1.0,1.0,0.0,0.0,1.0,1.0,0.0,0.0,1.0,1.0,0.0,0.0,0.0,0.0,1.0,0.0,0.0,0.0,0.21794120640387216,18.729922583929795,20.69516851827986
5143,205.68,0.98,1,-0.427,0.312,0.031,0.333,0.161,1.24,1.37,0.02,0.0,0.48,1.4,0.0,0.61,1.85,0.95,0.0,0.0,0.07,0.35,1.66,0.05,0.94,1.0,1.0,0.0,0.0,1.0,1.0,0.0,0.0,1.0,1.0,0.0,0.0,0.0,0.0,1.0,0.0,0.0,0.0,0.229578664812003,18.988944151795334,21.804815981796253
5144,205.72,0.98,1,-0.439,0.312,0.028,0.353,0.165,1.32,1.44,0.02,0.0,0.38,1.35,0.0,0.6,1.79,1.0,0.0,0.0,0.12,0.27,1.79,0.05,0.96,1.0,1.0,1.0,0.0,1.0,1.0,0.0,0.0,1.0,1.0,0.0,0.0,0.0,0.0,1.0,0.0,0.0,0.0,0.23733194989718154,18.220043907740813,21.949487465542294
5145,205.76,0.98,1,-0.444,0.31,0.031,0.362,0.17,1.44,1.56,0.03,0.0,0.36,1.12,0.0,0.69,1.72,1.07,0.0,0.0,0.08,0.21,1.88,0.06,0.91,1.0,1.0,1.0,0.0,1.0,1.0,0.0,0.0,1.0,1.0,0.0,0.0,0.0,0.0,1.0,0.0,0.0,0.0,0.2406383806040421,18.6131673822593,21.73131381210075
5146,205.8,0.98,1,-0.441,0.316,0.035,0.369,0.171,1.45,1.4,0.08,0.0,0.37,0.95,0.0,0.78,1.72,1.1,0.0,0.0,0.07,0.22,1.92,0.15,0.74,1.0,1.0,1.0,0.0,1.0,1.0,0.0,0.0,1.0,1.0,0.0,0.0,0.0,0.0,1.0,0.0,0.0,0.0,0.24160452637917382,18.515398996510918,21.27087210247857
5147,205.84,0.98,1,-0.446,0.312,0.035,0.367,0.174,1.49,1.45,0.24,0.01,0.35,0.83,0.0,0.88,1.69,1.24,0.0,0.0,0.01,0.27,2.03,0.22,0.5,1.0,1.0,1.0,0.0,1.0,1.0,0.0,0.0,1.0,1.0,0.0,0.0,0.0,0.0,1.0,0.0,0.0,0.0,0.24236828201480448,19.30802941783542,21.611570974827327
5148,205.88,0.98,1,-0.443,0.315,0.038,0.37,0.176,1.53,1.4,0.36,0.01,0.23,0.66,0.0,0.93,1.64,1.31,0.0,0.0,0.01,0.31,2.07,0.21,0.29,1.0,1.0,1.0,0.0,1.0,1.0,0.0,0.0,1.0,1.0,0.0,0.0,0.0,0.0,1.0,0.0,0.0,0.0,0.23622023948748183,18.942280749688074,21.392755783208536
5149,205.92,0.98,1,-0.456,0.315,0.037,0.375,0.178,1.57,1.39,0.39,0.01,0.16,0.76,0.0,0.94,1.6,1.39,0.0,0.0,0.01,0.3,2.13,0.12,0.27,1.0,1.0,1.0,0.0,1.0,0.0,0.0,0.0,1.0,1.0,0.0,0.0,0.0,0.0,1.0,0.0,0.0,0.0,0.23946589263073143,19.184629264074847,20.471443525066768
5150,205.96,0.98,1,-0.453,0.319,0.039,0.377,0.179,1.66,1.22,0.29,0.0,0.1,0.67,0.0,0.92,1.67,1.29,0.0,0.0,0.0,0.25,2.0,0.06,0.52,1.0,0.0,1.0,0.0,1.0,0.0,0.0,0.0,1.0,1.0,0.0,0.0,0.0,0.0,1.0,0.0,0.0,0.0,0.24089114637022713,19.500000000000107,19.962464777677077
5151,206.0,0.98,1,-0.461,0.314,0.034,0.374,0.18,1.71,1.17,0.2,0.09,0.1,0.63,0.0,0.93,1.78,1.28,0.0,0.0,0.04,0.25,1.89,0.03,0.71,1.0,0.0,1.0,0.0,1.0,0.0,0.0,0.0,1.0,1.0,0.0,0.0,0.0,0.0,1.0,0.0,0.0,0.0,0.2405629355950579,18.966285877841113,19.409533739891778
5152,206.04,0.98,1,-0.447,0.311,0.033,0.372,0.18,1.65,0.98,0.16,0.09,0.08,0.41,0.0,0.92,1.82,1.19,0.0,0.0,0.04,0.28,1.94,0.05,0.71,1.0,0.0,1.0,0.0,1.0,0.0,0.0,0.0,1.0,1.0,0.0,0.0,0.0,0.0,1.0,0.0,0.0,0.0,0.24078350695317952,19.306216615380684,20.330272993740163
5153,206.08,0.98,1,-0.457,0.316,0.04,0.375,0.177,1.56,0.97,0.19,0.09,0.13,0.35,0.0,0.96,1.8,1.2,0.0,0.0,0.07,0.32,2.16,0.06,0.57,1.0,0.0,1.0,0.0,1.0,0.0,0.0,0.0,1.0,1.0,0.0,0.0,0.0,0.0,1.0,0.0,0.0,0.0,0.2375239753898168,19.62167169228962,18.26937327879642
5154,206.12,0.98,1,-0.461,0.319,0.042,0.377,0.177,1.47,0.94,0.19,0.0,0.16,0.44,0.0,0.97,1.76,1.1,0.0,0.0,0.03,0.25,2.33,0.13,0.42,1.0,0.0,1.0,0.0,1.0,0.0,0.0,0.0,1.0,1.0,0.0,0.0,0.0,0.0,1.0,0.0,0.0,0.0,0.23902898042167225,19.86403785739442,18.435834670554044
5155,206.16,0.98,1,-0.461,0.319,0.045,0.38,0.175,1.45,1.02,0.19,0.02,0.23,0.57,0.0,0.94,1.77,1.05,0.0,0.0,0.03,0.25,2.34,0.25,0.26,1.0,0.0,1.0,0.0,1.0,1.0,0.0,0.0,1.0,1.0,0.0,0.0,0.0,0.0,1.0,0.0,0.0,0.0,0.24066042363939222,19.25746608461253,17.927074496414587
5156,206.2,0.98,1,-0.463,0.324,0.048,0.374,0.175,1.37,0.92,0.14,0.02,0.26,0.77,0.0,1.0,1.77,1.07,0.0,0.0,0.0,0.21,2.26,0.32,0.1,1.0,0.0,0.0,0.0,1.0,1.0,0.0,0.0,1.0,1.0,0.0,0.0,0.0,0.0,1.0,0.0,0.0,0.0,0.23209370499780912,20.10621794371084,18.120154524727443
5157,206.24,0.98,1,-0.453,0.324,0.051,0.378,0.171,1.32,0.83,0.13,0.02,0.3,0.83,0.0,1.02,1.77,1.09,0.0,0.0,0.0,0.3,2.22,0.34,0.05,1.0,0.0,0.0,0.0,1.0,1.0,0.0,0.0,1.0,1.0,0.0,0.0,0.0,0.0,1.0,0.0,0.0,0.0,0.23898856453982156,19.4283298304307,18.578482176970223
5158,206.28,0.98,1,-0.462,0.321,0.051,0.367,0.17,1.27,0.81,0.15,0.0,0.32,0.91,0.0,1.05,1.75,1.08,0.0,0.0,0.0,0.33,2.14,0.31,0.12,1.0,0.0,0.0,0.0,1.0,1.0,0.0,0.0,1.0,1.0,0.0,0.0,0.0,0.0,1.0,0.0,0.0,0.0,0.24070309392024258,20.859769893265785,19.428072472584564
5159,206.32,0.98,1,-0.463,0.327,0.053,0.364,0.17,1.33,0.87,0.18,0.0,0.33,0.94,0.0,1.03,1.72,1.08,0.0,0.0,0.0,0.34,2.06,0.35,0.23,1.0,0.0,0.0,0.0,1.0,1.0,0.0,0.0,1.0,1.0,0.0,0.0,0.0,0.0,1.0,0.0,0.0,0.0,0.23656831302142153,21.03188056261257,19.35691091057666
5160,206.36,0.98,1,-0.472,0.328,0.058,0.368,0.166,1.31,0.76,0.17,0.04,0.36,1.0,0.0,1.03,1.7,1.17,0.0,0.0,0.0,0.33,2.04,0.31,0.25,1.0,0.0,0.0,0.0,1.0,0.0,0.0,0.0,1.0,1.0,0.0,0.0,0.0,0.0,1.0,0.0,0.0,0.0,0.23329570758376728,20.652602741543316,18.36001089324302
5161,206.4,0.98,1,-0.471,0.325,0.055,0.361,0.166,1.39,0.83,0.18,0.07,0.39,0.83,0.0,1.11,1.7,1.32,0.0,0.0,0.0,0.33,2.07,0.26,0.23,1.0,0.0,0.0,0.0,1.0,0.0,0.0,0.0,1.0,1.0,0.0,0.0,0.0,0.0,1.0,0.0,0.0,0.0,0.23218267934198572,20.988091861815356,19.209372712298556
5162,206.44,0.98,1,-0.462,0.329,0.06,0.36,0.161,1.37,0.86,0.16,0.07,0.43,0.66,0.0,1.2,1.73,1.35,0.0,0.0,0.0,0.36,2.12,0.23,0.22,1.0,0.0,0.0,0.0,1.0,0.0,0.0,0.0,1.0,1.0,0.0,0.0,0.0,0.0,1.0,0.0,0.0,0.0,0.2284432130331176,20.49414550548513,19.16037577919601
5163,206.48,0.98,1,-0.458,0.331,0.058,0.354,0.159,1.42,1.26,0.13,0.03,0.43,0.66,0.0,1.16,1.76,1.16,0.0,0.0,0.0,0.24,2.15,0.33,0.81,1.0,0.0,0.0,0.0,1.0,0.0,0.0,0.0,1.0,1.0,0.0,0.0,0.0,0.0,1.0,0.0,0.0,0.0,0.2228442397888665,20.59757267252616,18.627130750601424
5164,206.52,0.98,1,-0.404,0.34,0.042,0.36,0.151,1.25,1.17,0.05,0.0,0.37,0.85,0.0,0.87,1.75,0.8,0.0,0.0,0.11,0.12,2.26,0.49,1.78,1.0,0.0,0.0,0.0,1.0,1.0,0.0,0.0,1.0,1.0,0.0,0.0,0.0,0.0,1.0,0.0,0.0,1.0,0.20950537162298466,15.654072952430058,19.3569109105766
5165,206.56,0.98,1,-0.341,0.444,0.056,0.366,0.132,0.96,1.05,0.05,0.0,0.23,0.9,0.0,0.43,1.67,0.43,0.0,0.0,0.33,0.0,2.35,0.65,2.62,1.0,1.0,0.0,0.0,1.0,1.0,0.0,0.0,1.0,1.0,0.0,0.0,0.0,0.0,1.0,0.0,0.0,1.0,0.17442866707201302,19.36104336031516,15.306207890918026
5166,206.6,0.98,1,-0.269,0.442,0.065,0.313,0.113,0.48,0.48,0.11,0.0,0.09,0.94,0.0,0.13,1.51,0.3,0.0,0.21,0.87,0.32,2.15,0.86,2.77,0.0,1.0,0.0,0.0,0.0,1.0,0.0,0.0,1.0,1.0,0.0,0.0,1.0,0.0,1.0,0.0,0.0,1.0,0.17948791488985288,17.82722636867552,17.415223225672484
5167,206.64,0.93,1,-0.2,0.426,0.049,0.221,0.122,0.18,0.34,0.11,0.0,0.0,1.02,0.15,0.05,1.35,0.42,0.0,0.25,0.94,0.32,1.78,0.86,2.25,0.0,1.0,0.0,0.0,0.0,1.0,0.0,0.0,1.0,1.0,0.0,0.0,1.0,0.0,1.0,0.0,0.0,1.0,0.169419993340003,20.690335908341357,22.257582977493357
5168,206.68,0.98,1,-0.055,0.413,0.033,0.069,-0.017,0.02,0.13,0.06,0.0,0.0,1.52,0.17,0.13,1.27,0.65,0.09,0.74,1.03,0.33,1.25,0.79,1.65,0.0,1.0,0.0,0.0,0.0,1.0,0.0,0.0,1.0,1.0,0.0,0.0,1.0,0.0,1.0,0.0,0.0,1.0,0.16339772259292795,21.11516043036391,19.825236442473976
5169,206.72,0.93,1,-0.041,0.386,0.02,0.02,-0.008,0.02,0.13,0.0,0.0,0.0,1.51,0.31,0.56,1.33,0.81,0.09,0.65,0.54,0.01,1.29,0.58,1.02,0.0,1.0,0.0,0.0,0.0,1.0,0.0,0.0,1.0,1.0,0.0,0.0,0.0,0.0,0.0,0.0,0.0,1.0,0.1246946848006654,22.003636063160105,21.445745498816407
5170,206.76,0.98,1,0.08,0.302,0.022,-0.143,-0.092,0.0,0.0,0.0,0.0,0.0,1.53,0.2,1.1,1.43,0.93,0.09,0.91,0.35,0.04,1.37,0.34,0.52,0.0,1.0,0.0,0.0,0.0,1.0,0.0,0.0,1.0,1.0,0.0,0.0,0.0,0.0,0.0,0.0,0.0,1.0,0.19797332954896135,16.263455967290497,17.327723451163585
5171,206.8,0.98,1,0.182,0.287,0.036,-0.222,-0.119,0.06,0.07,0.1,0.0,0.0,1.31,0.18,1.65,1.35,0.89,0.34,0.76,0.05,0.03,1.56,0.16,0.2,1.0,1.0,0.0,0.0,0.0,1.0,0.0,0.0,1.0,1.0,0.0,0.0,0.0,0.0,0.0,0.0,0.0,1.0,0.2138490089299217,18.445595680269957,17.003823099526596
5172,206.84,0.98,1,0.239,0.247,0.013,-0.294,-0.129,0.22,0.43,0.21,0.0,0.0,1.15,0.03,1.77,1.1,0.61,0.56,0.95,0.0,0.07,1.43,0.09,0.01,1.0,0.0,1.0,0.0,0.0,1.0,0.0,0.0,1.0,0.0,0.0,0.0,0.0,0.0,0.0,0.0,0.0,1.0,0.2699984232537124,18.201373574541023,15.756268593801138
5173,206.88,0.98,1,0.268,0.217,0.009,-0.329,-0.148,0.49,1.02,0.47,0.05,0.0,0.97,0.0,1.84,0.82,0.24,0.91,0.97,0.0,0.06,1.39,0.09,0.01,1.0,0.0,1.0,0.0,0.0,1.0,0.0,0.0,1.0,0.0,0.0,0.0,0.0,0.0,0.0,0.0,0.0,0.0,0.3430919189032161,18.02692430782348,13.756816492197604
5174,206.92,0.98,1,0.305,0.206,-0.003,-0.361,-0.16,0.66,1.46,0.72,0.12,0.0,0.66,0.0,1.9,0.76,0.0,0.68,0.86,0.0,0.12,1.4,0.12,0.0,1.0,0.0,1.0,0.0,0.0,1.0,0.0,0.0,1.0,0.0,0.0,0.0,0.0,0.0,0.0,0.0,0.0,0.0,0.37669437834032843,16.5529453572469,12.59364919314488
5175,206.96,0.98,1,0.302,0.19,-0.004,-0.38,-0.173,0.87,1.6,0.92,0.12,0.0,0.65,0.0,2.06,0.85,0.0,0.69,0.88,0.0,0.08,1.47,0.04,0.0,1.0,0.0,1.0,0.0,0.0,1.0,0.0,0.0,1.0,0.0,0.0,0.0,0.0,0.0,0.0,0.0,1.0,0.0,0.3785253901206216,16.063934760823653,12.29308748850354
5176,207.0,0.98,1,0.297,0.165,-0.015,-0.39,-0.193,0.98,1.4,0.86,0.13,0.0,0.64,0.0,2.09,0.88,0.0,0.85,0.8,0.0,0.06,1.67,0.04,0.0,1.0,0.0,1.0,0.0,0.0,1.0,0.0,0.0,1.0,0.0,0.0,0.0,0.0,0.0,0.0,0.0,1.0,0.0,0.4142466989603339,15.358710883404248,12.29308748850354
5177,207.04,0.98,1,0.309,0.154,-0.018,-0.397,-0.212,1.1,1.18,0.79,0.14,0.0,0.48,0.0,2.0,0.96,0.0,1.27,0.8,0.0,0.0,1.88,0.0,0.0,1.0,0.0,1.0,0.0,0.0,1.0,0.0,0.0,1.0,0.0,0.0,0.0,0.0,0.0,0.0,0.0,1.0,0.0,0.4350678189644005,14.991330828181956,12.219656296311967
5178,207.08,0.98,1,0.298,0.153,-0.026,-0.409,-0.226,1.15,1.03,0.85,0.23,0.0,0.31,0.0,1.92,0.95,0.0,1.29,0.59,0.0,0.0,2.1,0.0,0.0,1.0,0.0,1.0,0.0,0.0,1.0,0.0,0.0,1.0,0.0,0.0,0.0,0.0,0.0,0.0,0.0,1.0,0.0,0.43208050154254674,14.101418368376942,12.277621919573862
5179,207.12,0.98,1,0.31,0.125,-0.028,-0.427,-0.238,1.27,1.1,1.01,0.33,0.0,0.23,0.0,1.81,0.98,0.0,1.15,0.4,0.0,0.0,2.24,0.0,0.0,1.0,0.0,1.0,0.0,0.0,1.0,0.0,0.0,1.0,0.0,0.0,0.0,0.0,0.0,0.0,0.0,1.0,0.0,0.46866633105845557,14.746185947559404,12.738916751435283
5180,207.16,0.98,1,0.298,0.144,-0.036,-0.428,-0.243,1.33,1.19,1.01,0.26,0.0,0.2,0.0,1.74,0.97,0.0,0.92,0.24,0.0,0.0,2.3,0.0,0.0,1.0,0.0,1.0,0.0,0.0,1.0,0.0,0.0,1.0,0.0,0.0,0.0,0.0,0.0,0.0,0.0,1.0,0.0,0.45020001707585383,14.220056258679238,12.42336508358345
5181,207.2,0.98,1,0.309,0.151,-0.032,-0.426,-0.247,1.29,1.23,0.96,0.17,0.0,0.18,0.0,1.61,1.0,0.0,0.9,0.14,0.0,0.0,2.38,0.0,0.0,1.0,0.0,1.0,0.0,0.0,1.0,0.0,0.0,1.0,0.0,1.0,0.0,0.0,0.0,0.0,0.0,1.0,0.0,0.43472626286718985,15.26106156202759,12.701574705523907
5182,207.24,0.98,1,0.34,0.15,-0.023,-0.428,-0.251,1.25,1.22,1.09,0.09,0.0,0.0,0.0,1.56,1.02,0.0,0.82,0.12,0.0,0.0,2.43,0.01,0.0,1.0,0.0,1.0,0.0,0.0,1.0,0.0,0.0,1.0,0.0,1.0,0.0,0.0,0.0,0.0,0.0,1.0,0.0,0.44465588832469827,12.931357237351245,12.515989773086366
5183,207.28,0.98,1,0.358,0.136,-0.023,-0.436,-0.25,1.27,1.41,1.11,0.12,0.0,0.12,0.0,1.55,0.98,0.0,0.82,0.08,0.0,0.0,2.51,0.09,0.0,1.0,0.0,1.0,0.0,0.0,1.0,0.0,0.0,1.0,0.0,1.0,0.0,0.0,0.0,0.0,0.0,1.0,0.0,0.4517559096571103,12.249489785293143,12.385879056409326
5184,207.32,0.98,1,0.313,0.164,-0.028,-0.436,-0.252,1.2,1.69,1.16,0.28,0.0,0.12,0.0,1.55,0.97,0.0,0.92,0.04,0.0,0.0,2.53,0.09,0.0,1.0,0.0,1.0,0.0,0.0,1.0,0.0,0.0,1.0,0.0,1.0,0.0,0.0,0.0,0.0,0.0,1.0,0.0,0.43103881477648465,15.380507143784298,12.369316876852881
5185,207.36,0.98,1,0.337,0.163,-0.036,-0.441,-0.254,1.11,1.81,1.02,0.3,0.0,0.18,0.0,1.58,0.93,0.0,0.91,0.09,0.0,0.0,2.5,0.13,0.0,1.0,0.0,1.0,0.0,0.0,1.0,0.0,0.0,1.0,0.0,0.0,0.0,0.0,0.0,0.0,0.0,1.0,0.0,0.4367123341174751,14.698639392814524,12.448293055676222
5186,207.4,0.98,1,0.327,0.157,-0.027,-0.439,-0.253,1.06,1.86,1.07,0.54,0.0,0.06,0.0,1.6,0.93,0.0,0.95,0.08,0.0,0.0,2.49,0.12,0.0,1.0,0.0,1.0,0.0,0.0,1.0,0.0,0.0,1.0,0.0,0.0,0.0,0.0,0.0,0.0,0.0,1.0,0.0,0.4326147370336706,14.867750334196375,12.684636376341295
5187,207.44,0.98,1,0.324,0.161,-0.027,-0.426,-0.257,0.94,1.66,1.12,0.5,0.0,0.25,0.0,1.53,0.84,0.0,0.87,0.08,0.0,0.0,2.43,0.15,0.0,1.0,0.0,1.0,0.0,0.0,1.0,0.0,0.0,1.0,0.0,0.0,0.0,0.0,0.0,0.0,0.0,1.0,0.0,0.424755249328449,15.088074761214397,12.265398485169404
5188,207.48,0.98,1,0.341,0.175,-0.024,-0.415,-0.257,0.96,1.94,1.24,0.43,0.0,0.35,0.0,1.24,0.78,0.0,0.77,0.0,0.0,0.0,2.3,0.18,0.09,1.0,0.0,1.0,0.0,0.0,1.0,0.0,0.0,1.0,0.0,0.0,0.0,0.0,0.0,0.0,0.0,1.0,0.0,0.41521917119431284,13.994641831786822,12.621014222319872
5189,207.52,0.98,1,0.303,0.224,-0.012,-0.384,-0.252,1.01,2.25,1.19,0.17,0.0,0.5,0.0,0.86,0.77,0.0,0.62,0.0,0.0,0.0,2.15,0.16,0.33,1.0,0.0,1.0,0.0,0.0,1.0,0.0,0.0,1.0,0.0,0.0,0.0,0.0,0.0,0.0,0.0,1.0,0.0,0.37443987821367714,10.127191120937725,13.692698784388728
5190,207.56,0.98,1,0.274,0.279,-0.006,-0.346,-0.245,0.91,2.53,0.94,0.04,0.0,0.44,0.0,0.46,0.81,0.22,0.39,0.0,0.0,0.0,1.97,0.24,0.73,1.0,0.0,1.0,0.0,0.0,1.0,0.0,0.0,1.0,0.0,0.0,0.0,0.0,0.0,1.0,0.0,0.0,0.0,0.29258153360662814,11.910499569707484,15.288230767489145
5191,207.6,0.98,1,0.258,0.301,0.006,-0.302,-0.232,0.74,2.2,0.52,0.0,0.0,0.73,0.0,0.28,1.04,0.28,0.2,0.0,0.0,0.0,1.94,0.44,1.09,1.0,0.0,1.0,0.0,0.0,1.0,0.0,0.0,1.0,1.0,0.0,0.0,0.0,0.0,1.0,0.0,0.0,0.0,0.27403437650345225,11.506954418958996,16.292636373527692
5192,207.64,0.98,1,0.175,0.347,0.072,-0.213,-0.216,0.32,1.65,0.25,0.0,0.09,1.24,0.0,0.31,1.23,0.35,0.0,0.0,0.0,0.0,1.97,0.79,1.32,0.0,0.0,1.0,0.0,1.0,1.0,0.0,0.0,1.0,1.0,0.0,0.0,0.0,0.0,1.0,1.0,0.0,1.0,0.1922567213712278,13.43726162579275,19.263436868845787
5193,207.68,0.98,1,0.133,0.36,0.076,-0.177,-0.182,0.24,1.2,0.16,0.0,0.23,1.9,0.0,0.44,1.39,0.27,0.0,0.0,0.0,0.0,1.87,1.17,1.29,0.0,0.0,0.0,0.0,1.0,1.0,0.0,0.0,1.0,1.0,0.0,0.0,0.0,0.0,1.0,1.0,0.0,1.0,0.18460172686792942,16.424676556937214,18.627130750601477
5194,207.72,0.98,1,0.099,0.358,0.083,-0.148,-0.154,0.01,0.73,0.11,0.0,0.34,2.24,0.0,0.59,1.39,0.36,0.0,0.0,0.0,0.0,1.71,1.28,1.06,0.0,0.0,0.0,0.0,1.0,1.0,0.0,0.0,1.0,1.0,0.0,0.0,0.0,0.0,1.0,1.0,0.0,1.0,0.19211133093403462,16.169724796668756,19.857995870681457
5195,207.76,0.98,1,0.074,0.355,0.073,-0.121,-0.13,0.0,0.36,0.08,0.0,0.38,2.48,0.0,0.62,1.35,0.33,0.0,0.0,0.0,0.0,1.5,1.26,0.65,0.0,0.0,0.0,0.0,1.0,1.0,0.0,0.0,1.0,1.0,0.0,0.0,0.0,0.0,1.0,1.0,0.0,1.0,0.18923454873238588,17.890779748238984,19.592345444075853
5196,207.8,0.98,1,0.042,0.344,0.067,-0.091,-0.119,0.0,0.11,0.0,0.0,0.35,2.57,0.0,0.68,1.3,0.29,0.0,0.0,0.0,0.0,1.45,1.25,0.32,0.0,0.0,0.0,0.0,1.0,1.0,0.0,0.0,1.0,1.0,0.0,0.0,0.0,0.0,1.0,1.0,0.0,1.0,0.19131040890081985,21.16837263466411,20.388722372919755
5197,207.84,0.98,1,0.044,0.345,0.079,-0.093,-0.109,0.06,0.06,0.0,0.0,0.37,2.63,0.0,0.78,1.25,0.33,0.0,0.0,0.0,0.0,1.53,1.29,0.15,0.0,0.0,0.0,0.0,1.0,1.0,0.0,0.0,1.0,1.0,0.0,0.0,0.0,0.0,1.0,1.0,0.0,0.0,0.19807811346057022,21.951309755912153,21.077001684300352
5198,207.88,0.98,1,0.047,0.339,0.083,-0.089,-0.107,0.06,0.05,0.0,0.0,0.36,2.61,0.0,0.82,1.17,0.42,0.0,0.0,0.0,0.0,1.77,1.43,0.1,0.0,0.0,0.0,0.0,1.0,1.0,0.0,0.0,1.0,1.0,0.0,0.0,0.0,0.0,1.0,1.0,0.0,0.0,0.20848127310133252,22.580079716422624,21.360009363293784
5199,207.92,0.98,1,0.053,0.346,0.087,-0.091,-0.102,0.09,0.01,0.0,0.0,0.36,2.78,0.0,0.84,1.17,0.54,0.0,0.0,0.0,0.0,2.08,1.43,0.07,0.0,0.0,0.0,0.0,1.0,1.0,0.0,0.0,1.0,1.0,0.0,0.0,0.0,0.0,1.0,1.0,0.0,0.0,0.20608360580737964,22.617250053885858,21.06086417980041
5200,207.96,0.98,1,0.051,0.338,0.086,-0.077,-0.102,0.02,0.03,0.0,0.0,0.38,2.72,0.0,0.79,1.27,0.44,0.0,0.0,0.0,0.0,2.29,1.47,0.0,0.0,0.0,0.0,0.0,1.0,1.0,0.0,0.0,1.0,1.0,0.0,0.0,0.0,0.0,1.0,1.0,0.0,0.0,0.21401768236477642,21.920994502987273,21.260291625469346
5201,208.0,0.98,1,0.042,0.335,0.084,-0.053,-0.106,0.09,0.23,0.0,0.0,0.52,2.86,0.13,0.74,1.38,0.62,0.0,0.0,0.0,0.0,2.39,1.55,0.49,0.0,0.0,0.0,0.0,1.0,1.0,0.0,0.0,1.0,1.0,0.0,0.0,0.0,0.0,1.0,1.0,0.0,0.0,0.2034096994590487,21.475567512873873,20.769689453624302
5202,208.04,0.98,1,0.007,0.385,0.101,-0.013,-0.102,0.3,0.5,0.0,0.0,0.54,2.17,0.22,0.66,1.44,0.65,0.0,0.0,0.14,0.0,2.67,1.89,1.25,0.0,0.0,0.0,0.0,1.0,1.0,0.0,0.0,1.0,1.0,0.0,0.0,0.0,0.0,1.0,1.0,0.0,1.0,0.16472518482844678,18.054362353736007,18.94016895383984
5203,208.08,0.93,1,-0.042,0.454,0.117,0.024,-0.073,0.55,0.69,0.0,0.0,0.55,1.57,0.32,0.5,1.41,0.67,0.0,0.0,0.28,0.0,2.86,2.32,2.07,0.0,0.0,0.0,0.0,1.0,1.0,0.0,1.0,1.0,1.0,0.0,0.0,0.0,0.0,1.0,1.0,0.0,1.0,0.16668528331082735,18.100276240985846,18.201373574541005
5204,208.12,0.98,1,-0.151,0.483,0.111,0.094,-0.048,0.52,0.51,0.06,0.0,0.58,0.92,0.26,0.33,1.27,0.43,0.0,0.04,0.33,0.0,3.09,2.47,2.4,0.0,0.0,0.0,0.0,1.0,1.0,0.0,1.0,1.0,1.0,0.0,0.0,0.0,0.0,1.0,1.0,0.0,1.0,0.1435883508411851,20.424495097798715,18.852055590836724
5205,208.16,0.98,1,-0.199,0.427,0.112,0.158,-0.031,0.33,0.26,0.13,0.0,0.77,1.07,0.28,0.3,1.02,0.27,0.0,0.04,0.19,0.0,3.24,2.53,2.23,0.0,0.0,0.0,0.0,1.0,1.0,0.0,1.0,1.0,1.0,0.0,0.0,0.0,0.0,1.0,1.0,0.0,1.0,0.15693007328714798,19.206509313251114,20.155892438689012
5206,208.2,0.98,1,-0.257,0.406,0.112,0.217,-0.025,0.24,0.05,0.19,0.0,0.96,1.5,0.2,0.43,0.79,0.36,0.0,0.06,0.05,0.0,3.58,2.5,1.72,0.0,0.0,0.0,0.0,1.0,1.0,0.0,1.0,1.0,1.0,0.0,0.0,0.0,0.0,1.0,1.0,0.0,1.0,0.17115156692790656,19.557607215607945,21.80573319106693
5207,208.24,0.98,1,-0.315,0.371,0.114,0.271,-0.014,0.3,0.16,0.16,0.0,0.98,1.74,0.13,0.61,0.7,0.37,0.0,0.02,0.0,0.0,3.86,2.54,1.13,1.0,0.0,0.0,0.0,1.0,1.0,0.0,1.0,1.0,1.0,0.0,0.0,0.0,0.0,1.0,1.0,0.0,1.0,0.18837239648650272,17.216561793807866,22.679726629745804
5208,208.28,0.98,1,-0.299,0.355,0.114,0.274,0.02,0.36,0.33,0.11,0.0,0.92,1.6,0.03,0.76,0.77,0.49,0.0,0.02,0.0,0.01,3.96,2.49,0.65,1.0,0.0,0.0,0.0,1.0,1.0,0.0,1.0,1.0,1.0,0.0,0.0,0.0,0.0,1.0,1.0,0.0,1.0,0.1930486171243338,19.40335022618535,23.28604732452466
5209,208.32,0.98,1,-0.318,0.342,0.1,0.276,0.042,0.41,0.55,0.09,0.0,0.77,1.52,0.0,0.8,0.87,0.57,0.0,0.0,0.0,0.09,3.84,2.43,0.5,1.0,0.0,0.0,0.0,1.0,1.0,0.0,1.0,1.0,1.0,0.0,0.0,0.0,0.0,1.0,1.0,0.0,0.0,0.20510289183025576,20.696859665176397,21.33541656495138
5210,208.36,0.98,1,-0.324,0.331,0.081,0.275,0.057,0.53,0.79,0.15,0.0,0.67,1.36,0.0,0.83,0.95,0.74,0.0,0.0,0.0,0.09,3.66,2.4,0.59,1.0,0.0,0.0,0.0,1.0,1.0,0.0,1.0,1.0,1.0,0.0,0.0,0.0,0.0,1.0,1.0,0.0,0.0,0.20636206311132177,22.181523843054514,21.07368026710092
5211,208.4,0.98,1,-0.336,0.318,0.068,0.286,0.066,0.67,0.79,0.18,0.0,0.6,1.47,0.0,0.84,0.98,0.76,0.0,0.0,0.0,0.15,3.51,2.27,0.81,1.0,0.0,0.0,0.0,1.0,1.0,0.0,1.0,1.0,1.0,0.0,0.0,0.0,0.0,1.0,1.0,0.0,0.0,0.21013998738843298,22.22993477273372,20.80312476528468
5212,208.44,0.98,1,-0.343,0.322,0.067,0.29,0.074,0.67,0.7,0.2,0.0,0.63,1.62,0.0,0.91,1.0,0.7,0.0,0.0,0.0,0.19,3.37,2.21,0.9,1.0,0.0,0.0,0.0,1.0,1.0,0.0,1.0,1.0,1.0,0.0,0.0,0.0,0.0,1.0,1.0,0.0,0.0,0.20674090849904597,22.586943130933072,20.308126452235832
5213,208.48,0.98,1,-0.365,0.315,0.067,0.29,0.081,0.7,0.61,0.1,0.0,0.59,1.63,0.0,1.0,0.98,0.66,0.0,0.06,0.0,0.38,3.34,2.13,0.83,1.0,0.0,0.0,0.0,1.0,1.0,0.0,1.0,1.0,1.0,0.0,0.0,0.0,0.0,1.0,1.0,0.0,0.0,0.2099827398654247,21.143556938225757,21.799311915746337
5214,208.52,0.98,1,-0.379,0.304,0.064,0.295,0.088,0.67,0.64,0.07,0.0,0.54,1.58,0.0,1.1,1.02,0.62,0.0,0.08,0.0,0.45,3.34,2.13,0.69,1.0,0.0,0.0,0.0,1.0,0.0,0.0,1.0,1.0,1.0,0.0,0.0,0.0,0.0,1.0,1.0,0.0,0.0,0.22094717195487584,21.199292441022646,24.437675830569415
5215,208.56,0.98,1,-0.4,0.306,0.069,0.313,0.089,0.67,0.71,0.02,0.0,0.48,1.4,0.0,1.19,1.01,0.54,0.0,0.09,0.0,0.49,3.27,2.03,0.59,1.0,0.0,0.0,0.0,1.0,0.0,0.0,1.0,1.0,1.0,0.0,0.0,0.0,0.0,1.0,1.0,0.0,0.0,0.23531954826343676,21.172859986312673,23.97185850116762
5216,208.6,0.98,1,-0.405,0.309,0.064,0.313,0.094,0.66,0.67,0.02,0.0,0.48,1.33,0.0,1.23,1.02,0.55,0.0,0.04,0.0,0.49,3.13,1.95,0.52,1.0,0.0,0.0,0.0,1.0,0.0,0.0,1.0,1.0,1.0,0.0,0.0,0.0,0.0,1.0,1.0,0.0,0.0,0.23568755807432334,21.39742975219226,24.891966575584174
5217,208.64,0.98,1,-0.413,0.304,0.065,0.309,0.098,0.61,0.6,0.07,0.01,0.46,1.31,0.0,1.17,1.02,0.53,0.0,0.03,0.0,0.57,2.99,1.81,0.57,1.0,0.0,0.0,0.0,1.0,0.0,0.0,1.0,1.0,1.0,0.0,0.0,0.0,0.0,1.0,1.0,0.0,0.0,0.23583099324883985,21.582400237230193,24.41823089414956
5218,208.68,0.98,1,-0.416,0.307,0.066,0.311,0.1,0.63,0.65,0.07,0.01,0.45,1.11,0.0,1.1,1.04,0.6,0.0,0.05,0.0,0.63,2.99,1.76,0.65,1.0,0.0,0.0,0.0,1.0,0.0,0.0,1.0,1.0,1.0,0.0,0.0,0.0,0.0,1.0,1.0,0.0,0.0,0.23907634867532424,21.949487465542372,23.926972228010797
5219,208.72,0.98,1,-0.412,0.308,0.063,0.31,0.102,0.68,0.64,0.07,0.01,0.51,1.17,0.0,1.06,1.08,0.66,0.0,0.04,0.0,0.67,2.97,1.79,0.71,1.0,0.0,0.0,0.0,1.0,1.0,0.0,1.0,1.0,1.0,0.0,0.0,0.0,0.0,1.0,1.0,0.0,0.0,0.2371616893934026,22.210357943986484,23.74973684064736
5220,208.76,0.98,1,-0.413,0.308,0.058,0.31,0.104,0.79,0.76,0.02,0.0,0.57,1.09,0.0,1.16,1.08,0.67,0.0,0.05,0.0,0.69,2.92,1.79,0.56,1.0,0.0,0.0,0.0,1.0,1.0,0.0,1.0,1.0,1.0,0.0,0.0,0.0,0.0,1.0,1.0,0.0,0.0,0.23508455783169027,21.799311915746337,23.593431289238126
5221,208.8,0.98,1,-0.412,0.307,0.053,0.309,0.107,0.92,0.69,0.0,0.0,0.58,1.18,0.0,1.24,1.11,0.67,0.0,0.03,0.0,0.71,2.93,1.71,0.37,1.0,0.0,0.0,0.0,1.0,1.0,0.0,1.0,1.0,1.0,0.0,0.0,0.0,0.0,1.0,1.0,0.0,0.0,0.23874445156220298,21.457399656062613,24.438085031360355
5222,208.84,0.98,1,-0.408,0.317,0.055,0.304,0.11,0.91,0.71,0.02,0.0,0.53,1.22,0.0,1.22,1.14,0.55,0.0,0.03,0.0,0.78,2.94,1.55,0.29,1.0,0.0,0.0,0.0,1.0,1.0,0.0,1.0,1.0,1.0,0.0,0.0,0.0,0.0,1.0,1.0,0.0,0.0,0.2383724327394629,21.191035840656866,23.851624682608037
5223,208.88,0.98,1,-0.406,0.308,0.053,0.294,0.11,0.93,0.77,0.06,0.0,0.53,1.41,0.0,1.13,1.2,0.61,0.0,0.0,0.0,0.83,2.92,1.44,0.44,1.0,0.0,0.0,0.0,1.0,1.0,0.0,1.0,1.0,1.0,0.0,0.0,0.0,0.0,1.0,1.0,0.0,0.0,0.23903170490261078,21.273457640919585,23.749736840647266
5224,208.92,0.98,1,-0.402,0.305,0.059,0.296,0.108,0.99,1.03,0.1,0.0,0.47,1.41,0.0,1.03,1.18,0.6,0.0,0.0,0.0,0.69,2.94,1.42,1.09,1.0,0.0,0.0,0.0,1.0,1.0,0.0,1.0,1.0,1.0,0.0,0.0,0.0,0.0,1.0,1.0,0.0,0.0,0.23415515146244686,21.66841018625949,23.945980873624706
5225,208.96,0.98,1,-0.375,0.347,0.063,0.309,0.106,1.11,1.28,0.08,0.0,0.38,1.1,0.0,0.93,1.19,0.67,0.0,0.0,0.0,0.39,3.04,1.44,2.0,1.0,0.0,0.0,0.0,1.0,1.0,0.0,1.0,1.0,1.0,0.0,0.0,0.0,0.0,1.0,1.0,0.0,1.0,0.201790449831959,18.70106948813337,19.61555505204988
5226,209.0,0.98,1,-0.273,0.446,0.084,0.34,0.098,1.0,1.12,0.12,0.0,0.27,0.69,0.0,0.84,1.22,0.56,0.0,0.0,0.0,0.1,3.24,1.54,2.77,1.0,0.0,0.0,0.0,1.0,1.0,0.0,0.0,1.0,1.0,0.0,0.0,0.0,0.0,1.0,1.0,0.0,1.0,0.16787784605608597,19.13661412058034,14.641379716406535
5227,209.04,0.98,1,-0.284,0.441,0.084,0.326,0.096,0.66,0.72,0.07,0.0,0.24,0.66,0.0,0.65,1.31,0.47,0.0,0.0,0.0,0.05,3.24,1.38,2.81,0.0,0.0,0.0,0.0,1.0,1.0,0.0,0.0,1.0,1.0,0.0,0.0,0.0,0.0,1.0,1.0,0.0,1.0,0.1708811171523975,19.4030925370159,15.95305613354379
5228,209.08,0.98,1,-0.267,0.377,0.064,0.261,0.1,0.27,0.2,0.08,0.04,0.31,0.96,0.0,0.58,1.34,0.35,0.0,0.0,0.0,0.21,3.08,1.25,2.26,0.0,0.0,0.0,0.0,1.0,1.0,0.0,0.0,1.0,1.0,0.0,0.0,0.0,0.0,1.0,1.0,0.0,1.0,0.17612315877274232,20.35313243704752,17.548219282878815
5229,209.12,0.98,1,-0.243,0.326,0.065,0.22,0.103,0.1,0.04,0.0,0.05,0.35,1.48,0.0,0.46,1.29,0.36,0.0,0.0,0.0,0.36,2.86,1.07,1.51,0.0,0.0,0.0,0.0,1.0,1.0,0.0,0.0,1.0,1.0,0.0,0.0,0.0,0.0,1.0,1.0,0.0,0.0,0.19374939452908724,22.053797858872382,18.270194306574773
5230,209.16,0.98,1,-0.218,0.34,0.07,0.201,0.102,0.03,0.0,0.0,0.05,0.42,1.74,0.0,0.5,1.24,0.42,0.0,0.0,0.0,0.36,2.77,1.38,1.12,0.0,0.0,0.0,0.0,1.0,1.0,0.0,0.0,1.0,1.0,0.0,0.0,0.0,0.0,1.0,1.0,0.0,0.0,0.17913598767569236,21.93171219946126,19.258504614844885
5231,209.2,0.98,1,-0.217,0.339,0.069,0.183,0.085,0.17,0.08,0.03,0.01,0.48,1.82,0.0,0.53,1.09,0.51,0.0,0.15,0.0,0.2,2.87,1.73,0.82,0.0,0.0,0.0,0.0,1.0,1.0,0.0,0.0,1.0,1.0,0.0,0.0,0.0,0.0,1.0,1.0,0.0,0.0,0.19252062957864197,20.97736875778284,18.253766734567346
5232,209.24,0.98,1,-0.221,0.335,0.081,0.196,0.05,0.29,0.17,0.05,0.0,0.43,1.68,0.0,0.61,0.86,0.56,0.0,0.22,0.0,0.05,3.19,2.32,0.69,0.0,0.0,0.0,0.0,1.0,1.0,0.0,0.0,1.0,1.0,0.0,0.0,0.0,0.0,1.0,1.0,0.0,0.0,0.2084346331938641,20.80624906127969,18.77711372921828
5233,209.28,0.98,1,-0.21,0.333,0.084,0.183,0.054,0.52,0.27,0.11,0.0,0.39,1.56,0.0,0.61,0.57,0.58,0.0,0.37,0.0,0.0,3.37,2.66,0.49,0.0,0.0,0.0,0.0,1.0,1.0,0.0,0.0,1.0,1.0,0.0,0.0,0.0,0.0,1.0,1.0,0.0,0.0,0.21107712788564062,20.953758612716808,18.95178091895321
5234,209.32,0.98,1,-0.189,0.353,0.088,0.191,0.022,0.49,0.34,0.08,0.0,0.27,1.41,0.0,0.47,0.31,0.44,0.0,0.4,0.0,0.0,3.25,2.89,0.48,0.0,0.0,0.0,0.0,0.0,1.0,0.0,0.0,0.0,1.0,0.0,0.0,0.0,0.0,1.0,1.0,0.0,0.0,0.19925941931600466,20.455072720477034,20.130076999355985
5235,209.36,0.98,1,-0.178,0.341,0.071,0.192,0.007,0.57,0.36,0.06,0.0,0.19,1.23,0.0,0.33,0.15,0.27,0.0,0.65,0.0,0.0,2.59,2.81,0.36,0.0,0.0,0.0,0.0,0.0,1.0,0.0,0.0,0.0,1.0,0.0,0.0,0.0,0.0,1.0,1.0,0.0,0.0,0.20885136517452688,20.84058540444577,20.220039564748674
5236,209.4,0.98,1,-0.165,0.323,0.063,0.183,-0.002,0.54,0.32,0.0,0.0,0.07,1.23,0.0,0.14,0.07,0.14,0.0,0.93,0.0,0.14,1.9,2.64,0.32,0.0,0.0,0.0,0.0,0.0,1.0,0.0,0.0,0.0,1.0,0.0,0.0,0.0,1.0,1.0,1.0,0.0,0.0,0.22338947183096286,20.524375751773793,20.524375751773793
5237,209.44,0.98,1,-0.157,0.316,0.062,0.168,-0.002,0.57,0.17,0.0,0.0,0.03,1.47,0.0,0.04,0.1,0.4,0.0,1.26,0.0,0.4,1.35,2.46,0.26,0.0,0.0,0.0,0.0,0.0,1.0,0.0,0.0,0.0,1.0,0.0,1.0,0.0,1.0,1.0,1.0,0.0,0.0,0.22351173444359662,20.819462048765768,21.115160430363794
5238,209.48,0.98,1,-0.143,0.314,0.07,0.158,-0.001,0.55,0.06,0.0,0.0,0.04,1.72,0.0,0.0,0.19,0.65,0.0,1.57,0.0,0.67,1.06,2.16,0.25,0.0,0.0,0.0,0.0,0.0,1.0,0.0,0.0,0.0,1.0,0.0,1.0,0.0,1.0,1.0,1.0,0.0,0.0,0.21981071413340278,21.02878978923894,21.2058954067024
5239,209.52,0.98,1,-0.137,0.307,0.071,0.148,0.004,0.46,0.0,0.0,0.0,0.04,1.95,0.0,0.0,0.3,0.92,0.0,1.73,0.0,0.84,0.74,1.89,0.31,0.0,0.0,0.0,0.0,0.0,1.0,0.0,0.0,0.0,1.0,0.0,1.0,0.0,1.0,1.0,1.0,0.0,0.0,0.23127723560747335,21.539266468475667,20.729206448873096
5240,209.56,0.98,1,-0.134,0.317,0.075,0.143,0.005,0.32,0.0,0.0,0.0,0.02,2.1,0.0,0.0,0.39,1.01,0.0,1.83,0.11,0.9,0.48,1.54,0.41,0.0,0.0,0.0,0.0,0.0,1.0,0.0,0.0,0.0,1.0,0.0,1.0,0.0,1.0,1.0,1.0,0.0,0.0,0.21807555731234768,21.944703233354602,20.61965082148582
5241,209.6,0.98,1,-0.138,0.32,0.065,0.139,0.005,0.22,0.0,0.0,0.0,0.06,2.23,0.0,0.0,0.53,1.1,0.0,1.86,0.26,0.94,0.28,1.44,0.62,0.0,0.0,0.0,0.0,1.0,1.0,0.0,0.0,0.0,1.0,0.0,1.0,1.0,1.0,0.0,1.0,0.0,0.0,0.21315910056333717,22.327113561766062,20.22003956474856
5242,209.64,0.98,1,-0.186,0.29,0.06,0.138,0.005,0.11,0.0,0.0,0.0,0.16,2.17,0.0,0.0,0.65,1.18,0.0,1.97,0.43,0.95,0.29,1.31,0.61,0.0,0.0,0.0,0.0,1.0,1.0,0.0,0.0,1.0,1.0,0.0,1.0,1.0,1.0,0.0,0.0,0.0,0.0,0.22788577711798147,21.14639449173301,17.80702108720036
5243,209.68,0.98,1,-0.193,0.315,0.066,0.144,0.005,0.13,0.0,0.0,0.0,0.22,2.11,0.0,0.0,0.8,1.28,0.0,2.04,0.47,0.92,0.32,1.21,0.5,0.0,0.0,0.0,0.0,1.0,1.0,0.0,0.0,1.0,1.0,0.0,1.0,1.0,1.0,0.0,0.0,0.0,0.0,0.1891514673277747,22.949074055394778,18.50432381904294
5244,209.72,0.98,1,-0.205,0.307,0.059,0.151,0.009,0.05,0.0,0.0,0.0,0.26,1.88,0.0,0.04,0.86,1.4,0.0,2.07,0.52,0.83,0.45,1.02,0.41,0.0,0.0,0.0,0.0,1.0,1.0,0.0,0.0,1.0,1.0,0.0,1.0,1.0,1.0,0.0,0.0,0.0,0.0,0.18809914988642185,23.76825614133275,18.509727172489605
5245,209.76,0.98,1,-0.211,0.31,0.059,0.16,0.013,0.05,0.0,0.0,0.0,0.25,1.66,0.0,0.1,0.92,1.49,0.0,2.12,0.49,0.72,0.52,0.88,0.31,0.0,0.0,0.0,0.0,1.0,1.0,0.0,0.0,1.0,1.0,0.0,1.0,1.0,1.0,0.0,0.0,0.0,0.0,0.18504323660136743,23.967686580060104,18.51728921845744
5246,209.8,0.98,1,-0.216,0.307,0.057,0.164,0.017,0.0,0.0,0.0,0.0,0.26,1.4,0.0,0.1,0.92,1.42,0.0,2.09,0.48,0.63,0.61,0.78,0.24,0.0,0.0,0.0,0.0,1.0,1.0,0.0,0.0,1.0,1.0,0.0,1.0,1.0,1.0,0.0,0.0,0.0,0.0,0.18660122059945822,23.702320561497682,18.926436537288236
5247,209.84,0.98,1,-0.221,0.286,0.053,0.166,0.021,0.04,0.0,0.0,0.0,0.27,1.39,0.0,0.11,0.9,1.43,0.0,2.1,0.45,0.63,0.53,0.69,0.18,0.0,0.0,0.0,0.0,1.0,1.0,0.0,0.0,1.0,1.0,0.0,1.0,1.0,1.0,0.0,0.0,0.0,0.0,0.2108350112422549,23.277671704876155,18.838258942906545
5248,209.88,0.98,1,-0.216,0.321,0.066,0.169,0.019,0.04,0.0,0.0,0.0,0.3,1.62,0.0,0.06,0.87,1.52,0.0,2.09,0.49,0.64,0.55,0.62,0.22,0.0,0.0,0.0,0.0,1.0,1.0,0.0,0.0,1.0,1.0,0.0,1.0,1.0,1.0,0.0,0.0,0.0,0.0,0.18741296899092136,23.403632196733863,19.237463450257717
5249,209.92,0.98,1,-0.202,0.312,0.064,0.169,0.024,0.04,0.0,0.0,0.0,0.33,1.85,0.0,0.07,0.9,1.61,0.0,2.11,0.52,0.66,0.59,0.65,0.25,0.0,0.0,0.0,0.0,1.0,1.0,0.0,0.0,1.0,1.0,0.0,1.0,1.0,1.0,0.0,0.0,0.0,0.0,0.18959772301130884,23.005434140654767,19.443507913954193
5250,209.96,0.98,1,-0.189,0.314,0.064,0.167,0.025,0.01,0.0,0.0,0.0,0.33,2.0,0.0,0.13,0.95,1.53,0.0,2.06,0.75,0.63,0.6,0.59,0.19,0.0,0.0,0.0,0.0,1.0,1.0,0.0,0.0,1.0,1.0,0.0,1.0,1.0,1.0,0.0,0.0,0.0,0.0,0.18937827701812687,23.423279018958848,19.643064933965793
5251,210.0,0.98,1,-0.195,0.302,0.057,0.161,0.028,0.01,0.0,0.0,0.0,0.33,1.94,0.0,0.22,0.98,1.41,0.0,1.93,0.93,0.54,0.64,0.6,0.31,0.0,0.0,0.0,0.0,0.0,1.0,0.0,0.0,1.0,1.0,0.0,1.0,1.0,1.0,0.0,0.0,0.0,0.0,0.1830284042175751,24.57356303021603,20.148697228357
5252,210.04,0.98,1,-0.198,0.321,0.049,0.161,0.031,0.2,0.0,0.0,0.0,0.21,1.41,0.0,0.28,0.98,1.33,0.0,1.7,1.07,0.34,0.73,0.44,1.14,0.0,0.0,0.0,0.0,0.0,1.0,0.0,0.0,1.0,1.0,0.0,1.0,1.0,1.0,0.0,0.0,0.0,0.0,0.1830247793934801,19.557607215607945,17.31415605797748
5253,210.08,0.98,1,-0.177,0.426,0.064,0.168,0.032,0.44,0.0,0.0,0.0,0.11,0.78,0.0,0.37,1.01,1.43,0.0,1.48,1.03,0.13,0.95,0.51,2.03,0.0,0.0,0.0,0.0,0.0,1.0,0.0,0.0,1.0,1.0,0.0,1.0,1.0,1.0,0.0,0.0,0.0,1.0,0.1712311935788873,19.53586445489432,18.501081049495458
5254,210.12,0.98,1,-0.175,0.466,0.064,0.163,0.032,0.56,0.0,0.0,0.0,0.07,0.41,0.0,0.37,0.97,1.48,0.0,1.37,0.97,0.07,1.01,0.44,2.58,0.0,0.0,0.0,0.0,0.0,1.0,0.0,0.0,1.0,1.0,0.0,1.0,1.0,1.0,1.0,0.0,0.0,1.0,0.16172341574346172,17.253985046939075,18.7130970178643
5255,210.16,0.98,1,-0.181,0.407,0.044,0.146,0.036,0.45,0.0,0.0,0.0,0.15,0.69,0.0,0.38,0.97,1.53,0.0,1.3,0.94,0.07,1.13,0.47,2.23,0.0,0.0,0.0,0.0,0.0,1.0,0.0,0.0,1.0,1.0,0.0,1.0,1.0,1.0,1.0,0.0,0.0,1.0,0.15480165025913561,19.403350226185122,21.500232556881798
5256,210.2,0.98,1,-0.185,0.355,0.056,0.155,0.028,0.28,0.0,0.0,0.0,0.26,1.15,0.0,0.27,0.95,1.44,0.0,1.27,0.87,0.07,1.19,0.54,1.75,0.0,0.0,0.0,0.0,1.0,1.0,0.0,0.0,1.0,1.0,0.0,1.0,1.0,1.0,1.0,0.0,0.0,1.0,0.17123477087142677,18.29890707118876,18.0
5257,210.24,0.98,1,-0.168,0.32,0.062,0.155,0.025,0.27,0.0,0.0,0.0,0.31,1.33,0.0,0.28,1.02,1.38,0.0,1.23,0.87,0.0,1.32,0.65,1.37,0.0,0.0,0.0,0.0,1.0,1.0,0.0,0.0,1.0,1.0,0.0,1.0,1.0,1.0,1.0,0.0,0.0,0.0,0.17411208982199733,19.30388561922189,18.404347312523726
5258,210.28,0.98,1,-0.171,0.323,0.066,0.154,0.022,0.22,0.0,0.0,0.0,0.36,1.36,0.0,0.35,1.03,1.32,0.0,1.21,0.78,0.01,1.39,0.84,1.18,0.0,0.0,0.0,0.0,1.0,1.0,0.0,0.0,1.0,1.0,0.0,1.0,1.0,1.0,1.0,0.0,0.0,0.0,0.17414004875524708,19.665197685250877,17.80702108720036
5259,210.32,0.98,1,-0.172,0.36,0.068,0.156,0.022,0.27,0.09,0.0,0.0,0.39,1.35,0.0,0.37,1.05,1.34,0.0,1.12,0.6,0.06,1.51,0.85,1.14,0.0,0.0,0.0,0.0,1.0,1.0,0.0,0.0,1.0,1.0,0.0,1.0,1.0,1.0,1.0,0.0,0.0,0.0,0.16989651390390959,21.30375553746316,19.009471323527123
5260,210.36,0.98,1,-0.182,0.347,0.063,0.153,0.019,0.26,0.11,0.0,0.0,0.41,1.4,0.0,0.41,1.06,1.3,0.0,0.93,0.42,0.08,1.68,0.92,0.97,0.0,0.0,0.0,0.0,1.0,1.0,0.0,0.0,1.0,1.0,0.0,1.0,1.0,1.0,1.0,0.0,0.0,0.0,0.17242731548283396,19.911052207254098,19.53100099841275
5261,210.4,0.98,1,-0.17,0.347,0.068,0.153,0.018,0.22,0.11,0.0,0.0,0.43,1.4,0.0,0.34,1.06,1.16,0.0,0.79,0.32,0.09,1.67,0.96,0.87,0.0,0.0,0.0,0.0,1.0,1.0,0.0,0.0,1.0,1.0,0.0,1.0,1.0,1.0,1.0,1.0,0.0,0.0,0.17471124929909196,19.5829007044411,18.912958520548788
5262,210.44,0.98,1,-0.174,0.344,0.065,0.153,0.02,0.2,0.02,0.0,0.0,0.42,1.55,0.0,0.34,1.03,1.1,0.0,0.69,0.46,0.04,1.6,1.1,0.72,0.0,0.0,0.0,0.0,1.0,1.0,0.0,0.0,1.0,1.0,0.0,1.0,1.0,1.0,1.0,1.0,0.0,0.0,0.17202852517660136,19.89095271725309,18.916923639957933
5263,210.48,0.98,1,-0.164,0.344,0.064,0.15,0.023,0.17,0.0,0.0,0.0,0.38,1.7,0.0,0.32,0.99,1.13,0.0,0.68,0.43,0.03,1.48,1.24,0.81,0.0,0.0,0.0,0.0,1.0,1.0,0.0,0.0,1.0,1.0,0.0,1.0,1.0,1.0,1.0,1.0,0.0,0.0,0.17362911636207828,19.535864454894096,19.116746585127945
5264,210.52,0.98,1,-0.162,0.338,0.063,0.148,0.026,0.27,0.02,0.0,0.0,0.33,1.92,0.0,0.28,0.97,1.18,0.0,0.73,0.43,0.03,1.41,1.36,0.77,0.0,0.0,0.0,0.0,1.0,1.0,0.0,0.0,1.0,1.0,0.0,1.0,1.0,1.0,1.0,1.0,0.0,0.0,0.18231870208004183,20.069130524265464,19.425756098540905
5265,210.56,0.98,1,-0.16,0.325,0.059,0.142,0.032,0.35,0.25,0.0,0.0,0.26,2.07,0.0,0.19,0.94,1.18,0.0,0.83,0.33,0.03,1.4,1.38,0.78,0.0,0.0,0.0,0.0,1.0,1.0,0.0,0.0,1.0,1.0,0.0,1.0,1.0,1.0,1.0,1.0,0.0,0.0,0.18970816822241243,19.845654436173216,18.745132701584208
5266,210.6,0.98,1,-0.163,0.328,0.065,0.143,0.031,0.42,0.38,0.0,0.0,0.19,2.08,0.0,0.08,0.91,1.19,0.0,0.93,0.36,0.02,1.27,1.3,0.65,0.0,0.0,0.0,0.0,1.0,1.0,0.0,0.0,1.0,1.0,0.0,1.0,1.0,1.0,1.0,1.0,0.0,0.0,0.19370726789677237,20.23116407921197,19.03181546778972
5267,210.64,0.98,1,-0.171,0.336,0.076,0.142,0.03,0.47,0.54,0.0,0.0,0.2,2.14,0.0,0.03,0.91,1.26,0.04,1.06,0.47,0.0,1.08,1.21,0.54,0.0,0.0,0.0,0.0,1.0,1.0,0.0,0.0,1.0,1.0,0.0,1.0,1.0,1.0,1.0,0.0,0.0,0.0,0.20252469415793184,21.236054247434858,18.03357978882729
5268,210.68,0.98,1,-0.166,0.323,0.071,0.14,0.031,0.41,0.41,0.0,0.0,0.18,2.11,0.0,0.0,0.92,1.37,0.12,1.35,0.76,0.1,0.69,1.08,0.6,0.0,0.0,0.0,0.0,1.0,1.0,0.0,0.0,1.0,1.0,0.0,1.0,1.0,1.0,1.0,0.0,0.0,0.0,0.1995501947884325,21.53415891090255,18.54561942885705
5269,210.72,0.98,1,-0.168,0.331,0.072,0.136,0.029,0.39,0.28,0.0,0.0,0.22,2.21,0.0,0.0,0.9,1.38,0.23,1.72,1.02,0.26,0.47,1.0,0.57,0.0,0.0,0.0,0.0,1.0,1.0,0.0,0.0,1.0,1.0,0.0,1.0,1.0,1.0,1.0,0.0,0.0,0.0,0.19453210779784746,21.821548982599786,18.632498490540677
5270,210.76,0.98,1,-0.173,0.323,0.069,0.134,0.026,0.33,0.1,0.0,0.0,0.18,2.16,0.0,0.0,0.85,1.36,0.34,2.02,1.15,0.43,0.33,0.92,0.58,0.0,0.0,0.0,0.0,1.0,1.0,0.0,0.0,1.0,1.0,0.0,1.0,1.0,1.0,0.0,0.0,0.0,0.0,0.1989630222289792,22.119900542271893,18.83215335536535
5271,210.8,0.98,1,-0.17,0.312,0.067,0.134,0.026,0.31,0.0,0.0,0.0,0.19,2.25,0.0,0.0,0.83,1.3,0.32,2.06,1.14,0.48,0.25,0.85,0.46,0.0,0.0,0.0,0.0,1.0,1.0,0.0,0.0,1.0,1.0,0.0,1.0,1.0,1.0,0.0,0.0,0.0,0.0,0.20590913204686379,22.597787502319783,19.231484602079004
5272,210.84,0.98,1,-0.17,0.321,0.07,0.132,0.025,0.34,0.0,0.0,0.0,0.17,2.23,0.0,0.0,0.89,1.24,0.28,2.02,1.1,0.45,0.18,0.81,0.41,0.0,0.0,0.0,0.0,1.0,1.0,0.0,0.0,1.0,1.0,0.0,1.0,1.0,1.0,0.0,0.0,0.0,0.0,0.20310260945337744,22.190313201935794,18.732325002519087
5273,210.88,0.98,1,-0.165,0.311,0.069,0.129,0.029,0.32,0.0,0.0,0.0,0.22,2.25,0.0,0.0,0.91,1.25,0.16,2.01,1.16,0.48,0.07,0.75,0.38,0.0,0.0,0.0,0.0,0.0,1.0,0.0,0.0,1.0,1.0,0.0,1.0,1.0,1.0,0.0,0.0,0.0,0.0,0.2107571914989118,22.19954954497964,18.745132701584208
5274,210.92,0.98,1,-0.163,0.325,0.072,0.123,0.032,0.24,0.0,0.0,0.0,0.24,2.17,0.0,0.0,0.88,1.18,0.17,2.13,1.13,0.51,0.07,0.83,0.31,0.0,0.0,0.0,0.0,0.0,1.0,0.0,0.0,1.0,1.0,0.0,1.0,1.0,1.0,0.0,0.0,0.0,0.0,0.19430503110680225,22.49822215198334,19.83053201505201
5275,210.96,0.98,1,-0.16,0.329,0.073,0.118,0.035,0.17,0.0,0.0,0.0,0.22,2.12,0.0,0.0,0.8,1.18,0.13,2.24,1.08,0.58,0.11,0.84,0.22,0.0,0.0,0.0,0.0,0.0,1.0,0.0,0.0,1.0,1.0,0.0,1.0,1.0,1.0,0.0,0.0,0.0,0.0,0.19440380482602232,22.89650628371058,19.531000998412754
5276,211.0,0.98,1,-0.151,0.313,0.076,0.112,0.036,0.25,0.0,0.0,0.0,0.16,2.19,0.0,0.0,0.76,1.16,0.1,2.16,0.94,0.46,0.24,0.97,0.31,0.0,0.0,0.0,0.0,0.0,1.0,0.0,0.0,1.0,1.0,0.0,1.0,1.0,1.0,0.0,0.0,0.0,0.0,0.20758987773918308,22.617250053885858,19.309324172533803
5277,211.04,0.98,1,-0.148,0.333,0.094,0.11,0.032,0.29,0.0,0.0,0.0,0.13,2.22,0.0,0.0,0.74,1.1,0.04,2.0,0.87,0.37,0.31,1.11,0.22,0.0,0.0,0.0,0.0,0.0,1.0,0.0,0.0,1.0,1.0,0.0,1.0,1.0,1.0,1.0,1.0,0.0,0.0,0.2044526870436581,22.308742680841558,19.206509313251114
5278,211.08,0.98,1,-0.144,0.329,0.096,0.103,0.03,0.29,0.0,0.0,0.0,0.1,2.36,0.0,0.0,0.67,1.05,0.01,1.76,0.88,0.31,0.25,1.39,0.28,0.0,0.0,0.0,0.0,0.0,0.0,0.0,0.0,1.0,1.0,0.0,1.0,1.0,1.0,1.0,1.0,0.0,0.0,0.1963247372215005,22.28115795913674,19.50230755577401
5279,211.12,0.98,1,-0.134,0.339,0.11,0.099,0.022,0.22,0.0,0.0,0.0,0.05,2.13,0.0,0.0,0.52,0.93,0.01,1.64,0.89,0.39,0.11,1.68,0.13,0.0,0.0,0.0,0.0,0.0,0.0,0.0,0.0,0.0,1.0,0.0,1.0,1.0,1.0,1.0,1.0,0.0,0.0,0.21062995111525598,22.19031320193557,19.50410213262841
5280,211.16,0.98,1,-0.135,0.336,0.115,0.094,0.017,0.34,0.01,0.0,0.0,0.02,2.03,0.0,0.0,0.4,0.95,0.0,1.52,0.83,0.46,0.06,1.84,0.13,0.0,0.0,0.0,0.0,0.0,0.0,0.0,0.0,0.0,1.0,0.0,1.0,1.0,1.0,1.0,1.0,0.0,0.0,0.19477944759193494,22.264994947226064,19.10026177831081
5281,211.2,0.98,1,-0.137,0.324,0.111,0.092,0.012,0.4,0.01,0.0,0.0,0.03,1.9,0.0,0.0,0.33,1.06,0.0,1.57,0.77,0.59,0.13,1.91,0.04,0.0,0.0,0.0,0.0,0.0,0.0,0.0,0.0,0.0,1.0,0.0,1.0,1.0,1.0,1.0,1.0,0.0,0.0,0.2054876581433172,23.668544526438602,19.70101520226806
5282,211.24,0.98,1,-0.136,0.31,0.096,0.088,0.008,0.39,0.02,0.0,0.0,0.07,2.08,0.0,0.0,0.4,1.24,0.0,1.7,0.84,0.71,0.13,1.79,0.0,0.0,0.0,0.0,0.0,0.0,0.0,0.0,0.0,0.0,1.0,0.0,1.0,1.0,1.0,1.0,1.0,1.0,0.0,0.2000112298889383,23.441842930964143,19.90025125469523
5283,211.28,0.98,1,-0.135,0.312,0.103,0.089,0.003,0.21,0.01,0.0,0.0,0.1,2.11,0.0,0.0,0.49,1.27,0.0,1.87,0.92,0.88,0.2,1.74,0.0,0.0,0.0,0.0,0.0,0.0,0.0,0.0,0.0,1.0,1.0,0.0,1.0,1.0,1.0,1.0,1.0,1.0,0.0,0.21078193301846104,23.13655116909187,20.402205763103144
5284,211.32,0.98,1,-0.134,0.308,0.099,0.085,0.004,0.07,0.01,0.0,0.0,0.17,2.01,0.0,0.0,0.59,1.2,0.0,1.94,0.92,0.9,0.11,1.79,0.0,0.0,0.0,0.0,0.0,0.0,0.0,0.0,0.0,1.0,1.0,0.0,1.0,1.0,1.0,1.0,1.0,1.0,0.0,0.20944938338769303,22.826519664635647,20.200247523235877
5285,211.36,0.98,1,-0.131,0.309,0.098,0.084,0.006,0.07,0.0,0.0,0.0,0.22,2.03,0.0,0.0,0.7,1.19,0.0,1.83,0.92,0.88,0.12,1.91,0.0,0.0,0.0,0.0,0.0,1.0,0.0,0.0,0.0,1.0,1.0,0.0,1.0,1.0,1.0,1.0,1.0,1.0,0.0,0.21240150209537328,22.926403991904273,20.102238681301166
5286,211.4,0.98,1,-0.122,0.314,0.103,0.081,0.007,0.07,0.0,0.0,0.0,0.27,2.08,0.0,0.0,0.79,1.34,0.0,1.76,0.86,0.79,0.02,1.99,0.0,0.0,0.0,0.0,0.0,1.0,0.0,0.0,0.0,1.0,1.0,0.0,1.0,1.0,1.0,1.0,1.0,1.0,0.0,0.21387235675603938,23.021728866442675,20.00399960007998
5287,211.44,0.98,1,-0.116,0.312,0.102,0.079,0.01,0.07,0.0,0.0,0.0,0.31,2.23,0.0,0.0,0.83,1.4,0.0,1.7,0.86,0.71,0.08,2.01,0.0,0.0,0.0,0.0,0.0,1.0,0.0,0.0,0.0,1.0,1.0,0.0,1.0,1.0,0.0,1.0,1.0,0.0,0.0,0.2183602667976159,22.722015755649895,20.31575743111731
5288,211.48,0.98,1,-0.107,0.312,0.098,0.073,0.013,0.0,0.0,0.0,0.0,0.26,2.07,0.0,0.0,0.77,1.35,0.0,1.63,0.73,0.68,0.26,2.17,0.0,0.0,0.0,0.0,0.0,1.0,0.0,0.0,0.0,1.0,1.0,0.0,1.0,1.0,0.0,1.0,1.0,1.0,0.0,0.2199505653922181,22.91767876552955,19.906280415989297
5289,211.52,0.98,1,-0.111,0.321,0.111,0.065,0.011,0.0,0.0,0.0,0.0,0.19,1.85,0.0,0.0,0.72,1.18,0.0,1.37,0.62,0.61,0.57,2.3,0.0,0.0,0.0,0.0,0.0,0.0,0.0,0.0,0.0,1.0,1.0,0.0,1.0,0.0,0.0,1.0,1.0,1.0,0.0,0.2191828468082918,22.51421773013666,20.20396000787969
5290,211.56,0.98,1,-0.129,0.321,0.135,0.061,0.006,0.0,0.0,0.0,0.0,0.12,1.75,0.0,0.0,0.75,1.0,0.0,0.98,0.54,0.42,0.91,2.35,0.0,0.0,0.0,0.0,0.0,0.0,0.0,0.0,0.0,1.0,1.0,0.0,1.0,0.0,0.0,1.0,1.0,1.0,0.0,0.21643489499426846,24.105186163977155,19.00236827345476
5291,211.6,0.98,1,-0.137,0.326,0.159,0.065,0.002,0.0,0.0,0.0,0.0,0.17,1.64,0.0,0.0,0.82,0.88,0.0,0.68,0.55,0.28,1.11,2.23,0.0,0.0,0.0,0.0,0.0,0.0,0.0,0.0,0.0,1.0,1.0,0.0,1.0,0.0,0.0,1.0,1.0,1.0,0.0,0.22088038615203842,24.51652503924649,18.799999999999955
5292,211.64,0.98,1,-0.14,0.327,0.168,0.068,0.001,0.0,0.0,0.0,0.0,0.19,1.77,0.0,0.0,0.82,0.81,0.0,0.55,0.54,0.19,1.05,2.06,0.0,0.0,0.0,0.0,0.0,0.0,0.0,0.0,0.0,1.0,1.0,0.0,1.0,0.0,0.0,1.0,1.0,1.0,0.0,0.22099852824679966,24.41311123146727,19.30025906561885
5293,211.68,0.98,1,-0.138,0.324,0.168,0.068,0.003,0.04,0.0,0.0,0.0,0.23,1.86,0.0,0.0,0.79,0.81,0.0,0.58,0.5,0.28,1.0,1.95,0.0,0.0,0.0,0.0,0.0,0.0,0.0,0.0,0.0,1.0,1.0,0.0,1.0,0.0,0.0,1.0,1.0,1.0,0.0,0.21895169734979547,24.305143488570664,19.40412327316013
5294,211.72,0.98,1,-0.147,0.318,0.155,0.067,0.008,0.04,0.0,0.0,0.0,0.26,1.95,0.0,0.0,0.75,0.7,0.0,0.7,0.48,0.39,0.85,1.85,0.0,0.0,0.0,0.0,0.0,0.0,0.0,0.0,0.0,1.0,1.0,0.0,1.0,1.0,0.0,1.0,1.0,1.0,0.0,0.21685960273117919,23.81029189237311,19.712432625122588
5295,211.76,0.93,1,-0.142,0.33,0.166,0.067,0.008,0.04,0.0,0.0,0.0,0.33,1.79,0.0,0.0,0.76,0.68,0.0,0.83,0.54,0.45,0.8,1.79,0.0,0.0,0.0,0.0,0.0,0.0,0.0,0.0,0.0,1.0,1.0,0.0,1.0,1.0,0.0,1.0,1.0,1.0,0.0,0.2154070103951228,24.310080213771357,19.604081207748575
5296,211.8,0.93,1,-0.137,0.325,0.158,0.057,0.007,0.0,0.0,0.0,0.0,0.37,1.76,0.0,0.0,0.79,0.72,0.0,0.79,0.65,0.46,0.74,1.74,0.0,0.0,0.0,0.0,0.0,0.0,0.0,0.0,0.0,1.0,1.0,0.0,1.0,1.0,0.0,1.0,1.0,1.0,0.0,0.21626522151953387,23.910248848558737,19.802272596851168
5297,211.84,0.98,1,-0.135,0.314,0.143,0.049,0.009,0.0,0.0,0.0,0.0,0.34,1.95,0.0,0.0,0.75,0.69,0.0,0.65,0.72,0.36,0.91,1.77,0.0,0.0,0.0,0.0,0.0,0.0,0.0,0.0,0.0,1.0,1.0,0.0,1.0,1.0,0.0,1.0,1.0,0.0,0.0,0.21691945316757982,24.310080213771357,20.00024999843763
5298,211.88,0.98,1,-0.124,0.32,0.143,0.045,0.007,0.0,0.0,0.0,0.0,0.26,2.08,0.0,0.0,0.67,0.57,0.0,0.53,0.65,0.34,1.03,1.88,0.0,0.0,0.0,0.0,0.0,0.0,0.0,0.0,0.0,1.0,1.0,0.0,1.0,1.0,0.0,1.0,1.0,0.0,0.0,0.2174162899787778,23.51042322035058,20.200247523235877
5299,211.92,0.98,1,-0.117,0.313,0.133,0.041,0.006,0.04,0.0,0.0,0.0,0.13,2.06,0.0,0.0,0.58,0.32,0.0,0.58,0.54,0.36,1.1,1.89,0.0,0.0,0.0,0.0,0.0,0.0,0.0,0.0,0.0,1.0,1.0,0.0,1.0,1.0,0.0,1.0,1.0,0.0,0.0,0.2149807836980874,23.807561823924722,20.299999999999955
5300,211.96,0.98,1,-0.112,0.301,0.121,0.037,0.007,0.04,0.0,0.0,0.0,0.12,1.79,0.0,0.0,0.59,0.28,0.0,0.69,0.47,0.43,0.95,1.73,0.0,0.0,0.0,0.0,0.0,0.0,0.0,0.0,0.0,1.0,1.0,0.0,1.0,1.0,0.0,1.0,1.0,0.0,0.0,0.2191391647370402,23.403418553706924,20.500243900988107
5301,212.0,0.98,1,-0.093,0.307,0.122,0.033,0.007,0.04,0.0,0.0,0.0,0.14,1.78,0.0,0.0,0.63,0.26,0.0,0.78,0.56,0.49,0.9,1.51,0.0,0.0,0.0,0.0,0.0,0.0,0.0,0.0,0.0,1.0,1.0,0.0,1.0,1.0,0.0,1.0,1.0,0.0,0.0,0.22754913928332587,23.20193957409577,20.40612653102013
5302,212.04,0.98,1,-0.087,0.296,0.116,0.027,0.008,0.0,0.0,0.0,0.0,0.14,1.68,0.0,0.0,0.66,0.33,0.0,0.92,0.61,0.55,0.79,1.5,0.0,0.0,0.0,0.0,0.0,0.0,0.0,0.0,0.0,1.0,1.0,0.0,1.0,0.0,0.0,1.0,1.0,0.0,0.0,0.2291299686644903,23.500212764994277,21.10852908186632
5303,212.08,0.98,1,-0.079,0.301,0.103,0.025,0.012,0.0,0.0,0.0,0.0,0.08,1.61,0.0,0.0,0.68,0.29,0.0,1.02,0.57,0.52,0.7,1.6,0.0,0.0,0.0,0.0,0.0,0.0,0.0,0.0,0.0,1.0,1.0,0.0,1.0,0.0,0.0,1.0,1.0,0.0,0.0,0.23181604412039508,23.401922997907764,20.100248754679537
5304,212.12,0.98,1,-0.069,0.3,0.101,0.02,0.013,0.0,0.0,0.0,0.0,0.04,1.54,0.0,0.0,0.7,0.29,0.0,1.01,0.43,0.4,0.65,1.7,0.0,0.0,0.0,0.0,0.0,0.0,0.0,0.0,0.0,1.0,1.0,0.0,1.0,0.0,0.0,1.0,1.0,0.0,0.0,0.23537356410502414,23.80189068120425,19.90000000000009
5305,212.16,0.98,1,-0.07,0.289,0.094,0.018,0.014,0.0,0.0,0.0,0.0,0.04,1.47,0.0,0.0,0.73,0.29,0.0,0.9,0.29,0.22,0.62,1.61,0.0,0.0,0.0,0.0,0.0,0.0,0.0,0.0,0.0,1.0,1.0,0.0,1.0,0.0,0.0,1.0,1.0,0.0,0.0,0.23600443017542078,23.601906702637304,21.20377324911776
5306,212.2,0.98,1,-0.062,0.291,0.092,0.015,0.015,0.0,0.0,0.0,0.01,0.05,1.71,0.0,0.0,0.78,0.34,0.06,0.82,0.26,0.11,0.68,1.61,0.0,0.0,0.0,0.0,0.0,0.0,0.0,0.0,0.0,1.0,1.0,0.0,1.0,0.0,0.0,1.0,1.0,0.0,0.0,0.23477246709304006,23.4008546852461,21.10094784600933
5307,212.24,0.98,1,-0.059,0.284,0.09,0.011,0.014,0.0,0.0,0.0,0.01,0.05,1.73,0.0,0.0,0.8,0.27,0.06,0.79,0.2,0.06,0.69,1.63,0.0,0.0,0.0,0.0,0.0,0.0,0.0,0.0,0.0,1.0,1.0,0.0,1.0,0.0,0.0,1.0,1.0,0.0,0.0,0.24441165065767717,23.005434140654682,21.91118435867865
5308,212.28,0.98,1,-0.056,0.276,0.084,0.006,0.012,0.0,0.0,0.0,0.01,0.05,1.8,0.0,0.0,0.81,0.16,0.06,0.84,0.19,0.05,0.67,1.72,0.0,0.0,0.0,0.0,0.0,0.0,0.0,0.0,0.0,1.0,1.0,0.0,1.0,0.0,0.0,1.0,1.0,0.0,0.0,0.2431913279020614,23.60084744241203,21.403737991294975
5309,212.32,0.98,1,-0.046,0.274,0.079,0.0,0.012,0.0,0.0,0.0,0.0,0.02,1.57,0.0,0.0,0.75,0.09,0.0,0.82,0.1,0.05,0.71,1.75,0.0,0.0,0.0,0.0,0.0,0.0,0.0,0.0,0.0,1.0,1.0,0.0,1.0,0.0,0.0,1.0,1.0,0.0,0.0,0.24373495100402312,23.400854685245868,21.70092163941435
5310,212.36,0.98,1,-0.045,0.267,0.077,-0.005,0.011,0.0,0.0,0.0,0.0,0.0,1.58,0.0,0.0,0.69,0.15,0.04,0.88,0.07,0.06,0.75,1.74,0.0,0.0,0.0,0.0,0.0,0.0,1.0,0.0,0.0,1.0,1.0,0.0,1.0,0.0,0.0,1.0,1.0,0.0,0.0,0.24803699298355103,24.000208332429118,22.000227271553356
5311,212.4,0.98,1,-0.039,0.267,0.077,-0.01,0.009,0.0,0.0,0.0,0.0,0.0,1.79,0.0,0.0,0.62,0.18,0.08,0.89,0.02,0.03,0.82,1.72,0.0,0.0,0.0,0.0,0.0,0.0,1.0,0.0,0.0,1.0,1.0,0.0,1.0,0.0,0.0,1.0,1.0,0.0,0.0,0.24904239749130297,23.5,21.80091741188884
5312,212.44,0.98,1,-0.036,0.271,0.079,-0.013,0.009,0.0,0.0,0.0,0.0,0.0,2.08,0.0,0.0,0.62,0.14,0.15,0.88,0.01,0.02,0.82,1.74,0.0,0.0,0.0,0.0,0.0,0.0,1.0,0.0,0.0,1.0,1.0,0.0,1.0,0.0,0.0,1.0,1.0,0.0,0.0,0.2471066311485433,23.200215516240405,21.500930212434998
5313,212.48,0.98,1,-0.03,0.272,0.077,-0.019,0.01,0.0,0.0,0.0,0.0,0.0,2.16,0.0,0.0,0.64,0.09,0.16,0.89,0.0,0.0,0.8,1.74,0.0,0.0,0.0,0.0,0.0,0.0,1.0,0.0,0.0,1.0,1.0,0.0,1.0,0.0,0.0,1.0,1.0,0.0,0.0,0.2466509181450911,22.90087334579172,21.899999999999864
5314,212.52,0.98,1,-0.017,0.28,0.078,-0.025,0.01,0.02,0.02,0.0,0.0,0.0,2.16,0.03,0.0,0.68,0.12,0.15,0.76,0.0,0.0,0.79,1.76,0.0,0.0,0.0,0.0,0.0,0.0,1.0,0.0,0.0,1.0,1.0,0.0,1.0,0.0,0.0,1.0,1.0,0.0,0.0,0.23756834514809796,22.710790386950475,22.300224214119417
5315,212.56,0.98,1,-0.022,0.3,0.081,-0.014,-0.011,0.02,0.02,0.0,0.0,0.0,1.97,0.03,0.0,0.65,0.12,0.14,0.82,0.0,0.05,0.73,1.73,0.0,0.0,0.0,0.0,0.0,0.0,1.0,0.0,0.0,1.0,1.0,0.0,1.0,0.0,0.0,1.0,1.0,0.0,0.0,0.2261999855523527,22.71409254185608,23.300214591286448
5316,212.6,0.98,1,-0.02,0.294,0.081,-0.023,0.004,0.02,0.02,0.0,0.0,0.0,1.92,0.03,0.08,0.66,0.26,0.14,0.7,0.0,0.08,0.61,1.57,0.0,0.0,0.0,0.0,0.0,0.0,1.0,0.0,0.0,1.0,1.0,0.0,1.0,0.0,0.0,1.0,1.0,0.0,0.0,0.2275822209562286,22.722015755649895,23.10086578464097
5317,212.64,0.98,1,0.002,0.296,0.073,-0.017,-0.025,0.0,0.0,0.0,0.0,0.0,1.87,0.0,0.08,0.66,0.3,0.11,0.83,0.0,0.24,0.42,1.35,0.0,0.0,0.0,0.0,0.0,0.0,1.0,0.0,0.0,1.0,1.0,0.0,1.0,0.0,0.0,0.0,0.0,0.0,0.0,0.23297256253815707,22.011133546457803,22.503555274667157
5318,212.68,0.98,1,-0.004,0.306,0.063,-0.028,-0.006,0.0,0.0,0.0,0.0,0.0,2.02,0.0,0.1,0.68,0.53,0.05,0.78,0.0,0.38,0.2,1.02,0.0,0.0,0.0,0.0,0.0,0.0,1.0,0.0,0.0,1.0,1.0,0.0,1.0,0.0,0.0,0.0,0.0,0.0,0.0,0.22154813972770937,21.605786262017777,22.403571143904582
5319,212.72,0.98,1,0.003,0.291,0.066,-0.019,-0.024,0.0,0.0,0.0,0.0,0.0,2.1,0.0,0.08,0.65,0.54,0.04,0.78,0.0,0.5,0.07,0.84,0.0,0.0,0.0,0.0,0.0,0.0,1.0,0.0,0.0,1.0,1.0,0.0,1.0,0.0,0.0,0.0,0.0,0.0,0.0,0.23434858199724368,21.30586773637718,22.805481797146886
5320,212.76,0.98,1,0.001,0.297,0.068,-0.017,-0.031,0.02,0.0,0.0,0.0,0.0,2.13,0.0,0.09,0.63,0.62,0.03,0.69,0.0,0.51,0.0,0.69,0.0,0.0,0.0,0.0,0.0,0.0,1.0,0.0,0.0,1.0,1.0,0.0,1.0,0.0,0.0,0.0,0.0,0.0,0.0,0.23258495842902058,21.408409562599324,23.203448019636898
5321,212.8,0.98,1,-0.005,0.3,0.064,-0.017,-0.032,0.02,0.0,0.0,0.0,0.0,2.25,0.0,0.06,0.63,0.6,0.07,0.61,0.0,0.47,0.0,0.53,0.0,0.0,0.0,0.0,0.0,0.0,1.0,0.0,0.0,1.0,1.0,0.0,1.0,0.0,0.0,0.0,0.0,0.0,0.0,0.22967449580429483,21.100947846009102,23.800840321299763
5322,212.84,0.98,1,-0.0,0.296,0.062,-0.016,-0.033,0.04,0.0,0.0,0.0,0.0,2.25,0.0,0.05,0.69,0.65,0.08,0.6,0.0,0.5,0.0,0.35,0.0,0.0,0.0,0.0,0.0,0.0,1.0,0.0,0.0,1.0,1.0,0.0,1.0,0.0,0.0,0.0,0.0,0.0,0.0,0.22936324346033227,20.708693826506597,23.4008546852461
5323,212.88,0.98,1,0.005,0.289,0.065,-0.016,-0.035,0.02,0.0,0.0,0.0,0.0,2.21,0.0,0.07,0.67,0.68,0.22,0.64,0.0,0.52,0.01,0.26,0.0,0.0,0.0,0.0,0.0,0.0,1.0,0.0,0.0,1.0,1.0,0.0,1.0,0.0,0.0,0.0,0.0,0.0,0.0,0.23464205866404064,21.119185590358263,23.800840321299535
5324,212.92,0.98,1,-0.005,0.289,0.067,-0.014,-0.034,0.02,0.0,0.0,0.0,0.0,2.13,0.0,0.11,0.72,0.71,0.23,0.63,0.0,0.53,0.01,0.26,0.0,0.0,0.0,0.0,0.0,0.0,1.0,0.0,0.0,1.0,1.0,0.0,1.0,0.0,0.0,0.0,0.0,0.0,0.0,0.23551180082519663,21.111608181282772,23.899999999999864
5325,212.96,0.98,1,-0.001,0.292,0.065,-0.012,-0.032,0.0,0.0,0.0,0.0,0.0,2.21,0.0,0.11,0.7,0.64,0.24,0.58,0.01,0.48,0.06,0.28,0.0,0.0,0.0,0.0,0.0,0.0,1.0,0.0,0.0,1.0,1.0,0.0,0.0,0.0,0.0,0.0,0.0,0.0,0.0,0.23865965909949627,21.402102700435858,23.800840321299535
5326,213.0,0.98,1,-0.006,0.28,0.064,-0.014,-0.03,0.0,0.0,0.0,0.0,0.0,2.3,0.0,0.13,0.72,0.62,0.1,0.49,0.04,0.4,0.09,0.31,0.0,0.0,0.0,0.0,0.0,0.0,1.0,0.0,0.0,1.0,1.0,0.0,0.0,0.0,0.0,0.0,0.0,0.0,0.0,0.25949206406466524,21.711287386979198,23.30343322345439
5327,213.04,0.98,1,0.001,0.278,0.059,-0.014,-0.025,0.0,0.0,0.0,0.0,0.0,2.42,0.0,0.15,0.7,0.65,0.16,0.45,0.07,0.38,0.11,0.24,0.0,0.0,0.0,0.0,0.0,0.0,1.0,0.0,0.0,1.0,1.0,0.0,0.0,0.0,0.0,0.0,0.0,0.0,0.0,0.25319424516526096,21.718655575334353,23.710335299189495
5328,213.08,0.98,1,-0.001,0.289,0.067,-0.013,-0.024,0.02,0.0,0.0,0.0,0.0,2.56,0.0,0.16,0.69,0.73,0.15,0.41,0.06,0.36,0.07,0.18,0.0,0.0,0.0,0.0,0.0,0.0,1.0,0.0,0.0,1.0,1.0,0.0,0.0,0.0,0.0,0.0,0.0,0.0,0.0,0.2508539571664696,21.611339616044077,23.825406607233333
5329,213.12,0.98,1,-0.002,0.276,0.055,-0.012,-0.023,0.11,0.0,0.0,0.0,0.0,2.42,0.0,0.26,0.73,0.82,0.21,0.31,0.12,0.25,0.08,0.06,0.59,0.0,0.0,0.0,0.0,0.0,1.0,0.0,0.0,1.0,1.0,0.0,0.0,0.0,0.0,0.0,0.0,0.0,0.0,0.24756975520154129,20.702173798903384,23.11384866265235
5330,213.16,0.98,1,0.01,0.392,0.052,-0.018,-0.023,0.34,0.0,0.0,0.0,0.0,1.99,0.0,0.34,0.83,0.87,0.2,0.28,0.27,0.1,0.1,0.03,1.33,0.0,0.0,0.0,0.0,0.0,1.0,0.0,0.0,1.0,1.0,0.0,0.0,0.0,0.0,0.0,0.0,0.0,1.0,0.19981070781060173,18.4219977201172,20.619650821485713
5331,213.2,0.98,1,0.007,0.424,0.059,-0.031,-0.019,0.42,0.0,0.0,0.0,0.0,1.55,0.0,0.39,0.87,1.0,0.22,0.32,0.39,0.0,0.2,0.0,1.9,0.0,0.0,0.0,0.0,0.0,1.0,0.0,0.0,1.0,1.0,0.0,0.0,0.0,0.0,0.0,0.0,0.0,1.0,0.17233645166197648,16.50605949341025,21.360009363293784
5332,213.24,0.98,1,-0.006,0.383,0.046,-0.022,-0.021,0.4,0.0,0.0,0.0,0.0,1.52,0.0,0.28,0.88,0.92,0.22,0.48,0.43,0.04,0.2,0.11,1.73,0.0,1.0,0.0,0.0,0.0,1.0,0.0,0.0,1.0,1.0,0.0,0.0,0.0,0.0,0.0,0.0,0.0,1.0,0.1808746143589909,17.78145100940869,22.631835983852387
5333,213.28,0.98,1,-0.02,0.293,0.036,-0.011,-0.023,0.17,0.0,0.0,0.0,0.0,2.0,0.0,0.21,0.79,0.82,0.21,0.41,0.33,0.04,0.26,0.26,1.24,0.0,1.0,0.0,0.0,0.0,1.0,0.0,0.0,1.0,1.0,0.0,0.0,0.0,0.0,0.0,0.0,0.0,1.0,0.187401549127244,18.469434208984172,20.030227157973023
5334,213.32,0.98,1,0.005,0.304,0.043,-0.014,-0.026,0.14,0.01,0.0,0.0,0.0,2.25,0.05,0.27,0.74,0.67,0.15,0.47,0.21,0.04,0.22,0.47,0.78,0.0,1.0,0.0,0.0,0.0,1.0,0.0,0.0,1.0,1.0,0.0,0.0,0.0,0.0,0.0,0.0,0.0,1.0,0.19994673017128745,18.30245885120353,17.93376703316944
5335,213.36,0.98,1,-0.018,0.305,0.045,-0.011,-0.013,0.07,0.01,0.0,0.0,0.0,2.5,0.05,0.37,0.74,0.64,0.12,0.48,0.08,0.0,0.31,0.53,0.39,0.0,0.0,0.0,0.0,0.0,1.0,0.0,0.0,1.0,1.0,0.0,1.0,0.0,0.0,0.0,0.0,0.0,0.0,0.1866639128238322,17.301156030739634,17.80702108720059
5336,213.4,0.98,1,-0.012,0.315,0.047,-0.014,-0.01,0.15,0.01,0.0,0.0,0.0,2.37,0.1,0.42,0.75,0.56,0.05,0.55,0.0,0.0,0.37,0.59,0.15,0.0,0.0,0.0,0.0,0.0,1.0,0.0,0.0,1.0,1.0,0.0,1.0,0.0,0.0,0.0,0.0,0.0,0.0,0.19325406502377732,17.504570831642802,19.004210059878837
5337,213.44,0.98,1,-0.008,0.315,0.064,-0.012,-0.012,0.08,0.0,0.0,0.0,0.0,2.55,0.05,0.32,0.79,0.5,0.05,0.59,0.0,0.0,0.54,0.66,0.04,0.0,0.0,0.0,0.0,0.0,1.0,0.0,0.0,1.0,1.0,0.0,0.0,0.0,0.0,0.0,0.0,0.0,0.0,0.20820871504455862,18.602419197512905,19.40412327316013
5338,213.48,0.98,1,0.001,0.291,0.05,-0.015,-0.009,0.15,0.0,0.0,0.0,0.0,2.52,0.08,0.25,0.81,0.4,0.02,0.52,0.0,0.0,0.78,0.86,0.0,0.0,0.0,0.0,0.0,0.0,1.0,0.0,0.0,1.0,1.0,0.0,0.0,0.0,0.0,1.0,0.0,0.0,0.0,0.21129670000311646,19.509228585466932,19.901004999747993
5339,213.52,0.98,1,0.01,0.302,0.057,-0.013,-0.008,0.08,0.0,0.0,0.0,0.04,2.41,0.03,0.28,0.82,0.41,0.0,0.39,0.1,0.0,0.9,1.05,0.0,0.0,0.0,0.0,0.0,0.0,1.0,0.0,0.0,1.0,1.0,0.0,0.0,0.0,0.0,1.0,0.0,0.0,0.0,0.2066065231368231,19.806312125178636,20.70096616102741
5340,213.56,0.98,1,0.007,0.292,0.049,-0.012,-0.021,0.08,0.0,0.0,0.0,0.08,2.37,0.06,0.37,0.81,0.36,0.0,0.17,0.1,0.0,0.97,1.1,0.0,0.0,0.0,0.0,0.0,0.0,1.0,0.0,0.0,1.0,1.0,0.0,0.0,0.0,0.0,1.0,0.0,0.0,0.0,0.2101719749724023,19.602295783912567,20.699999999999818
5341,213.6,0.98,1,0.009,0.283,0.044,-0.014,-0.026,0.06,0.0,0.0,0.06,0.09,2.41,0.02,0.39,0.76,0.47,0.0,0.02,0.1,0.0,0.98,1.08,0.0,0.0,0.0,0.0,0.0,1.0,1.0,0.0,0.0,1.0,1.0,0.0,0.0,0.0,0.0,1.0,0.0,0.0,0.0,0.22359806970995338,20.006249023742555,21.399999999999864
5342,213.64,0.98,1,0.008,0.293,0.05,-0.012,-0.027,0.1,0.0,0.0,0.06,0.08,2.6,0.02,0.33,0.76,0.47,0.0,0.03,0.0,0.0,1.05,0.99,0.0,0.0,0.0,0.0,0.0,1.0,1.0,0.0,0.0,1.0,1.0,0.0,0.0,0.0,0.0,1.0,0.0,0.0,0.0,0.22525431189997638,19.802272596851054,20.900239233080654
5343,213.68,0.98,1,0.009,0.285,0.045,-0.016,-0.027,0.19,0.0,0.0,0.1,0.07,2.68,0.02,0.23,0.78,0.48,0.0,0.07,0.0,0.0,1.1,1.02,0.0,0.0,0.0,0.0,0.0,1.0,1.0,0.0,0.0,1.0,1.0,0.0,0.0,0.0,0.0,1.0,0.0,0.0,0.0,0.22748407128219728,20.100248754679537,21.200235847744757
5344,213.72,0.98,1,0.005,0.283,0.05,-0.012,-0.03,0.18,0.0,0.0,0.04,0.06,2.6,0.11,0.18,0.79,0.33,0.0,0.15,0.0,0.0,1.17,1.04,0.0,0.0,0.0,0.0,0.0,0.0,1.0,0.0,0.0,1.0,1.0,0.0,0.0,0.0,0.0,1.0,0.0,0.0,0.0,0.22748993214018487,20.40882162203403,20.500975586542218
5345,213.76,0.98,1,0.006,0.303,0.066,-0.013,-0.021,0.2,0.0,0.0,0.04,0.03,2.55,0.18,0.16,0.77,0.24,0.0,0.19,0.0,0.0,1.26,1.15,0.02,0.0,0.0,0.0,0.0,0.0,1.0,0.0,0.0,1.0,1.0,0.0,0.0,0.0,0.0,1.0,0.0,0.0,0.0,0.2202481674761092,20.5,20.800240383226527
5346,213.8,0.98,1,-0.005,0.295,0.051,-0.011,-0.015,0.18,0.07,0.0,0.0,0.0,2.28,0.19,0.13,0.75,0.09,0.02,0.21,0.0,0.0,1.36,1.2,0.05,0.0,0.0,0.0,0.0,0.0,1.0,0.0,0.0,1.0,1.0,0.0,0.0,0.0,0.0,1.0,1.0,0.0,0.0,0.21147277595620695,20.702173798903157,21.100236965493924
5347,213.84,0.98,1,-0.014,0.293,0.051,-0.006,-0.013,0.15,0.07,0.0,0.01,0.0,2.2,0.14,0.19,0.78,0.04,0.05,0.32,0.0,0.0,1.4,1.44,0.05,0.0,0.0,0.0,0.0,0.0,1.0,0.0,0.0,1.0,1.0,0.0,0.0,0.0,0.0,1.0,1.0,0.0,0.0,0.2105810019534078,20.500243900988107,21.000238093888363
5348,213.88,0.98,1,-0.016,0.309,0.066,-0.017,0.004,0.09,0.07,0.0,0.01,0.0,2.13,0.07,0.16,0.79,0.0,0.05,0.45,0.0,0.0,1.44,1.56,0.03,0.0,0.0,0.0,0.0,0.0,1.0,0.0,0.0,1.0,1.0,0.0,0.0,0.0,0.0,1.0,1.0,0.0,0.0,0.20823099803614603,21.40584032454681,21.400934559032788
5349,213.92,0.98,1,-0.0,0.302,0.052,-0.007,-0.008,0.03,0.0,0.0,0.01,0.0,2.22,0.04,0.26,0.76,0.0,0.04,0.61,0.0,0.0,1.48,1.66,0.0,0.0,0.0,0.0,0.0,0.0,1.0,0.0,0.0,1.0,1.0,0.0,0.0,0.0,0.0,1.0,1.0,0.0,0.0,0.20868542161761616,20.702173798903388,22.408034273447413
5350,213.96,0.98,1,-0.017,0.306,0.055,-0.012,0.008,0.0,0.0,0.0,0.0,0.0,2.11,0.0,0.29,0.78,0.0,0.01,0.51,0.0,0.0,1.45,1.58,0.0,0.0,0.0,0.0,0.0,0.0,1.0,0.0,0.0,1.0,1.0,0.0,0.0,0.0,0.0,1.0,0.0,0.0,0.0,0.20504559741721712,21.70575960430784,22.70088104017115
5351,214.0,0.98,1,-0.013,0.292,0.047,-0.003,-0.004,0.0,0.0,0.0,0.0,0.0,1.94,0.02,0.35,0.77,0.0,0.1,0.53,0.0,0.0,1.5,1.59,0.0,0.0,0.0,0.0,0.0,0.0,1.0,0.0,0.0,1.0,1.0,0.0,0.0,0.0,0.0,1.0,0.0,0.0,0.0,0.20850678605858872,20.300246303924446,22.503555274667157
5352,214.04,0.98,1,-0.024,0.295,0.059,-0.018,0.006,0.0,0.0,0.0,0.0,0.0,1.78,0.02,0.3,0.81,0.01,0.1,0.34,0.0,0.0,1.51,1.56,0.0,0.0,0.0,0.0,0.0,0.0,1.0,0.0,0.0,1.0,1.0,0.0,0.0,0.0,0.0,1.0,0.0,0.0,0.0,0.2259728985393051,21.908217636311814,21.800229356591597
5353,214.08,0.98,1,-0.007,0.297,0.054,-0.006,-0.011,0.0,0.0,0.0,0.0,0.0,1.75,0.02,0.27,0.75,0.04,0.1,0.47,0.0,0.0,1.42,1.57,0.0,0.0,0.0,0.0,0.0,0.0,1.0,0.0,0.0,1.0,1.0,0.0,0.0,0.0,0.0,1.0,0.0,0.0,0.0,0.21367154328428917,20.60388312915787,23.303433223454388
5354,214.12,0.98,1,-0.023,0.288,0.054,-0.014,0.004,0.0,0.0,0.0,0.0,0.0,1.92,0.0,0.25,0.79,0.04,0.04,0.35,0.0,0.0,1.37,1.52,0.0,0.0,0.0,0.0,0.0,0.0,1.0,0.0,0.0,1.0,1.0,0.0,0.0,0.0,0.0,1.0,0.0,0.0,0.0,0.21016039142504903,21.81123563670793,22.901964981197434
5355,214.16,0.98,1,-0.017,0.289,0.05,-0.008,-0.014,0.0,0.0,0.0,0.0,0.0,2.05,0.0,0.19,0.73,0.03,0.05,0.53,0.0,0.0,1.24,1.6,0.0,0.0,0.0,0.0,0.0,0.0,1.0,0.0,0.0,1.0,1.0,0.0,0.0,0.0,0.0,1.0,0.0,0.0,0.0,0.22281814006178663,21.727862297060014,22.900218339570568
5356,214.2,0.98,1,-0.035,0.294,0.046,-0.015,0.001,0.0,0.0,0.0,0.0,0.0,2.28,0.01,0.1,0.75,0.02,0.07,0.51,0.0,0.0,1.13,1.46,0.0,0.0,0.0,0.0,0.0,0.0,1.0,0.0,0.0,1.0,1.0,0.0,0.0,0.0,0.0,1.0,0.0,0.0,0.0,0.21352659822933348,22.118318200080356,22.59999999999991
5357,214.24,0.98,1,-0.015,0.286,0.041,-0.003,-0.02,0.0,0.0,0.0,0.0,0.0,2.2,0.01,0.02,0.67,0.02,0.03,0.7,0.0,0.13,0.75,1.17,0.0,0.0,0.0,0.0,0.0,0.0,1.0,0.0,0.0,1.0,1.0,0.0,1.0,0.0,0.0,0.0,0.0,0.0,0.0,0.22128049690992296,21.11516043036368,22.5055548698538
5358,214.28,0.98,1,-0.035,0.301,0.059,-0.013,-0.008,0.0,0.0,0.0,0.0,0.0,2.08,0.01,0.0,0.66,0.02,0.02,0.85,0.0,0.34,0.37,0.76,0.0,0.0,0.0,0.0,0.0,0.0,1.0,0.0,0.0,1.0,1.0,0.0,1.0,0.0,0.0,0.0,0.0,0.0,0.0,0.21464386312311612,22.318154045529795,22.603539545832106
5359,214.32,0.98,1,-0.023,0.294,0.056,-0.017,-0.005,0.02,0.0,0.0,0.0,0.0,2.0,0.0,0.04,0.66,0.17,0.07,1.0,0.1,0.41,0.16,0.43,0.0,0.0,0.0,0.0,0.0,0.0,1.0,0.0,0.0,1.0,1.0,0.0,1.0,0.0,0.0,0.0,0.0,0.0,0.0,0.21365545215572707,22.51421773013666,22.41093483101483
5360,214.36,0.98,1,-0.006,0.287,0.05,-0.01,-0.024,0.02,0.0,0.0,0.0,0.0,2.14,0.0,0.04,0.7,0.17,0.07,1.13,0.12,0.49,0.11,0.38,0.0,0.0,0.0,0.0,0.0,0.0,1.0,0.0,0.0,1.0,1.0,0.0,1.0,0.0,0.0,0.0,0.0,0.0,0.0,0.2309077494201367,21.11516043036368,21.7036863228347
5361,214.4,0.98,1,-0.03,0.292,0.056,-0.018,-0.01,0.02,0.0,0.0,0.02,0.0,2.34,0.0,0.04,0.75,0.24,0.07,1.11,0.13,0.4,0.16,0.33,0.0,0.0,0.0,0.0,0.0,0.0,1.0,0.0,0.0,1.0,1.0,0.0,1.0,0.0,0.0,0.0,0.0,0.0,0.0,0.2171923172174893,22.510886255321005,21.102132593650246
5362,214.44,0.98,1,-0.012,0.275,0.045,-0.007,-0.026,0.0,0.0,0.0,0.02,0.0,2.48,0.0,0.02,0.75,0.07,0.0,1.18,0.06,0.52,0.1,0.46,0.0,0.0,0.0,0.0,0.0,0.0,1.0,0.0,0.0,1.0,1.0,0.0,1.0,0.0,0.0,0.0,0.0,0.0,0.0,0.22976445462384198,21.402102700435634,21.20377324911776
5363,214.48,0.98,1,-0.022,0.282,0.051,-0.017,-0.013,0.0,0.0,0.0,0.02,0.0,2.45,0.0,0.06,0.75,0.08,0.0,1.16,0.2,0.41,0.05,0.45,0.0,0.0,0.0,0.0,0.0,0.0,1.0,0.0,0.0,1.0,1.0,0.0,1.0,0.0,0.0,0.0,0.0,0.0,0.0,0.22340802739839594,22.005681084665387,20.802163349036515
5364,214.52,0.98,1,-0.014,0.272,0.041,-0.005,-0.03,0.0,0.0,0.0,0.0,0.0,2.43,0.0,0.06,0.72,0.01,0.0,1.18,0.22,0.44,0.0,0.53,0.0,0.0,0.0,0.0,0.0,0.0,1.0,0.0,0.0,1.0,1.0,0.0,1.0,0.0,0.0,0.0,0.0,0.0,0.0,0.2298989766283821,22.00363606316011,21.10379112861018
5365,214.56,0.98,1,-0.029,0.288,0.046,-0.012,-0.016,0.0,0.0,0.0,0.0,0.0,2.2,0.0,0.05,0.69,0.01,0.0,1.17,0.2,0.42,0.05,0.49,0.0,0.0,0.0,0.0,0.0,0.0,1.0,0.0,0.0,1.0,1.0,0.0,1.0,0.0,0.0,0.0,0.0,0.0,0.0,0.21254107611481604,22.503555274667157,21.30844902849567
5366,214.6,0.98,1,-0.032,0.275,0.046,-0.016,-0.01,0.0,0.0,0.0,0.0,0.0,2.11,0.0,0.04,0.65,0.03,0.02,1.09,0.13,0.39,0.11,0.52,0.05,0.0,0.0,0.0,0.0,0.0,1.0,0.0,0.0,1.0,1.0,0.0,1.0,0.0,0.0,0.0,0.0,0.0,0.0,0.21871324383210172,22.014540649307218,21.60208323287354
5367,214.64,0.98,1,-0.042,0.272,0.046,-0.004,-0.027,0.08,0.05,0.0,0.0,0.0,1.5,0.0,0.09,0.71,0.03,0.02,0.98,0.26,0.23,0.17,0.51,0.75,0.0,0.0,0.0,0.0,0.0,1.0,0.0,0.0,1.0,1.0,0.0,1.0,0.0,0.0,0.0,0.0,0.0,0.0,0.20088133372636469,20.800961516237614,20.20222759994555
5368,214.68,0.98,1,0.01,0.391,0.024,-0.025,-0.007,0.37,0.05,0.0,0.0,0.0,0.88,0.0,0.16,0.76,0.22,0.04,0.86,0.31,0.06,0.24,0.37,1.48,0.0,0.0,0.0,0.0,0.0,0.0,0.0,0.0,1.0,1.0,0.0,1.0,0.0,0.0,0.0,0.0,0.0,1.0,0.17159315237315204,16.885792844874018,21.06869715953029
5369,214.72,0.98,1,-0.018,0.457,0.037,-0.004,-0.022,0.52,0.05,0.0,0.0,0.0,0.4,0.0,0.13,0.78,0.23,0.02,0.83,0.29,0.0,0.27,0.27,2.18,0.0,0.0,0.0,0.0,0.0,0.0,0.0,0.0,1.0,1.0,0.0,1.0,0.0,0.0,0.0,0.0,0.0,1.0,0.16670916470825642,19.723082923315935,21.602314690791818
5370,214.76,0.98,1,-0.015,0.405,0.013,-0.018,-0.002,0.66,0.0,0.0,0.0,0.0,0.44,0.0,0.08,0.72,0.42,0.02,0.87,0.17,0.0,0.34,0.11,2.13,0.0,1.0,0.0,0.0,0.0,0.0,0.0,0.0,1.0,1.0,0.0,1.0,0.0,0.0,0.0,0.0,0.0,1.0,0.16515021008967362,18.398369492974062,21.459729728027888
5371,214.8,0.98,1,-0.019,0.39,0.018,-0.007,-0.015,0.42,0.0,0.0,0.0,0.0,0.62,0.0,0.01,0.64,0.23,0.01,0.91,0.1,0.0,0.32,0.23,2.08,1.0,1.0,0.0,0.0,0.0,0.0,0.0,0.0,1.0,1.0,0.0,1.0,0.0,0.0,0.0,0.0,0.0,1.0,0.17468867539245,18.618807695446012,21.874185699129644
5372,214.84,0.98,1,-0.025,0.343,0.01,-0.012,0.0,0.45,0.0,0.0,0.0,0.0,0.73,0.0,0.01,0.65,0.25,0.0,0.95,0.12,0.0,0.37,0.26,1.83,1.0,1.0,0.0,0.0,0.0,0.0,0.0,0.0,1.0,1.0,0.0,1.0,0.0,0.0,0.0,0.0,0.0,1.0,0.18048519025428572,19.872845795205247,20.751144546747206
5373,214.88,0.98,1,-0.03,0.336,0.016,-0.001,-0.015,0.36,0.06,0.0,0.0,0.0,0.85,0.0,0.06,0.61,0.12,0.0,0.95,0.25,0.0,0.37,0.46,1.69,0.0,1.0,0.0,0.0,0.0,0.0,0.0,0.0,1.0,1.0,0.0,1.0,0.0,0.0,0.0,0.0,0.0,1.0,0.1875047791198105,18.93805692250405,20.308865059377215
5374,214.92,0.98,1,-0.02,0.348,0.025,-0.006,-0.002,0.31,0.06,0.0,0.0,0.0,0.92,0.0,0.06,0.59,0.12,0.0,0.89,0.25,0.0,0.44,0.39,1.41,0.0,1.0,0.0,0.0,0.0,0.0,0.0,0.0,1.0,1.0,0.0,1.0,0.0,0.0,0.0,0.0,0.0,1.0,0.19451839937575036,17.933767033169445,18.69679116854026
5375,214.96,0.98,1,-0.005,0.33,0.012,-0.01,0.003,0.26,0.06,0.0,0.0,0.0,0.86,0.0,0.17,0.55,0.04,0.01,0.77,0.16,0.0,0.34,0.33,1.35,0.0,1.0,0.0,0.0,0.0,0.0,0.0,0.0,1.0,1.0,0.0,1.0,0.0,0.0,0.0,0.0,0.0,1.0,0.19730572531259283,18.102486017119443,18.27019430657466
5376,215.0,0.98,1,-0.028,0.344,0.029,0.002,-0.018,0.2,0.0,0.0,0.0,0.0,0.94,0.0,0.24,0.58,0.03,0.01,0.84,0.0,0.0,0.22,0.21,1.14,0.0,1.0,0.0,0.0,0.0,0.0,0.0,0.0,1.0,1.0,0.0,1.0,0.0,0.0,0.0,0.0,0.0,1.0,0.19705201741518852,18.944656238633723,18.786431273661357
5377,215.04,0.98,1,-0.009,0.356,0.025,-0.006,-0.005,0.22,0.0,0.0,0.0,0.0,1.12,0.0,0.31,0.61,0.03,0.02,0.95,0.0,0.0,0.14,0.25,1.2,0.0,0.0,0.0,0.0,0.0,0.0,0.0,0.0,1.0,1.0,0.0,1.0,0.0,0.0,0.0,0.0,0.0,1.0,0.1893691604730846,19.237463450257724,19.383756085960172
5378,215.08,0.98,1,-0.019,0.348,0.023,-0.008,0.001,0.09,0.0,0.0,0.0,0.0,1.45,0.0,0.29,0.64,0.03,0.01,1.17,0.0,0.0,0.16,0.36,1.22,0.0,0.0,0.0,0.0,0.0,0.0,0.0,0.0,1.0,1.0,0.0,1.0,0.0,0.0,0.0,0.0,0.0,1.0,0.1907893981720119,20.647518010647094,18.461040057374973
5379,215.12,0.98,1,-0.008,0.312,0.011,-0.015,0.005,0.02,0.0,0.0,0.0,0.0,1.61,0.0,0.23,0.67,0.11,0.01,1.13,0.02,0.0,0.2,0.33,1.33,0.0,0.0,0.0,0.0,0.0,1.0,0.0,0.0,1.0,1.0,0.0,1.0,0.0,0.0,0.0,0.0,0.0,1.0,0.16929832868891498,19.34373283521044,18.885973631242795
5380,215.16,0.98,1,-0.017,0.326,0.015,-0.003,-0.019,0.02,0.0,0.0,0.04,0.0,1.87,0.0,0.16,0.67,0.11,0.0,1.15,0.04,0.0,0.16,0.23,1.36,0.0,0.0,0.0,0.0,0.0,1.0,0.0,0.0,1.0,1.0,0.0,1.0,0.0,0.0,0.0,0.0,0.0,1.0,0.1814938095706509,17.622996340009976,18.85205559083695
5381,215.2,0.98,1,-0.023,0.313,0.013,-0.015,-0.014,0.06,0.0,0.0,0.04,0.0,2.0,0.0,0.06,0.64,0.14,0.0,1.05,0.07,0.0,0.1,0.09,1.28,0.0,0.0,0.0,0.0,0.0,1.0,0.0,0.0,1.0,1.0,0.0,1.0,0.0,0.0,0.0,0.0,0.0,1.0,0.2069718787797023,19.03181546778972,18.967603960437252
5382,215.24,0.98,1,0.0,0.297,0.002,-0.005,-0.022,0.06,0.0,0.0,0.04,0.0,2.26,0.0,0.03,0.6,0.03,0.0,1.08,0.05,0.0,0.03,0.14,1.17,0.0,0.0,0.0,0.0,0.0,1.0,0.0,0.0,1.0,1.0,0.0,1.0,0.0,0.0,0.0,0.0,0.0,1.0,0.1817335636900154,18.944656238633723,19.166898549321864
5383,215.28,0.98,1,-0.002,0.311,0.022,-0.01,-0.01,0.04,0.0,0.0,0.0,0.0,2.33,0.0,0.08,0.62,0.04,0.0,1.11,0.04,0.0,0.06,0.3,0.82,0.0,0.0,0.0,0.0,0.0,1.0,0.0,0.0,1.0,1.0,0.0,1.0,0.0,0.0,0.0,0.0,0.0,1.0,0.15551567367336516,18.317477992343772,19.872845795205023
5384,215.32,0.98,1,-0.03,0.299,0.025,-0.01,-0.009,0.0,0.0,0.0,0.0,0.0,2.39,0.0,0.14,0.66,0.01,0.0,1.21,0.02,0.0,0.12,0.48,0.52,0.0,0.0,0.0,0.0,0.0,1.0,0.0,0.0,1.0,1.0,0.0,1.0,0.0,0.0,0.0,0.0,0.0,1.0,0.16780670042000814,18.7130970178643,19.509228585466932
5385,215.36,0.98,1,-0.01,0.3,0.024,-0.009,-0.008,0.0,0.0,0.0,0.0,0.0,2.14,0.0,0.14,0.64,0.01,0.0,1.23,0.03,0.0,0.15,0.58,0.38,0.0,0.0,0.0,0.0,0.0,1.0,0.0,0.0,1.0,1.0,0.0,1.0,0.0,0.0,0.0,0.0,0.0,1.0,0.1846438064411079,19.00236827345476,20.220039564748674
5386,215.4,0.98,1,-0.014,0.304,0.022,-0.009,-0.006,0.0,0.0,0.0,0.0,0.0,2.12,0.0,0.1,0.59,0.0,0.0,1.11,0.01,0.0,0.15,0.5,0.32,0.0,0.0,0.0,0.0,0.0,1.0,0.0,0.0,1.0,1.0,0.0,1.0,0.0,0.0,0.0,0.0,0.0,1.0,0.18292437600239536,19.10942175995905,20.319940944796027
5387,215.44,0.98,1,-0.009,0.306,0.023,-0.013,-0.004,0.0,0.0,0.0,0.0,0.0,2.07,0.0,0.06,0.56,0.0,0.03,0.94,0.01,0.0,0.23,0.55,0.25,0.0,0.0,0.0,0.0,0.0,1.0,0.0,0.0,1.0,1.0,0.0,1.0,0.0,0.0,0.0,0.0,0.0,1.0,0.1857629137491069,18.804254837669006,20.212125073826396
5388,215.48,0.98,1,-0.009,0.306,0.027,-0.018,-0.002,0.02,0.0,0.0,0.03,0.0,2.19,0.0,0.12,0.6,0.0,0.03,0.66,0.0,0.0,0.41,0.61,0.08,0.0,0.0,0.0,0.0,0.0,1.0,0.0,0.0,1.0,1.0,0.0,1.0,0.0,0.0,0.0,0.0,0.0,1.0,0.18938688298225437,19.10418802252546,20.611889772652972
5389,215.52,0.98,1,0.007,0.291,0.027,-0.009,-0.023,0.02,0.0,0.0,0.03,0.0,2.15,0.0,0.23,0.68,0.0,0.03,0.45,0.0,0.0,0.56,0.89,0.01,0.0,0.0,0.0,0.0,0.0,1.0,0.0,0.0,1.0,1.0,0.0,0.0,0.0,0.0,0.0,0.0,0.0,1.0,0.20120982574512744,18.701069488133605,20.40882162203403
5390,215.56,0.98,1,0.011,0.301,0.025,-0.026,-0.019,0.05,0.03,0.0,0.03,0.0,2.22,0.0,0.21,0.7,0.0,0.0,0.22,0.0,0.0,0.77,1.06,0.01,0.0,0.0,0.0,0.0,0.0,1.0,0.0,0.0,1.0,1.0,0.0,0.0,0.0,0.0,0.0,0.0,0.0,1.0,0.18331973529291162,19.206509313251114,20.012246250733575
5391,215.6,0.98,1,0.006,0.298,0.041,-0.011,-0.032,0.03,0.03,0.0,0.0,0.0,2.29,0.0,0.24,0.68,0.0,0.0,0.21,0.0,0.0,0.85,1.14,0.07,0.0,0.0,0.0,0.0,0.0,1.0,0.0,0.0,1.0,1.0,0.0,0.0,0.0,0.0,1.0,0.0,0.0,0.0,0.19597459770856746,19.70228413154152,20.31575743111731
5392,215.64,0.98,1,0.018,0.3,0.037,-0.026,-0.023,0.03,0.05,0.0,0.0,0.0,2.27,0.0,0.12,0.69,0.0,0.0,0.15,0.0,0.0,1.04,1.14,0.07,0.0,0.0,0.0,0.0,0.0,1.0,0.0,0.0,1.0,1.0,0.0,0.0,0.0,0.0,1.0,0.0,0.0,0.0,0.18855497822867834,19.704060495238075,20.008997975910738
5393,215.68,0.98,1,-0.003,0.301,0.04,-0.01,-0.031,0.0,0.03,0.0,0.0,0.0,2.11,0.0,0.18,0.68,0.0,0.0,0.21,0.0,0.0,1.01,1.13,0.06,0.0,0.0,0.0,0.0,0.0,1.0,0.0,0.0,1.0,1.0,0.0,0.0,0.0,0.0,1.0,0.0,0.0,1.0,0.18966970467777625,19.601020381602495,20.708693826506593
5394,215.72,0.98,1,0.006,0.289,0.028,-0.023,-0.019,0.0,0.03,0.0,0.0,0.02,2.14,0.06,0.09,0.68,0.0,0.0,0.11,0.0,0.0,1.13,1.21,0.0,0.0,0.0,0.0,0.0,0.0,1.0,0.0,0.0,1.0,1.0,0.0,0.0,0.0,0.0,1.0,0.0,0.0,1.0,0.17912233170958708,20.00099997500125,20.30886505937735
5395,215.76,0.98,1,-0.002,0.298,0.043,-0.006,-0.032,0.0,0.0,0.0,0.0,0.02,2.26,0.09,0.09,0.65,0.0,0.0,0.15,0.0,0.0,1.2,1.27,0.0,0.0,0.0,0.0,0.0,0.0,1.0,0.0,0.0,1.0,1.0,0.0,0.0,0.0,0.0,1.0,0.0,0.0,1.0,0.19729903852776648,19.80403999188063,20.811775512915712
5396,215.8,0.98,1,-0.003,0.299,0.039,-0.016,-0.01,0.0,0.0,0.0,0.0,0.02,2.26,0.12,0.09,0.66,0.0,0.0,0.1,0.0,0.0,1.28,1.27,0.0,0.0,0.0,0.0,0.0,0.0,1.0,0.0,0.0,1.0,1.0,0.0,0.0,0.0,0.0,1.0,0.0,0.0,1.0,0.19676547178646578,20.103979705520903,21.3150181796781
5397,215.84,0.98,1,0.0,0.288,0.035,-0.007,-0.024,0.0,0.0,0.0,0.0,0.0,1.95,0.06,0.18,0.64,0.0,0.0,0.14,0.0,0.0,1.27,1.25,0.52,0.0,0.0,0.0,0.0,0.0,1.0,0.0,0.0,1.0,1.0,0.0,0.0,0.0,0.0,1.0,0.0,0.0,1.0,0.20127232957690008,19.806312125178636,20.40882162203403
5398,215.88,0.98,1,-0.004,0.342,0.009,-0.029,-0.013,0.22,0.0,0.0,0.0,0.0,1.25,0.07,0.28,0.69,0.0,0.03,0.07,0.14,0.0,1.22,1.17,1.29,0.0,0.0,0.0,0.0,0.0,1.0,0.0,0.0,1.0,1.0,0.0,0.0,0.0,0.0,0.0,0.0,0.0,1.0,0.19526705774861494,19.443507913954072,20.51560381758236
5399,215.92,0.98,1,-0.014,0.425,0.023,-0.027,-0.024,0.29,0.0,0.0,0.0,0.0,0.73,0.06,0.24,0.72,0.0,0.06,0.11,0.14,0.0,1.09,0.99,2.01,0.0,0.0,0.0,0.0,0.0,1.0,0.0,0.0,1.0,1.0,0.0,0.0,0.0,0.0,0.0,0.0,0.0,1.0,0.16808826534801996,16.223748025656846,20.961870145576412
5400,215.96,0.98,1,-0.011,0.401,0.019,-0.014,-0.028,0.44,0.0,0.0,0.0,0.0,0.85,0.11,0.19,0.7,0.0,0.15,0.09,0.14,0.0,0.75,0.75,1.91,0.0,0.0,0.0,0.0,0.0,1.0,0.0,0.0,1.0,1.0,0.0,0.0,0.0,0.0,0.0,0.0,0.0,1.0,0.17312500719461482,16.587344573499404,19.5829007044411
5401,216.0,0.98,1,-0.033,0.342,0.006,-0.002,-0.029,0.26,0.0,0.0,0.0,0.0,1.24,0.13,0.16,0.54,0.0,0.2,0.18,0.0,0.0,0.5,0.7,1.56,0.0,0.0,0.0,0.0,0.0,1.0,0.0,0.0,1.0,1.0,0.0,0.0,0.0,0.0,0.0,0.0,0.0,1.0,0.1755769579296821,18.25376673456746,20.850419660045258
5402,216.04,0.98,1,-0.004,0.284,-0.0,-0.02,-0.019,0.26,0.0,0.0,0.0,0.0,1.78,0.18,0.22,0.39,0.0,0.2,0.14,0.0,0.0,0.52,0.72,1.04,0.0,0.0,0.0,0.0,0.0,1.0,0.0,0.0,1.0,1.0,0.0,0.0,0.0,0.0,0.0,0.0,0.0,1.0,0.18103422442062006,17.923448328934878,17.5823775411632
5403,216.08,0.98,1,-0.011,0.337,0.032,-0.006,-0.033,0.14,0.0,0.0,0.0,0.0,1.97,0.26,0.24,0.22,0.0,0.11,0.22,0.0,0.0,0.79,1.0,0.78,0.0,0.0,0.0,0.0,0.0,1.0,0.0,0.0,0.0,1.0,0.0,0.0,0.0,0.0,1.0,0.0,0.0,1.0,0.17354826651774308,16.111176245079204,17.75528090456452
5404,216.12,0.98,1,-0.001,0.327,0.031,-0.019,-0.009,0.15,0.0,0.0,0.0,0.0,2.1,0.23,0.24,0.15,0.0,0.03,0.14,0.0,0.0,0.81,1.08,0.49,0.0,0.0,0.0,0.0,0.0,1.0,0.0,0.0,0.0,1.0,0.0,0.0,0.0,0.0,1.0,0.0,0.0,1.0,0.15433259909190622,17.12366783139631,17.947144619687982
5405,216.16,0.98,1,0.001,0.322,0.04,-0.005,-0.027,0.15,0.0,0.0,0.0,0.0,2.12,0.19,0.25,0.1,0.0,0.03,0.11,0.0,0.0,0.87,1.42,0.48,0.0,0.0,0.0,0.0,0.0,1.0,0.0,0.0,0.0,0.0,0.0,0.0,0.0,0.0,1.0,0.0,0.0,1.0,0.16578160213095916,17.518276170902208,19.35071058126802
5406,216.2,0.98,1,-0.008,0.329,0.043,-0.015,-0.006,0.15,0.0,0.0,0.0,0.0,2.0,0.08,0.24,0.23,0.0,0.1,0.01,0.0,0.0,0.99,1.43,0.53,0.0,0.0,0.0,0.0,0.0,1.0,0.0,0.0,0.0,0.0,0.0,0.0,0.0,0.0,1.0,0.0,0.0,1.0,0.15920595429774193,17.12921480979198,19.565530915362356
5407,216.24,0.98,1,-0.009,0.324,0.041,-0.008,-0.021,0.11,0.0,0.0,0.0,0.0,2.04,0.11,0.29,0.3,0.0,0.1,0.05,0.0,0.0,1.31,1.37,0.6,0.0,0.0,0.0,0.0,0.0,1.0,0.0,0.0,1.0,0.0,0.0,0.0,0.0,0.0,1.0,0.0,0.0,1.0,0.1620298181544793,17.418381095842264,19.13164917094176
5408,216.28,0.98,1,-0.008,0.316,0.038,-0.019,-0.008,0.06,0.0,0.0,0.0,0.0,1.99,0.14,0.39,0.43,0.0,0.07,0.05,0.0,0.0,1.38,1.06,0.56,0.0,0.0,0.0,0.0,0.0,1.0,0.0,0.0,1.0,0.0,0.0,0.0,0.0,0.0,1.0,0.0,0.0,1.0,0.16373680923444978,17.518276170902208,19.237463450257717
5409,216.32,0.98,1,-0.002,0.308,0.024,-0.015,-0.022,0.02,0.0,0.0,0.0,0.0,2.11,0.21,0.43,0.43,0.0,0.03,0.08,0.0,0.0,1.34,0.82,0.54,0.0,0.0,0.0,0.0,0.0,1.0,0.0,0.0,1.0,0.0,0.0,0.0,0.0,0.0,1.0,0.0,0.0,1.0,0.16841191253162868,18.027756377319946,19.231484602079004
5410,216.36,0.98,1,0.007,0.309,0.029,-0.024,-0.01,0.02,0.0,0.0,0.0,0.0,2.13,0.23,0.52,0.46,0.0,0.03,0.03,0.0,0.0,1.22,0.66,0.45,0.0,0.0,0.0,0.0,0.0,1.0,0.0,0.0,1.0,1.0,0.0,0.0,0.0,0.0,1.0,0.0,0.0,1.0,0.16770768284426202,17.822738285684565,19.443507913954306
5411,216.4,0.98,1,0.009,0.303,0.023,-0.015,-0.026,0.0,0.0,0.0,0.0,0.0,2.12,0.17,0.6,0.43,0.0,0.03,0.03,0.0,0.0,1.28,0.64,0.44,0.0,0.0,0.0,0.0,0.0,1.0,0.0,0.0,1.0,1.0,0.0,0.0,0.0,0.0,1.0,0.0,0.0,1.0,0.16689809574757175,18.42715387682003,19.231484602078996
5412,216.44,0.98,1,0.016,0.299,0.023,-0.035,-0.024,0.0,0.0,0.0,0.0,0.0,2.12,0.1,0.7,0.39,0.0,0.03,0.0,0.0,0.0,1.46,0.91,0.44,0.0,0.0,0.0,0.0,0.0,1.0,0.0,0.0,1.0,1.0,0.0,0.0,0.0,0.0,1.0,0.0,0.0,1.0,0.16908622858533137,18.7216452268491,18.726718879718405
5413,216.48,0.98,1,0.022,0.309,0.03,-0.029,-0.044,0.02,0.0,0.0,0.0,0.0,2.32,0.02,0.7,0.33,0.0,0.06,0.0,0.0,0.0,1.55,1.15,0.55,0.0,0.0,0.0,0.0,0.0,1.0,0.0,0.0,0.0,1.0,0.0,0.0,0.0,0.0,1.0,0.0,0.0,1.0,0.17537860292727642,18.20247235954505,18.902380802428127
5414,216.52,0.98,1,0.026,0.306,0.026,-0.025,-0.051,0.07,0.0,0.0,0.01,0.0,2.37,0.03,0.6,0.29,0.0,0.06,0.0,0.0,0.0,1.41,1.16,0.53,0.0,0.0,0.0,0.0,0.0,1.0,0.0,0.0,0.0,1.0,0.0,0.0,0.0,0.0,1.0,0.0,0.0,1.0,0.19229870675095134,18.299999999999955,19.316573195057092
5415,216.56,0.98,1,0.031,0.298,0.024,-0.023,-0.054,0.07,0.0,0.0,0.01,0.0,2.38,0.01,0.47,0.27,0.0,0.03,0.0,0.0,0.0,1.02,0.93,0.46,0.0,0.0,0.0,0.0,0.0,1.0,0.0,0.0,0.0,1.0,0.0,0.0,0.0,0.0,1.0,0.0,0.0,1.0,0.1906888851270136,18.5,19.630843079195465
5416,216.6,0.98,1,0.042,0.297,0.025,-0.026,-0.052,0.09,0.0,0.0,0.01,0.0,2.29,0.02,0.4,0.27,0.0,0.0,0.0,0.0,0.0,0.63,0.65,0.34,0.0,0.0,0.0,0.0,0.0,1.0,0.0,0.0,0.0,1.0,0.0,0.0,0.0,0.0,1.0,0.0,0.0,0.0,0.205037559549073,18.401086924418443,20.024984394500787
5417,216.64,0.98,1,0.044,0.297,0.025,-0.029,-0.051,0.15,0.02,0.0,0.0,0.0,2.38,0.01,0.44,0.26,0.0,0.0,0.04,0.0,0.0,0.3,0.46,0.28,0.0,1.0,0.0,0.0,0.0,1.0,0.0,0.0,0.0,1.0,0.0,0.0,0.0,0.0,0.0,0.0,0.0,0.0,0.20013820370608187,18.301092863542284,20.11591409804676
5418,216.68,0.98,1,0.04,0.298,0.027,-0.031,-0.052,0.22,0.05,0.0,0.0,0.0,2.43,0.01,0.43,0.28,0.0,0.07,0.15,0.0,0.0,0.1,0.21,0.24,0.0,1.0,0.0,0.0,0.0,1.0,0.0,0.0,0.0,1.0,1.0,0.0,0.0,0.0,0.0,0.0,0.0,0.0,0.1981591059158001,18.301092863542284,19.50102561405425
5419,216.72,0.98,1,0.034,0.295,0.025,-0.027,-0.052,0.22,0.05,0.0,0.0,0.0,2.3,0.0,0.38,0.26,0.0,0.11,0.22,0.0,0.0,0.0,0.08,0.29,0.0,1.0,0.0,0.0,0.0,1.0,0.0,0.0,0.0,1.0,1.0,0.0,0.0,0.0,0.0,0.0,0.0,0.0,0.2035321451229063,18.600000000000136,19.72536438193226
5420,216.76,0.98,1,0.047,0.276,0.015,-0.022,-0.053,0.11,0.03,0.0,0.0,0.0,2.23,0.0,0.32,0.3,0.0,0.17,0.24,0.0,0.0,0.0,0.02,0.32,0.0,1.0,0.0,0.0,0.0,1.0,0.0,0.0,0.0,1.0,1.0,0.0,0.0,0.0,0.0,0.0,0.0,0.0,0.19188220450830135,18.406792224610864,19.836330305779796
5421,216.8,0.98,1,0.027,0.264,0.009,-0.023,-0.055,0.04,0.01,0.0,0.0,0.0,2.04,0.0,0.38,0.3,0.0,0.19,0.24,0.0,0.0,0.0,0.02,0.47,0.0,1.0,0.0,0.0,0.0,1.0,0.0,0.0,0.0,1.0,1.0,0.0,0.0,0.0,0.0,0.0,0.0,0.0,0.20347473574485347,17.404597093871583,19.93037882229045
5422,216.84,0.98,1,0.039,0.289,0.013,-0.02,-0.054,0.0,0.02,0.0,0.0,0.0,1.87,0.03,0.37,0.35,0.05,0.21,0.17,0.0,0.0,0.03,0.01,0.52,0.0,1.0,0.0,0.0,0.0,1.0,0.0,0.0,1.0,1.0,1.0,0.0,0.0,0.0,0.0,0.0,0.0,1.0,0.17875306775834987,17.906981878585658,19.4435079139543
5423,216.88,0.98,1,0.033,0.286,0.012,-0.023,-0.053,0.01,0.02,0.0,0.0,0.0,1.94,0.03,0.32,0.37,0.08,0.16,0.11,0.0,0.0,0.11,0.01,0.53,0.0,1.0,0.0,0.0,0.0,1.0,0.0,0.0,1.0,1.0,1.0,0.0,0.0,0.0,0.0,0.0,0.0,1.0,0.18877881864677853,17.91368192192758,19.42575609854079
5424,216.92,0.98,1,0.032,0.28,0.012,-0.015,-0.055,0.09,0.08,0.0,0.0,0.0,1.99,0.09,0.26,0.41,0.12,0.1,0.02,0.0,0.0,0.3,0.19,0.44,0.0,1.0,0.0,0.0,0.0,1.0,0.0,0.0,1.0,1.0,1.0,0.0,0.0,0.0,0.0,0.0,0.0,1.0,0.19078422349879137,18.40679222461109,19.61631973638267
5425,216.96,0.98,1,0.03,0.293,0.027,-0.01,-0.044,0.09,0.07,0.0,0.0,0.0,1.85,0.06,0.36,0.49,0.13,0.03,0.02,0.0,0.0,0.53,0.17,0.53,0.0,1.0,0.0,0.0,0.0,1.0,0.0,0.0,1.0,1.0,0.0,0.0,0.0,0.0,0.0,0.0,0.0,1.0,0.19016598411114127,19.0168346472277,19.42086506827138
5426,217.0,0.98,1,0.002,0.263,0.014,-0.017,-0.049,0.4,0.11,0.0,0.0,0.0,1.28,0.06,0.5,0.6,0.22,0.08,0.02,0.0,0.0,0.79,0.17,1.25,0.0,1.0,0.0,0.0,0.0,1.0,0.0,0.0,1.0,1.0,0.0,0.0,0.0,0.0,0.0,0.0,0.0,1.0,0.21005904471100997,18.43908891458587,18.36137249771918
5427,217.04,0.98,1,0.036,0.394,0.006,-0.025,-0.048,0.56,0.09,0.0,0.0,0.0,0.73,0.08,0.52,0.75,0.3,0.06,0.0,0.0,0.0,0.91,0.0,2.03,0.0,1.0,0.0,0.0,0.0,1.0,0.0,0.0,1.0,1.0,0.0,0.0,0.0,0.0,0.0,0.0,0.0,1.0,0.16946192898594614,15.493547043850306,20.25487595617402
5428,217.08,0.98,1,0.015,0.401,-0.001,-0.022,-0.046,0.59,0.09,0.0,0.0,0.0,0.6,0.15,0.37,0.77,0.35,0.14,0.0,0.0,0.0,0.86,0.0,2.47,0.0,1.0,0.0,0.0,0.0,1.0,0.0,0.0,1.0,1.0,0.0,0.0,0.0,0.0,0.0,0.0,0.0,1.0,0.15912940972435285,15.839823231336718,19.691876497683133
5429,217.12,0.98,1,0.002,0.369,-0.007,-0.017,-0.041,0.4,0.05,0.0,0.0,0.0,0.93,0.21,0.23,0.76,0.28,0.17,0.0,0.0,0.0,0.73,0.03,2.06,0.0,1.0,0.0,0.0,0.0,1.0,0.0,0.0,1.0,1.0,0.0,0.0,0.0,0.0,0.0,0.0,0.0,1.0,0.17720380010561843,17.791290003819327,21.8112356367078
5430,217.16,0.98,1,-0.005,0.316,0.008,-0.003,-0.045,0.19,0.0,0.0,0.0,0.0,1.31,0.18,0.21,0.66,0.24,0.17,0.0,0.0,0.0,0.64,0.03,1.41,0.0,1.0,0.0,0.0,0.0,1.0,0.0,0.0,1.0,1.0,0.0,0.0,0.0,0.0,0.0,0.0,0.0,1.0,0.18722791115880186,18.22141597132355,20.895932618574317
5431,217.2,0.98,1,-0.017,0.303,0.008,-0.004,-0.044,0.16,0.0,0.0,0.0,0.0,1.54,0.11,0.26,0.65,0.15,0.16,0.02,0.0,0.0,0.51,0.08,0.96,0.0,1.0,0.0,0.0,0.0,1.0,0.0,0.0,1.0,1.0,0.0,0.0,0.0,0.0,0.0,0.0,0.0,1.0,0.20496062536671988,16.61926592843392,18.79627622695522
5432,217.24,0.98,1,0.004,0.282,0.002,-0.022,-0.024,0.03,0.0,0.0,0.0,0.0,1.53,0.1,0.31,0.62,0.23,0.12,0.02,0.0,0.0,0.45,0.06,0.79,0.0,1.0,0.0,0.0,0.0,1.0,0.0,0.0,1.0,1.0,0.0,0.0,0.0,0.0,0.0,0.0,0.0,1.0,0.1827080034439399,17.249057945290634,17.341568556506026
5433,217.28,0.98,1,-0.003,0.283,0.005,-0.012,-0.038,0.0,0.0,0.0,0.0,0.0,1.5,0.13,0.35,0.62,0.28,0.13,0.02,0.0,0.0,0.36,0.07,0.88,0.0,1.0,0.0,0.0,0.0,1.0,0.0,0.0,1.0,1.0,0.0,0.0,0.0,0.0,0.0,0.0,0.0,1.0,0.1944896836676584,16.311039206623406,17.722866585290358
5434,217.32,0.98,1,-0.003,0.292,0.007,-0.008,-0.041,0.04,0.04,0.0,0.0,0.0,1.65,0.18,0.38,0.63,0.34,0.13,0.0,0.0,0.0,0.34,0.02,0.85,0.0,0.0,0.0,0.0,0.0,1.0,0.0,0.0,1.0,1.0,0.0,0.0,0.0,0.0,0.0,0.0,0.0,0.0,0.18009300924250754,17.318487231857127,17.613914953808447
5435,217.36,0.98,1,-0.008,0.282,0.005,-0.003,-0.042,0.07,0.09,0.0,0.0,0.0,1.69,0.13,0.4,0.65,0.28,0.09,0.0,0.0,0.0,0.3,0.01,0.79,0.0,0.0,0.0,0.0,0.0,1.0,0.0,0.0,1.0,1.0,0.0,0.0,0.0,0.0,0.0,0.0,0.0,0.0,0.18810334160623735,17.414074767268087,18.209887424144107
5436,217.4,0.98,1,-0.009,0.279,-0.0,-0.006,-0.041,0.07,0.09,0.0,0.0,0.0,1.77,0.09,0.26,0.64,0.15,0.07,0.0,0.0,0.0,0.36,0.0,0.59,0.0,0.0,0.0,0.0,0.0,1.0,0.0,0.0,1.0,1.0,0.0,0.0,0.0,0.0,0.0,0.0,0.0,0.0,0.1901099547941378,17.41838109584227,18.51323850653904
5437,217.44,0.98,1,-0.002,0.283,0.002,-0.002,-0.031,0.03,0.05,0.0,0.0,0.0,1.66,0.05,0.2,0.58,0.07,0.06,0.0,0.0,0.0,0.48,0.16,0.5,0.0,1.0,0.0,0.0,0.0,1.0,0.0,0.0,1.0,1.0,0.0,0.0,0.0,0.0,0.0,0.0,0.0,0.0,0.17587745262907276,19.830532015051897,18.92643653728835
5438,217.48,0.98,1,-0.009,0.289,0.015,-0.018,-0.018,0.03,0.03,0.0,0.0,0.0,1.86,0.11,0.07,0.53,0.0,0.06,0.0,0.0,0.0,0.56,0.17,0.43,0.0,1.0,0.0,0.0,0.0,1.0,0.0,0.0,1.0,1.0,0.0,0.0,0.0,0.0,0.0,0.0,0.0,0.0,0.19034894555888865,18.4271538768198,19.10418802252546
5439,217.52,0.98,1,-0.005,0.286,0.009,-0.009,-0.02,0.08,0.09,0.0,0.0,0.0,2.0,0.11,0.14,0.53,0.0,0.06,0.02,0.0,0.0,0.55,0.25,0.42,0.0,0.0,0.0,0.0,0.0,1.0,0.0,0.0,1.0,1.0,0.0,0.0,0.0,0.0,0.0,0.0,0.0,0.0,0.19399963247948177,18.013605968822564,19.206509313251114
5440,217.56,0.98,1,0.003,0.298,0.01,-0.008,-0.022,0.19,0.17,0.0,0.0,0.0,2.12,0.16,0.19,0.56,0.05,0.02,0.04,0.0,0.0,0.5,0.25,0.28,0.0,0.0,0.0,0.0,0.0,1.0,0.0,0.0,1.0,1.0,0.0,0.0,0.0,0.0,0.0,0.0,0.0,0.0,0.19483368229282907,18.11353085403276,19.104188022525232
5441,217.6,0.98,1,0.004,0.293,0.012,-0.007,-0.022,0.18,0.2,0.0,0.01,0.0,2.12,0.15,0.26,0.58,0.06,0.04,0.04,0.0,0.0,0.48,0.44,0.25,0.0,0.0,0.0,0.0,0.0,1.0,0.0,0.0,1.0,1.0,0.0,0.0,0.0,0.0,0.0,0.0,0.0,0.0,0.20197973105507172,18.609674903124898,18.809572031282325
5442,217.64,0.98,1,0.005,0.297,0.013,-0.005,-0.021,0.13,0.13,0.0,0.01,0.0,2.16,0.15,0.28,0.57,0.06,0.05,0.06,0.0,0.0,0.41,0.49,0.18,0.0,0.0,0.0,0.0,0.0,1.0,0.0,0.0,1.0,1.0,0.0,0.0,0.0,0.0,0.0,0.0,0.0,0.0,0.1986664306424769,19.10942175995905,18.906612599828527
5443,217.68,0.98,1,0.005,0.298,0.015,-0.019,-0.01,0.02,0.05,0.0,0.04,0.0,2.27,0.21,0.19,0.55,0.02,0.03,0.04,0.0,0.0,0.48,0.5,0.16,0.0,0.0,0.0,0.0,0.0,1.0,0.0,0.0,1.0,1.0,0.0,0.0,0.0,0.0,0.0,0.0,0.0,0.0,0.1984833295693746,18.602419197513132,19.30233146539553
5444,217.72,0.98,1,0.004,0.299,0.026,-0.004,-0.019,0.0,0.0,0.0,0.03,0.0,2.27,0.17,0.21,0.54,0.0,0.01,0.11,0.0,0.0,0.45,0.47,0.08,0.0,0.0,0.0,0.0,0.0,1.0,0.0,0.0,1.0,1.0,0.0,0.0,0.0,0.0,0.0,0.0,0.0,0.0,0.20803766253115563,18.806647760831762,19.712432625122702
5445,217.76,0.98,1,0.002,0.295,0.021,-0.014,-0.009,0.0,0.0,0.0,0.1,0.0,2.2,0.16,0.2,0.54,0.03,0.0,0.07,0.0,0.0,0.4,0.35,0.09,0.0,0.0,0.0,0.0,0.0,1.0,0.0,0.0,1.0,1.0,0.0,0.0,0.0,0.0,0.0,0.0,0.0,0.0,0.18442982372054506,18.904232330354052,20.102238681301284
5446,217.8,0.98,1,0.005,0.284,0.014,-0.007,-0.03,0.0,0.01,0.0,0.07,0.0,2.05,0.08,0.21,0.58,0.03,0.0,0.07,0.0,0.0,0.28,0.26,0.09,0.0,0.0,0.0,0.0,0.0,1.0,0.0,0.0,1.0,1.0,0.0,0.0,0.0,0.0,0.0,0.0,0.0,0.0,0.19979008402517065,19.50640920313116,20.000249998437518
5447,217.84,0.98,1,0.003,0.277,0.009,-0.007,-0.036,0.0,0.01,0.0,0.07,0.0,2.13,0.06,0.1,0.6,0.08,0.0,0.0,0.0,0.0,0.33,0.11,0.15,0.0,0.0,0.0,0.0,0.0,1.0,0.0,0.0,1.0,1.0,0.0,0.0,0.0,0.0,0.0,0.0,0.0,0.0,0.19519114478545155,19.409276132818647,20.506096654409877
5448,217.88,0.98,1,0.009,0.266,0.01,-0.006,-0.041,0.0,0.02,0.0,0.06,0.0,2.29,0.14,0.02,0.59,0.04,0.0,0.0,0.0,0.0,0.5,0.33,0.08,0.0,0.0,0.0,0.0,0.0,1.0,0.0,0.0,1.0,1.0,0.0,0.0,0.0,0.0,0.0,0.0,0.0,0.0,0.20320648729144158,19.50640920313116,20.903827400741804
5449,217.92,0.98,1,-0.0,0.284,0.023,-0.006,-0.032,0.01,0.02,0.0,0.06,0.0,2.59,0.16,0.0,0.54,0.04,0.0,0.01,0.0,0.0,0.68,0.43,0.08,0.0,1.0,0.0,0.0,0.0,1.0,0.0,0.0,1.0,1.0,0.0,0.0,0.0,0.0,0.0,0.0,0.0,0.0,0.20490071528194315,19.904019694523885,20.103979705520903
5450,217.96,0.98,1,-0.001,0.283,0.012,-0.005,-0.027,0.05,0.1,0.0,0.06,0.02,2.62,0.24,0.05,0.57,0.0,0.0,0.01,0.0,0.0,0.79,0.61,0.04,0.0,1.0,0.0,0.0,0.0,1.0,0.0,0.0,1.0,1.0,0.0,0.0,0.0,0.0,0.0,0.0,0.0,0.0,0.19506324540503817,19.804039991880398,20.412006270820214
5451,218.0,0.98,1,-0.0,0.286,0.019,-0.006,-0.025,0.05,0.19,0.0,0.0,0.02,2.53,0.2,0.15,0.57,0.0,0.0,0.01,0.0,0.0,0.87,0.67,0.21,0.0,0.0,0.0,0.0,0.0,1.0,0.0,0.0,1.0,1.0,0.0,0.0,0.0,0.0,0.0,0.0,0.0,0.0,0.1915869165269553,19.804039991880398,20.106217943710757
5452,218.04,0.98,1,0.011,0.282,0.019,-0.006,-0.025,0.04,0.3,0.0,0.0,0.03,2.37,0.22,0.28,0.6,0.0,0.03,0.0,0.0,0.0,0.91,0.68,0.23,0.0,0.0,0.0,0.0,0.0,1.0,0.0,0.0,1.0,1.0,0.0,0.0,0.0,0.0,0.0,0.0,0.0,0.0,0.19392925013823592,19.40412327316013,20.41200627082021
5453,218.08,0.98,1,0.006,0.294,0.029,-0.002,-0.027,0.0,0.22,0.0,0.0,0.01,2.25,0.19,0.37,0.53,0.0,0.11,0.05,0.0,0.0,0.92,0.8,0.25,0.0,0.0,0.0,0.0,0.0,1.0,0.0,0.0,1.0,1.0,0.0,0.0,0.0,0.0,1.0,0.0,0.0,1.0,0.1877609546454685,20.102238681301053,20.815378930012482
5454,218.12,0.98,1,-0.003,0.29,0.02,-0.018,-0.015,0.0,0.12,0.0,0.01,0.01,2.46,0.19,0.44,0.52,0.0,0.11,0.05,0.0,0.0,0.94,0.77,0.17,0.0,0.0,0.0,0.0,0.0,1.0,0.0,0.0,1.0,1.0,0.0,0.0,0.0,0.0,1.0,0.0,0.0,1.0,0.17928614892976746,21.105923339195474,21.50837046361253
5455,218.16,0.98,1,0.006,0.284,0.021,-0.004,-0.039,0.0,0.0,0.0,0.01,0.0,2.44,0.12,0.43,0.49,0.0,0.11,0.05,0.0,0.0,1.03,0.84,0.34,0.0,0.0,0.0,0.0,0.0,1.0,0.0,0.0,1.0,1.0,0.0,0.0,0.0,0.0,1.0,0.0,0.0,1.0,0.19236098925799466,19.806312125178636,21.115160430363908
5456,218.2,0.98,1,-0.013,0.291,0.014,-0.012,-0.023,0.0,0.0,0.0,0.01,0.0,2.5,0.2,0.36,0.51,0.0,0.1,0.0,0.0,0.0,1.11,0.9,0.44,0.0,0.0,0.0,0.0,0.0,1.0,0.0,0.0,1.0,1.0,0.0,0.0,0.0,0.0,1.0,0.0,0.0,1.0,0.17816952485502938,21.034257771549722,20.711832367031214
5457,218.24,0.98,1,-0.069,0.309,0.021,-0.002,-0.03,0.0,0.0,0.0,0.0,0.0,2.24,0.24,0.28,0.44,0.0,0.13,0.01,0.0,0.0,1.11,0.97,0.54,0.0,0.0,0.0,0.0,0.0,1.0,0.0,0.0,1.0,1.0,0.0,0.0,0.0,0.0,1.0,0.0,0.0,1.0,0.1808501166309005,19.72536438193226,16.61475248085258
5458,218.28,0.98,1,-0.081,0.299,0.009,-0.017,-0.02,0.0,0.0,0.0,0.0,0.0,2.3,0.34,0.18,0.4,0.0,0.23,0.01,0.0,0.0,1.05,1.03,0.68,0.0,0.0,0.0,0.0,0.0,1.0,0.0,0.0,1.0,1.0,0.0,0.0,0.0,0.0,1.0,0.0,0.0,1.0,0.18197776455485026,20.624257562394956,17.507141400011598
5459,218.32,0.98,1,-0.092,0.303,0.018,0.004,-0.031,0.0,0.0,0.0,0.0,0.0,2.18,0.32,0.14,0.35,0.0,0.16,0.03,0.0,0.0,1.17,1.02,0.71,0.0,0.0,0.0,0.0,0.0,1.0,0.0,0.0,1.0,1.0,0.0,0.0,0.0,0.0,1.0,0.0,0.0,1.0,0.18911298717199587,19.91230775173997,17.60454486773222
5460,218.36,0.98,1,-0.098,0.297,0.015,-0.01,-0.005,0.0,0.0,0.0,0.0,0.0,2.22,0.34,0.04,0.36,0.0,0.13,0.02,0.0,0.0,1.22,0.98,0.61,0.0,0.0,0.0,0.0,0.0,1.0,0.0,0.0,1.0,1.0,0.0,0.0,0.0,0.0,1.0,0.0,0.0,1.0,0.1912819689198239,19.21275617916393,18.002499826412997
5461,218.4,0.98,1,-0.098,0.29,0.012,-0.001,-0.014,0.0,0.0,0.0,0.0,0.0,2.12,0.36,0.05,0.33,0.0,0.0,0.06,0.0,0.0,1.35,1.05,0.42,0.0,0.0,0.0,0.0,0.0,1.0,0.0,0.0,1.0,1.0,0.0,0.0,0.0,0.0,1.0,0.0,0.0,1.0,0.19146851059099038,18.916923639958043,17.902513789968022
5462,218.44,0.98,1,-0.108,0.298,0.022,-0.005,-0.002,0.0,0.0,0.0,0.0,0.0,2.12,0.38,0.02,0.3,0.0,0.0,0.07,0.0,0.0,1.3,1.19,0.37,0.0,0.0,0.0,0.0,0.0,1.0,0.0,0.0,1.0,0.0,0.0,0.0,0.0,0.0,1.0,0.0,0.0,1.0,0.1929803051221081,18.7096231923575,17.7002824836216
5463,218.48,0.98,1,-0.114,0.3,0.027,-0.007,-0.002,0.0,0.0,0.0,0.0,0.0,2.16,0.35,0.02,0.3,0.0,0.06,0.11,0.0,0.0,1.43,1.4,0.37,0.0,0.0,0.0,0.0,0.0,1.0,0.0,0.0,1.0,0.0,0.0,0.0,0.0,0.0,1.0,0.0,0.0,1.0,0.19484386421180305,18.701069488133605,17.80449381476481
5464,218.52,0.98,1,-0.119,0.302,0.025,-0.003,-0.006,0.06,0.0,0.0,0.0,0.0,1.67,0.31,0.0,0.33,0.0,0.06,0.09,0.0,0.0,1.45,1.57,0.86,0.0,0.0,0.0,0.0,0.0,0.0,0.0,0.0,0.0,0.0,0.0,0.0,0.0,0.0,1.0,0.0,0.0,1.0,0.1976921838978427,18.201098867925577,18.00444389588304
5465,218.56,0.98,1,-0.049,0.307,0.012,-0.001,-0.006,0.23,0.07,0.0,0.0,0.0,1.01,0.25,0.0,0.39,0.0,0.09,0.17,0.0,0.0,1.62,1.48,1.65,0.0,0.0,0.0,0.0,0.0,0.0,0.0,0.0,0.0,0.0,0.0,0.0,0.0,0.0,1.0,0.0,0.0,1.0,0.20599143060864056,18.545619428857044,19.764867821465486
5466,218.6,0.98,1,-0.009,0.406,-0.006,-0.013,0.001,0.45,0.18,0.0,0.0,0.0,0.37,0.28,0.07,0.4,0.0,0.09,0.13,0.0,0.0,1.62,1.41,2.38,0.0,0.0,0.0,0.0,0.0,0.0,0.0,0.0,1.0,1.0,0.0,0.0,0.0,0.0,1.0,0.0,0.0,1.0,0.1626540498992852,19.88416455373475,20.23116407921219
5467,218.64,0.98,1,-0.017,0.401,0.007,0.014,-0.018,0.5,0.18,0.0,0.0,0.0,0.42,0.33,0.13,0.38,0.0,0.09,0.14,0.0,0.0,1.65,1.3,2.38,0.0,0.0,0.0,0.0,0.0,0.0,0.0,0.0,0.0,1.0,0.0,0.0,0.0,0.0,1.0,0.0,0.0,1.0,0.1602183076689076,16.857639217873942,19.215098230297873
5468,218.68,0.98,1,-0.033,0.336,-0.002,0.005,-0.001,0.36,0.11,0.0,0.0,0.0,0.98,0.34,0.16,0.35,0.0,0.07,0.08,0.0,0.0,1.39,1.31,1.95,0.0,0.0,0.0,0.0,0.0,0.0,0.0,0.0,0.0,1.0,0.0,0.0,0.0,0.0,1.0,0.0,0.0,1.0,0.16839016036726284,17.52626600277432,19.349418595916337
5469,218.72,0.98,1,-0.042,0.321,0.007,-0.002,0.007,0.14,0.0,0.0,0.0,0.0,1.35,0.3,0.1,0.28,0.0,0.03,0.08,0.0,0.0,1.16,1.2,1.59,0.0,0.0,0.0,0.0,0.0,0.0,0.0,0.0,0.0,1.0,0.0,0.0,0.0,0.0,0.0,0.0,0.0,1.0,0.1867552423518859,16.86683135624467,17.66380479964622
5470,218.76,0.98,1,0.014,0.319,0.004,-0.014,-0.0,0.02,0.01,0.0,0.0,0.0,1.83,0.32,0.11,0.26,0.0,0.08,0.04,0.0,0.0,0.81,1.0,1.26,0.0,0.0,0.0,0.0,0.0,1.0,0.0,0.0,0.0,1.0,0.0,0.0,0.0,0.0,0.0,0.0,0.0,1.0,0.18330399233336442,17.45623097922353,16.56804152578089
5471,218.8,0.98,1,-0.013,0.334,0.015,0.008,-0.021,0.0,0.01,0.0,0.0,0.0,1.9,0.33,0.1,0.23,0.0,0.13,0.1,0.0,0.0,0.82,1.09,0.97,0.0,0.0,0.0,0.0,0.0,1.0,0.0,0.0,0.0,1.0,0.0,0.0,0.0,0.0,0.0,0.0,0.0,1.0,0.16788841174418173,16.34411208967922,17.04963342714441
5472,218.84,0.98,1,-0.004,0.315,0.009,-0.011,-0.004,0.0,0.01,0.0,0.0,0.0,2.16,0.31,0.18,0.27,0.0,0.26,0.27,0.06,0.0,0.86,1.4,0.71,0.0,0.0,0.0,0.0,0.0,1.0,0.0,0.0,0.0,1.0,0.0,0.0,0.0,0.0,0.0,0.0,0.0,1.0,0.15938411712350675,17.04963342714441,17.74767590418536
5473,218.88,0.98,1,-0.017,0.31,0.006,0.003,-0.021,0.0,0.0,0.0,0.0,0.0,2.02,0.22,0.12,0.29,0.0,0.24,0.61,0.12,0.05,0.9,1.66,0.65,0.0,0.0,0.0,0.0,0.0,1.0,0.0,0.0,0.0,1.0,1.0,0.0,0.0,0.0,0.0,0.0,0.0,1.0,0.16557240719331348,18.65261375786237,18.12760326132489
5474,218.92,0.98,1,-0.002,0.313,0.007,-0.006,-0.011,0.0,0.0,0.0,0.0,0.0,1.98,0.18,0.19,0.32,0.03,0.17,0.95,0.3,0.07,0.69,1.76,0.59,0.0,0.0,0.0,0.0,0.0,1.0,0.0,0.0,0.0,1.0,1.0,1.0,0.0,0.0,0.0,0.0,0.0,1.0,0.16268387951426017,19.557607215607945,18.445866745696804
5475,218.96,0.98,1,-0.0,0.306,0.008,-0.006,-0.01,0.0,0.0,0.0,0.0,0.03,1.77,0.11,0.21,0.4,0.13,0.05,1.23,0.34,0.2,0.53,1.86,0.39,0.0,0.0,0.0,0.0,0.0,1.0,0.0,0.0,0.0,1.0,1.0,1.0,0.0,0.0,0.0,0.0,0.0,1.0,0.1604960180472748,19.337269714207512,18.339302058693463
5476,219.0,0.98,1,-0.004,0.307,0.006,-0.005,-0.013,0.0,0.0,0.0,0.0,0.04,1.66,0.07,0.27,0.46,0.22,0.03,1.36,0.41,0.34,0.38,2.08,0.29,0.0,0.0,0.0,0.0,0.0,1.0,0.0,0.0,0.0,1.0,1.0,1.0,0.0,0.0,0.0,0.0,0.0,1.0,0.1650720454314077,18.826576959181885,19.04442175546425
5477,219.04,0.98,1,-0.004,0.296,0.01,-0.003,-0.013,0.0,0.0,0.0,0.0,0.05,1.6,0.04,0.19,0.46,0.23,0.03,1.38,0.37,0.53,0.33,2.23,0.28,0.0,0.0,0.0,0.0,0.0,1.0,0.0,0.0,0.0,1.0,1.0,1.0,0.0,0.0,0.0,0.0,0.0,1.0,0.16800767849335568,18.445866745696808,19.12616009553421
5478,219.08,0.98,1,0.0,0.296,0.009,-0.002,-0.013,0.0,0.0,0.0,0.0,0.03,1.69,0.04,0.09,0.41,0.2,0.03,1.41,0.45,0.6,0.21,2.19,0.39,0.0,0.0,0.0,0.0,0.0,1.0,0.0,0.0,0.0,1.0,1.0,1.0,0.0,0.0,0.0,0.0,0.0,1.0,0.16949114565251922,18.83825894290677,18.92643653728835
5479,219.12,0.98,1,-0.002,0.304,0.013,0.0,-0.012,0.0,0.0,0.0,0.0,0.01,1.73,0.01,0.03,0.36,0.15,0.03,1.43,0.54,0.65,0.16,2.09,0.34,0.0,0.0,0.0,0.0,0.0,1.0,0.0,0.0,0.0,1.0,1.0,1.0,1.0,0.0,0.0,0.0,0.0,1.0,0.17317557001892137,19.15124016872005,18.7216452268491
5480,219.16,0.98,1,-0.012,0.305,0.017,-0.001,-0.011,0.0,0.0,0.0,0.0,0.01,1.71,0.0,0.02,0.31,0.13,0.03,1.45,0.67,0.65,0.05,1.83,0.24,0.0,0.0,0.0,0.0,0.0,1.0,0.0,0.0,0.0,1.0,1.0,1.0,1.0,0.0,0.0,0.0,0.0,1.0,0.1700896273277907,18.43285110882208,19.13164917094176
5481,219.2,0.98,1,-0.014,0.314,0.015,-0.003,-0.01,0.0,0.0,0.0,0.0,0.0,1.61,0.0,0.0,0.25,0.07,0.01,1.38,0.82,0.72,0.03,1.72,0.35,0.0,0.0,0.0,0.0,0.0,1.0,0.0,0.0,0.0,1.0,1.0,1.0,1.0,0.0,0.0,0.0,0.0,1.0,0.17654214506802018,18.931983519959115,19.531000998412754
5482,219.24,0.98,1,-0.023,0.313,0.022,-0.001,-0.011,0.0,0.0,0.0,0.0,0.0,1.75,0.0,0.0,0.23,0.04,0.03,1.3,0.78,0.66,0.0,1.58,0.35,0.0,0.0,0.0,0.0,0.0,1.0,0.0,0.0,0.0,1.0,1.0,1.0,1.0,0.0,0.0,0.0,0.0,1.0,0.16908522132180046,19.63084307919546,18.532673849177833
5483,219.28,0.98,1,-0.042,0.324,0.022,-0.011,-0.012,0.0,0.0,0.0,0.0,0.0,1.93,0.03,0.0,0.27,0.16,0.06,1.21,0.55,0.49,0.0,1.47,0.33,0.0,0.0,0.0,0.0,0.0,1.0,0.0,0.0,0.0,1.0,1.0,1.0,1.0,0.0,0.0,0.0,0.0,1.0,0.19030683944180712,18.11353085403276,16.443843832875665
5484,219.32,0.98,1,-0.06,0.319,0.025,0.006,-0.034,0.0,0.0,0.0,0.0,0.0,1.94,0.03,0.0,0.29,0.22,0.08,1.15,0.27,0.32,0.01,1.33,0.11,0.0,0.0,0.0,0.0,0.0,1.0,0.0,0.0,0.0,1.0,1.0,1.0,0.0,0.0,0.0,0.0,0.0,1.0,0.1908785857020911,18.926436537288122,17.613914953808447
5485,219.36,0.98,1,-0.057,0.327,0.032,-0.004,-0.023,0.0,0.0,0.0,0.0,0.0,1.79,0.03,0.0,0.3,0.22,0.07,1.18,0.15,0.25,0.07,1.26,0.12,0.0,0.0,0.0,0.0,0.0,1.0,0.0,0.0,0.0,1.0,1.0,1.0,0.0,0.0,0.0,1.0,0.0,1.0,0.19145116021187403,19.221082175569663,17.304623659588742
5486,219.4,0.98,1,-0.061,0.327,0.033,-0.009,-0.015,0.0,0.0,0.0,0.0,0.0,1.67,0.0,0.0,0.29,0.08,0.14,1.22,0.12,0.28,0.13,1.37,0.2,0.0,0.0,0.0,0.0,0.0,1.0,0.0,0.0,0.0,1.0,1.0,1.0,0.0,0.0,0.0,1.0,0.0,1.0,0.19471242692932844,19.42086506827115,17.41034175425638
5487,219.44,0.98,1,-0.055,0.324,0.034,-0.01,-0.013,0.0,0.0,0.0,0.0,0.0,1.73,0.0,0.0,0.2,0.0,0.31,1.17,0.16,0.24,0.19,1.53,0.44,0.0,0.0,0.0,0.0,0.0,0.0,0.0,0.0,0.0,1.0,1.0,1.0,0.0,0.0,0.0,1.0,0.0,1.0,0.19563267768694165,19.8204439909909,17.314156057977712
5488,219.48,0.98,1,-0.049,0.325,0.037,0.008,-0.037,0.0,0.0,0.0,0.0,0.0,2.02,0.01,0.0,0.11,0.0,0.38,1.06,0.09,0.18,0.27,1.74,0.35,0.0,0.0,0.0,0.0,0.0,0.0,0.0,0.0,0.0,1.0,1.0,1.0,0.0,0.0,0.0,1.0,0.0,1.0,0.1815602118234217,20.84706214314137,17.418381095842495
5489,219.52,0.98,1,-0.048,0.327,0.039,-0.002,-0.021,0.0,0.0,0.0,0.0,0.0,2.05,0.01,0.0,0.05,0.0,0.33,0.95,0.09,0.18,0.32,1.84,0.34,0.0,0.0,0.0,0.0,0.0,0.0,0.0,0.0,0.0,1.0,1.0,1.0,0.0,0.0,1.0,1.0,0.0,1.0,0.18625585538690909,20.35534327885428,17.31848723185713
5490,219.56,0.98,1,-0.051,0.327,0.042,-0.008,-0.017,0.0,0.0,0.0,0.0,0.0,2.1,0.01,0.0,0.07,0.0,0.23,0.98,0.0,0.16,0.37,1.92,0.2,0.0,0.0,0.0,0.0,0.0,0.0,0.0,0.0,0.0,1.0,1.0,1.0,0.0,0.0,1.0,1.0,0.0,1.0,0.19433512104701822,20.235612172603076,17.01881311960385
5491,219.6,0.98,1,-0.051,0.325,0.041,-0.009,-0.014,0.03,0.0,0.0,0.0,0.0,1.96,0.0,0.0,0.06,0.0,0.21,1.05,0.03,0.16,0.38,1.92,0.36,0.0,0.0,0.0,0.0,0.0,0.0,0.0,0.0,0.0,1.0,1.0,1.0,0.0,0.0,1.0,1.0,0.0,1.0,0.19178147057796763,20.042205467462907,17.31848723185713
5492,219.64,0.98,1,-0.057,0.322,0.041,-0.012,-0.01,0.02,0.0,0.0,0.0,0.0,1.91,0.0,0.0,0.03,0.0,0.31,1.06,0.13,0.1,0.42,1.88,0.45,0.0,0.0,0.0,0.0,0.0,0.0,0.0,0.0,0.0,1.0,1.0,1.0,0.0,0.0,1.0,1.0,0.0,1.0,0.1994047109938345,19.742846805868517,17.218594600024755
5493,219.68,0.98,1,-0.046,0.327,0.038,0.006,-0.032,0.02,0.0,0.0,0.0,0.0,1.88,0.05,0.0,0.02,0.0,0.31,1.11,0.24,0.1,0.37,1.83,0.45,0.0,0.0,0.0,0.0,0.0,0.0,0.0,0.0,0.0,1.0,1.0,1.0,0.0,0.0,1.0,1.0,0.0,1.0,0.1875175309533454,20.662042493422483,17.02380685980665
5494,219.72,0.98,1,-0.065,0.31,0.029,-0.006,-0.017,0.0,0.0,0.0,0.0,0.0,1.81,0.05,0.0,0.05,0.0,0.3,1.1,0.26,0.06,0.28,1.65,0.53,0.0,0.0,0.0,0.0,0.0,0.0,0.0,0.0,0.0,1.0,1.0,1.0,0.0,0.0,0.0,1.0,0.0,1.0,0.19604368750386703,20.124860247962108,17.618172436436332
5495,219.76,0.98,1,-0.079,0.308,0.026,-0.01,-0.012,0.0,0.0,0.0,0.0,0.0,1.98,0.13,0.0,0.12,0.05,0.23,1.03,0.29,0.11,0.13,1.47,0.51,0.0,0.0,0.0,0.0,0.0,0.0,0.0,0.0,0.0,1.0,1.0,1.0,0.0,0.0,0.0,0.0,0.0,1.0,0.19536517181564766,19.22602402994446,16.507574019219177
5496,219.8,0.98,1,-0.082,0.307,0.023,0.004,-0.035,0.0,0.0,0.0,0.0,0.0,1.98,0.12,0.0,0.13,0.05,0.16,1.07,0.25,0.07,0.16,1.36,0.59,0.0,0.0,0.0,0.0,0.0,0.0,0.0,0.0,0.0,1.0,1.0,1.0,0.0,0.0,0.0,0.0,0.0,1.0,0.18596810800746677,21.239821091525048,16.814577009249994
5497,219.84,0.98,1,-0.072,0.304,0.02,-0.006,-0.016,0.17,0.0,0.0,0.0,0.0,1.72,0.11,0.0,0.11,0.08,0.16,1.02,0.31,0.06,0.11,1.31,0.94,0.0,0.0,0.0,0.0,0.0,0.0,0.0,0.0,0.0,1.0,1.0,1.0,0.0,0.0,0.0,0.0,0.0,1.0,0.18533797114740141,18.938056922504046,16.610839834276803
5498,219.88,0.98,1,-0.014,0.382,0.025,-0.008,-0.006,0.32,0.0,0.0,0.0,0.0,0.99,0.04,0.0,0.08,0.12,0.14,1.1,0.39,0.0,0.17,1.28,1.65,0.0,0.0,0.0,0.0,0.0,0.0,0.0,0.0,0.0,1.0,0.0,1.0,0.0,0.0,0.0,0.0,0.0,1.0,0.1929924203835111,18.76006396577563,21.403270778084543
5499,219.92,0.98,1,-0.04,0.435,0.034,-0.008,-0.002,0.36,0.0,0.0,0.0,0.0,0.42,0.01,0.0,0.07,0.15,0.18,1.16,0.38,0.0,0.08,1.11,2.14,0.0,0.0,0.0,0.0,0.0,0.0,0.0,0.0,0.0,1.0,0.0,1.0,0.0,0.0,0.0,0.0,0.0,1.0,0.16450949088694244,19.39329781135736,18.906083676954314
5500,219.96,0.98,1,-0.034,0.394,0.029,-0.007,-0.0,0.22,0.0,0.0,0.0,0.0,0.6,0.02,0.0,0.1,0.13,0.15,1.26,0.3,0.03,0.07,0.99,1.9,0.0,0.0,0.0,0.0,0.0,0.0,0.0,0.0,0.0,1.0,0.0,1.0,0.0,0.0,0.0,0.0,0.0,1.0,0.16599908071964203,16.842802617142016,20.488289338058333
5501,220.0,0.98,1,-0.069,0.369,0.042,0.001,-0.002,0.06,0.0,0.0,0.0,0.0,1.32,0.02,0.0,0.14,0.09,0.13,1.43,0.09,0.03,0.09,0.93,1.39,0.0,0.0,0.0,0.0,0.0,0.0,0.0,0.0,0.0,1.0,0.0,1.0,0.0,0.0,0.0,0.0,0.0,1.0,0.16669876648096776,18.027756377319946,22.921823662178227
5502,220.04,0.98,1,-0.079,0.317,0.055,-0.009,-0.001,0.03,0.0,0.0,0.0,0.0,1.99,0.03,0.0,0.18,0.11,0.11,1.42,0.1,0.03,0.12,1.03,0.89,0.0,0.0,0.0,0.0,0.0,0.0,0.0,0.0,0.0,1.0,0.0,1.0,0.0,0.0,0.0,0.0,0.0,1.0,0.17602077882307454,16.63009320479006,19.6735863532808
5503,220.08,0.98,1,-0.101,0.324,0.065,-0.006,-0.001,0.0,0.0,0.0,0.0,0.0,2.07,0.02,0.0,0.23,0.21,0.1,1.4,0.15,0.0,0.12,1.03,0.69,0.0,0.0,0.0,0.0,0.0,0.0,0.0,0.0,0.0,1.0,0.0,1.0,0.0,0.0,0.0,0.0,0.0,1.0,0.1792926984945437,18.804254837669006,18.569060288555253
5504,220.12,0.98,1,-0.112,0.327,0.073,-0.006,-0.001,0.0,0.0,0.0,0.0,0.0,1.83,0.02,0.0,0.26,0.23,0.05,1.3,0.23,0.04,0.03,1.11,0.51,0.0,0.0,0.0,0.0,0.0,0.0,0.0,0.0,0.0,1.0,0.0,1.0,0.0,0.0,0.0,0.0,0.0,1.0,0.19188872646703253,19.402319448973195,18.538878067455965
5505,220.16,0.98,1,-0.121,0.322,0.078,-0.005,-0.001,0.0,0.0,0.0,0.0,0.0,1.65,0.01,0.0,0.32,0.3,0.04,1.28,0.33,0.07,0.02,1.0,0.51,0.0,0.0,0.0,0.0,0.0,0.0,0.0,0.0,0.0,1.0,0.0,1.0,1.0,0.0,0.0,0.0,0.0,1.0,0.19615354230233178,20.50219500443794,18.621761463406102
5506,220.2,0.98,1,-0.12,0.312,0.081,-0.005,0.001,0.0,0.0,0.0,0.01,0.0,1.77,0.0,0.0,0.35,0.32,0.07,1.29,0.37,0.13,0.02,0.95,0.39,0.0,0.0,0.0,0.0,0.0,0.0,0.0,0.0,0.0,1.0,0.0,1.0,1.0,0.0,0.0,0.0,0.0,1.0,0.21241765489010678,20.803845798313304,18.806647760831762
5507,220.24,0.98,1,-0.128,0.294,0.078,-0.007,0.005,0.0,0.0,0.0,0.01,0.0,2.03,0.0,0.0,0.34,0.37,0.12,1.32,0.47,0.16,0.02,0.89,0.2,0.0,0.0,0.0,0.0,0.0,0.0,0.0,0.0,0.0,1.0,0.0,1.0,1.0,0.0,0.0,0.0,0.0,1.0,0.23485091796516852,22.002045359466013,18.70026737776767
5508,220.28,0.98,1,-0.133,0.3,0.076,-0.007,0.009,0.0,0.0,0.0,0.01,0.0,2.16,0.0,0.0,0.32,0.41,0.15,1.36,0.46,0.21,0.02,0.87,0.03,0.0,0.0,0.0,0.0,0.0,0.0,0.0,0.0,0.0,1.0,0.0,1.0,1.0,0.0,0.0,0.0,0.0,0.0,0.22620128578406767,23.00195643852931,18.40108692441844
5509,220.32,0.98,1,-0.078,0.326,0.09,-0.002,0.008,0.0,0.0,0.0,0.0,0.0,2.24,0.0,0.0,0.31,0.46,0.12,1.44,0.43,0.28,0.05,0.95,0.0,0.0,0.0,0.0,0.0,0.0,0.0,0.0,0.0,0.0,1.0,0.0,1.0,1.0,0.0,0.0,0.0,0.0,0.0,0.21266950801169804,20.100248754679537,17.813758727455536
5510,220.36,0.98,1,-0.024,0.332,0.09,-0.004,0.012,0.0,0.0,0.0,0.0,0.0,2.08,0.0,0.0,0.34,0.49,0.18,1.46,0.38,0.36,0.1,0.9,0.0,0.0,0.0,0.0,0.0,0.0,0.0,0.0,0.0,0.0,1.0,0.0,1.0,1.0,0.0,0.0,0.0,0.0,0.0,0.2066126509885942,19.601020381602495,19.742846805868524
5511,220.4,0.98,1,0.034,0.315,0.103,-0.013,0.013,0.0,0.0,0.0,0.0,0.0,2.05,0.0,0.0,0.4,0.61,0.24,1.41,0.31,0.36,0.09,0.81,0.0,0.0,0.0,0.0,0.0,0.0,0.0,0.0,0.0,0.0,1.0,0.0,1.0,1.0,0.0,0.0,0.0,0.0,0.0,0.23049866285832926,19.601020381602495,18.413310403075133
5512,220.44,0.98,1,0.044,0.292,0.103,-0.007,-0.005,0.0,0.0,0.0,0.0,0.0,1.76,0.0,0.0,0.47,0.64,0.35,1.24,0.34,0.38,0.05,0.65,0.0,0.0,0.0,0.0,0.0,0.0,0.0,0.0,0.0,0.0,1.0,0.0,1.0,1.0,0.0,0.0,0.0,0.0,0.0,0.24654926241796424,21.400233643584226,16.404877323527767
5513,220.48,0.98,1,0.05,0.283,0.098,-0.021,-0.001,0.0,0.0,0.0,0.0,0.0,1.71,0.0,0.0,0.54,0.84,0.39,1.1,0.24,0.31,0.0,0.47,0.0,0.0,0.0,0.0,0.0,0.0,0.0,0.0,0.0,0.0,1.0,0.0,1.0,1.0,0.0,0.0,0.0,0.0,0.0,0.2549273029113506,21.72302925468734,16.804761230079958
5514,220.52,0.98,1,0.037,0.284,0.102,-0.018,-0.022,0.0,0.0,0.0,0.0,0.0,1.7,0.0,0.03,0.57,0.94,0.38,1.01,0.26,0.31,0.0,0.27,0.0,0.0,0.0,0.0,0.0,0.0,0.0,0.0,0.0,0.0,1.0,0.0,1.0,0.0,0.0,0.0,0.0,0.0,0.0,0.2611025615940646,22.19954954497965,16.800297616411395
5515,220.56,0.98,1,0.037,0.288,0.107,-0.017,-0.03,0.0,0.0,0.0,0.0,0.0,1.83,0.0,0.04,0.59,1.16,0.29,0.92,0.2,0.22,0.04,0.08,0.0,0.0,0.0,0.0,0.0,0.0,0.0,0.0,0.0,0.0,1.0,0.0,1.0,0.0,0.0,0.0,0.0,0.0,0.0,0.26240698075418395,22.2811579591365,16.70269439342053
5516,220.6,0.98,1,0.035,0.274,0.1,-0.016,-0.031,0.0,0.0,0.0,0.0,0.0,2.02,0.0,0.04,0.6,1.21,0.25,0.88,0.24,0.18,0.04,0.0,0.0,0.0,0.0,0.0,0.0,0.0,0.0,0.0,0.0,0.0,1.0,0.0,1.0,0.0,0.0,0.0,0.0,0.0,0.0,0.2676150176417423,21.93171219946126,16.401219466856816
5517,220.64,0.98,1,0.035,0.287,0.113,-0.015,-0.034,0.0,0.0,0.0,0.07,0.0,1.84,0.0,0.01,0.59,1.27,0.22,0.78,0.14,0.17,0.11,0.03,0.0,0.0,0.0,0.0,0.0,0.0,0.0,0.0,0.0,0.0,1.0,0.0,1.0,0.0,0.0,0.0,0.0,0.0,0.0,0.2661733942536173,22.130521909796883,16.601204775557616
5518,220.68,0.98,1,0.056,0.269,0.09,-0.012,-0.031,0.0,0.0,0.0,0.07,0.0,1.79,0.0,0.0,0.54,1.23,0.27,0.7,0.07,0.21,0.11,0.07,0.0,0.0,0.0,0.0,0.0,0.0,0.0,0.0,0.0,0.0,1.0,0.0,1.0,0.0,0.0,0.0,0.0,0.0,0.0,0.25943180704903746,21.493254755853147,16.201234520862954
5519,220.72,0.98,1,0.052,0.262,0.093,-0.008,-0.033,0.0,0.0,0.0,0.07,0.0,1.46,0.0,0.02,0.53,1.13,0.26,0.66,0.0,0.19,0.11,0.18,0.0,0.0,0.0,0.0,1.0,0.0,0.0,0.0,0.0,0.0,1.0,0.0,1.0,0.0,0.0,0.0,0.0,0.0,0.0,0.2604127445806714,21.20424485804684,16.70119756185171
5520,220.76,0.98,1,0.05,0.277,0.1,-0.024,-0.014,0.0,0.0,0.0,0.0,0.0,1.61,0.0,0.02,0.51,1.0,0.3,0.59,0.0,0.27,0.14,0.33,0.0,0.0,0.0,0.0,1.0,0.0,0.0,0.0,0.0,0.0,1.0,0.0,1.0,0.0,0.0,0.0,0.0,0.0,0.0,0.27505764290408347,21.744194627532107,16.300306745579928
5521,220.8,0.98,1,0.057,0.26,0.098,-0.007,-0.029,0.0,0.0,0.0,0.0,0.0,1.47,0.0,0.02,0.52,0.83,0.26,0.65,0.0,0.27,0.17,0.43,0.0,0.0,0.0,0.0,1.0,0.0,0.0,0.0,0.0,1.0,1.0,0.0,1.0,0.0,0.0,0.0,0.0,0.0,0.0,0.2690062589798919,20.80624906127969,16.299999999999955
5522,220.84,0.98,1,0.045,0.272,0.102,-0.026,-0.012,0.0,0.0,0.0,0.0,0.0,1.64,0.0,0.0,0.53,0.8,0.35,0.58,0.0,0.29,0.32,0.43,0.0,0.0,0.0,0.0,1.0,0.0,0.0,0.0,0.0,0.0,1.0,0.0,1.0,0.0,0.0,0.0,0.0,0.0,0.0,0.2809112884787126,21.644860821913362,16.300306745579928
5523,220.88,0.98,1,0.032,0.278,0.102,-0.013,-0.028,0.0,0.0,0.0,0.14,0.0,1.65,0.0,0.0,0.56,0.69,0.37,0.62,0.0,0.21,0.33,0.38,0.0,0.0,0.0,0.0,1.0,0.0,1.0,0.0,0.0,1.0,1.0,0.0,1.0,0.0,0.0,0.0,0.0,0.0,0.0,0.27637171197153076,21.37124235976939,16.301226947687276
5524,220.92,0.98,1,0.036,0.273,0.09,-0.011,-0.029,0.0,0.0,0.0,0.37,0.0,1.81,0.0,0.0,0.55,0.73,0.42,0.63,0.0,0.14,0.35,0.33,0.0,0.0,0.0,0.0,1.0,0.0,1.0,0.0,0.0,1.0,1.0,0.0,1.0,0.0,0.0,0.0,0.0,0.0,0.0,0.2740337651332959,21.346896729969956,16.400304875215063
5525,220.96,0.98,1,0.039,0.274,0.086,-0.012,-0.026,0.0,0.0,0.0,0.41,0.0,1.91,0.0,0.0,0.56,0.71,0.24,0.71,0.0,0.12,0.29,0.22,0.0,0.0,0.0,0.0,1.0,0.0,1.0,0.0,0.0,1.0,1.0,0.0,1.0,0.0,0.0,0.0,0.0,0.0,0.0,0.27074483431256147,21.24758809841733,16.5
5526,221.0,0.98,1,0.032,0.271,0.099,-0.018,-0.026,0.0,0.0,0.0,0.28,0.01,1.9,0.0,0.05,0.62,0.8,0.21,0.74,0.0,0.04,0.18,0.1,0.16,0.0,0.0,0.0,1.0,0.0,1.0,0.0,0.0,1.0,1.0,0.0,1.0,0.0,0.0,0.0,0.0,0.0,0.0,0.27540277505683186,21.423818520515848,16.800297616411623
5527,221.04,0.98,1,0.037,0.314,0.07,-0.013,-0.02,0.05,0.0,0.0,0.05,0.01,1.54,0.0,0.13,0.75,0.84,0.19,0.65,0.0,0.03,0.14,0.01,0.89,0.0,0.0,0.0,0.0,0.0,1.0,0.0,0.0,1.0,1.0,0.0,1.0,0.0,0.0,0.0,0.0,0.0,0.0,0.22992591930566242,20.006249023742555,21.459729728027664
5528,221.08,0.98,1,0.006,0.439,0.065,-0.029,-0.023,0.05,0.0,0.0,0.0,0.01,1.06,0.0,0.27,0.87,0.96,0.33,0.67,0.03,0.0,0.09,0.0,1.57,0.0,0.0,0.0,0.0,0.0,1.0,0.0,0.0,0.0,1.0,0.0,1.0,0.0,0.0,0.0,0.0,0.0,1.0,0.17860300095625015,15.592947123619696,19.531000998412754
5529,221.12,0.98,1,-0.016,0.452,0.069,-0.027,-0.024,0.05,0.0,0.0,0.0,0.0,0.98,0.0,0.22,0.86,0.94,0.26,0.77,0.06,0.0,0.17,0.0,1.9,0.0,0.0,0.0,0.0,0.0,1.0,0.0,0.0,0.0,1.0,0.0,1.0,0.0,0.0,0.0,0.0,0.0,1.0,0.1754670236499508,17.637743619862498,20.05617112013158
5530,221.16,0.98,1,-0.02,0.375,0.039,-0.014,-0.009,0.07,0.0,0.0,0.0,0.0,1.4,0.0,0.17,0.8,0.92,0.3,0.89,0.09,0.0,0.15,0.03,1.55,0.0,0.0,0.0,0.0,0.0,1.0,0.0,0.0,0.0,1.0,0.0,1.0,0.0,0.0,0.0,0.0,0.0,1.0,0.17823861468488203,17.763445611705,20.04894012161241
5531,221.2,0.98,1,0.027,0.311,0.048,-0.018,-0.02,0.07,0.0,0.0,0.0,0.0,1.93,0.0,0.11,0.69,0.82,0.35,0.98,0.09,0.0,0.15,0.07,0.97,0.0,0.0,0.0,0.0,0.0,1.0,0.0,0.0,0.0,1.0,0.0,1.0,0.0,0.0,0.0,0.0,0.0,1.0,0.19647887386432344,17.564168070250297,20.030227157973023
5532,221.24,0.98,1,0.02,0.336,0.075,-0.018,-0.014,0.07,0.0,0.0,0.0,0.0,2.19,0.04,0.14,0.67,0.78,0.48,0.85,0.06,0.0,0.06,0.07,0.52,0.0,0.0,0.0,0.0,0.0,1.0,0.0,0.0,0.0,1.0,0.0,1.0,0.0,0.0,0.0,0.0,0.0,1.0,0.20002330481136607,17.30260096054921,18.91692363995804
5533,221.28,0.98,1,0.017,0.308,0.062,-0.018,-0.021,0.0,0.0,0.0,0.0,0.0,2.23,0.04,0.17,0.7,0.76,0.51,0.86,0.06,0.0,0.04,0.04,0.15,0.0,0.0,0.0,0.0,0.0,1.0,0.0,0.0,0.0,1.0,0.0,1.0,0.0,0.0,0.0,0.0,0.0,0.0,0.21289131577873605,18.50432381904294,19.331321734428773
5534,221.32,0.98,1,0.033,0.294,0.062,-0.014,-0.024,0.0,0.0,0.0,0.0,0.0,2.02,0.06,0.1,0.7,0.71,0.47,0.82,0.03,0.03,0.08,0.01,0.05,0.0,0.0,0.0,0.0,0.0,1.0,0.0,0.0,1.0,1.0,0.0,1.0,0.0,0.0,0.0,0.0,0.0,0.0,0.21378934920586504,19.209372712298592,20.32978111047923
5535,221.36,0.98,1,0.046,0.299,0.073,-0.014,-0.017,0.0,0.0,0.0,0.0,0.0,1.95,0.03,0.1,0.73,0.68,0.41,0.85,0.03,0.03,0.09,0.01,0.0,0.0,0.0,0.0,0.0,0.0,1.0,0.0,0.0,1.0,1.0,0.0,1.0,0.0,0.0,0.0,0.0,0.0,0.0,0.23377074514877572,19.525624189766635,19.51640335717624
5536,221.4,0.98,1,0.05,0.276,0.056,-0.011,-0.022,0.0,0.0,0.0,0.0,0.01,1.98,0.03,0.03,0.74,0.62,0.38,0.78,0.0,0.03,0.12,0.03,0.0,0.0,0.0,0.0,0.0,0.0,1.0,0.0,0.0,1.0,1.0,0.0,1.0,0.0,0.0,0.0,0.0,0.0,0.0,0.24261853604680092,19.901004999748217,20.015993605114883
5537,221.44,0.98,1,0.05,0.29,0.061,-0.009,-0.026,0.0,0.0,0.0,0.0,0.01,2.15,0.0,0.02,0.73,0.61,0.29,0.71,0.0,0.0,0.07,0.01,0.0,0.0,0.0,0.0,0.0,0.0,1.0,0.0,0.0,1.0,1.0,0.0,1.0,0.0,0.0,0.0,0.0,0.0,0.0,0.22790251330390973,18.906612599828755,20.30886505937735
5538,221.48,0.98,1,0.06,0.273,0.056,-0.015,-0.029,0.0,0.0,0.0,0.0,0.01,2.28,0.0,0.06,0.72,0.54,0.3,0.72,0.0,0.0,0.06,0.01,0.0,0.0,0.0,0.0,0.0,0.0,1.0,0.0,0.0,1.0,1.0,0.0,1.0,0.0,0.0,0.0,0.0,0.0,0.0,0.2495151774289053,18.799999999999955,20.31994094479626
5539,221.52,0.98,1,0.05,0.282,0.052,-0.016,-0.027,0.0,0.0,0.0,0.01,0.0,2.35,0.0,0.1,0.67,0.46,0.34,0.72,0.0,0.0,0.03,0.0,0.0,0.0,0.0,0.0,0.0,0.0,1.0,0.0,0.0,1.0,1.0,0.0,1.0,0.0,0.0,0.0,0.0,0.0,0.0,0.2331844649358576,18.702406262296883,20.90598000573028
5540,221.56,0.98,1,0.054,0.271,0.053,-0.017,-0.028,0.0,0.0,0.0,0.01,0.0,2.45,0.0,0.19,0.65,0.29,0.37,0.78,0.0,0.0,0.01,0.0,0.0,0.0,0.0,0.0,0.0,0.0,1.0,0.0,0.0,1.0,1.0,0.0,1.0,0.0,0.0,0.0,0.0,0.0,0.0,0.2489982013981634,18.909521411183174,20.915305400591077
5541,221.6,0.98,1,0.035,0.276,0.045,-0.017,-0.024,0.0,0.0,0.0,0.01,0.0,2.39,0.0,0.21,0.6,0.19,0.31,0.85,0.0,0.0,0.0,0.0,0.0,0.0,0.0,0.0,0.0,0.0,1.0,0.0,0.0,1.0,1.0,0.0,1.0,0.0,0.0,0.0,0.0,0.0,0.0,0.2305897039414611,19.302331465395525,22.005681084665387
5542,221.64,0.98,1,0.037,0.267,0.038,-0.021,-0.024,0.0,0.0,0.0,0.0,0.0,2.24,0.0,0.31,0.6,0.08,0.28,0.93,0.0,0.0,0.0,0.0,0.0,0.0,0.0,0.0,0.0,0.0,1.0,0.0,0.0,1.0,1.0,0.0,1.0,0.0,0.0,0.0,0.0,0.0,0.0,0.25051937760691445,19.816155025634977,21.803669415949187
5543,221.68,0.98,1,0.039,0.252,0.038,-0.015,-0.025,0.0,0.0,0.0,0.0,0.0,2.23,0.0,0.33,0.62,0.09,0.3,0.94,0.0,0.0,0.0,0.0,0.0,0.0,0.0,0.0,0.0,0.0,1.0,0.0,0.0,1.0,1.0,0.0,1.0,0.0,0.0,0.0,0.0,0.0,0.0,0.2553715724852046,19.709134937891157,21.60208323287354
5544,221.72,0.98,1,0.042,0.253,0.034,-0.019,-0.023,0.0,0.0,0.0,0.0,0.0,2.21,0.0,0.33,0.61,0.13,0.3,0.89,0.0,0.0,0.0,0.0,0.0,0.0,0.0,0.0,0.0,0.0,1.0,0.0,0.0,1.0,1.0,0.0,1.0,0.0,0.0,0.0,0.0,0.0,0.0,0.2565094552756882,20.024984394500787,21.80825531765432
5545,221.76,0.98,1,0.03,0.251,0.038,-0.019,-0.024,0.0,0.0,0.0,0.0,0.0,2.24,0.0,0.19,0.58,0.22,0.27,0.74,0.0,0.0,0.0,0.0,0.0,0.0,0.0,0.0,0.0,0.0,1.0,0.0,0.0,0.0,1.0,0.0,1.0,0.0,0.0,0.0,0.0,0.0,0.0,0.26100312745595744,19.520758181996925,21.50581316760657
5546,221.8,0.98,1,-0.0,0.294,0.057,-0.016,-0.028,0.0,0.0,0.0,0.0,0.0,2.32,0.03,0.08,0.54,0.16,0.16,0.53,0.0,0.0,0.06,0.0,0.0,0.0,0.0,0.0,0.0,0.0,1.0,0.0,0.0,0.0,1.0,0.0,1.0,0.0,0.0,0.0,0.0,0.0,0.0,0.23988615566972063,20.300246303924673,20.20024752323599
5547,221.84,0.98,1,-0.024,0.315,0.083,-0.008,-0.021,0.0,0.0,0.0,0.0,0.0,2.45,0.03,0.01,0.45,0.1,0.11,0.51,0.0,0.01,0.11,0.0,0.0,0.0,0.0,0.0,0.0,0.0,1.0,0.0,0.0,0.0,1.0,0.0,1.0,0.0,0.0,0.0,0.0,0.0,0.0,0.23414424463778633,21.5,20.303940504246906
5548,221.88,0.98,1,-0.039,0.294,0.073,-0.014,-0.002,0.0,0.0,0.0,0.0,0.0,2.45,0.03,0.0,0.4,0.0,0.03,0.6,0.0,0.01,0.24,0.05,0.0,0.0,0.0,0.0,0.0,0.0,1.0,0.0,0.0,0.0,1.0,0.0,1.0,0.0,0.0,0.0,0.0,0.0,0.0,0.21972703263275628,21.5,20.102238681301053
5549,221.92,0.98,1,-0.03,0.322,0.083,0.001,-0.004,0.0,0.0,0.0,0.0,0.0,2.3,0.0,0.0,0.37,0.0,0.1,0.83,0.0,0.01,0.33,0.24,0.0,0.0,0.0,0.0,0.0,0.0,1.0,0.0,0.0,0.0,1.0,0.0,1.0,0.0,0.0,0.0,0.0,0.0,0.0,0.2205292157600749,21.714741536569157,20.706037766796474
5550,221.96,0.98,1,-0.033,0.313,0.079,-0.007,0.016,0.0,0.0,0.0,0.0,0.0,2.18,0.0,0.0,0.38,0.0,0.09,0.82,0.0,0.0,0.39,0.41,0.0,0.0,0.0,0.0,0.0,0.0,1.0,0.0,0.0,0.0,0.0,0.0,1.0,0.0,0.0,0.0,0.0,0.0,0.0,0.2181655518435981,21.908217636311814,20.406126531019904
5551,222.0,0.98,1,-0.054,0.299,0.068,-0.011,0.013,0.0,0.0,0.0,0.0,0.0,2.28,0.0,0.0,0.36,0.0,0.11,0.81,0.0,0.0,0.3,0.47,0.0,0.0,0.0,0.0,0.0,0.0,1.0,0.0,0.0,0.0,0.0,1.0,1.0,0.0,0.0,0.0,0.0,0.0,0.0,0.2320285776438788,21.7020736336416,20.503902067655318
5552,222.04,0.98,1,-0.047,0.318,0.07,0.002,0.001,0.0,0.0,0.0,0.0,0.0,2.2,0.0,0.0,0.33,0.0,0.04,0.78,0.0,0.0,0.21,0.44,0.0,0.0,0.0,0.0,0.0,0.0,1.0,0.0,0.0,0.0,0.0,1.0,1.0,0.0,0.0,0.0,0.0,0.0,0.0,0.20826365548330056,22.402008838494684,19.90100499974822
5553,222.08,0.98,1,-0.044,0.306,0.062,-0.01,0.016,0.0,0.0,0.0,0.0,0.0,2.11,0.0,0.0,0.33,0.0,0.08,0.79,0.0,0.0,0.11,0.38,0.0,0.0,0.0,0.0,0.0,0.0,0.0,0.0,0.0,0.0,0.0,1.0,1.0,0.0,0.0,0.0,0.0,0.0,0.0,0.20702536189894527,22.200900882621905,20.300246303924446
5554,222.12,0.98,1,-0.046,0.315,0.066,-0.001,-0.0,0.0,0.0,0.0,0.0,0.0,1.7,0.0,0.0,0.37,0.0,0.07,0.85,0.0,0.0,0.19,0.45,0.59,0.0,0.0,0.0,0.0,0.0,0.0,0.0,0.0,0.0,1.0,1.0,1.0,0.0,0.0,0.0,0.0,0.0,0.0,0.20812183490600125,20.59999999999991,19.800000000000182
5555,222.16,0.98,1,0.003,0.406,0.041,-0.021,0.008,0.33,0.01,0.0,0.0,0.0,1.27,0.0,0.01,0.42,0.01,0.12,0.78,0.0,0.0,0.22,0.3,1.49,0.0,0.0,0.0,0.0,0.0,0.0,0.0,0.0,0.0,1.0,1.0,1.0,0.0,0.0,0.0,0.0,0.0,1.0,0.18580431989205454,18.34611675532473,21.315018179677867
5556,222.2,0.98,1,-0.018,0.461,0.069,-0.014,-0.005,0.46,0.01,0.0,0.0,0.0,0.75,0.0,0.01,0.44,0.01,0.06,0.7,0.0,0.0,0.27,0.18,2.17,0.0,0.0,0.0,0.0,0.0,0.0,0.0,0.0,0.0,1.0,0.0,1.0,0.0,0.0,0.0,0.0,0.0,1.0,0.17729075469168568,15.861904047118633,20.470710783946988
5557,222.24,0.98,1,-0.018,0.427,0.044,-0.011,-0.001,0.53,0.01,0.0,0.0,0.0,0.72,0.0,0.01,0.4,0.01,0.05,0.63,0.0,0.0,0.2,0.04,2.06,0.0,0.0,0.0,0.0,0.0,0.0,0.0,0.0,0.0,1.0,0.0,1.0,0.0,0.0,0.0,0.0,0.0,1.0,0.1706064578540506,17.304623659588827,22.051077071199945
5558,222.28,0.98,1,-0.046,0.345,0.03,-0.003,-0.002,0.2,0.0,0.0,0.0,0.0,1.11,0.0,0.0,0.35,0.03,0.0,0.71,0.0,0.0,0.13,0.11,1.4,0.0,0.0,0.0,0.0,0.0,0.0,0.0,0.0,0.0,1.0,0.0,1.0,0.0,0.0,0.0,0.0,0.0,1.0,0.17525577822765137,19.094763680129702,20.519746587129188
5559,222.32,0.98,1,-0.001,0.351,0.052,-0.017,-0.0,0.1,0.0,0.0,0.0,0.0,1.8,0.0,0.0,0.36,0.11,0.0,0.9,0.0,0.0,0.14,0.21,1.0,0.0,0.0,0.0,0.0,0.0,1.0,0.0,0.0,0.0,1.0,0.0,1.0,0.0,0.0,0.0,0.0,0.0,1.0,0.19500068864047532,18.300273222004044,20.263267258761424
5560,222.36,0.98,1,-0.021,0.347,0.067,-0.01,-0.005,0.03,0.0,0.0,0.0,0.0,2.14,0.0,0.0,0.37,0.11,0.05,0.94,0.0,0.0,0.22,0.3,0.51,0.0,0.0,0.0,0.0,0.0,1.0,0.0,0.0,0.0,1.0,0.0,1.0,0.0,0.0,0.0,0.0,0.0,1.0,0.1991717915073506,17.118703221915048,17.142053552593897
5561,222.4,0.98,1,-0.014,0.311,0.056,-0.023,0.001,0.12,0.04,0.0,0.0,0.0,2.23,0.0,0.0,0.33,0.09,0.06,0.97,0.0,0.0,0.27,0.31,0.31,0.0,0.0,0.0,0.0,0.0,1.0,0.0,0.0,0.0,1.0,0.0,1.0,0.0,0.0,0.0,0.0,0.0,1.0,0.20499856218773965,16.51484180971771,17.123667831396546
5562,222.44,0.98,1,-0.022,0.337,0.081,-0.011,-0.009,0.09,0.04,0.0,0.0,0.0,2.08,0.0,0.0,0.27,0.06,0.21,0.93,0.0,0.0,0.26,0.36,0.12,0.0,0.0,0.0,0.0,0.0,1.0,0.0,0.0,0.0,1.0,0.0,1.0,0.0,0.0,0.0,0.0,0.0,1.0,0.1959229996593959,18.92643653728835,17.6181724364361
5563,222.48,0.98,1,-0.027,0.319,0.06,-0.021,-0.002,0.09,0.04,0.0,0.0,0.0,2.22,0.0,0.0,0.23,0.06,0.2,0.93,0.0,0.0,0.19,0.32,0.19,0.0,0.0,0.0,0.0,0.0,1.0,0.0,0.0,0.0,1.0,0.0,1.0,0.0,0.0,0.0,0.0,0.0,1.0,0.20587797809776048,19.03785702225962,17.318487231857134
5564,222.52,0.98,1,-0.032,0.342,0.083,-0.013,-0.011,0.0,0.0,0.0,0.0,0.0,2.2,0.0,0.0,0.25,0.07,0.31,0.87,0.0,0.0,0.17,0.36,0.31,0.0,0.0,0.0,0.0,0.0,0.0,0.0,0.0,0.0,1.0,0.0,1.0,0.0,0.0,0.0,0.0,0.0,1.0,0.21999538166632632,19.03785702225962,18.10441934998184
5565,222.56,0.98,1,-0.048,0.319,0.072,-0.008,-0.008,0.0,0.0,0.0,0.0,0.0,2.11,0.0,0.0,0.25,0.01,0.33,0.84,0.0,0.0,0.16,0.38,0.22,0.0,0.0,0.0,0.0,0.0,0.0,0.0,0.0,0.0,1.0,0.0,1.0,0.0,0.0,0.0,0.0,0.0,1.0,0.22532389909690304,18.322117781522916,17.50114281982751
5566,222.6,0.98,1,-0.055,0.298,0.067,-0.019,-0.003,0.01,0.0,0.0,0.0,0.0,2.01,0.0,0.0,0.22,0.01,0.33,0.83,0.0,0.0,0.25,0.41,0.15,0.0,0.0,0.0,0.0,0.0,0.0,0.0,0.0,0.0,1.0,0.0,1.0,0.0,0.0,0.0,0.0,0.0,0.0,0.2395224753188701,19.525624189766635,18.200000000000045
5567,222.64,0.98,1,-0.032,0.297,0.079,-0.01,-0.01,0.01,0.0,0.0,0.03,0.0,2.03,0.0,0.0,0.25,0.0,0.37,0.87,0.0,0.0,0.27,0.49,0.0,0.0,0.0,0.0,0.0,0.0,0.0,0.0,0.0,0.0,1.0,0.0,1.0,0.0,0.0,0.0,0.0,0.0,0.0,0.24691990801077415,19.50640920313116,17.400287353949164
5568,222.68,0.98,1,-0.049,0.284,0.063,-0.021,0.0,0.07,0.0,0.0,0.03,0.0,2.19,0.0,0.0,0.26,0.0,0.28,0.89,0.0,0.0,0.3,0.4,0.0,0.0,0.0,0.0,0.0,0.0,0.0,0.0,0.0,0.0,1.0,0.0,1.0,0.0,0.0,0.0,0.0,0.0,0.0,0.24707578342676415,19.902261178067043,18.09999999999991
5569,222.72,0.98,1,-0.034,0.294,0.074,-0.013,-0.006,0.06,0.0,0.0,0.08,0.0,2.19,0.0,0.0,0.31,0.0,0.3,0.95,0.0,0.0,0.19,0.36,0.0,0.0,0.0,0.0,0.0,0.0,0.0,0.0,0.0,0.0,1.0,0.0,1.0,0.0,0.0,0.0,0.0,0.0,0.0,0.2466438240889392,19.909043171383065,17.70112990743816
5570,222.76,0.98,1,-0.032,0.283,0.065,-0.011,-0.004,0.06,0.0,0.0,0.05,0.0,2.21,0.0,0.0,0.3,0.0,0.23,0.93,0.0,0.0,0.14,0.25,0.0,0.0,0.0,0.0,0.0,0.0,0.0,0.0,0.0,0.0,1.0,0.0,1.0,0.0,0.0,0.0,0.0,0.0,0.0,0.24924316430896448,20.208908926510652,17.800280896659984
5571,222.8,0.98,1,-0.035,0.281,0.069,-0.013,-0.007,0.06,0.0,0.0,0.05,0.0,2.14,0.0,0.0,0.33,0.0,0.25,0.87,0.0,0.0,0.09,0.24,0.0,0.0,0.0,0.0,0.0,0.0,0.0,0.0,0.0,0.0,1.0,0.0,1.0,0.0,0.0,0.0,0.0,0.0,0.0,0.2504248724081506,20.40392119177105,17.70112990743816
5572,222.84,0.98,1,-0.029,0.277,0.062,-0.014,-0.006,0.17,0.0,0.0,0.0,0.0,2.21,0.0,0.0,0.37,0.0,0.3,0.83,0.0,0.0,0.14,0.3,0.0,0.0,0.0,0.0,0.0,0.0,0.0,0.0,0.0,0.0,1.0,0.0,1.0,0.0,0.0,0.0,0.0,0.0,0.0,0.2520208616309945,20.911719202399496,18.100276240986073
5573,222.88,0.98,1,-0.04,0.288,0.067,-0.012,-0.008,0.17,0.0,0.0,0.0,0.0,2.26,0.0,0.0,0.36,0.0,0.32,0.79,0.0,0.0,0.21,0.33,0.0,0.0,0.0,0.0,0.0,0.0,0.0,0.0,0.0,0.0,1.0,0.0,1.0,0.0,0.0,0.0,0.0,0.0,0.0,0.2452557939253281,20.919369015340877,18.000277775634462
5574,222.92,0.98,1,-0.035,0.283,0.063,-0.01,-0.007,0.11,0.0,0.0,0.0,0.0,2.26,0.0,0.0,0.35,0.0,0.3,0.86,0.0,0.0,0.18,0.36,0.03,0.0,0.0,0.0,0.0,0.0,0.0,0.0,0.0,0.0,1.0,0.0,1.0,0.0,0.0,0.0,0.0,0.0,0.0,0.24471871574880655,21.618741869035674,18.299999999999955
5575,222.96,0.98,1,-0.036,0.3,0.069,-0.01,-0.009,0.0,0.0,0.0,0.0,0.0,2.06,0.0,0.0,0.31,0.0,0.17,0.9,0.0,0.0,0.22,0.32,0.03,0.0,0.0,0.0,0.0,0.0,0.0,0.0,0.0,0.0,1.0,0.0,1.0,0.0,0.0,0.0,0.0,0.0,0.0,0.23023121576481725,21.708293346092457,18.799999999999955
5576,223.0,0.98,1,-0.039,0.288,0.065,-0.009,-0.009,0.0,0.0,0.0,0.0,0.0,2.02,0.0,0.0,0.28,0.0,0.14,0.91,0.0,0.0,0.27,0.31,0.03,0.0,0.0,0.0,0.0,0.0,1.0,0.0,0.0,0.0,1.0,0.0,1.0,0.0,0.0,0.0,0.0,0.0,0.0,0.21404950661984812,21.20377324911776,20.20024752323599
5577,223.04,0.98,1,-0.058,0.296,0.073,-0.005,-0.01,0.0,0.0,0.0,0.1,0.0,1.98,0.0,0.0,0.28,0.0,0.11,0.88,0.0,0.02,0.34,0.33,0.0,0.0,0.0,0.0,0.0,0.0,1.0,0.0,0.0,0.0,1.0,0.0,1.0,0.0,0.0,0.0,0.0,0.0,0.0,0.21357774437563048,21.608331726442838,19.601020381602495
5578,223.08,0.98,1,-0.054,0.257,0.063,-0.02,-0.001,0.0,0.0,0.0,0.11,0.0,2.2,0.0,0.0,0.27,0.0,0.12,0.82,0.0,0.02,0.25,0.39,0.0,0.0,0.0,0.0,0.0,0.0,1.0,0.0,0.0,0.0,1.0,0.0,1.0,0.0,0.0,0.0,0.0,0.0,0.0,0.2538830156603582,21.903652663425888,20.1121853611189
5579,223.12,0.98,1,-0.051,0.258,0.061,-0.013,-0.017,0.0,0.0,0.0,0.11,0.0,2.16,0.05,0.0,0.28,0.0,0.15,0.85,0.0,0.02,0.23,0.45,0.0,0.0,0.0,0.0,0.0,0.0,1.0,0.0,0.0,0.0,1.0,0.0,1.0,0.0,0.0,0.0,0.0,0.0,0.0,0.2615945883674139,21.50581316760657,19.802272596851054
5580,223.16,0.98,1,-0.034,0.282,0.083,-0.011,-0.019,0.0,0.0,0.0,0.02,0.0,2.27,0.05,0.0,0.26,0.0,0.2,0.9,0.0,0.0,0.26,0.45,0.0,0.0,0.0,0.0,0.0,0.0,1.0,0.0,0.0,0.0,1.0,0.0,1.0,0.0,0.0,0.0,0.0,0.0,0.0,0.23310844809698086,21.902054698132638,20.302216627747775
5581,223.2,0.98,1,-0.042,0.26,0.069,-0.009,-0.013,0.0,0.0,0.0,0.0,0.0,2.09,0.05,0.0,0.28,0.0,0.3,1.0,0.0,0.0,0.26,0.41,0.0,0.0,0.0,0.0,0.0,0.0,1.0,0.0,0.0,0.0,1.0,0.0,1.0,0.0,0.0,0.0,0.0,0.0,0.0,0.23293686083863768,22.20202693449411,22.11447489767722
5582,223.24,0.98,1,-0.046,0.271,0.077,-0.009,-0.014,0.0,0.0,0.0,0.0,0.0,2.11,0.0,0.0,0.31,0.0,0.38,1.01,0.0,0.0,0.14,0.36,0.0,0.0,0.0,0.0,0.0,0.0,1.0,0.0,0.0,0.0,1.0,0.0,1.0,0.0,0.0,0.0,0.0,0.0,0.0,0.2321096368045358,21.902054698132865,22.014540649307218
5583,223.28,0.98,1,-0.042,0.266,0.068,-0.01,-0.01,0.0,0.0,0.0,0.0,0.0,2.04,0.0,0.0,0.34,0.0,0.4,0.95,0.0,0.0,0.06,0.32,0.0,0.0,0.0,0.0,0.0,0.0,1.0,0.0,0.0,0.0,1.0,1.0,1.0,0.0,0.0,0.0,0.0,0.0,0.0,0.23229199657752214,21.700230413523308,22.10814329607975
5584,223.32,0.98,1,-0.041,0.264,0.075,-0.011,-0.012,0.05,0.0,0.0,0.0,0.0,1.92,0.0,0.0,0.38,0.15,0.41,0.86,0.0,0.0,0.04,0.3,0.36,0.0,0.0,0.0,0.0,0.0,1.0,0.0,0.0,0.0,1.0,1.0,1.0,0.0,0.0,0.0,0.0,0.0,0.0,0.2412713800853924,21.100236965493924,21.30844902849567
5585,223.36,0.98,1,-0.008,0.336,0.049,-0.013,-0.021,0.22,0.02,0.0,0.0,0.0,1.49,0.0,0.01,0.43,0.44,0.36,0.87,0.09,0.0,0.04,0.23,1.07,0.0,0.0,0.0,0.0,0.0,1.0,0.0,0.0,0.0,1.0,0.0,1.0,0.0,0.0,0.0,0.0,0.0,1.0,0.20458337984958694,19.202343606966128,18.81701357814248
5586,223.4,0.98,1,0.004,0.428,0.053,-0.028,-0.02,0.4,0.02,0.0,0.0,0.0,1.13,0.0,0.01,0.4,0.57,0.29,0.95,0.09,0.0,0.02,0.15,1.8,0.0,0.0,0.0,0.0,0.0,1.0,0.0,0.0,0.0,1.0,1.0,1.0,0.0,0.0,0.0,0.0,0.0,1.0,0.17721719005362868,18.07373785358201,21.233935103979245
5587,223.44,0.98,1,0.007,0.413,0.039,-0.016,-0.011,0.52,0.02,0.0,0.0,0.0,1.3,0.0,0.01,0.37,0.52,0.17,1.06,0.09,0.0,0.02,0.08,1.85,0.0,0.0,0.0,0.0,0.0,1.0,0.0,0.0,0.0,1.0,1.0,1.0,0.0,0.0,0.0,0.0,0.0,1.0,0.1672533776544874,17.075128110793198,22.949074055394778
5588,223.48,0.98,1,-0.016,0.342,0.039,-0.014,-0.011,0.35,0.0,0.0,0.0,0.0,1.59,0.0,0.0,0.3,0.28,0.24,1.02,0.0,0.0,0.03,0.06,1.39,0.0,0.0,0.0,0.0,0.0,1.0,0.0,0.0,0.0,1.0,1.0,1.0,0.0,0.0,0.0,0.0,0.0,1.0,0.17514981498383714,19.864541273334435,20.435263639111767
5589,223.52,0.98,1,-0.01,0.311,0.042,-0.012,-0.023,0.17,0.0,0.0,0.0,0.0,2.0,0.02,0.01,0.34,0.31,0.35,0.98,0.0,0.0,0.02,0.09,0.86,0.0,0.0,0.0,0.0,0.0,1.0,0.0,0.0,0.0,1.0,0.0,1.0,0.0,0.0,0.0,0.0,0.0,1.0,0.20082610004268525,18.702406262296655,18.369812192834154
5590,223.56,0.98,1,-0.015,0.321,0.062,-0.018,-0.032,0.08,0.0,0.0,0.04,0.0,2.03,0.02,0.01,0.36,0.34,0.39,0.95,0.0,0.0,0.03,0.05,0.54,0.0,0.0,0.0,0.0,0.0,1.0,0.0,0.0,0.0,1.0,0.0,1.0,0.0,0.0,0.0,0.0,0.0,1.0,0.20366247561841028,16.800297616411395,16.91892431568872
5591,223.6,0.98,1,-0.018,0.293,0.056,-0.018,-0.018,0.08,0.0,0.0,0.04,0.0,2.23,0.02,0.01,0.37,0.28,0.28,0.99,0.0,0.0,0.02,0.07,0.29,0.0,0.0,0.0,0.0,0.0,1.0,0.0,0.0,0.0,1.0,0.0,1.0,0.0,0.0,0.0,0.0,0.0,1.0,0.20944975350067116,18.72164522684887,17.61022430294415
5592,223.64,0.98,1,-0.023,0.271,0.052,-0.015,-0.014,0.08,0.0,0.0,0.04,0.0,2.24,0.02,0.0,0.33,0.12,0.19,0.96,0.0,0.0,0.07,0.12,0.1,0.0,0.0,0.0,0.0,0.0,1.0,0.0,0.0,0.0,1.0,0.0,1.0,0.0,0.0,0.0,0.0,0.0,0.0,0.23152841422061693,18.92643653728835,18.100000000000136
5593,223.68,0.98,1,-0.023,0.274,0.054,-0.01,-0.015,0.02,0.0,0.0,0.0,0.0,2.33,0.02,0.0,0.32,0.0,0.25,0.96,0.0,0.0,0.11,0.16,0.01,0.0,0.0,0.0,0.0,0.0,1.0,0.0,0.0,0.0,1.0,0.0,1.0,0.0,0.0,0.0,0.0,0.0,0.0,0.2280188213368435,19.312690128514124,18.60430057809206
5594,223.72,0.98,1,-0.022,0.268,0.051,-0.011,-0.014,0.02,0.0,0.0,0.0,0.0,2.36,0.02,0.0,0.31,0.0,0.28,0.97,0.0,0.0,0.11,0.15,0.01,0.0,0.0,0.0,0.0,0.0,1.0,0.0,0.0,0.0,1.0,0.0,1.0,0.0,0.0,0.0,0.0,0.0,0.0,0.238599025249205,19.62065238466847,19.00026315607234
5595,223.76,0.98,1,-0.022,0.274,0.054,-0.011,-0.015,0.04,0.0,0.0,0.0,0.0,2.18,0.0,0.0,0.33,0.04,0.31,1.0,0.0,0.0,0.1,0.15,0.0,0.0,0.0,0.0,0.0,0.0,1.0,0.0,0.0,0.0,1.0,0.0,1.0,0.0,0.0,0.0,0.0,0.0,0.0,0.23215368144752918,19.409276132818647,18.802393464662906
5596,223.8,0.98,1,-0.011,0.275,0.047,-0.009,-0.014,0.03,0.0,0.0,0.0,0.0,2.15,0.0,0.0,0.32,0.04,0.29,0.93,0.0,0.0,0.06,0.23,0.0,0.0,0.0,0.0,0.0,0.0,1.0,0.0,0.0,0.0,1.0,0.0,1.0,0.0,0.0,0.0,0.0,0.0,0.0,0.22866039620584977,19.004210059878837,19.501025614054253
5597,223.84,0.98,1,-0.011,0.284,0.05,-0.008,-0.015,0.03,0.0,0.0,0.0,0.0,2.04,0.0,0.0,0.36,0.04,0.24,0.9,0.0,0.0,0.14,0.28,0.0,0.0,0.0,0.0,0.0,0.0,1.0,0.0,0.0,0.0,1.0,0.0,1.0,0.0,0.0,0.0,0.0,0.0,0.0,0.22907657498407608,19.30414463269477,19.801010075246115
5598,223.88,0.98,1,-0.016,0.281,0.048,-0.015,-0.014,0.03,0.0,0.0,0.0,0.0,2.15,0.0,0.0,0.37,0.01,0.16,0.84,0.0,0.0,0.1,0.26,0.0,0.0,0.0,0.0,0.0,0.0,1.0,0.0,0.0,0.0,1.0,0.0,1.0,0.0,0.0,0.0,0.0,0.0,0.0,0.23845100626246463,19.202343606966355,19.401030900444532
5599,223.92,0.98,1,-0.012,0.282,0.047,-0.013,-0.014,0.05,0.0,0.0,0.0,0.0,1.99,0.0,0.0,0.38,0.01,0.13,0.82,0.0,0.0,0.17,0.27,0.0,0.0,0.0,0.0,0.0,0.0,1.0,0.0,0.0,0.0,1.0,0.0,1.0,0.0,0.0,0.0,0.0,0.0,0.0,0.23893068693170472,19.512560057562922,20.40000000000009
5600,223.96,0.98,1,-0.014,0.27,0.048,-0.01,-0.012,0.05,0.0,0.0,0.0,0.0,2.13,0.0,0.0,0.35,0.06,0.19,0.72,0.0,0.0,0.09,0.21,0.0,0.0,0.0,0.0,0.0,0.0,1.0,0.0,0.0,0.0,1.0,0.0,1.0,0.0,0.0,0.0,0.0,0.0,0.0,0.24192460026064927,19.91230775173997,19.10104709171716
5601,224.0,0.98,1,-0.012,0.274,0.053,-0.013,-0.023,0.02,0.0,0.0,0.0,0.0,2.05,0.0,0.0,0.34,0.06,0.25,0.7,0.0,0.0,0.15,0.24,0.11,0.0,0.0,0.0,0.0,0.0,1.0,0.0,0.0,0.0,1.0,0.0,1.0,0.0,0.0,0.0,0.0,0.0,0.0,0.24131267051983793,20.60873601170158,19.804039991880398
5602,224.04,0.98,1,-0.016,0.305,0.052,-0.018,-0.014,0.0,0.0,0.0,0.0,0.0,2.21,0.0,0.01,0.35,0.13,0.3,0.64,0.0,0.0,0.11,0.12,0.15,0.0,0.0,0.0,0.0,0.0,1.0,0.0,0.0,0.0,1.0,1.0,1.0,0.0,0.0,0.0,0.0,0.0,0.0,0.24013797981240723,19.70101520226795,21.10094784600933
5603,224.08,0.98,1,-0.008,0.291,0.051,-0.017,-0.025,0.0,0.0,0.0,0.0,0.0,2.19,0.0,0.04,0.34,0.08,0.26,0.75,0.0,0.0,0.16,0.18,0.27,0.0,0.0,0.0,0.0,0.0,1.0,0.0,0.0,0.0,1.0,1.0,1.0,0.0,0.0,0.0,0.0,0.0,0.0,0.24255806275581424,21.00095235935742,20.900956915892493
5604,224.12,0.98,1,-0.02,0.317,0.06,-0.018,-0.015,0.0,0.0,0.0,0.0,0.0,2.23,0.0,0.05,0.32,0.08,0.22,0.83,0.0,0.0,0.11,0.2,0.24,0.0,0.0,0.0,0.0,0.0,1.0,0.0,0.0,0.0,1.0,1.0,1.0,0.0,0.0,0.0,0.0,0.0,0.0,0.23498350323098405,19.900251254695345,21.70575960430784
5605,224.16,0.98,1,-0.002,0.305,0.05,-0.015,-0.012,0.0,0.0,0.0,0.0,0.0,2.1,0.0,0.04,0.29,0.0,0.22,1.02,0.0,0.0,0.07,0.28,0.29,0.0,0.0,0.0,0.0,0.0,1.0,0.0,0.0,0.0,1.0,1.0,1.0,0.0,0.0,0.0,0.0,0.0,0.0,0.2187694652069635,19.50230755577401,20.603883129158095
5606,224.2,0.98,1,-0.006,0.309,0.058,-0.015,-0.015,0.0,0.0,0.0,0.0,0.0,1.98,0.0,0.01,0.38,0.18,0.19,0.96,0.0,0.0,0.02,0.22,0.25,0.0,0.0,0.0,0.0,0.0,1.0,0.0,0.0,0.0,1.0,1.0,1.0,0.0,0.0,0.0,0.0,0.0,0.0,0.23000922632199494,19.304144632694996,21.208488866489333
5607,224.24,0.98,1,-0.004,0.306,0.057,-0.018,-0.026,0.0,0.0,0.0,0.0,0.0,2.17,0.0,0.01,0.42,0.18,0.2,0.88,0.0,0.0,0.03,0.14,0.25,0.0,0.0,0.0,0.0,0.0,1.0,0.0,0.0,0.0,1.0,1.0,1.0,0.0,0.0,0.0,0.0,0.0,0.0,0.23853099633160685,19.90100499974822,21.30023474049049
5608,224.28,0.98,1,0.011,0.298,0.063,-0.01,-0.018,0.0,0.0,0.0,0.0,0.0,2.25,0.0,0.03,0.47,0.27,0.2,0.76,0.0,0.0,0.01,0.06,0.15,0.0,0.0,0.0,0.0,0.0,1.0,0.0,0.0,0.0,1.0,1.0,1.0,0.0,0.0,0.0,0.0,0.0,0.0,0.23227166262169252,19.800252523642172,21.70092163941435
5609,224.32,0.98,1,-0.01,0.304,0.054,-0.015,-0.025,0.0,0.0,0.0,0.0,0.0,2.42,0.01,0.03,0.42,0.09,0.15,0.76,0.0,0.0,0.08,0.15,0.18,0.0,0.0,0.0,0.0,0.0,1.0,0.0,0.0,0.0,1.0,1.0,1.0,0.0,0.0,0.0,0.0,0.0,0.0,0.2505072816351775,21.005951537600005,21.500930212434994
5610,224.36,0.98,1,0.002,0.292,0.057,-0.01,-0.02,0.0,0.0,0.0,0.0,0.0,2.22,0.01,0.03,0.39,0.09,0.11,0.77,0.0,0.0,0.15,0.21,0.11,0.0,0.0,0.0,0.0,0.0,1.0,0.0,0.0,0.0,1.0,0.0,1.0,0.0,0.0,0.0,0.0,0.0,0.0,0.24001810482180552,20.100000000000136,22.205629916757644
5611,224.4,0.98,1,0.001,0.291,0.049,-0.012,-0.013,0.0,0.0,0.0,0.0,0.0,2.17,0.01,0.04,0.33,0.0,0.0,0.8,0.0,0.0,0.18,0.31,0.11,0.0,0.0,0.0,0.0,0.0,1.0,0.0,0.0,0.0,1.0,0.0,1.0,0.0,0.0,0.0,0.0,0.0,0.0,0.23829892022408333,20.400245096566945,21.60092590608088
5612,224.44,0.98,1,0.01,0.312,0.058,-0.012,-0.013,0.0,0.0,0.0,0.0,0.0,2.04,0.0,0.05,0.38,0.14,0.0,0.79,0.0,0.0,0.14,0.26,0.0,0.0,0.0,0.0,0.0,0.0,1.0,0.0,0.0,0.0,1.0,0.0,1.0,0.0,0.0,0.0,0.0,0.0,0.0,0.2241531840652686,20.09999999999991,21.70368632283447
5613,224.48,0.98,1,0.004,0.306,0.054,-0.015,-0.023,0.08,0.0,0.0,0.0,0.0,2.33,0.0,0.05,0.39,0.14,0.05,0.8,0.0,0.0,0.06,0.25,0.0,0.0,0.0,0.0,0.0,0.0,1.0,0.0,0.0,0.0,1.0,0.0,1.0,0.0,0.0,0.0,0.0,0.0,0.0,0.23404638948222406,20.208908926510652,21.59999999999991
5614,224.52,0.98,1,0.029,0.313,0.063,-0.006,-0.018,0.08,0.0,0.0,0.0,0.0,2.26,0.0,0.01,0.43,0.14,0.05,0.78,0.0,0.1,0.06,0.28,0.0,0.0,0.0,0.0,0.0,0.0,1.0,0.0,0.0,0.0,1.0,0.0,1.0,0.0,0.0,0.0,0.0,0.0,0.0,0.21817679167766785,19.604081207748465,22.514217730136664
5615,224.56,0.98,1,0.027,0.293,0.052,-0.016,-0.003,0.08,0.0,0.0,0.0,0.0,2.38,0.0,0.0,0.39,0.16,0.07,0.73,0.0,0.1,0.06,0.36,0.0,0.0,0.0,0.0,0.0,0.0,1.0,0.0,0.0,1.0,1.0,0.0,1.0,0.0,0.0,0.0,0.0,0.0,0.0,0.2106268079965451,20.600970850909082,21.80573319106693
5616,224.6,0.98,1,0.047,0.291,0.051,-0.014,-0.021,0.05,0.0,0.0,0.0,0.0,2.35,0.0,0.0,0.38,0.16,0.03,0.7,0.0,0.1,0.14,0.46,0.0,0.0,0.0,0.0,0.0,0.0,1.0,0.0,0.0,1.0,1.0,0.0,1.0,0.0,0.0,0.0,0.0,0.0,0.0,0.23666833734339998,20.00099997500125,21.3114992433662
5617,224.64,0.98,1,0.026,0.309,0.055,-0.005,-0.015,0.05,0.0,0.0,0.0,0.0,2.44,0.0,0.04,0.4,0.16,0.03,0.71,0.0,0.01,0.18,0.46,0.0,0.0,0.0,0.0,0.0,0.0,1.0,0.0,0.0,1.0,1.0,0.0,1.0,0.0,0.0,0.0,0.0,0.0,0.0,0.2127603400826999,19.70406049523808,21.918485349129487
5618,224.68,0.98,1,0.021,0.28,0.051,-0.017,-0.001,0.05,0.0,0.0,0.05,0.0,2.47,0.0,0.06,0.39,0.16,0.01,0.71,0.0,0.01,0.19,0.49,0.0,0.0,0.0,0.0,0.0,0.0,1.0,0.0,0.0,1.0,1.0,0.0,1.0,0.0,0.0,0.0,0.0,0.0,0.0,0.2330700261870898,20.70096616102741,22.105655384991326
5619,224.72,0.98,1,0.041,0.296,0.058,-0.007,-0.023,0.0,0.0,0.0,0.05,0.0,2.52,0.0,0.11,0.43,0.21,0.02,0.69,0.0,0.01,0.21,0.34,0.0,0.0,0.0,0.0,0.0,0.0,1.0,0.0,0.0,1.0,1.0,0.0,1.0,0.0,0.0,0.0,0.0,0.0,0.0,0.23305634091935468,20.503902067655318,21.50581316760657
5620,224.76,0.98,1,0.037,0.292,0.052,-0.012,-0.008,0.0,0.0,0.0,0.05,0.0,2.54,0.0,0.07,0.47,0.22,0.02,0.62,0.0,0.0,0.23,0.32,0.0,0.0,0.0,0.0,0.0,0.0,1.0,0.0,0.0,1.0,1.0,0.0,1.0,0.0,0.0,0.0,0.0,0.0,0.0,0.22164857373225472,20.09999999999991,21.800229356591597
5621,224.8,0.98,1,0.027,0.3,0.059,-0.008,-0.01,0.0,0.0,0.0,0.0,0.0,2.56,0.0,0.05,0.5,0.08,0.01,0.69,0.0,0.0,0.31,0.26,0.0,0.0,0.0,0.0,0.0,0.0,1.0,0.0,0.0,1.0,1.0,0.0,1.0,0.0,0.0,0.0,0.0,0.0,0.0,0.2229381533145581,19.804039991880398,22.314345161801143
5622,224.84,0.98,1,0.029,0.294,0.045,-0.006,-0.008,0.0,0.0,0.0,0.0,0.0,2.35,0.0,0.01,0.52,0.02,0.0,0.77,0.0,0.05,0.28,0.39,0.0,0.0,0.0,0.0,0.0,0.0,1.0,0.0,0.0,0.0,1.0,0.0,0.0,0.0,0.0,0.0,0.0,0.0,0.0,0.21614010433232436,19.90401969452411,21.91460700081122
5623,224.88,0.98,1,0.018,0.292,0.042,-0.019,0.004,0.0,0.0,0.0,0.02,0.0,2.52,0.0,0.01,0.5,0.01,0.0,0.75,0.0,0.05,0.27,0.47,0.0,0.0,0.0,0.0,0.0,0.0,1.0,0.0,0.0,0.0,1.0,0.0,1.0,0.0,0.0,0.0,0.0,0.0,0.0,0.21189451415262117,19.8002525236424,22.000227271553356
5624,224.92,0.98,1,0.027,0.301,0.052,-0.007,-0.009,0.0,0.0,0.0,0.02,0.0,2.52,0.0,0.01,0.49,0.0,0.0,0.75,0.0,0.05,0.26,0.51,0.0,0.0,0.0,0.0,0.0,0.0,1.0,0.0,0.0,1.0,1.0,0.0,1.0,0.0,0.0,0.0,0.0,0.0,0.0,0.2203076802574142,19.701015202268174,22.211033294288722
5625,224.96,0.98,1,0.033,0.288,0.041,-0.007,-0.006,0.0,0.0,0.0,0.02,0.0,2.48,0.0,0.02,0.57,0.01,0.06,0.78,0.0,0.0,0.21,0.5,0.0,0.0,0.0,0.0,0.0,0.0,1.0,0.0,0.0,1.0,1.0,0.0,1.0,0.0,0.0,0.0,0.0,0.0,0.0,0.21578719270981517,19.70228413154152,21.714741536569164
5626,225.0,0.98,1,0.021,0.3,0.056,-0.002,-0.011,0.0,0.0,0.0,0.0,0.0,2.29,0.01,0.02,0.65,0.01,0.06,0.9,0.0,0.04,0.27,0.49,0.04,0.0,0.0,0.0,0.0,0.0,1.0,0.0,0.0,1.0,1.0,0.0,1.0,0.0,0.0,0.0,0.0,0.0,0.0,0.21505347715161333,20.4009803685998,22.02271554554524
5627,225.04,0.98,1,0.018,0.286,0.049,-0.013,-0.0,0.0,0.0,0.0,0.0,0.0,2.13,0.04,0.03,0.72,0.01,0.09,0.99,0.0,0.04,0.22,0.54,0.04,0.0,0.0,0.0,0.0,0.0,1.0,0.0,0.0,1.0,1.0,0.0,1.0,0.0,0.0,0.0,0.0,0.0,0.0,0.21435568967372615,21.40093455903256,22.5055548698538
5628,225.08,0.98,1,0.025,0.303,0.054,-0.006,-0.009,0.0,0.0,0.0,0.0,0.0,2.02,0.05,0.01,0.7,0.0,0.05,0.93,0.0,0.08,0.33,0.52,0.04,0.0,0.0,0.0,0.0,0.0,1.0,0.0,0.0,1.0,1.0,0.0,1.0,0.0,0.0,0.0,0.0,0.0,0.0,0.21565342336444154,20.400245096566945,22.32711356176606
5629,225.12,0.98,1,0.018,0.284,0.046,-0.016,0.001,0.0,0.0,0.0,0.0,0.0,2.05,0.06,0.04,0.69,0.0,0.13,0.93,0.0,0.04,0.3,0.54,0.0,0.0,0.0,0.0,0.0,0.0,1.0,0.0,0.0,1.0,1.0,0.0,1.0,0.0,0.0,0.0,0.0,0.0,0.0,0.21870198893356904,21.600925906080878,22.102036105300254
5630,225.16,0.98,1,0.018,0.299,0.05,-0.007,-0.008,0.0,0.0,0.0,0.0,0.0,2.09,0.04,0.03,0.69,0.0,0.12,0.92,0.0,0.04,0.29,0.56,0.0,0.0,0.0,0.0,0.0,0.0,1.0,0.0,0.0,1.0,1.0,0.0,1.0,0.0,0.0,0.0,0.0,0.0,0.0,0.21380613253965403,20.5,21.827734651126715
5631,225.2,0.98,1,0.028,0.292,0.042,-0.004,-0.008,0.0,0.0,0.0,0.0,0.0,2.1,0.03,0.05,0.66,0.01,0.12,1.0,0.0,0.0,0.26,0.63,0.17,0.0,0.0,0.0,0.0,0.0,1.0,0.0,0.0,1.0,1.0,0.0,1.0,0.0,0.0,0.0,0.0,0.0,0.0,0.2097443359023775,19.900251254695117,22.32711356176629
5632,225.24,0.98,1,0.024,0.308,0.043,-0.023,0.002,0.22,0.0,0.0,0.0,0.0,1.75,0.01,0.05,0.65,0.16,0.15,0.98,0.0,0.0,0.27,0.43,0.8,0.0,0.0,0.0,0.0,0.0,1.0,0.0,0.0,1.0,1.0,0.0,1.0,0.0,0.0,0.0,0.0,0.0,1.0,0.18725988978656222,17.414074767268087,18.967603960437252
5633,225.28,0.98,1,0.019,0.412,0.044,-0.02,-0.006,0.35,0.0,0.0,0.0,0.0,1.24,0.01,0.07,0.7,0.28,0.21,0.9,0.04,0.0,0.39,0.23,1.54,0.0,0.0,0.0,0.0,0.0,1.0,0.0,0.0,1.0,1.0,0.0,1.0,0.0,0.0,0.0,0.0,0.0,1.0,0.17195239642947624,17.66380479964608,20.44798278559512
5634,225.32,0.98,1,-0.002,0.415,0.039,-0.015,-0.018,0.37,0.01,0.0,0.0,0.0,1.3,0.06,0.05,0.74,0.37,0.18,0.8,0.04,0.0,0.4,0.05,1.86,0.0,0.0,0.0,0.0,0.0,1.0,0.0,0.0,1.0,1.0,0.0,1.0,0.0,0.0,0.0,0.0,0.0,1.0,0.17203938573424893,17.713271860387533,20.455072720476807
5635,225.36,0.98,1,-0.027,0.342,0.029,-0.004,-0.013,0.15,0.01,0.0,0.0,0.0,1.54,0.09,0.02,0.69,0.29,0.08,0.85,0.04,0.0,0.38,0.23,1.5,0.0,0.0,0.0,0.0,0.0,1.0,0.0,0.0,1.0,1.0,0.0,1.0,0.0,0.0,0.0,0.0,0.0,1.0,0.17586771032984222,18.03357978882729,20.541178155110778
5636,225.4,0.98,1,-0.017,0.324,0.041,-0.023,-0.001,0.02,0.01,0.0,0.0,0.06,2.3,0.09,0.08,0.63,0.28,0.07,0.97,0.03,0.0,0.35,0.31,0.81,0.0,0.0,0.0,0.0,0.0,1.0,0.0,0.0,1.0,1.0,0.0,1.0,0.0,0.0,0.0,0.0,0.0,1.0,0.18016019570182565,17.118703221914824,18.25376673456746
5637,225.44,0.98,1,-0.021,0.323,0.058,-0.013,-0.009,0.0,0.0,0.0,0.0,0.06,2.48,0.04,0.11,0.59,0.37,0.07,1.04,0.03,0.0,0.42,0.39,0.33,0.0,0.0,0.0,0.0,0.0,1.0,0.0,0.0,1.0,1.0,0.0,1.0,0.0,0.0,0.0,0.0,0.0,1.0,0.17809535521802244,16.501212076693033,17.91368192192781
5638,225.48,0.98,1,-0.01,0.291,0.052,-0.013,-0.011,0.0,0.0,0.0,0.0,0.05,2.77,0.0,0.11,0.6,0.33,0.07,0.94,0.03,0.0,0.39,0.32,0.05,0.0,0.0,0.0,0.0,0.0,1.0,0.0,0.0,1.0,1.0,0.0,1.0,0.0,0.0,0.0,0.0,0.0,1.0,0.19061672623657167,18.809572031282322,18.800265955565582
5639,225.52,0.98,1,-0.011,0.291,0.063,-0.007,-0.015,0.0,0.0,0.0,0.0,0.0,2.56,0.0,0.02,0.6,0.32,0.0,0.87,0.0,0.03,0.34,0.33,0.0,0.0,0.0,0.0,0.0,0.0,1.0,0.0,0.0,1.0,1.0,0.0,1.0,0.0,0.0,0.0,0.0,0.0,0.0,0.19997826424890727,20.511947737842934,18.700000000000045
5640,225.56,0.98,1,-0.012,0.288,0.057,-0.02,-0.005,0.0,0.0,0.0,0.0,0.0,2.43,0.0,0.09,0.62,0.37,0.01,0.76,0.0,0.03,0.23,0.21,0.0,0.0,0.0,0.0,0.0,0.0,1.0,0.0,0.0,1.0,1.0,0.0,1.0,0.0,0.0,0.0,0.0,0.0,0.0,0.228608807995017,19.004210059878837,19.90100499974822
5641,225.6,0.98,1,-0.007,0.269,0.051,-0.011,-0.023,0.14,0.0,0.0,0.05,0.0,2.43,0.04,0.09,0.64,0.38,0.01,0.76,0.0,0.03,0.18,0.12,0.0,0.0,0.0,0.0,0.0,0.0,1.0,0.0,0.0,1.0,1.0,0.0,1.0,0.0,0.0,0.0,0.0,0.0,0.0,0.2442582084712582,19.1002617783107,20.00224987345174
5642,225.64,0.98,1,-0.047,0.296,0.064,-0.007,-0.021,0.14,0.0,0.0,0.05,0.0,2.27,0.04,0.09,0.65,0.35,0.01,0.78,0.0,0.05,0.16,0.05,0.0,0.0,0.0,0.0,0.0,0.0,1.0,0.0,0.0,1.0,1.0,0.0,1.0,0.0,0.0,0.0,0.0,0.0,0.0,0.22935698993930353,22.014540649307218,18.601075237738183
5643,225.68,0.98,1,-0.049,0.278,0.054,-0.016,-0.01,0.14,0.0,0.0,0.05,0.0,2.2,0.04,0.0,0.65,0.16,0.0,0.84,0.01,0.05,0.12,0.11,0.0,0.0,0.0,0.0,0.0,0.0,1.0,0.0,0.0,1.0,1.0,0.0,1.0,0.0,0.0,0.0,0.0,0.0,0.0,0.22753853436308877,22.617913254763266,18.20027472320111
5644,225.72,0.98,1,-0.046,0.301,0.068,-0.01,-0.016,0.0,0.0,0.0,0.0,0.0,1.94,0.0,0.0,0.67,0.26,0.0,0.83,0.01,0.05,0.16,0.24,0.0,0.0,0.0,0.0,0.0,0.0,0.0,0.0,0.0,1.0,1.0,0.0,1.0,0.0,0.0,0.0,0.0,0.0,0.0,0.21663065937519133,22.41093483101506,19.106543381784068
5645,225.76,0.98,1,-0.047,0.296,0.065,-0.008,-0.016,0.0,0.0,0.0,0.0,0.0,2.06,0.0,0.0,0.66,0.25,0.08,0.88,0.01,0.09,0.1,0.37,0.0,0.0,0.0,0.0,0.0,0.0,0.0,0.0,0.0,1.0,1.0,0.0,1.0,0.0,0.0,0.0,0.0,0.0,0.0,0.21511661647806304,22.108143296079977,19.609181522949815
5646,225.8,0.98,1,-0.062,0.296,0.066,-0.016,-0.008,0.0,0.0,0.0,0.0,0.0,2.0,0.0,0.0,0.62,0.27,0.09,0.85,0.0,0.09,0.09,0.46,0.0,0.0,0.0,0.0,0.0,0.0,0.0,0.0,0.0,1.0,1.0,0.0,1.0,0.0,0.0,0.0,0.0,0.0,0.0,0.22367578664688836,23.110603626906986,19.10942175995905
5647,225.84,0.98,1,-0.053,0.298,0.071,-0.007,-0.016,0.0,0.0,0.0,0.0,0.0,2.07,0.0,0.02,0.57,0.18,0.15,0.99,0.0,0.2,0.03,0.51,0.0,0.0,0.0,0.0,0.0,0.0,0.0,0.0,0.0,1.0,1.0,0.0,1.0,0.0,0.0,0.0,0.0,0.0,0.0,0.21502223168205686,22.603539545832106,19.602295783912567
5648,225.88,0.98,1,-0.062,0.3,0.064,-0.017,-0.005,0.05,0.02,0.0,0.0,0.0,2.09,0.0,0.02,0.55,0.21,0.07,0.99,0.0,0.11,0.1,0.48,0.0,0.0,0.0,0.0,0.0,0.0,1.0,0.0,0.0,1.0,1.0,0.0,1.0,0.0,0.0,0.0,0.0,0.0,0.0,0.2167318733898031,23.117525819170318,18.50108104949546
5649,225.92,0.98,1,-0.027,0.306,0.07,-0.006,-0.013,0.05,0.02,0.0,0.0,0.0,2.21,0.0,0.02,0.58,0.18,0.08,1.1,0.0,0.15,0.12,0.43,0.0,0.0,0.0,0.0,0.0,0.0,1.0,0.0,0.0,1.0,1.0,0.0,1.0,0.0,0.0,0.0,0.0,0.0,0.0,0.2156396499420214,20.300246303924446,19.00026315607234
5650,225.96,0.98,1,0.026,0.276,0.061,-0.017,-0.002,0.05,0.02,0.0,0.0,0.0,2.26,0.0,0.0,0.58,0.27,0.08,1.14,0.0,0.04,0.2,0.4,0.0,0.0,0.0,0.0,0.0,0.0,1.0,0.0,0.0,1.0,1.0,0.0,1.0,0.0,0.0,0.0,0.0,0.0,0.0,0.22968242949936865,18.30437106267239,20.81537893001226
5651,226.0,0.98,1,0.032,0.294,0.07,-0.01,-0.007,0.0,0.0,0.0,0.0,0.0,2.29,0.0,0.0,0.56,0.23,0.11,1.1,0.0,0.11,0.21,0.39,0.0,0.0,0.0,0.0,0.0,0.0,1.0,0.0,0.0,1.0,1.0,0.0,1.0,0.0,0.0,0.0,0.0,0.0,0.0,0.2171883984782032,18.201098867925573,19.275113488641292
5652,226.04,0.98,1,0.024,0.299,0.076,-0.019,-0.004,0.0,0.0,0.0,0.0,0.0,2.25,0.0,0.0,0.52,0.32,0.09,1.06,0.0,0.07,0.23,0.44,0.0,0.0,0.0,0.0,0.0,0.0,1.0,0.0,0.0,1.0,1.0,0.0,1.0,0.0,0.0,0.0,0.0,0.0,0.0,0.21335156122784052,18.902380802427903,20.112185361118904
5653,226.08,0.98,1,0.021,0.281,0.07,-0.015,-0.007,0.0,0.0,0.0,0.0,0.0,2.38,0.0,0.0,0.54,0.27,0.08,0.96,0.0,0.07,0.18,0.39,0.0,0.0,0.0,0.0,0.0,0.0,1.0,0.0,0.0,1.0,1.0,0.0,1.0,0.0,0.0,0.0,0.0,0.0,0.0,0.23121258703961706,19.299999999999955,18.170580618130966
5654,226.12,0.98,1,0.03,0.275,0.072,-0.015,-0.011,0.0,0.0,0.0,0.0,0.0,2.28,0.0,0.0,0.56,0.28,0.11,0.93,0.0,0.08,0.17,0.37,0.0,0.0,0.0,0.0,0.0,0.0,1.0,0.0,0.0,1.0,1.0,0.0,1.0,0.0,0.0,0.0,0.0,0.0,0.0,0.24198961696500532,19.40025773024687,17.97136611390451
5655,226.16,0.98,1,0.04,0.28,0.075,-0.02,-0.006,0.0,0.0,0.0,0.0,0.0,2.38,0.0,0.0,0.56,0.22,0.12,0.91,0.0,0.08,0.1,0.39,0.0,0.0,0.0,0.0,0.0,0.0,1.0,0.0,0.0,1.0,1.0,0.0,1.0,0.0,0.0,0.0,0.0,0.0,0.0,0.2389692155750543,19.401030900444532,21.333776037073413
5656,226.2,0.98,1,0.034,0.278,0.079,-0.015,-0.012,0.0,0.0,0.0,0.0,0.0,2.14,0.0,0.01,0.52,0.16,0.12,0.89,0.0,0.19,0.1,0.39,0.0,0.0,0.0,0.0,0.0,0.0,1.0,0.0,0.0,1.0,1.0,0.0,1.0,0.0,0.0,0.0,0.0,0.0,0.0,0.24853196025760094,19.001052602421794,18.00055554698252
5657,226.24,0.98,1,0.046,0.28,0.077,-0.021,-0.009,0.0,0.0,0.0,0.0,0.0,2.29,0.0,0.01,0.5,0.2,0.2,0.83,0.0,0.1,0.15,0.48,0.0,0.0,0.0,0.0,0.0,0.0,1.0,0.0,0.0,1.0,1.0,0.0,1.0,0.0,0.0,0.0,0.0,0.0,0.0,0.2447544442939083,19.606376513777484,20.072119967756265
5658,226.28,0.98,1,0.036,0.282,0.087,-0.012,-0.017,0.0,0.08,0.0,0.0,0.0,2.01,0.0,0.03,0.5,0.3,0.25,0.84,0.0,0.1,0.22,0.39,0.56,0.0,0.0,0.0,0.0,0.0,1.0,0.0,0.0,1.0,1.0,0.0,1.0,0.0,0.0,0.0,0.0,0.0,0.0,0.24149562559058854,19.406442229321776,18.01138528820044
5659,226.32,0.98,1,0.019,0.348,0.056,-0.025,-0.01,0.27,0.22,0.0,0.0,0.0,1.62,0.0,0.01,0.57,0.56,0.32,0.86,0.02,0.0,0.27,0.37,1.4,0.0,0.0,0.0,0.0,0.0,1.0,0.0,0.0,0.0,1.0,0.0,1.0,0.0,0.0,0.0,0.0,0.0,1.0,0.2061797395841077,19.20416621465253,21.45250568115538
5660,226.36,0.98,1,0.009,0.444,0.083,-0.025,-0.021,0.47,0.22,0.0,0.0,0.0,1.09,0.0,0.01,0.57,0.73,0.22,0.95,0.02,0.0,0.17,0.27,2.1,0.0,0.0,0.0,0.0,0.0,1.0,0.0,0.0,0.0,1.0,0.0,1.0,0.0,0.0,0.0,0.0,0.0,1.0,0.17511789401258654,18.817545004596145,23.224340679554416
5661,226.4,0.98,1,-0.007,0.419,0.062,-0.015,-0.022,0.63,0.14,0.0,0.0,0.0,1.25,0.0,0.0,0.56,0.77,0.17,0.94,0.02,0.0,0.1,0.2,2.0,0.0,0.0,0.0,0.0,0.0,1.0,0.0,0.0,0.0,1.0,0.0,1.0,0.0,0.0,0.0,0.0,0.0,1.0,0.17065412658760273,16.72991332912402,21.0535032714273
5662,226.44,0.98,1,-0.041,0.362,0.063,-0.01,-0.026,0.36,0.0,0.0,0.0,0.0,1.65,0.0,0.01,0.52,0.66,0.12,0.93,0.0,0.01,0.02,0.19,1.44,0.0,0.0,0.0,0.0,0.0,0.0,0.0,0.0,0.0,1.0,0.0,1.0,0.0,0.0,0.0,0.0,0.0,1.0,0.1874355378629893,18.106904760339493,20.747288979526992
5663,226.48,0.98,1,-0.032,0.322,0.068,-0.023,-0.022,0.16,0.0,0.0,0.0,0.0,2.05,0.0,0.06,0.57,0.63,0.13,0.91,0.04,0.01,0.01,0.2,0.92,0.0,0.0,0.0,0.0,0.0,1.0,0.0,0.0,0.0,1.0,0.0,1.0,0.0,0.0,0.0,0.0,0.0,0.0,0.19728925240532097,17.500285711953392,17.428711943227565
5664,226.52,0.98,1,-0.051,0.324,0.073,-0.013,-0.027,0.0,0.0,0.0,0.0,0.0,2.04,0.0,0.06,0.59,0.53,0.19,1.06,0.04,0.01,0.01,0.41,0.48,0.0,0.0,0.0,0.0,0.0,1.0,0.0,0.0,0.0,1.0,0.0,1.0,0.0,0.0,0.0,0.0,0.0,0.0,0.19245412152081393,18.100276240986073,18.03357978882729
5665,226.56,0.98,1,-0.054,0.288,0.066,-0.022,-0.008,0.0,0.0,0.0,0.0,0.0,2.04,0.0,0.05,0.53,0.5,0.17,1.1,0.04,0.0,0.08,0.42,0.26,0.0,0.0,0.0,0.0,0.0,1.0,0.0,0.0,0.0,1.0,0.0,1.0,0.0,0.0,0.0,0.0,0.0,0.0,0.21593766807911205,18.800265955565582,17.50114281982751
5666,226.6,0.98,1,-0.061,0.305,0.076,-0.008,-0.026,0.0,0.0,0.0,0.0,0.0,1.93,0.0,0.0,0.47,0.35,0.15,1.17,0.0,0.0,0.1,0.54,0.12,0.0,0.0,0.0,0.0,0.0,0.0,0.0,0.0,0.0,1.0,0.0,1.0,0.0,0.0,0.0,0.0,0.0,0.0,0.22146227997270815,19.700000000000045,17.9011172835665
5667,226.64,0.98,1,-0.063,0.293,0.074,-0.015,-0.011,0.0,0.0,0.0,0.0,0.0,1.81,0.0,0.0,0.44,0.34,0.14,1.13,0.0,0.03,0.21,0.46,0.09,0.0,0.0,0.0,0.0,0.0,0.0,0.0,0.0,0.0,1.0,0.0,1.0,0.0,0.0,0.0,0.0,0.0,0.0,0.23643865078208892,19.1002617783107,17.300289014926843
5668,226.68,0.98,1,-0.074,0.292,0.079,-0.017,-0.006,0.0,0.0,0.0,0.0,0.0,1.75,0.0,0.0,0.43,0.24,0.21,1.27,0.0,0.11,0.2,0.54,0.04,0.0,0.0,0.0,0.0,0.0,0.0,0.0,0.0,0.0,1.0,0.0,1.0,0.0,0.0,0.0,0.0,0.0,0.0,0.2443319122010049,20.20024752323599,17.70254219031836
5669,226.72,0.98,1,-0.065,0.285,0.07,-0.015,-0.001,0.0,0.0,0.0,0.0,0.0,1.87,0.0,0.0,0.41,0.23,0.32,1.41,0.05,0.2,0.23,0.5,0.03,0.0,0.0,0.0,0.0,0.0,0.0,0.0,0.0,0.0,1.0,0.0,1.0,0.0,0.0,0.0,0.0,0.0,0.0,0.23887501909823994,19.200260414900672,18.401086924418216
5670,226.76,0.98,1,0.014,0.305,0.066,-0.02,0.002,0.0,0.0,0.0,0.0,0.0,2.03,0.0,0.0,0.43,0.24,0.35,1.46,0.05,0.17,0.12,0.38,0.03,0.0,0.0,0.0,0.0,0.0,0.0,0.0,0.0,0.0,1.0,0.0,1.0,0.0,0.0,0.0,0.0,0.0,0.0,0.2123240462860116,17.904468715937792,20.030227157973023
5671,226.8,0.98,1,0.046,0.312,0.076,-0.008,-0.02,0.0,0.0,0.0,0.0,0.0,2.02,0.0,0.0,0.43,0.27,0.3,1.42,0.05,0.16,0.11,0.36,0.04,0.0,0.0,0.0,0.0,0.0,0.0,0.0,0.0,0.0,1.0,0.0,1.0,0.0,0.0,0.0,0.0,0.0,0.0,0.21771851264670591,18.527007313648905,19.0168346472277
5672,226.84,0.98,1,0.046,0.313,0.069,-0.021,-0.01,0.0,0.0,0.0,0.0,0.0,1.98,0.0,0.0,0.46,0.33,0.19,1.29,0.0,0.07,0.07,0.18,0.01,0.0,0.0,0.0,0.0,0.0,0.0,0.0,0.0,0.0,1.0,0.0,1.0,0.0,0.0,0.0,0.0,0.0,0.0,0.2148597430774426,18.921416437465865,16.814577009249994
5673,226.88,0.98,1,0.05,0.303,0.068,-0.015,-0.025,0.0,0.0,0.0,0.0,0.0,2.12,0.0,0.02,0.47,0.32,0.16,1.24,0.11,0.18,0.12,0.21,0.01,0.0,0.0,0.0,0.0,0.0,1.0,0.0,0.0,0.0,1.0,0.0,1.0,0.0,0.0,0.0,0.0,0.0,0.0,0.22304825823909702,18.7096231923575,17.095028517086487
5674,226.92,0.98,1,0.064,0.305,0.066,-0.025,-0.027,0.0,0.0,0.0,0.0,0.0,2.2,0.0,0.08,0.51,0.36,0.2,1.06,0.12,0.1,0.07,0.06,0.0,0.0,0.0,0.0,0.0,0.0,1.0,0.0,0.0,0.0,1.0,0.0,1.0,0.0,0.0,0.0,0.0,0.0,0.0,0.22526054001831763,19.4435079139543,17.12921480979198
5675,226.96,0.98,1,0.079,0.29,0.057,-0.017,-0.045,0.0,0.0,0.0,0.0,0.0,2.39,0.0,0.09,0.53,0.27,0.25,0.98,0.12,0.1,0.05,0.11,0.0,0.0,0.0,0.0,0.0,0.0,1.0,0.0,0.0,1.0,1.0,0.0,1.0,0.0,0.0,0.0,0.0,0.0,0.0,0.2267553381516703,19.212756179163932,17.34877517290481
5676,227.0,0.98,1,0.09,0.287,0.069,-0.014,-0.043,0.0,0.0,0.0,0.0,0.0,2.47,0.01,0.09,0.51,0.15,0.24,0.96,0.02,0.03,0.0,0.1,0.0,0.0,0.0,0.0,0.0,0.0,1.0,0.0,0.0,1.0,1.0,0.0,1.0,0.0,0.0,0.0,0.0,0.0,0.0,0.22533175323415508,20.103979705520903,18.122361876974118
5677,227.04,0.98,1,0.091,0.28,0.057,-0.013,-0.036,0.0,0.0,0.0,0.0,0.0,2.55,0.01,0.04,0.51,0.13,0.22,1.02,0.01,0.14,0.0,0.12,0.0,0.0,0.0,0.0,0.0,0.0,1.0,0.0,0.0,1.0,1.0,0.0,1.0,0.0,0.0,0.0,0.0,0.0,0.0,0.21747429344418717,20.400980368600028,18.23321145602172
5678,227.08,0.98,1,0.09,0.267,0.05,-0.007,-0.047,0.0,0.0,0.0,0.0,0.0,2.31,0.01,0.04,0.48,0.12,0.23,1.08,0.03,0.21,0.0,0.08,0.03,0.0,0.0,0.0,0.0,0.0,1.0,0.0,0.0,1.0,1.0,0.0,1.0,0.0,0.0,0.0,0.0,0.0,0.0,0.21819874363068242,20.90598000573051,18.73846311734241
5679,227.12,0.98,1,0.067,0.306,0.053,-0.026,-0.034,0.2,0.0,0.0,0.0,0.0,1.87,0.0,0.1,0.56,0.29,0.36,1.0,0.18,0.18,0.03,0.02,0.9,0.0,0.0,0.0,0.0,0.0,1.0,0.0,0.0,1.0,1.0,0.0,1.0,0.0,0.0,0.0,0.0,0.0,0.0,0.21226301724115226,18.826576959181885,18.201098867925577
5680,227.16,0.98,1,0.02,0.403,0.051,-0.03,-0.05,0.43,0.0,0.0,0.0,0.0,1.54,0.0,0.16,0.63,0.35,0.28,0.96,0.17,0.07,0.08,0.0,1.56,0.0,0.0,0.0,0.0,0.0,1.0,0.0,0.0,1.0,1.0,0.0,1.0,0.0,0.0,0.0,0.0,0.0,1.0,0.1825307976253691,15.731814898478861,21.10473880435387
5681,227.2,0.98,1,0.005,0.422,0.049,-0.022,-0.041,0.49,0.01,0.0,0.0,0.0,1.38,0.0,0.16,0.65,0.48,0.2,0.89,0.17,0.0,0.08,0.0,2.21,0.0,0.0,0.0,0.0,0.0,1.0,0.0,0.0,0.0,1.0,0.0,1.0,0.0,0.0,0.0,0.0,0.0,1.0,0.17037111672735616,19.175505208468337,19.33726971420737
5682,227.24,0.98,1,-0.003,0.376,0.035,-0.009,-0.039,0.29,0.01,0.0,0.0,0.0,1.67,0.04,0.06,0.56,0.31,0.01,0.96,0.02,0.0,0.06,0.12,1.73,0.0,0.0,0.0,0.0,0.0,1.0,0.0,0.0,0.0,1.0,0.0,1.0,0.0,0.0,0.0,0.0,0.0,1.0,0.1729805955629168,17.702542190318134,20.977368757782624
5683,227.28,0.98,1,-0.06,0.332,0.05,-0.012,-0.025,0.06,0.01,0.0,0.0,0.0,2.02,0.04,0.0,0.43,0.14,0.0,1.11,0.02,0.03,0.0,0.26,1.37,0.0,0.0,0.0,0.0,0.0,1.0,0.0,0.0,0.0,1.0,0.0,1.0,0.0,0.0,0.0,0.0,0.0,1.0,0.18401857107345918,17.61022430294392,19.067249408344143
5684,227.32,0.98,1,-0.073,0.333,0.057,-0.011,-0.02,0.0,0.0,0.0,0.0,0.0,2.3,0.04,0.0,0.42,0.0,0.08,1.25,0.03,0.03,0.0,0.37,0.83,0.0,0.0,0.0,0.0,0.0,1.0,0.0,0.0,0.0,1.0,0.0,1.0,0.0,0.0,0.0,0.0,0.0,1.0,0.184035526002181,18.400271737123976,17.46453549339355
5685,227.36,0.98,1,-0.085,0.301,0.06,-0.008,-0.016,0.0,0.0,0.0,0.0,0.0,2.27,0.0,0.0,0.4,0.0,0.14,1.24,0.03,0.06,0.0,0.34,0.52,0.0,0.0,0.0,0.0,0.0,0.0,0.0,0.0,0.0,1.0,0.0,1.0,0.0,0.0,0.0,0.0,0.0,1.0,0.21834784962996967,18.702406262296886,16.607528413343285
5686,227.4,0.98,1,-0.085,0.289,0.06,-0.001,-0.016,0.0,0.0,0.0,0.0,0.0,2.16,0.0,0.0,0.43,0.0,0.2,1.14,0.09,0.04,0.0,0.32,0.22,0.0,0.0,0.0,0.0,0.0,0.0,0.0,0.0,0.0,1.0,0.0,1.0,0.0,0.0,0.0,0.0,0.0,0.0,0.22459617041903407,19.801010075246115,16.414932226482176
5687,227.44,0.98,1,-0.092,0.285,0.059,0.001,-0.016,0.0,0.0,0.0,0.0,0.0,1.96,0.0,0.0,0.41,0.0,0.11,1.06,0.06,0.04,0.0,0.33,0.08,0.0,0.0,0.0,0.0,0.0,0.0,0.0,0.0,0.0,1.0,0.0,1.0,0.0,0.0,0.0,0.0,0.0,0.0,0.2364682739063696,19.800252523642172,16.700299398513835
5688,227.48,0.98,1,-0.099,0.285,0.065,0.004,-0.017,0.0,0.0,0.0,0.0,0.0,1.94,0.0,0.0,0.42,0.0,0.06,1.04,0.08,0.01,0.02,0.33,0.04,0.0,0.0,0.0,0.0,0.0,0.0,0.0,0.0,0.0,1.0,0.0,1.0,0.0,0.0,0.0,0.0,0.0,0.0,0.24401031415886643,19.70025380547169,17.200290695217962
5689,227.52,0.98,1,-0.095,0.292,0.062,0.009,-0.019,0.0,0.0,0.0,0.0,0.0,1.95,0.0,0.0,0.42,0.0,0.0,1.12,0.04,0.0,0.03,0.32,0.18,0.0,0.0,0.0,0.0,0.0,0.0,0.0,0.0,0.0,1.0,0.0,1.0,0.0,0.0,0.0,0.0,0.0,0.0,0.24299148272113208,19.601020381602495,16.9002958553986
5690,227.56,0.98,1,-0.118,0.279,0.062,0.018,-0.022,0.0,0.0,0.0,0.0,0.0,1.97,0.0,0.0,0.44,0.0,0.0,1.11,0.04,0.0,0.08,0.29,0.35,0.0,0.0,0.0,0.0,0.0,0.0,0.0,0.0,0.0,1.0,0.0,1.0,0.0,0.0,0.0,0.0,0.0,0.0,0.23767972754479555,19.60025510038062,18.022485955050705
5691,227.6,0.98,1,-0.124,0.287,0.067,0.024,-0.024,0.0,0.0,0.0,0.0,0.0,1.67,0.0,0.0,0.38,0.01,0.04,1.12,0.08,0.0,0.1,0.33,0.38,0.0,0.0,0.0,0.0,0.0,0.0,0.0,0.0,0.0,1.0,0.0,1.0,0.0,0.0,0.0,0.0,0.0,0.0,0.24300757749547236,20.00099997500125,18.00999722376436
5692,227.64,0.98,1,-0.14,0.279,0.062,0.033,-0.022,0.0,0.0,0.0,0.0,0.0,1.48,0.0,0.0,0.33,0.01,0.04,0.99,0.21,0.0,0.12,0.39,0.25,0.0,0.0,0.0,0.0,0.0,0.0,0.0,0.0,0.0,1.0,0.0,1.0,0.0,0.0,0.0,0.0,0.0,0.0,0.24623860283868423,19.90100499974822,18.106904760339265
5693,227.68,0.98,1,-0.152,0.275,0.062,0.04,-0.022,0.0,0.0,0.0,0.0,0.0,1.6,0.0,0.0,0.27,0.01,0.04,1.01,0.36,0.0,0.12,0.38,0.17,0.0,0.0,0.0,0.0,0.0,0.0,0.0,0.0,0.0,1.0,0.0,1.0,0.0,0.0,0.0,0.0,0.0,0.0,0.24516772898023265,20.503902067655318,18.513238506539047
5694,227.72,0.98,1,-0.16,0.266,0.048,0.048,-0.021,0.0,0.0,0.0,0.0,0.0,1.94,0.0,0.0,0.27,0.0,0.0,0.96,0.49,0.04,0.09,0.46,0.1,0.0,0.0,0.0,0.0,0.0,0.0,0.0,0.0,0.0,1.0,0.0,1.0,0.0,0.0,0.0,0.0,0.0,0.0,0.23284605511492412,20.802163349036515,18.826576959181885
5695,227.76,0.98,1,-0.156,0.265,0.057,0.056,-0.023,0.0,0.0,0.0,0.09,0.01,2.22,0.0,0.0,0.28,0.0,0.0,0.95,0.57,0.09,0.06,0.41,0.15,0.0,0.0,0.0,0.0,0.0,0.0,0.0,0.0,0.0,1.0,0.0,1.0,0.0,1.0,0.0,0.0,0.0,0.0,0.2266536274487128,20.506096654409877,23.036709834522807
5696,227.8,0.98,1,-0.166,0.258,0.045,0.066,-0.018,0.0,0.0,0.0,0.09,0.03,2.19,0.0,0.0,0.31,0.05,0.0,0.91,0.57,0.16,0.05,0.46,0.2,0.0,0.0,0.0,0.0,0.0,0.0,0.0,0.0,0.0,1.0,0.0,1.0,0.0,1.0,0.0,0.0,0.0,0.0,0.22122604644130411,21.60370338622515,21.50581316760657
5697,227.84,0.98,1,-0.178,0.278,0.055,0.078,-0.016,0.0,0.0,0.0,0.09,0.04,2.18,0.0,0.0,0.31,0.12,0.0,0.89,0.6,0.16,0.05,0.36,0.28,0.0,0.0,0.0,0.0,0.0,0.0,0.0,0.0,0.0,1.0,0.0,1.0,0.0,1.0,0.0,0.0,0.0,0.0,0.22414943635091866,21.800000000000182,20.60097085090897
5698,227.88,0.98,1,-0.193,0.273,0.049,0.09,-0.013,0.0,0.02,0.0,0.0,0.03,1.96,0.0,0.0,0.33,0.17,0.0,0.93,0.59,0.15,0.06,0.34,0.35,0.0,0.0,0.0,0.0,0.0,0.0,0.0,0.0,0.0,1.0,0.0,1.0,0.0,1.0,0.0,0.0,0.0,0.0,0.2072128223697144,22.100226243185976,20.700241544484495
5699,227.92,0.98,1,-0.2,0.252,0.042,0.097,-0.008,0.03,0.02,0.0,0.0,0.01,1.78,0.0,0.0,0.32,0.13,0.0,0.88,0.6,0.14,0.05,0.3,0.29,0.0,0.0,0.0,0.0,0.0,0.0,0.0,0.0,1.0,1.0,0.0,1.0,0.0,1.0,0.0,0.0,0.0,0.0,0.2167634652049309,21.60208323287354,21.702073633641486
5700,227.96,0.98,1,-0.202,0.246,0.043,0.105,-0.004,0.07,0.02,0.0,0.0,0.0,1.63,0.0,0.0,0.38,0.2,0.0,0.82,0.62,0.1,0.1,0.24,0.31,0.0,0.0,0.0,0.0,0.0,0.0,0.0,0.0,1.0,1.0,0.0,1.0,0.0,1.0,0.0,0.0,0.0,0.0,0.2355769119096803,21.511392330576836,22.901964981197665
5701,228.0,0.98,1,-0.218,0.262,0.048,0.114,-0.0,0.07,0.0,0.0,0.0,0.0,1.53,0.0,0.0,0.41,0.31,0.0,0.84,0.6,0.07,0.16,0.21,0.39,0.0,0.0,0.0,0.0,0.0,0.0,0.0,0.0,1.0,1.0,0.0,1.0,1.0,1.0,0.0,0.0,0.0,0.0,0.2519728906920995,19.41262475813085,22.318154045529912
5702,228.04,0.98,1,-0.231,0.257,0.042,0.12,0.003,0.04,0.0,0.0,0.0,0.0,1.42,0.0,0.0,0.43,0.38,0.0,0.92,0.67,0.04,0.25,0.24,0.53,0.0,0.0,0.0,0.0,0.0,0.0,0.0,0.0,1.0,1.0,0.0,1.0,1.0,1.0,0.0,0.0,0.0,0.0,0.24500672268166096,20.112185361118904,21.60833172644295
5703,228.08,0.98,1,-0.232,0.253,0.047,0.128,0.004,0.0,0.0,0.0,0.0,0.0,1.31,0.0,0.0,0.44,0.35,0.0,0.94,0.65,0.04,0.31,0.29,0.65,0.0,0.0,0.0,0.0,0.0,0.0,0.0,0.0,1.0,1.0,0.0,1.0,1.0,1.0,0.0,0.0,0.0,0.0,0.25473252055267814,19.716236963477634,21.623135757794266
5704,228.12,0.98,1,-0.24,0.249,0.047,0.132,0.005,0.0,0.0,0.0,0.0,0.0,1.3,0.0,0.0,0.42,0.34,0.0,0.89,0.66,0.04,0.34,0.33,0.55,0.0,0.0,0.0,0.0,0.0,0.0,0.0,0.0,1.0,1.0,0.0,1.0,1.0,1.0,0.0,0.0,0.0,0.0,0.2585734769418584,19.62549362436513,20.934421415458303
5705,228.16,0.98,1,-0.238,0.271,0.052,0.135,0.007,0.06,0.0,0.0,0.0,0.0,1.42,0.0,0.0,0.43,0.42,0.0,0.85,0.63,0.01,0.3,0.3,0.52,0.0,0.0,0.0,0.0,0.0,0.0,0.0,0.0,1.0,1.0,0.0,1.0,1.0,1.0,0.0,0.0,0.0,0.0,0.2516421014507024,19.331321734428773,18.91692363995804
5706,228.2,0.98,1,-0.249,0.268,0.052,0.136,0.008,0.06,0.0,0.0,0.0,0.0,1.48,0.0,0.0,0.42,0.42,0.0,0.89,0.53,0.01,0.29,0.27,0.51,0.0,0.0,0.0,0.0,0.0,0.0,0.0,0.0,0.0,1.0,0.0,1.0,1.0,1.0,0.0,0.0,0.0,0.0,0.24203426898029626,20.811775512915716,19.709134937891157
5707,228.24,0.98,1,-0.252,0.272,0.058,0.141,0.008,0.06,0.0,0.0,0.0,0.0,1.51,0.0,0.0,0.43,0.49,0.0,0.89,0.49,0.01,0.23,0.2,0.53,0.0,0.0,0.0,0.0,0.0,0.0,0.0,0.0,0.0,1.0,0.0,1.0,1.0,1.0,0.0,0.0,0.0,0.0,0.24412127431886146,20.32978111047923,20.31575743111731
5708,228.28,0.98,1,-0.248,0.268,0.058,0.143,0.009,0.0,0.0,0.0,0.0,0.0,1.59,0.0,0.0,0.4,0.38,0.0,0.87,0.4,0.0,0.22,0.16,0.53,0.0,0.0,0.0,0.0,0.0,0.0,0.0,0.0,0.0,1.0,0.0,1.0,1.0,1.0,0.0,0.0,0.0,0.0,0.2465501718081396,20.84058540444577,20.106217943710867
5709,228.32,0.98,1,-0.201,0.299,0.06,0.138,0.019,0.04,0.0,0.0,0.0,0.0,1.77,0.0,0.0,0.37,0.34,0.0,0.85,0.35,0.0,0.23,0.18,0.53,0.0,0.0,0.0,0.0,0.0,0.0,0.0,0.0,0.0,1.0,0.0,1.0,1.0,1.0,0.0,0.0,0.0,0.0,0.20656986279838596,22.190313201935794,20.308865059377464
5710,228.36,0.98,1,-0.143,0.317,0.065,0.133,0.031,0.06,0.0,0.0,0.0,0.0,1.96,0.0,0.0,0.35,0.29,0.0,0.88,0.28,0.0,0.3,0.22,0.43,0.0,0.0,0.0,0.0,0.0,0.0,0.0,0.0,0.0,1.0,0.0,1.0,1.0,1.0,0.0,0.0,0.0,0.0,0.19167890570139987,22.517770760002062,19.525624189766635
5711,228.4,0.98,1,-0.155,0.275,0.059,0.119,0.04,0.06,0.0,0.0,0.0,0.0,1.98,0.0,0.0,0.35,0.31,0.0,0.89,0.26,0.0,0.37,0.28,0.27,0.0,0.0,0.0,0.0,0.0,0.0,0.0,0.0,0.0,1.0,0.0,1.0,1.0,1.0,0.0,0.0,0.0,0.0,0.22564208650922896,22.49822215198334,19.437077969695025
5712,228.44,0.98,1,-0.147,0.279,0.059,0.112,0.038,0.02,0.0,0.0,0.0,0.0,1.9,0.0,0.0,0.35,0.28,0.0,0.91,0.29,0.0,0.39,0.27,0.06,0.0,0.0,0.0,0.0,0.0,0.0,0.0,0.0,0.0,1.0,0.0,1.0,1.0,1.0,0.0,0.0,0.0,0.0,0.23612886682910517,22.051077071199945,19.525624189766635
5713,228.48,0.98,1,-0.154,0.276,0.053,0.106,0.029,0.0,0.0,0.0,0.0,0.0,1.9,0.0,0.0,0.31,0.17,0.0,0.93,0.35,0.0,0.33,0.27,0.03,0.0,0.0,0.0,0.0,0.0,1.0,0.0,0.0,0.0,1.0,0.0,1.0,1.0,1.0,0.0,0.0,0.0,0.0,0.23774813498517072,22.357325421436215,19.949185447030146
5714,228.52,0.98,1,-0.15,0.273,0.05,0.102,0.019,0.0,0.0,0.0,0.0,0.0,1.88,0.0,0.0,0.32,0.18,0.0,0.95,0.33,0.0,0.21,0.24,0.0,0.0,0.0,0.0,0.0,0.0,1.0,0.0,0.0,0.0,1.0,0.0,1.0,1.0,1.0,0.0,0.0,0.0,0.0,0.22569803201384775,23.242202993692132,19.73651438324411
5715,228.56,0.98,1,-0.147,0.269,0.056,0.095,0.014,0.0,0.0,0.0,0.0,0.04,1.94,0.0,0.0,0.32,0.3,0.0,0.95,0.3,0.02,0.14,0.27,0.0,0.0,0.0,0.0,0.0,0.0,1.0,0.0,0.0,0.0,1.0,0.0,1.0,0.0,1.0,0.0,0.0,0.0,0.0,0.2347230157676909,23.04886114323222,19.11282292075131
5716,228.6,0.98,1,-0.148,0.27,0.058,0.09,0.009,0.0,0.0,0.0,0.0,0.04,1.87,0.0,0.0,0.36,0.44,0.0,0.99,0.19,0.02,0.11,0.32,0.05,0.0,0.0,0.0,0.0,0.0,0.0,0.0,0.0,0.0,1.0,0.0,1.0,0.0,1.0,0.0,0.0,0.0,0.0,0.22931970252597678,22.97063342618121,19.509228585466932
5717,228.64,0.98,1,-0.147,0.276,0.059,0.092,0.001,0.0,0.0,0.0,0.0,0.04,1.9,0.0,0.0,0.38,0.51,0.0,0.94,0.16,0.02,0.16,0.43,0.17,0.0,0.0,0.0,0.0,0.0,0.0,0.0,0.0,0.0,1.0,0.0,1.0,0.0,1.0,0.0,0.0,0.0,0.0,0.23802795592050702,23.321449354617688,19.41262475813096
5718,228.68,0.98,1,-0.138,0.281,0.054,0.093,-0.007,0.0,0.0,0.0,0.0,0.0,1.76,0.0,0.0,0.37,0.48,0.0,0.97,0.12,0.03,0.19,0.44,0.17,0.0,0.0,0.0,0.0,0.0,0.0,0.0,0.0,0.0,1.0,0.0,1.0,0.0,1.0,0.0,0.0,0.0,0.0,0.22585702094109716,24.013329631685814,19.409276132818533
5719,228.72,0.98,1,-0.142,0.265,0.052,0.095,-0.013,0.0,0.0,0.0,0.0,0.0,1.75,0.0,0.0,0.37,0.44,0.0,0.84,0.15,0.04,0.28,0.38,0.27,0.0,0.0,0.0,0.0,0.0,0.0,0.0,0.0,0.0,1.0,0.0,1.0,0.0,1.0,0.0,0.0,0.0,0.0,0.23498308127565956,23.71349826575577,19.504102132628407
5720,228.76,0.98,1,-0.137,0.268,0.051,0.095,-0.015,0.0,0.0,0.0,0.0,0.04,1.81,0.0,0.0,0.33,0.41,0.0,0.94,0.23,0.04,0.27,0.41,0.48,0.0,0.0,0.0,0.0,0.0,0.0,0.0,0.0,0.0,1.0,0.0,1.0,0.0,1.0,0.0,0.0,0.0,0.0,0.2354923938326215,22.71079038695047,18.90423233035394
5721,228.8,0.98,1,-0.102,0.355,0.058,0.093,-0.012,0.0,0.0,0.0,0.0,0.04,1.83,0.0,0.0,0.35,0.35,0.0,0.97,0.3,0.01,0.22,0.47,0.99,0.0,0.0,0.0,0.0,0.0,0.0,0.0,0.0,0.0,1.0,0.0,1.0,0.0,1.0,0.0,0.0,0.0,1.0,0.1666957878322911,19.312690128513896,17.601136326953462
5722,228.84,0.98,1,-0.096,0.336,0.042,0.08,-0.0,0.0,0.0,0.0,0.0,0.05,1.85,0.0,0.0,0.33,0.27,0.0,1.03,0.37,0.0,0.14,0.59,1.36,0.0,0.0,0.0,0.0,0.0,0.0,0.0,0.0,0.0,1.0,0.0,1.0,0.0,1.0,0.0,0.0,0.0,1.0,0.17856337570087324,19.33726971420728,17.110523077919062
5723,228.88,0.98,1,-0.084,0.333,0.047,0.073,0.009,0.0,0.0,0.0,0.0,0.01,1.79,0.0,0.0,0.33,0.27,0.0,1.01,0.44,0.03,0.06,0.54,1.42,0.0,0.0,0.0,0.0,0.0,1.0,0.0,0.0,0.0,1.0,0.0,1.0,0.0,1.0,0.0,0.0,0.0,1.0,0.17515247066071393,18.409780009549138,17.510282693320516
5724,228.92,0.98,1,-0.083,0.353,0.06,0.071,0.013,0.0,0.0,0.0,0.0,0.02,1.82,0.0,0.0,0.3,0.22,0.0,0.97,0.32,0.03,0.05,0.49,1.26,0.0,0.0,0.0,0.0,0.0,1.0,0.0,0.0,0.0,1.0,0.0,1.0,0.0,1.0,0.0,0.0,0.0,1.0,0.16792262903881822,19.012890364171355,18.909521411183285
5725,228.96,0.98,1,-0.084,0.34,0.056,0.066,0.016,0.03,0.0,0.0,0.0,0.04,1.99,0.0,0.0,0.28,0.23,0.0,1.03,0.32,0.06,0.0,0.38,0.94,0.0,0.0,0.0,0.0,0.0,1.0,0.0,0.0,0.0,1.0,0.0,1.0,0.0,1.0,0.0,0.0,0.0,1.0,0.16821418596047216,17.601136326953576,19.512560057562926
5726,229.0,0.98,1,-0.09,0.329,0.057,0.059,0.02,0.03,0.0,0.0,0.0,0.04,2.17,0.0,0.0,0.28,0.11,0.0,1.05,0.24,0.1,0.0,0.3,0.89,0.0,0.0,0.0,0.0,0.0,1.0,0.0,0.0,0.0,1.0,0.0,1.0,0.0,1.0,0.0,0.0,0.0,1.0,0.15906962374172523,17.922611416866772,19.904019694523996
5727,229.04,0.98,1,-0.109,0.315,0.055,0.054,0.018,0.03,0.0,0.0,0.0,0.03,2.23,0.0,0.0,0.3,0.07,0.0,1.15,0.31,0.21,0.0,0.25,0.84,0.0,0.0,0.0,0.0,0.0,1.0,0.0,0.0,0.0,1.0,0.0,1.0,0.0,1.0,0.0,0.0,0.0,1.0,0.16543599530872521,18.61719635176029,19.202343606966245
5728,229.08,0.98,1,-0.107,0.319,0.056,0.051,0.014,0.0,0.0,0.0,0.0,0.0,2.15,0.0,0.0,0.34,0.08,0.0,1.12,0.25,0.29,0.0,0.23,0.82,0.0,0.0,0.0,0.0,0.0,1.0,0.0,0.0,0.0,1.0,0.0,1.0,0.0,1.0,0.0,0.0,0.0,1.0,0.17368262598332523,19.41262475813107,19.301036241611442
5729,229.12,0.98,1,-0.099,0.301,0.055,0.049,0.011,0.0,0.0,0.0,0.0,0.0,1.7,0.0,0.0,0.32,0.19,0.0,1.19,0.21,0.22,0.04,0.24,1.16,0.0,0.0,0.0,0.0,0.0,1.0,0.0,0.0,0.0,1.0,0.0,1.0,0.0,1.0,0.0,0.0,0.0,1.0,0.17720145205551807,20.62934802653748,18.799999999999955
5730,229.16,0.98,1,-0.085,0.369,0.053,0.049,0.009,0.32,0.23,0.0,0.0,0.0,1.13,0.0,0.0,0.33,0.36,0.0,1.15,0.2,0.11,0.07,0.31,1.73,0.0,0.0,0.0,0.0,0.0,1.0,0.0,0.0,0.0,1.0,0.0,1.0,0.0,1.0,0.0,0.0,0.0,1.0,0.18694381465480303,17.71383639983145,22.41093483101495
5731,229.2,0.98,1,-0.103,0.465,0.06,0.053,0.007,0.42,0.23,0.05,0.0,0.0,0.79,0.0,0.0,0.25,0.36,0.0,1.19,0.13,0.0,0.12,0.33,2.42,0.0,0.0,0.0,0.0,0.0,1.0,0.0,0.0,0.0,1.0,0.0,1.0,0.0,1.0,0.0,0.0,0.0,1.0,0.1631278433112765,15.373353570382703,19.443507913954193
5732,229.24,0.98,1,-0.068,0.43,0.052,0.054,0.007,0.45,0.23,0.05,0.0,0.0,0.81,0.0,0.0,0.25,0.25,0.0,1.11,0.12,0.07,0.08,0.26,2.34,0.0,0.0,0.0,0.0,0.0,1.0,0.0,0.0,0.0,1.0,0.0,1.0,0.0,1.0,0.0,0.0,0.0,1.0,0.16570044137069878,18.03357978882729,21.128653530218177
5733,229.28,0.98,1,-0.08,0.364,0.053,0.058,0.003,0.12,0.0,0.05,0.0,0.0,1.27,0.0,0.0,0.22,0.13,0.0,1.11,0.07,0.11,0.05,0.27,1.76,0.0,0.0,0.0,0.0,0.0,1.0,0.0,0.0,0.0,1.0,0.0,1.0,0.0,1.0,0.0,0.0,0.0,1.0,0.16809171534460104,19.33132173442877,18.227451824103163
5734,229.32,0.98,1,-0.079,0.369,0.065,0.059,0.004,0.03,0.0,0.0,0.0,0.0,1.54,0.0,0.0,0.29,0.09,0.0,1.06,0.07,0.15,0.01,0.31,1.29,0.0,0.0,0.0,0.0,0.0,1.0,0.0,0.0,0.0,1.0,0.0,1.0,0.0,1.0,0.0,0.0,0.0,1.0,0.16748532801594648,19.10418802252546,18.83825894290654
5735,229.36,0.98,1,-0.116,0.339,0.072,0.057,0.008,0.0,0.0,0.0,0.0,0.0,1.87,0.0,0.0,0.34,0.11,0.0,0.96,0.01,0.12,0.1,0.44,0.86,0.0,0.0,0.0,0.0,0.0,1.0,0.0,0.0,0.0,1.0,0.0,1.0,0.0,1.0,0.0,0.0,0.0,1.0,0.1950192740074114,18.704277585622002,19.300259065618736
5736,229.4,0.98,1,-0.116,0.334,0.078,0.051,0.015,0.0,0.0,0.0,0.0,0.0,1.99,0.0,0.0,0.37,0.15,0.0,0.93,0.01,0.16,0.14,0.43,0.75,0.0,0.0,0.0,0.0,0.0,1.0,0.0,0.0,0.0,1.0,0.0,1.0,0.0,1.0,0.0,0.0,0.0,1.0,0.20367734676164573,19.20416621465253,19.70101520226806
5737,229.44,0.98,1,-0.11,0.331,0.078,0.046,0.019,0.0,0.0,0.0,0.0,0.0,1.97,0.0,0.0,0.4,0.12,0.0,0.95,0.01,0.21,0.19,0.46,0.41,0.0,0.0,0.0,0.0,0.0,1.0,0.0,0.0,0.0,1.0,0.0,1.0,0.0,1.0,0.0,0.0,0.0,0.0,0.19229511895114001,18.800265955565582,19.00421005987884
5738,229.48,0.98,1,-0.105,0.322,0.077,0.043,0.02,0.0,0.0,0.0,0.0,0.0,1.77,0.0,0.0,0.46,0.14,0.0,0.93,0.01,0.24,0.16,0.38,0.45,0.0,0.0,0.0,0.0,0.0,1.0,0.0,0.0,1.0,1.0,0.0,1.0,0.0,0.0,0.0,0.0,0.0,0.0,0.19739927383125003,19.501025614054253,19.50922858546693
5739,229.52,0.98,1,-0.106,0.32,0.08,0.044,0.022,0.0,0.0,0.0,0.0,0.0,1.68,0.0,0.0,0.5,0.05,0.0,0.91,0.0,0.24,0.17,0.39,0.41,0.0,0.0,0.0,0.0,0.0,1.0,0.0,0.0,1.0,1.0,0.0,1.0,0.0,0.0,0.0,0.0,0.0,0.0,0.2060725417020004,19.60229578391257,19.709134937891154
5740,229.56,0.98,1,-0.115,0.312,0.077,0.044,0.027,0.0,0.0,0.0,0.0,0.01,1.72,0.0,0.0,0.6,0.08,0.0,0.88,0.0,0.25,0.21,0.28,0.49,0.0,0.0,0.0,0.0,0.0,1.0,0.0,0.0,1.0,1.0,0.0,1.0,0.0,0.0,0.0,0.0,0.0,0.0,0.20906280093358515,19.801010075246115,19.91230775173997
5741,229.6,0.98,1,-0.117,0.306,0.078,0.043,0.032,0.0,0.0,0.0,0.0,0.01,1.76,0.0,0.0,0.68,0.07,0.0,1.01,0.02,0.3,0.24,0.27,0.28,0.0,0.0,0.0,0.0,0.0,1.0,0.0,0.0,1.0,1.0,0.0,1.0,0.0,0.0,0.0,0.0,0.0,0.0,0.21039457178462637,20.006249023742555,18.31747799234377
5742,229.64,0.98,1,-0.129,0.292,0.083,0.047,0.033,0.0,0.0,0.0,0.0,0.01,1.74,0.0,0.0,0.76,0.13,0.0,1.05,0.02,0.26,0.28,0.15,0.14,0.0,0.0,0.0,0.0,0.0,1.0,0.0,0.0,1.0,1.0,0.0,1.0,0.0,0.0,0.0,0.0,0.0,0.0,0.222467279091161,20.719555979798454,17.70706073858656
5743,229.68,0.98,1,-0.134,0.283,0.078,0.045,0.035,0.0,0.0,0.0,0.0,0.0,1.6,0.0,0.0,0.76,0.17,0.0,1.11,0.02,0.24,0.22,0.15,0.0,0.0,0.0,0.0,0.0,0.0,1.0,0.0,0.0,1.0,1.0,0.0,1.0,0.0,0.0,0.0,0.0,0.0,0.0,0.2233313170410834,22.23803048833242,18.113530854032987
5744,229.72,0.98,1,-0.132,0.282,0.079,0.047,0.036,0.0,0.0,0.0,0.0,0.0,1.73,0.0,0.0,0.77,0.19,0.0,1.12,0.0,0.19,0.16,0.07,0.0,0.0,0.0,0.0,0.0,0.0,1.0,0.0,0.0,1.0,1.0,0.0,1.0,0.0,0.0,0.0,0.0,0.0,0.0,0.22561511074319957,22.842942017174536,18.027756377319946
5745,229.76,0.98,1,-0.129,0.291,0.081,0.05,0.036,0.0,0.0,0.0,0.0,0.02,1.89,0.0,0.0,0.8,0.23,0.0,1.1,0.02,0.24,0.15,0.14,0.0,0.0,0.0,0.0,0.0,0.0,1.0,0.0,0.0,1.0,1.0,0.0,1.0,0.0,0.0,0.0,0.0,0.0,0.0,0.22448659843187443,22.75631780407371,18.233211456021714
5746,229.8,0.98,1,-0.124,0.302,0.086,0.055,0.037,0.0,0.0,0.0,0.0,0.02,2.09,0.0,0.0,0.86,0.27,0.0,1.06,0.05,0.22,0.15,0.11,0.0,0.0,0.0,0.0,0.0,0.0,1.0,0.0,0.0,1.0,1.0,0.0,1.0,0.0,0.0,0.0,0.0,0.0,0.0,0.21469921295018335,22.54994456755936,20.030227157973023
5747,229.84,0.98,1,-0.125,0.304,0.09,0.055,0.035,0.0,0.0,0.0,0.0,0.02,2.08,0.0,0.0,0.86,0.41,0.0,1.06,0.07,0.23,0.16,0.16,0.0,0.0,0.0,0.0,0.0,0.0,1.0,0.0,0.0,1.0,1.0,0.0,1.0,0.0,0.0,0.0,0.0,0.0,0.0,0.2218330280864776,21.745114393812738,19.84943324127916
5748,229.88,0.98,1,-0.132,0.294,0.08,0.053,0.038,0.0,0.0,0.0,0.0,0.0,1.89,0.0,0.0,0.85,0.37,0.0,1.04,0.05,0.19,0.13,0.15,0.0,0.0,0.0,0.0,0.0,0.0,1.0,0.0,0.0,1.0,1.0,0.0,1.0,0.0,0.0,0.0,0.0,0.0,0.0,0.22594651907437946,21.84490787346099,19.94918544703025
5749,229.92,0.98,1,-0.126,0.285,0.08,0.051,0.037,0.0,0.0,0.0,0.0,0.0,1.74,0.0,0.0,0.78,0.35,0.0,1.02,0.07,0.2,0.18,0.24,0.0,0.0,0.0,0.0,0.0,0.0,1.0,0.0,0.0,1.0,1.0,0.0,1.0,0.0,0.0,0.0,0.0,0.0,0.0,0.23077131166043308,21.639085008382537,19.949185447030025
5750,229.96,0.98,1,-0.128,0.265,0.069,0.052,0.04,0.0,0.0,0.0,0.0,0.0,1.75,0.0,0.0,0.79,0.21,0.02,0.99,0.05,0.24,0.26,0.25,0.0,0.0,0.0,0.0,0.0,0.0,1.0,0.0,0.0,1.0,1.0,0.0,1.0,0.0,0.0,0.0,0.0,0.0,0.0,0.24029636889574182,22.926403991904046,19.83633030578003
5751,230.0,0.98,1,-0.13,0.257,0.066,0.051,0.041,0.0,0.0,0.0,0.0,0.0,1.75,0.0,0.0,0.77,0.18,0.02,1.04,0.05,0.28,0.24,0.23,0.0,0.0,0.0,0.0,0.0,0.0,0.0,0.0,0.0,1.0,1.0,0.0,1.0,0.0,0.0,0.0,0.0,0.0,0.0,0.24314044491582656,23.813441582434248,20.419843290290054
5752,230.04,0.98,1,-0.127,0.254,0.065,0.051,0.039,0.0,0.0,0.0,0.0,0.0,1.73,0.0,0.0,0.75,0.15,0.1,1.06,0.0,0.25,0.25,0.33,0.0,0.0,0.0,0.0,0.0,0.0,0.0,0.0,0.0,1.0,1.0,0.0,1.0,0.0,0.0,0.0,0.0,0.0,0.0,0.24330331587837356,23.61715478206458,20.215835377248247
5753,230.08,0.98,1,-0.122,0.27,0.07,0.048,0.036,0.0,0.0,0.0,0.0,0.0,1.51,0.0,0.0,0.56,0.15,0.16,1.14,0.0,0.24,0.12,0.57,0.0,0.0,0.0,0.0,0.0,0.0,0.0,0.0,0.0,1.0,1.0,0.0,1.0,0.0,1.0,0.0,0.0,0.0,0.0,0.239625637800368,23.521266972678152,20.519746587129188
5754,230.12,0.98,1,-0.141,0.299,0.087,0.05,0.029,0.0,0.0,0.0,0.0,0.0,1.51,0.0,0.0,0.34,0.15,0.36,1.18,0.0,0.28,0.1,0.88,0.0,0.0,0.0,0.0,0.0,0.0,0.0,0.0,0.0,0.0,1.0,0.0,1.0,0.0,0.0,0.0,1.0,0.0,0.0,0.2232043326464248,21.83872706913107,19.82044399099067
5755,230.16,0.98,1,-0.144,0.295,0.09,0.049,0.026,0.01,0.0,0.0,0.0,0.0,1.64,0.0,0.0,0.16,0.05,0.43,1.36,0.0,0.4,0.0,0.94,0.0,0.0,0.0,0.0,0.0,0.0,0.0,0.0,0.0,0.0,1.0,0.0,1.0,0.0,1.0,0.0,1.0,0.0,0.0,0.22807029275071222,22.032702966272662,20.008997975910738
5756,230.2,0.98,1,-0.143,0.293,0.098,0.046,0.025,0.01,0.0,0.0,0.0,0.0,1.56,0.0,0.0,0.08,0.03,0.65,1.52,0.0,0.5,0.0,0.86,0.0,0.0,0.0,0.0,0.0,0.0,0.0,0.0,0.0,0.0,1.0,0.0,1.0,0.0,0.0,0.0,1.0,0.0,0.0,0.23553169905326715,23.021728866442675,20.719555979798454
5757,230.24,0.98,1,-0.136,0.288,0.098,0.044,0.028,0.01,0.0,0.0,0.0,0.0,1.49,0.0,0.0,0.03,0.0,0.75,1.68,0.0,0.53,0.0,0.83,0.0,0.0,0.0,0.0,0.0,0.0,0.0,0.0,0.0,0.0,1.0,1.0,1.0,0.0,0.0,0.0,1.0,0.0,0.0,0.24130470070844434,23.317375495539984,19.509228585466932
5758,230.28,0.98,1,-0.136,0.266,0.09,0.038,0.031,0.03,0.0,0.0,0.0,0.0,1.26,0.0,0.0,0.04,0.04,0.78,1.76,0.0,0.52,0.0,0.9,0.0,0.0,0.0,0.0,0.0,0.0,0.0,0.0,0.0,0.0,1.0,1.0,1.0,0.0,0.0,1.0,1.0,0.0,0.0,0.2572237361141465,23.41046774415249,19.312690128513903
5759,230.32,0.98,1,-0.125,0.255,0.081,0.036,0.036,0.05,0.0,0.0,0.02,0.0,1.21,0.0,0.0,0.18,0.15,0.72,1.86,0.17,0.46,0.0,1.06,0.0,0.0,0.0,0.0,0.0,0.0,0.0,0.0,0.0,0.0,1.0,1.0,1.0,0.0,0.0,1.0,1.0,0.0,0.0,0.2596304219303709,23.62117693934821,19.11282292075131
5760,230.36,0.98,1,-0.122,0.26,0.087,0.037,0.033,0.05,0.0,0.0,0.13,0.08,1.31,0.0,0.0,0.46,0.37,0.66,2.08,0.45,0.36,0.0,1.2,0.0,0.0,0.0,0.0,0.0,0.0,0.0,0.0,0.0,0.0,1.0,1.0,1.0,0.0,0.0,1.0,1.0,0.0,0.0,0.2591734149119346,23.930106560565175,19.82044399099067
5761,230.4,0.98,1,-0.116,0.252,0.078,0.038,0.034,0.02,0.0,0.0,0.13,0.18,1.45,0.0,0.0,0.8,0.59,0.65,2.29,0.81,0.26,0.0,1.26,0.0,0.0,0.0,0.0,0.0,0.0,0.0,0.0,0.0,1.0,1.0,1.0,1.0,0.0,0.0,1.0,1.0,0.0,0.0,0.26193961256076226,24.229733799610806,20.529490982486635
5762,230.44,0.98,1,-0.113,0.254,0.081,0.039,0.035,0.01,0.0,0.0,0.12,0.3,1.74,0.0,0.0,1.04,0.84,0.55,2.48,0.99,0.34,0.0,1.26,0.0,0.0,0.0,0.0,0.0,0.0,0.0,0.0,0.0,1.0,1.0,1.0,1.0,1.0,0.0,0.0,0.0,0.0,0.0,0.2673966567204916,24.113274352522005,20.441379601191166
5763,230.48,0.98,1,-0.109,0.262,0.086,0.041,0.034,0.02,0.0,0.0,0.0,0.32,1.87,0.0,0.0,1.21,0.95,0.46,2.62,0.98,0.51,0.0,1.11,0.0,0.0,0.0,0.0,0.0,0.0,0.0,0.0,0.0,1.0,1.0,1.0,1.0,1.0,0.0,0.0,0.0,0.0,0.0,0.25924363016884094,24.11016383187795,22.065584062063714
5764,230.52,0.98,1,-0.105,0.241,0.083,0.044,0.033,0.02,0.0,0.0,0.0,0.34,1.91,0.0,0.0,1.27,1.05,0.41,2.71,0.96,0.68,0.0,1.01,0.0,0.0,0.0,0.0,0.0,0.0,0.0,0.0,0.0,1.0,1.0,1.0,1.0,1.0,0.0,0.0,0.0,0.0,0.0,0.2741443898640358,24.405122413132727,21.96588263648888
5765,230.56,0.98,1,-0.102,0.245,0.083,0.044,0.032,0.09,0.0,0.0,0.0,0.33,1.78,0.0,0.0,1.32,1.08,0.46,2.82,0.97,0.66,0.0,0.91,0.0,0.0,0.0,0.0,0.0,0.0,0.0,0.0,0.0,1.0,1.0,1.0,1.0,1.0,0.0,0.0,0.0,0.0,0.0,0.27888747827170957,23.900209204105398,23.19525813609316
5766,230.6,0.98,1,-0.1,0.256,0.088,0.043,0.034,0.18,0.0,0.0,0.0,0.3,1.59,0.0,0.0,1.3,1.2,0.51,2.75,1.07,0.54,0.0,0.98,0.0,0.0,0.0,0.0,0.0,0.0,0.0,0.0,0.0,1.0,1.0,1.0,1.0,1.0,0.0,0.0,0.0,0.0,0.0,0.2874591933804981,22.90545786488438,23.50319127267601
5767,230.64,0.98,1,-0.093,0.25,0.095,0.044,0.032,0.19,0.0,0.0,0.0,0.19,1.39,0.0,0.0,1.25,1.26,0.61,2.72,1.07,0.5,0.0,0.98,0.0,0.0,0.0,0.0,0.0,0.0,1.0,0.0,0.0,1.0,1.0,1.0,1.0,1.0,0.0,0.0,0.0,0.0,0.0,0.2905680972436945,22.603539545832106,23.005434140654767
5768,230.68,0.98,1,-0.097,0.257,0.094,0.039,0.035,0.11,0.0,0.0,0.0,0.13,1.59,0.0,0.0,1.2,1.19,0.62,2.37,0.89,0.41,0.0,1.02,0.0,0.0,0.0,0.0,0.0,0.0,1.0,0.0,0.0,1.0,1.0,1.0,1.0,1.0,0.0,0.0,0.0,0.0,0.0,0.28866247068320394,22.703523955544693,23.09567058996123
5769,230.72,0.98,1,-0.089,0.261,0.092,0.024,0.036,0.08,0.0,0.0,0.0,0.1,1.71,0.0,0.03,1.08,0.87,0.55,1.99,0.57,0.34,0.0,1.08,0.0,0.0,0.0,0.0,0.0,0.0,1.0,0.0,0.0,1.0,1.0,1.0,1.0,0.0,0.0,0.0,1.0,0.0,0.0,0.28213830082177355,23.30085835328814,22.87094226305506
5770,230.76,0.98,1,-0.09,0.295,0.108,0.03,0.033,0.07,0.0,0.0,0.0,0.17,2.09,0.0,0.14,1.0,0.53,0.45,1.51,0.23,0.15,0.26,1.32,0.0,0.0,0.0,0.0,0.0,0.0,1.0,0.0,0.0,1.0,1.0,1.0,1.0,0.0,0.0,0.0,1.0,0.0,0.0,0.24238799319040977,23.59999999999991,23.547823678633232
5771,230.8,0.98,1,-0.1,0.311,0.109,0.015,0.037,0.38,0.07,0.0,0.0,0.12,1.97,0.0,0.22,0.91,0.36,0.4,1.33,0.07,0.06,0.34,1.48,0.53,0.0,0.0,0.0,0.0,0.0,1.0,0.0,0.0,1.0,1.0,1.0,1.0,0.0,0.0,0.0,1.0,0.0,0.0,0.24670983882606204,20.908610666421712,20.535091916034858
5772,230.84,0.98,1,-0.03,0.438,0.097,0.01,0.038,0.62,0.07,0.0,0.0,0.08,1.83,0.0,0.22,0.94,0.46,0.45,1.41,0.21,0.0,0.34,1.39,1.03,0.0,0.0,0.0,0.0,0.0,1.0,0.0,0.0,1.0,1.0,1.0,1.0,0.0,0.0,0.0,1.0,0.0,1.0,0.17276013617487776,18.346116755324495,20.806008747475033
5773,230.88,0.98,1,-0.05,0.467,0.106,0.001,0.041,0.89,0.07,0.0,0.0,0.0,1.61,0.0,0.11,0.94,0.61,0.5,1.7,0.3,0.13,0.08,1.0,1.49,0.0,0.0,0.0,0.0,0.0,1.0,0.0,0.0,1.0,1.0,1.0,1.0,0.0,0.0,0.0,1.0,0.0,1.0,0.1643055754003933,16.81814496310448,19.90226117806727
5774,230.92,0.98,1,-0.057,0.435,0.084,0.008,0.04,0.73,0.0,0.0,0.0,0.0,1.69,0.0,0.04,0.96,0.69,0.56,1.82,0.41,0.32,0.0,0.68,1.16,0.0,0.0,0.0,0.0,0.0,1.0,0.0,0.0,1.0,1.0,1.0,1.0,0.0,0.0,0.0,0.0,0.0,1.0,0.16625056606333144,17.801685313475282,21.902054698132638
5775,230.96,0.98,1,-0.072,0.366,0.09,0.01,0.04,0.48,0.0,0.0,0.0,0.13,2.04,0.0,0.09,1.01,0.74,0.52,1.82,0.3,0.32,0.0,0.48,0.75,0.0,0.0,0.0,0.0,0.0,1.0,0.0,0.0,1.0,1.0,1.0,1.0,0.0,0.0,0.0,0.0,0.0,1.0,0.18231213919596057,18.967603960437252,20.015993605114883
5776,231.0,0.98,1,-0.052,0.365,0.095,0.019,0.039,0.23,0.0,0.0,0.0,0.29,2.41,0.08,0.33,1.08,0.87,0.51,1.5,0.21,0.19,0.04,0.53,0.33,0.0,0.0,0.0,0.0,1.0,1.0,0.0,0.0,1.0,1.0,1.0,1.0,0.0,0.0,0.0,0.0,0.0,1.0,0.18289961851625505,16.86683135624467,18.227451824102932
5777,231.04,0.98,1,-0.068,0.35,0.085,0.032,0.04,0.17,0.0,0.0,0.0,0.48,2.7,0.18,0.67,1.25,1.0,0.32,1.15,0.07,0.0,0.63,0.73,0.13,0.0,0.0,0.0,0.0,1.0,1.0,0.0,0.0,1.0,1.0,1.0,1.0,0.0,0.0,1.0,0.0,0.0,1.0,0.15153989071247137,17.847408775505713,19.01289036417136
5778,231.08,0.98,1,-0.068,0.337,0.093,0.044,0.041,0.24,0.0,0.0,0.0,0.58,2.83,0.28,0.88,1.41,1.05,0.18,0.65,0.0,0.0,1.42,1.05,0.03,0.0,0.0,0.0,0.0,1.0,1.0,0.0,1.0,1.0,1.0,0.0,1.0,0.0,0.0,1.0,1.0,0.0,1.0,0.16495915547064804,18.638669480410794,19.10104709171716
5779,231.12,0.98,1,-0.082,0.329,0.107,0.05,0.041,0.31,0.0,0.0,0.05,0.66,2.93,0.2,0.9,1.67,1.0,0.02,0.33,0.0,0.0,2.16,1.34,0.0,0.0,0.0,0.0,0.0,1.0,1.0,0.0,1.0,1.0,1.0,0.0,0.0,0.0,0.0,1.0,1.0,0.0,1.0,0.17223218440975485,19.14418971907679,19.41262475813085
5780,231.16,0.98,1,-0.093,0.321,0.107,0.052,0.043,0.31,0.15,0.0,0.05,0.78,2.99,0.11,0.86,1.87,0.96,0.0,0.19,0.0,0.0,2.39,1.43,0.0,0.0,0.0,0.0,0.0,1.0,1.0,0.0,1.0,1.0,1.0,0.0,0.0,0.0,0.0,1.0,1.0,0.0,0.0,0.18041097816426738,20.578872661057016,19.231484602078996
5781,231.2,0.98,1,-0.099,0.319,0.107,0.046,0.047,0.33,0.32,0.0,0.08,0.8,2.86,0.01,0.84,1.98,0.98,0.0,0.22,0.02,0.0,2.31,1.36,0.0,0.0,0.0,0.0,0.0,1.0,1.0,0.0,1.0,1.0,1.0,0.0,0.0,0.0,0.0,1.0,1.0,0.0,0.0,0.18407000419643454,20.271408436514754,18.62686232299999
5782,231.24,0.98,1,-0.097,0.322,0.108,0.043,0.045,0.26,0.38,0.0,0.03,0.78,2.8,0.0,0.85,1.98,1.05,0.0,0.3,0.07,0.0,2.19,1.4,0.0,0.0,0.0,0.0,0.0,1.0,1.0,0.0,1.0,1.0,1.0,0.0,0.0,0.0,0.0,1.0,1.0,0.0,0.0,0.1828712439719648,21.4457454988164,19.51640335717624
5783,231.28,0.98,1,-0.098,0.341,0.109,0.042,0.045,0.17,0.24,0.0,0.03,0.66,2.66,0.0,0.7,1.85,1.01,0.0,0.47,0.2,0.0,1.83,1.47,0.0,0.0,0.0,0.0,0.0,1.0,1.0,0.0,1.0,1.0,1.0,0.0,0.0,0.0,0.0,1.0,1.0,0.0,0.0,0.18364569145929593,20.953758612716808,19.42086506827115
5784,231.32,0.98,1,-0.098,0.333,0.104,0.038,0.041,0.02,0.07,0.0,0.0,0.54,2.74,0.0,0.52,1.75,1.05,0.0,0.79,0.41,0.0,1.28,1.35,0.0,0.0,0.0,0.0,0.0,1.0,1.0,0.0,0.0,1.0,1.0,0.0,1.0,0.0,0.0,1.0,1.0,0.0,0.0,0.1942341935125139,20.829066229670453,20.31575743111731
5785,231.36,0.98,1,-0.098,0.337,0.098,0.035,0.038,0.0,0.01,0.0,0.0,0.41,2.56,0.0,0.28,1.6,0.98,0.0,1.05,0.59,0.1,0.65,1.06,0.0,0.0,0.0,0.0,0.0,1.0,1.0,0.0,0.0,1.0,1.0,0.0,1.0,0.0,0.0,1.0,0.0,0.0,0.0,0.19721240312438462,20.824024587000423,20.908610666421712
5786,231.4,0.98,1,-0.083,0.329,0.093,0.038,0.033,0.0,0.0,0.0,0.02,0.35,2.5,0.0,0.13,1.55,0.95,0.0,1.23,0.72,0.16,0.22,0.62,0.0,0.0,0.0,0.0,0.0,1.0,1.0,0.0,0.0,1.0,1.0,0.0,1.0,0.0,0.0,0.0,0.0,0.0,0.0,0.20105430495837676,21.134095674998868,21.002142747824568
5787,231.44,0.98,1,-0.093,0.339,0.093,0.04,0.029,0.0,0.0,0.0,0.03,0.36,2.25,0.0,0.11,1.49,0.87,0.0,1.22,0.68,0.24,0.1,0.49,0.0,0.0,0.0,0.0,0.0,1.0,1.0,0.0,0.0,1.0,1.0,0.0,1.0,0.0,0.0,0.0,0.0,0.0,0.0,0.19528744164284578,21.618741869035905,21.103791128609952
5788,231.48,0.98,1,-0.098,0.336,0.091,0.04,0.028,0.0,0.0,0.0,0.03,0.4,2.18,0.0,0.22,1.52,0.8,0.0,1.16,0.66,0.25,0.12,0.36,0.0,0.0,0.0,0.0,0.0,1.0,1.0,0.0,0.0,1.0,1.0,0.0,1.0,0.0,0.0,0.0,0.0,0.0,0.0,0.19944696643977702,21.611339616044305,22.10203610530048
5789,231.52,0.98,1,-0.085,0.33,0.084,0.04,0.029,0.0,0.0,0.0,0.01,0.39,2.05,0.0,0.33,1.55,0.79,0.0,1.11,0.51,0.33,0.16,0.38,0.0,0.0,0.0,0.0,0.0,1.0,1.0,0.0,0.0,1.0,1.0,0.0,1.0,0.0,0.0,0.0,0.0,0.0,0.0,0.19612880527198273,21.514878572745882,21.7036863228347
5790,231.56,0.98,1,-0.084,0.331,0.079,0.038,0.028,0.0,0.0,0.0,0.0,0.36,2.15,0.0,0.39,1.59,0.75,0.0,1.05,0.43,0.39,0.18,0.35,0.0,0.0,0.0,0.0,0.0,1.0,1.0,0.0,0.0,1.0,1.0,0.0,1.0,0.0,0.0,0.0,0.0,0.0,0.0,0.19206468589342324,21.618741869035677,21.402102700435858
5791,231.6,0.98,1,-0.077,0.318,0.085,0.034,0.024,0.0,0.0,0.0,0.0,0.33,2.1,0.0,0.34,1.63,0.79,0.0,1.07,0.33,0.4,0.16,0.35,0.0,0.0,0.0,0.0,0.0,1.0,1.0,0.0,0.0,1.0,1.0,0.0,1.0,0.0,0.0,0.0,0.0,0.0,0.0,0.19156029722612516,22.607963198837616,20.80384579831353
5792,231.64,0.98,1,-0.062,0.299,0.08,0.031,0.021,0.0,0.0,0.0,0.0,0.35,2.17,0.0,0.34,1.65,0.76,0.0,1.01,0.31,0.35,0.14,0.32,0.0,0.0,0.0,0.0,0.0,1.0,1.0,0.0,0.0,1.0,1.0,0.0,1.0,0.0,0.0,0.0,0.0,0.0,0.0,0.20899303211023762,23.317375495539753,20.403921191771047
5793,231.68,0.98,1,-0.067,0.281,0.075,0.03,0.014,0.0,0.0,0.0,0.0,0.4,2.03,0.0,0.31,1.66,0.74,0.0,1.01,0.26,0.3,0.1,0.22,0.0,0.0,0.0,0.0,0.0,1.0,1.0,0.0,0.0,1.0,1.0,0.0,1.0,0.0,0.0,0.0,0.0,0.0,0.0,0.2158957641995069,23.110603626906755,20.600970850908855
5794,231.72,0.98,1,-0.059,0.298,0.074,0.029,0.006,0.0,0.0,0.0,0.0,0.46,2.03,0.0,0.36,1.67,0.76,0.0,1.04,0.24,0.24,0.13,0.15,0.0,0.0,0.0,0.0,0.0,1.0,1.0,0.0,0.0,1.0,1.0,0.0,1.0,0.0,0.0,0.0,0.0,0.0,0.0,0.20044587049728801,23.410467744152264,21.000238093888363
5795,231.76,0.98,1,-0.057,0.306,0.068,0.026,0.004,0.0,0.02,0.0,0.0,0.48,1.87,0.0,0.46,1.72,0.77,0.0,1.06,0.21,0.21,0.12,0.14,0.0,0.0,0.0,0.0,0.0,1.0,1.0,0.0,0.0,1.0,1.0,0.0,1.0,0.0,0.0,0.0,0.0,0.0,0.0,0.1916467176632049,22.901964981197665,20.60024271701662
5796,231.8,0.98,1,-0.051,0.3,0.064,0.024,0.005,0.0,0.12,0.0,0.0,0.46,1.97,0.0,0.54,1.72,0.77,0.0,1.01,0.17,0.19,0.18,0.24,0.0,0.0,0.0,0.0,0.0,1.0,1.0,0.0,0.0,1.0,1.0,0.0,1.0,0.0,0.0,0.0,0.0,0.0,0.0,0.1924442402159312,22.60022123785508,20.900239233080654
5797,231.84,0.98,1,-0.053,0.294,0.063,0.024,0.006,0.0,0.2,0.0,0.0,0.47,2.18,0.0,0.58,1.7,0.63,0.0,0.87,0.09,0.22,0.21,0.24,0.0,0.0,0.0,0.0,0.0,1.0,1.0,0.0,0.0,1.0,1.0,0.0,1.0,0.0,0.0,0.0,0.0,0.0,0.0,0.19419611683119176,22.60022123785508,21.70092163941435
5798,231.88,0.98,1,-0.051,0.293,0.059,0.023,0.007,0.0,0.26,0.0,0.0,0.54,2.54,0.0,0.51,1.68,0.54,0.0,0.82,0.02,0.2,0.26,0.17,0.0,0.0,0.0,0.0,0.0,1.0,1.0,0.0,0.0,1.0,1.0,0.0,1.0,0.0,0.0,0.0,0.0,0.0,0.0,0.1902052116457203,22.30089684295226,21.00095235935742
5799,231.92,0.98,1,-0.047,0.294,0.062,0.021,0.007,0.0,0.24,0.0,0.0,0.6,2.79,0.0,0.57,1.71,0.51,0.0,0.81,0.08,0.17,0.25,0.05,0.0,0.0,0.0,0.0,0.0,1.0,1.0,0.0,0.0,1.0,1.0,0.0,1.0,0.0,0.0,0.0,0.0,0.0,0.0,0.19296675380331235,22.30089684295226,21.70092163941435
5800,231.96,0.98,1,-0.043,0.299,0.064,0.019,0.005,0.0,0.16,0.0,0.0,0.62,2.84,0.0,0.59,1.74,0.47,0.0,0.82,0.12,0.09,0.25,0.0,0.0,0.0,0.0,0.0,0.0,1.0,1.0,0.0,0.0,1.0,1.0,0.0,1.0,0.0,0.0,0.0,0.0,0.0,0.0,0.19497926018586903,22.300224214119417,21.400934559032788
5801,232.0,0.98,1,-0.045,0.295,0.057,0.012,0.004,0.0,0.08,0.0,0.0,0.62,2.79,0.0,0.63,1.73,0.41,0.0,0.79,0.12,0.07,0.22,0.0,0.0,0.0,0.0,0.0,0.0,1.0,1.0,0.0,0.0,1.0,1.0,0.0,1.0,0.0,0.0,0.0,0.0,0.0,0.0,0.19433544553327597,22.80087717610877,22.40000000000009
5802,232.04,0.98,1,-0.039,0.292,0.055,0.009,-0.0,0.0,0.0,0.0,0.0,0.59,2.71,0.0,0.63,1.71,0.32,0.0,0.82,0.04,0.05,0.23,0.0,0.0,0.0,0.0,0.0,0.0,1.0,1.0,0.0,0.0,1.0,1.0,0.0,1.0,0.0,0.0,0.0,0.0,0.0,0.0,0.19931326472515315,22.801973598791793,22.100226243185976
5803,232.08,0.98,1,-0.033,0.288,0.053,0.006,-0.003,0.0,0.0,0.0,0.0,0.58,2.77,0.0,0.64,1.72,0.31,0.0,0.89,0.08,0.07,0.33,0.06,0.0,0.0,0.0,0.0,0.0,1.0,1.0,0.0,0.0,1.0,1.0,0.0,1.0,0.0,0.0,0.0,0.0,0.0,0.0,0.19837733127243629,22.901964981197665,22.400892839348924
5804,232.12,0.98,1,-0.032,0.291,0.052,0.005,-0.005,0.0,0.0,0.0,0.0,0.53,2.81,0.0,0.56,1.71,0.33,0.0,0.92,0.14,0.08,0.39,0.06,0.0,0.0,0.0,0.0,0.0,1.0,1.0,0.0,0.0,1.0,1.0,0.0,1.0,0.0,0.0,0.0,0.0,0.0,0.0,0.19756824577098653,23.005434140654682,22.003636063160105
5805,232.16,0.98,1,-0.027,0.291,0.05,0.005,-0.006,0.0,0.0,0.0,0.0,0.55,2.64,0.0,0.5,1.66,0.28,0.0,0.9,0.19,0.08,0.45,0.1,0.0,0.0,0.0,0.0,0.0,1.0,1.0,0.0,0.0,1.0,1.0,0.0,1.0,0.0,0.0,0.0,0.0,0.0,0.0,0.19624986689259216,22.703523955544696,21.90205469813287
5806,232.2,0.98,1,-0.03,0.289,0.046,0.003,-0.003,0.0,0.03,0.0,0.0,0.49,2.45,0.0,0.43,1.6,0.24,0.0,0.85,0.2,0.06,0.46,0.17,0.0,0.0,0.0,0.0,0.0,1.0,1.0,0.0,0.0,1.0,1.0,0.0,1.0,0.0,0.0,0.0,0.0,0.0,0.0,0.19242643340293414,22.800000000000182,21.899999999999864
5807,232.24,0.98,1,-0.028,0.288,0.046,0.001,-0.004,0.0,0.08,0.0,0.0,0.43,2.29,0.0,0.52,1.55,0.16,0.0,0.77,0.26,0.03,0.51,0.26,0.0,0.0,0.0,0.0,0.0,1.0,1.0,0.0,0.0,1.0,1.0,0.0,1.0,0.0,0.0,0.0,0.0,0.0,0.0,0.1930703789651681,22.70022026324837,22.103619613085908
5808,232.28,0.98,1,-0.026,0.285,0.047,-0.0,-0.004,0.01,0.14,0.0,0.0,0.39,2.38,0.0,0.51,1.6,0.26,0.0,0.71,0.37,0.03,0.54,0.32,0.0,0.0,0.0,0.0,0.0,1.0,1.0,0.0,0.0,1.0,1.0,0.0,1.0,0.0,0.0,0.0,0.0,0.0,0.0,0.1919954383567714,22.40089283934915,21.903652663425888
5809,232.32,0.98,1,-0.027,0.288,0.047,-0.002,-0.002,0.01,0.11,0.0,0.0,0.38,2.35,0.0,0.44,1.64,0.27,0.0,0.73,0.42,0.07,0.56,0.21,0.0,0.0,0.0,0.0,0.0,1.0,1.0,0.0,0.0,1.0,1.0,0.0,1.0,0.0,0.0,0.0,0.0,0.0,0.0,0.18779654287739755,22.103619613085908,21.400233643584453
5810,232.36,0.98,1,-0.027,0.285,0.049,-0.002,0.001,0.01,0.06,0.0,0.0,0.43,2.35,0.04,0.34,1.67,0.36,0.0,0.81,0.36,0.07,0.62,0.19,0.1,0.0,0.0,0.0,0.0,1.0,1.0,0.0,0.0,1.0,1.0,0.0,1.0,0.0,0.0,0.0,0.0,0.0,0.0,0.1900466092245268,21.40840956259955,21.200235847744757
5811,232.4,0.98,1,-0.024,0.298,0.047,-0.005,0.002,0.08,0.0,0.0,0.0,0.36,1.71,0.04,0.34,1.69,0.38,0.0,0.91,0.38,0.05,0.66,0.09,0.81,0.0,0.0,0.0,0.0,1.0,1.0,0.0,0.0,1.0,1.0,0.0,1.0,0.0,0.0,0.0,0.0,0.0,0.0,0.16867449412108776,20.524375751773793,20.60218435020899
5812,232.44,0.98,1,0.011,0.393,0.033,-0.02,0.008,0.35,0.06,0.0,0.0,0.26,1.21,0.04,0.53,1.69,0.57,0.0,0.82,0.62,0.0,0.7,0.07,1.7,0.0,0.0,0.0,0.0,1.0,1.0,0.0,0.0,1.0,1.0,0.0,1.0,0.0,0.0,0.0,0.0,0.0,1.0,0.16528117678767684,16.676930173146285,19.54328529188478
5813,232.48,0.98,1,-0.03,0.422,0.042,-0.003,-0.012,0.43,0.06,0.0,0.0,0.18,0.95,0.0,0.55,1.61,0.67,0.0,0.9,0.62,0.0,0.65,0.05,2.08,0.0,0.0,0.0,0.0,1.0,1.0,0.0,0.0,1.0,1.0,0.0,1.0,0.0,0.0,0.0,0.0,0.0,1.0,0.1561789714385368,16.06549096666502,19.872845795205023
5814,232.52,0.98,1,-0.023,0.365,0.022,-0.005,0.006,0.38,0.06,0.0,0.0,0.17,1.58,0.0,0.53,1.53,0.65,0.0,0.98,0.51,0.0,0.59,0.11,1.72,0.0,0.0,0.0,0.0,1.0,1.0,0.0,0.0,1.0,1.0,0.0,1.0,0.0,0.0,0.0,0.0,0.0,1.0,0.15812971298066214,18.0897761180176,19.930378822290443
5815,232.56,0.98,1,-0.043,0.339,0.03,-0.01,0.007,0.11,0.0,0.0,0.0,0.21,2.13,0.01,0.33,1.41,0.49,0.0,1.22,0.15,0.0,0.42,0.13,1.17,0.0,0.0,0.0,0.0,1.0,1.0,0.0,0.0,1.0,1.0,0.0,1.0,0.0,0.0,0.0,0.0,0.0,1.0,0.17108691768210982,16.736188335460422,20.53509191603485
5816,232.6,0.98,1,-0.011,0.338,0.03,-0.016,0.007,0.12,0.04,0.0,0.0,0.23,2.51,0.01,0.32,1.41,0.43,0.0,1.2,0.08,0.0,0.34,0.13,0.81,0.0,0.0,0.0,0.0,1.0,1.0,0.0,0.0,1.0,1.0,0.0,1.0,0.0,0.0,0.0,0.0,0.0,1.0,0.15297933275014608,16.004999218994044,18.133394607739522
5817,232.64,0.98,1,-0.013,0.314,0.025,-0.006,-0.012,0.08,0.04,0.0,0.0,0.2,2.49,0.04,0.3,1.34,0.37,0.0,1.12,0.1,0.0,0.28,0.08,0.6,0.0,0.0,0.0,0.0,1.0,1.0,0.0,0.0,1.0,1.0,0.0,1.0,0.0,0.0,0.0,0.0,0.0,1.0,0.16495892211821134,16.115210206510007,17.718069872308376
5818,232.68,0.98,1,-0.015,0.31,0.03,-0.015,-0.0,0.13,0.05,0.0,0.0,0.25,2.56,0.04,0.43,1.37,0.46,0.0,0.97,0.22,0.0,0.29,0.08,0.47,0.0,0.0,0.0,0.0,1.0,1.0,0.0,0.0,1.0,1.0,0.0,1.0,0.0,0.0,0.0,0.0,0.0,1.0,0.1622456532740611,17.004705231199985,18.617196351760292
5819,232.72,0.98,1,-0.011,0.294,0.022,-0.01,-0.016,0.05,0.01,0.0,0.0,0.23,2.33,0.04,0.41,1.32,0.38,0.0,0.98,0.24,0.03,0.3,0.12,0.54,0.0,0.0,0.0,0.0,1.0,1.0,0.0,0.0,1.0,1.0,0.0,1.0,0.0,0.0,0.0,0.0,0.0,1.0,0.16484023659056973,17.604544867732447,19.50640920313116
5820,232.76,0.98,1,-0.0,0.289,0.021,-0.016,-0.002,0.06,0.01,0.0,0.0,0.3,2.4,0.02,0.37,1.32,0.39,0.0,0.92,0.22,0.03,0.29,0.11,0.42,0.0,0.0,0.0,0.0,1.0,1.0,0.0,0.0,1.0,1.0,0.0,1.0,0.0,0.0,0.0,0.0,0.0,0.0,0.16437405834113428,18.517289218457435,20.403921191771047
5821,232.8,0.98,1,-0.007,0.281,0.019,-0.008,-0.017,0.02,0.0,0.0,0.0,0.29,2.35,0.02,0.32,1.27,0.45,0.0,0.95,0.32,0.11,0.29,0.16,0.38,0.0,0.0,0.0,0.0,1.0,1.0,0.0,0.0,1.0,1.0,0.0,1.0,0.0,0.0,0.0,0.0,0.0,0.0,0.1656151401895382,18.609674903125125,20.903827400741804
5822,232.84,0.98,1,0.008,0.287,0.024,-0.017,-0.014,0.04,0.0,0.0,0.0,0.31,2.45,0.07,0.35,1.24,0.62,0.0,0.89,0.42,0.08,0.33,0.08,0.22,0.0,0.0,0.0,0.0,1.0,1.0,0.0,0.0,1.0,1.0,0.0,1.0,0.0,0.0,0.0,0.0,0.0,0.0,0.173285238512715,18.702406262296883,20.299999999999955
5823,232.88,0.98,1,-0.002,0.281,0.021,-0.004,-0.023,0.02,0.0,0.0,0.0,0.33,2.42,0.05,0.48,1.23,0.72,0.0,1.11,0.61,0.22,0.25,0.07,0.35,0.0,0.0,0.0,0.0,1.0,1.0,0.0,0.0,1.0,1.0,0.0,1.0,0.0,0.0,0.0,0.0,0.0,0.0,0.17568206976357228,19.20234360696613,20.806008747474806
5824,232.92,0.98,1,-0.001,0.285,0.016,-0.017,-0.014,0.02,0.0,0.0,0.0,0.29,2.41,0.05,0.42,1.18,0.72,0.0,1.2,0.5,0.18,0.2,0.0,0.22,0.0,0.0,0.0,0.0,1.0,1.0,0.0,0.0,1.0,1.0,0.0,1.0,0.0,0.0,0.0,0.0,0.0,0.0,0.17335574336286444,19.40412327316036,21.10023696549415
5825,232.96,0.98,1,-0.005,0.272,0.006,-0.005,-0.021,0.0,0.0,0.0,0.0,0.3,2.42,0.05,0.4,1.19,0.64,0.0,1.32,0.39,0.18,0.11,0.0,0.18,0.0,0.0,0.0,0.0,1.0,1.0,0.0,0.0,1.0,1.0,0.0,1.0,0.0,0.0,0.0,0.0,0.0,0.0,0.17763432976849752,19.709134937891157,21.005951537600005
5826,233.0,0.98,1,-0.01,0.291,0.014,-0.011,-0.025,0.0,0.0,0.0,0.0,0.31,2.46,0.14,0.25,1.17,0.59,0.0,1.21,0.17,0.07,0.12,0.0,0.02,0.0,0.0,0.0,0.0,1.0,1.0,0.0,0.0,1.0,1.0,0.0,1.0,0.0,0.0,0.0,0.0,0.0,0.0,0.1850531519191404,19.512560057562922,19.916073910286723
5827,233.04,0.98,1,-0.009,0.292,0.018,-0.006,-0.022,0.0,0.0,0.0,0.0,0.32,2.46,0.2,0.33,1.2,0.53,0.0,1.04,0.1,0.1,0.19,0.0,0.0,0.0,0.0,0.0,0.0,1.0,1.0,0.0,0.0,1.0,1.0,0.0,1.0,0.0,0.0,0.0,0.0,0.0,0.0,0.18413269495375129,19.312690128513896,20.1121853611189
5828,233.08,0.98,1,-0.002,0.283,0.024,0.0,-0.031,0.0,0.0,0.0,0.0,0.3,2.45,0.2,0.36,1.21,0.6,0.0,0.91,0.15,0.16,0.16,0.0,0.02,0.0,0.0,0.0,0.0,1.0,1.0,0.0,0.0,1.0,1.0,0.0,1.0,0.0,0.0,0.0,0.0,0.0,0.0,0.18473722574973425,19.10942175995905,21.002142747824568
5829,233.12,0.98,1,0.007,0.281,0.013,-0.015,-0.007,0.0,0.0,0.0,0.0,0.25,2.29,0.12,0.34,1.19,0.74,0.0,0.67,0.28,0.19,0.28,0.0,0.02,0.0,0.0,0.0,0.0,1.0,1.0,0.0,0.0,1.0,1.0,0.0,1.0,0.0,0.0,0.0,0.0,0.0,0.0,0.17766972668728376,19.520758181996925,20.400245096566945
5830,233.16,0.98,1,0.011,0.281,0.024,-0.006,-0.022,0.0,0.0,0.0,0.0,0.31,2.3,0.07,0.31,1.23,0.84,0.0,0.6,0.27,0.15,0.22,0.0,0.02,0.0,0.0,0.0,0.0,1.0,1.0,0.0,0.0,1.0,1.0,0.0,1.0,0.0,0.0,0.0,0.0,0.0,0.0,0.18844076639962837,19.712432625122702,20.700241544484268
5831,233.2,0.98,1,0.009,0.29,0.021,-0.012,-0.023,0.0,0.0,0.0,0.0,0.34,2.34,0.05,0.34,1.31,0.84,0.0,0.43,0.19,0.1,0.22,0.0,0.0,0.0,0.0,0.0,0.0,1.0,1.0,0.0,0.0,1.0,1.0,0.0,1.0,0.0,0.0,0.0,0.0,0.0,0.0,0.18449192363227732,19.41648783894746,20.500243900988107
5832,233.24,0.98,1,0.013,0.284,0.025,-0.015,-0.026,0.0,0.0,0.0,0.0,0.34,2.41,0.04,0.43,1.41,0.76,0.0,0.49,0.02,0.06,0.15,0.0,0.0,0.0,0.0,0.0,0.0,1.0,1.0,0.0,0.0,1.0,1.0,0.0,0.0,0.0,0.0,0.0,0.0,0.0,0.0,0.19531531935481472,19.406442229321776,20.500243900988107
5833,233.28,0.98,1,0.018,0.29,0.03,-0.017,-0.027,0.0,0.0,0.0,0.0,0.3,2.44,0.04,0.41,1.42,0.65,0.0,0.46,0.0,0.05,0.19,0.0,0.0,0.0,0.0,0.0,0.0,1.0,1.0,0.0,0.0,1.0,1.0,0.0,0.0,0.0,0.0,0.0,0.0,0.0,0.0,0.1956679786843808,19.40412327316036,20.8002403832263
5834,233.32,0.98,1,0.013,0.267,0.015,-0.018,-0.023,0.0,0.0,0.0,0.0,0.26,2.34,0.0,0.4,1.37,0.55,0.0,0.45,0.0,0.09,0.27,0.0,0.0,0.0,0.0,0.0,0.0,1.0,1.0,0.0,0.0,1.0,1.0,0.0,0.0,0.0,0.0,0.0,0.0,0.0,0.0,0.19234799759759957,19.701015202268177,21.00095235935742
5835,233.36,0.98,1,0.008,0.265,0.013,-0.015,-0.022,0.0,0.0,0.0,0.0,0.32,2.37,0.05,0.58,1.35,0.57,0.0,0.38,0.09,0.07,0.29,0.0,0.0,0.0,0.0,0.0,0.0,1.0,1.0,0.0,0.0,1.0,1.0,0.0,0.0,0.0,0.0,0.0,0.0,0.0,0.0,0.19189653851690736,20.306156701847797,21.000238093888363
5836,233.4,0.98,1,0.012,0.274,0.023,-0.014,-0.023,0.0,0.0,0.0,0.0,0.36,2.38,0.05,0.63,1.37,0.63,0.0,0.35,0.12,0.06,0.34,0.0,0.0,0.0,0.0,0.0,0.0,1.0,1.0,0.0,0.0,1.0,1.0,0.0,0.0,0.0,0.0,0.0,0.0,0.0,0.0,0.19543993189915332,20.103979705520906,21.30023474049049
5837,233.44,0.98,1,0.012,0.258,0.017,-0.014,-0.018,0.0,0.0,0.0,0.0,0.4,2.58,0.07,0.65,1.4,0.68,0.0,0.37,0.18,0.04,0.27,0.0,0.0,0.0,0.0,0.0,0.0,1.0,1.0,0.0,0.0,1.0,1.0,0.0,0.0,0.0,0.0,0.0,0.0,0.0,0.0,0.19930895950829086,20.012246250733575,20.70096616102741
5838,233.48,0.98,1,0.006,0.279,0.03,-0.014,-0.018,0.0,0.0,0.0,0.0,0.38,2.62,0.02,0.54,1.39,0.7,0.0,0.38,0.13,0.03,0.28,0.0,0.0,0.0,0.0,0.0,0.0,1.0,1.0,0.0,0.0,1.0,1.0,0.0,0.0,0.0,0.0,0.0,0.0,0.0,0.0,0.2004382639151197,19.609181522949815,21.200235847744757
5839,233.52,0.98,1,0.01,0.264,0.018,-0.014,-0.016,0.0,0.0,0.0,0.0,0.36,2.63,0.04,0.61,1.36,0.73,0.0,0.4,0.14,0.05,0.22,0.0,0.0,0.0,0.0,0.0,0.0,1.0,1.0,0.0,0.0,1.0,1.0,0.0,0.0,0.0,0.0,0.0,0.0,0.0,0.0,0.1983732571905641,19.709134937891157,21.000238093888363
5840,233.56,0.98,1,0.012,0.278,0.03,-0.014,-0.022,0.0,0.0,0.0,0.0,0.38,2.59,0.02,0.66,1.39,0.73,0.0,0.36,0.15,0.03,0.23,0.0,0.0,0.0,0.0,0.0,0.0,1.0,1.0,0.0,0.0,1.0,1.0,0.0,0.0,0.0,0.0,0.0,0.0,0.0,0.0,0.19994043785986826,19.709134937891154,20.700241544484495
5841,233.6,0.98,1,0.015,0.259,0.019,-0.013,-0.023,0.0,0.0,0.0,0.0,0.33,2.6,0.02,0.66,1.36,0.74,0.0,0.35,0.19,0.08,0.22,0.0,0.01,0.0,0.0,0.0,0.0,1.0,1.0,0.0,0.0,1.0,1.0,0.0,0.0,0.0,0.0,0.0,0.0,0.0,0.0,0.20237907402313055,20.20890892651042,21.000238093888363
5842,233.64,0.98,1,0.008,0.275,0.029,-0.012,-0.028,0.0,0.0,0.0,0.0,0.33,2.57,0.0,0.55,1.34,0.65,0.0,0.37,0.18,0.07,0.17,0.0,0.01,0.0,0.0,0.0,0.0,1.0,1.0,0.0,0.0,1.0,1.0,0.0,0.0,0.0,0.0,0.0,0.0,0.0,0.0,0.20031195063650886,20.40612653102013,21.100236965493924
5843,233.68,0.98,1,0.014,0.263,0.016,-0.012,-0.025,0.0,0.0,0.0,0.0,0.27,2.57,0.0,0.48,1.27,0.73,0.0,0.45,0.17,0.1,0.17,0.0,0.01,0.0,0.0,0.0,0.0,1.0,1.0,0.0,0.0,1.0,1.0,0.0,0.0,0.0,0.0,0.0,0.0,0.0,0.0,0.1984542136229121,20.500975586542218,20.800961516237614
5844,233.72,0.98,1,0.009,0.27,0.025,-0.01,-0.028,0.0,0.0,0.0,0.0,0.3,2.62,0.0,0.42,1.29,0.72,0.0,0.5,0.15,0.05,0.11,0.0,0.0,0.0,0.0,0.0,0.0,1.0,1.0,0.0,0.0,1.0,1.0,0.0,0.0,0.0,0.0,0.0,0.0,0.0,0.0,0.19744313463338414,20.60218435020899,21.10094784600933
5845,233.76,0.98,1,0.009,0.261,0.013,-0.008,-0.026,0.0,0.0,0.0,0.0,0.26,2.71,0.06,0.43,1.24,0.78,0.0,0.45,0.11,0.04,0.17,0.0,0.0,0.0,0.0,0.0,0.0,1.0,1.0,0.0,0.0,1.0,1.0,0.0,0.0,0.0,0.0,0.0,0.0,0.0,0.0,0.2012707409252481,20.203960007879687,21.203773249117532
5846,233.8,0.98,1,0.002,0.264,0.022,-0.001,-0.029,0.0,0.0,0.0,0.0,0.3,2.66,0.09,0.46,1.26,0.78,0.0,0.41,0.09,0.01,0.2,0.0,0.19,0.0,0.0,0.0,0.0,1.0,1.0,0.0,0.0,1.0,1.0,0.0,1.0,0.0,0.0,0.0,0.0,0.0,0.0,0.19991145149717732,20.70386437358982,21.205895406702172
5847,233.84,0.98,1,-0.005,0.292,0.006,0.001,-0.024,0.07,0.0,0.0,0.0,0.22,2.22,0.15,0.41,1.22,0.72,0.0,0.48,0.04,0.0,0.21,0.0,0.71,0.0,0.0,0.0,0.0,1.0,1.0,0.0,0.0,1.0,1.0,0.0,1.0,0.0,0.0,0.0,0.0,0.0,0.0,0.1738529594412932,19.50230755577401,20.200990074746155
5848,233.88,0.98,1,-0.026,0.365,0.008,-0.0,-0.01,0.2,0.09,0.0,0.0,0.15,1.55,0.09,0.31,1.27,0.74,0.0,0.48,0.16,0.0,0.25,0.0,1.39,0.0,1.0,0.0,0.0,1.0,1.0,0.0,0.0,1.0,1.0,0.0,1.0,0.0,0.0,0.0,0.0,0.0,1.0,0.16939680358573433,18.23951753747894,19.166898549321864
5849,233.92,0.98,1,-0.034,0.371,0.013,-0.004,-0.003,0.28,0.09,0.0,0.0,0.04,1.03,0.06,0.21,1.24,0.75,0.0,0.46,0.16,0.0,0.29,0.0,1.86,0.0,1.0,0.0,0.0,0.0,1.0,0.0,0.0,1.0,1.0,0.0,1.0,0.0,0.0,0.0,0.0,0.0,1.0,0.17562990875576104,16.25207679036749,19.782062582046436
5850,233.96,0.98,1,-0.027,0.375,0.014,-0.007,0.003,0.38,0.11,0.0,0.0,0.02,1.08,0.06,0.18,1.29,0.74,0.0,0.46,0.25,0.0,0.37,0.0,1.88,0.0,1.0,0.0,0.0,0.0,1.0,0.0,0.0,1.0,1.0,0.0,1.0,0.0,0.0,0.0,0.0,0.0,1.0,0.1775961567942781,16.144658559412065,19.890952717253327
5851,234.0,0.98,1,-0.02,0.372,0.012,-0.003,0.001,0.46,0.14,0.0,0.0,0.02,1.25,0.15,0.16,1.27,0.69,0.0,0.56,0.14,0.0,0.39,0.0,1.74,0.0,1.0,0.0,0.0,0.0,1.0,0.0,0.0,1.0,1.0,0.0,1.0,0.0,0.0,0.0,0.0,0.0,1.0,0.16796999991190953,16.697305171793356,20.455072720476807
5852,234.04,0.98,1,-0.025,0.373,0.016,-0.001,-0.002,0.43,0.14,0.0,0.0,0.0,1.23,0.15,0.14,1.31,0.62,0.0,0.66,0.17,0.0,0.44,0.0,1.74,0.0,1.0,0.0,0.0,0.0,1.0,0.0,0.0,1.0,1.0,0.0,1.0,0.0,0.0,0.0,0.0,0.0,1.0,0.16848948819757378,17.017931719219085,20.34821859524804
5853,234.08,0.98,1,-0.028,0.367,0.007,-0.014,0.005,0.44,0.12,0.0,0.0,0.0,0.93,0.15,0.19,1.31,0.63,0.0,0.59,0.15,0.0,0.49,0.0,2.03,0.0,1.0,0.0,0.0,0.0,1.0,0.0,0.0,1.0,1.0,0.0,0.0,0.0,0.0,0.0,0.0,0.0,1.0,0.18294798732587048,16.92394753005348,21.659178193089325
5854,234.12,0.98,1,-0.016,0.428,0.03,-0.003,-0.009,0.26,0.0,0.0,0.0,0.0,0.72,0.08,0.25,1.33,0.52,0.0,0.61,0.14,0.0,0.48,0.0,2.27,0.0,1.0,0.0,0.0,0.0,1.0,0.0,0.0,1.0,1.0,0.0,1.0,0.0,0.0,0.0,0.0,0.0,1.0,0.16304018280583757,18.04716044146566,19.18462926407483
5855,234.16,0.98,1,-0.021,0.399,0.015,-0.013,0.004,0.34,0.0,0.0,0.0,0.0,0.66,0.14,0.26,1.24,0.49,0.0,0.57,0.14,0.0,0.42,0.0,2.35,0.0,0.0,0.0,0.0,0.0,1.0,0.0,0.0,1.0,1.0,0.0,1.0,0.0,0.0,0.0,0.0,0.0,1.0,0.16038884872437037,17.3807364631077,19.35071058126802
5856,234.2,0.98,1,-0.042,0.36,0.012,0.007,-0.016,0.17,0.0,0.0,0.0,0.01,0.99,0.09,0.23,1.21,0.49,0.0,0.73,0.06,0.0,0.33,0.0,1.99,0.0,0.0,0.0,0.0,0.0,1.0,0.0,0.0,1.0,1.0,0.0,1.0,0.0,0.0,0.0,0.0,0.0,1.0,0.16697041107515048,18.560711193270585,19.84943324127917
5857,234.24,0.98,1,-0.042,0.34,0.03,0.0,-0.009,0.14,0.0,0.0,0.0,0.05,1.43,0.07,0.19,1.13,0.59,0.0,0.83,0.06,0.0,0.27,0.0,1.59,0.0,0.0,0.0,0.0,0.0,1.0,0.0,0.0,1.0,1.0,0.0,1.0,0.0,0.0,0.0,0.0,0.0,1.0,0.1745087131562862,17.541094606665794,18.39836949297405
5858,234.28,0.98,1,-0.025,0.323,0.027,0.0,-0.008,0.0,0.14,0.0,0.0,0.13,1.97,0.01,0.18,1.15,0.57,0.0,0.9,0.0,0.0,0.23,0.0,1.13,0.0,0.0,0.0,0.0,0.0,1.0,0.0,0.0,1.0,1.0,0.0,1.0,0.0,0.0,0.0,0.0,0.0,1.0,0.14832172213935074,18.127603261325117,18.054362353736007
5859,234.32,0.98,1,-0.039,0.312,0.029,0.01,-0.011,0.0,0.14,0.0,0.0,0.2,2.21,0.0,0.13,1.12,0.45,0.0,0.82,0.0,0.0,0.22,0.0,0.75,0.0,0.0,0.0,0.0,0.0,1.0,0.0,0.0,1.0,1.0,0.0,1.0,0.0,0.0,0.0,0.0,0.0,1.0,0.15691016232917726,19.209372712298592,19.61249601657057
5860,234.36,0.98,1,-0.037,0.309,0.028,0.015,-0.012,0.0,0.14,0.0,0.0,0.23,2.26,0.0,0.1,1.15,0.27,0.0,0.73,0.0,0.0,0.19,0.0,0.51,0.0,0.0,0.0,0.0,0.0,1.0,0.0,0.0,1.0,1.0,0.0,1.0,0.0,0.0,0.0,0.0,0.0,1.0,0.16683914667875405,20.108953229842808,19.912307751739966
5861,234.4,0.98,1,-0.028,0.311,0.025,0.018,-0.012,0.0,0.0,0.0,0.0,0.18,2.1,0.0,0.03,1.14,0.19,0.0,0.7,0.0,0.0,0.2,0.0,0.36,0.0,0.0,0.0,0.0,0.0,1.0,0.0,0.0,1.0,1.0,0.0,1.0,0.0,0.0,0.0,0.0,0.0,0.0,0.17157941775982438,20.708693826506824,20.315757431117532
5862,234.44,0.98,1,-0.03,0.315,0.03,0.019,-0.013,0.0,0.0,0.0,0.0,0.12,1.85,0.0,0.03,1.11,0.22,0.0,0.74,0.0,0.0,0.22,0.0,0.39,0.0,0.0,0.0,0.0,0.0,1.0,0.0,0.0,1.0,1.0,0.0,1.0,0.0,0.0,0.0,0.0,0.0,0.0,0.17645841909515647,20.808652046684994,19.816155025635197
5863,234.48,0.98,1,-0.031,0.313,0.034,0.022,-0.015,0.0,0.0,0.0,0.0,0.1,1.81,0.0,0.03,1.08,0.25,0.0,0.79,0.0,0.01,0.22,0.01,0.39,0.0,0.0,0.0,0.0,1.0,1.0,0.0,0.0,1.0,1.0,0.0,1.0,0.0,0.0,0.0,0.0,0.0,0.0,0.17817263463745384,20.708693826506824,20.208908926510652
5864,234.52,0.98,1,-0.036,0.309,0.031,0.023,-0.015,0.0,0.0,0.0,0.0,0.13,1.72,0.0,0.03,1.06,0.34,0.0,0.87,0.07,0.03,0.21,0.01,0.26,0.0,0.0,0.0,0.0,0.0,1.0,0.0,0.0,1.0,1.0,0.0,1.0,0.0,0.0,0.0,0.0,0.0,0.0,0.17692242119215473,20.503902067655318,20.208908926510652
5865,234.56,0.98,1,-0.043,0.306,0.03,0.024,-0.019,0.0,0.01,0.0,0.0,0.19,1.91,0.0,0.03,1.03,0.32,0.0,0.91,0.07,0.08,0.15,0.01,0.21,0.0,0.0,0.0,0.0,0.0,1.0,0.0,0.0,1.0,1.0,0.0,1.0,0.0,0.0,0.0,0.0,0.0,0.0,0.17739762563327321,20.600242717016847,20.61552812808821
5866,234.6,0.98,1,-0.04,0.297,0.024,0.025,-0.02,0.0,0.04,0.0,0.0,0.17,2.1,0.0,0.0,1.02,0.38,0.0,0.98,0.08,0.13,0.2,0.0,0.05,0.0,0.0,0.0,0.0,0.0,1.0,0.0,0.0,1.0,1.0,0.0,1.0,0.0,0.0,0.0,0.0,0.0,0.0,0.1760182113521764,20.900239233080427,20.31575743111731
5867,234.64,0.98,1,-0.048,0.279,0.027,0.027,-0.024,0.0,0.11,0.0,0.0,0.17,2.32,0.0,0.0,1.04,0.35,0.0,0.97,0.08,0.15,0.21,0.0,0.16,0.0,0.0,0.0,0.0,0.0,1.0,0.0,0.0,1.0,1.0,0.0,1.0,0.0,0.0,0.0,0.0,0.0,0.0,0.18326312464297295,20.80096151623761,21.414948050369023
5868,234.68,0.98,1,-0.053,0.283,0.026,0.03,-0.023,0.0,0.11,0.0,0.0,0.18,2.39,0.0,0.0,1.04,0.31,0.0,1.0,0.08,0.16,0.28,0.0,0.25,0.0,0.0,0.0,0.0,0.0,1.0,0.0,0.0,1.0,1.0,0.0,1.0,0.0,0.0,0.0,0.0,0.0,0.0,0.18595269183622573,21.00380917833715,21.614809737769985
5869,234.72,0.98,1,-0.05,0.28,0.024,0.029,-0.024,0.0,0.11,0.0,0.0,0.24,2.25,0.0,0.0,1.03,0.24,0.0,0.9,0.07,0.13,0.32,0.0,0.37,0.0,0.0,0.0,0.0,0.0,1.0,0.0,0.0,1.0,1.0,0.0,1.0,0.0,0.0,0.0,0.0,0.0,0.0,0.18451559037576687,21.20377324911776,21.718655575334353
5870,234.76,0.98,1,-0.052,0.28,0.022,0.028,-0.024,0.0,0.06,0.0,0.0,0.28,2.17,0.0,0.0,1.0,0.18,0.0,0.89,0.0,0.14,0.28,0.0,0.37,0.0,0.0,0.0,0.0,0.0,1.0,0.0,0.0,1.0,1.0,0.0,1.0,0.0,0.0,0.0,0.0,0.0,0.0,0.18446780705931573,21.50581316760657,21.623135757794152
5871,234.8,0.98,1,-0.055,0.283,0.019,0.029,-0.024,0.0,0.08,0.0,0.0,0.28,2.06,0.0,0.0,1.01,0.18,0.0,0.87,0.08,0.12,0.3,0.0,0.42,0.0,0.0,0.0,0.0,0.0,1.0,0.0,0.0,1.0,1.0,0.0,1.0,0.0,0.0,0.0,0.0,0.0,0.0,0.18839993752722084,21.2058954067024,21.818570072303043
5872,234.84,0.98,1,-0.055,0.278,0.021,0.031,-0.021,0.0,0.05,0.0,0.0,0.3,2.11,0.0,0.0,1.02,0.14,0.0,0.9,0.11,0.16,0.33,0.0,0.52,0.0,0.0,0.0,0.0,0.0,1.0,0.0,0.0,1.0,1.0,0.0,1.0,0.0,0.0,0.0,0.0,0.0,0.0,0.1893228996679917,21.50581316760657,21.41494805036902
5873,234.88,0.98,1,-0.058,0.281,0.021,0.029,-0.019,0.0,0.02,0.0,0.0,0.26,2.16,0.02,0.0,1.0,0.15,0.0,0.93,0.11,0.14,0.38,0.0,0.53,0.0,0.0,0.0,0.0,1.0,1.0,0.0,0.0,1.0,1.0,0.0,1.0,0.0,0.0,0.0,0.0,0.0,0.0,0.18593389924937748,21.50209292138791,21.315018179677867
5874,234.92,0.98,1,-0.049,0.279,0.023,0.03,-0.017,0.0,0.0,0.0,0.0,0.26,2.18,0.02,0.0,0.95,0.12,0.0,0.91,0.03,0.16,0.38,0.0,0.43,0.0,0.0,0.0,0.0,1.0,1.0,0.0,0.0,1.0,1.0,0.0,1.0,0.0,0.0,0.0,0.0,0.0,0.0,0.1884426099956777,21.400934559032788,21.40584032454681
5875,234.96,0.98,1,-0.05,0.277,0.02,0.028,-0.015,0.0,0.0,0.0,0.0,0.26,2.11,0.05,0.01,0.86,0.13,0.0,0.92,0.0,0.15,0.29,0.0,0.24,0.0,0.0,0.0,0.0,0.0,1.0,0.0,0.0,1.0,1.0,0.0,1.0,0.0,0.0,0.0,0.0,0.0,0.0,0.18758632423341814,21.10023696549415,21.705759604307612
5876,235.0,0.98,1,-0.053,0.274,0.02,0.025,-0.013,0.0,0.0,0.0,0.0,0.25,2.11,0.05,0.01,0.84,0.11,0.0,0.86,0.0,0.16,0.25,0.0,0.12,0.0,0.0,0.0,0.0,1.0,1.0,0.0,0.0,1.0,1.0,0.0,1.0,0.0,0.0,0.0,0.0,0.0,0.0,0.19120374873964194,21.09999999999991,21.908217636311814
5877,235.04,0.98,1,-0.049,0.278,0.025,0.024,-0.015,0.0,0.0,0.0,0.0,0.23,2.2,0.06,0.03,0.85,0.06,0.0,0.8,0.05,0.15,0.24,0.0,0.02,0.0,0.0,0.0,0.0,0.0,1.0,0.0,0.0,1.0,1.0,0.0,1.0,0.0,0.0,0.0,0.0,0.0,0.0,0.18981828208852247,21.100236965493924,21.80573319106693
5878,235.08,0.98,1,-0.046,0.28,0.023,0.024,-0.015,0.0,0.0,0.0,0.0,0.21,2.26,0.06,0.03,0.89,0.06,0.0,0.78,0.1,0.14,0.23,0.0,0.0,0.0,0.0,0.0,0.0,0.0,1.0,0.0,0.0,1.0,1.0,0.0,1.0,0.0,0.0,0.0,0.0,0.0,0.0,0.18961967777684963,20.900239233080654,21.905707018948146
5879,235.12,0.98,1,-0.043,0.282,0.03,0.021,-0.019,0.0,0.0,0.0,0.0,0.2,2.25,0.11,0.04,0.88,0.02,0.0,0.71,0.15,0.12,0.26,0.0,0.0,0.0,0.0,0.0,0.0,0.0,1.0,0.0,0.0,1.0,1.0,0.0,1.0,0.0,0.0,0.0,0.0,0.0,0.0,0.19067897083132396,21.10094784600933,22.105655384991326
5880,235.16,0.98,1,-0.033,0.282,0.028,0.017,-0.019,0.0,0.0,0.0,0.0,0.13,2.18,0.12,0.02,0.86,0.02,0.0,0.76,0.1,0.07,0.21,0.09,0.0,0.0,0.0,0.0,0.0,0.0,1.0,0.0,0.0,1.0,1.0,0.0,1.0,0.0,0.0,0.0,0.0,0.0,0.0,0.19099528878735572,21.200943375236687,22.011133546457803
5881,235.2,0.98,1,-0.032,0.294,0.043,0.012,-0.023,0.0,0.0,0.0,0.0,0.09,2.19,0.15,0.08,0.78,0.0,0.14,0.86,0.05,0.01,0.18,0.37,0.0,0.0,0.0,0.0,0.0,0.0,1.0,0.0,0.0,1.0,1.0,0.0,1.0,0.0,0.0,0.0,0.0,0.0,0.0,0.1915598816740513,21.60208323287354,22.114474897677223
5882,235.24,0.98,1,-0.023,0.3,0.05,0.006,-0.021,0.0,0.0,0.0,0.0,0.04,2.2,0.09,0.09,0.61,0.0,0.43,1.14,0.0,0.0,0.09,0.79,0.0,0.0,0.0,0.0,0.0,0.0,1.0,0.0,0.0,1.0,1.0,1.0,1.0,0.0,0.0,0.0,0.0,0.0,0.0,0.1998412029919492,21.605786262017777,22.118318200080132
5883,235.28,0.98,1,-0.021,0.319,0.067,-0.006,-0.02,0.01,0.0,0.0,0.0,0.04,2.19,0.07,0.09,0.36,0.0,0.73,1.4,0.0,0.13,0.09,1.25,0.0,0.0,0.0,0.0,0.0,0.0,1.0,0.0,0.0,1.0,1.0,1.0,1.0,0.0,0.0,0.0,1.0,0.0,0.0,0.2082315190463408,20.708693826506824,22.837031330713675
5884,235.32,0.98,1,-0.017,0.337,0.078,-0.015,-0.018,0.07,0.0,0.0,0.0,0.0,2.14,0.0,0.02,0.19,0.0,0.84,1.31,0.0,0.29,0.04,1.3,0.0,0.0,0.0,0.0,0.0,0.0,1.0,0.0,0.0,0.0,1.0,1.0,1.0,0.0,0.0,0.0,1.0,0.0,0.0,0.2093520395350127,21.514878572745886,22.722015755649895
5885,235.36,0.98,1,0.008,0.325,0.069,-0.009,-0.05,0.06,0.0,0.0,0.0,0.0,2.14,0.0,0.07,0.17,0.04,0.69,1.2,0.17,0.47,0.04,1.32,0.0,0.0,0.0,0.0,0.0,0.0,1.0,0.0,0.0,0.0,1.0,1.0,1.0,0.0,0.0,0.0,1.0,0.0,0.0,0.20833863691036794,20.511947737842938,23.13114783144139
5886,235.4,0.98,1,-0.002,0.331,0.061,-0.021,-0.036,0.33,0.0,0.0,0.0,0.0,1.83,0.0,0.16,0.37,0.33,0.56,0.98,0.55,0.34,0.07,1.14,0.64,0.0,0.0,0.0,0.0,0.0,1.0,0.0,0.0,0.0,1.0,1.0,1.0,1.0,0.0,0.0,1.0,0.0,1.0,0.19389758468245205,19.201041638411002,20.647518010647094
5887,235.44,0.98,1,0.019,0.401,0.048,-0.031,-0.052,0.66,0.0,0.0,0.0,0.0,1.5,0.0,0.36,0.69,0.77,0.36,1.12,0.91,0.18,0.1,1.12,1.34,1.0,1.0,0.0,0.0,0.0,1.0,0.0,0.0,0.0,1.0,1.0,1.0,1.0,0.0,0.0,0.0,0.0,1.0,0.18072398235659037,16.459647626848007,19.547889911701553
5888,235.48,0.98,1,0.01,0.413,0.045,-0.025,-0.06,0.84,0.0,0.0,0.0,0.09,1.14,0.0,0.57,1.1,1.18,0.21,1.17,1.02,0.07,0.11,0.88,1.85,1.0,1.0,0.0,0.0,0.0,1.0,0.0,0.0,1.0,1.0,0.0,1.0,1.0,0.0,0.0,0.0,0.0,1.0,0.1685559971592474,18.906083676954314,20.37964670940106
5889,235.52,0.98,1,0.02,0.365,0.023,-0.028,-0.056,0.68,0.02,0.0,0.0,0.27,1.3,0.0,0.73,1.37,1.38,0.04,1.4,0.96,0.22,0.04,0.8,1.53,1.0,1.0,0.0,0.0,1.0,1.0,0.0,0.0,1.0,1.0,0.0,1.0,1.0,0.0,0.0,0.0,0.0,1.0,0.17634933811122444,18.538878067455972,20.995475703112888
5890,235.56,0.98,1,0.018,0.31,0.028,-0.025,-0.06,0.3,0.02,0.0,0.0,0.5,1.63,0.0,0.8,1.57,1.52,0.0,1.59,0.95,0.48,0.02,0.62,1.06,1.0,1.0,0.0,0.0,1.0,1.0,0.0,0.0,1.0,1.0,0.0,1.0,1.0,0.0,0.0,0.0,0.0,0.0,0.1956609629303438,17.00470523119998,20.479257799051307
5891,235.6,0.98,1,0.011,0.282,0.033,-0.032,-0.062,0.12,0.02,0.0,0.0,0.67,1.97,0.0,0.87,1.73,1.66,0.0,1.71,0.96,0.7,0.0,0.54,0.69,1.0,1.0,0.0,0.0,1.0,1.0,0.0,0.0,1.0,1.0,0.0,1.0,1.0,0.0,0.0,0.0,0.0,0.0,0.20046784965371317,16.90118339052019,17.96273921204656
5892,235.64,0.98,1,0.0,0.291,0.032,-0.037,-0.063,0.02,0.0,0.0,0.0,0.78,2.25,0.0,0.93,1.92,1.75,0.0,1.72,0.97,0.83,0.0,0.3,0.52,1.0,1.0,0.0,0.0,1.0,1.0,0.0,0.0,1.0,1.0,0.0,1.0,1.0,0.0,0.0,0.0,0.0,0.0,0.17098452787698337,17.334935823359896,16.776471619503358
5893,235.68,0.98,1,0.001,0.29,0.034,-0.036,-0.062,0.0,0.0,0.0,0.0,0.85,2.29,0.0,1.0,2.02,1.79,0.0,1.71,0.96,0.79,0.0,0.2,0.35,1.0,1.0,0.0,0.0,1.0,1.0,0.0,0.0,1.0,1.0,0.0,1.0,1.0,0.0,0.0,0.0,0.0,0.0,0.17650847719503782,17.628386199536383,17.235138525697835
5894,235.72,0.98,1,-0.0,0.275,0.032,-0.033,-0.063,0.0,0.0,0.0,0.0,0.92,2.29,0.0,0.95,2.07,1.85,0.0,1.83,1.11,0.77,0.0,0.08,0.3,1.0,1.0,0.0,0.0,1.0,1.0,0.0,0.0,1.0,1.0,0.0,1.0,1.0,0.0,0.0,0.0,0.0,0.0,0.19101260173943357,18.726718879718177,17.318487231857358
5895,235.76,0.98,1,-0.001,0.286,0.033,-0.029,-0.063,0.08,0.0,0.0,0.0,0.95,2.3,0.0,1.04,2.04,1.99,0.0,1.86,1.16,0.78,0.0,0.08,0.2,1.0,1.0,0.0,0.0,1.0,1.0,0.0,0.0,1.0,1.0,0.0,1.0,1.0,0.0,0.0,0.0,0.0,0.0,0.18721535204110837,19.43707796969502,18.213456563760808
5896,235.8,0.98,1,-0.004,0.267,0.034,-0.025,-0.064,0.08,0.0,0.0,0.0,0.93,2.23,0.0,1.07,2.05,1.99,0.0,1.8,1.19,0.88,0.0,0.07,0.15,1.0,1.0,0.0,0.0,1.0,1.0,0.0,0.0,1.0,1.0,0.0,1.0,1.0,0.0,0.0,0.0,0.0,0.0,0.19234785360531076,19.920341362537027,17.60454486773222
5897,235.84,0.98,1,-0.006,0.248,0.025,-0.03,-0.064,0.09,0.0,0.0,0.0,0.91,2.41,0.0,1.11,2.04,1.97,0.0,1.67,1.09,0.91,0.0,0.13,0.1,1.0,1.0,0.0,0.0,1.0,1.0,0.0,0.0,1.0,1.0,0.0,1.0,1.0,0.0,0.0,0.0,0.0,0.0,0.19611571468240938,20.312065379965855,18.602419197512905
5898,235.88,0.98,1,-0.002,0.256,0.028,-0.026,-0.066,0.0,0.0,0.0,0.0,0.88,2.32,0.0,1.03,2.07,1.92,0.0,1.6,1.03,0.9,0.0,0.15,0.04,1.0,1.0,0.0,0.0,1.0,1.0,0.0,0.0,1.0,1.0,0.0,1.0,1.0,0.0,0.0,0.0,0.0,0.0,0.18385935831635553,20.212125073826172,19.10235587565066
5899,235.92,0.98,1,-0.003,0.247,0.021,-0.028,-0.069,0.0,0.0,0.0,0.0,0.89,2.3,0.0,1.0,2.06,1.97,0.0,1.62,1.06,0.88,0.0,0.19,0.04,1.0,1.0,0.0,0.0,1.0,1.0,0.0,0.0,1.0,1.0,0.0,1.0,1.0,0.0,0.0,0.0,0.0,0.0,0.1982447171044744,20.424495097798715,19.001052602421794
5900,235.96,0.98,1,-0.011,0.259,0.021,-0.025,-0.072,0.04,0.0,0.0,0.0,0.86,2.23,0.02,0.92,1.95,1.92,0.0,1.44,0.88,0.82,0.0,0.15,0.0,1.0,1.0,0.0,0.0,1.0,1.0,0.0,0.0,1.0,1.0,0.0,1.0,1.0,0.0,0.0,0.0,0.0,0.0,0.19035547406792674,20.412006270819987,18.702406262296655
5901,236.0,0.98,1,-0.018,0.268,0.03,-0.018,-0.074,0.21,0.09,0.0,0.0,0.86,2.32,0.02,0.94,1.8,1.93,0.0,1.34,0.82,0.73,0.0,0.08,0.0,1.0,1.0,0.0,0.0,1.0,1.0,0.0,0.0,1.0,1.0,0.0,1.0,0.0,0.0,0.0,0.0,0.0,0.0,0.1924239251650185,20.300985197768068,20.215835377248247
5902,236.04,0.98,1,-0.007,0.251,0.013,-0.026,-0.07,0.24,0.09,0.0,0.0,0.85,2.37,0.05,0.92,1.65,1.88,0.0,1.21,0.7,0.67,0.0,0.08,0.0,1.0,1.0,0.0,0.0,1.0,1.0,0.0,0.0,1.0,1.0,0.0,1.0,0.0,0.0,0.0,0.0,0.0,0.0,0.191761886460787,20.503902067655318,20.519746587129188
5903,236.08,0.98,1,-0.004,0.254,0.009,-0.024,-0.068,0.2,0.09,0.0,0.0,0.81,2.22,0.03,0.95,1.57,1.94,0.0,1.19,0.8,0.66,0.0,0.11,0.0,1.0,1.0,0.0,0.0,1.0,1.0,0.0,0.0,1.0,1.0,0.0,1.0,0.0,0.0,0.0,0.0,0.0,0.0,0.18430842451267654,20.00399960007998,20.711832367030986
5904,236.12,0.98,1,-0.013,0.258,0.009,-0.025,-0.065,0.04,0.0,0.0,0.0,0.74,2.04,0.03,0.89,1.49,1.92,0.0,1.18,0.74,0.68,0.0,0.2,0.0,1.0,1.0,0.0,0.0,1.0,1.0,0.0,0.0,1.0,1.0,0.0,1.0,0.0,0.0,0.0,0.0,0.0,0.0,0.18204265744714626,20.506096654409877,20.606067067735083
5905,236.16,0.98,1,-0.014,0.257,0.006,-0.024,-0.059,0.01,0.0,0.0,0.0,0.7,1.99,0.0,0.83,1.43,1.97,0.0,1.13,0.81,0.68,0.0,0.23,0.06,1.0,1.0,0.0,0.0,1.0,1.0,0.0,0.0,1.0,1.0,0.0,1.0,0.0,0.0,0.0,0.0,0.0,0.0,0.1820253273595917,21.011663427725086,20.00399960007998
5906,236.2,0.98,1,-0.002,0.262,0.009,-0.026,-0.056,0.0,0.0,0.0,0.0,0.68,2.08,0.0,0.74,1.38,2.07,0.0,1.11,0.87,0.67,0.0,0.33,0.06,1.0,1.0,0.0,0.0,1.0,1.0,0.0,0.0,1.0,1.0,0.0,1.0,0.0,0.0,0.0,0.0,0.0,0.0,0.17928078414162715,21.618741869035674,20.803845798313304
5907,236.24,0.98,1,-0.013,0.269,0.022,-0.024,-0.052,0.06,0.06,0.0,0.0,0.55,2.0,0.0,0.62,1.31,1.97,0.07,1.14,0.93,0.58,0.0,0.31,0.5,1.0,1.0,0.0,0.0,1.0,1.0,0.0,0.0,1.0,1.0,0.0,1.0,1.0,0.0,0.0,0.0,0.0,0.0,0.178663898914307,22.337860237721923,21.005951537600005
5908,236.28,0.98,1,-0.012,0.304,0.04,-0.022,-0.046,0.27,0.15,0.0,0.0,0.32,1.38,0.0,0.51,1.33,1.95,0.13,1.11,0.95,0.35,0.0,0.25,1.21,1.0,1.0,0.0,0.0,1.0,1.0,0.0,0.0,1.0,1.0,0.0,1.0,1.0,0.0,0.0,0.0,0.0,1.0,0.20518519855139222,18.43908891458586,18.965494984312915
5909,236.32,0.98,1,-0.007,0.4,0.035,-0.041,-0.036,0.52,0.15,0.0,0.0,0.1,0.7,0.0,0.49,1.31,1.86,0.24,1.11,1.01,0.14,0.0,0.31,1.94,1.0,1.0,0.0,0.0,1.0,1.0,0.0,0.0,1.0,1.0,0.0,1.0,1.0,0.0,0.0,0.0,0.0,1.0,0.17652227704254664,16.633099530754937,20.41886382735333
5910,236.36,0.98,1,-0.02,0.422,0.048,-0.028,-0.039,0.63,0.09,0.0,0.0,0.02,0.44,0.0,0.48,1.35,1.97,0.18,1.13,1.1,0.05,0.0,0.36,2.03,1.0,1.0,0.0,0.0,1.0,1.0,0.0,0.0,1.0,1.0,0.0,1.0,1.0,0.0,0.0,0.0,0.0,1.0,0.16473518193147754,20.02123872291632,20.875344308537798
5911,236.4,0.98,1,-0.011,0.357,0.04,-0.032,-0.04,0.5,0.0,0.0,0.0,0.09,0.79,0.0,0.46,1.24,1.91,0.13,1.22,1.11,0.15,0.0,0.43,1.5,1.0,1.0,0.0,0.0,1.0,1.0,0.0,0.0,1.0,1.0,0.0,1.0,1.0,0.0,0.0,0.0,0.0,1.0,0.183414290458417,20.5078033928552,21.644860821913362
5912,236.44,0.98,1,0.023,0.321,0.052,-0.027,-0.05,0.25,0.0,0.0,0.0,0.19,1.33,0.0,0.32,1.22,1.94,0.07,1.26,1.0,0.32,0.0,0.27,1.02,1.0,1.0,0.0,0.0,1.0,1.0,0.0,0.0,1.0,1.0,0.0,1.0,1.0,0.0,0.0,0.0,0.0,1.0,0.18793513196174508,20.37105790085528,19.39329781135736
5913,236.48,0.98,1,0.032,0.322,0.054,-0.033,-0.055,0.15,0.0,0.0,0.0,0.29,1.73,0.0,0.3,1.16,1.88,0.09,1.22,0.92,0.46,0.0,0.21,0.81,1.0,1.0,0.0,0.0,1.0,1.0,0.0,0.0,1.0,1.0,0.0,1.0,1.0,0.0,0.0,0.0,0.0,1.0,0.17616929305390688,19.825236442473976,19.44865033877669
5914,236.52,0.98,1,0.008,0.336,0.054,-0.03,-0.057,0.2,0.0,0.0,0.0,0.29,2.01,0.0,0.32,1.16,1.94,0.13,1.16,0.7,0.54,0.0,0.17,0.96,1.0,1.0,0.0,0.0,1.0,1.0,0.0,0.0,1.0,1.0,0.0,1.0,1.0,0.0,0.0,0.0,0.0,1.0,0.17497755195737058,16.700299398513835,18.497837711473284
5915,236.56,0.98,1,0.007,0.354,0.059,-0.027,-0.057,0.4,0.0,0.0,0.0,0.24,2.13,0.0,0.39,1.18,1.79,0.21,1.13,0.64,0.6,0.0,0.17,1.05,1.0,0.0,0.0,0.0,1.0,1.0,0.0,0.0,1.0,1.0,0.0,1.0,1.0,0.0,0.0,0.0,0.0,1.0,0.17397362879486172,17.70451919708642,18.828967045485868
5916,236.6,0.98,1,-0.013,0.36,0.062,-0.025,-0.054,0.49,0.0,0.0,0.0,0.21,2.19,0.0,0.34,1.21,1.76,0.19,1.07,0.69,0.66,0.0,0.26,0.89,1.0,0.0,0.0,0.0,1.0,1.0,0.0,0.0,1.0,1.0,0.0,1.0,1.0,0.0,0.0,0.0,0.0,1.0,0.1941321854208904,18.504323819042945,19.4249839124772
5917,236.64,0.98,1,-0.019,0.364,0.071,-0.026,-0.05,0.55,0.0,0.0,0.0,0.16,2.3,0.0,0.27,1.22,1.69,0.24,1.1,0.86,0.72,0.0,0.36,0.69,1.0,0.0,0.0,0.0,1.0,1.0,0.0,0.0,1.0,1.0,0.0,1.0,0.0,0.0,0.0,0.0,0.0,1.0,0.19647445567184124,18.804254837669006,19.42498391247721
5918,236.68,0.98,1,-0.009,0.371,0.077,-0.028,-0.049,0.47,0.0,0.0,0.04,0.13,2.3,0.0,0.17,1.21,1.75,0.1,1.06,0.85,0.69,0.0,0.49,0.58,1.0,0.0,0.0,0.0,0.0,1.0,0.0,0.0,1.0,1.0,0.0,1.0,0.0,0.0,0.0,0.0,0.0,1.0,0.19116653081587778,18.20439507371782,19.52434377898512
5919,236.72,0.98,1,-0.006,0.367,0.079,-0.027,-0.047,0.46,0.0,0.0,0.04,0.08,2.31,0.0,0.11,1.21,1.78,0.16,1.09,0.88,0.7,0.0,0.48,0.63,1.0,0.0,0.0,0.0,0.0,1.0,0.0,0.0,1.0,1.0,0.0,1.0,0.0,0.0,0.0,0.0,0.0,0.0,0.19446125727937064,18.404347312523836,19.513328778043064
5920,236.76,0.98,1,-0.009,0.37,0.081,-0.027,-0.047,0.32,0.0,0.0,0.04,0.15,2.24,0.0,0.08,1.26,1.8,0.08,1.1,0.84,0.66,0.0,0.37,0.73,1.0,0.0,0.0,0.0,0.0,1.0,0.0,0.0,1.0,1.0,0.0,1.0,0.0,0.0,0.0,0.0,0.0,0.0,0.1977971657813091,17.702542190318134,19.1049731745428
5921,236.8,0.98,1,0.029,0.352,0.062,-0.029,-0.045,0.27,0.0,0.0,0.0,0.21,2.37,0.0,0.11,1.31,1.82,0.16,1.12,0.96,0.68,0.0,0.34,0.72,1.0,0.0,0.0,0.0,0.0,1.0,0.0,0.0,1.0,1.0,0.0,1.0,0.0,0.0,0.0,0.0,0.0,0.0,0.19628299784060121,17.101169550647835,20.96902477465259
5922,236.84,0.98,1,0.044,0.342,0.066,-0.026,-0.046,0.16,0.0,0.0,0.0,0.26,2.26,0.0,0.2,1.37,1.89,0.13,1.12,0.89,0.65,0.0,0.3,0.69,1.0,0.0,0.0,0.0,0.0,1.0,0.0,0.0,1.0,1.0,0.0,1.0,0.0,0.0,0.0,0.0,0.0,0.0,0.19373149249855365,19.00026315607234,21.652020690919496
5923,236.88,0.98,1,0.053,0.345,0.064,-0.026,-0.046,0.29,0.0,0.0,0.0,0.25,2.32,0.0,0.33,1.38,1.9,0.32,1.08,0.93,0.71,0.0,0.38,0.5,1.0,0.0,0.0,0.0,0.0,1.0,0.0,0.0,1.0,1.0,0.0,1.0,0.0,0.0,0.0,0.0,0.0,0.0,0.1954513031852833,18.601075237738183,21.783020910792008
5924,236.92,0.98,1,0.058,0.346,0.065,-0.031,-0.044,0.39,0.0,0.0,0.0,0.24,2.07,0.0,0.39,1.37,1.91,0.31,1.12,0.89,0.76,0.0,0.35,0.42,1.0,0.0,0.0,0.0,0.0,1.0,0.0,0.0,1.0,1.0,0.0,1.0,0.0,0.0,0.0,0.0,0.0,0.0,0.19844047901847767,18.227451824103163,21.1683726346641
5925,236.96,0.98,1,0.054,0.345,0.068,-0.03,-0.041,0.35,0.0,0.0,0.0,0.27,2.13,0.0,0.34,1.33,1.87,0.26,1.25,0.93,0.79,0.0,0.39,0.41,1.0,0.0,0.0,0.0,0.0,1.0,0.0,0.0,1.0,1.0,0.0,1.0,0.0,0.0,0.0,0.0,0.0,0.0,0.19968090159174612,18.51728921845744,21.26805115660559
5926,237.0,0.98,1,0.061,0.351,0.075,-0.031,-0.038,0.23,0.0,0.0,0.0,0.31,2.01,0.0,0.23,1.33,1.84,0.08,1.37,0.92,0.82,0.0,0.32,0.7,1.0,0.0,0.0,0.0,0.0,1.0,0.0,0.0,1.0,1.0,0.0,1.0,1.0,0.0,0.0,0.0,0.0,0.0,0.19568667789719965,18.200274723201343,21.25299978826523
5927,237.04,0.98,1,0.064,0.355,0.081,-0.029,-0.037,0.33,0.03,0.0,0.0,0.25,1.84,0.0,0.26,1.38,1.92,0.05,1.41,1.02,0.58,0.0,0.26,1.28,1.0,0.0,0.0,0.0,0.0,1.0,0.0,0.0,1.0,1.0,0.0,1.0,1.0,0.0,0.0,0.0,0.0,1.0,0.20860841025018384,18.609674903125125,20.28915966717207
5928,237.08,0.98,1,0.007,0.438,0.082,-0.046,-0.032,0.61,0.05,0.0,0.0,0.13,1.45,0.0,0.35,1.43,2.05,0.18,1.39,1.02,0.32,0.0,0.26,1.78,1.0,0.0,0.0,0.0,0.0,1.0,0.0,0.0,1.0,1.0,0.0,1.0,1.0,0.0,0.0,0.0,0.0,1.0,0.1897143371558898,18.768324379123506,21.294130646729908
5929,237.12,0.98,1,-0.024,0.456,0.071,-0.049,-0.035,0.68,0.05,0.0,0.0,0.05,1.18,0.0,0.41,1.44,2.09,0.26,1.4,1.03,0.14,0.0,0.18,2.06,1.0,0.0,0.0,0.0,0.0,1.0,0.0,0.0,1.0,1.0,0.0,1.0,1.0,0.0,0.0,0.0,0.0,1.0,0.17149280588725793,17.281782315490403,20.12063617284504
5930,237.16,0.98,1,-0.0,0.429,0.078,-0.04,-0.037,0.45,0.02,0.0,0.0,0.07,1.25,0.0,0.25,1.37,2.06,0.21,1.46,0.95,0.33,0.0,0.15,1.75,1.0,0.0,0.0,0.0,0.0,1.0,0.0,0.0,1.0,1.0,0.0,1.0,1.0,0.0,0.0,0.0,0.0,1.0,0.18096621194813034,17.441330224498227,21.194574777522803
5931,237.2,0.98,1,-0.003,0.319,0.07,-0.029,-0.042,0.16,0.0,0.0,0.0,0.2,1.69,0.0,0.16,1.33,2.03,0.1,1.5,0.91,0.53,0.0,0.1,1.38,0.0,1.0,0.0,0.0,0.0,1.0,0.0,0.0,1.0,1.0,0.0,1.0,0.0,0.0,0.0,0.0,0.0,1.0,0.19424798376040708,18.2463695019037,21.49325475585292
5932,237.24,0.98,1,0.003,0.324,0.078,-0.03,-0.045,0.04,0.0,0.0,0.0,0.26,2.13,0.0,0.14,1.36,2.07,0.07,1.53,0.81,0.71,0.0,0.11,0.77,0.0,1.0,0.0,0.0,0.0,0.0,0.0,0.0,1.0,1.0,0.0,1.0,0.0,0.0,0.0,0.0,0.0,0.0,0.19921368282734647,17.80112356004526,18.560711193270585
5933,237.28,0.98,1,-0.014,0.332,0.086,-0.034,-0.047,0.04,0.0,0.0,0.0,0.3,2.24,0.0,0.21,1.39,2.07,0.14,1.54,0.82,0.76,0.0,0.12,0.37,0.0,0.0,0.0,0.0,0.0,1.0,0.0,0.0,1.0,1.0,0.0,1.0,0.0,0.0,0.0,0.0,0.0,0.0,0.1924328746967542,18.50027026829608,19.131649170941987
5934,237.32,0.98,1,0.004,0.302,0.082,-0.029,-0.048,0.04,0.0,0.0,0.0,0.25,2.07,0.0,0.18,1.41,1.99,0.12,1.5,0.86,0.88,0.0,0.16,0.09,0.0,0.0,0.0,0.0,0.0,0.0,0.0,0.0,1.0,1.0,0.0,1.0,0.0,0.0,0.0,0.0,0.0,0.0,0.23114551751648652,18.90000000000009,20.115914098046762
5935,237.36,0.98,1,-0.003,0.297,0.085,-0.027,-0.047,0.04,0.0,0.0,0.0,0.25,2.0,0.0,0.09,1.41,1.88,0.07,1.48,0.96,0.9,0.0,0.24,0.0,0.0,0.0,0.0,0.0,0.0,0.0,0.0,0.0,1.0,1.0,0.0,1.0,0.0,0.0,0.0,0.0,0.0,0.0,0.23683847161352137,20.000249998437518,20.30886505937735
5936,237.4,0.98,1,-0.013,0.301,0.082,-0.023,-0.046,0.0,0.0,0.0,0.0,0.23,2.03,0.0,0.01,1.41,1.75,0.01,1.41,0.87,0.96,0.0,0.27,0.0,0.0,0.0,0.0,0.0,0.0,0.0,0.0,0.0,1.0,1.0,0.0,1.0,0.0,0.0,0.0,0.0,0.0,0.0,0.22869767319072998,20.203960007879687,20.308865059377577
5937,237.44,0.98,1,-0.004,0.299,0.082,-0.028,-0.044,0.0,0.0,0.0,0.0,0.21,1.99,0.0,0.01,1.42,1.67,0.0,1.35,0.86,0.94,0.0,0.17,0.0,0.0,0.0,0.0,0.0,0.0,0.0,0.0,0.0,1.0,1.0,0.0,1.0,0.0,0.0,0.0,0.0,0.0,0.0,0.22134934095336922,21.423351745233383,21.40584032454681
5938,237.48,0.98,1,-0.001,0.283,0.065,-0.026,-0.043,0.0,0.0,0.0,0.0,0.21,1.89,0.0,0.01,1.43,1.72,0.0,1.4,0.75,1.01,0.0,0.11,0.0,0.0,0.0,0.0,0.0,0.0,0.0,0.0,0.0,1.0,1.0,0.0,1.0,0.0,0.0,0.0,0.0,0.0,0.0,0.21772329661360212,21.22357180118375,21.10379112861018
5939,237.52,0.98,1,-0.007,0.281,0.073,-0.026,-0.044,0.0,0.0,0.0,0.0,0.28,1.98,0.0,0.02,1.46,1.79,0.0,1.46,0.75,1.02,0.0,0.11,0.0,0.0,0.0,0.0,0.0,0.0,1.0,0.0,0.0,1.0,1.0,0.0,1.0,0.0,0.0,0.0,0.0,0.0,0.0,0.22091247166303152,21.65202069091927,21.40000000000009
5940,237.56,0.98,1,-0.018,0.283,0.078,-0.023,-0.049,0.0,0.0,0.0,0.0,0.35,2.16,0.0,0.01,1.47,1.83,0.0,1.49,0.71,1.09,0.0,0.13,0.0,0.0,0.0,0.0,0.0,1.0,1.0,0.0,0.0,1.0,1.0,0.0,1.0,0.0,0.0,0.0,0.0,0.0,0.0,0.23068131133453773,21.927608168699205,21.70575960430784
5941,237.6,0.98,1,-0.017,0.271,0.074,-0.022,-0.05,0.0,0.0,0.0,0.0,0.39,2.31,0.0,0.07,1.44,1.89,0.0,1.34,0.75,1.07,0.0,0.13,0.0,0.0,0.0,0.0,0.0,1.0,1.0,0.0,0.0,1.0,1.0,0.0,1.0,0.0,0.0,0.0,0.0,0.0,0.0,0.2299070231309468,22.2272355456094,22.300896842952483
5942,237.64,0.98,1,-0.019,0.278,0.075,-0.02,-0.05,0.0,0.0,0.0,0.0,0.38,2.36,0.0,0.06,1.41,1.88,0.0,1.29,0.72,1.13,0.0,0.12,0.0,0.0,0.0,0.0,0.0,1.0,1.0,0.0,0.0,1.0,1.0,0.0,1.0,0.0,0.0,0.0,0.0,0.0,0.0,0.22196950293900924,22.322410264127125,22.510886255321005
5943,237.68,0.98,1,-0.014,0.276,0.068,-0.023,-0.049,0.0,0.0,0.0,0.0,0.33,2.25,0.0,0.09,1.41,1.85,0.0,1.25,0.58,1.11,0.0,0.12,0.0,0.0,0.0,0.0,0.0,1.0,1.0,0.0,0.0,1.0,1.0,0.0,1.0,0.0,0.0,0.0,0.0,0.0,0.0,0.22040504823159562,22.23803048833242,23.005434140654682
5944,237.72,0.98,1,-0.011,0.276,0.076,-0.019,-0.052,0.0,0.0,0.0,0.03,0.33,2.2,0.0,0.05,1.4,1.75,0.11,1.31,0.48,1.11,0.0,0.2,0.0,0.0,0.0,0.0,0.0,1.0,1.0,0.0,0.0,1.0,1.0,0.0,1.0,0.0,0.0,0.0,0.0,0.0,0.0,0.22750207214928458,22.437691503361123,22.91069619195375
5945,237.76,0.98,1,-0.01,0.27,0.07,-0.019,-0.051,0.0,0.0,0.0,0.07,0.32,2.11,0.0,0.06,1.4,1.63,0.13,1.28,0.43,1.16,0.0,0.14,0.0,0.0,0.0,0.0,0.0,1.0,1.0,0.0,0.0,1.0,1.0,0.0,1.0,0.0,0.0,0.0,0.0,0.0,0.0,0.2225668219178867,22.656566377101502,23.013908837918
5946,237.8,0.98,1,-0.012,0.27,0.072,-0.016,-0.049,0.0,0.0,0.0,0.09,0.34,2.18,0.0,0.1,1.35,1.64,0.19,1.28,0.49,1.19,0.0,0.15,0.0,0.0,0.0,0.0,0.0,1.0,1.0,0.0,0.0,1.0,1.0,0.0,1.0,0.0,0.0,0.0,0.0,0.0,0.0,0.23197521674025667,22.671568097509173,23.207757323791586
5947,237.84,0.98,1,-0.014,0.272,0.074,-0.017,-0.05,0.0,0.0,0.0,0.06,0.29,2.19,0.0,0.1,1.33,1.4,0.08,1.25,0.51,1.24,0.0,0.11,0.0,0.0,0.0,0.0,0.0,1.0,1.0,0.0,0.0,1.0,1.0,0.0,1.0,0.0,0.0,0.0,0.0,0.0,0.0,0.23255581513249554,22.67156809750941,22.714092541856083
5948,237.88,0.98,1,-0.013,0.275,0.08,-0.013,-0.051,0.0,0.0,0.0,0.17,0.25,2.28,0.0,0.08,1.24,1.38,0.07,1.23,0.52,1.18,0.0,0.11,0.0,0.0,0.0,0.0,0.0,1.0,1.0,0.0,0.0,1.0,1.0,0.0,1.0,0.0,0.0,0.0,0.0,0.0,0.0,0.24095277391064895,22.480435938833658,22.91069619195375
5949,237.92,0.98,1,-0.019,0.295,0.095,-0.009,-0.053,0.0,0.0,0.0,0.15,0.19,2.27,0.0,0.01,1.21,1.24,0.0,1.17,0.6,1.19,0.0,0.12,0.0,0.0,0.0,0.0,0.0,1.0,1.0,0.0,0.0,1.0,1.0,0.0,1.0,0.0,0.0,0.0,0.0,0.0,0.0,0.2378053042354732,22.663847863944156,22.208106627986144
5950,237.96,0.98,1,-0.024,0.303,0.079,-0.01,-0.027,0.0,0.0,0.0,0.15,0.11,2.36,0.0,0.0,1.12,1.3,0.1,1.03,0.64,1.16,0.0,0.05,0.0,0.0,0.0,0.0,0.0,1.0,1.0,0.0,0.0,1.0,1.0,0.0,1.0,0.0,0.0,0.0,0.0,0.0,0.0,0.2252605752723874,22.996086623597595,22.91767876552955
5951,238.0,0.98,1,-0.019,0.297,0.094,-0.013,-0.042,0.03,0.0,0.0,0.0,0.04,2.2,0.0,0.0,1.12,1.19,0.1,0.95,0.59,1.13,0.0,0.05,0.0,0.0,0.0,0.0,0.0,0.0,1.0,0.0,0.0,1.0,1.0,0.0,1.0,0.0,0.0,0.0,0.0,0.0,0.0,0.2377767017032112,22.987170334775964,23.301931250434972
5952,238.04,0.98,1,-0.02,0.275,0.071,-0.009,-0.04,0.03,0.0,0.0,0.01,0.0,2.02,0.0,0.0,1.02,1.05,0.1,0.82,0.55,0.99,0.0,0.0,0.0,0.0,0.0,0.0,0.0,0.0,1.0,0.0,0.0,1.0,1.0,0.0,1.0,0.0,0.0,0.0,0.0,0.0,0.0,0.24563743077175548,23.58495283014151,23.005434140654682
5953,238.08,0.98,1,-0.016,0.272,0.081,-0.002,-0.027,0.03,0.0,0.0,0.01,0.01,1.84,0.0,0.0,1.03,0.94,0.0,0.88,0.47,0.97,0.0,0.0,0.0,0.0,0.0,0.0,0.0,0.0,1.0,0.0,0.0,1.0,1.0,0.0,1.0,0.0,0.0,0.0,0.0,0.0,0.0,0.24749711826874765,22.97128642457793,23.800840321299535
5954,238.12,0.98,1,-0.019,0.296,0.078,-0.017,-0.011,0.0,0.0,0.0,0.01,0.01,1.82,0.0,0.0,1.01,0.72,0.0,0.87,0.34,0.84,0.0,0.0,0.0,0.0,0.0,0.0,0.0,0.0,1.0,0.0,0.0,1.0,1.0,0.0,1.0,0.0,0.0,0.0,0.0,0.0,0.0,0.23882053129344114,23.71181140275867,23.610379073619207
5955,238.16,0.98,1,-0.022,0.265,0.085,-0.008,-0.015,0.0,0.0,0.0,0.0,0.01,2.03,0.0,0.0,1.06,0.69,0.04,1.04,0.22,0.93,0.0,0.01,0.0,0.0,0.0,0.0,0.0,0.0,1.0,0.0,0.0,1.0,1.0,0.0,1.0,0.0,0.0,0.0,0.0,0.0,0.0,0.25145360856142135,23.544001359157377,23.80189068120448
5956,238.2,0.98,1,-0.015,0.296,0.073,-0.018,-0.005,0.0,0.0,0.0,0.02,0.01,2.19,0.0,0.12,1.07,0.66,0.04,0.94,0.12,0.81,0.0,0.01,0.0,0.0,0.0,0.0,0.0,0.0,1.0,0.0,0.0,1.0,1.0,0.0,1.0,0.0,0.0,0.0,0.0,0.0,0.0,0.2438266832508248,23.423279018958848,23.813441582434255
5957,238.24,0.98,1,-0.006,0.283,0.068,-0.011,-0.026,0.0,0.0,0.0,0.02,0.01,2.1,0.0,0.17,1.08,0.7,0.04,0.98,0.2,0.84,0.0,0.01,0.0,0.0,0.0,0.0,0.0,0.0,1.0,0.0,0.0,1.0,1.0,0.0,1.0,0.0,0.0,0.0,0.0,0.0,0.0,0.24663229000460024,23.43373636448097,24.712952069714415
5958,238.28,0.98,1,0.014,0.267,0.063,-0.029,-0.013,0.0,0.0,0.0,0.02,0.02,2.08,0.0,0.27,1.06,0.75,0.0,0.83,0.19,0.56,0.0,0.0,0.0,0.0,0.0,0.0,0.0,0.0,1.0,0.0,0.0,1.0,1.0,0.0,1.0,0.0,0.0,0.0,0.0,0.0,0.0,0.28051320387080714,23.169807940507415,24.413111231467493
5959,238.32,0.98,1,-0.001,0.299,0.069,-0.02,-0.034,0.19,0.08,0.0,0.0,0.01,1.7,0.0,0.3,1.03,0.92,0.0,0.73,0.25,0.31,0.0,0.0,0.66,0.0,0.0,0.0,0.0,0.0,1.0,0.0,0.0,1.0,1.0,0.0,1.0,0.0,0.0,0.0,0.0,0.0,0.0,0.23945910293927342,23.28604732452466,23.5
5960,238.36,0.98,1,0.027,0.422,0.062,-0.021,-0.044,0.49,0.19,0.0,0.0,0.01,1.64,0.0,0.49,1.06,1.07,0.0,0.53,0.27,0.07,0.0,0.0,1.47,0.0,0.0,0.0,0.0,0.0,1.0,0.0,0.0,1.0,1.0,0.0,1.0,0.0,0.0,0.0,0.0,0.0,1.0,0.192561176604796,17.018813119603845,21.060864179800404
5961,238.4,0.98,1,-0.023,0.428,0.05,-0.026,-0.043,0.63,0.19,0.0,0.0,0.0,1.35,0.0,0.5,1.0,0.94,0.0,0.48,0.35,0.0,0.0,0.0,2.04,0.0,0.0,0.0,0.0,0.0,1.0,0.0,0.0,1.0,1.0,0.0,1.0,0.0,0.0,0.0,0.0,0.0,1.0,0.17078816834824975,16.451443705644664,20.28915966717207
5962,238.44,0.98,1,-0.018,0.422,0.061,-0.008,-0.039,0.53,0.24,0.0,0.03,0.0,1.72,0.0,0.41,0.99,0.81,0.0,0.52,0.33,0.0,0.0,0.05,1.81,0.0,0.0,0.0,0.0,0.0,1.0,0.0,0.0,1.0,1.0,0.0,0.0,0.0,0.0,0.0,0.0,0.0,1.0,0.17026614190749842,18.401086924418216,21.194574777522803
5963,238.48,0.98,1,-0.029,0.347,0.06,-0.011,-0.033,0.23,0.13,0.0,0.03,0.03,1.97,0.0,0.4,0.88,0.72,0.04,0.59,0.29,0.0,0.0,0.05,1.21,0.0,0.0,0.0,0.0,0.0,1.0,0.0,0.0,1.0,1.0,0.0,0.0,0.0,0.0,0.0,0.0,0.0,1.0,0.18850272119095945,18.717104476921687,19.972481067709236
5964,238.52,0.98,1,-0.018,0.32,0.059,-0.021,-0.04,0.09,0.13,0.0,0.03,0.09,2.32,0.0,0.51,0.89,0.87,0.04,0.52,0.18,0.0,0.0,0.05,0.83,0.0,0.0,0.0,0.0,0.0,1.0,0.0,0.0,1.0,1.0,0.0,0.0,0.0,0.0,0.0,0.0,0.0,0.0,0.191715258365668,16.204937519163767,18.027756377319946
5965,238.56,0.98,1,-0.012,0.303,0.053,-0.02,-0.042,0.05,0.0,0.0,0.0,0.09,2.35,0.0,0.58,0.88,0.9,0.04,0.51,0.13,0.0,0.0,0.0,0.41,0.0,0.0,0.0,0.0,0.0,1.0,0.0,0.0,1.0,1.0,0.0,0.0,0.0,0.0,0.0,0.0,0.0,0.0,0.18935368924006693,18.006943105369107,18.406792224610864
5966,238.6,0.98,1,-0.029,0.32,0.075,-0.016,-0.034,0.12,0.14,0.0,0.0,0.07,2.4,0.0,0.55,0.94,0.89,0.0,0.53,0.11,0.0,0.0,0.02,0.2,0.0,0.0,0.0,0.0,0.0,1.0,0.0,0.0,1.0,1.0,0.0,0.0,0.0,0.0,0.0,0.0,0.0,0.0,0.22284858335436483,19.909043171383292,19.50922858546693
5967,238.64,0.98,1,-0.03,0.301,0.053,-0.017,-0.039,0.15,0.18,0.0,0.0,0.0,2.34,0.0,0.45,0.95,0.85,0.0,0.57,0.1,0.0,0.0,0.02,0.0,0.0,0.0,0.0,0.0,0.0,1.0,0.0,0.0,1.0,1.0,0.0,0.0,0.0,0.0,0.0,0.0,0.0,0.0,0.22422660663787847,20.09999999999991,19.300259065618736
5968,238.68,0.98,1,-0.018,0.298,0.072,-0.01,-0.034,0.1,0.18,0.0,0.0,0.0,2.2,0.0,0.47,0.94,0.68,0.0,0.66,0.1,0.07,0.0,0.05,0.0,0.0,0.0,0.0,0.0,0.0,1.0,0.0,0.0,1.0,1.0,0.0,0.0,0.0,0.0,0.0,0.0,0.0,0.0,0.23293794330140685,18.799999999999955,20.300246303924446
5969,238.72,0.98,1,-0.019,0.263,0.056,-0.027,-0.019,0.07,0.09,0.0,0.0,0.0,2.27,0.0,0.35,0.89,0.8,0.0,0.6,0.05,0.06,0.0,0.03,0.05,0.0,0.0,0.0,0.0,0.0,1.0,0.0,0.0,1.0,1.0,0.0,0.0,0.0,0.0,0.0,0.0,0.0,0.0,0.23822262200696304,20.200000000000045,20.302216627748
5970,238.76,0.98,1,-0.02,0.284,0.058,-0.02,-0.039,0.04,0.15,0.0,0.01,0.0,2.31,0.0,0.3,0.9,0.81,0.0,0.6,0.03,0.08,0.0,0.03,0.09,0.0,0.0,0.0,0.0,0.0,1.0,0.0,0.0,1.0,1.0,0.0,0.0,0.0,0.0,0.0,0.0,0.0,0.0,0.23793253180906798,21.5,20.30098519776829
5971,238.8,0.98,1,-0.024,0.276,0.052,-0.016,-0.041,0.05,0.16,0.0,0.11,0.0,2.25,0.0,0.25,0.92,0.95,0.0,0.51,0.0,0.01,0.0,0.0,0.09,0.0,0.0,0.0,0.0,0.0,1.0,0.0,0.0,1.0,1.0,0.0,0.0,0.0,0.0,0.0,0.0,0.0,0.0,0.2505617052519354,19.712432625122702,21.30023474049049
5972,238.84,0.98,1,-0.029,0.273,0.053,-0.017,-0.046,0.02,0.22,0.0,0.11,0.0,2.08,0.0,0.27,0.92,0.83,0.0,0.5,0.0,0.01,0.0,0.0,0.05,0.0,0.0,0.0,0.0,0.0,1.0,0.0,0.0,1.0,1.0,0.0,1.0,0.0,0.0,0.0,0.0,0.0,0.0,0.2549483327285118,20.229928324143728,21.30586773637718
5973,238.88,0.98,1,-0.022,0.271,0.043,-0.019,-0.042,0.02,0.16,0.0,0.1,0.0,1.97,0.0,0.29,0.95,0.86,0.0,0.5,0.0,0.0,0.0,0.0,0.01,0.0,0.0,0.0,0.0,0.0,1.0,0.0,0.0,1.0,1.0,0.0,0.0,0.0,0.0,0.0,0.0,0.0,0.0,0.24815712817557004,20.220039564748674,21.905707018948146
5974,238.92,0.98,1,-0.023,0.273,0.045,-0.022,-0.044,0.0,0.15,0.0,0.0,0.0,2.01,0.0,0.29,0.94,0.88,0.0,0.49,0.0,0.0,0.01,0.0,0.01,0.0,0.0,0.0,0.0,0.0,1.0,0.0,0.0,1.0,1.0,0.0,0.0,0.0,0.0,0.0,0.0,0.0,0.0,0.2529050575976368,20.61552812808821,22.603539545832106
5975,238.96,0.98,1,-0.011,0.276,0.048,-0.018,-0.046,0.0,0.04,0.0,0.0,0.0,2.0,0.0,0.33,0.91,0.9,0.0,0.5,0.03,0.01,0.01,0.0,0.0,0.0,0.0,0.0,0.0,0.0,1.0,0.0,0.0,1.0,1.0,0.0,1.0,0.0,0.0,0.0,0.0,0.0,0.0,0.24881455209517342,20.724140512938092,22.700220263248593
5976,239.0,0.98,1,-0.004,0.283,0.059,-0.016,-0.046,0.0,0.0,0.0,0.0,0.0,1.98,0.0,0.37,0.86,0.8,0.0,0.38,0.03,0.06,0.01,0.0,0.0,0.0,0.0,0.0,0.0,0.0,1.0,0.0,0.0,1.0,1.0,0.0,0.0,0.0,0.0,0.0,0.0,0.0,0.0,0.23036432743658614,21.523243250030884,22.400892839348924
5977,239.04,0.98,1,-0.004,0.299,0.06,-0.01,-0.05,0.0,0.0,0.0,0.0,0.0,1.98,0.0,0.4,0.85,0.76,0.0,0.34,0.03,0.1,0.07,0.0,0.0,0.0,0.0,0.0,0.0,0.0,1.0,0.0,0.0,1.0,1.0,0.0,0.0,0.0,0.0,0.0,0.0,0.0,0.0,0.2216931282591812,21.21155345560532,21.90205469813287
5978,239.08,0.98,1,0.004,0.271,0.044,-0.009,-0.045,0.01,0.04,0.0,0.09,0.0,2.03,0.0,0.41,0.86,0.67,0.0,0.31,0.0,0.09,0.13,0.0,0.0,0.0,0.0,0.0,0.0,0.0,1.0,0.0,0.0,1.0,1.0,0.0,0.0,0.0,0.0,0.0,0.0,0.0,0.0,0.22300323589104265,21.40840956259955,22.600884938426773
5979,239.12,0.98,1,0.0,0.275,0.055,-0.009,-0.046,0.01,0.05,0.0,0.17,0.0,2.07,0.0,0.43,0.88,0.62,0.0,0.39,0.0,0.05,0.15,0.0,0.0,0.0,0.0,0.0,0.0,0.0,1.0,0.0,0.0,1.0,1.0,0.0,0.0,0.0,0.0,0.0,0.0,0.0,0.0,0.22875663989056078,21.618741869035674,23.501914815605982
5980,239.16,0.98,1,0.012,0.271,0.054,-0.01,-0.045,0.01,0.05,0.0,0.17,0.01,2.03,0.0,0.37,0.85,0.56,0.0,0.39,0.0,0.07,0.08,0.0,0.0,0.0,0.0,0.0,0.0,0.0,1.0,0.0,0.0,1.0,1.0,0.0,0.0,0.0,0.0,0.0,0.0,0.0,0.0,0.23656451730735967,21.733154395991207,23.400213674238195
5981,239.2,0.98,1,0.013,0.275,0.046,-0.01,-0.043,0.0,0.01,0.0,0.08,0.01,2.06,0.0,0.35,0.85,0.63,0.0,0.37,0.0,0.1,0.03,0.0,0.0,0.0,0.0,0.0,0.0,0.0,1.0,0.0,0.0,1.0,1.0,0.0,0.0,0.0,0.0,0.0,0.0,0.0,0.0,0.23084735327903413,21.4457454988164,23.403418553707155
5982,239.24,0.98,1,0.015,0.283,0.059,-0.013,-0.044,0.0,0.01,0.0,0.04,0.01,2.08,0.0,0.3,0.8,0.65,0.0,0.32,0.0,0.16,0.03,0.0,0.0,0.0,0.0,0.0,0.0,0.0,1.0,0.0,0.0,1.0,1.0,0.0,0.0,0.0,0.0,0.0,0.0,0.0,0.0,0.23293423189070306,21.745114393812738,23.59999999999991
5983,239.28,0.98,1,0.003,0.27,0.048,-0.011,-0.042,0.0,0.01,0.0,0.04,0.0,2.0,0.0,0.27,0.79,0.68,0.0,0.3,0.0,0.17,0.07,0.0,0.0,0.0,0.0,0.0,0.0,0.0,1.0,0.0,0.0,1.0,1.0,0.0,0.0,0.0,0.0,0.0,0.0,0.0,0.0,0.22650355843196524,21.439449619801206,23.70189865812446
5984,239.32,0.98,1,0.006,0.269,0.055,-0.013,-0.042,0.0,0.01,0.0,0.04,0.0,1.81,0.0,0.2,0.76,0.63,0.0,0.27,0.0,0.2,0.07,0.0,0.0,0.0,0.0,0.0,0.0,0.0,1.0,0.0,0.0,1.0,1.0,0.0,0.0,0.0,0.0,0.0,0.0,0.0,0.0,0.2315191291567094,21.445745498816407,23.90522955338443
5985,239.36,0.98,1,0.006,0.265,0.053,-0.011,-0.043,0.0,0.0,0.0,0.01,0.0,1.78,0.0,0.2,0.76,0.71,0.0,0.28,0.01,0.19,0.04,0.03,0.0,0.0,0.0,0.0,0.0,0.0,1.0,0.0,0.0,1.0,1.0,0.0,0.0,0.0,0.0,0.0,0.0,0.0,0.0,0.23131912831838844,22.14429949219451,23.807561823924722
5986,239.4,0.98,1,0.01,0.286,0.06,-0.011,-0.043,0.0,0.0,0.0,0.01,0.0,1.91,0.0,0.26,0.83,0.79,0.0,0.28,0.01,0.16,0.01,0.03,0.0,0.0,0.0,0.0,0.0,0.0,1.0,0.0,0.0,1.0,1.0,0.0,0.0,0.0,0.0,0.0,0.0,0.0,0.0,0.2365766901325559,21.83872706913107,23.200215516240405
5987,239.44,0.98,1,0.026,0.274,0.047,-0.015,-0.041,0.0,0.0,0.0,0.03,0.0,2.08,0.0,0.35,0.85,0.89,0.0,0.28,0.01,0.17,0.01,0.03,0.0,0.0,0.0,0.0,0.0,0.0,1.0,0.0,0.0,1.0,1.0,0.0,0.0,0.0,0.0,0.0,0.0,0.0,0.0,0.2295047023846281,22.44370735863382,23.90522955338443
5988,239.48,0.98,1,0.02,0.286,0.056,-0.015,-0.043,0.0,0.08,0.0,0.02,0.0,2.06,0.0,0.28,0.91,0.85,0.0,0.3,0.0,0.15,0.02,0.0,0.0,0.0,0.0,0.0,0.0,0.0,1.0,0.0,0.0,1.0,1.0,0.0,0.0,0.0,0.0,0.0,0.0,0.0,0.0,0.23633989798309246,22.238030488332193,23.601906702637304
5989,239.52,0.98,1,0.025,0.254,0.044,-0.014,-0.043,0.0,0.08,0.0,0.05,0.0,2.12,0.0,0.22,0.89,0.82,0.0,0.37,0.0,0.11,0.02,0.0,0.0,0.0,0.0,0.0,0.0,0.0,1.0,0.0,0.0,1.0,1.0,0.0,0.0,0.0,0.0,0.0,0.0,0.0,0.0,0.24918122516724872,22.018401395196697,23.501914815605982
5990,239.56,0.98,1,0.012,0.283,0.052,-0.017,-0.043,0.0,0.08,0.0,0.03,0.0,2.03,0.02,0.23,0.92,0.71,0.0,0.4,0.01,0.04,0.02,0.0,0.0,0.0,0.0,0.0,0.0,0.0,1.0,0.0,0.0,1.0,1.0,0.0,0.0,0.0,0.0,0.0,0.0,0.0,0.0,0.24460544409785173,21.92281916177762,22.500888871331284
5991,239.6,0.98,1,0.014,0.278,0.055,-0.015,-0.033,0.0,0.0,0.0,0.05,0.0,2.06,0.04,0.27,0.96,0.61,0.0,0.45,0.06,0.0,0.09,0.01,0.0,0.0,0.0,0.0,0.0,0.0,1.0,0.0,0.0,1.0,1.0,0.0,0.0,0.0,0.0,0.0,0.0,0.0,0.0,0.24092886029509727,22.56413082748813,22.500888871331284
5992,239.64,0.98,1,0.006,0.284,0.064,-0.017,-0.031,0.0,0.0,0.0,0.01,0.0,2.02,0.04,0.29,0.94,0.47,0.0,0.43,0.07,0.04,0.08,0.01,0.0,0.0,0.0,0.0,0.0,0.0,1.0,0.0,0.0,1.0,1.0,0.0,0.0,0.0,0.0,0.0,0.0,0.0,0.0,0.24540264465606268,22.978685776170785,23.10086578464097
5993,239.68,0.98,1,-0.01,0.279,0.039,-0.01,-0.035,0.0,0.0,0.0,0.09,0.0,2.1,0.03,0.25,0.87,0.48,0.0,0.54,0.14,0.04,0.09,0.01,0.0,0.0,0.0,0.0,0.0,0.0,1.0,0.0,0.0,1.0,1.0,0.0,0.0,0.0,0.0,0.0,0.0,0.0,0.0,0.2263419112911302,22.726636354727063,22.50199991111901
5994,239.72,0.98,1,-0.0,0.278,0.055,-0.011,-0.03,0.0,0.0,0.0,0.08,0.0,2.15,0.0,0.24,0.77,0.45,0.0,0.48,0.1,0.08,0.02,0.0,0.0,0.0,0.0,0.0,0.0,0.0,1.0,0.0,0.0,1.0,1.0,0.0,0.0,0.0,0.0,0.0,0.0,0.0,0.0,0.2339866935247471,21.858636736997074,24.100829861230828
5995,239.76,0.98,1,-0.009,0.278,0.037,-0.013,-0.036,0.0,0.0,0.0,0.08,0.0,2.11,0.0,0.25,0.75,0.44,0.0,0.56,0.15,0.1,0.02,0.0,0.0,0.0,0.0,0.0,0.0,0.0,1.0,0.0,0.0,1.0,1.0,0.0,1.0,0.0,0.0,0.0,0.0,0.0,0.0,0.22639917562130038,22.426992665090076,22.701982292302187
5996,239.8,0.98,1,-0.006,0.285,0.048,-0.013,-0.043,0.0,0.0,0.0,0.0,0.0,2.04,0.0,0.18,0.76,0.33,0.0,0.55,0.13,0.13,0.01,0.0,0.0,0.0,0.0,0.0,0.0,0.0,1.0,0.0,0.0,1.0,1.0,0.0,1.0,0.0,0.0,0.0,0.0,0.0,0.0,0.23243033687131187,22.626754075651373,22.803508501982943
5997,239.84,0.98,1,-0.007,0.282,0.044,-0.013,-0.044,0.0,0.0,0.0,0.0,0.0,1.96,0.0,0.17,0.76,0.36,0.0,0.69,0.13,0.09,0.03,0.0,0.0,0.0,0.0,0.0,0.0,0.0,1.0,0.0,0.0,1.0,1.0,0.0,1.0,0.0,0.0,0.0,0.0,0.0,0.0,0.2329462877433066,22.522211259110417,23.30343322345462
5998,239.88,0.98,1,-0.013,0.277,0.044,-0.013,-0.046,0.17,0.03,0.0,0.0,0.0,1.74,0.0,0.1,0.79,0.38,0.0,0.71,0.06,0.03,0.13,0.0,0.58,0.0,0.0,0.0,0.0,0.0,1.0,0.0,0.0,1.0,1.0,0.0,1.0,0.0,0.0,0.0,0.0,0.0,0.0,0.23383452016896977,21.500930212434998,22.303587155433046
5999,239.92,0.98,1,-0.007,0.366,0.049,-0.015,-0.033,0.37,0.1,0.0,0.0,0.0,1.35,0.0,0.24,0.9,0.62,0.01,0.67,0.13,0.0,0.26,0.0,1.43,0.0,0.0,0.0,0.0,0.0,1.0,0.0,0.0,1.0,1.0,0.0,1.0,0.0,0.0,0.0,0.0,0.0,1.0,0.19716357219688296,18.7096231923575,19.184629264075067
6000,239.96,0.98,1,-0.015,0.437,0.042,-0.033,-0.037,0.44,0.1,0.0,0.0,0.0,1.02,0.0,0.28,0.98,0.61,0.01,0.68,0.2,0.0,0.34,0.0,2.14,0.0,0.0,0.0,0.0,0.0,1.0,0.0,0.0,1.0,1.0,0.0,1.0,0.0,0.0,0.0,0.0,0.0,1.0,0.17028905624265667,15.592947123619696,20.180436070610707
6001,240.0,0.98,1,0.003,0.413,0.042,-0.018,-0.026,0.27,0.07,0.0,0.0,0.0,1.06,0.0,0.41,1.0,0.74,0.01,0.69,0.22,0.0,0.29,0.0,1.97,0.0,0.0,0.0,0.0,0.0,1.0,0.0,0.0,1.0,1.0,0.0,1.0,0.0,0.0,0.0,0.0,0.0,1.0,0.16918187735295906,17.980545041794564,20.8865985742056
6002,240.04,0.98,1,-0.014,0.333,0.029,-0.019,-0.032,0.07,0.0,0.0,0.0,0.0,1.54,0.0,0.35,0.91,0.71,0.0,0.75,0.08,0.0,0.15,0.0,1.49,0.0,0.0,0.0,0.0,0.0,1.0,0.0,0.0,1.0,1.0,0.0,1.0,0.0,0.0,0.0,0.0,0.0,1.0,0.17983708483109045,18.638669480410794,20.455072720477034
6003,240.08,0.98,1,0.02,0.318,0.047,-0.028,-0.039,0.0,0.0,0.0,0.0,0.0,1.87,0.0,0.44,0.88,0.93,0.01,0.78,0.02,0.0,0.05,0.0,1.03,0.0,0.0,0.0,0.0,0.0,1.0,0.0,0.0,1.0,1.0,0.0,1.0,0.0,0.0,0.0,0.0,0.0,1.0,0.1898026762209834,17.00470523119998,16.975570682601596
6004,240.12,0.98,1,-0.008,0.311,0.05,-0.026,-0.043,0.0,0.0,0.0,0.0,0.02,2.09,0.0,0.42,0.88,1.01,0.01,0.72,0.0,0.0,0.0,0.0,0.73,0.0,0.0,0.0,0.0,0.0,1.0,0.0,0.0,1.0,1.0,0.0,1.0,0.0,0.0,0.0,0.0,0.0,0.0,0.18773471025822297,17.30028901492707,18.113530854032987
6005,240.16,0.98,1,-0.017,0.298,0.041,-0.02,-0.046,0.0,0.0,0.0,0.1,0.05,1.99,0.0,0.41,0.93,0.94,0.01,0.68,0.0,0.0,0.0,0.0,0.44,0.0,0.0,0.0,0.0,0.0,1.0,0.0,0.0,1.0,1.0,0.0,1.0,0.0,0.0,0.0,0.0,0.0,0.0,0.18366736217127266,18.217573932881447,18.509727172489605
6006,240.2,0.98,1,-0.014,0.284,0.031,-0.02,-0.041,0.0,0.0,0.0,0.16,0.08,2.01,0.0,0.32,1.01,0.85,0.0,0.55,0.0,0.0,0.0,0.0,0.2,0.0,0.0,0.0,0.0,0.0,1.0,0.0,0.0,1.0,1.0,0.0,1.0,0.0,0.0,0.0,0.0,0.0,0.0,0.1925011295090286,19.11282292075131,19.406442229321776
6007,240.24,0.98,1,-0.012,0.286,0.037,-0.024,-0.044,0.0,0.0,0.0,0.16,0.06,1.94,0.0,0.3,1.02,0.69,0.0,0.47,0.0,0.0,0.0,0.0,0.08,0.0,0.0,0.0,0.0,0.0,1.0,0.0,0.0,1.0,1.0,0.0,0.0,0.0,0.0,0.0,0.0,0.0,0.0,0.20532504110767819,18.906612599828755,19.606376513777256
6008,240.28,0.98,1,-0.016,0.284,0.043,-0.018,-0.045,0.0,0.0,0.0,0.06,0.04,2.06,0.0,0.27,1.01,0.65,0.0,0.42,0.0,0.0,0.0,0.0,0.0,0.0,0.0,0.0,0.0,0.0,1.0,0.0,0.0,1.0,1.0,0.0,0.0,0.0,0.0,0.0,0.0,0.0,0.0,0.21369759978745995,19.406442229321776,20.10099500024803
6009,240.32,0.98,1,-0.017,0.277,0.039,-0.016,-0.043,0.0,0.0,0.0,0.0,0.0,2.01,0.0,0.32,1.0,0.62,0.0,0.37,0.0,0.0,0.0,0.0,0.0,0.0,0.0,0.0,0.0,0.0,1.0,0.0,0.0,1.0,1.0,0.0,0.0,0.0,0.0,0.0,0.0,0.0,0.0,0.2143892642390636,19.901004999747993,20.300985197768068
6010,240.36,0.98,1,-0.026,0.277,0.035,-0.019,-0.039,0.0,0.01,0.0,0.08,0.0,1.97,0.0,0.36,1.01,0.56,0.03,0.36,0.0,0.0,0.04,0.0,0.0,0.0,0.0,0.0,0.0,0.0,1.0,0.0,0.0,1.0,1.0,0.0,0.0,0.0,0.0,0.0,0.0,0.0,0.0,0.21739213724303647,19.602295783912567,20.900956915892497
6011,240.4,0.98,1,-0.021,0.282,0.044,-0.018,-0.04,0.0,0.01,0.0,0.08,0.01,1.93,0.0,0.38,1.03,0.51,0.03,0.36,0.0,0.04,0.04,0.0,0.0,0.0,0.0,0.0,0.0,0.0,1.0,0.0,0.0,1.0,1.0,0.0,0.0,0.0,0.0,0.0,0.0,0.0,0.0,0.22083569670611114,19.900251254695345,21.20377324911776
6012,240.44,0.98,1,-0.006,0.257,0.036,-0.015,-0.037,0.0,0.06,0.0,0.11,0.01,2.0,0.0,0.3,1.03,0.46,0.03,0.42,0.0,0.1,0.06,0.0,0.0,0.0,0.0,0.0,0.0,0.0,1.0,0.0,0.0,1.0,1.0,0.0,0.0,0.0,0.0,0.0,0.0,0.0,0.0,0.22641146506956936,20.100248754679537,21.50209292138791
6013,240.48,0.98,1,-0.011,0.277,0.05,-0.018,-0.041,0.0,0.05,0.0,0.03,0.06,2.2,0.0,0.23,1.06,0.46,0.0,0.55,0.0,0.16,0.02,0.0,0.0,0.0,0.0,0.0,0.0,0.0,1.0,0.0,0.0,1.0,1.0,0.0,0.0,0.0,0.0,0.0,0.0,0.0,0.0,0.22359630720920753,20.5,21.60023148024127
6014,240.52,0.98,1,-0.012,0.272,0.039,-0.014,-0.038,0.0,0.08,0.0,0.03,0.05,2.21,0.0,0.2,1.05,0.43,0.0,0.54,0.0,0.17,0.02,0.0,0.0,0.0,0.0,0.0,0.0,0.0,1.0,0.0,0.0,1.0,1.0,0.0,1.0,0.0,0.0,0.0,0.0,0.0,0.0,0.2209650661069711,20.699999999999818,21.80573319106693
6015,240.56,0.98,1,-0.006,0.286,0.055,-0.016,-0.045,0.0,0.06,0.0,0.01,0.09,2.23,0.0,0.24,1.07,0.52,0.0,0.49,0.0,0.13,0.0,0.0,0.0,0.0,0.0,0.0,0.0,0.0,1.0,0.0,0.0,1.0,1.0,0.0,1.0,0.0,0.0,0.0,0.0,0.0,0.0,0.2308944221436085,20.300000000000182,21.302112571292035
6016,240.6,0.98,1,-0.008,0.27,0.041,-0.014,-0.042,0.0,0.06,0.0,0.01,0.04,2.19,0.0,0.3,1.03,0.55,0.0,0.4,0.0,0.1,0.0,0.0,0.0,0.0,0.0,0.0,0.0,0.0,1.0,0.0,0.0,1.0,1.0,0.0,1.0,0.0,0.0,0.0,0.0,0.0,0.0,0.2300289745045108,20.60218435020922,21.400934559032788
6017,240.64,0.98,1,-0.009,0.277,0.049,-0.011,-0.041,0.01,0.03,0.0,0.0,0.04,2.25,0.02,0.36,1.03,0.61,0.03,0.36,0.0,0.09,0.0,0.0,0.0,0.0,0.0,0.0,0.0,0.0,1.0,0.0,0.0,1.0,1.0,0.0,1.0,0.0,0.0,0.0,0.0,0.0,0.0,0.2302316665304373,20.70096616102741,21.60092590608088
6018,240.68,0.98,1,-0.019,0.282,0.052,-0.01,-0.041,0.02,0.19,0.0,0.0,0.0,2.24,0.02,0.35,1.01,0.66,0.03,0.43,0.0,0.08,0.02,0.0,0.0,0.0,0.0,0.0,0.0,0.0,1.0,0.0,0.0,1.0,1.0,0.0,1.0,0.0,0.0,0.0,0.0,0.0,0.0,0.2220642656277591,20.802163349036515,21.900913222968672
6019,240.72,0.98,1,-0.016,0.272,0.044,-0.01,-0.039,0.04,0.28,0.0,0.0,0.0,2.25,0.02,0.4,1.03,0.7,0.03,0.48,0.0,0.09,0.02,0.0,0.0,0.0,0.0,0.0,0.0,0.0,1.0,0.0,0.0,1.0,1.0,0.0,1.0,0.0,0.0,0.0,0.0,0.0,0.0,0.2251146074126028,20.503902067655318,21.5
6020,240.76,0.98,1,-0.018,0.273,0.055,-0.011,-0.039,0.03,0.28,0.0,0.0,0.0,2.29,0.0,0.36,1.05,0.68,0.0,0.62,0.0,0.1,0.02,0.0,0.0,0.0,0.0,0.0,0.0,0.0,1.0,0.0,0.0,1.0,1.0,0.0,1.0,0.0,0.0,0.0,0.0,0.0,0.0,0.22482080494946233,20.802163349036515,21.60023148024127
6021,240.8,0.98,1,-0.016,0.269,0.045,-0.015,-0.036,0.08,0.1,0.0,0.0,0.0,2.28,0.0,0.47,1.07,0.59,0.01,0.62,0.0,0.18,0.0,0.0,0.0,0.0,0.0,0.0,0.0,1.0,1.0,0.0,0.0,1.0,1.0,0.0,1.0,0.0,0.0,0.0,0.0,0.0,0.0,0.22752882336968422,20.900239233080654,21.300938946440787
6022,240.84,0.98,1,-0.023,0.281,0.056,-0.012,-0.04,0.06,0.01,0.0,0.0,0.03,2.3,0.0,0.43,1.12,0.67,0.01,0.65,0.0,0.15,0.0,0.0,0.0,0.0,0.0,0.0,0.0,1.0,1.0,0.0,0.0,1.0,1.0,0.0,1.0,0.0,0.0,0.0,0.0,0.0,0.0,0.22795245128138988,20.900239233080427,21.10094784600933
6023,240.88,0.98,1,-0.017,0.28,0.047,-0.016,-0.038,0.1,0.01,0.0,0.0,0.03,2.3,0.0,0.46,1.14,0.8,0.01,0.61,0.0,0.16,0.0,0.0,0.0,0.0,0.0,0.0,0.0,1.0,1.0,0.0,0.0,1.0,1.0,0.0,1.0,0.0,0.0,0.0,0.0,0.0,0.0,0.22293407353426875,20.900956915892497,21.200000000000045
6024,240.92,0.98,1,-0.023,0.29,0.053,-0.01,-0.04,0.1,0.14,0.0,0.0,0.04,2.44,0.03,0.4,1.15,0.84,0.0,0.58,0.0,0.14,0.02,0.0,0.0,0.0,0.0,0.0,0.0,1.0,1.0,0.0,0.0,1.0,1.0,0.0,1.0,0.0,0.0,0.0,0.0,0.0,0.0,0.22115141053562717,21.005951537600005,21.200943375236683
6025,240.96,0.98,1,-0.022,0.286,0.054,-0.009,-0.041,0.1,0.23,0.0,0.01,0.03,2.51,0.03,0.41,1.11,0.79,0.0,0.55,0.0,0.19,0.08,0.0,0.0,0.0,0.0,0.0,0.0,1.0,1.0,0.0,0.0,1.0,1.0,0.0,1.0,0.0,0.0,0.0,0.0,0.0,0.0,0.22189269791544047,20.900956915892724,21.402102700435634
6026,241.0,0.98,1,-0.027,0.29,0.054,-0.008,-0.041,0.11,0.26,0.0,0.01,0.03,2.33,0.02,0.43,1.09,0.72,0.0,0.54,0.0,0.21,0.11,0.0,0.0,0.0,0.0,0.0,0.0,1.0,1.0,0.0,0.0,1.0,1.0,0.0,1.0,0.0,0.0,0.0,0.0,0.0,0.0,0.21426121971864903,21.002142747824564,22.59999999999991
6027,241.04,0.98,1,-0.01,0.293,0.056,-0.011,-0.04,0.04,0.15,0.0,0.01,0.03,2.24,0.0,0.49,1.14,0.74,0.0,0.55,0.0,0.23,0.09,0.0,0.0,0.0,0.0,0.0,0.0,1.0,1.0,0.0,0.0,1.0,1.0,0.0,1.0,0.0,0.0,0.0,0.0,0.0,0.0,0.22074641754844576,21.20377324911776,23.000869548780106
6028,241.08,0.98,1,0.005,0.282,0.039,-0.015,-0.035,0.04,0.06,0.0,0.0,0.01,2.09,0.0,0.49,1.17,0.69,0.0,0.56,0.02,0.2,0.09,0.0,0.0,0.0,0.0,0.0,0.0,1.0,1.0,0.0,0.0,1.0,1.0,0.0,1.0,0.0,0.0,0.0,0.0,0.0,0.0,0.22080036859487356,21.1059233391957,23.10086578464097
6029,241.12,0.98,1,-0.004,0.283,0.058,-0.014,-0.038,0.0,0.03,0.0,0.0,0.09,2.35,0.0,0.45,1.24,0.67,0.0,0.54,0.02,0.17,0.11,0.0,0.0,0.0,0.0,0.0,0.0,1.0,1.0,0.0,0.0,1.0,1.0,0.0,1.0,0.0,0.0,0.0,0.0,0.0,0.0,0.22299243825507062,21.208488866489333,22.90785891348193
6030,241.16,0.98,1,-0.008,0.277,0.048,-0.013,-0.033,0.0,0.0,0.0,0.0,0.14,2.37,0.01,0.43,1.25,0.66,0.0,0.51,0.02,0.2,0.16,0.0,0.0,0.0,0.0,0.0,0.0,1.0,1.0,0.0,0.0,1.0,1.0,0.0,1.0,0.0,0.0,0.0,0.0,0.0,0.0,0.22316322742424333,21.60370338622515,23.205387305537524
6031,241.2,0.98,1,-0.007,0.293,0.06,-0.012,-0.039,0.0,0.04,0.0,0.04,0.18,2.48,0.01,0.38,1.29,0.79,0.0,0.49,0.0,0.21,0.17,0.0,0.0,0.0,0.0,0.0,0.0,1.0,1.0,0.0,0.0,1.0,1.0,0.0,1.0,0.0,0.0,0.0,0.0,0.0,0.0,0.22489007849871834,22.002045359466017,22.903493183355103
6032,241.24,0.98,1,-0.0,0.283,0.047,-0.011,-0.039,0.0,0.04,0.0,0.04,0.14,2.51,0.01,0.42,1.27,0.89,0.0,0.51,0.11,0.27,0.16,0.0,0.0,0.0,0.0,0.0,0.0,1.0,1.0,0.0,0.0,1.0,1.0,0.0,1.0,0.0,0.0,0.0,0.0,0.0,0.0,0.22541907873339692,22.002045359466017,22.90087334579172
6033,241.28,0.98,1,-0.008,0.287,0.054,-0.009,-0.041,0.0,0.04,0.0,0.04,0.11,2.57,0.0,0.36,1.31,0.98,0.0,0.59,0.11,0.27,0.17,0.0,0.0,0.0,0.0,0.0,0.0,1.0,1.0,0.0,0.0,1.0,1.0,0.0,1.0,0.0,0.0,0.0,0.0,0.0,0.0,0.22581643827062764,22.100226243185976,22.90349318335533
6034,241.32,0.98,1,-0.011,0.279,0.043,-0.006,-0.04,0.0,0.01,0.0,0.0,0.12,2.82,0.0,0.34,1.32,0.85,0.0,0.63,0.11,0.21,0.17,0.0,0.0,0.0,0.0,0.0,0.0,1.0,1.0,0.0,0.0,1.0,1.0,0.0,1.0,0.0,0.0,0.0,0.0,0.0,0.0,0.22269770646347434,21.903652663425888,23.103462943896435
6035,241.36,0.98,1,-0.018,0.291,0.063,-0.008,-0.031,0.0,0.01,0.0,0.0,0.12,2.65,0.0,0.39,1.35,0.72,0.0,0.63,0.0,0.1,0.12,0.11,0.0,0.0,0.0,0.0,0.0,1.0,1.0,0.0,0.0,1.0,1.0,0.0,1.0,0.0,0.0,0.0,0.0,0.0,0.0,0.2312567488311832,22.531977276750478,23.09999999999991
6036,241.4,0.98,1,-0.008,0.278,0.056,-0.01,-0.021,0.0,0.01,0.0,0.0,0.17,2.73,0.0,0.47,1.34,0.58,0.0,0.65,0.0,0.05,0.06,0.16,0.0,0.0,0.0,0.0,0.0,1.0,1.0,0.0,0.0,1.0,1.0,0.0,1.0,0.0,0.0,0.0,0.0,0.0,0.0,0.22560962389007355,22.737194198053597,23.200000000000045
6037,241.44,0.98,1,-0.008,0.281,0.054,-0.01,-0.02,0.0,0.09,0.0,0.0,0.11,2.33,0.0,0.52,1.35,0.58,0.0,0.68,0.09,0.05,0.0,0.2,0.52,0.0,0.0,0.0,0.0,0.0,1.0,0.0,0.0,1.0,1.0,0.0,1.0,0.0,0.0,0.0,0.0,0.0,0.0,0.2185552015596235,22.327113561766062,23.500212764994277
6038,241.48,0.98,1,-0.019,0.347,0.053,-0.009,-0.018,0.18,0.09,0.0,0.0,0.08,1.64,0.0,0.6,1.46,0.88,0.0,0.71,0.2,0.05,0.14,0.09,1.45,0.0,1.0,0.0,0.0,0.0,1.0,0.0,0.0,1.0,1.0,0.0,1.0,0.0,0.0,0.0,0.0,0.0,1.0,0.1984162397804607,20.09999999999991,18.27922317824261
6039,241.52,0.98,1,-0.012,0.413,0.04,-0.033,-0.024,0.29,0.16,0.0,0.0,0.0,1.21,0.0,0.51,1.53,1.13,0.0,0.71,0.21,0.0,0.25,0.04,2.32,0.0,1.0,0.0,0.0,0.0,1.0,0.0,0.0,1.0,1.0,0.0,1.0,0.0,0.0,0.0,0.0,0.0,1.0,0.16533264393553254,16.956709586473398,20.34821859524804
6040,241.56,0.98,1,-0.002,0.413,0.048,-0.018,-0.021,0.29,0.07,0.0,0.0,0.03,1.1,0.0,0.55,1.57,1.36,0.0,0.79,0.12,0.0,0.27,0.0,2.17,0.0,1.0,0.0,0.0,0.0,1.0,0.0,0.0,1.0,1.0,0.0,1.0,0.0,0.0,0.0,0.0,0.0,1.0,0.1676470846327569,16.975570682601607,20.042205467462903
6041,241.6,0.98,1,-0.045,0.338,0.031,-0.012,-0.018,0.12,0.12,0.0,0.0,0.14,2.01,0.0,0.45,1.53,1.12,0.0,0.79,0.01,0.0,0.17,0.06,1.55,0.0,1.0,0.0,0.0,0.0,1.0,0.0,0.0,1.0,1.0,0.0,1.0,0.0,0.0,0.0,0.0,0.0,1.0,0.1702199359192723,18.25376673456746,20.68743580050452
6042,241.64,0.98,1,-0.011,0.347,0.062,-0.011,-0.023,0.0,0.05,0.0,0.0,0.29,2.64,0.0,0.54,1.55,1.05,0.0,0.85,0.0,0.0,0.07,0.07,0.95,0.0,1.0,0.0,0.0,1.0,1.0,0.0,0.0,1.0,1.0,0.0,1.0,0.0,0.0,0.0,0.0,0.0,1.0,0.18124318417170843,17.200000000000045,17.564168070250297
6043,241.68,0.98,1,-0.011,0.343,0.055,-0.012,-0.02,0.02,0.17,0.0,0.0,0.41,3.13,0.0,0.56,1.55,0.95,0.0,0.77,0.0,0.0,0.04,0.08,0.82,0.0,1.0,0.0,0.0,1.0,1.0,0.0,0.0,1.0,1.0,0.0,1.0,0.0,0.0,0.0,0.0,0.0,1.0,0.16948373957751772,16.299999999999955,17.241809649801656
6044,241.72,0.98,1,-0.016,0.333,0.058,-0.008,-0.024,0.02,0.16,0.0,0.0,0.44,3.32,0.0,0.53,1.51,1.09,0.0,0.86,0.05,0.0,0.02,0.07,0.71,0.0,1.0,0.0,0.0,1.0,1.0,0.0,0.0,1.0,1.0,0.0,1.0,0.0,0.0,0.0,0.0,0.0,1.0,0.1766504916386178,18.204395073717823,17.91786817676688
6045,241.76,0.98,1,-0.027,0.329,0.071,-0.008,-0.024,0.03,0.29,0.0,0.0,0.42,3.21,0.0,0.49,1.49,1.03,0.0,0.74,0.05,0.0,0.12,0.09,0.43,0.0,1.0,0.0,0.0,1.0,1.0,0.0,0.0,1.0,1.0,0.0,1.0,0.0,0.0,0.0,0.0,0.0,1.0,0.17919666705792614,19.3093241725338,18.702406262296886
6046,241.8,0.98,1,-0.0,0.292,0.061,-0.005,-0.022,0.02,0.17,0.0,0.0,0.37,2.94,0.0,0.49,1.47,1.0,0.0,0.76,0.09,0.01,0.21,0.09,0.19,0.0,1.0,0.0,0.0,1.0,1.0,0.0,0.0,1.0,1.0,0.0,1.0,0.0,0.0,0.0,0.0,0.0,0.0,0.1920879238368795,20.012246250733575,18.700000000000045
6047,241.84,0.98,1,-0.022,0.281,0.052,-0.022,-0.008,0.05,0.28,0.0,0.0,0.36,2.52,0.0,0.55,1.49,0.92,0.0,0.63,0.03,0.02,0.24,0.04,0.0,0.0,1.0,0.0,0.0,1.0,1.0,0.0,0.0,1.0,1.0,0.0,1.0,0.0,0.0,0.0,0.0,0.0,0.0,0.1928356902941183,20.51560381758236,19.300259065618736
6048,241.88,0.98,1,-0.009,0.292,0.063,-0.008,-0.03,0.03,0.15,0.0,0.02,0.34,2.32,0.0,0.64,1.55,0.99,0.0,0.62,0.1,0.02,0.19,0.02,0.0,0.0,1.0,0.0,0.0,1.0,1.0,0.0,0.0,1.0,1.0,0.0,1.0,0.0,0.0,0.0,0.0,0.0,0.0,0.19097510052720557,20.100000000000136,19.100261778310927
6049,241.92,0.98,1,-0.004,0.28,0.054,-0.006,-0.035,0.03,0.15,0.0,0.02,0.31,2.29,0.0,0.63,1.58,0.99,0.0,0.53,0.11,0.04,0.22,0.0,0.0,0.0,1.0,0.0,0.0,1.0,1.0,0.0,0.0,1.0,1.0,0.0,1.0,0.0,0.0,0.0,0.0,0.0,0.0,0.21094537082442893,19.70228413154175,18.901058171435665
6050,241.96,0.98,1,-0.011,0.287,0.047,-0.017,-0.014,0.0,0.0,0.0,0.02,0.29,2.39,0.01,0.56,1.54,0.76,0.0,0.55,0.11,0.02,0.3,0.07,0.0,0.0,0.0,0.0,0.0,1.0,1.0,0.0,0.0,1.0,1.0,0.0,1.0,0.0,0.0,0.0,0.0,0.0,0.0,0.19892049313230525,19.706344156133902,19.40025773024687
6051,242.0,0.98,1,-0.017,0.294,0.062,-0.002,-0.02,0.0,0.0,0.0,0.0,0.26,2.34,0.01,0.51,1.47,0.53,0.0,0.62,0.12,0.06,0.37,0.15,0.05,0.0,0.0,0.0,0.0,1.0,1.0,0.0,0.0,1.0,1.0,0.0,1.0,0.0,0.0,0.0,0.0,0.0,0.0,0.2059438680613394,21.403737991294747,20.299999999999955
6052,242.04,0.98,1,-0.026,0.294,0.06,-0.018,-0.01,0.0,0.0,0.0,0.0,0.29,2.37,0.01,0.53,1.46,0.5,0.0,0.64,0.09,0.04,0.36,0.15,0.05,0.0,0.0,0.0,0.0,1.0,1.0,0.0,0.0,1.0,1.0,0.0,1.0,0.0,0.0,0.0,0.0,0.0,0.0,0.20030945582506188,20.90598000573028,20.899999999999864
6053,242.08,0.98,1,-0.019,0.293,0.06,-0.005,-0.035,0.0,0.09,0.0,0.05,0.34,2.32,0.0,0.59,1.48,0.61,0.0,0.69,0.1,0.08,0.4,0.09,0.05,0.0,0.0,0.0,0.0,1.0,1.0,0.0,0.0,1.0,1.0,0.0,1.0,0.0,0.0,0.0,0.0,0.0,0.0,0.2091061046875787,19.904019694523882,20.80096151623761
6054,242.12,0.98,1,-0.018,0.276,0.044,-0.013,-0.016,0.0,0.09,0.0,0.05,0.38,2.36,0.01,0.52,1.49,0.58,0.0,0.65,0.03,0.04,0.36,0.01,0.0,0.0,0.0,0.0,0.0,1.0,1.0,0.0,0.0,1.0,1.0,0.0,1.0,0.0,0.0,0.0,0.0,0.0,0.0,0.20653997971633598,20.303940504246906,22.302017845925917
6055,242.16,0.98,1,-0.012,0.288,0.056,-0.003,-0.02,0.0,0.09,0.0,0.05,0.3,2.2,0.01,0.53,1.48,0.53,0.0,0.7,0.01,0.07,0.37,0.08,0.0,0.0,0.0,0.0,0.0,1.0,1.0,0.0,0.0,1.0,1.0,0.0,1.0,0.0,0.0,0.0,0.0,0.0,0.0,0.21073103215988576,20.700241544484495,21.100947846009102
6056,242.2,0.98,1,-0.015,0.274,0.045,-0.019,-0.008,0.0,0.0,0.0,0.0,0.31,2.22,0.01,0.6,1.46,0.72,0.0,0.66,0.0,0.02,0.29,0.07,0.41,0.0,0.0,0.0,0.0,1.0,1.0,0.0,0.0,1.0,1.0,0.0,1.0,0.0,0.0,0.0,0.0,0.0,0.0,0.20946133510821444,21.103791128609952,22.600884938426546
6057,242.24,0.98,1,-0.027,0.334,0.047,-0.007,-0.029,0.1,0.0,0.0,0.0,0.27,2.26,0.02,0.66,1.43,0.85,0.0,0.56,0.08,0.02,0.35,0.07,0.74,0.0,0.0,0.0,0.0,1.0,1.0,0.0,0.0,1.0,1.0,0.0,1.0,0.0,0.0,0.0,0.0,0.0,0.0,0.1774279208786509,20.706037766796474,19.901004999748217
6058,242.28,0.98,1,-0.044,0.378,0.058,-0.003,-0.025,0.15,0.0,0.0,0.0,0.3,2.44,0.03,0.65,1.41,0.97,0.0,0.53,0.08,0.0,0.36,0.0,0.96,0.0,0.0,0.0,0.0,1.0,1.0,0.0,0.0,1.0,1.0,0.0,1.0,0.0,0.0,0.0,0.0,0.0,0.0,0.17546395727744146,19.306475597581198,20.12486024796188
6059,242.32,0.98,1,-0.053,0.357,0.053,-0.017,-0.013,0.25,0.0,0.0,0.0,0.24,2.47,0.03,0.57,1.4,0.93,0.0,0.52,0.08,0.0,0.33,0.0,0.94,0.0,0.0,0.0,0.0,1.0,1.0,0.0,0.0,1.0,1.0,0.0,1.0,0.0,0.0,0.0,0.0,0.0,1.0,0.18873607457052732,19.00026315607234,19.00657780874821
6060,242.36,0.98,1,-0.058,0.327,0.039,-0.003,-0.027,0.15,0.0,0.0,0.0,0.25,2.48,0.01,0.54,1.41,0.95,0.0,0.61,0.02,0.0,0.32,0.03,0.9,0.0,0.0,0.0,0.0,1.0,1.0,0.0,0.0,1.0,1.0,0.0,1.0,0.0,0.0,0.0,0.0,0.0,1.0,0.1841169027176583,19.609181522949815,19.520758181996925
6061,242.4,0.98,1,-0.069,0.344,0.044,-0.018,-0.012,0.1,0.0,0.0,0.0,0.21,2.56,0.0,0.43,1.39,0.86,0.0,0.61,0.02,0.0,0.37,0.1,0.96,0.0,0.0,0.0,0.0,1.0,1.0,0.0,0.0,1.0,1.0,0.0,1.0,0.0,0.0,0.0,0.0,0.0,1.0,0.1876831474215942,18.606719216455023,20.024984394500787
6062,242.44,0.98,1,-0.054,0.367,0.06,-0.003,-0.018,0.0,0.0,0.0,0.0,0.17,2.48,0.0,0.45,1.37,0.72,0.0,0.68,0.08,0.0,0.4,0.14,0.78,0.0,0.0,0.0,0.0,1.0,1.0,0.0,0.0,1.0,1.0,0.0,1.0,0.0,0.0,0.0,0.0,0.0,1.0,0.18158554741066105,19.00657780874821,20.12486024796188
6063,242.48,0.98,1,-0.065,0.34,0.052,-0.016,-0.01,0.02,0.0,0.0,0.0,0.11,2.51,0.0,0.4,1.4,0.7,0.0,0.71,0.07,0.0,0.44,0.13,0.83,0.0,0.0,0.0,0.0,1.0,1.0,0.0,0.0,1.0,1.0,0.0,1.0,0.0,0.0,0.0,0.0,0.0,1.0,0.18797462813228816,18.701069488133605,18.916923639958046
6064,242.52,0.98,1,-0.062,0.357,0.053,-0.004,-0.016,0.02,0.0,0.0,0.0,0.16,2.33,0.0,0.5,1.41,0.75,0.0,0.73,0.2,0.0,0.42,0.15,0.81,0.0,0.0,0.0,0.0,1.0,1.0,0.0,0.0,1.0,1.0,0.0,1.0,0.0,0.0,0.0,0.0,0.0,1.0,0.18865621760097984,19.00236827345476,19.712432625122467
6065,242.56,0.98,1,-0.072,0.352,0.053,-0.017,-0.009,0.09,0.0,0.0,0.0,0.18,2.42,0.0,0.54,1.42,1.0,0.0,0.71,0.16,0.0,0.46,0.12,0.9,0.0,0.0,0.0,0.0,1.0,1.0,0.0,0.0,1.0,1.0,0.0,1.0,0.0,0.0,0.0,0.0,0.0,0.0,0.18426083356870904,18.401086924418443,19.830532015051897
6066,242.6,0.98,1,-0.041,0.335,0.047,-0.011,-0.028,0.07,0.0,0.0,0.0,0.24,2.29,0.0,0.54,1.4,1.09,0.0,0.76,0.16,0.0,0.38,0.12,0.56,0.0,0.0,0.0,0.0,1.0,1.0,0.0,0.0,1.0,1.0,0.0,1.0,0.0,0.0,0.0,0.0,0.0,0.0,0.17290358727380922,18.51728921845744,18.304371062672388
6067,242.64,0.98,1,-0.022,0.29,0.044,-0.021,-0.013,0.08,0.0,0.0,0.0,0.28,2.57,0.0,0.4,1.43,1.0,0.0,0.7,0.03,0.0,0.37,0.06,0.3,0.0,0.0,0.0,0.0,1.0,1.0,0.0,0.0,1.0,1.0,0.0,1.0,0.0,0.0,0.0,0.0,0.0,0.0,0.1832747806505453,18.10110493864937,18.80106379968959
6068,242.68,0.98,1,-0.019,0.303,0.067,-0.004,-0.02,0.01,0.0,0.0,0.0,0.29,2.69,0.0,0.41,1.44,0.81,0.04,0.71,0.13,0.01,0.31,0.11,0.01,0.0,0.0,0.0,0.0,1.0,1.0,0.0,0.0,1.0,1.0,0.0,1.0,0.0,0.0,0.0,0.0,0.0,0.0,0.20553209988440213,19.306475597581425,20.00224987345174
6069,242.72,0.98,1,-0.027,0.303,0.064,-0.014,-0.012,0.06,0.07,0.0,0.0,0.24,2.74,0.0,0.44,1.43,0.65,0.04,0.64,0.13,0.01,0.34,0.11,0.01,0.0,0.0,0.0,0.0,1.0,1.0,0.0,0.0,1.0,1.0,0.0,1.0,0.0,0.0,0.0,0.0,0.0,0.0,0.1998322388703699,19.801010075246115,21.500232556881798
6070,242.76,0.98,1,-0.011,0.293,0.055,-0.004,-0.016,0.05,0.07,0.0,0.02,0.16,2.37,0.0,0.6,1.4,0.74,0.04,0.73,0.21,0.07,0.32,0.17,0.01,0.0,0.0,0.0,0.0,1.0,1.0,0.0,0.0,1.0,1.0,0.0,1.0,0.0,0.0,0.0,0.0,0.0,0.0,0.21489216831106034,19.60025510038062,22.405579662218162
6071,242.8,0.98,1,-0.017,0.302,0.056,-0.016,-0.011,0.05,0.07,0.0,0.02,0.17,2.32,0.0,0.49,1.38,0.71,0.0,0.68,0.08,0.06,0.45,0.15,0.0,0.0,0.0,0.0,0.0,1.0,1.0,0.0,0.0,1.0,1.0,0.0,1.0,0.0,0.0,0.0,0.0,0.0,0.0,0.20299254651872894,20.5,22.71079038695047
6072,242.84,0.98,1,-0.004,0.305,0.062,-0.006,-0.023,0.0,0.0,0.0,0.02,0.17,2.29,0.0,0.62,1.38,0.73,0.0,0.7,0.17,0.09,0.45,0.18,0.0,0.0,0.0,0.0,0.0,1.0,1.0,0.0,0.0,1.0,1.0,0.0,1.0,0.0,0.0,0.0,0.0,0.0,0.0,0.2134325619133996,20.012246250733572,22.305604676851914
6073,242.88,0.98,1,-0.017,0.307,0.059,-0.016,-0.015,0.0,0.0,0.0,0.1,0.24,2.6,0.02,0.56,1.41,0.61,0.0,0.63,0.1,0.03,0.53,0.17,0.0,0.0,0.0,0.0,0.0,1.0,1.0,0.0,0.0,1.0,1.0,0.0,1.0,0.0,0.0,0.0,0.0,0.0,0.0,0.1995861891727233,20.300246303924673,22.202026934494114
6074,242.92,0.98,1,-0.009,0.301,0.064,-0.006,-0.024,0.0,0.0,0.0,0.16,0.19,2.48,0.02,0.62,1.42,0.57,0.0,0.65,0.17,0.08,0.45,0.25,0.0,0.0,0.0,0.0,0.0,1.0,1.0,0.0,0.0,1.0,1.0,0.0,1.0,0.0,0.0,0.0,0.0,0.0,0.0,0.21817892583523177,20.41568024827984,23.003477997902838
6075,242.96,0.98,1,-0.019,0.29,0.055,-0.016,-0.017,0.0,0.0,0.0,0.16,0.23,2.44,0.04,0.44,1.4,0.54,0.0,0.61,0.09,0.05,0.53,0.33,0.0,0.0,0.0,0.0,0.0,1.0,1.0,0.0,0.0,1.0,1.0,0.0,1.0,0.0,0.0,0.0,0.0,0.0,0.0,0.2156586907333896,21.103791128609952,22.70088104017115
6076,243.0,0.98,1,-0.017,0.31,0.066,-0.002,-0.029,0.0,0.0,0.0,0.06,0.22,2.33,0.02,0.53,1.39,0.65,0.0,0.68,0.22,0.08,0.47,0.32,0.0,0.0,0.0,0.0,0.0,1.0,1.0,0.0,0.0,1.0,1.0,0.0,1.0,0.0,0.0,0.0,0.0,0.0,0.0,0.2119619761271073,21.418916872708664,22.81074308302993
6077,243.04,0.98,1,-0.025,0.289,0.065,-0.014,-0.024,0.0,0.0,0.0,0.0,0.26,2.24,0.09,0.45,1.37,0.63,0.0,0.63,0.15,0.03,0.55,0.27,0.0,0.0,0.0,0.0,0.0,1.0,1.0,0.0,0.0,1.0,1.0,0.0,1.0,0.0,0.0,0.0,0.0,0.0,0.0,0.21428429196284798,21.50209292138791,22.200225224082796
6078,243.08,0.98,1,-0.022,0.301,0.064,-0.0,-0.032,0.0,0.0,0.0,0.0,0.17,2.18,0.07,0.52,1.38,0.75,0.0,0.64,0.25,0.04,0.48,0.23,0.0,0.0,0.0,0.0,0.0,1.0,1.0,0.0,0.0,1.0,1.0,0.0,1.0,0.0,0.0,0.0,0.0,0.0,0.0,0.21320081286162063,20.93442141545819,23.205387305537524
6079,243.12,0.98,1,-0.017,0.275,0.055,-0.016,-0.022,0.0,0.0,0.0,0.0,0.21,2.29,0.1,0.66,1.38,0.77,0.07,0.57,0.14,0.01,0.53,0.17,0.05,0.0,0.0,0.0,0.0,1.0,1.0,0.0,0.0,1.0,1.0,0.0,1.0,0.0,0.0,0.0,0.0,0.0,0.0,0.2190606717949128,21.3114992433662,22.100226243185748
6080,243.16,0.98,1,-0.024,0.289,0.051,-0.005,-0.042,0.14,0.05,0.0,0.0,0.13,1.97,0.03,0.85,1.46,1.04,0.07,0.49,0.21,0.01,0.57,0.11,0.76,0.0,0.0,0.0,0.0,0.0,1.0,0.0,0.0,1.0,1.0,0.0,0.0,0.0,0.0,0.0,0.0,0.0,0.0,0.19714397835286362,20.603883129158095,20.299999999999955
6081,243.2,0.98,1,0.028,0.395,0.03,-0.021,-0.038,0.22,0.07,0.0,0.0,0.13,1.48,0.05,1.03,1.57,1.14,0.07,0.37,0.27,0.0,0.74,0.02,1.65,0.0,1.0,0.0,0.0,0.0,1.0,0.0,0.0,1.0,1.0,0.0,0.0,0.0,0.0,0.0,0.0,0.0,1.0,0.17715397783609693,17.241809649801883,20.379646709400976
6082,243.24,0.98,1,-0.023,0.432,0.038,-0.024,-0.04,0.35,0.07,0.0,0.0,0.02,1.02,0.06,1.0,1.62,1.25,0.0,0.27,0.35,0.0,0.84,0.0,2.35,0.0,1.0,0.0,0.0,0.0,1.0,0.0,0.0,1.0,1.0,0.0,0.0,0.0,0.0,0.0,0.0,0.0,1.0,0.16370715032146343,15.331014317389485,18.23951753747894
6083,243.28,0.98,1,0.001,0.394,0.024,-0.014,-0.037,0.4,0.09,0.0,0.0,0.05,1.27,0.1,0.97,1.6,1.11,0.0,0.22,0.33,0.0,0.78,0.0,2.28,0.0,1.0,0.0,0.0,1.0,1.0,0.0,0.0,1.0,1.0,0.0,0.0,0.0,0.0,0.0,0.0,0.0,1.0,0.16861438904106796,15.845504094221763,21.973848092675844
6084,243.32,0.98,1,-0.013,0.322,0.021,-0.004,-0.037,0.44,0.07,0.0,0.0,0.13,2.05,0.19,0.83,1.49,1.06,0.0,0.3,0.32,0.0,0.76,0.03,1.8,0.0,1.0,0.0,0.0,1.0,1.0,0.0,0.0,1.0,1.0,0.0,0.0,0.0,0.0,0.0,0.0,0.0,1.0,0.17659333094508722,19.701776569639513,20.28003944769343
6085,243.36,0.98,1,-0.02,0.335,0.042,-0.005,-0.031,0.31,0.07,0.0,0.0,0.29,2.57,0.19,0.76,1.46,1.02,0.0,0.3,0.27,0.0,0.72,0.03,1.47,0.0,1.0,0.0,0.0,1.0,1.0,0.0,0.0,1.0,1.0,0.0,0.0,0.0,0.0,0.0,0.0,0.0,1.0,0.17523937981695636,17.523127574722498,17.68191166135598
6086,243.4,0.98,1,-0.018,0.318,0.026,-0.008,-0.034,0.13,0.0,0.0,0.0,0.43,2.85,0.16,0.71,1.44,0.96,0.0,0.32,0.26,0.0,0.79,0.09,1.1,0.0,1.0,0.0,0.0,1.0,1.0,0.0,0.0,1.0,1.0,0.0,0.0,0.0,0.0,0.0,0.0,0.0,1.0,0.15916638200712957,16.714664220378506,17.833956375409425
6087,243.44,0.98,1,-0.022,0.309,0.032,-0.004,-0.027,0.02,0.03,0.0,0.0,0.5,2.8,0.07,0.69,1.45,0.93,0.0,0.25,0.11,0.0,0.62,0.06,1.01,0.0,1.0,0.0,0.0,1.0,1.0,0.0,0.0,1.0,1.0,0.0,0.0,0.0,0.0,0.0,0.0,0.0,1.0,0.16449748416053722,17.001176429882726,17.523127574722505
6088,243.48,0.98,1,-0.019,0.292,0.02,-0.005,-0.034,0.07,0.25,0.0,0.0,0.45,2.75,0.04,0.58,1.37,0.83,0.0,0.3,0.1,0.0,0.63,0.13,0.8,0.0,1.0,0.0,0.0,1.0,1.0,0.0,0.0,1.0,1.0,0.0,0.0,0.0,0.0,0.0,0.0,0.0,1.0,0.16421860172104197,18.106904760339265,18.5024322725419
6089,243.52,0.98,1,-0.043,0.319,0.041,0.004,-0.026,0.07,0.25,0.0,0.0,0.36,2.65,0.03,0.61,1.28,0.7,0.0,0.4,0.12,0.0,0.55,0.1,0.72,0.0,0.0,0.0,0.0,1.0,1.0,0.0,0.0,1.0,1.0,0.0,0.0,0.0,0.0,0.0,0.0,0.0,1.0,0.1647994756049837,19.22602402994423,18.50432381904294
6090,243.56,0.98,1,-0.042,0.296,0.034,-0.013,-0.013,0.06,0.22,0.0,0.0,0.28,2.72,0.04,0.54,1.23,0.55,0.0,0.52,0.11,0.0,0.61,0.15,0.4,0.0,0.0,0.0,0.0,1.0,1.0,0.0,0.0,1.0,1.0,0.0,0.0,0.0,0.0,0.0,0.0,0.0,0.0,0.17792606629534202,19.509228585466932,18.701069488133605
6091,243.6,0.98,1,-0.04,0.308,0.04,-0.004,-0.022,0.02,0.0,0.0,0.0,0.22,2.72,0.02,0.49,1.24,0.45,0.0,0.57,0.07,0.0,0.59,0.11,0.17,0.0,0.0,0.0,0.0,1.0,1.0,0.0,0.0,1.0,1.0,0.0,0.0,0.0,0.0,0.0,0.0,0.0,0.0,0.18429968394253027,19.72536438193226,18.904232330353828
6092,243.64,0.98,1,-0.031,0.308,0.034,-0.001,-0.023,0.02,0.0,0.0,0.0,0.18,2.65,0.02,0.45,1.24,0.44,0.0,0.6,0.08,0.02,0.51,0.13,0.2,0.0,0.0,0.0,0.0,1.0,1.0,0.0,0.0,1.0,1.0,0.0,0.0,0.0,0.0,0.0,0.0,0.0,0.0,0.1823301279035272,19.61631973638267,19.00421005987884
6093,243.68,0.98,1,-0.04,0.3,0.037,-0.013,-0.016,0.02,0.0,0.0,0.04,0.22,2.62,0.0,0.44,1.24,0.47,0.0,0.57,0.08,0.02,0.52,0.07,0.21,0.0,0.0,0.0,0.0,1.0,1.0,0.0,0.0,1.0,1.0,0.0,0.0,0.0,0.0,0.0,0.0,0.0,0.0,0.17943476838040512,20.106217943710757,20.400980368600028
6094,243.72,0.98,1,-0.028,0.299,0.04,-0.003,-0.029,0.0,0.0,0.0,0.04,0.19,2.45,0.0,0.51,1.17,0.43,0.15,0.58,0.15,0.02,0.47,0.09,0.21,0.0,0.0,0.0,0.0,1.0,1.0,0.0,0.0,1.0,1.0,0.0,0.0,0.0,0.0,0.0,0.0,0.0,0.0,0.1908521244081059,19.504102132628407,20.115914098046986
6095,243.76,0.98,1,-0.038,0.294,0.039,-0.013,-0.02,0.0,0.0,0.0,0.14,0.23,2.62,0.02,0.42,1.14,0.37,0.15,0.5,0.07,0.0,0.53,0.13,0.04,0.0,0.0,0.0,0.0,1.0,1.0,0.0,0.0,1.0,1.0,0.0,0.0,0.0,0.0,0.0,0.0,0.0,0.0,0.188260960104147,19.901004999747993,21.002142747824568
6096,243.8,0.98,1,-0.032,0.303,0.05,0.0,-0.033,0.0,0.0,0.0,0.11,0.21,2.61,0.02,0.47,1.06,0.27,0.15,0.52,0.13,0.03,0.46,0.13,0.13,0.0,0.0,0.0,0.0,1.0,1.0,0.0,0.0,1.0,1.0,0.0,0.0,0.0,0.0,0.0,0.0,0.0,0.0,0.19234187495960886,19.901004999747993,20.508778608196053
6097,243.84,0.98,1,-0.028,0.291,0.039,-0.007,-0.023,0.0,0.0,0.0,0.11,0.21,2.52,0.02,0.39,1.1,0.23,0.01,0.45,0.06,0.03,0.49,0.12,0.13,0.0,0.0,0.0,0.0,1.0,1.0,0.0,0.0,1.0,1.0,0.0,0.0,0.0,0.0,0.0,0.0,0.0,0.0,0.18459741427763088,19.70025380547169,21.3037555374633
6098,243.88,0.98,1,-0.029,0.295,0.043,0.001,-0.03,0.0,0.0,0.0,0.0,0.2,2.32,0.0,0.43,1.1,0.3,0.01,0.54,0.1,0.07,0.43,0.07,0.12,0.0,0.0,0.0,0.0,1.0,1.0,0.0,0.0,1.0,1.0,0.0,0.0,0.0,0.0,0.0,0.0,0.0,0.0,0.19659016687156017,20.402205763103257,20.40612653102013
6099,243.92,0.98,1,-0.026,0.293,0.04,-0.011,-0.017,0.0,0.0,0.0,0.0,0.14,2.15,0.01,0.35,1.11,0.29,0.0,0.45,0.09,0.04,0.53,0.18,0.04,0.0,0.0,0.0,0.0,1.0,1.0,0.0,0.0,1.0,1.0,0.0,0.0,0.0,0.0,0.0,0.0,0.0,0.0,0.18757952174640347,19.70025380547169,21.002142747824568
6100,243.96,0.98,1,-0.031,0.312,0.049,-0.003,-0.027,0.0,0.0,0.0,0.0,0.13,2.26,0.01,0.41,1.09,0.31,0.0,0.47,0.09,0.04,0.6,0.31,0.04,0.0,0.0,0.0,0.0,1.0,1.0,0.0,0.0,1.0,1.0,0.0,0.0,0.0,0.0,0.0,0.0,0.0,0.0,0.19525719593259466,19.906280415989414,19.906280415989414
6101,244.0,0.98,1,-0.033,0.293,0.04,0.001,-0.025,0.0,0.0,0.0,0.0,0.14,2.32,0.01,0.47,1.1,0.35,0.0,0.41,0.05,0.0,0.81,0.62,0.08,0.0,0.0,0.0,0.0,1.0,1.0,0.0,0.0,1.0,1.0,0.0,0.0,0.0,0.0,0.0,0.0,0.0,0.0,0.203505421449364,19.61249601657057,19.809088823062968
6102,244.04,0.98,1,-0.027,0.306,0.051,-0.011,-0.012,0.0,0.0,0.0,0.0,0.17,2.25,0.01,0.44,1.14,0.31,0.0,0.31,0.0,0.0,1.14,0.92,0.2,0.0,0.0,0.0,0.0,0.0,1.0,0.0,0.0,1.0,1.0,0.0,0.0,0.0,0.0,1.0,0.0,0.0,0.0,0.19639294567880955,20.108953229842577,20.300985197768068
6103,244.08,0.98,1,-0.038,0.321,0.053,-0.001,-0.022,0.0,0.0,0.0,0.0,0.18,2.11,0.01,0.47,1.13,0.23,0.0,0.16,0.04,0.0,1.44,1.28,0.4,0.0,0.0,0.0,0.0,0.0,1.0,0.0,0.0,1.0,1.0,0.0,0.0,0.0,0.0,1.0,1.0,0.0,0.0,0.18808893967817342,20.412006270820214,20.106217943710984
6104,244.12,0.98,1,-0.032,0.306,0.063,-0.014,-0.014,0.05,0.0,0.0,0.0,0.16,2.21,0.05,0.44,1.13,0.14,0.0,0.0,0.04,0.0,1.72,1.36,0.51,0.0,0.0,0.0,0.0,0.0,1.0,0.0,0.0,1.0,1.0,0.0,0.0,0.0,0.0,1.0,1.0,0.0,0.0,0.19950906352774345,20.208908926510652,20.002249873451735
6105,244.16,0.98,1,-0.032,0.309,0.057,0.004,-0.028,0.05,0.0,0.0,0.0,0.12,2.21,0.05,0.56,1.07,0.09,0.0,0.0,0.04,0.0,1.62,1.46,0.48,0.0,0.0,0.0,0.0,0.0,1.0,0.0,0.0,1.0,1.0,0.0,0.0,0.0,0.0,1.0,1.0,0.0,0.0,0.19060095377520708,20.60606706773531,20.402205763103254
6106,244.2,0.98,1,-0.033,0.299,0.062,-0.011,-0.016,0.11,0.0,0.0,0.02,0.08,2.41,0.17,0.48,1.06,0.13,0.0,0.0,0.0,0.0,1.64,1.38,0.28,0.0,0.0,0.0,0.0,0.0,1.0,0.0,0.0,1.0,1.0,0.0,0.0,0.0,0.0,1.0,1.0,0.0,0.0,0.21332444320449173,19.904019694523882,19.70025380547169
6107,244.24,0.98,1,-0.033,0.319,0.061,0.005,-0.026,0.06,0.0,0.0,0.02,0.08,2.29,0.13,0.43,1.06,0.11,0.0,0.0,0.0,0.0,1.52,1.44,0.13,0.0,0.0,0.0,0.0,0.0,1.0,0.0,0.0,1.0,1.0,0.0,0.0,0.0,0.0,1.0,1.0,0.0,0.0,0.19752240074151617,20.503902067655318,20.608736011701584
6108,244.28,0.98,1,-0.031,0.302,0.057,-0.011,-0.015,0.06,0.0,0.0,0.04,0.05,2.58,0.24,0.39,1.09,0.12,0.0,0.0,0.0,0.0,1.62,1.4,0.03,0.0,0.0,0.0,0.0,0.0,1.0,0.0,0.0,1.0,1.0,0.0,0.0,0.0,0.0,1.0,1.0,0.0,0.0,0.21919565286632064,19.90904317138306,20.500975586542218
6109,244.32,0.98,1,-0.025,0.318,0.068,0.002,-0.028,0.0,0.0,0.0,0.01,0.04,2.36,0.21,0.36,1.09,0.05,0.0,0.07,0.0,0.0,1.53,1.48,0.53,0.0,0.0,0.0,0.0,0.0,1.0,0.0,0.0,1.0,1.0,0.0,0.0,0.0,0.0,1.0,1.0,0.0,0.0,0.20734947507721366,20.400245096566945,20.600970850908855
6110,244.36,0.98,1,-0.033,0.334,0.06,-0.015,-0.003,0.2,0.0,0.0,0.01,0.01,2.0,0.21,0.56,1.19,0.3,0.0,0.07,0.01,0.0,1.58,1.3,1.31,0.0,0.0,0.0,0.0,0.0,1.0,0.0,0.0,1.0,1.0,0.0,0.0,0.0,0.0,1.0,1.0,0.0,1.0,0.1736029377656622,18.122361876974125,18.760063965775856
6111,244.4,0.98,1,0.01,0.418,0.049,-0.023,-0.026,0.29,0.0,0.0,0.0,0.0,1.47,0.12,0.57,1.26,0.45,0.0,0.07,0.01,0.0,1.76,1.12,2.16,0.0,0.0,0.0,0.0,0.0,1.0,0.0,0.0,1.0,1.0,0.0,0.0,0.0,0.0,1.0,1.0,0.0,1.0,0.17277059015932975,17.293929570806092,19.636700333813863
6112,244.44,0.98,1,-0.018,0.428,0.049,-0.014,-0.021,0.51,0.06,0.0,0.0,0.01,1.39,0.04,0.59,1.31,0.6,0.0,0.0,0.01,0.0,1.97,0.92,2.36,0.0,0.0,0.0,0.0,0.0,1.0,0.0,0.0,1.0,1.0,0.0,0.0,0.0,0.0,1.0,1.0,0.0,1.0,0.16347261219850592,19.00736699282672,19.137659209004777
6113,244.48,0.98,1,-0.019,0.407,0.034,-0.004,-0.019,0.49,0.13,0.0,0.0,0.03,1.62,0.07,0.31,1.25,0.44,0.0,0.0,0.0,0.0,2.02,0.98,2.04,0.0,0.0,0.0,0.0,0.0,1.0,0.0,0.0,1.0,1.0,0.0,0.0,0.0,0.0,1.0,1.0,0.0,1.0,0.16498250204457984,17.383325343558354,22.955827146935782
6114,244.52,0.98,1,-0.014,0.35,0.044,0.004,-0.02,0.4,0.13,0.0,0.0,0.03,1.91,0.06,0.37,1.24,0.39,0.0,0.0,0.0,0.0,1.91,1.16,1.46,0.0,0.0,0.0,0.0,0.0,1.0,0.0,0.0,1.0,1.0,0.0,0.0,0.0,0.0,1.0,1.0,0.0,1.0,0.16946008180225375,19.474342094150316,19.75702406740453
6115,244.56,0.98,1,-0.018,0.334,0.059,-0.02,-0.014,0.19,0.07,0.0,0.0,0.05,2.03,0.08,0.42,1.16,0.42,0.0,0.0,0.0,0.0,1.6,1.12,1.11,0.0,0.0,0.0,0.0,0.0,1.0,0.0,0.0,1.0,1.0,0.0,0.0,0.0,0.0,1.0,1.0,0.0,1.0,0.19477714573246815,18.745132701584208,17.647946056128024
6116,244.6,0.98,1,-0.024,0.348,0.051,-0.013,-0.034,0.08,0.0,0.0,0.0,0.02,2.3,0.03,0.41,0.98,0.47,0.12,0.22,0.0,0.01,1.04,0.97,0.83,0.0,0.0,0.0,0.0,0.0,1.0,0.0,0.0,1.0,1.0,0.0,0.0,0.0,0.0,1.0,1.0,0.0,1.0,0.18592903259186064,17.00264685276972,18.47836572860259
6117,244.64,0.98,1,-0.019,0.355,0.069,-0.01,-0.031,0.15,0.0,0.0,0.05,0.02,2.38,0.03,0.22,0.72,0.54,0.3,0.4,0.06,0.07,0.47,0.66,0.75,0.0,0.0,0.0,0.0,0.0,1.0,0.0,0.0,1.0,1.0,0.0,0.0,0.0,0.0,1.0,1.0,0.0,1.0,0.18625882349323636,17.402586014727902,17.954665131937258
6118,244.68,0.98,1,-0.02,0.324,0.044,-0.011,-0.03,0.21,0.0,0.0,0.05,0.0,2.58,0.02,0.11,0.56,0.43,0.39,0.55,0.08,0.07,0.19,0.68,0.57,0.0,0.0,0.0,0.0,0.0,1.0,0.0,0.0,1.0,1.0,0.0,0.0,0.0,0.0,1.0,1.0,0.0,1.0,0.18092387847254776,17.710166571774575,17.428711943227565
6119,244.72,0.98,1,-0.038,0.35,0.069,-0.013,-0.025,0.29,0.0,0.0,0.05,0.0,2.57,0.06,0.26,0.53,0.4,0.49,0.33,0.11,0.06,0.48,1.02,0.43,0.0,0.0,0.0,0.0,0.0,1.0,0.0,0.0,1.0,1.0,0.0,0.0,0.0,0.0,1.0,1.0,0.0,1.0,0.18159705574079085,18.21345656376081,17.81375872745554
6120,244.76,0.98,1,-0.025,0.337,0.069,-0.005,-0.031,0.22,0.0,0.0,0.04,0.01,2.56,0.05,0.44,0.62,0.23,0.42,0.16,0.05,0.0,1.01,1.52,0.29,0.0,0.0,0.0,0.0,0.0,1.0,0.0,0.0,1.0,1.0,0.0,0.0,0.0,0.0,1.0,1.0,0.0,1.0,0.17594082893786778,19.557607215607945,17.81375872745554
6121,244.8,0.98,1,-0.038,0.334,0.077,-0.018,-0.011,0.33,0.0,0.0,0.04,0.04,2.25,0.07,0.69,0.74,0.3,0.43,0.05,0.03,0.0,1.49,1.68,0.15,0.0,0.0,0.0,0.0,0.0,1.0,0.0,0.0,1.0,1.0,0.0,0.0,0.0,0.0,1.0,1.0,0.0,1.0,0.1845222085247119,18.951780918953325,18.10441934998184
6122,244.84,0.98,1,-0.034,0.328,0.066,-0.006,-0.027,0.23,0.0,0.0,0.04,0.13,2.18,0.16,0.76,0.85,0.34,0.2,0.04,0.0,0.0,1.57,1.44,0.15,0.0,0.0,0.0,0.0,0.0,1.0,0.0,0.0,1.0,1.0,0.0,0.0,0.0,0.0,1.0,1.0,0.0,1.0,0.17243005522212718,19.42575609854102,18.201098867925577
6123,244.88,0.98,1,-0.034,0.325,0.055,-0.001,-0.029,0.23,0.0,0.0,0.0,0.12,2.15,0.27,0.76,0.92,0.33,0.1,0.13,0.0,0.0,1.25,1.09,0.1,0.0,0.0,0.0,0.0,0.0,1.0,0.0,0.0,1.0,1.0,0.0,0.0,0.0,0.0,1.0,0.0,0.0,1.0,0.17264953705516525,19.10942175995905,18.100276240985846
6124,244.92,0.98,1,-0.032,0.314,0.066,-0.011,-0.016,0.1,0.03,0.0,0.0,0.12,2.44,0.33,0.67,0.91,0.29,0.0,0.15,0.0,0.0,0.85,0.88,0.2,0.0,0.0,0.0,0.0,0.0,1.0,0.0,0.0,1.0,1.0,0.0,0.0,0.0,0.0,1.0,0.0,0.0,1.0,0.1869838056213403,19.830532015052125,18.200000000000045
6125,244.96,0.98,1,-0.033,0.322,0.062,-0.006,-0.03,0.24,0.07,0.0,0.02,0.03,2.58,0.29,0.69,0.84,0.18,0.0,0.26,0.0,0.0,0.65,0.72,0.31,0.0,0.0,0.0,0.0,0.0,1.0,0.0,0.0,1.0,1.0,0.0,0.0,0.0,0.0,1.0,0.0,0.0,1.0,0.17470740911527396,19.221082175569432,18.701069488133605
6126,245.0,0.98,1,-0.015,0.326,0.07,-0.01,-0.036,0.38,0.07,0.0,0.02,0.03,2.6,0.24,0.72,0.74,0.25,0.08,0.22,0.0,0.0,0.59,0.51,0.29,0.0,0.0,0.0,0.0,0.0,1.0,0.0,0.0,1.0,1.0,0.0,0.0,0.0,0.0,1.0,0.0,0.0,1.0,0.18266976112340078,20.130076999355875,19.520758181996925
6127,245.04,0.98,1,-0.022,0.325,0.071,-0.008,-0.037,0.45,0.04,0.0,0.02,0.0,2.49,0.21,0.78,0.7,0.17,0.11,0.22,0.0,0.0,0.69,0.42,0.18,0.0,0.0,0.0,0.0,0.0,1.0,0.0,0.0,1.0,1.0,1.0,0.0,0.0,0.0,1.0,0.0,0.0,1.0,0.19434007722506252,19.716236963477634,19.512560057562926
6128,245.08,0.98,1,-0.016,0.317,0.07,-0.006,-0.037,0.33,0.0,0.0,0.04,0.0,2.29,0.13,0.75,0.71,0.1,0.17,0.1,0.0,0.0,0.81,0.49,0.0,0.0,0.0,0.0,0.0,0.0,1.0,0.0,0.0,1.0,1.0,1.0,0.0,0.0,0.0,1.0,0.0,0.0,1.0,0.1980504981740224,20.41568024827984,19.72536438193226
6129,245.12,0.98,1,-0.016,0.307,0.069,-0.009,-0.037,0.25,0.01,0.0,0.12,0.0,2.26,0.1,0.72,0.71,0.04,0.13,0.06,0.0,0.0,0.81,0.5,0.0,0.0,0.0,0.0,0.0,0.0,1.0,0.0,0.0,1.0,1.0,1.0,0.0,0.0,0.0,1.0,0.0,0.0,0.0,0.21329644945998177,20.2121250738264,19.804039991880398
6130,245.16,0.98,1,-0.019,0.301,0.065,-0.009,-0.037,0.18,0.01,0.0,0.15,0.0,2.29,0.09,0.67,0.71,0.01,0.13,0.05,0.0,0.0,0.81,0.41,0.0,0.0,0.0,0.0,0.0,0.0,1.0,0.0,0.0,1.0,1.0,1.0,0.0,0.0,0.0,1.0,0.0,0.0,0.0,0.22185622632585772,20.208908926510652,20.000249998437518
6131,245.2,0.98,1,-0.015,0.3,0.06,-0.01,-0.035,0.13,0.01,0.0,0.11,0.0,2.24,0.12,0.69,0.69,0.0,0.07,0.14,0.0,0.0,0.67,0.25,0.0,0.0,0.0,0.0,0.0,0.0,1.0,0.0,0.0,1.0,1.0,1.0,0.0,0.0,0.0,1.0,0.0,0.0,0.0,0.22003627280519755,20.20396000787946,20.20222759994555
6132,245.24,0.98,1,-0.023,0.286,0.056,-0.016,-0.033,0.14,0.0,0.0,0.03,0.0,2.16,0.1,0.69,0.69,0.0,0.04,0.15,0.0,0.0,0.6,0.16,0.0,0.0,0.0,0.0,0.0,0.0,1.0,0.0,0.0,1.0,1.0,1.0,0.0,0.0,0.0,1.0,0.0,0.0,0.0,0.22787487353428215,20.000249998437518,20.60024271701662
6133,245.28,0.98,1,-0.034,0.278,0.051,-0.02,-0.031,0.21,0.0,0.0,0.0,0.0,2.0,0.05,0.76,0.66,0.0,0.01,0.2,0.0,0.0,0.51,0.18,0.0,0.0,0.0,0.0,0.0,0.0,1.0,0.0,0.0,1.0,1.0,0.0,0.0,0.0,0.0,1.0,0.0,0.0,0.0,0.23721110228736325,20.00099997500125,20.10099500024803
6134,245.32,0.98,1,-0.036,0.29,0.054,-0.018,-0.03,0.3,0.0,0.0,0.0,0.0,1.99,0.06,0.67,0.59,0.0,0.01,0.16,0.0,0.0,0.47,0.26,0.0,0.0,0.0,0.0,0.0,0.0,1.0,0.0,0.0,1.0,1.0,0.0,0.0,0.0,0.0,1.0,0.0,0.0,0.0,0.2264031470812905,20.90598000573051,20.103979705520903
6135,245.36,0.98,1,-0.028,0.296,0.06,-0.017,-0.03,0.28,0.0,0.0,0.0,0.0,2.12,0.1,0.65,0.48,0.0,0.05,0.22,0.0,0.0,0.5,0.34,0.0,0.0,0.0,0.0,0.0,0.0,1.0,0.0,0.0,1.0,1.0,0.0,0.0,0.0,0.0,1.0,0.0,0.0,0.0,0.22510615591077765,20.508778608196053,20.108953229842808
6136,245.4,0.98,1,-0.05,0.296,0.056,-0.011,-0.034,0.2,0.0,0.0,0.0,0.0,2.17,0.25,0.57,0.45,0.0,0.04,0.13,0.0,0.0,0.53,0.23,0.0,0.0,0.0,0.0,0.0,0.0,1.0,0.0,0.0,1.0,1.0,0.0,0.0,0.0,0.0,1.0,0.0,0.0,0.0,0.2203443694353687,20.808652046684767,19.60408120774869
6137,245.44,0.98,1,-0.052,0.295,0.053,-0.008,-0.036,0.17,0.0,0.0,0.01,0.0,2.23,0.32,0.54,0.43,0.0,0.04,0.13,0.0,0.0,0.52,0.14,0.0,0.0,0.0,0.0,0.0,0.0,1.0,0.0,0.0,1.0,1.0,0.0,0.0,0.0,0.0,0.0,0.0,0.0,0.0,0.2186292546147094,20.919369015340646,20.303940504246906
6138,245.48,0.98,1,-0.046,0.298,0.05,-0.008,-0.037,0.16,0.0,0.0,0.1,0.0,2.27,0.29,0.6,0.4,0.0,0.04,0.08,0.0,0.0,0.35,0.04,0.0,0.0,0.0,0.0,0.0,0.0,1.0,0.0,0.0,1.0,1.0,0.0,0.0,0.0,0.0,0.0,0.0,0.0,0.0,0.2194484821705271,21.328384842739453,20.000249998437518
6139,245.52,0.98,1,-0.048,0.3,0.051,-0.009,-0.037,0.22,0.0,0.0,0.1,0.0,2.33,0.17,0.55,0.29,0.0,0.15,0.15,0.0,0.0,0.18,0.05,0.0,0.0,0.0,0.0,0.0,0.0,1.0,0.0,0.0,0.0,1.0,0.0,0.0,0.0,0.0,0.0,0.0,0.0,0.0,0.2182673818862809,21.53926646847566,20.500975586542218
6140,245.56,0.98,1,-0.051,0.292,0.053,-0.008,-0.035,0.33,0.01,0.0,0.09,0.0,2.35,0.09,0.48,0.21,0.0,0.3,0.17,0.0,0.0,0.09,0.21,0.0,0.0,0.0,0.0,0.0,0.0,1.0,0.0,0.0,0.0,1.0,1.0,0.0,0.0,0.0,0.0,0.0,0.0,0.0,0.22233616683802998,21.533462331914944,20.106217943710757
6141,245.6,0.98,1,-0.058,0.301,0.064,-0.008,-0.033,0.34,0.07,0.0,0.08,0.0,2.37,0.08,0.31,0.18,0.0,0.46,0.25,0.0,0.0,0.29,0.62,0.0,0.0,0.0,0.0,0.0,0.0,0.0,0.0,0.0,0.0,0.0,1.0,0.0,0.0,0.0,0.0,0.0,0.0,0.0,0.22923477638838097,21.552262062252307,20.10397970552113
6142,245.64,0.98,1,-0.088,0.304,0.066,-0.007,-0.03,0.34,0.14,0.0,0.25,0.0,2.41,0.06,0.25,0.15,0.0,0.57,0.33,0.0,0.0,0.57,1.01,0.03,0.0,0.0,0.0,0.0,0.0,0.0,0.0,0.0,0.0,0.0,1.0,0.0,0.0,0.0,1.0,1.0,0.0,0.0,0.21821333977992824,23.425840433162556,18.9023808024279
6143,245.68,0.98,1,-0.105,0.298,0.067,-0.005,-0.027,0.23,0.12,0.0,0.25,0.0,2.52,0.07,0.17,0.16,0.0,0.52,0.39,0.0,0.0,0.92,1.24,0.13,0.0,0.0,0.0,0.0,0.0,0.0,0.0,0.0,0.0,0.0,1.0,0.0,0.0,0.0,1.0,1.0,0.0,0.0,0.223577955977729,23.221541723150125,18.50027026829608
6144,245.72,0.98,1,-0.115,0.331,0.071,0.0,-0.014,0.28,0.07,0.0,0.28,0.0,2.39,0.14,0.1,0.12,0.0,0.41,0.45,0.0,0.0,1.24,1.43,0.2,0.0,0.0,0.0,0.0,0.0,0.0,0.0,0.0,0.0,0.0,0.0,0.0,0.0,0.0,1.0,1.0,0.0,0.0,0.18487336789804082,18.10994202088998,18.601075237738183
6145,245.76,0.98,1,-0.127,0.317,0.083,-0.008,0.014,0.26,0.0,0.0,0.11,0.0,2.2,0.25,0.05,0.15,0.0,0.25,0.37,0.0,0.0,1.44,1.52,0.22,0.0,0.0,0.0,0.0,0.0,0.0,0.0,0.0,0.0,0.0,0.0,0.0,0.0,0.0,1.0,1.0,0.0,0.0,0.2314774528565667,19.026297590440446,18.800265955565582
6146,245.8,0.98,1,-0.131,0.323,0.065,0.008,0.003,0.24,0.0,0.0,0.19,0.0,2.05,0.25,0.2,0.15,0.0,0.23,0.36,0.0,0.0,1.46,1.63,0.12,0.0,0.0,0.0,0.0,0.0,0.0,0.0,0.0,0.0,0.0,0.0,0.0,0.0,0.0,1.0,1.0,0.0,1.0,0.189736855938614,21.008569680013917,18.799999999999955
6147,245.84,0.98,1,-0.138,0.315,0.075,-0.0,0.017,0.15,0.0,0.0,0.09,0.0,1.98,0.25,0.26,0.24,0.0,0.2,0.3,0.0,0.0,1.47,1.45,0.06,0.0,0.0,0.0,0.0,0.0,0.0,0.0,0.0,0.0,0.0,0.0,0.0,0.0,0.0,1.0,1.0,0.0,1.0,0.2280042255948186,21.008569680013913,19.11282292075131
6148,245.88,0.98,1,-0.131,0.321,0.081,0.005,0.016,0.06,0.0,0.0,0.09,0.0,1.96,0.19,0.28,0.29,0.0,0.19,0.39,0.0,0.0,1.4,1.36,0.01,0.0,0.0,0.0,0.0,0.0,0.0,0.0,0.0,0.0,0.0,0.0,0.0,0.0,0.0,1.0,1.0,0.0,1.0,0.22047529535093105,19.004210059878837,18.800265955565582
6149,245.92,0.98,1,-0.133,0.315,0.076,0.007,0.017,0.0,0.0,0.0,0.0,0.0,1.75,0.16,0.14,0.36,0.0,0.17,0.48,0.0,0.0,1.1,1.2,0.29,0.0,0.0,0.0,0.0,0.0,0.0,0.0,0.0,0.0,0.0,0.0,0.0,0.0,0.0,1.0,0.0,0.0,1.0,0.22682624309479346,19.720547659737868,18.50027026829608
6150,245.96,0.98,1,-0.13,0.345,0.067,0.008,0.017,0.08,0.05,0.0,0.0,0.0,1.22,0.07,0.06,0.48,0.05,0.19,0.69,0.0,0.0,0.7,0.97,1.19,0.0,0.0,0.0,0.0,0.0,0.0,0.0,0.0,1.0,1.0,0.0,0.0,0.0,0.0,0.0,0.0,0.0,1.0,0.17726399822403494,20.20222759994555,17.910053042914058
6151,246.0,0.98,1,0.002,0.421,0.052,-0.004,0.015,0.25,0.05,0.0,0.0,0.0,0.85,0.03,0.07,0.71,0.27,0.22,0.75,0.0,0.0,0.37,0.58,2.01,0.0,1.0,0.0,0.0,0.0,0.0,0.0,0.0,1.0,1.0,0.0,1.0,0.0,0.0,0.0,0.0,0.0,1.0,0.1728840704109989,16.351758315239326,20.940391591371792
6152,246.04,0.98,1,-0.046,0.431,0.044,0.004,-0.006,0.29,0.08,0.0,0.0,0.0,0.68,0.0,0.13,0.81,0.3,0.16,0.89,0.0,0.0,0.25,0.25,2.27,0.0,1.0,0.0,0.0,0.0,0.0,0.0,0.0,1.0,1.0,0.0,1.0,0.0,0.0,0.0,0.0,0.0,1.0,0.167581830176448,17.947980387776187,22.987170334775964
6153,246.08,0.98,1,-0.021,0.39,0.036,0.004,0.004,0.29,0.08,0.0,0.0,0.0,1.12,0.0,0.13,0.82,0.28,0.12,0.91,0.0,0.03,0.16,0.25,1.79,0.0,1.0,0.0,0.0,0.0,1.0,0.0,0.0,1.0,1.0,0.0,1.0,0.0,0.0,0.0,0.0,0.0,1.0,0.16660811639519021,17.87176544161204,20.3415830259102
6154,246.12,0.98,1,-0.046,0.36,0.045,0.005,0.009,0.12,0.08,0.0,0.0,0.0,1.63,0.0,0.06,0.74,0.06,0.06,1.02,0.0,0.03,0.15,0.41,1.35,0.0,1.0,0.0,0.0,0.0,1.0,0.0,0.0,1.0,1.0,0.0,1.0,0.0,0.0,0.0,0.0,0.0,1.0,0.1857577815814206,17.828067758453198,19.175505208468337
6155,246.16,0.98,1,-0.018,0.345,0.049,0.002,0.013,0.09,0.05,0.0,0.0,0.0,2.01,0.0,0.08,0.73,0.06,0.06,0.92,0.0,0.03,0.28,0.61,1.2,0.0,0.0,0.0,0.0,0.0,1.0,0.0,0.0,1.0,1.0,0.0,1.0,0.0,0.0,0.0,0.0,0.0,1.0,0.1832292859603533,18.146625030566884,18.569060288555253
6156,246.2,0.98,1,-0.018,0.345,0.05,0.002,0.014,0.0,0.0,0.0,0.0,0.0,2.06,0.0,0.17,0.77,0.03,0.07,0.82,0.0,0.0,0.38,0.58,1.1,0.0,0.0,0.0,0.0,0.0,1.0,0.0,0.0,1.0,1.0,0.0,1.0,0.0,0.0,0.0,0.0,0.0,1.0,0.16010286963065018,17.828067758453198,18.52187895436097
6157,246.24,0.98,1,-0.033,0.357,0.059,0.001,0.014,0.0,0.0,0.0,0.0,0.01,2.18,0.0,0.29,0.85,0.15,0.05,0.75,0.0,0.0,0.36,0.54,1.04,0.0,0.0,0.0,0.0,0.0,1.0,0.0,0.0,1.0,1.0,0.0,1.0,0.0,0.0,0.0,0.0,0.0,1.0,0.16316664411347087,17.80702108720036,18.006943105369107
6158,246.28,0.98,1,-0.035,0.349,0.057,0.0,0.016,0.0,0.0,0.0,0.0,0.01,2.23,0.0,0.32,1.01,0.22,0.05,0.84,0.0,0.0,0.21,0.41,0.78,0.0,0.0,0.0,0.0,0.0,1.0,0.0,0.0,1.0,1.0,0.0,1.0,0.0,0.0,0.0,0.0,0.0,1.0,0.16857475898397248,17.904468715937796,18.802393464662902
6159,246.32,0.98,1,-0.031,0.351,0.055,0.004,0.015,0.0,0.0,0.0,0.0,0.01,2.31,0.0,0.33,1.11,0.28,0.0,0.86,0.0,0.0,0.2,0.4,0.61,0.0,0.0,0.0,0.0,0.0,1.0,0.0,0.0,1.0,1.0,0.0,1.0,0.0,0.0,0.0,0.0,0.0,1.0,0.17303233567149745,18.104419349981836,19.90401969452411
6160,246.36,0.98,1,-0.034,0.348,0.06,0.003,0.016,0.0,0.0,0.0,0.0,0.04,2.17,0.01,0.34,1.17,0.19,0.0,0.83,0.0,0.0,0.27,0.45,0.5,0.0,0.0,0.0,0.0,0.0,1.0,0.0,0.0,1.0,1.0,0.0,1.0,0.0,0.0,0.0,0.0,0.0,1.0,0.18001555750517534,18.304371062672388,19.801010075246342
6161,246.4,0.98,1,-0.017,0.338,0.061,0.003,0.012,0.04,0.0,0.0,0.0,0.04,2.2,0.02,0.39,1.14,0.13,0.0,0.77,0.0,0.0,0.34,0.59,0.45,0.0,0.0,0.0,0.0,0.0,1.0,0.0,0.0,1.0,1.0,0.0,1.0,0.0,0.0,0.0,0.0,0.0,1.0,0.18395087570727967,18.706683297688066,20.30221662774777
6162,246.44,0.98,1,-0.023,0.336,0.062,0.005,0.014,0.04,0.0,0.0,0.0,0.03,2.12,0.02,0.4,1.16,0.13,0.0,0.78,0.0,0.0,0.34,0.68,0.35,0.0,0.0,0.0,0.0,0.0,1.0,0.0,0.0,1.0,1.0,0.0,1.0,0.0,0.0,0.0,0.0,0.0,1.0,0.18627804656649355,19.112822920751533,20.402205763103257
6163,246.48,0.98,1,-0.018,0.339,0.061,0.002,0.012,0.04,0.0,0.0,0.0,0.02,2.15,0.01,0.37,1.19,0.13,0.0,0.78,0.0,0.0,0.34,0.68,0.16,0.0,0.0,0.0,0.0,0.0,1.0,0.0,0.0,1.0,1.0,0.0,1.0,0.0,0.0,0.0,0.0,0.0,1.0,0.18423246106321844,19.509228585466932,20.30221662774777
6164,246.52,0.98,1,-0.017,0.337,0.064,0.003,0.01,0.0,0.0,0.0,0.0,0.04,2.01,0.0,0.27,1.25,0.17,0.0,0.75,0.0,0.0,0.46,0.61,0.14,0.0,0.0,0.0,0.0,0.0,1.0,0.0,0.0,1.0,1.0,0.0,1.0,0.0,0.0,0.0,0.0,0.0,1.0,0.18734382808331723,19.104188022525232,20.100248754679765
6165,246.56,0.98,1,-0.022,0.334,0.064,0.001,0.011,0.0,0.0,0.0,0.0,0.12,2.15,0.0,0.27,1.25,0.17,0.0,0.66,0.0,0.0,0.65,0.7,0.18,0.0,0.0,0.0,0.0,0.0,1.0,0.0,0.0,1.0,1.0,0.0,1.0,0.0,0.0,0.0,0.0,0.0,1.0,0.19131563633537368,19.199999999999818,20.10099500024803
6166,246.6,0.98,1,-0.011,0.33,0.063,0.002,0.009,0.0,0.0,0.0,0.0,0.17,2.15,0.01,0.25,1.24,0.14,0.0,0.57,0.0,0.0,0.89,0.82,0.18,0.0,0.0,0.0,0.0,0.0,1.0,0.0,0.0,1.0,1.0,0.0,1.0,0.0,0.0,1.0,0.0,0.0,1.0,0.18591610371326944,19.30414463269477,20.20222759994555
6167,246.64,0.98,1,-0.014,0.289,0.063,0.007,0.009,0.0,0.0,0.0,0.0,0.17,2.2,0.01,0.3,1.24,0.06,0.0,0.46,0.0,0.0,1.18,0.99,0.1,0.0,0.0,0.0,0.0,0.0,1.0,0.0,0.0,1.0,1.0,0.0,1.0,0.0,0.0,1.0,0.0,0.0,0.0,0.2039088614917921,19.900251254695345,20.40220576310303
6168,246.68,0.98,1,-0.033,0.309,0.073,-0.002,0.01,0.0,0.0,0.0,0.0,0.15,2.28,0.03,0.37,1.24,0.04,0.0,0.37,0.0,0.0,1.38,1.06,0.0,0.0,0.0,0.0,0.0,0.0,1.0,0.0,0.0,1.0,1.0,0.0,0.0,0.0,0.0,1.0,0.0,0.0,0.0,0.20341317393984903,21.500232556881798,21.008569680013917
6169,246.72,0.98,1,-0.018,0.303,0.065,0.015,-0.01,0.0,0.0,0.0,0.0,0.19,2.4,0.1,0.44,1.26,0.04,0.0,0.31,0.0,0.0,1.53,1.17,0.0,0.0,0.0,0.0,0.0,0.0,1.0,0.0,0.0,1.0,1.0,0.0,0.0,0.0,0.0,1.0,0.0,0.0,0.0,0.1919488450750294,20.602184350209217,20.90598000573051
6170,246.76,0.98,1,-0.019,0.308,0.068,0.008,0.002,0.0,0.0,0.0,0.0,0.2,2.32,0.12,0.45,1.28,0.04,0.0,0.24,0.0,0.0,1.6,1.28,0.0,0.0,0.0,0.0,0.0,0.0,1.0,0.0,0.0,1.0,1.0,0.0,0.0,0.0,0.0,1.0,0.0,0.0,0.0,0.1956454714594851,21.000238093888363,21.405840324547036
6171,246.8,0.98,1,-0.024,0.3,0.065,0.007,0.008,0.0,0.0,0.0,0.0,0.15,2.03,0.13,0.42,1.31,0.0,0.0,0.18,0.0,0.0,1.7,1.36,0.0,0.0,0.0,0.0,0.0,0.0,1.0,0.0,0.0,1.0,1.0,0.0,0.0,0.0,0.0,1.0,0.0,0.0,0.0,0.19655805291104106,21.200235847744757,21.50581316760657
6172,246.84,0.98,1,-0.03,0.312,0.067,0.003,0.012,0.0,0.0,0.0,0.0,0.13,1.97,0.08,0.46,1.31,0.07,0.0,0.12,0.0,0.0,1.83,1.28,0.03,0.0,0.0,0.0,0.0,0.0,1.0,0.0,0.0,1.0,1.0,0.0,0.0,0.0,0.0,1.0,0.0,0.0,0.0,0.19949360577628328,20.899999999999864,21.50581316760657
6173,246.88,0.98,1,-0.013,0.301,0.058,0.01,-0.005,0.0,0.0,0.0,0.0,0.19,2.07,0.13,0.48,1.3,0.07,0.0,0.11,0.0,0.0,1.93,1.27,0.03,0.0,0.0,0.0,0.0,0.0,1.0,0.0,0.0,1.0,1.0,0.0,0.0,0.0,0.0,1.0,0.0,0.0,0.0,0.19581295889205375,21.10094784600933,21.400934559032788
6174,246.92,0.98,1,-0.02,0.305,0.066,0.006,0.007,0.0,0.0,0.0,0.0,0.21,2.11,0.14,0.46,1.3,0.07,0.0,0.12,0.0,0.0,2.01,1.31,0.03,0.0,0.0,0.0,0.0,0.0,1.0,0.0,0.0,1.0,1.0,0.0,0.0,0.0,0.0,1.0,0.0,0.0,0.0,0.19487077940028277,20.903827400741577,21.60370338622538
6175,246.96,0.98,1,-0.028,0.305,0.07,0.002,0.012,0.0,0.0,0.0,0.0,0.28,2.14,0.11,0.55,1.35,0.12,0.0,0.1,0.0,0.0,2.05,1.3,0.0,0.0,0.0,0.0,0.0,0.0,1.0,0.0,0.0,1.0,1.0,0.0,0.0,0.0,0.0,1.0,0.0,0.0,0.0,0.1956701572218918,21.30093894644079,21.800229356591597
6176,247.0,0.98,1,-0.019,0.282,0.064,0.01,-0.005,0.0,0.0,0.0,0.0,0.32,2.17,0.12,0.61,1.42,0.17,0.0,0.04,0.0,0.0,2.11,1.2,0.0,0.0,0.0,0.0,0.0,0.0,1.0,0.0,0.0,1.0,1.0,0.0,0.0,0.0,0.0,1.0,0.0,0.0,0.0,0.2166662162811911,20.799999999999955,21.303755537463296
6177,247.04,0.98,1,-0.027,0.31,0.069,0.003,0.008,0.0,0.0,0.0,0.0,0.33,2.22,0.12,0.71,1.5,0.28,0.0,0.04,0.0,0.0,2.07,1.18,0.38,0.0,0.0,0.0,0.0,0.0,1.0,0.0,0.0,1.0,1.0,0.0,0.0,0.0,0.0,1.0,0.0,0.0,0.0,0.1996267607235428,21.0,21.40584032454681
6178,247.08,0.98,1,-0.047,0.335,0.071,-0.004,0.011,0.22,0.0,0.0,0.0,0.25,1.69,0.14,0.72,1.62,0.37,0.0,0.04,0.0,0.0,2.24,1.16,1.14,0.0,0.0,0.0,0.0,0.0,1.0,0.0,0.0,1.0,1.0,0.0,0.0,0.0,0.0,1.0,0.0,0.0,1.0,0.2064009271816144,18.745132701584215,19.701776569639737
6179,247.12,0.98,1,-0.03,0.436,0.056,-0.006,-0.001,0.48,0.08,0.0,0.0,0.14,1.22,0.13,0.86,1.71,0.62,0.02,0.04,0.08,0.0,2.32,1.11,1.88,0.0,0.0,0.0,0.0,0.0,1.0,0.0,0.0,1.0,1.0,0.0,0.0,0.0,0.0,1.0,0.0,0.0,1.0,0.16195204849241218,14.996666296214064,20.209403751719062
6180,247.16,0.98,1,-0.057,0.45,0.061,0.005,-0.009,0.51,0.08,0.0,0.0,0.16,0.95,0.15,0.95,1.75,0.65,0.02,0.07,0.08,0.0,2.44,0.89,2.15,0.0,0.0,0.0,0.0,0.0,1.0,0.0,0.0,1.0,1.0,0.0,0.0,0.0,0.0,1.0,0.0,0.0,1.0,0.16745290764324258,19.531768993104496,19.85673689204745
6181,247.2,0.98,1,-0.041,0.4,0.044,0.002,0.011,0.43,0.08,0.0,0.0,0.18,1.21,0.18,0.92,1.68,0.56,0.02,0.07,0.08,0.0,2.31,0.72,1.91,0.0,0.0,0.0,0.0,0.0,1.0,0.0,0.0,1.0,1.0,0.0,0.0,0.0,0.0,1.0,0.0,0.0,1.0,0.16675072877580982,19.22628409235661,19.625493624365358
6182,247.24,0.98,1,-0.06,0.372,0.058,0.016,-0.005,0.3,0.0,0.0,0.0,0.22,1.52,0.19,0.8,1.66,0.48,0.0,0.16,0.0,0.0,2.21,0.65,1.64,0.0,0.0,0.0,0.0,0.0,1.0,0.0,0.0,1.0,1.0,0.0,0.0,0.0,0.0,1.0,0.0,0.0,1.0,0.17332483394655096,20.88851359000905,20.54117815511077
6183,247.28,0.98,1,-0.057,0.397,0.063,0.005,0.009,0.3,0.0,0.0,0.0,0.2,1.66,0.17,0.74,1.65,0.54,0.0,0.14,0.0,0.0,2.08,0.74,1.38,0.0,0.0,0.0,0.0,0.0,1.0,0.0,0.0,1.0,1.0,0.0,0.0,0.0,0.0,1.0,0.0,0.0,1.0,0.18044857832810282,18.951780918953098,20.37105790085527
6184,247.32,0.98,1,-0.032,0.364,0.065,-0.005,0.019,0.32,0.0,0.0,0.0,0.24,1.75,0.19,0.73,1.68,0.67,0.0,0.14,0.0,0.0,2.0,0.86,1.15,0.0,0.0,0.0,0.0,0.0,1.0,0.0,0.0,1.0,1.0,0.0,0.0,0.0,0.0,1.0,0.0,0.0,1.0,0.18485147396631066,18.133394607739522,18.44586674569681
6185,247.36,0.98,1,-0.058,0.372,0.06,0.013,0.004,0.22,0.0,0.0,0.11,0.26,1.81,0.16,0.66,1.66,0.64,0.0,0.16,0.0,0.0,1.98,0.89,1.05,0.0,0.0,0.0,0.0,0.0,1.0,0.0,0.0,1.0,1.0,0.0,0.0,0.0,0.0,1.0,0.0,0.0,1.0,0.18733034294045703,18.951780918953336,18.64537476158623
6186,247.4,0.98,1,-0.051,0.391,0.065,0.004,0.017,0.19,0.0,0.0,0.11,0.27,1.93,0.15,0.62,1.68,0.7,0.0,0.22,0.0,0.0,2.06,0.83,1.04,0.0,0.0,0.0,0.0,0.0,1.0,0.0,0.0,1.0,1.0,0.0,0.0,0.0,0.0,1.0,0.0,0.0,1.0,0.17752200235855503,19.557607215607945,18.261708572858172
6187,247.44,0.98,1,-0.041,0.388,0.072,0.002,0.018,0.04,0.0,0.0,0.11,0.33,2.21,0.1,0.7,1.63,0.6,0.0,0.31,0.0,0.0,2.01,0.81,0.94,0.0,0.0,0.0,0.0,0.0,1.0,0.0,0.0,1.0,1.0,0.0,0.0,0.0,0.0,1.0,0.0,0.0,1.0,0.17094640749567025,18.217573932881447,18.227451824102932
6188,247.48,0.98,1,-0.022,0.349,0.079,0.0,0.019,0.0,0.0,0.0,0.0,0.35,2.49,0.06,0.77,1.63,0.59,0.0,0.31,0.0,0.0,1.95,0.93,0.66,0.0,0.0,0.0,0.0,1.0,1.0,0.0,0.0,1.0,1.0,0.0,0.0,0.0,0.0,1.0,0.0,0.0,1.0,0.15684132245738142,18.12760326132489,19.312690128513896
6189,247.52,0.98,1,-0.03,0.343,0.082,-0.0,0.019,0.05,0.0,0.0,0.0,0.42,2.78,0.05,0.84,1.67,0.55,0.0,0.23,0.0,0.0,1.89,0.99,0.29,0.0,0.0,0.0,0.0,1.0,1.0,0.0,0.0,1.0,1.0,0.0,0.0,0.0,0.0,1.0,0.0,0.0,0.0,0.16809607728210493,17.20726590716845,19.50230755577401
6190,247.56,0.98,1,-0.02,0.313,0.071,0.014,0.001,0.05,0.0,0.0,0.0,0.35,2.69,0.07,0.74,1.69,0.54,0.0,0.2,0.0,0.0,1.98,1.05,0.16,0.0,0.0,0.0,0.0,1.0,1.0,0.0,0.0,1.0,1.0,0.0,0.0,0.0,0.0,1.0,0.0,0.0,0.0,0.1737501267509354,17.722866585290365,19.804039991880398
6191,247.6,0.98,1,-0.019,0.308,0.078,0.008,0.011,0.05,0.0,0.0,0.11,0.43,2.65,0.07,0.74,1.7,0.58,0.0,0.2,0.0,0.0,1.99,1.02,0.11,0.0,0.0,0.0,0.0,1.0,1.0,0.0,0.0,1.0,1.0,0.0,0.0,0.0,0.0,1.0,0.0,0.0,0.0,0.18298369740105264,17.310401497365632,19.900251254695345
6192,247.64,0.98,1,-0.019,0.306,0.079,0.007,0.015,0.0,0.0,0.0,0.16,0.42,2.64,0.04,0.67,1.65,0.56,0.0,0.31,0.0,0.0,1.94,1.01,0.11,0.0,0.0,0.0,0.0,1.0,1.0,0.0,0.0,1.0,1.0,0.0,0.0,0.0,0.0,1.0,0.0,0.0,0.0,0.18654520575084466,17.80449381476481,20.400245096566945
6193,247.68,0.98,1,-0.012,0.305,0.084,0.004,0.016,0.0,0.0,0.0,0.16,0.48,2.76,0.0,0.67,1.66,0.56,0.0,0.37,0.0,0.0,1.86,1.04,0.04,0.0,0.0,0.0,0.0,1.0,1.0,0.0,0.0,1.0,1.0,0.0,0.0,0.0,0.0,1.0,0.0,0.0,0.0,0.1872466248599635,17.602556632489406,20.600000000000136
6194,247.72,0.98,1,-0.004,0.292,0.078,0.006,0.02,0.0,0.0,0.0,0.09,0.47,2.74,0.02,0.65,1.65,0.54,0.0,0.39,0.0,0.0,1.87,1.01,0.0,0.0,0.0,0.0,0.0,1.0,1.0,0.0,0.0,1.0,1.0,0.0,0.0,0.0,0.0,1.0,0.0,0.0,0.0,0.19372002887396628,18.702406262296886,20.20024752323599
6195,247.76,0.98,1,-0.005,0.305,0.088,0.001,0.02,0.02,0.0,0.0,0.06,0.48,2.7,0.02,0.66,1.7,0.55,0.0,0.23,0.0,0.0,1.96,1.02,0.0,0.0,0.0,0.0,0.0,1.0,1.0,0.0,0.0,1.0,1.0,0.0,0.0,0.0,0.0,1.0,0.0,0.0,0.0,0.1939305082897805,19.104188022525236,20.900239233080427
6196,247.8,0.98,1,-0.011,0.291,0.073,0.015,0.004,0.05,0.0,0.0,0.09,0.45,2.59,0.08,0.63,1.71,0.52,0.0,0.19,0.0,0.0,2.02,0.99,0.0,0.0,0.0,0.0,0.0,1.0,1.0,0.0,0.0,1.0,1.0,0.0,0.0,0.0,0.0,1.0,0.0,0.0,0.0,0.19912608020338277,18.50108104949546,20.60024271701662
6197,247.84,0.98,1,-0.006,0.292,0.084,0.01,0.013,0.05,0.01,0.0,0.16,0.48,2.69,0.12,0.65,1.71,0.4,0.0,0.11,0.0,0.0,2.07,1.01,0.0,0.0,0.0,0.0,0.0,1.0,1.0,0.0,0.0,1.0,1.0,0.0,0.0,0.0,0.0,1.0,0.0,0.0,0.0,0.19809363525301218,18.704277585622002,21.30023474049072
6198,247.88,0.98,1,-0.006,0.289,0.082,0.009,0.019,0.03,0.01,0.0,0.25,0.51,2.62,0.17,0.64,1.66,0.29,0.0,0.26,0.0,0.0,2.05,1.07,0.0,0.0,0.0,0.0,0.0,1.0,1.0,0.0,0.0,1.0,1.0,0.0,0.0,0.0,0.0,1.0,0.0,0.0,0.0,0.1967330096166368,18.704277585622002,21.400934559032788
6199,247.92,0.98,1,-0.014,0.298,0.086,0.006,0.022,0.0,0.01,0.0,0.33,0.57,2.68,0.18,0.7,1.72,0.26,0.0,0.3,0.0,0.0,2.01,1.1,0.0,0.0,0.0,0.0,0.0,1.0,1.0,0.0,1.0,1.0,1.0,0.0,0.0,0.0,0.0,1.0,0.0,0.0,0.0,0.1918449888505423,18.304371062672615,21.40093455903256
6200,247.96,0.98,1,-0.016,0.31,0.084,0.002,0.024,0.0,0.0,0.0,0.22,0.59,2.68,0.23,0.74,1.71,0.28,0.0,0.33,0.0,0.0,2.03,1.15,0.0,0.0,0.0,0.0,0.0,1.0,1.0,0.0,1.0,1.0,1.0,0.0,0.0,0.0,0.0,1.0,0.0,0.0,0.0,0.1872701533925828,18.5024322725419,21.400233643584226
6201,248.0,0.98,1,-0.014,0.302,0.08,0.004,0.023,0.01,0.0,0.0,0.14,0.63,2.73,0.25,0.8,1.72,0.28,0.0,0.27,0.0,0.0,2.08,1.19,0.0,0.0,0.0,0.0,0.0,1.0,1.0,1.0,1.0,1.0,1.0,0.0,0.0,0.0,0.0,1.0,0.0,0.0,0.0,0.18637003145230024,20.00399960007998,20.700000000000045
6202,248.04,0.98,1,-0.01,0.297,0.08,0.004,0.022,0.01,0.0,0.0,0.08,0.65,2.77,0.23,0.79,1.69,0.28,0.0,0.28,0.0,0.0,2.16,1.25,0.0,0.0,0.0,0.0,0.0,1.0,1.0,1.0,1.0,1.0,1.0,0.0,0.0,0.0,0.0,1.0,0.0,0.0,0.0,0.19053146282569627,20.103979705520903,20.8002403832263
6203,248.08,0.98,1,-0.008,0.296,0.078,0.005,0.023,0.01,0.0,0.0,0.21,0.65,2.68,0.21,0.76,1.71,0.3,0.0,0.32,0.0,0.0,2.18,1.26,0.0,0.0,0.0,0.0,0.0,1.0,1.0,1.0,1.0,1.0,1.0,0.0,0.0,0.0,0.0,1.0,0.0,0.0,0.0,0.18738139773990475,20.10223868130128,20.700000000000045
6204,248.12,0.98,1,-0.011,0.305,0.078,0.004,0.022,0.0,0.0,0.0,0.18,0.67,2.56,0.19,0.81,1.73,0.27,0.0,0.32,0.0,0.0,2.21,1.21,0.0,0.0,0.0,0.0,0.0,1.0,1.0,1.0,1.0,1.0,1.0,0.0,0.0,0.0,0.0,1.0,0.0,0.0,0.0,0.18508710073640489,19.70228413154175,20.500243900988107
6205,248.16,0.98,1,-0.015,0.288,0.078,0.004,0.022,0.0,0.0,0.0,0.13,0.66,2.24,0.24,0.84,1.74,0.23,0.0,0.35,0.0,0.0,2.19,1.14,0.0,0.0,0.0,0.0,0.0,1.0,1.0,1.0,1.0,1.0,1.0,0.0,0.0,0.0,0.0,1.0,0.0,0.0,0.0,0.19262226092524964,20.00224987345174,20.300246303924446
6206,248.2,0.98,1,-0.011,0.284,0.077,0.004,0.021,0.0,0.0,0.0,0.0,0.65,2.09,0.29,0.83,1.73,0.14,0.0,0.33,0.0,0.0,2.2,1.05,0.0,0.0,0.0,0.0,0.0,1.0,1.0,1.0,1.0,1.0,1.0,0.0,0.0,0.0,0.0,1.0,0.0,0.0,0.0,0.20432865998046784,20.00224987345174,20.500243900988107
6207,248.24,0.98,1,-0.017,0.292,0.074,0.002,0.023,0.0,0.0,0.0,0.0,0.69,2.31,0.32,0.85,1.76,0.2,0.0,0.28,0.0,0.0,2.12,0.94,0.0,0.0,0.0,0.0,0.0,1.0,1.0,1.0,1.0,1.0,1.0,0.0,0.0,0.0,0.0,1.0,0.0,0.0,0.0,0.20051487699511503,20.50219500443794,20.600242717016847
6208,248.28,0.98,1,-0.014,0.286,0.068,0.011,0.002,0.0,0.0,0.0,0.0,0.69,2.57,0.35,0.83,1.75,0.13,0.0,0.21,0.0,0.0,2.17,0.9,0.0,0.0,0.0,0.0,0.0,1.0,1.0,1.0,1.0,1.0,1.0,0.0,0.0,0.0,0.0,1.0,0.0,0.0,0.0,0.2010177704238393,20.400245096566717,21.100947846009102
6209,248.32,0.98,1,-0.013,0.304,0.077,0.002,0.014,0.0,0.0,0.0,0.0,0.68,2.63,0.28,0.9,1.78,0.21,0.0,0.23,0.0,0.0,2.26,1.05,0.0,0.0,0.0,0.0,0.0,1.0,1.0,0.0,1.0,1.0,1.0,0.0,0.0,0.0,0.0,1.0,0.0,0.0,0.0,0.20098767950040342,20.402205763103254,20.30221662774777
6210,248.36,0.98,1,-0.01,0.309,0.09,-0.004,0.019,0.0,0.0,0.0,0.0,0.67,2.56,0.2,1.05,1.74,0.24,0.0,0.2,0.0,0.0,2.4,1.32,0.0,0.0,0.0,0.0,0.0,1.0,1.0,0.0,1.0,1.0,1.0,0.0,0.0,0.0,0.0,1.0,1.0,0.0,0.0,0.20715277514188463,20.511947737842934,18.432851108821854
6211,248.4,0.98,1,0.031,0.3,0.072,-0.006,-0.013,0.04,0.0,0.0,0.0,0.77,2.76,0.14,1.2,1.77,0.38,0.0,0.14,0.0,0.0,2.51,1.6,0.0,0.0,0.0,0.0,0.0,1.0,1.0,0.0,1.0,1.0,1.0,0.0,0.0,0.0,0.0,1.0,1.0,0.0,0.0,0.19746119772216977,19.801010075246115,22.002045359466013
6212,248.44,0.98,1,0.011,0.313,0.077,0.008,-0.016,0.04,0.0,0.0,0.0,0.77,2.73,0.12,1.28,1.77,0.45,0.0,0.02,0.0,0.0,2.62,1.7,0.37,0.0,0.0,0.0,0.0,1.0,1.0,0.0,1.0,1.0,1.0,0.0,0.0,0.0,0.0,1.0,1.0,0.0,0.0,0.1843649906776274,19.50102561405425,20.819462048765992
6213,248.48,0.98,1,-0.003,0.335,0.058,-0.02,-0.007,0.38,0.18,0.0,0.0,0.63,2.35,0.11,1.29,1.86,0.63,0.0,0.0,0.05,0.0,2.68,1.61,1.0,0.0,0.0,0.0,0.0,1.0,1.0,0.0,1.0,1.0,1.0,0.0,0.0,0.0,0.0,1.0,1.0,0.0,1.0,0.18876925857084542,18.40000000000009,19.609181522950042
6214,248.52,0.98,1,-0.017,0.413,0.054,-0.026,-0.029,0.53,0.19,0.0,0.0,0.45,1.84,0.04,1.36,1.91,0.76,0.0,0.0,0.05,0.0,2.63,1.36,1.81,1.0,1.0,0.0,0.0,1.0,1.0,0.0,1.0,1.0,1.0,0.0,0.0,0.0,0.0,1.0,1.0,0.0,1.0,0.15881882627104257,16.72004784682163,19.457903278616726
6215,248.56,0.98,1,-0.013,0.405,0.039,-0.022,-0.033,0.72,0.24,0.0,0.0,0.45,1.56,0.01,1.42,1.96,0.9,0.0,0.0,0.05,0.0,2.46,1.04,1.94,1.0,1.0,0.0,0.0,1.0,1.0,0.0,1.0,1.0,1.0,0.0,0.0,0.0,0.0,1.0,1.0,0.0,1.0,0.15699402492078862,18.655026132385874,19.930378822290223
6216,248.6,0.98,1,-0.002,0.339,0.016,-0.014,-0.033,0.58,0.08,0.0,0.0,0.52,1.68,0.1,1.37,1.91,0.86,0.0,0.0,0.0,0.0,2.31,0.81,1.62,1.0,1.0,0.0,0.0,1.0,1.0,0.0,1.0,1.0,1.0,0.0,0.0,0.0,0.0,1.0,1.0,0.0,1.0,0.1639460448636352,20.398284241572824,21.333776037073182
6217,248.64,0.98,1,-0.013,0.338,0.029,-0.005,-0.04,0.64,0.13,0.0,0.0,0.55,1.62,0.11,1.32,1.97,0.93,0.0,0.0,0.03,0.0,2.27,0.62,1.48,1.0,1.0,0.0,0.0,1.0,1.0,0.0,1.0,1.0,1.0,0.0,0.0,0.0,0.0,1.0,1.0,0.0,1.0,0.1669476110733578,17.17469068134844,20.362956563328602
6218,248.68,0.98,1,0.004,0.399,0.024,-0.013,-0.041,0.76,0.1,0.0,0.0,0.37,1.58,0.19,1.22,2.01,1.02,0.0,0.0,0.03,0.0,2.36,0.68,1.65,1.0,1.0,0.0,0.0,1.0,1.0,0.0,1.0,1.0,1.0,0.0,0.0,0.0,0.0,1.0,1.0,0.0,1.0,0.15379425307941702,16.68682114724086,20.796393918177074
6219,248.72,0.98,1,-0.04,0.432,0.047,0.003,-0.033,0.78,0.08,0.0,0.0,0.17,1.27,0.17,0.95,2.02,1.04,0.0,0.0,0.03,0.0,2.44,0.83,1.98,1.0,1.0,0.0,0.0,1.0,1.0,0.0,0.0,1.0,1.0,0.0,0.0,0.0,0.0,1.0,1.0,0.0,1.0,0.16438900801584305,17.68191166135599,21.34689672996973
6220,248.76,0.98,1,-0.056,0.448,0.039,-0.006,-0.006,0.73,0.02,0.0,0.0,0.07,1.25,0.19,0.77,1.91,0.98,0.0,0.0,0.01,0.0,2.44,1.21,1.87,0.0,0.0,0.0,0.0,1.0,1.0,0.0,0.0,1.0,1.0,0.0,0.0,0.0,0.0,1.0,1.0,0.0,1.0,0.17100100279708685,17.67766952966369,22.57188516717202
6221,248.8,0.98,1,-0.038,0.432,0.042,0.018,-0.015,0.48,0.0,0.0,0.0,0.14,1.38,0.14,0.54,1.83,0.83,0.0,0.02,0.01,0.0,2.34,1.49,1.68,0.0,0.0,0.0,0.0,1.0,1.0,0.0,0.0,1.0,1.0,0.0,0.0,0.0,0.0,1.0,1.0,0.0,1.0,0.16140384366120686,17.564168070250297,21.63330765278384
6222,248.84,0.98,1,-0.064,0.384,0.042,0.019,0.006,0.33,0.0,0.0,0.0,0.28,1.77,0.1,0.56,1.77,0.77,0.0,0.04,0.04,0.0,2.36,1.78,1.46,0.0,0.0,0.0,0.0,1.0,1.0,0.0,0.0,1.0,1.0,0.0,0.0,0.0,0.0,1.0,1.0,0.0,1.0,0.15661395920425114,20.70676218050509,20.923909768491985
6223,248.88,0.98,1,-0.091,0.369,0.057,0.022,0.011,0.23,0.0,0.0,0.0,0.47,2.17,0.06,0.54,1.75,0.72,0.0,0.04,0.12,0.0,2.43,1.92,1.3,0.0,0.0,0.0,0.0,1.0,1.0,0.0,0.0,1.0,1.0,0.0,0.0,0.0,0.0,1.0,1.0,0.0,1.0,0.16930095930477482,17.33493582335967,20.51560381758236
6224,248.92,0.98,1,-0.081,0.376,0.07,0.028,0.013,0.17,0.0,0.0,0.0,0.62,2.65,0.02,0.66,1.75,0.65,0.0,0.07,0.12,0.0,2.56,2.04,1.04,0.0,0.0,0.0,0.0,1.0,1.0,0.0,0.0,1.0,1.0,0.0,0.0,0.0,0.0,1.0,1.0,0.0,1.0,0.16698488453575927,16.935760980835653,18.738463117342402
6225,248.96,0.98,1,-0.079,0.36,0.067,0.031,0.016,0.12,0.0,0.0,0.0,0.79,2.69,0.02,0.71,1.75,0.58,0.0,0.11,0.24,0.0,2.6,2.15,1.0,0.0,0.0,0.0,0.0,1.0,1.0,0.0,1.0,1.0,1.0,0.0,0.0,0.0,0.0,1.0,1.0,0.0,1.0,0.15191605512772105,16.610839834276803,16.829735589129097
6226,249.0,0.98,1,-0.077,0.385,0.082,0.033,0.015,0.01,0.01,0.0,0.0,0.85,2.69,0.08,0.78,1.77,0.65,0.0,0.27,0.19,0.0,2.61,2.15,0.82,0.0,0.0,0.0,0.0,1.0,1.0,0.0,1.0,1.0,1.0,0.0,0.0,0.0,0.0,1.0,1.0,0.0,1.0,0.16262693856007876,19.509228585466932,18.7130970178643
6227,249.04,0.98,1,-0.044,0.366,0.085,0.026,0.02,0.0,0.01,0.0,0.0,0.93,2.6,0.11,0.85,1.81,0.81,0.0,0.33,0.26,0.0,2.54,2.18,0.75,0.0,0.0,0.0,0.0,1.0,1.0,0.0,1.0,1.0,1.0,0.0,0.0,0.0,0.0,1.0,1.0,0.0,1.0,0.1608609513885383,17.20465053408507,19.009471323527123
6228,249.08,0.98,1,-0.031,0.336,0.089,0.019,0.022,0.01,0.01,0.0,0.0,0.9,2.86,0.1,0.94,1.89,0.98,0.0,0.41,0.13,0.0,2.46,2.11,0.38,0.0,0.0,0.0,0.0,1.0,1.0,0.0,1.0,1.0,1.0,0.0,0.0,0.0,0.0,1.0,1.0,0.0,0.0,0.16401276083122568,18.204395073717592,19.60229578391257
6229,249.12,0.98,1,-0.027,0.326,0.098,0.015,0.023,0.05,0.0,0.0,0.0,0.89,2.96,0.04,0.93,1.89,1.03,0.0,0.47,0.09,0.0,2.32,2.11,0.15,0.0,0.0,0.0,0.0,1.0,1.0,0.0,1.0,1.0,1.0,0.0,0.0,0.0,0.0,1.0,1.0,0.0,0.0,0.17262977576114247,18.7096231923575,19.901004999748217
6230,249.16,0.98,1,-0.027,0.321,0.101,0.012,0.026,0.05,0.0,0.0,0.0,0.9,3.02,0.01,0.88,1.91,1.02,0.0,0.52,0.02,0.0,2.28,1.97,0.0,0.0,0.0,0.0,0.0,1.0,1.0,0.0,1.0,1.0,1.0,0.0,0.0,0.0,0.0,1.0,1.0,0.0,0.0,0.1815665294105424,19.10235587565066,20.40220576310303
6231,249.2,0.98,1,-0.025,0.308,0.094,0.009,0.03,0.04,0.0,0.0,0.0,0.97,3.06,0.02,0.85,1.92,0.94,0.0,0.45,0.01,0.0,2.18,1.8,0.0,0.0,0.0,0.0,0.0,1.0,1.0,0.0,1.0,1.0,1.0,0.0,0.0,0.0,0.0,1.0,1.0,0.0,0.0,0.1818899500425064,19.709134937891157,21.100947846009102
6232,249.24,0.98,1,-0.028,0.311,0.094,0.01,0.029,0.0,0.0,0.0,0.0,1.02,3.08,0.08,0.99,2.01,0.9,0.0,0.29,0.01,0.0,2.21,1.67,0.0,0.0,0.0,0.0,0.0,1.0,1.0,0.0,1.0,1.0,1.0,0.0,0.0,0.0,0.0,1.0,1.0,0.0,0.0,0.17716770294724554,19.509228585466932,21.003809178337153
6233,249.28,0.98,1,-0.028,0.317,0.09,0.007,0.025,0.0,0.0,0.0,0.0,1.03,3.15,0.16,1.07,2.09,0.82,0.0,0.18,0.0,0.0,2.21,1.48,0.0,0.0,0.0,0.0,0.0,1.0,1.0,0.0,1.0,1.0,1.0,0.0,0.0,0.0,0.0,1.0,1.0,0.0,0.0,0.17706415370083906,19.40927613281842,20.802163349036515
6234,249.32,0.98,1,-0.021,0.299,0.08,0.005,0.021,0.0,0.0,0.0,0.0,1.02,3.09,0.18,1.23,2.17,0.84,0.0,0.1,0.0,0.0,2.29,1.15,0.0,0.0,0.0,0.0,0.0,1.0,1.0,1.0,1.0,1.0,1.0,0.0,0.0,0.0,0.0,1.0,1.0,0.0,0.0,0.18383867305702517,19.706344156133902,20.900239233080654
6235,249.36,0.98,1,-0.013,0.28,0.065,0.008,-0.019,0.0,0.0,0.0,0.0,0.97,2.85,0.25,1.18,2.22,0.85,0.0,0.07,0.0,0.0,2.16,0.64,0.0,0.0,0.0,0.0,0.0,1.0,1.0,1.0,1.0,1.0,1.0,0.0,0.0,0.0,0.0,1.0,0.0,0.0,0.0,0.19027756216725966,20.700241544484495,21.303755537463296
6236,249.4,0.98,1,-0.009,0.288,0.071,0.002,-0.003,0.02,0.0,0.0,0.0,0.91,2.55,0.28,1.34,2.19,1.07,0.0,0.01,0.0,0.0,1.85,0.23,0.0,0.0,0.0,0.0,0.0,1.0,1.0,1.0,1.0,1.0,1.0,0.0,0.0,0.0,0.0,1.0,0.0,0.0,0.0,0.19799688767790025,20.50219500443794,20.200990074746155
6237,249.44,0.98,1,-0.003,0.284,0.059,0.007,-0.035,0.08,0.0,0.0,0.0,0.89,2.53,0.4,1.29,2.18,1.16,0.0,0.01,0.0,0.0,1.7,0.04,0.0,0.0,0.0,0.0,0.0,1.0,1.0,1.0,1.0,1.0,1.0,0.0,0.0,0.0,0.0,1.0,0.0,0.0,0.0,0.19835802389414697,20.600970850909082,20.8002403832263
6238,249.48,0.98,1,-0.002,0.28,0.066,0.013,-0.038,0.08,0.0,0.0,0.0,0.9,2.72,0.43,1.4,2.14,1.27,0.0,0.0,0.0,0.0,1.72,0.03,0.0,0.0,0.0,0.0,0.0,1.0,1.0,1.0,1.0,1.0,1.0,0.0,0.0,0.0,0.0,1.0,0.0,0.0,0.0,0.2042158514088983,20.308865059377577,21.000238093888363
6239,249.52,0.98,1,-0.003,0.284,0.065,-0.002,-0.034,0.06,0.0,0.0,0.0,0.95,2.85,0.4,1.39,2.22,1.22,0.0,0.0,0.0,0.0,1.98,0.03,0.0,0.0,0.0,0.0,0.0,1.0,1.0,1.0,1.0,1.0,1.0,0.0,0.0,0.0,0.0,1.0,0.0,0.0,0.0,0.19610302071353491,20.702173798903157,21.0
6240,249.56,0.98,1,-0.007,0.279,0.062,0.008,-0.048,0.0,0.0,0.0,0.0,1.0,2.93,0.44,1.4,2.3,1.19,0.0,0.0,0.0,0.0,2.22,0.13,0.0,0.0,0.0,0.0,0.0,1.0,1.0,1.0,1.0,1.0,1.0,0.0,0.0,0.0,0.0,1.0,0.0,0.0,0.0,0.19539661459172686,21.0,21.30093894644102
6241,249.6,0.98,1,-0.015,0.265,0.064,0.017,-0.037,0.0,0.0,0.0,0.0,1.04,2.81,0.4,1.42,2.36,1.17,0.0,0.0,0.0,0.0,2.45,0.22,0.0,0.0,0.0,0.0,0.0,1.0,1.0,1.0,1.0,1.0,1.0,0.0,0.0,0.0,0.0,1.0,0.0,0.0,0.0,0.19826747694610725,20.900239233080654,22.000227271553356
6242,249.64,0.98,1,-0.005,0.266,0.069,0.001,-0.027,0.13,0.0,0.0,0.0,1.12,2.99,0.38,1.45,2.44,1.2,0.0,0.0,0.0,0.0,2.67,0.31,0.0,0.0,0.0,0.0,0.0,1.0,1.0,1.0,1.0,1.0,1.0,0.0,0.0,0.0,0.0,1.0,0.0,0.0,0.0,0.20823401498699712,21.602083232873767,21.200943375236687
6243,249.68,0.98,1,-0.008,0.266,0.061,0.006,-0.037,0.16,0.0,0.0,0.0,1.16,3.05,0.33,1.47,2.43,1.21,0.0,0.0,0.0,0.0,2.7,0.26,0.0,0.0,0.0,0.0,0.0,1.0,1.0,1.0,1.0,1.0,1.0,0.0,0.0,0.0,0.0,1.0,1.0,0.0,0.0,0.20655683807330175,21.903652663425664,20.70386437358982
6244,249.72,0.98,1,-0.019,0.285,0.068,0.016,-0.03,0.16,0.0,0.0,0.0,1.23,3.08,0.32,1.5,2.46,1.17,0.0,0.0,0.0,0.0,2.76,0.21,0.0,0.0,0.0,0.0,0.0,1.0,1.0,1.0,1.0,1.0,1.0,0.0,0.0,0.0,0.0,1.0,1.0,0.0,0.0,0.191816600326669,21.302112571292035,20.5
6245,249.76,0.98,1,-0.007,0.265,0.076,0.001,-0.019,0.04,0.0,0.0,0.0,1.22,3.06,0.34,1.44,2.4,1.14,0.0,0.0,0.0,0.0,2.76,0.27,0.0,0.0,0.0,0.0,0.0,1.0,1.0,1.0,1.0,1.0,1.0,0.0,0.0,0.0,0.0,1.0,1.0,0.0,0.0,0.21349990132909652,21.300000000000182,20.806008747475033
6246,249.8,0.98,1,-0.018,0.287,0.062,0.002,-0.027,0.03,0.0,0.0,0.0,1.17,2.94,0.2,1.48,2.41,1.26,0.0,0.0,0.0,0.0,2.8,0.29,0.0,0.0,0.0,0.0,0.0,1.0,1.0,0.0,1.0,1.0,1.0,0.0,0.0,0.0,0.0,1.0,1.0,0.0,0.0,0.1942314650142739,21.50209292138791,20.70386437358982
6247,249.84,0.98,1,-0.01,0.279,0.07,-0.001,-0.028,0.06,0.0,0.0,0.06,1.17,3.14,0.12,1.48,2.44,1.36,0.0,0.0,0.0,0.0,2.71,0.27,0.0,0.0,0.0,0.0,0.0,1.0,1.0,0.0,1.0,1.0,1.0,0.0,0.0,0.0,0.0,1.0,1.0,0.0,0.0,0.2043869891698765,21.30586773637718,21.211553455605316
6248,249.88,0.98,1,-0.014,0.283,0.065,-0.003,-0.028,0.05,0.0,0.0,0.13,1.11,3.1,0.06,1.5,2.42,1.4,0.0,0.0,0.0,0.0,2.65,0.3,0.0,0.0,0.0,0.0,0.0,1.0,1.0,0.0,1.0,1.0,1.0,0.0,0.0,0.0,0.0,1.0,1.0,0.0,0.0,0.193873719133153,21.202122535255803,21.405840324547036
6249,249.92,0.98,1,-0.012,0.279,0.06,-0.0,-0.029,0.03,0.0,0.0,0.13,1.1,3.07,0.05,1.56,2.45,1.28,0.0,0.0,0.0,0.0,2.6,0.34,0.0,0.0,0.0,0.0,0.0,1.0,1.0,0.0,1.0,1.0,1.0,0.0,0.0,0.0,0.0,1.0,1.0,0.0,0.0,0.1996857230226043,21.503720608304043,20.60388312915787
6250,249.96,0.98,1,-0.011,0.298,0.064,0.001,-0.032,0.0,0.0,0.0,0.08,1.04,3.03,0.08,1.5,2.43,1.2,0.0,0.0,0.0,0.0,2.61,0.48,0.14,0.0,0.0,0.0,0.0,1.0,1.0,0.0,1.0,1.0,1.0,0.0,0.0,0.0,0.0,1.0,1.0,0.0,0.0,0.1849677742146153,21.10094784600933,20.508778608196053
6251,250.0,0.98,1,-0.061,0.305,0.065,0.003,-0.032,0.0,0.0,0.0,0.0,1.15,3.18,0.14,1.51,2.48,1.13,0.0,0.0,0.0,0.0,2.62,0.4,0.19,0.0,0.0,0.0,0.0,1.0,1.0,0.0,1.0,1.0,1.0,0.0,0.0,0.0,0.0,1.0,1.0,0.0,0.0,0.18610951780657398,22.200900882621905,18.802393464662906
6252,250.04,0.98,1,-0.065,0.323,0.075,0.013,-0.023,0.0,0.0,0.0,0.0,1.1,3.19,0.23,1.35,2.42,1.04,0.0,0.0,0.0,0.0,2.63,0.55,0.19,0.0,0.0,0.0,0.0,1.0,1.0,1.0,1.0,1.0,1.0,0.0,0.0,0.0,0.0,1.0,1.0,0.0,0.0,0.17488309984522515,22.514217730136664,19.004210059878837
6253,250.08,0.98,1,-0.07,0.32,0.085,-0.002,0.001,0.0,0.0,0.0,0.0,1.11,3.05,0.25,1.37,2.44,0.96,0.0,0.0,0.0,0.0,2.7,0.53,0.05,0.0,0.0,0.0,0.0,1.0,1.0,1.0,1.0,1.0,1.0,0.0,0.0,0.0,0.0,1.0,1.0,0.0,0.0,0.1878898295360048,21.70092163941435,19.10104709171716
6254,250.12,0.98,1,-0.075,0.336,0.086,0.004,-0.016,0.0,0.0,0.0,0.0,1.0,2.84,0.29,1.24,2.4,0.82,0.0,0.01,0.0,0.0,2.69,0.63,0.04,0.0,0.0,0.0,0.0,1.0,1.0,1.0,1.0,1.0,1.0,0.0,0.0,0.0,0.0,1.0,1.0,0.0,0.0,0.18972777390383044,22.100226243185748,18.902380802428127
6255,250.16,0.98,1,-0.072,0.335,0.083,0.005,-0.001,0.0,0.0,0.0,0.0,0.87,2.36,0.32,1.21,2.42,0.73,0.0,0.05,0.0,0.0,2.71,0.54,0.59,0.0,0.0,0.0,0.0,1.0,1.0,1.0,1.0,1.0,1.0,0.0,0.0,0.0,0.0,1.0,0.0,0.0,0.0,0.18454407689225874,22.114474897677223,18.400271737123976
6256,250.2,0.98,1,-0.017,0.418,0.067,-0.001,0.005,0.31,0.05,0.0,0.0,0.68,1.64,0.31,1.11,2.44,0.83,0.0,0.05,0.0,0.0,2.67,0.6,1.44,0.0,0.0,0.0,0.0,1.0,1.0,1.0,1.0,1.0,1.0,0.0,0.0,0.0,0.0,1.0,0.0,0.0,1.0,0.1722230397225077,17.713836399831674,21.246176126541034
6257,250.24,0.98,1,-0.078,0.495,0.078,0.016,-0.014,0.36,0.05,0.0,0.0,0.55,1.23,0.31,1.13,2.45,0.99,0.0,0.04,0.0,0.0,2.66,0.55,2.17,0.0,0.0,0.0,0.0,1.0,1.0,1.0,1.0,1.0,1.0,0.0,0.0,0.0,0.0,1.0,0.0,0.0,1.0,0.1558269547527581,16.86683135624467,19.812369873389663
6258,250.28,0.93,1,-0.019,0.473,0.075,-0.002,-0.001,0.47,0.05,0.0,0.0,0.55,1.02,0.25,1.07,2.45,1.17,0.0,0.03,0.0,0.0,2.58,0.51,2.18,0.0,0.0,0.0,0.0,1.0,1.0,1.0,1.0,1.0,1.0,0.0,0.0,0.0,0.0,1.0,0.0,0.0,1.0,0.13167265459887073,18.51944923587101,19.306475597581198
6259,250.32,0.98,1,-0.048,0.425,0.071,0.0,0.007,0.3,0.09,0.0,0.0,0.58,1.43,0.29,0.95,2.28,1.11,0.0,0.07,0.0,0.0,2.6,0.63,1.86,0.0,0.0,0.0,0.0,1.0,1.0,1.0,1.0,1.0,1.0,0.0,0.0,0.0,0.0,1.0,0.0,0.0,1.0,0.15337236280953,18.777113729218392,20.74078108461689
6260,250.36,0.98,1,-0.019,0.369,0.084,0.004,0.009,0.43,0.09,0.0,0.0,0.6,1.66,0.33,0.88,2.11,1.13,0.0,0.24,0.0,0.0,2.54,0.89,1.47,0.0,0.0,0.0,0.0,1.0,1.0,0.0,1.0,1.0,1.0,0.0,0.0,0.0,0.0,1.0,1.0,0.0,1.0,0.15217488324913947,20.518284528683285,18.532673849177836
6261,250.4,0.98,1,-0.039,0.355,0.089,-0.005,0.012,0.4,0.09,0.0,0.0,0.55,2.21,0.39,0.84,1.85,1.11,0.0,0.26,0.0,0.0,2.4,1.13,1.25,0.0,0.0,0.0,0.0,1.0,1.0,0.0,1.0,1.0,1.0,0.0,0.0,0.0,0.0,1.0,1.0,0.0,1.0,0.16987885546894393,18.85974549138981,18.959430371190045
6262,250.44,0.98,1,-0.052,0.386,0.087,0.009,-0.01,0.33,0.0,0.0,0.0,0.52,2.54,0.36,0.86,1.75,1.04,0.0,0.35,0.0,0.0,2.13,1.14,0.99,0.0,0.0,0.0,0.0,1.0,1.0,0.0,0.0,1.0,1.0,0.0,0.0,0.0,0.0,1.0,1.0,0.0,1.0,0.16870915879407986,18.027756377319946,17.149344010777696
6263,250.48,0.98,1,-0.055,0.376,0.089,0.005,-0.002,0.14,0.0,0.0,0.0,0.42,2.54,0.34,0.82,1.66,0.79,0.0,0.43,0.0,0.0,1.67,1.02,0.92,0.0,0.0,0.0,0.0,1.0,1.0,0.0,0.0,1.0,1.0,0.0,0.0,0.0,0.0,1.0,1.0,0.0,1.0,0.17481743935646182,17.304623659588742,17.76344561170477
6264,250.52,0.98,1,-0.035,0.381,0.084,0.007,-0.004,0.06,0.0,0.0,0.0,0.43,2.65,0.38,0.72,1.58,0.59,0.0,0.69,0.0,0.0,1.05,0.94,0.87,0.0,0.0,0.0,0.0,1.0,1.0,0.0,0.0,1.0,1.0,0.0,1.0,0.0,0.0,1.0,1.0,0.0,1.0,0.17036048103315682,17.9011172835665,17.66380479964599
6265,250.56,0.98,1,-0.065,0.38,0.084,0.007,-0.004,0.0,0.0,0.0,0.0,0.41,2.65,0.43,0.58,1.42,0.41,0.0,0.93,0.0,0.0,0.47,0.88,0.74,0.0,0.0,0.0,0.0,1.0,1.0,0.0,0.0,1.0,1.0,0.0,1.0,0.0,0.0,1.0,1.0,0.0,1.0,0.17373533360659782,17.910053042914285,17.24905794529085
6266,250.6,0.98,1,-0.058,0.375,0.087,0.004,-0.002,0.0,0.0,0.0,0.01,0.42,2.94,0.42,0.42,1.34,0.34,0.0,0.87,0.0,0.0,0.56,1.2,0.49,0.0,0.0,0.0,0.0,1.0,1.0,0.0,0.0,1.0,1.0,0.0,1.0,0.0,0.0,1.0,1.0,0.0,1.0,0.15600698528514048,16.900295855398372,16.800297616411395
6267,250.64,0.98,1,-0.059,0.367,0.093,0.005,-0.001,0.07,0.0,0.0,0.01,0.53,3.05,0.32,0.52,1.48,0.48,0.0,0.66,0.0,0.0,1.33,1.51,0.27,0.0,0.0,0.0,0.0,1.0,1.0,0.0,0.0,1.0,1.0,0.0,1.0,0.0,0.0,1.0,1.0,0.0,1.0,0.1702329078548575,18.104419349982063,16.901183390520185
6268,250.68,0.98,1,-0.06,0.357,0.107,0.006,-0.0,0.2,0.0,0.0,0.01,0.73,3.29,0.31,0.67,1.68,0.65,0.0,0.31,0.0,0.0,2.19,1.84,0.22,0.0,0.0,0.0,0.0,1.0,1.0,0.0,0.0,1.0,1.0,0.0,0.0,0.0,0.0,1.0,1.0,0.0,1.0,0.17980698497177097,18.41331040307536,17.0
6269,250.72,0.98,1,-0.054,0.352,0.103,0.012,0.002,0.23,0.0,0.0,0.0,0.89,3.28,0.36,0.79,1.83,0.94,0.0,0.16,0.0,0.0,2.51,1.95,0.4,0.0,0.0,0.0,0.0,1.0,1.0,1.0,0.0,1.0,1.0,0.0,0.0,0.0,0.0,1.0,1.0,0.0,1.0,0.1713751412380585,19.206509313251114,17.100292395160874
6270,250.76,0.98,1,-0.061,0.365,0.105,0.005,0.002,0.21,0.0,0.0,0.0,0.85,3.3,0.46,0.68,1.73,0.88,0.0,0.21,0.0,0.0,2.37,2.21,0.56,0.0,0.0,0.0,0.0,1.0,1.0,1.0,0.0,1.0,1.0,0.0,0.0,0.0,0.0,1.0,1.0,0.0,0.0,0.15093181421065902,16.907394831848077,17.80702108720036
6271,250.8,0.98,1,-0.109,0.368,0.126,0.009,-0.0,0.08,0.0,0.0,0.0,0.71,3.16,0.48,0.5,1.46,0.75,0.0,0.29,0.0,0.0,2.19,2.48,0.5,0.0,0.0,0.0,0.0,1.0,1.0,1.0,0.0,1.0,1.0,0.0,0.0,0.0,0.0,1.0,1.0,0.0,0.0,0.15746959690678308,17.507141400011598,18.600268815261693
6272,250.84,0.98,1,-0.146,0.364,0.142,0.026,-0.001,0.04,0.0,0.0,0.13,0.63,2.99,0.39,0.38,1.19,0.47,0.0,0.39,0.0,0.0,2.2,2.72,0.26,0.0,0.0,0.0,0.0,1.0,1.0,1.0,0.0,1.0,1.0,0.0,0.0,0.0,0.0,1.0,1.0,0.0,0.0,0.18892598254363935,18.200000000000045,25.601757752154576
6273,250.88,0.98,1,-0.177,0.312,0.126,0.047,0.003,0.0,0.0,0.0,0.37,0.55,2.72,0.23,0.38,1.04,0.34,0.0,0.44,0.0,0.0,1.99,2.57,0.02,0.0,0.0,0.0,0.0,1.0,1.0,0.0,0.0,1.0,1.0,0.0,0.0,0.0,0.0,1.0,1.0,0.0,0.0,0.2261234016668941,19.399999999999864,27.90286723618188
6274,250.92,0.98,1,-0.171,0.307,0.097,0.069,0.004,0.0,0.0,0.0,0.43,0.57,2.63,0.08,0.4,1.04,0.47,0.0,0.66,0.1,0.0,1.44,2.3,0.0,0.0,0.0,0.0,0.0,1.0,1.0,0.0,0.0,1.0,1.0,0.0,0.0,0.0,1.0,1.0,1.0,0.0,0.0,0.21706399069877064,20.606067067735083,29.008447045645056
6275,250.96,0.98,1,-0.189,0.315,0.086,0.088,0.007,0.0,0.0,0.0,0.39,0.63,2.58,0.01,0.38,1.12,0.71,0.0,0.82,0.1,0.11,0.68,1.77,0.0,0.0,0.0,0.0,0.0,1.0,1.0,0.0,0.0,1.0,1.0,0.0,0.0,0.0,1.0,1.0,1.0,0.0,0.0,0.21395677171640068,21.0,29.508303916016587
6276,251.0,0.98,1,-0.228,0.328,0.086,0.102,0.008,0.0,0.0,0.0,0.33,0.71,2.49,0.0,0.31,1.21,0.9,0.0,0.78,0.1,0.18,0.2,1.42,0.0,0.0,0.0,0.0,0.0,1.0,1.0,0.0,0.0,1.0,1.0,0.0,0.0,0.0,1.0,1.0,1.0,0.0,0.0,0.20126911808801817,22.70088104017115,26.20934947685658
6277,251.04,0.98,1,-0.223,0.31,0.091,0.108,0.009,0.0,0.0,0.0,0.43,0.74,2.38,0.02,0.34,1.27,1.01,0.0,0.59,0.0,0.22,0.03,1.21,0.0,0.0,0.0,0.0,0.0,1.0,1.0,0.0,0.0,1.0,1.0,0.0,0.0,0.0,1.0,1.0,1.0,0.0,0.0,0.21972456912744104,21.600925906080878,29.404251393293432
6278,251.08,0.98,1,-0.221,0.348,0.095,0.117,0.014,0.0,0.0,0.0,0.6,0.71,2.21,0.12,0.41,1.28,0.92,0.0,0.31,0.0,0.11,0.43,1.39,0.0,0.0,0.0,0.0,0.0,1.0,1.0,0.0,0.0,1.0,1.0,0.0,0.0,0.0,1.0,1.0,1.0,0.0,0.0,0.19906009504218025,22.100904958847412,29.213866570517546
6279,251.12,0.98,1,-0.223,0.333,0.096,0.125,0.018,0.07,0.0,0.0,0.49,0.74,2.23,0.17,0.65,1.35,0.9,0.0,0.14,0.09,0.04,0.98,1.57,0.0,0.0,0.0,0.0,0.0,1.0,1.0,1.0,0.0,1.0,1.0,0.0,0.0,0.0,1.0,1.0,1.0,0.0,0.0,0.20813873441586256,22.114474897677447,29.648777377828047
6280,251.16,0.98,1,-0.224,0.317,0.102,0.136,0.021,0.11,0.0,0.0,0.34,0.8,2.23,0.17,0.77,1.43,0.81,0.0,0.02,0.14,0.0,1.54,1.58,0.0,0.0,0.0,0.0,0.0,1.0,1.0,1.0,0.0,1.0,1.0,0.0,0.0,0.0,1.0,1.0,1.0,0.0,0.0,0.21639480556675872,23.210557942453732,29.754495458669812
6281,251.2,0.98,1,-0.242,0.329,0.109,0.144,0.022,0.14,0.0,0.0,0.16,0.86,2.25,0.11,0.85,1.47,0.9,0.0,0.0,0.14,0.0,1.71,1.5,0.0,0.0,0.0,0.0,0.0,1.0,1.0,1.0,0.0,1.0,1.0,0.0,0.0,0.0,1.0,1.0,1.0,0.0,0.0,0.21875293115940553,22.3224102641269,29.424479604574127
6282,251.24,0.98,1,-0.248,0.351,0.109,0.148,0.025,0.08,0.0,0.0,0.1,0.84,2.11,0.1,0.77,1.4,0.96,0.0,0.04,0.04,0.0,1.88,1.55,0.02,0.0,0.0,0.0,0.0,1.0,1.0,1.0,0.0,1.0,1.0,0.0,0.0,0.0,1.0,1.0,1.0,0.0,0.0,0.19649510034556478,22.02271554554524,29.45505050072056
6283,251.28,0.98,1,-0.245,0.329,0.107,0.153,0.027,0.12,0.0,0.0,0.1,0.75,2.06,0.1,0.74,1.32,1.02,0.0,0.09,0.0,0.0,1.88,1.54,0.02,0.0,0.0,0.0,0.0,1.0,1.0,1.0,0.0,1.0,1.0,0.0,0.0,0.0,1.0,1.0,1.0,0.0,0.0,0.20942879010601528,21.22357180118375,29.860509037857963
6284,251.32,0.98,1,-0.251,0.323,0.106,0.163,0.031,0.15,0.0,0.0,0.03,0.69,1.99,0.1,0.72,1.22,1.0,0.0,0.17,0.0,0.0,1.87,1.47,0.08,0.0,0.0,0.0,0.0,1.0,1.0,1.0,0.0,1.0,1.0,0.0,0.0,0.0,1.0,1.0,1.0,0.0,0.0,0.21087667348228534,21.028789789238942,29.533032353620552
6285,251.36,0.98,1,-0.26,0.363,0.114,0.174,0.03,0.18,0.0,0.0,0.12,0.72,2.09,0.14,0.68,1.14,1.1,0.0,0.24,0.0,0.0,1.57,1.35,0.27,0.0,0.0,0.0,0.0,1.0,1.0,0.0,0.0,1.0,1.0,0.0,0.0,0.0,1.0,1.0,1.0,0.0,0.0,0.1920078315233943,21.323461257497755,28.977232442039806
6286,251.4,0.98,1,-0.255,0.331,0.106,0.178,0.032,0.33,0.08,0.0,0.11,0.63,1.64,0.12,0.64,1.05,1.26,0.0,0.37,0.0,0.0,1.16,1.25,1.02,0.0,0.0,0.0,0.0,1.0,1.0,0.0,0.0,1.0,1.0,0.0,0.0,0.0,1.0,1.0,1.0,0.0,0.0,0.1897435727132281,21.552262062252307,27.773548566936764
6287,251.44,0.98,1,-0.252,0.435,0.112,0.192,0.032,0.49,0.08,0.0,0.08,0.46,1.19,0.07,0.54,1.07,1.33,0.0,0.41,0.0,0.0,0.75,1.19,1.92,0.0,0.0,0.0,0.0,1.0,1.0,0.0,0.0,1.0,1.0,0.0,0.0,0.0,1.0,1.0,1.0,0.0,1.0,0.17452237159521772,18.86637220029335,19.166898549321978
6288,251.48,0.98,1,-0.207,0.518,0.117,0.178,0.028,0.55,0.08,0.0,0.0,0.22,0.7,0.0,0.38,1.11,1.24,0.0,0.49,0.0,0.0,0.59,1.16,2.69,0.0,0.0,0.0,0.0,1.0,1.0,0.0,0.0,1.0,1.0,0.0,0.0,0.0,1.0,1.0,1.0,0.0,1.0,0.15608348442569592,15.996562130657905,19.20937271229859
6289,251.52,0.98,1,-0.156,0.547,0.118,0.153,0.018,0.38,0.0,0.0,0.0,0.2,0.99,0.07,0.27,1.17,1.06,0.0,0.43,0.02,0.0,0.92,1.42,2.59,0.0,0.0,0.0,0.0,1.0,1.0,0.0,0.0,1.0,1.0,0.0,0.0,0.0,1.0,1.0,1.0,0.0,1.0,0.10122373535613723,20.393136100168643,19.200260414900672
6290,251.56,0.98,1,-0.112,0.467,0.098,0.11,0.017,0.16,0.0,0.0,0.0,0.32,1.6,0.14,0.25,1.23,0.9,0.0,0.43,0.05,0.0,1.51,1.78,2.13,0.0,0.0,0.0,0.0,1.0,1.0,0.0,0.0,1.0,1.0,0.0,0.0,0.0,0.0,1.0,1.0,0.0,1.0,0.1547535454756325,17.980545041794336,19.209372712298592
6291,251.6,0.98,1,-0.075,0.412,0.119,0.085,0.01,0.07,0.0,0.0,0.0,0.53,2.34,0.19,0.3,1.33,0.79,0.0,0.36,0.05,0.0,2.06,2.14,1.45,0.0,0.0,0.0,0.0,1.0,1.0,0.0,0.0,1.0,1.0,0.0,0.0,0.0,0.0,1.0,1.0,0.0,1.0,0.16532675679640518,18.517289218457435,20.829066229670566
6292,251.64,0.98,1,-0.038,0.403,0.128,0.061,0.002,0.01,0.0,0.0,0.0,0.7,2.87,0.2,0.41,1.48,0.73,0.0,0.3,0.03,0.0,2.38,2.32,1.06,0.0,0.0,0.0,0.0,1.0,1.0,0.0,0.0,1.0,1.0,0.0,0.0,0.0,0.0,1.0,1.0,0.0,1.0,0.17209892150654604,19.500256408570632,18.417383093154235
6293,251.68,0.98,1,-0.028,0.398,0.137,0.044,-0.007,0.0,0.0,0.0,0.0,0.77,3.16,0.16,0.54,1.58,0.77,0.0,0.26,0.0,0.0,2.51,2.41,0.8,0.0,0.0,0.0,0.0,1.0,1.0,1.0,0.0,1.0,1.0,0.0,0.0,0.0,0.0,1.0,1.0,0.0,1.0,0.17060837126164247,19.10235587565066,19.05150912657578
6294,251.72,0.98,1,-0.024,0.361,0.126,0.032,-0.012,0.0,0.0,0.0,0.0,0.74,3.12,0.16,0.7,1.64,0.82,0.0,0.22,0.0,0.0,2.59,2.29,0.62,0.0,0.0,0.0,0.0,1.0,1.0,1.0,0.0,1.0,1.0,0.0,0.0,0.0,0.0,1.0,1.0,0.0,0.0,0.1749519244654783,19.801010075246115,19.720547659737868
6295,251.76,0.98,1,-0.037,0.349,0.124,0.027,-0.014,0.0,0.0,0.0,0.0,0.72,2.96,0.14,0.81,1.68,0.88,0.0,0.24,0.0,0.0,2.59,2.05,0.44,0.0,0.0,0.0,0.0,1.0,1.0,1.0,0.0,1.0,1.0,0.0,0.0,0.0,0.0,1.0,1.0,0.0,0.0,0.1858084823573349,20.10099500024803,19.90226117806727
6296,251.8,0.98,1,-0.029,0.359,0.132,0.024,-0.018,0.0,0.0,0.0,0.0,0.7,2.94,0.19,0.81,1.73,0.89,0.0,0.2,0.0,0.0,2.46,1.66,0.43,0.0,0.0,0.0,0.0,1.0,1.0,1.0,0.0,1.0,1.0,0.0,0.0,0.0,0.0,1.0,1.0,0.0,0.0,0.18685259513978816,20.002249873451735,20.00399960007998
6297,251.84,0.98,1,-0.032,0.332,0.124,0.016,-0.015,0.0,0.0,0.0,0.0,0.63,3.02,0.26,0.81,1.76,0.84,0.0,0.16,0.0,0.0,2.37,1.41,0.44,0.0,0.0,0.0,0.0,1.0,1.0,1.0,0.0,1.0,1.0,0.0,0.0,0.0,0.0,1.0,1.0,0.0,0.0,0.18559996819297114,20.399999999999864,19.206509313251114
6298,251.88,0.98,1,-0.049,0.328,0.119,0.008,-0.012,0.0,0.0,0.0,0.0,0.57,3.12,0.29,0.79,1.77,0.86,0.0,0.21,0.0,0.0,2.24,1.17,0.41,0.0,0.0,0.0,0.0,1.0,1.0,1.0,0.0,1.0,1.0,0.0,0.0,0.0,0.0,1.0,1.0,0.0,0.0,0.20885928200754908,20.308865059377577,19.1002617783107
6299,251.92,0.98,1,-0.049,0.307,0.112,0.005,-0.011,0.0,0.0,0.0,0.0,0.51,3.14,0.29,0.79,1.83,0.87,0.0,0.32,0.0,0.0,2.18,1.03,0.19,0.0,0.0,0.0,0.0,1.0,1.0,1.0,0.0,1.0,1.0,0.0,0.0,0.0,0.0,1.0,0.0,0.0,0.0,0.2073832471032358,21.002142747824568,19.30414463269477
6300,251.96,0.98,1,-0.05,0.32,0.113,0.001,-0.008,0.0,0.0,0.0,0.02,0.6,3.0,0.27,0.88,1.96,0.96,0.0,0.5,0.0,0.0,2.13,1.01,0.06,0.0,0.0,0.0,0.0,1.0,1.0,1.0,1.0,1.0,1.0,0.0,0.0,0.0,0.0,1.0,0.0,0.0,0.0,0.2005991569794272,20.900239233080654,19.106543381784295
6301,252.0,0.98,1,-0.042,0.32,0.121,-0.003,-0.007,0.0,0.0,0.0,0.02,0.64,2.85,0.26,0.91,2.04,0.89,0.0,0.46,0.0,0.0,2.14,1.04,0.01,0.0,0.0,0.0,0.0,1.0,1.0,1.0,1.0,1.0,1.0,0.0,0.0,0.0,0.0,1.0,0.0,0.0,0.0,0.19826827707354028,20.908610666421712,19.300259065618963
6302,252.04,0.98,1,-0.017,0.321,0.117,-0.005,-0.007,0.0,0.0,0.0,0.02,0.67,2.61,0.26,1.01,2.07,0.81,0.0,0.42,0.0,0.0,2.23,1.16,0.05,0.0,0.0,0.0,0.0,1.0,1.0,1.0,1.0,1.0,1.0,0.0,0.0,0.0,0.0,1.0,0.0,0.0,0.0,0.19350980552378663,19.806312125178636,20.302216627747775
6303,252.08,0.98,1,-0.007,0.312,0.114,-0.003,-0.006,0.0,0.0,0.0,0.0,0.59,2.51,0.24,0.92,2.02,0.72,0.0,0.29,0.0,0.0,2.26,1.18,0.05,0.0,0.0,0.0,0.0,1.0,1.0,1.0,1.0,1.0,1.0,0.0,0.0,0.0,0.0,1.0,0.0,0.0,0.0,0.1984339398161314,19.712432625122702,21.80825531765432
6304,252.12,0.98,1,-0.003,0.308,0.113,-0.002,-0.007,0.0,0.0,0.0,0.01,0.51,2.59,0.16,0.91,2.0,0.74,0.0,0.3,0.0,0.0,2.37,1.27,0.08,0.0,0.0,0.0,0.0,1.0,1.0,0.0,1.0,1.0,1.0,0.0,0.0,0.0,0.0,1.0,1.0,0.0,0.0,0.1962051383574559,20.015993605114883,21.808255317654545
6305,252.16,0.98,1,0.002,0.307,0.117,-0.003,-0.007,0.0,0.0,0.0,0.01,0.43,2.6,0.09,0.83,1.99,0.69,0.0,0.26,0.0,0.0,2.47,1.32,0.02,0.0,0.0,0.0,0.0,1.0,1.0,0.0,1.0,1.0,1.0,0.0,0.0,0.0,0.0,1.0,1.0,0.0,0.0,0.20608695038818692,19.920341362537027,21.70575960430784
6306,252.2,0.98,1,-0.005,0.317,0.123,-0.002,-0.006,0.0,0.0,0.0,0.01,0.42,2.68,0.02,0.84,2.02,0.67,0.0,0.29,0.0,0.0,2.57,1.33,0.02,0.0,0.0,0.0,0.0,1.0,1.0,0.0,1.0,1.0,1.0,0.0,0.0,0.0,0.0,1.0,1.0,0.0,0.0,0.1995940914011859,19.6206523846687,21.905707018948146
6307,252.24,0.98,1,-0.006,0.315,0.122,-0.006,-0.001,0.0,0.0,0.0,0.0,0.43,2.58,0.01,0.82,2.02,0.63,0.0,0.31,0.0,0.0,2.59,1.33,0.0,0.0,0.0,0.0,0.0,1.0,1.0,0.0,1.0,1.0,1.0,0.0,0.0,0.0,0.0,1.0,1.0,0.0,0.0,0.1974657192595085,19.809088823063195,22.002045359466013
6308,252.28,0.98,1,-0.001,0.32,0.122,-0.01,0.001,0.0,0.0,0.0,0.0,0.45,2.52,0.0,0.84,2.0,0.69,0.0,0.36,0.0,0.0,2.66,1.34,0.0,0.0,0.0,0.0,0.0,1.0,1.0,0.0,1.0,1.0,1.0,0.0,0.0,0.0,0.0,1.0,1.0,0.0,0.0,0.19692110024120021,19.812369873389663,21.70575960430784
6309,252.32,0.98,1,0.008,0.327,0.123,-0.014,0.0,0.0,0.0,0.0,0.0,0.4,2.51,0.0,0.81,1.95,0.67,0.0,0.38,0.0,0.0,2.64,1.4,0.0,0.0,0.0,0.0,0.0,1.0,1.0,0.0,1.0,1.0,1.0,0.0,0.0,0.0,0.0,1.0,1.0,0.0,0.0,0.19001839132022658,20.112185361118904,22.105655384991326
6310,252.36,0.98,1,0.003,0.33,0.12,-0.015,0.001,0.0,0.0,0.0,0.0,0.4,2.62,0.0,0.76,1.9,0.61,0.0,0.38,0.0,0.0,2.68,1.41,0.0,0.0,0.0,0.0,0.0,1.0,1.0,0.0,1.0,1.0,1.0,0.0,0.0,0.0,0.0,1.0,1.0,0.0,0.0,0.19006274752395091,19.812369873389663,21.303755537463296
6311,252.4,0.98,1,0.004,0.319,0.115,-0.015,0.001,0.0,0.0,0.0,0.0,0.41,2.52,0.0,0.74,1.88,0.68,0.0,0.4,0.0,0.0,2.66,1.41,0.0,0.0,0.0,0.0,0.0,1.0,1.0,0.0,1.0,1.0,1.0,0.0,0.0,0.0,0.0,1.0,1.0,0.0,0.0,0.18704145341259487,20.319940944796254,21.90821763631181
6312,252.44,0.98,1,0.012,0.32,0.115,-0.017,0.002,0.0,0.0,0.0,0.0,0.49,2.54,0.02,0.86,1.92,0.8,0.0,0.32,0.0,0.0,2.57,1.26,0.0,0.0,0.0,0.0,0.0,1.0,1.0,0.0,1.0,1.0,1.0,0.0,0.0,0.0,0.0,1.0,1.0,0.0,0.0,0.19021295476055017,20.124860247962108,22.10814329607975
6313,252.48,0.98,1,0.012,0.331,0.101,-0.011,-0.02,0.0,0.0,0.0,0.0,0.5,2.51,0.09,0.94,1.95,0.96,0.0,0.29,0.0,0.0,2.52,1.3,0.0,0.0,0.0,0.0,0.0,1.0,1.0,0.0,1.0,1.0,1.0,0.0,0.0,0.0,0.0,1.0,1.0,0.0,0.0,0.19431072218490075,19.842630873954143,21.315018179677867
6314,252.52,0.98,1,0.03,0.324,0.118,-0.009,-0.015,0.0,0.0,0.0,0.0,0.5,2.69,0.1,0.97,1.96,0.88,0.0,0.27,0.0,0.0,2.44,1.29,0.0,0.0,0.0,0.0,0.0,1.0,1.0,0.0,1.0,1.0,1.0,0.0,0.0,0.0,0.0,1.0,1.0,0.0,0.0,0.19645215361817597,20.647518010647094,21.70575960430784
6315,252.56,0.98,1,0.022,0.327,0.116,-0.01,-0.009,0.0,0.0,0.0,0.0,0.43,2.53,0.09,0.9,1.9,0.88,0.0,0.32,0.0,0.0,2.53,1.38,0.0,0.0,0.0,0.0,0.0,1.0,1.0,0.0,1.0,1.0,1.0,0.0,0.0,0.0,0.0,1.0,1.0,0.0,0.0,0.18382034451190407,20.424495097798715,21.80573319106693
6316,252.6,0.98,1,0.02,0.32,0.114,-0.012,-0.008,0.0,0.0,0.0,0.0,0.38,2.31,0.03,0.88,1.88,0.81,0.0,0.38,0.0,0.0,2.57,1.27,0.0,0.0,0.0,0.0,0.0,1.0,1.0,0.0,1.0,1.0,1.0,0.0,0.0,0.0,0.0,1.0,1.0,0.0,0.0,0.1859420979847074,21.146394491733236,22.5055548698538
6317,252.64,0.98,1,0.027,0.318,0.113,-0.019,-0.01,0.0,0.0,0.0,0.0,0.37,2.41,0.05,0.95,1.88,0.89,0.0,0.31,0.0,0.0,2.45,1.21,0.0,0.0,0.0,0.0,0.0,1.0,1.0,0.0,1.0,1.0,1.0,0.0,0.0,0.0,0.0,1.0,1.0,0.0,0.0,0.19123307373913,20.67849124090044,22.20202693449411
6318,252.68,0.98,1,0.021,0.309,0.086,-0.019,-0.041,0.0,0.0,0.0,0.0,0.45,2.66,0.05,1.07,1.9,0.89,0.0,0.2,0.02,0.0,2.34,1.15,0.0,0.0,0.0,0.0,0.0,1.0,1.0,0.0,1.0,1.0,1.0,0.0,0.0,0.0,0.0,1.0,1.0,0.0,0.0,0.191007956953713,21.03425777154973,22.005681084665387
6319,252.72,0.98,1,0.027,0.302,0.085,-0.019,-0.054,0.0,0.0,0.0,0.0,0.51,2.82,0.06,1.18,1.93,0.98,0.0,0.06,0.02,0.0,2.1,1.0,0.0,0.0,0.0,0.0,0.0,1.0,1.0,0.0,1.0,1.0,1.0,0.0,0.0,0.0,0.0,1.0,1.0,0.0,0.0,0.2018489336720969,20.8540163997252,21.80573319106693
6320,252.76,0.98,1,0.028,0.313,0.08,-0.022,-0.059,0.0,0.0,0.0,0.02,0.53,2.83,0.03,1.23,1.94,1.02,0.0,0.03,0.02,0.0,2.1,0.89,0.0,0.0,0.0,0.0,0.0,1.0,1.0,0.0,1.0,1.0,1.0,0.0,0.0,0.0,0.0,1.0,1.0,0.0,0.0,0.19511084605878032,21.146394491733236,22.014540649307218
6321,252.8,0.98,1,0.029,0.303,0.073,-0.015,-0.061,0.0,0.0,0.0,0.02,0.56,2.94,0.15,1.14,1.97,1.03,0.0,0.05,0.0,0.0,2.19,0.84,0.0,0.0,0.0,0.0,0.0,1.0,1.0,1.0,1.0,1.0,1.0,0.0,0.0,0.0,0.0,1.0,1.0,0.0,0.0,0.19540073015700166,21.140009460735726,22.205629916757413
6322,252.84,0.98,1,0.023,0.327,0.1,-0.013,-0.053,0.0,0.0,0.0,0.02,0.61,3.06,0.19,1.24,1.95,0.85,0.0,0.06,0.0,0.0,2.31,0.9,0.0,0.0,0.0,0.0,0.0,1.0,1.0,1.0,1.0,1.0,1.0,0.0,0.0,0.0,0.0,1.0,1.0,0.0,0.0,0.1973936560508453,21.711747972008062,22.108143296079977
6323,252.88,0.98,1,-0.005,0.289,0.076,-0.021,-0.033,0.08,0.0,0.0,0.0,0.68,2.95,0.34,1.24,1.94,0.76,0.0,0.04,0.0,0.0,2.4,0.95,0.0,0.0,0.0,0.0,0.0,1.0,1.0,1.0,1.0,1.0,1.0,0.0,0.0,0.0,0.0,1.0,1.0,0.0,0.0,0.19415591262669968,22.30560467685214,21.908217636311814
6324,252.92,0.98,1,-0.001,0.311,0.088,-0.01,-0.033,0.08,0.0,0.0,0.0,0.59,2.79,0.22,1.37,1.87,0.64,0.0,0.03,0.0,0.0,2.29,1.07,0.0,0.0,0.0,0.0,0.0,1.0,1.0,1.0,1.0,1.0,1.0,0.0,0.0,0.0,0.0,1.0,1.0,0.0,0.0,0.19931069949910338,22.02271554554524,22.303587155433046
6325,252.96,0.98,1,-0.011,0.303,0.076,-0.026,-0.017,0.08,0.0,0.0,0.0,0.66,2.76,0.18,1.34,1.89,0.79,0.0,0.0,0.0,0.0,2.23,1.01,0.0,0.0,0.0,0.0,0.0,1.0,1.0,1.0,1.0,1.0,1.0,0.0,0.0,0.0,0.0,1.0,1.0,0.0,0.0,0.2000191761371059,21.811235636708158,21.000238093888363
6326,253.0,0.98,1,-0.01,0.314,0.069,-0.022,-0.032,0.0,0.0,0.0,0.0,0.68,2.82,0.04,1.32,1.83,0.84,0.0,0.01,0.0,0.0,2.1,0.96,0.0,0.0,0.0,0.0,0.0,1.0,1.0,1.0,1.0,1.0,1.0,0.0,0.0,0.0,0.0,1.0,1.0,0.0,0.0,0.18784054737120315,21.40840956259955,20.0
6327,253.04,0.98,1,-0.01,0.303,0.069,-0.019,-0.039,0.0,0.0,0.0,0.12,0.76,2.77,0.05,1.25,1.83,1.01,0.0,0.01,0.0,0.0,2.1,0.71,0.0,0.0,0.0,0.0,0.0,1.0,1.0,0.0,1.0,1.0,1.0,0.0,0.0,0.0,0.0,1.0,1.0,0.0,0.0,0.1852051748967693,21.503720608304043,21.199999999999818
6328,253.08,0.98,1,-0.009,0.311,0.06,-0.022,-0.042,0.09,0.0,0.0,0.12,0.66,2.51,0.12,1.16,1.77,0.94,0.0,0.01,0.0,0.0,2.19,0.75,0.65,0.0,0.0,0.0,0.0,1.0,1.0,0.0,1.0,1.0,1.0,0.0,0.0,0.0,0.0,1.0,0.0,0.0,0.0,0.19538675110084072,20.506096654409877,20.799999999999955
6329,253.12,0.98,1,-0.023,0.317,0.061,-0.021,-0.032,0.3,0.06,0.0,0.12,0.53,2.2,0.11,1.25,1.87,1.08,0.0,0.0,0.1,0.0,2.28,0.63,1.41,0.0,0.0,0.0,0.0,1.0,1.0,0.0,1.0,1.0,1.0,0.0,0.0,0.0,0.0,1.0,0.0,0.0,1.0,0.1989269441774862,18.906612599828755,17.492855684535773
6330,253.16,0.98,1,0.029,0.419,0.061,-0.046,-0.044,0.54,0.25,0.0,0.0,0.44,1.83,0.1,1.33,1.94,1.17,0.0,0.0,0.22,0.0,2.3,0.56,2.24,1.0,0.0,0.0,0.0,1.0,1.0,0.0,1.0,1.0,1.0,0.0,0.0,0.0,0.0,1.0,0.0,0.0,1.0,0.16796716436502201,17.066048165876012,19.50282030886824
6331,253.2,0.98,1,-0.0,0.409,0.046,-0.041,-0.047,0.64,0.38,0.0,0.0,0.44,1.63,0.09,1.27,1.94,1.22,0.0,0.05,0.22,0.0,2.24,0.38,2.28,1.0,0.0,0.0,0.0,1.0,1.0,0.0,1.0,1.0,1.0,0.0,0.0,0.0,0.0,1.0,0.0,0.0,1.0,0.16277811739977954,17.99027515075862,19.782062582046436
6332,253.24,0.98,1,-0.015,0.366,0.036,-0.024,-0.034,0.69,0.44,0.0,0.0,0.48,1.76,0.12,1.2,1.82,1.13,0.0,0.13,0.12,0.0,2.15,0.45,2.05,1.0,0.0,0.0,0.0,1.0,1.0,1.0,1.0,1.0,1.0,0.0,0.0,0.0,0.0,1.0,0.0,0.0,1.0,0.161660199503451,19.665197685251105,19.25097400133284
6333,253.28,0.98,1,0.009,0.321,0.043,-0.024,-0.049,0.63,0.25,0.0,0.0,0.55,2.06,0.23,1.08,1.75,1.06,0.0,0.13,0.0,0.0,2.22,0.56,1.58,1.0,0.0,0.0,0.0,1.0,1.0,1.0,1.0,1.0,1.0,0.0,0.0,0.0,0.0,1.0,0.0,0.0,1.0,0.1754064872848145,18.409780009549138,20.940391591371785
6334,253.32,0.98,1,0.002,0.375,0.083,-0.019,-0.048,0.5,0.11,0.0,0.0,0.61,2.49,0.24,1.19,1.71,0.97,0.0,0.08,0.0,0.0,2.36,0.75,1.09,0.0,0.0,0.0,0.0,1.0,1.0,1.0,1.0,1.0,1.0,0.0,0.0,0.0,0.0,1.0,0.0,0.0,1.0,0.18392237688247806,17.001176429882726,19.35071058126802
6335,253.36,0.98,1,-0.005,0.356,0.061,-0.016,-0.036,0.24,0.0,0.0,0.01,0.62,2.64,0.22,1.18,1.72,0.78,0.0,0.05,0.0,0.0,2.5,0.89,0.72,0.0,0.0,0.0,0.0,1.0,1.0,1.0,1.0,1.0,1.0,0.0,0.0,0.0,0.0,1.0,0.0,0.0,0.0,0.16619584230330073,15.90125781188403,19.075901027212314
6336,253.4,0.98,1,0.002,0.339,0.057,-0.033,-0.027,0.09,0.0,0.0,0.01,0.59,2.76,0.13,1.27,1.7,0.78,0.0,0.09,0.0,0.0,2.41,0.93,0.47,0.0,0.0,0.0,0.0,1.0,1.0,1.0,1.0,1.0,1.0,0.0,0.0,0.0,0.0,1.0,0.0,0.0,0.0,0.17399370734764452,17.000294115102832,18.760063965775856
6337,253.44,0.98,1,-0.003,0.34,0.056,-0.026,-0.045,0.09,0.0,0.0,0.01,0.62,2.82,0.16,1.15,1.72,0.78,0.0,0.15,0.0,0.0,2.32,0.96,0.48,0.0,0.0,0.0,0.0,1.0,1.0,1.0,1.0,1.0,1.0,0.0,0.0,0.0,0.0,1.0,0.0,0.0,0.0,0.1774311344535614,17.300289014926843,18.14662503056712
6338,253.48,0.98,1,0.012,0.346,0.054,-0.017,-0.036,0.2,0.01,0.0,0.0,0.65,2.76,0.16,1.21,1.72,1.0,0.0,0.1,0.01,0.0,2.24,0.8,0.37,0.0,0.0,0.0,0.0,1.0,1.0,1.0,1.0,1.0,1.0,0.0,0.0,0.0,0.0,1.0,0.0,0.0,0.0,0.1604102328314437,16.70119756185171,17.95466513193702
6339,253.52,0.98,1,0.013,0.305,0.037,-0.024,-0.049,0.18,0.01,0.0,0.0,0.73,2.74,0.24,1.06,1.67,0.8,0.0,0.06,0.0,0.0,2.32,0.79,0.43,0.0,0.0,0.0,0.0,1.0,1.0,1.0,1.0,1.0,1.0,0.0,0.0,0.0,0.0,1.0,0.0,0.0,0.0,0.1682314932848979,17.900279327429367,18.327302038216054
6340,253.56,0.98,1,0.004,0.333,0.059,-0.013,-0.042,0.11,0.01,0.0,0.0,0.69,2.61,0.18,1.21,1.66,0.76,0.0,0.05,0.02,0.0,2.27,0.76,0.3,0.0,0.0,0.0,0.0,1.0,1.0,1.0,1.0,1.0,1.0,0.0,0.0,0.0,0.0,1.0,0.0,0.0,0.0,0.166112390793771,16.810710871346462,18.43285110882208
6341,253.6,0.98,1,-0.002,0.313,0.05,-0.036,-0.028,0.05,0.01,0.0,0.0,0.72,2.82,0.29,1.1,1.61,0.58,0.0,0.05,0.02,0.0,2.3,0.84,0.47,0.0,0.0,0.0,0.0,1.0,1.0,1.0,1.0,1.0,1.0,0.0,0.0,0.0,0.0,1.0,0.0,0.0,0.0,0.1787986457285602,19.001052602421794,18.732325002519087
6342,253.64,0.98,1,0.007,0.343,0.061,-0.014,-0.036,0.05,0.01,0.0,0.0,0.66,2.77,0.26,1.11,1.6,0.71,0.0,0.19,0.02,0.0,1.97,0.85,0.4,0.0,0.0,0.0,0.0,1.0,1.0,0.0,1.0,1.0,1.0,0.0,0.0,0.0,0.0,1.0,0.0,0.0,0.0,0.15864905163246606,17.100292395160874,18.81701357814248
6343,253.68,0.98,1,0.005,0.323,0.052,-0.031,-0.03,0.06,0.01,0.0,0.0,0.63,2.84,0.31,0.99,1.48,0.85,0.01,0.37,0.0,0.0,1.47,0.75,0.52,0.0,0.0,0.0,0.0,1.0,1.0,0.0,0.0,1.0,1.0,0.0,0.0,0.0,0.0,1.0,0.0,0.0,0.0,0.1736884711475658,17.60113632695335,19.00657780874821
6344,253.72,0.98,1,0.003,0.359,0.064,-0.015,-0.038,0.01,0.0,0.0,0.0,0.51,2.54,0.3,0.96,1.35,0.92,0.01,0.67,0.0,0.0,0.94,0.82,0.47,0.0,0.0,0.0,0.0,1.0,1.0,0.0,0.0,1.0,1.0,0.0,1.0,0.0,0.0,1.0,0.0,0.0,0.0,0.16922824413957116,18.101104938649375,19.331321734428773
6345,253.76,0.98,1,0.0,0.346,0.053,-0.032,-0.028,0.01,0.0,0.0,0.0,0.48,2.61,0.36,0.91,1.25,0.86,0.04,0.81,0.0,0.0,0.73,0.79,0.56,0.0,0.0,0.0,0.0,1.0,1.0,0.0,0.0,1.0,1.0,0.0,1.0,0.0,0.0,1.0,0.0,0.0,1.0,0.16789366793384147,17.500285711953392,18.668690366493436
6346,253.8,0.98,1,-0.022,0.362,0.067,-0.013,-0.038,0.0,0.0,0.0,0.0,0.35,2.59,0.26,0.64,1.21,0.56,0.03,0.92,0.0,0.0,0.86,1.04,0.35,0.0,0.0,0.0,0.0,0.0,1.0,0.0,0.0,1.0,1.0,0.0,1.0,0.0,0.0,1.0,0.0,0.0,1.0,0.16240326732005775,18.204395073717592,18.17058061813096
6347,253.84,0.98,1,-0.012,0.343,0.069,-0.023,-0.019,0.03,0.0,0.0,0.0,0.3,2.67,0.17,0.58,1.19,0.36,0.03,0.77,0.0,0.0,1.17,1.2,0.19,0.0,0.0,0.0,0.0,0.0,1.0,0.0,0.0,1.0,1.0,0.0,1.0,0.0,0.0,1.0,0.0,0.0,1.0,0.16752566928238294,20.102238681301053,18.613167382259167
6348,253.88,0.98,1,-0.017,0.351,0.072,-0.021,-0.033,0.07,0.0,0.0,0.0,0.23,2.68,0.02,0.5,1.13,0.1,0.0,0.57,0.0,0.0,1.62,1.74,0.02,0.0,0.0,0.0,0.0,0.0,1.0,0.0,0.0,1.0,1.0,0.0,0.0,0.0,0.0,1.0,1.0,0.0,1.0,0.17196991859517535,19.899999999999864,18.81302740124531
6349,253.92,0.98,1,-0.023,0.359,0.092,-0.023,-0.02,0.09,0.0,0.0,0.0,0.26,2.58,0.06,0.57,1.08,0.14,0.0,0.27,0.0,0.0,2.2,2.17,0.11,0.0,0.0,0.0,0.0,0.0,1.0,0.0,0.0,1.0,1.0,0.0,0.0,0.0,0.0,1.0,1.0,0.0,1.0,0.17095005562315646,19.30233146539553,18.50432381904294
6350,253.96,0.98,1,-0.013,0.393,0.106,-0.015,-0.013,0.12,0.0,0.0,0.0,0.24,2.35,0.14,0.38,1.04,0.11,0.0,0.14,0.0,0.0,2.7,2.67,0.61,0.0,0.0,0.0,0.0,0.0,1.0,0.0,0.0,1.0,1.0,0.0,0.0,0.0,0.0,1.0,1.0,0.0,1.0,0.15877837014507598,18.300273222004044,18.461040057374746
6351,254.0,0.98,1,-0.023,0.439,0.103,0.006,-0.005,0.27,0.04,0.0,0.0,0.14,1.77,0.21,0.19,1.02,0.19,0.0,0.06,0.11,0.0,2.74,2.83,1.48,0.0,0.0,0.0,0.0,0.0,1.0,0.0,0.0,1.0,1.0,0.0,0.0,0.0,0.0,1.0,1.0,0.0,1.0,0.1654573115043615,19.004210059878837,17.228464818433388
6352,254.04,0.98,1,-0.071,0.468,0.088,0.063,0.0,0.39,0.08,0.0,0.0,0.05,1.38,0.2,0.06,0.9,0.29,0.0,0.16,0.29,0.0,2.07,2.47,2.6,0.0,0.0,0.0,0.0,0.0,1.0,0.0,0.0,1.0,1.0,0.0,0.0,0.0,0.0,1.0,1.0,0.0,1.0,0.1620960739454318,16.56804152578089,17.947144619688203
6353,254.08,0.98,1,-0.157,0.446,0.079,0.126,0.01,0.32,0.08,0.0,0.0,0.09,1.14,0.24,0.0,0.75,0.37,0.0,0.28,0.37,0.0,1.31,2.03,3.07,0.0,0.0,0.0,0.0,0.0,1.0,0.0,0.0,1.0,1.0,0.0,0.0,0.0,1.0,1.0,1.0,0.0,1.0,0.1555206998959796,19.12694434560836,18.027756377319946
6354,254.12,0.98,1,-0.236,0.39,0.064,0.182,0.02,0.26,0.04,0.0,0.0,0.29,1.39,0.33,0.05,0.63,0.48,0.0,0.29,0.28,0.0,1.07,1.59,2.68,0.0,0.0,0.0,0.0,1.0,1.0,0.0,0.0,1.0,1.0,0.0,0.0,0.0,1.0,1.0,1.0,0.0,1.0,0.14852276243070217,20.529247428972994,18.002499826412997
6355,254.16,0.98,1,-0.291,0.364,0.058,0.227,0.031,0.27,0.0,0.0,0.0,0.45,1.5,0.3,0.18,0.52,0.51,0.0,0.2,0.09,0.0,1.26,1.51,1.88,0.0,0.0,0.0,0.0,1.0,1.0,0.0,0.0,1.0,1.0,0.0,0.0,0.0,1.0,1.0,1.0,0.0,1.0,0.1774584163785495,19.138704240360692,22.656566377101274
6356,254.2,0.98,1,-0.324,0.343,0.068,0.272,0.052,0.33,0.0,0.0,0.0,0.44,1.75,0.17,0.31,0.54,0.45,0.0,0.13,0.06,0.16,1.44,1.42,1.13,0.0,0.0,0.0,0.0,1.0,1.0,0.0,0.0,1.0,1.0,0.0,0.0,0.0,1.0,1.0,1.0,0.0,1.0,0.20018599330316655,16.20987353436171,24.635746386095118
6357,254.24,0.98,1,-0.353,0.338,0.064,0.269,0.088,0.33,0.09,0.0,0.0,0.34,1.56,0.02,0.48,0.58,0.34,0.0,0.18,0.04,0.35,1.45,1.48,0.75,0.0,0.0,0.0,0.0,1.0,1.0,0.0,0.0,1.0,1.0,0.0,0.0,0.0,1.0,1.0,1.0,0.0,0.0,0.20744007527183164,17.442763542512466,24.382165613415076
6358,254.28,0.98,1,-0.355,0.317,0.053,0.265,0.106,0.26,0.23,0.0,0.0,0.32,1.6,0.0,0.56,0.71,0.32,0.0,0.14,0.04,0.45,1.86,1.75,0.44,0.0,0.0,0.0,0.0,1.0,1.0,0.0,0.0,1.0,1.0,0.0,0.0,0.0,1.0,1.0,1.0,0.0,0.0,0.21157560673548925,18.952572384771365,25.04575812388204
6359,254.32,0.98,1,-0.372,0.31,0.049,0.279,0.109,0.36,0.54,0.0,0.0,0.32,1.3,0.0,0.72,0.8,0.34,0.0,0.06,0.0,0.45,2.27,1.89,0.36,0.0,0.0,0.0,0.0,1.0,1.0,0.0,0.0,1.0,1.0,0.0,0.0,0.0,1.0,1.0,1.0,0.0,0.0,0.22027227360824747,19.758795509848177,24.429695045169947
6360,254.36,0.98,1,-0.387,0.306,0.039,0.285,0.115,0.45,0.77,0.0,0.0,0.33,1.16,0.0,0.79,0.86,0.38,0.0,0.01,0.0,0.37,2.58,1.71,0.33,0.0,0.0,0.0,0.0,1.0,1.0,0.0,0.0,1.0,1.0,0.0,0.0,0.0,1.0,1.0,1.0,0.0,0.0,0.2272757924518108,20.124860247961838,24.104978738841524
6361,254.4,0.98,1,-0.393,0.305,0.041,0.304,0.117,0.62,0.9,0.0,0.0,0.33,1.04,0.0,0.9,0.93,0.32,0.0,0.06,0.0,0.4,2.51,1.35,0.27,0.0,0.0,0.0,0.0,1.0,1.0,0.0,0.0,1.0,1.0,0.0,0.0,0.0,1.0,1.0,1.0,0.0,0.0,0.23651291300973315,19.983242980057252,23.749736840647266
6362,254.44,0.98,1,-0.398,0.303,0.039,0.305,0.122,0.66,0.78,0.0,0.0,0.4,1.11,0.0,0.9,0.95,0.22,0.0,0.06,0.0,0.39,2.58,1.26,0.18,0.0,0.0,0.0,0.0,1.0,1.0,0.0,0.0,1.0,1.0,0.0,0.0,0.0,0.0,1.0,1.0,0.0,0.0,0.23393447683604274,19.744872752185568,24.49510155112651
6363,254.48,0.98,1,-0.407,0.304,0.04,0.311,0.125,0.62,0.6,0.0,0.0,0.39,1.24,0.0,0.93,0.92,0.09,0.0,0.05,0.0,0.34,2.77,1.46,0.24,1.0,0.0,0.0,0.0,1.0,1.0,0.0,0.0,1.0,1.0,0.0,0.0,0.0,0.0,1.0,1.0,0.0,0.0,0.23766368467011337,20.5730406114408,23.830442715148994
6364,254.52,0.98,1,-0.412,0.305,0.04,0.317,0.124,0.64,0.58,0.0,0.0,0.33,1.17,0.0,0.99,0.86,0.02,0.0,0.02,0.0,0.31,2.97,1.69,0.36,1.0,0.0,0.0,0.0,1.0,1.0,0.0,0.0,1.0,1.0,0.0,0.0,0.0,0.0,1.0,1.0,0.0,0.0,0.23598221802555913,20.827865949251812,23.418368858654496
6365,254.56,0.98,1,-0.404,0.306,0.038,0.319,0.125,0.71,0.63,0.0,0.0,0.3,1.33,0.0,1.07,0.86,0.0,0.0,0.02,0.0,0.3,3.05,1.76,0.39,1.0,0.0,0.0,0.0,1.0,1.0,0.0,0.0,1.0,1.0,0.0,0.0,0.0,0.0,1.0,1.0,0.0,0.0,0.22692927291905604,20.86767835673149,23.613978910806217
6366,254.6,0.98,1,-0.415,0.298,0.036,0.319,0.128,0.75,0.66,0.0,0.0,0.29,1.33,0.0,1.07,0.83,0.0,0.0,0.02,0.0,0.38,2.96,1.81,0.37,1.0,0.0,0.0,0.0,1.0,1.0,0.0,0.0,1.0,1.0,0.0,0.0,0.0,0.0,1.0,1.0,0.0,0.0,0.23787838577257162,20.965924735150736,23.461031520374345
6367,254.64,0.98,1,-0.426,0.32,0.041,0.315,0.13,0.74,0.69,0.04,0.0,0.32,1.34,0.0,1.03,0.83,0.02,0.0,0.0,0.0,0.39,2.89,1.83,0.28,1.0,0.0,0.0,0.0,1.0,1.0,0.0,0.0,1.0,1.0,0.0,0.0,0.0,0.0,1.0,1.0,0.0,0.0,0.20870932809476506,21.242645786248083,22.322186272854136
6368,254.68,0.98,1,-0.419,0.281,0.037,0.316,0.129,0.69,0.72,0.12,0.0,0.34,1.3,0.0,1.02,0.78,0.07,0.0,0.02,0.0,0.4,2.81,1.73,0.29,1.0,0.0,0.0,0.0,1.0,1.0,0.0,0.0,1.0,1.0,0.0,0.0,0.0,0.0,1.0,1.0,0.0,0.0,0.24491438927397746,21.260761980700366,23.613978910806217
6369,254.72,0.98,1,-0.433,0.327,0.05,0.322,0.13,0.8,0.82,0.15,0.0,0.37,1.25,0.0,1.06,0.79,0.13,0.0,0.02,0.0,0.37,2.78,1.55,0.22,1.0,0.0,0.0,0.0,1.0,1.0,0.0,0.0,1.0,1.0,0.0,0.0,0.0,0.0,1.0,1.0,0.0,0.0,0.2122171039156983,21.456001491424253,22.441479452121662
6370,254.76,0.98,1,-0.424,0.304,0.039,0.317,0.133,0.86,0.76,0.14,0.0,0.36,1.24,0.0,1.07,0.76,0.18,0.0,0.09,0.0,0.45,2.7,1.35,0.28,1.0,0.0,0.0,0.0,1.0,1.0,0.0,0.0,1.0,1.0,0.0,0.0,0.0,0.0,1.0,1.0,0.0,0.0,0.2333711118793775,21.868013169924787,22.561028345356956
6371,254.8,0.98,1,-0.414,0.326,0.04,0.32,0.133,0.93,0.77,0.09,0.0,0.34,1.02,0.0,1.03,0.78,0.17,0.0,0.16,0.0,0.51,2.61,1.25,0.32,1.0,0.0,1.0,0.0,1.0,1.0,0.0,0.0,1.0,1.0,0.0,0.0,0.0,0.0,1.0,1.0,0.0,0.0,0.20972890049730383,22.573657213664035,20.402450833171958
6372,254.84,0.98,1,-0.419,0.323,0.042,0.318,0.134,0.88,0.88,0.11,0.0,0.32,1.12,0.0,1.02,0.81,0.15,0.0,0.2,0.0,0.55,2.52,1.14,0.38,1.0,0.0,0.0,0.0,1.0,1.0,0.0,0.0,1.0,1.0,0.0,0.0,0.0,0.0,1.0,0.0,0.0,0.0,0.21466969664249458,22.808989455914165,19.4164878389476
6373,254.88,0.98,1,-0.425,0.32,0.043,0.319,0.135,0.78,0.94,0.14,0.0,0.33,1.19,0.0,1.01,0.87,0.21,0.0,0.14,0.0,0.52,2.46,1.08,0.41,1.0,0.0,0.0,0.0,1.0,1.0,0.0,0.0,1.0,1.0,0.0,0.0,0.0,0.0,1.0,0.0,0.0,0.0,0.21793489723755832,22.67377339570979,19.02472076010583
6374,254.92,0.98,1,-0.431,0.315,0.043,0.317,0.136,0.73,0.8,0.11,0.0,0.34,1.46,0.0,1.05,0.9,0.37,0.0,0.09,0.0,0.51,2.33,0.99,0.31,1.0,0.0,0.0,0.0,1.0,1.0,0.0,0.0,1.0,1.0,0.0,0.0,0.0,0.0,1.0,0.0,0.0,0.0,0.2205137040591356,22.575429121059738,18.926436537288282
6375,254.96,0.98,1,-0.421,0.322,0.042,0.313,0.136,0.73,0.59,0.1,0.0,0.33,1.45,0.0,0.99,0.93,0.54,0.0,0.12,0.0,0.53,2.19,0.98,0.16,0.0,0.0,0.0,0.0,1.0,1.0,0.0,0.0,1.0,1.0,0.0,0.0,0.0,0.0,1.0,0.0,0.0,0.0,0.21759628297480088,22.575429121059962,19.534584715319696
6376,255.0,0.98,1,-0.421,0.302,0.037,0.307,0.137,0.74,0.5,0.06,0.0,0.31,1.43,0.0,0.95,0.93,0.58,0.0,0.18,0.0,0.63,1.95,0.86,0.09,0.0,0.0,0.0,0.0,1.0,1.0,0.0,0.0,1.0,1.0,0.0,0.0,0.0,0.0,1.0,0.0,0.0,0.0,0.2281976031507248,22.3181540455297,19.886176103011856
6377,255.04,0.98,1,-0.408,0.328,0.039,0.302,0.137,0.66,0.47,0.06,0.0,0.29,1.18,0.0,0.85,0.91,0.51,0.0,0.22,0.0,0.74,1.7,0.7,0.25,0.0,0.0,0.0,0.0,1.0,1.0,0.0,0.0,1.0,1.0,0.0,0.0,0.0,0.0,1.0,0.0,0.0,0.0,0.20591511750476965,22.18220007122824,22.043593173527785
6378,255.08,0.98,1,-0.417,0.308,0.042,0.306,0.138,0.58,0.49,0.06,0.0,0.29,1.09,0.0,0.78,0.85,0.53,0.0,0.2,0.0,0.85,1.56,0.57,0.39,0.0,0.0,0.0,0.0,1.0,1.0,0.0,0.0,1.0,1.0,0.0,0.0,0.0,0.0,1.0,0.0,0.0,0.0,0.2349974623929896,22.102714765385777,20.59757267252616
6379,255.12,0.98,1,-0.418,0.329,0.046,0.304,0.138,0.57,0.46,0.04,0.0,0.29,0.97,0.0,0.65,0.83,0.57,0.0,0.18,0.0,0.93,1.48,0.43,0.47,0.0,0.0,0.0,0.0,1.0,1.0,0.0,0.0,1.0,1.0,0.0,0.0,0.0,0.0,1.0,0.0,0.0,0.0,0.21278927499176964,22.220036003571362,20.673654732533425
6380,255.16,0.98,1,-0.411,0.301,0.042,0.302,0.139,0.6,0.46,0.04,0.0,0.23,0.99,0.0,0.56,0.83,0.66,0.0,0.11,0.0,1.04,1.57,0.39,0.47,0.0,0.0,0.0,0.0,1.0,1.0,0.0,0.0,1.0,1.0,0.0,0.0,0.0,0.0,1.0,0.0,0.0,0.0,0.23322262120146686,21.612033684963624,20.436242316042335
6381,255.2,0.98,1,-0.409,0.328,0.046,0.296,0.138,0.68,0.61,0.02,0.0,0.17,1.01,0.0,0.44,0.8,0.67,0.0,0.1,0.0,1.12,1.53,0.32,0.33,0.0,0.0,0.0,0.0,1.0,1.0,0.0,0.0,1.0,1.0,0.0,0.0,0.0,0.0,1.0,0.0,0.0,0.0,0.20673501342460224,21.789217516928026,20.827865949251702
6382,255.24,0.98,1,-0.412,0.286,0.037,0.288,0.139,0.66,0.69,0.02,0.0,0.1,1.18,0.0,0.38,0.75,0.69,0.0,0.11,0.0,1.2,1.48,0.36,0.38,0.0,0.0,0.0,0.0,1.0,1.0,0.0,0.0,1.0,1.0,0.0,0.0,0.0,0.0,1.0,0.0,0.0,0.0,0.24474659933240112,21.73476477903531,20.98475637218589
6383,255.28,0.98,1,-0.411,0.342,0.049,0.292,0.137,0.72,0.71,0.02,0.0,0.11,1.38,0.0,0.38,0.72,0.78,0.0,0.2,0.0,1.28,1.4,0.38,0.26,0.0,0.0,0.0,0.0,1.0,1.0,0.0,0.0,1.0,1.0,0.0,0.0,0.0,0.0,1.0,0.0,0.0,0.0,0.20818418407450245,20.22003956474859,23.711811402758705
6384,255.32,0.98,1,-0.396,0.302,0.036,0.28,0.139,0.71,0.6,0.0,0.0,0.07,1.37,0.0,0.43,0.71,0.82,0.0,0.22,0.0,1.36,1.44,0.34,0.41,0.0,0.0,0.0,0.0,1.0,1.0,0.0,0.0,1.0,1.0,0.0,0.0,0.0,0.0,1.0,0.0,0.0,0.0,0.22255572484456712,20.437710243567036,23.509147155947655
6385,255.36,0.98,1,-0.397,0.295,0.038,0.286,0.139,0.75,0.51,0.0,0.0,0.05,1.18,0.0,0.44,0.73,0.87,0.0,0.23,0.0,1.41,1.59,0.35,0.37,0.0,0.0,0.0,0.0,1.0,1.0,0.0,0.0,1.0,1.0,0.0,0.0,0.0,0.0,1.0,0.0,0.0,0.0,0.23659425542895896,20.396078054371138,23.7892833015204
6386,255.4,0.98,1,-0.405,0.317,0.042,0.289,0.138,0.72,0.41,0.0,0.0,0.02,1.09,0.0,0.42,0.74,0.85,0.0,0.2,0.0,1.46,1.66,0.37,0.46,0.0,0.0,0.0,0.0,1.0,1.0,0.0,0.0,1.0,1.0,0.0,0.0,0.0,0.0,1.0,0.0,0.0,0.0,0.21611027055922116,20.259565641938213,23.63239302313663
6387,255.44,0.98,1,-0.398,0.324,0.039,0.279,0.141,0.64,0.39,0.0,0.0,0.03,1.06,0.0,0.43,0.74,0.82,0.0,0.26,0.0,1.52,1.63,0.37,0.33,0.0,0.0,0.0,0.0,1.0,0.0,0.0,0.0,1.0,1.0,0.0,0.0,0.0,0.0,1.0,0.0,0.0,0.0,0.1988659966555857,20.652602741543202,24.887145276226413
6388,255.48,0.98,1,-0.399,0.323,0.039,0.281,0.14,0.59,0.42,0.0,0.0,0.04,1.09,0.0,0.44,0.72,0.8,0.0,0.31,0.0,1.54,1.54,0.33,0.32,0.0,0.0,0.0,0.0,1.0,0.0,0.0,0.0,1.0,1.0,0.0,0.0,0.0,0.0,1.0,0.0,0.0,0.0,0.20355740673246636,21.289668856043768,24.829418035870322
6389,255.52,0.98,1,-0.398,0.322,0.037,0.282,0.14,0.59,0.52,0.0,0.0,0.06,1.06,0.0,0.45,0.67,0.64,0.0,0.32,0.0,1.5,1.46,0.29,0.27,0.0,0.0,0.0,0.0,1.0,0.0,0.0,0.0,1.0,1.0,0.0,0.0,0.0,0.0,1.0,0.0,0.0,0.0,0.20340911721341767,21.224985276791223,24.161539686038275
6390,255.56,0.98,1,-0.4,0.32,0.039,0.284,0.14,0.65,0.61,0.0,0.0,0.09,1.1,0.0,0.5,0.7,0.6,0.0,0.31,0.0,1.43,1.45,0.28,0.29,0.0,0.0,0.0,0.0,1.0,0.0,0.0,0.0,1.0,1.0,0.0,0.0,0.0,0.0,1.0,0.0,0.0,0.0,0.20257875369898495,21.181123671797916,24.025195108468854
6391,255.6,0.98,1,-0.395,0.316,0.036,0.283,0.14,0.72,0.72,0.0,0.0,0.15,1.17,0.0,0.59,0.77,0.61,0.0,0.32,0.0,1.39,1.45,0.27,0.18,0.0,0.0,0.0,0.0,1.0,0.0,0.0,0.0,1.0,1.0,0.0,0.0,0.0,0.0,1.0,0.0,0.0,0.0,0.20293226671673784,21.004047229046034,24.829820780666118
6392,255.64,0.98,1,-0.4,0.306,0.035,0.284,0.14,0.73,0.72,0.0,0.0,0.2,1.19,0.0,0.67,0.84,0.72,0.0,0.33,0.0,1.42,1.42,0.29,0.21,0.0,0.0,0.0,0.0,1.0,0.0,0.0,0.0,1.0,1.0,0.0,0.0,0.0,0.0,1.0,0.0,0.0,0.0,0.20970718070885502,20.80793118020155,23.87236896497705
6393,255.68,0.98,1,-0.395,0.31,0.031,0.277,0.143,0.76,0.67,0.0,0.0,0.22,1.22,0.0,0.57,0.83,0.72,0.0,0.33,0.0,1.37,1.36,0.27,0.3,0.0,0.0,0.0,0.0,1.0,0.0,0.0,0.0,1.0,1.0,0.0,0.0,0.0,0.0,1.0,0.0,0.0,0.0,0.20027505235676693,20.947553556441985,24.928096598015646
6394,255.72,0.98,1,-0.407,0.288,0.029,0.282,0.139,0.68,0.47,0.0,0.0,0.19,1.11,0.0,0.38,0.82,0.64,0.0,0.29,0.0,1.2,1.35,0.42,0.63,0.0,0.0,0.0,0.0,1.0,0.0,0.0,0.0,1.0,1.0,0.0,0.0,0.0,0.0,1.0,0.0,0.0,0.0,0.2253679765143411,20.86767835673149,23.362576912660966
6395,255.76,0.98,1,-0.352,0.326,0.026,0.267,0.136,0.55,0.45,0.0,0.0,0.1,1.07,0.0,0.14,0.77,0.39,0.0,0.19,0.17,0.82,1.24,0.59,1.42,0.0,0.0,0.0,0.0,1.0,0.0,0.0,0.0,1.0,1.0,0.0,0.0,0.0,0.0,1.0,0.0,0.0,0.0,0.19644552922992478,18.84701567888137,20.110196418732453
6396,255.8,0.98,1,-0.266,0.439,0.047,0.243,0.125,0.28,0.22,0.05,0.0,0.04,0.79,0.0,0.03,0.75,0.19,0.0,0.42,0.58,0.67,1.07,1.1,2.11,0.0,0.0,0.0,0.0,0.0,0.0,0.0,0.0,1.0,1.0,0.0,0.0,0.0,0.0,1.0,0.0,0.0,1.0,0.17360660414919551,20.45189477774618,19.358202395883723
6397,255.84,0.98,1,-0.157,0.459,0.047,0.159,0.118,0.09,0.13,0.21,0.0,0.0,0.99,0.0,0.0,0.65,0.01,0.0,0.91,1.1,0.58,0.68,1.33,2.6,0.0,0.0,0.0,0.0,0.0,1.0,0.0,0.0,1.0,1.0,0.0,0.0,0.0,0.0,0.0,0.0,0.0,1.0,0.15926633513973454,18.655026132385874,19.33726971420728
6398,255.88,0.88,1,-0.138,0.457,0.011,0.153,0.111,0.0,0.0,0.21,0.0,0.0,1.04,0.03,0.34,0.76,0.28,0.02,1.2,1.1,0.45,0.34,1.12,2.16,0.0,0.0,0.0,0.0,0.0,1.0,0.0,0.0,1.0,1.0,0.0,0.0,0.0,0.0,0.0,0.0,0.0,1.0,0.11329466882122179,19.4249839124772,23.700210969525187
6399,255.92,0.98,1,0.022,0.377,0.011,-0.057,-0.077,0.0,0.0,0.16,0.0,0.0,1.24,0.03,0.74,0.92,0.55,0.02,1.18,0.79,0.18,0.12,0.63,1.61,0.0,0.0,0.0,0.0,0.0,1.0,0.0,0.0,1.0,1.0,0.0,0.0,0.0,0.0,0.0,0.0,0.0,1.0,0.16989555906705206,19.001052602421794,19.701776569639737
6400,255.96,0.98,1,0.104,0.352,0.022,-0.112,-0.1,0.0,0.06,0.0,0.0,0.0,1.39,0.03,1.17,1.13,0.98,0.2,1.19,0.39,0.0,0.36,0.17,0.8,0.0,0.0,0.0,0.0,0.0,1.0,0.0,0.0,1.0,1.0,0.0,0.0,0.0,0.0,0.0,0.0,0.0,1.0,0.18216494851421122,20.28003944769343,18.18680840609479
6401,256.0,0.98,1,0.181,0.316,0.038,-0.195,-0.119,0.0,0.06,0.0,0.0,0.0,1.6,0.0,1.4,1.13,1.01,0.39,1.41,0.22,0.0,0.65,0.12,0.33,0.0,0.0,0.0,0.0,0.0,1.0,0.0,0.0,1.0,1.0,0.0,0.0,0.0,0.0,0.0,0.0,0.0,0.0,0.17887900902291745,18.24828759089466,18.33712082089225
6402,256.04,0.98,1,0.288,0.305,0.037,-0.28,-0.139,0.0,0.31,0.12,0.0,0.0,1.7,0.0,1.49,0.92,0.73,0.56,1.58,0.12,0.0,0.81,0.23,0.05,0.0,0.0,0.0,0.0,0.0,1.0,0.0,0.0,1.0,1.0,0.0,0.0,0.0,0.0,0.0,0.0,0.0,0.0,0.22819766874363479,17.18284027743958,14.624978632462847
6403,256.08,0.98,1,0.327,0.26,0.009,-0.355,-0.159,0.08,0.63,0.47,0.0,0.0,1.42,0.0,1.6,0.63,0.31,0.61,1.53,0.01,0.07,0.68,0.44,0.0,1.0,0.0,1.0,0.0,0.0,1.0,0.0,0.0,1.0,0.0,0.0,0.0,0.0,0.0,0.0,0.0,0.0,0.0,0.3113144477383764,15.430165261590876,14.176036117335393
6404,256.12,0.98,1,0.312,0.257,0.005,-0.359,-0.172,0.28,1.15,0.83,0.0,0.0,1.18,0.0,1.58,0.43,0.0,0.8,1.49,0.0,0.09,0.72,0.56,0.0,1.0,0.0,1.0,0.0,0.0,1.0,0.0,0.0,1.0,0.0,1.0,0.0,0.0,0.0,0.0,0.0,0.0,0.0,0.30035270233318595,14.993331851193,13.697079980784139
6405,256.16,0.98,1,0.304,0.211,0.007,-0.372,-0.18,0.49,1.35,1.15,0.02,0.0,1.03,0.0,1.58,0.32,0.0,0.82,1.29,0.0,0.09,0.8,0.52,0.0,1.0,0.0,1.0,0.0,0.0,1.0,0.0,0.0,1.0,0.0,1.0,0.0,0.0,0.0,0.0,0.0,1.0,0.0,0.35201746602175094,16.944615663980247,12.907749610214871
6406,256.2,0.98,1,0.321,0.196,0.006,-0.386,-0.189,0.69,1.43,1.27,0.09,0.0,1.04,0.0,1.55,0.32,0.0,1.12,1.15,0.0,0.03,0.94,0.49,0.0,1.0,0.0,1.0,0.0,0.0,1.0,0.0,0.0,1.0,0.0,1.0,0.0,0.0,0.0,0.0,0.0,1.0,0.0,0.3665779374217347,17.104970037974397,12.894960255852036
6407,256.24,0.98,1,0.324,0.188,0.005,-0.387,-0.193,0.84,1.59,1.35,0.21,0.0,0.87,0.0,1.51,0.3,0.0,1.04,1.07,0.0,0.0,0.96,0.6,0.0,1.0,0.0,1.0,0.0,0.0,1.0,0.0,0.0,0.0,0.0,1.0,0.0,0.0,0.0,0.0,0.0,1.0,0.0,0.38415330380470075,16.347782724271685,13.223085872820906
6408,256.28,0.98,1,0.325,0.191,0.005,-0.38,-0.202,0.99,1.71,1.45,0.25,0.0,0.61,0.0,1.43,0.34,0.0,1.14,1.16,0.0,0.0,1.15,0.75,0.0,1.0,0.0,1.0,0.0,0.0,1.0,0.0,0.0,0.0,0.0,1.0,0.0,0.0,0.0,0.0,0.0,1.0,0.0,0.3816058642545933,16.445060048537375,12.776932339180586
6409,256.32,0.98,1,0.338,0.19,0.007,-0.395,-0.207,1.11,1.87,1.49,0.28,0.0,0.38,0.0,1.31,0.32,0.0,0.88,1.07,0.0,0.0,1.29,0.82,0.0,1.0,0.0,1.0,0.0,0.0,1.0,0.0,0.0,0.0,0.0,1.0,0.0,0.0,0.0,0.0,0.0,1.0,0.0,0.38023434187525057,16.14094173212947,12.776932339180586
6410,256.36,0.98,1,0.334,0.197,0.011,-0.379,-0.212,1.18,1.86,1.59,0.24,0.0,0.42,0.0,1.28,0.27,0.0,0.77,0.94,0.0,0.0,1.53,0.79,0.0,1.0,0.0,1.0,0.0,0.0,1.0,0.0,0.0,1.0,0.0,1.0,0.0,0.0,0.0,0.0,0.0,1.0,0.0,0.3814537563829735,16.14094173212947,13.038788287260447
6411,256.4,0.98,1,0.345,0.188,0.004,-0.394,-0.213,1.27,1.91,1.55,0.33,0.0,0.38,0.0,1.36,0.3,0.0,0.95,0.99,0.0,0.0,1.52,0.9,0.0,1.0,0.0,1.0,0.0,0.0,1.0,0.0,0.0,1.0,0.0,1.0,0.0,0.0,0.0,0.0,0.0,1.0,0.0,0.3915319394120049,16.06393476082374,13.038788287260404
6412,256.44,0.98,1,0.336,0.186,0.006,-0.389,-0.211,1.25,1.81,1.49,0.54,0.0,0.33,0.0,1.39,0.32,0.0,1.03,1.13,0.0,0.0,1.57,0.99,0.0,1.0,0.0,1.0,0.0,0.0,1.0,0.0,0.0,1.0,0.0,1.0,0.0,0.0,0.0,0.0,0.0,1.0,0.0,0.39843022592904587,15.987807854737442,12.854960132182407
6413,256.48,0.98,1,0.352,0.188,0.005,-0.39,-0.212,1.22,1.79,1.47,0.69,0.0,0.22,0.0,1.34,0.33,0.0,1.05,1.29,0.0,0.0,1.59,1.05,0.0,1.0,0.0,1.0,0.0,0.0,1.0,0.0,0.0,1.0,0.0,1.0,0.0,0.0,0.0,1.0,0.0,1.0,0.0,0.39901295649471535,15.86190404711876,13.078226179417424
6414,256.52,0.98,1,0.351,0.187,0.008,-0.38,-0.212,1.11,1.64,1.42,0.75,0.0,0.39,0.0,1.25,0.3,0.0,1.02,1.22,0.0,0.0,1.73,1.11,0.0,1.0,0.0,1.0,0.0,0.0,1.0,0.0,0.0,1.0,0.0,1.0,0.0,0.0,0.0,1.0,0.0,1.0,0.0,0.4056161549898579,15.088074761214605,12.93560976529512
6415,256.56,0.98,1,0.355,0.195,0.004,-0.392,-0.212,1.03,1.57,1.5,0.68,0.0,0.48,0.0,1.26,0.33,0.0,1.02,1.13,0.0,0.0,1.76,1.17,0.0,1.0,0.0,1.0,0.0,0.0,1.0,0.0,0.0,1.0,0.0,1.0,0.0,0.0,0.0,1.0,0.0,1.0,0.0,0.3931350399595006,11.964113005150072,13.16738394670708
6416,256.6,0.98,1,0.358,0.192,0.008,-0.383,-0.208,0.94,1.43,1.38,0.69,0.0,0.65,0.0,1.16,0.35,0.0,1.14,0.98,0.0,0.0,1.72,1.29,0.0,1.0,0.0,1.0,0.0,0.0,1.0,0.0,0.0,1.0,0.0,1.0,0.0,0.0,0.0,1.0,0.0,1.0,0.0,0.39077136859129624,12.841339493993658,12.815615474880802
6417,256.64,0.98,1,0.342,0.192,0.009,-0.372,-0.209,1.11,1.52,1.42,0.68,0.0,0.77,0.0,1.16,0.35,0.0,0.99,0.94,0.0,0.0,1.61,1.23,0.0,1.0,0.0,1.0,0.0,0.0,1.0,0.0,0.0,1.0,0.0,1.0,0.0,0.0,0.0,1.0,0.0,1.0,0.0,0.39288589725786716,13.497407158413978,13.8003623140844
6418,256.68,0.98,1,0.345,0.197,0.01,-0.375,-0.203,1.22,1.55,1.38,0.66,0.0,0.66,0.0,1.08,0.36,0.0,0.96,0.82,0.0,0.0,1.59,1.16,0.0,1.0,0.0,1.0,0.0,0.0,1.0,0.0,0.0,1.0,0.0,1.0,0.0,0.0,0.0,1.0,0.0,1.0,0.0,0.3845644081925586,14.534441853748806,13.53846372377602
6419,256.72,0.98,1,0.352,0.205,0.018,-0.371,-0.204,1.28,1.65,1.42,0.63,0.0,0.57,0.0,1.16,0.37,0.0,0.9,0.77,0.0,0.0,1.55,0.97,0.0,1.0,0.0,1.0,0.0,0.0,1.0,0.0,0.0,1.0,0.0,1.0,0.0,0.0,0.0,1.0,0.0,1.0,0.0,0.39514868858306923,12.403628501370024,13.984634424968117
6420,256.76,0.98,1,0.369,0.217,0.016,-0.381,-0.198,1.03,1.74,1.48,0.44,0.0,0.53,0.0,1.08,0.38,0.0,0.84,0.73,0.0,0.0,1.54,0.89,0.0,1.0,0.0,1.0,0.0,0.0,1.0,0.0,0.0,1.0,0.0,1.0,0.0,0.0,0.0,0.0,0.0,1.0,0.0,0.39844677276590773,11.343720729989824,13.250283015845268
6421,256.8,0.98,1,0.345,0.211,0.011,-0.393,-0.19,0.93,1.98,1.53,0.22,0.0,0.61,0.0,1.11,0.32,0.0,0.77,0.99,0.0,0.0,1.56,0.8,0.0,1.0,0.0,1.0,0.0,0.0,1.0,0.0,0.0,1.0,0.0,1.0,0.0,0.0,0.0,0.0,0.0,1.0,0.0,0.3838026746240927,10.829589096544668,12.349089035228468
6422,256.84,0.98,1,0.304,0.215,0.017,-0.399,-0.174,0.95,2.03,1.62,0.01,0.0,0.61,0.0,1.36,0.35,0.16,0.57,1.3,0.0,0.0,1.58,0.89,0.0,1.0,0.0,1.0,0.0,0.0,1.0,0.0,0.0,1.0,0.0,1.0,0.0,0.0,0.0,0.0,0.0,1.0,0.0,0.3899832061560669,11.742657280190079,12.14907403878984
6423,256.88,0.98,1,0.28,0.216,0.034,-0.418,-0.15,1.18,2.17,1.53,0.01,0.0,0.55,0.0,1.72,0.39,0.42,0.53,1.82,0.0,0.16,1.56,1.0,0.0,1.0,0.0,1.0,0.0,0.0,1.0,0.0,0.0,1.0,0.0,1.0,0.0,0.0,0.0,0.0,0.0,1.0,0.0,0.3928957657278784,10.517128885774865,12.050311199301044
6424,256.92,0.98,1,0.247,0.234,0.047,-0.438,-0.124,1.38,2.11,1.46,0.01,0.0,0.68,0.0,2.0,0.43,0.53,0.5,2.07,0.0,0.44,1.37,1.26,0.0,1.0,0.0,1.0,0.0,0.0,1.0,0.0,0.0,1.0,0.0,1.0,1.0,0.0,0.0,0.0,0.0,1.0,0.0,0.37921001405761745,9.900505037622946,12.998846102635282
6425,256.96,0.98,1,0.233,0.206,0.063,-0.446,-0.099,1.6,2.03,1.19,0.0,0.0,0.92,0.0,1.89,0.43,0.37,0.84,2.39,0.0,0.75,1.34,1.6,0.0,1.0,0.0,1.0,0.0,0.0,1.0,0.0,0.0,1.0,0.0,1.0,1.0,0.0,0.0,0.0,0.0,1.0,0.0,0.38627161541629346,8.209750300709567,13.89748178628058
6426,257.0,0.98,1,0.217,0.237,0.097,-0.437,-0.068,1.84,1.82,1.13,0.0,0.0,1.57,0.0,1.58,0.37,0.11,1.76,2.61,0.04,0.7,1.36,2.25,0.0,1.0,0.0,1.0,0.0,0.0,1.0,0.0,0.0,1.0,0.0,1.0,1.0,0.0,0.0,0.0,0.0,1.0,0.0,0.42497784419968565,8.20548596976419,14.046351839534534
6427,257.04,0.98,1,0.236,0.236,0.104,-0.475,-0.029,2.1,1.62,1.12,0.0,0.02,2.3,0.0,0.9,0.32,0.0,2.78,2.62,0.3,0.42,1.82,2.81,0.0,1.0,0.0,1.0,0.0,0.0,1.0,0.0,0.0,0.0,0.0,1.0,1.0,0.0,0.0,0.0,0.0,1.0,0.0,0.512184992806303,8.3054199171384,12.660568707605472
6428,257.08,0.98,1,0.225,0.256,0.123,-0.463,0.002,2.34,1.53,1.37,0.0,0.08,2.91,0.0,0.39,0.16,0.0,4.01,2.61,1.08,0.42,1.88,3.5,0.0,1.0,0.0,1.0,0.0,0.0,1.0,0.0,0.0,0.0,0.0,1.0,1.0,0.0,1.0,0.0,0.0,1.0,0.0,0.542892341299818,9.304837451562447,12.180722474467444
6429,257.12,0.98,1,0.216,0.253,0.132,-0.47,0.024,2.49,1.47,1.54,0.0,0.14,3.11,0.0,0.0,0.07,0.0,4.58,2.07,1.43,0.57,1.39,2.77,0.0,1.0,0.0,1.0,0.0,0.0,1.0,0.0,0.0,0.0,0.0,1.0,1.0,0.0,1.0,0.0,0.0,1.0,0.0,0.5456538154344599,9.334345183246604,11.53169545210067
6430,257.16,0.98,1,0.198,0.248,0.145,-0.459,0.034,2.58,1.44,1.64,0.0,0.19,3.27,0.0,0.0,0.0,0.0,5.0,1.69,1.17,0.62,0.93,3.36,0.0,1.0,0.0,1.0,0.0,0.0,1.0,0.0,0.0,0.0,0.0,1.0,1.0,0.0,1.0,0.0,0.0,1.0,0.0,0.5473488521003095,8.300602387778806,11.237882362794172
6431,257.2,0.98,1,0.194,0.242,0.16,-0.463,0.049,2.66,1.38,1.69,0.0,0.12,3.38,0.0,0.0,0.0,0.0,5.0,1.13,0.7,0.43,0.36,1.98,0.0,1.0,0.0,1.0,0.0,0.0,1.0,0.0,0.0,0.0,0.0,1.0,1.0,0.0,1.0,0.0,0.0,1.0,0.0,0.5642549285421389,7.80256368125242,10.492378186092944
6432,257.24,0.98,1,0.191,0.254,0.173,-0.458,0.055,2.61,1.47,1.68,0.0,0.06,3.22,0.0,0.0,0.0,0.0,5.0,1.21,0.73,0.48,0.36,1.67,0.0,1.0,0.0,1.0,0.0,0.0,1.0,0.0,0.0,0.0,0.0,1.0,1.0,0.0,1.0,0.0,0.0,1.0,0.0,0.6106241354647337,7.10211236182587,11.047624178980827
6433,257.28,0.98,1,0.18,0.256,0.174,-0.435,0.047,2.61,1.61,1.73,0.0,0.0,2.98,0.0,0.0,0.0,0.0,5.0,1.65,1.77,0.79,0.0,0.0,0.0,1.0,0.0,1.0,0.0,0.0,1.0,0.0,0.0,0.0,0.0,0.0,1.0,0.0,1.0,0.0,0.0,1.0,0.0,0.5991824309606943,7.891767862779505,11.313708498984793
6434,257.32,0.98,1,0.188,0.262,0.173,-0.41,0.038,2.55,1.66,1.72,0.0,0.04,2.67,0.0,0.0,0.0,0.0,5.0,2.17,2.06,0.65,0.3,0.0,0.0,1.0,0.0,1.0,0.0,0.0,1.0,0.0,0.0,0.0,0.0,0.0,1.0,0.0,1.0,0.0,0.0,1.0,0.0,0.6312983349978334,6.835934464285,11.462983904725776
6435,257.36,0.98,1,0.178,0.222,0.163,-0.405,0.033,2.44,1.39,1.73,0.0,0.04,2.45,0.0,0.0,0.0,0.0,5.0,2.72,2.54,0.36,0.3,0.0,0.0,1.0,0.0,1.0,0.0,0.0,1.0,0.0,0.0,0.0,0.0,0.0,1.0,0.0,1.0,0.0,0.0,1.0,0.0,0.5843071243776711,7.467261881037652,11.136426715962259
6436,257.4,0.98,1,0.197,0.249,0.157,-0.407,0.025,2.59,1.62,1.63,0.0,0.13,2.25,0.0,0.1,0.0,0.0,5.0,3.14,2.11,0.0,0.57,0.0,0.0,1.0,0.0,1.0,0.0,0.0,1.0,0.0,0.0,0.0,0.0,0.0,1.0,0.0,1.0,0.0,0.0,1.0,0.0,0.5891787932349103,8.409518416651549,10.149384217774138
6437,257.44,0.98,1,0.174,0.28,0.133,-0.366,0.02,2.65,2.25,1.51,0.0,0.11,1.79,0.0,0.53,0.14,0.0,3.73,3.25,1.78,0.0,0.87,0.25,0.11,1.0,0.0,1.0,0.0,0.0,1.0,0.0,0.0,0.0,0.0,1.0,1.0,0.0,0.0,0.0,0.0,1.0,0.0,0.43778158778330956,7.382411530116659,10.922453936730612
6438,257.48,0.98,1,0.104,0.312,0.106,-0.329,0.018,2.42,2.77,1.5,0.0,0.11,1.09,0.0,0.87,0.33,0.23,2.18,2.84,0.91,0.0,1.32,0.82,0.11,1.0,0.0,1.0,0.0,0.0,0.0,0.0,0.0,0.0,0.0,1.0,0.0,0.0,0.0,0.0,0.0,1.0,0.0,0.30431247795015987,8.220097323024739,13.20605921537539
6439,257.52,0.98,1,0.1,0.312,0.101,-0.305,0.011,1.73,2.82,1.65,0.0,0.02,0.38,0.0,0.77,0.37,0.23,0.91,2.18,0.38,0.0,1.29,1.37,0.11,1.0,1.0,1.0,0.0,0.0,0.0,0.0,0.0,0.0,0.0,1.0,0.0,0.0,0.0,0.0,0.0,1.0,0.0,0.3333123109533378,8.881441324469753,13.230646242720011
6440,257.56,0.98,1,0.07,0.266,0.079,-0.288,0.014,0.89,2.24,1.74,0.0,0.0,0.0,0.0,0.42,0.28,0.5,0.52,1.88,0.55,0.0,0.96,1.78,0.0,1.0,1.0,1.0,1.0,0.0,0.0,0.0,0.0,0.0,0.0,1.0,0.0,0.0,0.0,0.0,0.0,1.0,0.0,0.42006869378196177,9.207062506576266,14.80844353738767
6441,257.6,0.98,1,0.079,0.235,0.05,-0.268,0.01,0.41,1.97,1.55,0.0,0.16,0.21,0.0,0.08,0.1,0.39,0.4,1.76,1.41,0.0,0.74,1.77,0.0,1.0,1.0,1.0,1.0,0.0,0.0,0.0,0.0,0.0,0.0,1.0,0.0,1.0,0.0,0.0,0.0,1.0,0.0,0.41515446353219104,9.773944955850546,17.60113632695335
6442,257.64,0.93,1,0.054,0.223,0.008,-0.217,-0.008,0.31,1.83,1.27,0.0,0.49,0.54,0.0,0.18,0.2,0.59,0.0,1.82,2.36,0.0,0.5,1.7,0.0,1.0,1.0,0.0,1.0,0.0,1.0,0.0,0.0,0.0,1.0,0.0,0.0,1.0,0.0,0.0,1.0,1.0,0.0,0.37138593765339567,12.515989773086362,19.40000000000009
6443,257.68,0.98,1,0.006,0.271,-0.001,-0.143,-0.024,0.56,2.0,1.09,0.0,0.83,1.12,0.0,0.3,0.35,0.68,0.0,1.67,2.81,0.0,0.23,1.6,0.0,1.0,1.0,0.0,1.0,1.0,1.0,0.0,0.0,0.0,1.0,0.0,0.0,1.0,0.0,0.0,1.0,1.0,0.0,0.23660162924047135,13.870832707519726,19.906280415989187
6444,257.72,0.98,1,-0.001,0.247,-0.024,-0.133,-0.016,0.95,2.15,1.03,0.0,0.95,1.52,0.0,0.46,0.55,1.05,0.0,1.51,2.61,0.0,0.15,1.58,0.0,1.0,1.0,0.0,1.0,1.0,1.0,0.0,0.0,0.0,1.0,0.0,0.0,1.0,0.0,0.0,1.0,1.0,0.0,0.22782159110636796,14.259382875847098,19.701015202268177
6445,257.76,0.98,1,-0.025,0.242,-0.019,-0.095,-0.015,1.17,2.12,0.86,0.0,0.86,1.7,0.0,0.39,0.71,1.3,0.0,1.21,2.08,0.0,0.46,1.49,0.0,1.0,1.0,0.0,0.0,1.0,1.0,0.0,0.0,0.0,1.0,0.0,0.0,1.0,0.0,0.0,1.0,1.0,0.0,0.22538515341764964,15.463505424062253,19.81615502563497
6446,257.8,0.98,1,-0.035,0.252,-0.02,-0.072,-0.021,1.29,2.06,0.74,0.0,0.82,1.73,0.0,0.28,0.86,1.28,0.0,1.02,1.55,0.0,0.58,1.3,0.0,1.0,1.0,0.0,0.0,1.0,1.0,0.0,0.0,1.0,1.0,0.0,0.0,1.0,0.0,0.0,1.0,1.0,0.0,0.2188190181318988,16.63009320479006,18.91295852054868
6447,257.84,0.98,1,-0.038,0.262,-0.03,-0.043,-0.024,1.16,1.89,0.52,0.0,0.87,1.63,0.0,0.25,0.99,1.12,0.0,0.83,1.26,0.0,0.54,1.01,0.0,1.0,1.0,0.0,0.0,1.0,1.0,0.0,0.0,1.0,1.0,0.0,0.0,1.0,0.0,0.0,1.0,1.0,0.0,0.2086185729913129,18.217573932881447,17.60454486773222
6448,257.88,0.98,1,-0.038,0.261,-0.034,-0.039,-0.027,0.89,1.76,0.33,0.0,0.88,1.68,0.0,0.37,1.03,1.0,0.0,0.82,1.14,0.04,0.28,0.72,0.0,1.0,1.0,0.0,0.0,1.0,1.0,0.0,0.0,1.0,1.0,0.0,0.0,0.0,0.0,0.0,1.0,0.0,0.0,0.206414164214107,18.106904760339493,17.7002824836216
6449,257.92,0.98,1,-0.023,0.263,-0.029,-0.051,-0.032,0.62,1.38,0.1,0.0,0.81,1.7,0.05,0.48,1.01,0.83,0.0,0.74,1.18,0.04,0.24,0.36,0.0,1.0,1.0,0.0,0.0,1.0,1.0,0.0,0.0,1.0,1.0,0.0,0.0,0.0,0.0,0.0,0.0,0.0,0.0,0.20603395531804647,17.80449381476481,17.900279327429594
6450,257.96,0.98,1,-0.017,0.271,-0.019,-0.06,-0.032,0.47,1.15,0.0,0.0,0.68,1.89,0.08,0.75,1.05,0.68,0.0,0.67,1.05,0.04,0.21,0.1,0.0,1.0,1.0,0.0,0.0,1.0,1.0,0.0,0.0,1.0,1.0,0.0,0.0,0.0,0.0,0.0,0.0,0.0,0.0,0.20843138276748827,17.00117642988273,18.80239346466313
6451,258.0,0.98,1,-0.02,0.267,-0.002,-0.063,-0.031,0.28,0.61,0.0,0.0,0.44,2.03,0.08,0.83,0.95,0.62,0.0,0.67,0.76,0.0,0.28,0.0,0.0,1.0,1.0,0.0,0.0,1.0,1.0,0.0,0.0,1.0,1.0,0.0,0.0,0.0,0.0,0.0,0.0,0.0,0.0,0.20575120243297043,15.899999999999864,19.601020381602495
6452,258.04,0.98,1,0.01,0.305,0.039,-0.069,-0.032,0.15,0.32,0.0,0.0,0.23,2.07,0.03,0.84,0.93,0.79,0.0,0.83,0.44,0.0,0.23,0.0,0.0,0.0,1.0,0.0,0.0,0.0,1.0,0.0,0.0,1.0,1.0,0.0,1.0,0.0,0.0,0.0,0.0,0.0,0.0,0.2166500072239987,17.30722392528618,20.70096616102741
6453,258.08,0.98,1,0.01,0.32,0.05,-0.065,-0.029,0.0,0.0,0.0,0.0,0.04,2.08,0.0,0.61,0.82,0.75,0.0,1.01,0.19,0.0,0.28,0.0,0.0,0.0,0.0,0.0,0.0,0.0,1.0,0.0,0.0,1.0,1.0,0.0,1.0,0.0,0.0,0.0,0.0,0.0,0.0,0.21101360558797705,17.30722392528618,21.7036863228347
6454,258.12,0.98,1,0.004,0.32,0.054,-0.061,-0.03,0.0,0.0,0.0,0.0,0.04,2.08,0.0,0.55,0.83,0.75,0.0,1.09,0.14,0.0,0.29,0.0,0.0,0.0,0.0,0.0,0.0,0.0,1.0,0.0,0.0,1.0,1.0,0.0,1.0,0.0,0.0,0.0,0.0,0.0,0.0,0.21801509930756274,18.117670931993345,21.50209292138791
6455,258.16,0.98,1,0.005,0.324,0.05,-0.061,-0.029,0.0,0.0,0.0,0.01,0.01,2.13,0.0,0.49,0.81,0.54,0.0,1.07,0.06,0.0,0.4,0.0,0.0,0.0,0.0,0.0,0.0,0.0,1.0,0.0,0.0,1.0,1.0,0.0,1.0,0.0,0.0,0.0,0.0,0.0,0.0,0.21305627935584778,18.82153022471889,21.500930212434998
6456,258.2,0.98,1,0.013,0.323,0.051,-0.059,-0.032,0.0,0.0,0.0,0.01,0.01,2.15,0.0,0.54,0.81,0.52,0.0,1.0,0.03,0.0,0.41,0.0,0.0,0.0,0.0,0.0,0.0,0.0,1.0,0.0,0.0,1.0,1.0,0.0,1.0,0.0,0.0,0.0,0.0,0.0,0.0,0.22241161028763418,19.121192431435993,21.903652663425888
6457,258.24,0.98,1,0.001,0.323,0.047,-0.061,-0.033,0.0,0.0,0.0,0.01,0.0,2.07,0.0,0.55,0.81,0.42,0.0,0.85,0.0,0.0,0.45,0.0,0.0,0.0,0.0,0.0,0.0,0.0,1.0,0.0,0.0,1.0,1.0,0.0,1.0,0.0,0.0,0.0,0.0,0.0,0.0,0.21998960712194898,20.112185361118676,22.603539545832106
6458,258.28,0.98,1,-0.001,0.321,0.044,-0.065,-0.034,0.0,0.0,0.0,0.06,0.01,2.15,0.0,0.7,0.8,0.49,0.0,0.68,0.01,0.0,0.44,0.0,0.0,0.0,0.0,0.0,0.0,0.0,1.0,0.0,0.0,1.0,1.0,0.0,0.0,0.0,0.0,0.0,0.0,0.0,0.0,0.21597563735958863,20.706037766796474,21.905707018948373
6459,258.32,0.98,1,0.038,0.337,0.042,-0.066,-0.032,0.0,0.0,0.0,0.06,0.01,2.02,0.0,0.8,0.8,0.5,0.0,0.58,0.05,0.0,0.55,0.0,0.0,0.0,0.0,0.0,0.0,0.0,1.0,0.0,0.0,1.0,1.0,0.0,0.0,0.0,0.0,0.0,0.0,0.0,0.0,0.19494088011713945,18.802393464662902,20.024984394500787
6460,258.36,0.98,1,0.086,0.325,0.043,-0.073,-0.031,0.0,0.0,0.0,0.06,0.01,2.07,0.0,0.86,0.71,0.44,0.0,0.47,0.08,0.0,0.69,0.07,0.0,0.0,0.0,0.0,0.0,0.0,1.0,0.0,0.0,1.0,1.0,0.0,0.0,0.0,0.0,0.0,0.0,0.0,0.0,0.2118387653255358,17.500285711953392,19.35071058126802
6461,258.4,0.98,1,0.088,0.338,0.049,-0.081,-0.029,0.0,0.0,0.0,0.0,0.0,1.87,0.0,0.9,0.68,0.26,0.0,0.45,0.07,0.0,1.03,0.31,0.0,0.0,1.0,0.0,0.0,0.0,1.0,0.0,0.0,1.0,1.0,0.0,0.0,0.0,0.0,0.0,0.0,0.0,0.0,0.2133474006332537,18.604300578092065,20.441379601191166
6462,258.44,0.98,1,0.101,0.345,0.053,-0.091,-0.025,0.0,0.0,0.0,0.05,0.0,1.95,0.0,1.04,0.66,0.11,0.0,0.44,0.04,0.0,1.41,0.53,0.0,0.0,1.0,0.0,0.0,0.0,0.0,0.0,0.0,1.0,1.0,0.0,0.0,0.0,0.0,1.0,1.0,0.0,0.0,0.21068892055145066,18.906612599828755,21.33377603707319
6463,258.48,0.98,1,0.11,0.351,0.07,-0.107,-0.024,0.0,0.0,0.0,0.05,0.0,2.09,0.0,1.15,0.69,0.02,0.0,0.54,0.0,0.0,1.81,0.81,0.0,0.0,1.0,0.0,0.0,0.0,0.0,0.0,0.0,0.0,0.0,0.0,0.0,0.0,0.0,1.0,1.0,0.0,0.0,0.2134920488212606,19.209372712298592,21.827734651126946
6464,258.52,0.98,1,0.112,0.348,0.074,-0.121,-0.021,0.18,0.28,0.0,0.05,0.0,1.9,0.0,1.43,0.66,0.0,0.0,0.57,0.0,0.0,2.21,1.09,0.23,0.0,1.0,0.0,0.0,0.0,0.0,0.0,0.0,0.0,0.0,0.0,0.0,0.0,0.0,1.0,1.0,0.0,0.0,0.20880726952832257,17.70112990743816,20.042205467462903
6465,258.56,0.98,1,0.107,0.395,0.065,-0.163,-0.012,0.35,0.46,0.0,0.0,0.0,1.48,0.0,1.51,0.61,0.0,0.0,0.74,0.04,0.0,2.41,1.45,0.67,1.0,1.0,0.0,0.0,0.0,0.0,0.0,0.0,0.0,0.0,0.0,0.0,0.0,0.0,1.0,1.0,0.0,1.0,0.204752873992744,14.48861622101972,19.15124016872028
6466,258.6,0.98,1,0.06,0.404,0.047,-0.192,-0.012,0.57,0.75,0.0,0.0,0.0,0.87,0.0,1.78,0.6,0.0,0.0,1.06,0.04,0.0,2.41,1.7,1.0,1.0,1.0,0.0,0.0,0.0,1.0,0.0,0.0,0.0,0.0,0.0,0.0,0.0,0.0,1.0,1.0,0.0,1.0,0.15849711570672198,15.09205088780171,20.961154548354525
6467,258.64,0.98,1,0.09,0.364,0.041,-0.203,-0.024,0.52,0.88,0.0,0.0,0.0,0.92,0.0,1.8,0.54,0.0,0.11,1.63,0.04,0.0,2.12,1.61,1.03,1.0,1.0,0.0,0.0,0.0,1.0,0.0,0.0,0.0,0.0,1.0,0.0,0.0,0.0,1.0,1.0,0.0,1.0,0.16175753319056407,14.567086187704195,19.403350226185122
6468,258.68,0.98,1,0.167,0.339,0.047,-0.229,-0.046,0.48,1.15,0.12,0.0,0.0,1.38,0.0,1.78,0.52,0.0,0.48,2.23,0.0,0.0,1.57,1.17,0.6,1.0,1.0,0.0,0.0,0.0,1.0,0.0,0.0,0.0,0.0,1.0,1.0,0.0,0.0,1.0,1.0,0.0,1.0,0.2056635879772521,15.493547043850093,15.318289721767286
6469,258.72,0.98,1,0.235,0.324,0.045,-0.248,-0.059,0.34,1.3,0.38,0.0,0.0,1.72,0.0,1.53,0.47,0.0,0.93,2.49,0.0,0.0,1.18,0.8,0.27,1.0,1.0,1.0,0.0,0.0,1.0,0.0,0.0,0.0,0.0,1.0,1.0,0.0,0.0,0.0,0.0,0.0,1.0,0.24702526899890556,15.526107045875987,15.322206107476735
6470,258.76,0.98,1,0.292,0.282,0.023,-0.318,-0.069,0.21,1.43,0.8,0.0,0.0,1.89,0.0,1.32,0.47,0.0,1.24,2.5,0.0,0.0,1.13,0.66,0.01,1.0,0.0,1.0,0.0,0.0,1.0,0.0,0.0,0.0,0.0,1.0,1.0,0.0,0.0,0.0,0.0,0.0,0.0,0.3064109159597069,16.17930777258423,14.1410749237813
6471,258.8,0.98,1,0.268,0.252,0.021,-0.362,-0.07,0.08,1.33,1.11,0.0,0.0,1.61,0.0,1.22,0.39,0.0,1.3,2.38,0.0,0.0,1.32,1.01,0.0,1.0,0.0,1.0,0.0,0.0,1.0,0.0,0.0,0.0,0.0,1.0,1.0,0.0,0.0,0.0,0.0,0.0,0.0,0.32761253611663654,14.8165448063982,13.061393493804516
6472,258.84,0.98,1,0.247,0.247,0.027,-0.383,-0.062,0.0,1.2,1.34,0.0,0.0,1.57,0.0,1.29,0.35,0.0,1.41,2.27,0.0,0.0,1.63,1.27,0.0,1.0,0.0,1.0,0.0,0.0,1.0,0.0,0.0,0.0,0.0,1.0,1.0,0.0,0.0,0.0,0.0,0.0,0.0,0.3412465490666695,12.700000000000045,12.36931687685298
6473,258.88,0.98,1,0.235,0.238,0.035,-0.415,-0.059,0.0,1.04,1.37,0.0,0.0,1.34,0.0,1.31,0.41,0.0,1.59,2.23,0.0,0.0,1.55,1.45,0.0,1.0,0.0,1.0,0.0,0.0,1.0,0.0,0.0,0.0,0.0,1.0,1.0,0.0,0.0,0.0,0.0,0.0,0.0,0.3838840963312963,10.231324449942749,11.580155439371387
6474,258.92,0.98,1,0.245,0.235,0.029,-0.408,-0.061,0.1,1.1,1.36,0.01,0.0,1.31,0.0,1.46,0.48,0.0,1.76,2.22,0.0,0.0,1.52,1.35,0.0,1.0,0.0,1.0,0.0,0.0,1.0,0.0,0.0,1.0,0.0,1.0,1.0,0.0,0.0,0.0,0.0,1.0,0.0,0.42356829403225793,9.940824915468403,11.813974775662805
6475,258.96,0.98,1,0.29,0.237,0.031,-0.389,-0.068,0.27,1.4,1.19,0.01,0.0,1.03,0.0,1.54,0.57,0.0,1.83,2.28,0.0,0.0,1.45,1.11,0.0,1.0,0.0,1.0,0.0,0.0,1.0,0.0,0.0,1.0,0.0,1.0,1.0,0.0,0.0,0.0,0.0,1.0,0.0,0.39974201484187455,15.011995203836165,11.86802426691136
6476,259.0,0.98,1,0.298,0.224,0.026,-0.408,-0.075,0.57,1.64,1.1,0.03,0.0,1.06,0.0,1.62,0.52,0.0,2.07,2.38,0.0,0.0,1.42,0.77,0.0,1.0,0.0,1.0,0.0,0.0,1.0,0.0,0.0,1.0,0.0,1.0,1.0,0.0,0.0,0.0,0.0,1.0,0.0,0.42999632465885634,15.301307133705885,11.788129622633189
6477,259.04,0.98,1,0.305,0.217,0.023,-0.409,-0.084,0.86,1.66,0.93,0.02,0.0,0.87,0.0,1.5,0.58,0.0,2.54,2.38,0.0,0.0,1.33,0.38,0.0,1.0,0.0,1.0,0.0,0.0,1.0,0.0,0.0,1.0,0.0,1.0,1.0,0.0,0.0,0.0,0.0,0.0,0.0,0.4229021627815602,15.332644912082149,12.515989773086176
6478,259.08,0.98,1,0.295,0.211,0.02,-0.401,-0.087,0.97,1.55,0.98,0.08,0.0,1.03,0.0,1.61,0.61,0.0,2.59,2.3,0.0,0.0,1.33,0.38,0.0,1.0,0.0,1.0,0.0,0.0,1.0,0.0,0.0,1.0,0.0,1.0,1.0,0.0,0.0,0.0,0.0,0.0,0.0,0.3912368325763924,16.244383644817106,12.116517651536595
6479,259.12,0.98,1,0.285,0.234,0.021,-0.392,-0.09,0.69,1.29,0.85,0.06,0.0,0.8,0.0,1.54,0.65,0.0,2.49,1.91,0.0,0.0,1.63,0.31,0.0,1.0,0.0,1.0,0.0,0.0,1.0,0.0,0.0,1.0,0.0,1.0,1.0,0.0,0.0,0.0,0.0,0.0,0.0,0.4241188801325262,13.701459776242867,13.65613415282675
6480,259.16,0.98,1,0.205,0.251,0.023,-0.373,-0.087,0.3,1.14,0.83,0.06,0.0,0.74,0.0,1.47,0.67,0.0,1.69,1.28,0.0,0.0,2.18,0.51,0.0,0.0,0.0,1.0,0.0,0.0,1.0,0.0,0.0,1.0,0.0,1.0,0.0,0.0,0.0,1.0,0.0,0.0,0.0,0.3263971527048042,11.116204388189253,15.787653403846955
6481,259.2,0.98,1,0.173,0.253,0.023,-0.375,-0.086,0.03,0.81,0.6,0.0,0.0,0.57,0.11,1.11,0.69,0.0,1.2,0.61,0.0,0.0,2.49,0.49,0.0,0.0,0.0,1.0,0.0,0.0,1.0,0.0,0.0,1.0,0.0,1.0,0.0,0.0,0.0,1.0,0.0,0.0,0.0,0.42553436946119416,10.040418317978586,16.194134740701646
6482,259.24,0.98,1,0.143,0.251,0.017,-0.342,-0.083,0.0,0.71,0.41,0.0,0.0,0.74,0.11,0.97,0.76,0.0,0.5,0.18,0.0,0.0,2.59,0.72,0.0,0.0,0.0,0.0,0.0,0.0,1.0,0.0,0.0,1.0,0.0,1.0,0.0,0.0,0.0,1.0,0.0,0.0,0.0,0.36135489934434833,11.810588469674105,16.13722404876378
6483,259.28,0.98,1,0.101,0.286,0.027,-0.267,-0.085,0.06,0.65,0.28,0.06,0.09,1.14,0.11,1.07,0.88,0.0,0.23,0.01,0.0,0.0,2.74,0.99,0.0,0.0,1.0,0.0,0.0,0.0,1.0,0.0,0.0,1.0,0.0,0.0,0.0,0.0,0.0,1.0,1.0,0.0,0.0,0.294693178276588,15.008331019803634,17.293929570806092
6484,259.32,0.98,1,0.112,0.341,0.087,-0.215,-0.068,0.06,0.64,0.29,0.17,0.24,1.67,0.0,1.36,0.98,0.0,0.03,0.06,0.0,0.0,2.99,1.2,0.0,0.0,1.0,0.0,0.0,1.0,1.0,0.0,1.0,1.0,0.0,0.0,0.0,0.0,0.0,1.0,1.0,0.0,0.0,0.2509926379639039,15.602884348735147,18.206866836443925
6485,259.36,0.98,1,0.129,0.339,0.1,-0.238,-0.049,0.06,0.47,0.35,0.17,0.39,1.89,0.0,1.52,1.04,0.0,0.0,0.06,0.0,0.0,3.25,1.43,0.0,0.0,1.0,0.0,0.0,1.0,1.0,0.0,1.0,1.0,0.0,0.0,0.0,0.0,0.0,1.0,1.0,0.0,0.0,0.24849909868092018,16.100310556010932,18.102486017119443
6486,259.4,0.98,1,0.129,0.327,0.087,-0.235,-0.043,0.0,0.36,0.27,0.11,0.44,1.9,0.0,1.63,1.07,0.0,0.0,0.14,0.0,0.0,3.15,1.53,0.0,0.0,1.0,0.0,0.0,1.0,1.0,0.0,1.0,1.0,0.0,0.0,0.0,0.0,0.0,1.0,1.0,0.0,0.0,0.2464560528774653,15.799999999999955,18.800265955565582
6487,259.44,0.98,1,0.117,0.331,0.07,-0.199,-0.041,0.06,0.46,0.11,0.0,0.45,1.86,0.0,1.64,1.05,0.0,0.0,0.28,0.03,0.0,2.77,1.75,0.1,1.0,1.0,0.0,0.0,1.0,1.0,0.0,1.0,1.0,0.0,0.0,0.0,0.0,0.0,1.0,1.0,0.0,0.0,0.22990091218095404,15.405193929321234,18.206866836443925
6488,259.48,0.98,1,0.068,0.342,0.035,-0.126,-0.045,0.31,0.64,0.0,0.0,0.29,1.77,0.0,1.62,0.95,0.0,0.0,0.49,0.03,0.0,2.05,1.81,0.65,0.0,1.0,0.0,0.0,1.0,1.0,0.0,1.0,1.0,0.0,0.0,0.0,0.0,0.0,1.0,1.0,0.0,1.0,0.16548364847722347,18.001111076819676,16.949926253526975
6489,259.52,0.98,1,0.029,0.396,0.012,-0.086,-0.04,0.67,0.7,0.0,0.0,0.15,1.44,0.1,1.21,0.81,0.0,0.01,0.4,0.13,0.0,1.34,1.69,1.35,0.0,1.0,0.0,0.0,1.0,1.0,0.0,0.0,1.0,1.0,0.0,0.0,0.0,0.0,1.0,1.0,0.0,1.0,0.1721130366723026,18.760063965775856,18.443969204051445
6490,259.56,0.98,1,-0.031,0.426,0.023,-0.03,-0.042,0.93,0.73,0.0,0.0,0.0,1.27,0.38,0.64,0.61,0.03,0.02,0.21,0.26,0.0,0.73,1.46,2.26,0.0,1.0,0.0,0.0,1.0,1.0,0.0,0.0,1.0,1.0,0.0,0.0,0.0,0.0,1.0,1.0,0.0,1.0,0.15995397814209955,18.261708572858172,19.374725804511577
6491,259.6,0.98,1,-0.124,0.402,0.046,0.071,-0.04,0.87,0.63,0.0,0.0,0.14,1.54,0.58,0.17,0.53,0.04,0.02,0.0,0.39,0.0,0.4,1.41,2.37,0.0,0.0,0.0,0.0,1.0,1.0,0.0,0.0,1.0,1.0,0.0,0.0,0.0,0.0,1.0,1.0,0.0,1.0,0.16171845369781562,18.49783771147307,18.545619428857044
6492,259.64,0.98,1,-0.178,0.361,0.065,0.157,-0.018,0.75,0.63,0.0,0.0,0.4,2.13,0.61,0.0,0.55,0.18,0.01,0.0,0.45,0.0,0.46,1.51,2.41,0.0,0.0,0.0,0.0,1.0,1.0,0.0,0.0,1.0,1.0,0.0,0.0,1.0,0.0,1.0,1.0,0.0,1.0,0.17951071836704793,19.84943324127916,21.50209292138791
6493,259.68,0.98,1,-0.28,0.355,0.058,0.209,0.006,0.58,0.38,0.0,0.0,0.73,2.39,0.47,0.14,0.79,0.31,0.0,0.0,0.42,0.0,0.97,1.54,1.85,0.0,0.0,0.0,0.0,1.0,1.0,0.0,0.0,1.0,1.0,0.0,0.0,1.0,0.0,1.0,1.0,0.0,1.0,0.17897432108359185,16.885792844874018,24.06740534415789
6494,259.72,0.98,1,-0.294,0.35,0.059,0.247,0.022,0.5,0.26,0.0,0.0,0.92,2.33,0.31,0.28,1.04,0.35,0.0,0.0,0.29,0.0,1.81,1.39,1.58,0.0,0.0,0.0,0.0,1.0,1.0,0.0,0.0,1.0,1.0,0.0,0.0,1.0,0.0,1.0,1.0,0.0,1.0,0.1765403977991349,16.732304085211847,24.010414407085918
6495,259.76,0.98,1,-0.308,0.336,0.06,0.274,0.068,0.37,0.18,0.0,0.0,0.97,2.11,0.18,0.46,1.26,0.22,0.0,0.0,0.13,0.0,2.59,1.27,0.99,0.0,0.0,0.0,0.0,1.0,1.0,0.0,0.0,1.0,1.0,0.0,0.0,1.0,0.0,1.0,1.0,0.0,0.0,0.18936434898635424,17.5385290147151,24.48121728999595
6496,259.8,0.98,1,-0.324,0.328,0.057,0.267,0.095,0.4,0.37,0.0,0.0,0.79,1.78,0.04,0.4,1.35,0.11,0.0,0.0,0.11,0.08,2.68,1.24,0.72,0.0,0.0,0.0,0.0,1.0,1.0,0.0,0.0,1.0,1.0,0.0,0.0,1.0,0.0,1.0,1.0,0.0,0.0,0.1877909518743487,18.607794065928395,24.3528232449546
6497,259.84,0.98,1,-0.34,0.311,0.049,0.264,0.105,0.45,0.5,0.0,0.0,0.58,1.86,0.0,0.27,1.35,0.18,0.0,0.01,0.2,0.37,2.11,0.85,0.57,0.0,0.0,0.0,0.0,1.0,1.0,0.0,0.0,1.0,1.0,0.0,0.0,1.0,0.0,1.0,1.0,0.0,0.0,0.20303953702381022,18.84091292904866,24.58373446000433
6498,259.88,0.98,1,-0.355,0.311,0.053,0.275,0.106,0.51,0.59,0.0,0.0,0.4,1.78,0.0,0.17,1.23,0.17,0.0,0.01,0.22,0.65,1.35,0.42,0.63,0.0,0.0,0.0,0.0,1.0,1.0,0.0,0.0,1.0,1.0,0.0,0.0,1.0,0.0,1.0,0.0,0.0,0.0,0.21612026602381298,18.86637220029335,23.98833049630586
6499,259.92,0.98,1,-0.37,0.315,0.051,0.278,0.109,0.47,0.5,0.0,0.0,0.37,1.84,0.0,0.19,1.19,0.19,0.0,0.01,0.19,0.86,1.04,0.0,0.63,0.0,0.0,0.0,0.0,1.0,1.0,0.0,0.0,1.0,1.0,0.0,0.0,0.0,1.0,1.0,0.0,0.0,0.0,0.216405955059557,19.237983262286,24.331050121192877
6500,259.96,0.98,1,-0.377,0.312,0.041,0.283,0.114,0.41,0.65,0.0,0.0,0.37,1.49,0.0,0.36,1.19,0.12,0.0,0.0,0.14,0.93,1.02,0.0,0.46,0.0,0.0,0.0,0.0,1.0,1.0,0.0,0.0,1.0,1.0,0.0,0.0,0.0,1.0,1.0,0.0,0.0,0.0,0.2165493072481684,20.16829194552677,23.773935307390715
6501,260.0,0.98,1,-0.39,0.315,0.036,0.282,0.122,0.36,0.72,0.0,0.0,0.42,1.46,0.0,0.5,1.23,0.15,0.0,0.0,0.12,0.94,1.04,0.0,0.34,0.0,0.0,0.0,0.0,1.0,1.0,0.0,0.0,1.0,1.0,0.0,0.0,0.0,1.0,1.0,0.0,0.0,0.0,0.20847095131599716,21.455302374937567,22.193918085817987
6502,260.04,0.98,1,-0.408,0.314,0.04,0.288,0.127,0.5,0.89,0.0,0.0,0.46,1.48,0.0,0.7,1.29,0.16,0.0,0.0,0.11,0.83,1.15,0.0,0.22,0.0,0.0,0.0,0.0,1.0,1.0,0.0,0.0,1.0,1.0,0.0,0.0,0.0,0.0,1.0,0.0,0.0,0.0,0.21859901493972475,21.372178176311277,22.506221362103464
6503,260.08,0.98,1,-0.408,0.316,0.04,0.294,0.133,0.61,0.72,0.0,0.0,0.56,1.62,0.0,0.91,1.39,0.22,0.0,0.0,0.14,0.68,1.5,0.0,0.2,1.0,0.0,0.0,0.0,1.0,1.0,0.0,0.0,1.0,1.0,0.0,0.0,0.0,0.0,1.0,0.0,0.0,0.0,0.2128074233047315,21.585643377022787,22.102714765385766
6504,260.12,0.98,1,-0.407,0.294,0.033,0.287,0.141,0.67,0.61,0.0,0.0,0.68,1.56,0.0,1.14,1.56,0.27,0.0,0.0,0.24,0.61,1.98,0.0,0.16,1.0,0.0,0.0,0.0,1.0,1.0,0.0,0.0,1.0,1.0,0.0,0.0,0.0,0.0,1.0,0.0,0.0,0.0,0.20691110623706735,21.684326136635978,22.262299971027343
6505,260.16,0.98,1,-0.406,0.293,0.032,0.287,0.141,0.62,0.55,0.0,0.0,0.78,1.54,0.0,1.23,1.68,0.21,0.0,0.0,0.24,0.63,2.19,0.0,0.21,1.0,0.0,1.0,0.0,1.0,1.0,0.0,0.0,1.0,1.0,0.0,0.0,0.0,0.0,1.0,0.0,0.0,0.0,0.20342952208916337,20.87869727736853,22.18220007122822
6506,260.2,0.98,1,-0.41,0.306,0.038,0.292,0.139,0.75,0.68,0.0,0.0,0.79,1.44,0.0,1.25,1.71,0.22,0.0,0.0,0.17,0.62,2.26,0.0,0.33,1.0,0.0,1.0,0.0,1.0,1.0,0.0,0.0,1.0,1.0,0.0,0.0,0.0,0.0,1.0,0.0,0.0,0.0,0.2068281513218009,21.076052761368718,22.268587741480193
6507,260.24,0.98,1,-0.417,0.303,0.037,0.29,0.138,0.84,0.84,0.0,0.0,0.71,1.56,0.0,1.19,1.63,0.27,0.0,0.0,0.07,0.55,2.15,0.24,0.3,1.0,0.0,1.0,0.0,1.0,1.0,0.0,0.0,1.0,1.0,0.0,0.0,0.0,0.0,1.0,0.0,0.0,0.0,0.21129066840922467,20.86264604502497,22.30089684295227
6508,260.28,0.98,1,-0.431,0.334,0.046,0.3,0.133,0.93,0.99,0.0,0.0,0.56,1.53,0.0,1.1,1.42,0.32,0.0,0.0,0.0,0.58,1.91,0.43,0.33,1.0,0.0,1.0,0.0,1.0,1.0,0.0,0.0,1.0,1.0,0.0,0.0,0.0,0.0,1.0,1.0,0.0,0.0,0.19967174583891675,20.92964404857368,23.0672928624059
6509,260.32,0.98,1,-0.433,0.325,0.052,0.302,0.127,0.83,1.12,0.0,0.0,0.41,1.75,0.0,0.91,1.24,0.24,0.0,0.0,0.0,0.68,1.55,0.59,0.62,1.0,0.0,0.0,0.0,1.0,1.0,0.0,0.0,1.0,1.0,0.0,0.0,0.0,0.0,1.0,1.0,0.0,0.0,0.2121488270101547,20.456050449683488,23.005434140654707
6510,260.36,0.98,1,-0.383,0.326,0.045,0.293,0.126,0.77,1.26,0.02,0.0,0.28,1.63,0.0,0.59,1.15,0.18,0.0,0.0,0.12,0.53,1.48,0.82,1.44,0.0,0.0,0.0,0.0,1.0,1.0,0.0,0.0,1.0,1.0,0.0,0.0,0.0,0.0,1.0,1.0,0.0,1.0,0.20640958791562458,17.029386365926303,20.05617112013158
6511,260.4,0.98,1,-0.288,0.458,0.083,0.298,0.11,0.44,0.97,0.24,0.0,0.19,1.62,0.0,0.33,1.15,0.19,0.0,0.0,0.25,0.37,1.73,1.32,2.03,0.0,0.0,0.0,0.0,1.0,1.0,0.0,0.0,1.0,1.0,0.0,0.0,0.0,0.0,1.0,1.0,0.0,1.0,0.16566661859214235,18.514858897653028,16.643316977093264
6512,260.44,0.98,1,-0.211,0.455,0.077,0.216,0.1,0.2,0.54,0.4,0.0,0.16,1.8,0.08,0.21,1.14,0.23,0.0,0.14,0.3,0.26,1.83,1.87,2.22,0.0,0.0,0.0,0.0,0.0,1.0,0.0,0.0,1.0,1.0,0.0,0.0,0.0,0.0,1.0,1.0,0.0,1.0,0.16591656388539933,18.8409129290489,18.113530854032756
6513,260.48,0.98,1,-0.114,0.437,0.067,0.123,0.079,0.0,0.12,0.52,0.0,0.25,2.34,0.17,0.21,1.16,0.3,0.0,0.51,0.26,0.58,1.61,2.09,1.65,0.0,0.0,0.0,0.0,0.0,1.0,0.0,0.0,1.0,1.0,0.0,0.0,0.0,0.0,1.0,1.0,0.0,1.0,0.1521333587634638,18.046883387443945,20.100248754679537
6514,260.52,0.98,1,-0.037,0.397,0.092,0.03,0.062,0.0,0.0,0.31,0.0,0.31,2.71,0.17,0.36,1.25,0.51,0.0,0.96,0.13,0.81,1.24,2.07,1.22,0.0,0.0,0.0,0.0,0.0,1.0,0.0,0.0,1.0,1.0,0.0,0.0,0.0,0.0,1.0,1.0,0.0,1.0,0.14641868767374613,19.60408120774846,20.130076999355875
6515,260.56,0.98,1,0.016,0.346,0.084,-0.063,0.042,0.0,0.0,0.15,0.0,0.4,2.84,0.11,0.67,1.42,0.77,0.0,1.17,0.08,0.65,1.05,1.8,0.72,0.0,0.0,0.0,0.0,0.0,1.0,0.0,0.0,1.0,1.0,0.0,0.0,0.0,0.0,1.0,1.0,0.0,1.0,0.15888693212326505,19.11674658512806,18.821530224718664
6516,260.6,0.98,1,0.053,0.35,0.088,-0.091,0.003,0.0,0.0,0.0,0.0,0.36,2.64,0.04,1.14,1.53,0.96,0.0,0.9,0.0,0.32,1.02,1.36,0.45,0.0,0.0,0.0,0.0,1.0,1.0,0.0,0.0,1.0,1.0,0.0,0.0,0.0,0.0,1.0,1.0,0.0,0.0,0.1876595052449227,19.41262475813107,19.206509313250887
6517,260.64,0.98,1,0.055,0.343,0.084,-0.063,-0.038,0.14,0.0,0.0,0.0,0.44,2.65,0.11,1.54,1.6,1.04,0.0,0.52,0.0,0.01,0.92,0.87,0.15,0.0,0.0,0.0,0.0,1.0,1.0,0.0,0.0,1.0,1.0,0.0,0.0,0.0,0.0,1.0,1.0,0.0,0.0,0.18610108805588477,21.200000000000045,19.709134937891154
6518,260.68,0.98,1,0.048,0.336,0.069,-0.043,-0.064,0.33,0.0,0.0,0.0,0.43,2.51,0.2,1.71,1.56,0.93,0.0,0.25,0.0,0.0,0.9,0.61,0.0,0.0,0.0,0.0,0.0,1.0,1.0,0.0,0.0,1.0,1.0,0.0,0.0,0.0,0.0,1.0,1.0,0.0,0.0,0.18408188621627608,19.704060495238075,19.82044399099067
6519,260.72,0.98,1,0.055,0.337,0.066,-0.052,-0.078,0.33,0.0,0.0,0.0,0.5,2.77,0.38,1.8,1.62,0.92,0.0,0.29,0.0,0.0,0.85,0.45,0.0,0.0,0.0,0.0,0.0,1.0,1.0,0.0,1.0,1.0,1.0,0.0,0.0,0.0,0.0,1.0,1.0,0.0,0.0,0.18603240690388478,20.215835377248247,19.73651438324411
6520,260.76,0.98,1,0.067,0.336,0.062,-0.082,-0.088,0.19,0.0,0.0,0.0,0.49,2.73,0.47,1.94,1.68,0.76,0.0,0.52,0.0,0.0,0.89,0.25,0.01,0.0,0.0,0.0,0.0,1.0,1.0,0.0,1.0,1.0,1.0,0.0,0.0,0.0,0.0,1.0,0.0,0.0,0.0,0.1807294302818725,17.80702108720036,18.545619428857044
6521,260.8,0.98,1,0.113,0.3,0.047,-0.112,-0.097,0.0,0.0,0.0,0.0,0.45,2.84,0.49,2.19,1.78,0.74,0.15,0.9,0.0,0.0,1.24,0.08,0.01,0.0,0.0,0.0,0.0,1.0,1.0,0.0,1.0,1.0,1.0,0.0,1.0,0.0,0.0,1.0,0.0,0.0,0.0,0.17479185034978575,18.652613757862607,16.745148551147484
6522,260.84,0.98,1,0.167,0.304,0.057,-0.163,-0.112,0.05,0.0,0.0,0.0,0.25,2.74,0.37,2.3,1.71,0.6,0.47,1.44,0.0,0.0,1.27,0.0,0.01,0.0,0.0,0.0,0.0,0.0,1.0,0.0,1.0,1.0,1.0,1.0,1.0,0.0,0.0,1.0,0.0,0.0,0.0,0.19526136353603737,18.82896704548588,18.10331461362825
6523,260.88,0.98,1,0.231,0.264,0.051,-0.204,-0.12,0.06,0.18,0.04,0.0,0.1,2.71,0.24,2.18,1.55,0.41,0.96,1.77,0.0,0.0,1.27,0.0,0.0,1.0,0.0,0.0,0.0,0.0,1.0,0.0,1.0,1.0,1.0,1.0,1.0,0.0,0.0,0.0,0.0,0.0,0.0,0.26433979888269554,17.79016582272352,17.17236151494609
6524,260.92,0.98,1,0.31,0.252,0.065,-0.262,-0.131,0.36,0.61,0.26,0.0,0.0,2.45,0.11,1.86,1.28,0.19,1.42,2.02,0.0,0.0,0.8,0.0,0.0,1.0,0.0,1.0,0.0,0.0,1.0,0.0,1.0,1.0,0.0,1.0,1.0,0.0,0.0,0.0,0.0,0.0,0.0,0.3317502307083414,15.938004893963452,16.401219466856674
6525,260.96,0.98,1,0.282,0.226,0.051,-0.301,-0.137,0.68,1.2,0.57,0.0,0.0,2.03,0.03,1.67,1.04,0.0,1.67,2.03,0.0,0.0,0.83,0.0,0.0,1.0,0.0,1.0,0.0,0.0,1.0,0.0,1.0,1.0,0.0,1.0,1.0,0.0,0.0,0.0,0.0,0.0,0.0,0.3103345149609128,15.79177000845698,14.549914089093337
6526,261.0,0.98,1,0.286,0.229,0.058,-0.328,-0.145,0.92,1.64,0.79,0.21,0.0,1.73,0.0,1.64,0.9,0.0,1.67,2.07,0.0,0.0,0.91,0.0,0.0,1.0,0.0,1.0,0.0,0.0,1.0,0.0,0.0,1.0,0.0,1.0,1.0,0.0,0.0,0.0,0.0,0.0,0.0,0.34205379997865437,18.087841220001998,14.74109900923259
6527,261.04,0.98,1,0.313,0.216,0.065,-0.346,-0.144,0.81,1.57,0.88,0.45,0.0,1.61,0.0,1.66,0.88,0.0,1.51,2.08,0.0,0.0,1.16,0.05,0.0,1.0,0.0,1.0,0.0,0.0,1.0,0.0,0.0,1.0,0.0,1.0,1.0,0.0,0.0,0.0,0.0,0.0,0.0,0.4326664979942679,16.552945357246887,14.588008774332437
6528,261.08,0.98,1,0.303,0.232,0.067,-0.365,-0.14,0.72,1.45,0.95,0.5,0.0,1.41,0.0,1.6,0.87,0.0,1.36,2.08,0.0,0.0,1.29,0.16,0.0,1.0,0.0,1.0,0.0,0.0,1.0,0.0,0.0,1.0,0.0,1.0,1.0,0.0,0.0,0.0,0.0,0.0,0.0,0.407211130066349,16.395731151735724,13.91402170474069
6529,261.12,0.98,1,0.292,0.217,0.07,-0.375,-0.145,0.84,1.52,1.01,0.52,0.0,1.3,0.0,1.37,0.85,0.0,1.19,2.11,0.0,0.0,1.45,0.36,0.0,1.0,0.0,1.0,0.0,0.0,1.0,0.0,0.0,1.0,0.0,1.0,1.0,0.0,0.0,0.0,0.0,0.0,0.0,0.3849389462960727,16.589454481688147,13.285330255586423
6530,261.16,0.98,1,0.298,0.223,0.076,-0.38,-0.148,0.99,1.75,1.04,0.41,0.0,1.23,0.0,1.17,0.81,0.0,1.12,2.0,0.0,0.0,1.73,0.44,0.0,1.0,0.0,1.0,0.0,0.0,1.0,0.0,0.0,1.0,0.0,1.0,1.0,0.0,0.0,0.0,0.0,0.0,0.0,0.3907259018506468,14.96829983665492,13.507405376311011
6531,261.2,0.98,1,0.3,0.225,0.07,-0.384,-0.159,1.0,1.74,0.96,0.55,0.0,1.23,0.0,1.12,0.84,0.0,1.22,1.97,0.0,0.0,1.87,0.45,0.0,1.0,0.0,1.0,0.0,0.0,1.0,0.0,0.0,1.0,0.0,1.0,1.0,0.0,0.0,1.0,0.0,0.0,0.0,0.39032497042194114,15.199013125857965,13.003461077728542
6532,261.24,0.93,1,0.306,0.223,0.068,-0.391,-0.163,0.86,1.5,0.99,0.53,0.0,1.1,0.0,1.11,0.85,0.0,1.42,1.72,0.0,0.0,2.02,0.43,0.0,1.0,0.0,1.0,0.0,0.0,1.0,0.0,0.0,1.0,0.0,1.0,1.0,0.0,0.0,1.0,0.0,0.0,0.0,0.3867354538295461,15.160804727982036,12.924395537122834
6533,261.28,0.93,1,0.317,0.222,0.056,-0.4,-0.168,0.69,1.16,1.01,0.73,0.0,0.91,0.0,1.17,0.88,0.0,1.56,1.61,0.0,0.0,2.06,0.44,0.0,1.0,0.0,1.0,0.0,0.0,1.0,0.0,0.0,1.0,0.0,1.0,1.0,0.0,0.0,1.0,0.0,1.0,0.0,0.3723296550561108,14.49999999999997,13.393281898026279
6534,261.32,0.98,1,0.312,0.222,0.061,-0.4,-0.173,0.66,1.26,0.95,0.76,0.0,0.95,0.0,1.0,0.87,0.0,1.47,1.41,0.0,0.0,2.2,0.48,0.0,1.0,0.0,1.0,0.0,0.0,1.0,0.0,0.0,1.0,0.0,1.0,0.0,0.0,0.0,1.0,0.0,1.0,0.0,0.3768013073949017,14.081193131265493,13.110301293257976
6535,261.36,0.93,1,0.303,0.239,0.062,-0.385,-0.18,0.66,1.4,0.86,0.85,0.0,0.98,0.0,0.92,0.88,0.0,1.38,1.34,0.0,0.0,2.24,0.47,0.0,1.0,0.0,1.0,0.0,0.0,1.0,0.0,0.0,1.0,0.0,1.0,0.0,0.0,0.0,1.0,0.0,0.0,0.0,0.35372537454357517,13.753908535394654,13.110301293257976
6536,261.4,0.93,1,0.295,0.246,0.072,-0.361,-0.183,0.74,2.04,0.8,0.69,0.0,0.89,0.0,0.81,0.98,0.05,1.22,1.15,0.0,0.0,2.36,0.51,0.0,1.0,0.0,1.0,0.0,0.0,1.0,0.0,0.0,1.0,0.0,1.0,0.0,0.0,0.0,1.0,0.0,0.0,0.0,0.3524202742726703,15.183214415926589,14.327944723511486
6537,261.44,0.98,1,0.269,0.299,0.066,-0.367,-0.186,0.67,2.49,0.84,0.56,0.0,0.53,0.0,0.71,1.13,0.25,1.01,0.95,0.0,0.0,2.5,0.38,0.27,1.0,0.0,1.0,0.0,0.0,1.0,0.0,0.0,1.0,0.0,1.0,0.0,0.0,0.0,1.0,0.0,0.0,0.0,0.29832987958448476,14.354441821262204,14.39618004888815
6538,261.48,0.93,1,0.221,0.298,0.056,-0.365,-0.179,0.56,2.88,0.8,0.28,0.0,0.31,0.0,0.54,1.28,0.6,0.6,0.77,0.0,0.0,2.54,0.2,0.72,1.0,0.0,1.0,0.0,0.0,1.0,0.0,0.0,1.0,1.0,0.0,0.0,0.0,0.0,1.0,0.0,0.0,0.0,0.29424811096323944,11.122050170719337,18.9274932307477
6539,261.52,0.93,1,0.213,0.306,0.052,-0.283,-0.182,0.55,2.61,0.64,0.11,0.14,0.6,0.0,0.53,1.46,0.92,0.24,0.52,0.0,0.0,2.27,0.08,1.29,0.0,0.0,1.0,0.0,0.0,1.0,0.0,0.0,1.0,1.0,0.0,0.0,0.0,0.0,1.0,0.0,0.0,0.0,0.2426478411790301,13.400373129133245,17.63660965151753
6540,261.56,0.98,1,0.144,0.39,0.099,-0.205,-0.167,0.4,2.06,0.49,0.02,0.35,1.29,0.0,0.67,1.63,1.07,0.02,0.27,0.0,0.0,1.98,0.21,1.55,0.0,0.0,1.0,0.0,1.0,1.0,0.0,0.0,1.0,1.0,0.0,0.0,0.0,0.0,1.0,1.0,0.0,0.0,0.16773772704213763,13.603308421115708,17.84656829757475
6541,261.6,0.98,1,0.119,0.37,0.11,-0.184,-0.148,0.3,1.33,0.38,0.01,0.74,2.36,0.0,0.86,1.84,0.98,0.0,0.06,0.0,0.0,1.86,0.3,1.47,0.0,0.0,0.0,0.0,1.0,1.0,0.0,0.0,1.0,1.0,0.0,0.0,0.0,0.0,1.0,1.0,0.0,0.0,0.1754740877310219,13.829316685939284,17.5385290147151
6542,261.64,0.98,1,0.088,0.36,0.107,-0.145,-0.131,0.08,0.88,0.3,0.01,1.0,2.86,0.0,1.02,1.95,0.96,0.0,0.0,0.0,0.0,1.93,0.47,1.26,0.0,0.0,0.0,0.0,1.0,1.0,0.0,0.0,1.0,1.0,0.0,0.0,0.0,0.0,1.0,1.0,0.0,0.0,0.1761722435380954,16.54357881475469,18.729655629509175
6543,261.68,0.98,1,0.051,0.363,0.108,-0.112,-0.12,0.03,0.48,0.24,0.01,1.17,3.12,0.0,1.23,2.09,1.01,0.0,0.0,0.0,0.0,1.98,0.53,0.99,0.0,0.0,0.0,0.0,1.0,1.0,0.0,1.0,1.0,1.0,0.0,0.0,0.0,0.0,1.0,1.0,0.0,0.0,0.17946011574004325,18.1397353894704,18.44586674569681
6544,261.72,0.98,1,0.041,0.357,0.106,-0.096,-0.104,0.0,0.24,0.12,0.01,1.12,2.98,0.0,1.47,2.17,1.27,0.0,0.0,0.0,0.0,1.99,0.62,0.73,0.0,0.0,0.0,0.0,1.0,1.0,0.0,1.0,1.0,1.0,0.0,0.0,0.0,0.0,1.0,1.0,0.0,0.0,0.17824566759089183,18.162048342629106,18.139735389470406
6545,261.76,0.98,1,0.035,0.354,0.106,-0.085,-0.09,0.0,0.09,0.05,0.01,1.09,2.86,0.0,1.64,2.28,1.33,0.0,0.0,0.0,0.0,2.03,0.65,0.48,0.0,0.0,0.0,0.0,1.0,1.0,0.0,1.0,1.0,1.0,0.0,0.0,0.0,0.0,1.0,1.0,0.0,0.0,0.17828318778673818,19.158809983921145,18.117670931993352
6546,261.8,0.98,1,0.027,0.352,0.116,-0.084,-0.079,0.0,0.03,0.0,0.0,1.06,2.95,0.0,1.72,2.38,1.37,0.0,0.0,0.0,0.0,2.12,0.61,0.22,0.0,0.0,0.0,0.0,1.0,1.0,0.0,1.0,1.0,1.0,0.0,0.0,0.0,0.0,1.0,1.0,0.0,0.0,0.18344732698017827,19.22108217556966,18.91295852054868
6547,261.84,0.98,1,0.036,0.329,0.12,-0.076,-0.073,0.0,0.03,0.0,0.0,1.08,2.9,0.0,1.79,2.45,1.27,0.0,0.0,0.0,0.0,2.19,0.62,0.15,0.0,0.0,0.0,0.0,1.0,1.0,0.0,1.0,1.0,1.0,0.0,0.0,0.0,0.0,1.0,1.0,0.0,0.0,0.2289691475693572,20.04220546746291,19.716236963477634
6548,261.88,0.98,1,0.014,0.341,0.117,-0.057,-0.072,0.0,0.09,0.0,0.1,1.05,2.93,0.0,1.86,2.47,1.33,0.0,0.0,0.0,0.0,2.29,0.52,0.03,0.0,0.0,0.0,0.0,1.0,1.0,0.0,1.0,1.0,1.0,0.0,0.0,0.0,0.0,1.0,1.0,0.0,0.0,0.1910502077146713,21.922819161777394,20.802163349036515
6549,261.92,0.98,1,-0.007,0.311,0.108,-0.055,-0.065,0.0,0.11,0.0,0.16,1.02,2.78,0.0,1.83,2.45,1.34,0.0,0.0,0.0,0.0,2.16,0.39,0.03,0.0,0.0,0.0,0.0,1.0,1.0,0.0,1.0,1.0,1.0,0.0,0.0,0.0,0.0,1.0,1.0,0.0,0.0,0.23229461115896174,21.64532282041541,21.303755537463296
6550,261.96,0.98,1,-0.004,0.312,0.106,-0.039,-0.06,0.0,0.11,0.0,0.21,1.01,2.74,0.0,1.85,2.49,1.53,0.0,0.0,0.0,0.0,2.05,0.21,0.0,0.0,0.0,0.0,0.0,1.0,1.0,0.0,1.0,1.0,1.0,0.0,0.0,0.0,0.0,1.0,1.0,0.0,0.0,0.20364035406097092,22.2272355456094,21.400233643584453
6551,262.0,0.98,1,-0.01,0.325,0.102,-0.033,-0.052,0.0,0.02,0.0,0.11,0.99,2.89,0.03,1.79,2.49,1.56,0.0,0.02,0.0,0.0,1.78,0.06,0.1,0.0,0.0,0.0,0.0,1.0,1.0,0.0,1.0,1.0,1.0,0.0,0.0,0.0,0.0,1.0,1.0,0.0,0.0,0.20645186613241928,21.219095173922767,20.702173798903384
6552,262.04,0.98,1,-0.034,0.34,0.096,-0.023,-0.047,0.0,0.0,0.0,0.05,0.96,2.91,0.09,1.64,2.44,1.74,0.0,0.02,0.0,0.0,1.56,0.08,0.48,0.0,0.0,0.0,0.0,1.0,1.0,0.0,1.0,1.0,1.0,0.0,0.0,0.0,0.0,1.0,1.0,0.0,0.0,0.1824493841933325,21.211553455605316,19.50230755577401
6553,262.08,0.98,1,-0.066,0.373,0.094,0.003,-0.046,0.07,0.0,0.0,0.0,0.88,2.68,0.31,1.26,2.34,1.59,0.0,0.02,0.0,0.0,1.45,0.17,1.4,0.0,0.0,0.0,0.0,1.0,1.0,0.0,0.0,1.0,1.0,0.0,0.0,0.0,0.0,1.0,1.0,0.0,1.0,0.1847687263977185,21.01523257068548,19.320973060381778
6554,262.12,0.98,1,-0.089,0.436,0.102,0.046,-0.03,0.31,0.0,0.0,0.0,0.81,2.27,0.5,0.77,2.17,1.42,0.0,0.0,0.09,0.0,1.44,0.37,2.23,0.0,0.0,0.0,0.0,1.0,1.0,0.0,0.0,1.0,1.0,0.0,0.0,0.0,0.0,1.0,1.0,0.0,1.0,0.15921770095472154,18.532673849177836,17.833956375409194
6555,262.16,0.98,1,-0.15,0.457,0.122,0.104,-0.005,0.31,0.0,0.0,0.0,0.83,2.07,0.62,0.35,1.99,0.97,0.0,0.0,0.32,0.0,1.48,0.64,2.5,0.0,0.0,0.0,0.0,1.0,1.0,0.0,0.0,1.0,1.0,0.0,0.0,0.0,0.0,1.0,1.0,0.0,1.0,0.15752062393437197,18.652613757862596,18.302458851203525
6556,262.2,0.98,1,-0.211,0.373,0.098,0.164,0.031,0.24,0.0,0.0,0.0,0.93,2.13,0.52,0.23,1.73,0.78,0.0,0.0,0.4,0.0,1.39,0.93,2.0,0.0,0.0,0.0,0.0,1.0,1.0,0.0,0.0,1.0,1.0,0.0,0.0,0.0,0.0,1.0,1.0,0.0,1.0,0.16800039188272112,23.920702330826277,20.030227157973016
6557,262.24,0.98,1,-0.284,0.326,0.075,0.207,0.057,0.02,0.0,0.0,0.0,1.13,2.3,0.43,0.39,1.52,0.68,0.0,0.0,0.33,0.0,1.04,0.94,1.34,0.0,0.0,0.0,0.0,1.0,1.0,0.0,0.0,1.0,1.0,0.0,0.0,0.0,0.0,1.0,1.0,0.0,0.0,0.17830059475305354,18.469434208984396,22.318826134006294
6558,262.28,0.98,1,-0.363,0.34,0.079,0.251,0.076,0.02,0.0,0.0,0.0,1.13,2.32,0.24,0.61,1.3,0.65,0.0,0.0,0.11,0.22,0.76,0.62,1.06,0.0,0.0,0.0,0.0,1.0,1.0,0.0,0.0,1.0,1.0,0.0,0.0,0.0,1.0,1.0,1.0,0.0,0.0,0.1886452389241995,17.37872262279357,25.03797116381431
6559,262.32,0.98,1,-0.389,0.313,0.061,0.268,0.123,0.03,0.0,0.0,0.0,1.05,2.41,0.12,0.73,1.27,0.47,0.0,0.0,0.02,0.58,0.67,0.35,1.0,0.0,0.0,0.0,0.0,1.0,1.0,0.0,0.0,1.0,1.0,0.0,0.0,0.0,1.0,1.0,1.0,0.0,0.0,0.19640776323984233,17.920100446147096,26.61296676434256
6560,262.36,0.98,1,-0.409,0.338,0.069,0.292,0.142,0.02,0.01,0.0,0.0,0.88,2.34,0.0,0.84,1.25,0.48,0.0,0.0,0.0,1.09,0.84,0.41,1.03,0.0,0.0,0.0,0.0,1.0,1.0,0.0,0.0,1.0,1.0,0.0,0.0,0.0,1.0,1.0,1.0,0.0,0.0,0.20407355864646093,17.164206943520668,24.982593940581854
6561,262.4,0.98,1,-0.428,0.345,0.048,0.291,0.153,0.1,0.02,0.0,0.0,0.87,2.19,0.0,1.08,1.3,0.49,0.0,0.0,0.0,1.34,1.15,0.8,0.92,0.0,0.0,0.0,0.0,1.0,1.0,0.0,0.0,1.0,1.0,0.0,0.0,0.0,1.0,1.0,1.0,0.0,0.0,0.17693892187062477,17.984715733088592,26.414011433328273
6562,262.44,0.98,1,-0.428,0.335,0.034,0.289,0.159,0.16,0.02,0.0,0.0,0.9,1.91,0.0,1.39,1.37,0.57,0.0,0.0,0.0,1.32,1.74,1.19,0.84,0.0,0.0,0.0,0.0,1.0,1.0,0.0,1.0,1.0,1.0,0.0,0.0,0.0,0.0,1.0,1.0,0.0,0.0,0.17175720113155957,19.828514820833025,26.196373794859472
6563,262.48,0.98,1,-0.42,0.342,0.053,0.307,0.159,0.3,0.01,0.0,0.03,1.03,1.73,0.03,1.59,1.52,0.54,0.0,0.0,0.0,1.09,2.38,1.27,0.62,1.0,0.0,0.0,0.0,1.0,1.0,1.0,1.0,1.0,1.0,0.0,0.0,0.0,0.0,1.0,1.0,0.0,0.0,0.1758503928968895,20.494145505485353,26.931951284673087
6564,262.52,0.98,1,-0.423,0.319,0.059,0.317,0.157,0.38,0.01,0.0,0.03,1.17,1.83,0.03,1.72,1.75,0.64,0.0,0.0,0.0,0.96,2.91,1.2,0.34,1.0,0.0,0.0,0.0,1.0,1.0,1.0,1.0,1.0,1.0,0.0,0.0,0.0,0.0,1.0,1.0,0.0,0.0,0.17904756701957053,20.180436070610515,26.878243990261016
6565,262.56,0.98,1,-0.42,0.32,0.061,0.313,0.16,0.46,0.04,0.0,0.03,1.3,1.91,0.03,1.76,1.91,0.82,0.0,0.0,0.0,0.97,2.95,0.96,0.12,1.0,0.0,0.0,0.0,1.0,1.0,1.0,1.0,1.0,1.0,0.0,0.0,0.0,0.0,1.0,1.0,0.0,0.0,0.17571459490091507,20.259565641938234,27.04403816000852
6566,262.6,0.98,1,-0.417,0.311,0.056,0.313,0.16,0.49,0.08,0.0,0.0,1.34,1.99,0.0,1.76,1.97,0.95,0.0,0.0,0.0,1.07,3.01,0.94,0.14,1.0,0.0,0.0,0.0,1.0,1.0,1.0,1.0,1.0,1.0,0.0,0.0,0.0,0.0,1.0,1.0,0.0,0.0,0.17790457862976392,20.474862636901996,26.363800939925195
6567,262.64,0.98,1,-0.426,0.307,0.057,0.314,0.159,0.56,0.23,0.04,0.0,1.35,1.85,0.0,1.74,1.98,1.13,0.0,0.0,0.0,1.16,2.95,0.97,0.31,1.0,0.0,0.0,0.0,1.0,1.0,1.0,1.0,1.0,1.0,0.0,0.0,0.0,0.0,1.0,1.0,0.0,0.0,0.17882800027997836,20.827865949251812,26.316724720223096
6568,262.68,0.98,1,-0.411,0.319,0.054,0.306,0.157,0.5,0.21,0.04,0.0,1.35,1.82,0.03,1.69,2.0,1.19,0.0,0.0,0.0,0.95,2.99,1.14,0.92,1.0,0.0,0.0,0.0,1.0,1.0,1.0,1.0,1.0,1.0,0.0,0.0,0.0,0.0,1.0,1.0,0.0,0.0,0.1615753517104595,20.402450833172068,26.219458423087236
6569,262.72,0.98,1,-0.363,0.365,0.047,0.329,0.151,0.34,0.16,0.04,0.0,1.2,1.52,0.11,1.45,2.07,1.2,0.0,0.0,0.13,0.57,3.24,1.34,1.72,1.0,0.0,0.0,0.0,1.0,1.0,1.0,1.0,1.0,1.0,0.0,0.0,0.0,0.0,1.0,1.0,0.0,0.0,0.17529237614971244,21.9063917613102,20.436242316042335
6570,262.76,0.98,1,-0.294,0.432,0.081,0.342,0.135,0.11,0.0,0.0,0.0,1.04,1.47,0.13,1.2,2.13,1.12,0.0,0.0,0.31,0.26,3.48,1.68,2.27,0.0,0.0,0.0,0.0,1.0,1.0,1.0,1.0,1.0,1.0,0.0,0.0,1.0,0.0,1.0,1.0,0.0,0.0,0.14248836706238527,20.223006700290732,17.015581094984753
6571,262.8,0.98,1,-0.259,0.488,0.087,0.263,0.133,0.01,0.0,0.1,0.0,0.86,1.66,0.1,0.92,2.17,1.1,0.0,0.01,0.69,0.37,3.52,2.06,2.24,0.0,0.0,0.0,0.0,1.0,1.0,1.0,1.0,1.0,1.0,0.0,0.0,1.0,0.0,1.0,1.0,0.0,0.0,0.11142755991437743,20.025983121934317,17.74964788383142
6572,262.84,0.98,1,-0.12,0.457,0.081,0.168,0.126,0.0,0.0,0.14,0.0,0.94,2.41,0.15,0.81,2.22,1.1,0.0,0.02,0.84,0.61,3.24,2.26,1.74,0.0,0.0,0.0,0.0,1.0,1.0,1.0,1.0,1.0,1.0,0.0,0.0,1.0,0.0,1.0,1.0,0.0,0.0,0.13242843147334463,20.31944881142185,18.17058061813108
6573,262.88,0.98,1,-0.112,0.369,0.098,0.124,0.094,0.0,0.0,0.14,0.0,1.08,3.03,0.23,0.68,2.27,1.09,0.0,0.19,0.96,0.64,3.01,2.23,1.06,0.0,0.0,0.0,0.0,1.0,1.0,1.0,1.0,1.0,1.0,0.0,0.0,1.0,0.0,1.0,1.0,0.0,0.0,0.16127079947629938,22.426992665089845,20.120139164528794
6574,262.92,0.98,1,-0.107,0.364,0.109,0.085,0.072,0.0,0.0,0.03,0.0,1.21,3.34,0.3,0.67,2.32,1.08,0.0,0.24,0.77,0.38,2.93,2.03,0.52,0.0,0.0,0.0,0.0,1.0,1.0,1.0,1.0,1.0,1.0,0.0,0.0,1.0,0.0,1.0,1.0,0.0,0.0,0.15518091321617894,20.819462048765992,20.503902067655318
6575,262.96,0.98,1,-0.081,0.333,0.111,0.066,0.049,0.0,0.0,0.0,0.0,1.23,3.23,0.23,0.84,2.41,1.1,0.0,0.24,0.5,0.14,2.95,1.92,0.29,0.0,0.0,0.0,0.0,1.0,1.0,1.0,1.0,1.0,1.0,0.0,0.0,0.0,0.0,1.0,1.0,0.0,0.0,0.16159587514948057,20.415680248279845,20.408821622033802
6576,263.0,0.98,1,-0.04,0.338,0.132,0.046,0.03,0.0,0.0,0.0,0.0,1.21,3.18,0.16,1.07,2.49,1.11,0.0,0.17,0.27,0.0,2.97,1.85,0.24,0.0,0.0,0.0,0.0,1.0,1.0,1.0,1.0,1.0,1.0,0.0,0.0,0.0,0.0,1.0,1.0,0.0,0.0,0.18624583715479376,19.80403999188063,19.00657780874821
6577,263.04,0.98,1,-0.025,0.336,0.137,0.031,0.021,0.0,0.0,0.0,0.0,1.18,3.05,0.1,1.26,2.6,1.06,0.0,0.18,0.15,0.0,3.02,1.64,0.18,0.0,0.0,0.0,0.0,1.0,1.0,1.0,1.0,1.0,1.0,0.0,0.0,0.0,0.0,1.0,1.0,0.0,0.0,0.19076077675248976,20.10223868130128,19.70101520226795
6578,263.08,0.98,1,-0.02,0.324,0.131,0.016,0.018,0.0,0.0,0.0,0.0,1.09,2.98,0.09,1.36,2.62,1.08,0.0,0.26,0.17,0.0,3.03,1.49,0.04,0.0,0.0,0.0,0.0,1.0,1.0,1.0,1.0,1.0,1.0,0.0,0.0,0.0,0.0,1.0,1.0,0.0,0.0,0.19595402081186486,20.8002403832263,20.200247523235763
6579,263.12,0.98,1,-0.012,0.32,0.131,0.011,0.014,0.0,0.0,0.0,0.0,0.99,2.74,0.06,1.35,2.64,1.08,0.0,0.31,0.1,0.0,3.03,1.34,0.04,0.0,0.0,0.0,0.0,1.0,1.0,1.0,1.0,1.0,1.0,0.0,0.0,0.0,0.0,1.0,1.0,0.0,0.0,0.1945471676521674,21.00095235935742,20.900239233080654
6580,263.16,0.98,1,-0.015,0.324,0.13,0.006,0.01,0.0,0.0,0.0,0.0,0.88,2.69,0.08,1.37,2.6,1.16,0.0,0.39,0.04,0.0,2.93,1.25,0.01,0.0,0.0,0.0,0.0,1.0,1.0,0.0,1.0,1.0,1.0,0.0,0.0,0.0,0.0,1.0,1.0,0.0,0.0,0.18916933594614996,20.60218435020899,20.4009803685998
6581,263.2,0.98,1,-0.015,0.321,0.126,-0.0,0.008,0.0,0.0,0.0,0.0,0.88,2.79,0.04,1.27,2.57,1.21,0.0,0.38,0.0,0.0,2.83,1.05,0.01,0.0,0.0,0.0,0.0,1.0,1.0,0.0,1.0,1.0,1.0,0.0,0.0,0.0,0.0,1.0,1.0,0.0,0.0,0.1890028048138771,20.603883129157868,20.59999999999991
6582,263.24,0.98,1,-0.007,0.324,0.129,-0.006,0.002,0.0,0.0,0.0,0.0,1.01,2.88,0.04,1.47,2.62,1.34,0.0,0.24,0.0,0.0,2.61,0.82,0.01,0.0,0.0,0.0,0.0,1.0,1.0,0.0,1.0,1.0,1.0,0.0,0.0,0.0,0.0,1.0,1.0,0.0,0.0,0.1895609366241482,21.3037555374633,20.799999999999955
6583,263.28,0.98,1,0.004,0.299,0.094,-0.009,-0.028,0.0,0.0,0.0,0.0,1.09,3.02,0.0,1.52,2.7,1.29,0.0,0.09,0.0,0.0,2.57,0.7,0.01,0.0,0.0,0.0,0.0,1.0,1.0,0.0,1.0,1.0,1.0,0.0,0.0,0.0,0.0,1.0,1.0,0.0,0.0,0.188323791415886,21.100236965493924,20.61552812808821
6584,263.32,0.98,1,-0.009,0.317,0.105,0.008,-0.031,0.0,0.0,0.0,0.0,1.15,2.96,0.0,1.57,2.75,1.26,0.0,0.1,0.0,0.0,2.49,0.63,0.0,0.0,0.0,0.0,0.0,1.0,1.0,0.0,1.0,1.0,1.0,0.0,0.0,0.0,0.0,1.0,0.0,0.0,0.0,0.18497202481786362,20.60606706773531,20.503902067655318
6585,263.36,0.98,1,-0.009,0.312,0.111,-0.0,-0.014,0.0,0.0,0.0,0.0,1.02,2.9,0.0,1.4,2.72,1.25,0.0,0.2,0.0,0.0,2.62,0.62,0.0,0.0,0.0,0.0,0.0,1.0,1.0,0.0,1.0,1.0,1.0,0.0,0.0,0.0,0.0,1.0,0.0,0.0,0.0,0.1855806084931271,21.005951537600005,20.700241544484495
6586,263.4,0.98,1,-0.009,0.318,0.118,-0.009,-0.011,0.0,0.0,0.0,0.0,1.01,2.77,0.0,1.41,2.68,1.35,0.0,0.2,0.0,0.0,2.52,0.5,0.0,0.0,0.0,0.0,0.0,1.0,1.0,0.0,1.0,1.0,1.0,0.0,0.0,0.0,0.0,1.0,0.0,0.0,0.0,0.1883632318986856,20.919369015340877,20.90000000000009
6587,263.44,0.98,1,-0.001,0.298,0.099,-0.014,-0.044,0.0,0.0,0.0,0.0,1.06,2.8,0.03,1.45,2.68,1.43,0.0,0.1,0.0,0.0,2.46,0.33,0.0,0.0,0.0,0.0,0.0,1.0,1.0,0.0,1.0,1.0,1.0,0.0,0.0,0.0,0.0,1.0,0.0,0.0,0.0,0.2039749624424541,21.105923339195474,20.60218435020899
6588,263.48,0.98,1,-0.003,0.306,0.1,0.002,-0.047,0.0,0.0,0.0,0.0,1.05,2.79,0.07,1.45,2.65,1.37,0.0,0.17,0.0,0.0,2.36,0.27,0.01,0.0,0.0,0.0,0.0,1.0,1.0,0.0,1.0,1.0,1.0,0.0,0.0,0.0,0.0,1.0,0.0,0.0,0.0,0.1918238122057521,21.323461257497527,21.400934559032788
6589,263.52,0.98,1,-0.005,0.308,0.102,-0.002,-0.035,0.0,0.0,0.0,0.0,0.97,2.8,0.07,1.32,2.64,1.25,0.0,0.3,0.0,0.0,2.44,0.28,0.01,0.0,0.0,0.0,0.0,1.0,1.0,0.0,1.0,1.0,1.0,0.0,0.0,0.0,0.0,1.0,0.0,0.0,0.0,0.18320640555365836,21.43361845326155,21.00380917833715
6590,263.56,0.98,1,-0.009,0.31,0.108,-0.01,-0.031,0.0,0.0,0.0,0.0,0.87,2.65,0.06,1.23,2.58,1.21,0.0,0.46,0.0,0.0,2.48,0.39,0.01,0.0,0.0,0.0,0.0,1.0,1.0,0.0,1.0,1.0,1.0,0.0,0.0,0.0,0.0,1.0,0.0,0.0,0.0,0.18661679474115322,21.433618453261776,21.21155345560532
6591,263.6,0.98,1,-0.006,0.312,0.105,-0.011,-0.029,0.0,0.0,0.0,0.0,0.86,2.67,0.02,1.15,2.56,1.13,0.0,0.43,0.0,0.0,2.39,0.31,0.0,0.0,0.0,0.0,0.0,1.0,1.0,0.0,1.0,1.0,1.0,0.0,0.0,0.0,0.0,1.0,0.0,0.0,0.0,0.1843308455454738,21.123683390924175,21.005951537600005
6592,263.64,0.98,1,0.007,0.305,0.107,-0.012,-0.03,0.0,0.0,0.0,0.0,0.93,2.94,0.05,1.23,2.59,1.2,0.0,0.33,0.0,0.0,2.34,0.21,0.0,0.0,0.0,0.0,0.0,1.0,1.0,0.0,1.0,1.0,1.0,0.0,0.0,0.0,0.0,1.0,0.0,0.0,0.0,0.18881979270148536,21.25299978826523,21.508370463612533
6593,263.68,0.98,1,0.009,0.306,0.09,-0.005,-0.047,0.0,0.0,0.0,0.0,0.93,3.07,0.03,1.37,2.62,1.22,0.0,0.35,0.0,0.0,2.35,0.08,0.0,0.0,0.0,0.0,0.0,1.0,1.0,0.0,1.0,1.0,1.0,0.0,0.0,0.0,0.0,1.0,0.0,0.0,0.0,0.19144965897485844,20.640978658968574,21.40840956259932
6594,263.72,0.98,1,0.01,0.298,0.103,-0.011,-0.041,0.0,0.0,0.0,0.0,1.01,3.19,0.05,1.46,2.63,1.36,0.0,0.29,0.0,0.0,2.36,0.01,0.0,0.0,0.0,0.0,0.0,1.0,1.0,0.0,1.0,1.0,1.0,0.0,0.0,0.0,0.0,1.0,0.0,0.0,0.0,0.19113888277776353,21.046614929722068,22.005681084665387
6595,263.76,0.98,1,0.01,0.291,0.092,-0.006,-0.057,0.0,0.0,0.0,0.0,0.9,2.87,0.03,1.41,2.48,1.34,0.0,0.42,0.0,0.0,2.2,0.1,0.0,0.0,0.0,0.0,0.0,1.0,1.0,0.0,1.0,1.0,1.0,0.0,0.0,0.0,0.0,1.0,0.0,0.0,0.0,0.19142642967034423,20.54774926847221,22.605530296810024
6596,263.8,0.98,1,0.011,0.3,0.097,-0.015,-0.048,0.0,0.0,0.0,0.0,0.88,2.72,0.07,1.28,2.29,1.29,0.0,0.43,0.02,0.0,1.65,0.09,0.0,0.0,0.0,0.0,0.0,1.0,1.0,0.0,1.0,1.0,1.0,0.0,1.0,0.0,0.0,1.0,0.0,0.0,0.0,0.19276768864659505,20.95375861271658,22.005681084665387
6597,263.84,0.98,1,0.014,0.295,0.066,-0.01,-0.07,0.05,0.0,0.0,0.0,0.74,2.7,0.12,1.1,2.03,1.22,0.0,0.6,0.02,0.0,1.07,0.09,0.0,0.0,0.0,0.0,0.0,1.0,1.0,0.0,0.0,1.0,1.0,0.0,1.0,0.0,0.0,0.0,0.0,0.0,0.0,0.18238910040583284,20.940391591371785,21.922819161777394
6598,263.88,0.98,1,0.01,0.317,0.086,-0.008,-0.072,0.05,0.0,0.0,0.0,0.64,2.8,0.12,0.92,1.81,1.17,0.0,0.77,0.02,0.12,0.47,0.0,0.0,0.0,0.0,0.0,0.0,1.0,1.0,0.0,0.0,1.0,1.0,0.0,1.0,0.0,0.0,0.0,0.0,0.0,0.0,0.2009225193124713,20.063897926375127,22.144299492194516
6599,263.92,0.98,1,0.008,0.316,0.081,-0.014,-0.066,0.05,0.0,0.0,0.0,0.49,2.79,0.1,0.77,1.7,1.17,0.1,0.86,0.0,0.18,0.29,0.0,0.0,0.0,0.0,0.0,0.0,1.0,1.0,0.0,0.0,1.0,1.0,0.0,1.0,0.0,0.0,0.0,0.0,0.0,0.0,0.19106661825207752,21.552262062252307,21.851544567833365
6600,263.96,0.98,1,0.008,0.307,0.082,-0.012,-0.084,0.0,0.0,0.0,0.0,0.48,2.58,0.09,0.74,1.64,1.16,0.13,0.92,0.0,0.18,0.19,0.0,0.0,0.0,0.0,0.0,0.0,1.0,1.0,0.0,0.0,1.0,1.0,0.0,1.0,0.0,0.0,0.0,0.0,0.0,0.0,0.2086750805540119,20.946837470129083,21.838727069131064
6601,264.0,0.98,1,0.012,0.304,0.082,-0.009,-0.076,0.0,0.0,0.0,0.02,0.48,2.45,0.06,0.76,1.65,1.13,0.14,0.92,0.0,0.18,0.22,0.03,0.0,0.0,0.0,0.0,0.0,1.0,1.0,0.0,0.0,1.0,1.0,0.0,1.0,0.0,0.0,0.0,0.0,0.0,0.0,0.20204102064233886,21.639085008382537,22.051077071199945
6602,264.04,0.98,1,-0.0,0.31,0.074,-0.014,-0.067,0.02,0.0,0.0,0.02,0.53,2.47,0.05,0.83,1.65,1.18,0.13,0.87,0.0,0.22,0.23,0.03,0.0,0.0,0.0,0.0,0.0,1.0,1.0,0.0,0.0,1.0,1.0,0.0,1.0,0.0,0.0,0.0,0.0,0.0,0.0,0.19418938138148947,21.319005605327796,21.433618453261783
6603,264.08,0.98,1,0.004,0.296,0.075,-0.012,-0.086,0.02,0.0,0.0,0.02,0.54,2.36,0.1,0.81,1.66,1.11,0.12,0.81,0.0,0.24,0.28,0.03,0.0,0.0,0.0,0.0,0.0,1.0,1.0,0.0,0.0,1.0,1.0,0.0,1.0,0.0,0.0,0.0,0.0,0.0,0.0,0.21007659060177486,21.42335174523361,21.33377603707319
6604,264.12,0.98,1,0.009,0.296,0.074,-0.009,-0.078,0.02,0.0,0.0,0.0,0.6,2.33,0.24,0.85,1.72,1.19,0.11,0.75,0.0,0.12,0.37,0.0,0.0,0.0,0.0,0.0,0.0,1.0,1.0,0.0,0.0,1.0,1.0,0.0,1.0,0.0,0.0,0.0,0.0,0.0,0.0,0.19810868501344797,21.858636736997067,22.95582714693601
6605,264.16,0.98,1,0.004,0.292,0.064,-0.011,-0.072,0.0,0.0,0.0,0.0,0.6,2.33,0.3,0.82,1.73,1.08,0.02,0.89,0.0,0.02,0.39,0.0,0.0,0.0,0.0,0.0,0.0,1.0,1.0,0.0,0.0,1.0,1.0,0.0,1.0,0.0,0.0,0.0,0.0,0.0,0.0,0.19624752914492266,22.480435938833658,22.842942017174536
6606,264.2,0.98,1,0.003,0.294,0.066,-0.01,-0.071,0.0,0.0,0.0,0.0,0.58,2.41,0.26,0.9,1.8,1.05,0.0,0.95,0.0,0.0,0.4,0.0,0.0,0.0,0.0,0.0,0.0,1.0,1.0,0.0,0.0,1.0,1.0,0.0,1.0,0.0,0.0,0.0,0.0,0.0,0.0,0.1933909531663669,22.073513539987246,22.2272355456094
6607,264.24,0.98,1,-0.002,0.301,0.068,-0.01,-0.069,0.0,0.0,0.0,0.0,0.58,2.34,0.2,0.87,1.81,0.98,0.0,0.94,0.0,0.0,0.4,0.0,0.0,0.0,0.0,0.0,0.0,1.0,1.0,0.0,0.0,1.0,1.0,0.0,1.0,0.0,0.0,0.0,0.0,0.0,0.0,0.19391646102783294,21.64532282041541,22.21823575354267
6608,264.28,0.98,1,-0.006,0.303,0.074,-0.007,-0.07,0.0,0.0,0.0,0.0,0.6,2.29,0.13,0.98,1.88,1.04,0.0,0.87,0.0,0.02,0.48,0.0,0.0,0.0,0.0,0.0,0.0,1.0,1.0,0.0,0.0,1.0,1.0,0.0,1.0,0.0,0.0,0.0,0.0,0.0,0.0,0.19553960271580578,21.82773465112672,21.41144553737566
6609,264.32,0.98,1,-0.013,0.304,0.07,-0.014,-0.061,0.0,0.0,0.0,0.0,0.56,2.36,0.17,1.02,1.91,1.06,0.02,0.78,0.0,0.02,0.62,0.0,0.0,0.0,0.0,0.0,0.0,1.0,1.0,0.0,0.0,1.0,1.0,0.0,1.0,0.0,0.0,0.0,0.0,0.0,0.0,0.19423970655724185,21.822923727126895,21.50581316760657
6610,264.36,0.98,1,-0.017,0.301,0.072,-0.004,-0.062,0.0,0.0,0.0,0.0,0.58,2.52,0.14,1.15,1.93,1.17,0.02,0.72,0.0,0.02,0.65,0.0,0.0,0.0,0.0,0.0,0.0,1.0,1.0,0.0,1.0,1.0,1.0,0.0,1.0,0.0,0.0,0.0,0.0,0.0,0.0,0.1970124351993528,22.01454064930722,20.911719202399496
6611,264.4,0.98,1,-0.02,0.3,0.07,-0.013,-0.056,0.0,0.0,0.0,0.0,0.59,2.44,0.21,1.13,1.99,1.15,0.02,0.64,0.0,0.0,0.75,0.0,0.0,0.0,0.0,0.0,0.0,1.0,1.0,0.0,1.0,1.0,1.0,0.0,1.0,0.0,0.0,0.0,0.0,0.0,0.0,0.19425180177349244,21.83300254202335,21.70575960430784
6612,264.44,0.98,1,-0.017,0.309,0.077,-0.005,-0.06,0.0,0.0,0.0,0.0,0.62,2.51,0.22,1.15,1.98,1.16,0.0,0.66,0.0,0.0,0.73,0.02,0.0,0.0,0.0,0.0,0.0,1.0,1.0,0.0,1.0,1.0,1.0,0.0,1.0,0.0,0.0,0.0,0.0,0.0,0.0,0.19682172918301288,22.244100341438894,20.806008747474806
6613,264.48,0.98,1,-0.03,0.3,0.067,-0.01,-0.042,0.0,0.0,0.0,0.11,0.67,2.36,0.27,1.12,2.02,1.12,0.0,0.66,0.0,0.0,0.81,0.02,0.0,0.0,0.0,0.0,0.0,1.0,1.0,1.0,1.0,1.0,1.0,0.0,1.0,0.0,0.0,0.0,0.0,0.0,0.0,0.19527890226238062,22.114474897677223,21.708293346092457
6614,264.52,0.98,1,-0.025,0.304,0.073,-0.001,-0.056,0.0,0.0,0.0,0.11,0.63,2.47,0.34,1.13,1.98,1.02,0.0,0.67,0.0,0.0,0.81,0.04,0.0,0.0,0.0,0.0,0.0,1.0,1.0,1.0,1.0,1.0,1.0,0.0,1.0,0.0,0.0,0.0,0.0,0.0,0.0,0.19606525128652524,21.932852071721182,20.708693826506824
6615,264.56,0.98,1,-0.024,0.306,0.082,-0.01,-0.042,0.0,0.0,0.0,0.11,0.67,2.44,0.35,1.17,2.03,1.06,0.0,0.55,0.0,0.0,0.92,0.05,0.0,0.0,0.0,0.0,0.0,1.0,1.0,1.0,1.0,1.0,1.0,0.0,1.0,0.0,0.0,0.0,0.0,0.0,0.0,0.19968744787386206,21.718655575334353,20.70386437358982
6616,264.6,0.98,1,-0.018,0.296,0.071,-0.0,-0.055,0.0,0.0,0.0,0.0,0.65,2.61,0.37,1.12,2.02,1.0,0.0,0.53,0.0,0.0,1.03,0.14,0.0,0.0,0.0,0.0,0.0,1.0,1.0,1.0,1.0,1.0,1.0,0.0,1.0,0.0,0.0,1.0,0.0,0.0,0.0,0.1965842554254284,21.72302925468734,20.702173798903384
6617,264.64,0.98,1,-0.033,0.305,0.081,-0.007,-0.039,0.0,0.0,0.0,0.0,0.74,2.58,0.35,1.22,2.04,1.16,0.0,0.46,0.0,0.0,1.2,0.22,0.0,0.0,0.0,0.0,0.0,1.0,1.0,1.0,1.0,1.0,1.0,0.0,1.0,0.0,0.0,1.0,0.0,0.0,0.0,0.19915951573340185,22.02271554554524,21.50209292138791
6618,264.68,0.98,1,-0.028,0.303,0.073,0.002,-0.047,0.0,0.0,0.0,0.0,0.77,2.5,0.36,1.22,2.02,1.06,0.0,0.46,0.0,0.0,1.41,0.27,0.0,0.0,0.0,0.0,0.0,1.0,1.0,1.0,1.0,1.0,1.0,0.0,1.0,0.0,0.0,1.0,0.0,0.0,0.0,0.19703494918417191,22.027482833950867,20.506096654409877
6619,264.72,0.98,1,-0.031,0.31,0.085,-0.008,-0.035,0.0,0.0,0.0,0.0,0.78,2.52,0.34,1.32,2.01,1.1,0.0,0.37,0.0,0.0,1.53,0.25,0.0,0.0,0.0,0.0,0.0,1.0,1.0,1.0,1.0,1.0,1.0,0.0,0.0,0.0,0.0,1.0,0.0,0.0,0.0,0.2012392568557377,21.927608168698978,20.800961516237837
6620,264.76,0.98,1,-0.03,0.308,0.08,0.003,-0.047,0.0,0.0,0.0,0.0,0.82,2.58,0.27,1.22,2.03,1.02,0.0,0.35,0.0,0.0,1.71,0.29,0.0,0.0,0.0,0.0,0.0,1.0,1.0,1.0,1.0,1.0,1.0,0.0,0.0,0.0,0.0,1.0,0.0,0.0,0.0,0.19392172538552843,21.73315439599144,21.005951537600005
6621,264.8,0.98,1,-0.031,0.302,0.094,-0.009,-0.033,0.0,0.0,0.0,0.0,0.83,2.74,0.24,1.26,2.04,1.12,0.0,0.28,0.0,0.0,1.82,0.36,0.0,0.0,0.0,0.0,0.0,1.0,1.0,1.0,1.0,1.0,1.0,0.0,0.0,0.0,0.0,1.0,0.0,0.0,0.0,0.19177417479992276,21.914607000810992,21.602083232873767
6622,264.84,0.98,1,-0.032,0.313,0.089,0.002,-0.045,0.0,0.0,0.0,0.0,0.86,2.78,0.21,1.22,2.07,1.13,0.0,0.26,0.0,0.0,2.02,0.45,0.0,0.0,0.0,0.0,0.0,1.0,1.0,1.0,1.0,1.0,1.0,0.0,0.0,0.0,0.0,1.0,0.0,0.0,0.0,0.19394896975572168,21.738905216224488,21.103791128609952
6623,264.88,0.98,1,-0.02,0.305,0.106,-0.009,-0.032,0.01,0.0,0.0,0.0,0.88,2.95,0.25,1.33,2.13,1.15,0.0,0.23,0.0,0.0,2.09,0.54,0.14,0.0,0.0,0.0,0.0,1.0,1.0,1.0,1.0,1.0,1.0,0.0,0.0,0.0,0.0,1.0,0.0,0.0,0.0,0.1967996850167175,21.51139233057684,21.31501817967787
6624,264.92,0.98,1,-0.033,0.341,0.112,-0.008,-0.027,0.15,0.0,0.0,0.0,0.81,2.65,0.25,1.36,2.21,1.26,0.0,0.26,0.0,0.0,2.17,0.61,0.75,0.0,0.0,0.0,0.0,1.0,1.0,1.0,1.0,1.0,1.0,0.0,0.0,0.0,0.0,1.0,0.0,0.0,0.0,0.15741025431611733,20.300985197768295,17.822738285684338
6625,264.96,0.98,1,-0.018,0.424,0.097,-0.026,-0.018,0.3,0.0,0.0,0.0,0.68,2.18,0.25,1.44,2.25,1.42,0.0,0.2,0.0,0.0,2.35,0.66,1.45,0.0,0.0,0.0,0.0,1.0,1.0,1.0,1.0,1.0,1.0,0.0,0.0,0.0,0.0,1.0,0.0,0.0,1.0,0.15437775960517702,17.035551062410633,18.527007313648905
6626,265.0,0.98,1,-0.018,0.445,0.103,-0.018,-0.033,0.38,0.0,0.0,0.0,0.67,2.06,0.23,1.5,2.23,1.57,0.0,0.08,0.0,0.0,2.5,0.67,1.74,0.0,0.0,0.0,0.0,1.0,1.0,1.0,1.0,1.0,1.0,0.0,0.0,0.0,0.0,1.0,0.0,0.0,1.0,0.1644516338820392,16.551132891738856,20.97736875778284
6627,265.04,0.98,1,-0.035,0.385,0.075,0.001,-0.035,0.25,0.0,0.0,0.0,0.78,2.32,0.31,1.53,2.21,1.53,0.0,0.05,0.0,0.0,2.56,0.8,1.54,0.0,0.0,0.0,0.0,1.0,1.0,1.0,1.0,1.0,1.0,0.0,0.0,0.0,0.0,1.0,1.0,0.0,1.0,0.14888605715258035,17.93376703316967,19.31657319505732
6628,265.08,0.98,1,-0.019,0.374,0.104,-0.014,-0.019,0.1,0.0,0.0,0.0,0.99,2.86,0.28,1.6,2.24,1.48,0.0,0.04,0.0,0.0,2.5,0.83,1.13,0.0,0.0,0.0,0.0,1.0,1.0,0.0,1.0,1.0,1.0,0.0,0.0,0.0,0.0,1.0,1.0,0.0,1.0,0.15031971505288472,17.607100840286137,19.65731416038329
6629,265.12,0.98,1,-0.023,0.377,0.106,-0.008,-0.032,0.0,0.0,0.0,0.0,0.96,2.97,0.26,1.54,2.25,1.48,0.0,0.09,0.0,0.0,2.49,0.94,0.76,0.0,0.0,0.0,0.0,1.0,1.0,0.0,1.0,1.0,1.0,0.0,0.0,0.0,0.0,1.0,1.0,0.0,1.0,0.15745413769910238,16.315023751131918,17.833956375409194
6630,265.16,0.98,1,0.001,0.337,0.112,-0.011,-0.018,0.08,0.0,0.0,0.0,0.99,3.12,0.14,1.56,2.29,1.43,0.0,0.05,0.0,0.0,2.6,0.83,0.4,0.0,0.0,0.0,0.0,1.0,1.0,1.0,1.0,1.0,1.0,0.0,0.0,0.0,0.0,1.0,1.0,0.0,0.0,0.15889315879047242,17.20116275139566,17.30260096054921
6631,265.2,0.98,1,0.002,0.322,0.107,0.001,-0.032,0.08,0.0,0.0,0.0,0.9,3.1,0.1,1.43,2.29,1.34,0.0,0.06,0.0,0.0,2.66,0.93,0.11,0.0,0.0,0.0,0.0,1.0,1.0,0.0,1.0,1.0,1.0,0.0,0.0,0.0,0.0,1.0,1.0,0.0,0.0,0.16913917905622067,19.1002617783107,17.900279327429594
6632,265.24,0.98,1,-0.01,0.313,0.119,-0.005,-0.018,0.08,0.0,0.0,0.0,0.9,3.16,0.07,1.44,2.32,1.22,0.0,0.02,0.0,0.0,2.71,0.93,0.08,0.0,0.0,0.0,0.0,1.0,1.0,0.0,1.0,1.0,1.0,0.0,0.0,0.0,0.0,1.0,1.0,0.0,0.0,0.1801068276400268,18.59999999999991,18.90105817143589
6633,265.28,0.98,1,-0.007,0.311,0.124,-0.009,-0.012,0.01,0.0,0.0,0.0,0.85,2.97,0.04,1.36,2.33,1.26,0.0,0.04,0.0,0.0,2.68,0.95,0.03,0.0,0.0,0.0,0.0,1.0,1.0,0.0,1.0,1.0,1.0,0.0,0.0,0.0,0.0,1.0,1.0,0.0,0.0,0.19094385074528297,19.200000000000045,19.602295783912794
6634,265.32,0.98,1,-0.001,0.305,0.112,-0.002,-0.028,0.01,0.0,0.0,0.0,0.82,2.9,0.04,1.37,2.33,1.22,0.0,0.06,0.0,0.0,2.69,0.99,0.03,0.0,0.0,0.0,0.0,1.0,1.0,0.0,1.0,1.0,1.0,0.0,0.0,0.0,0.0,1.0,1.0,0.0,0.0,0.19556948160200907,18.80106379968959,19.600000000000136
6635,265.36,0.98,1,-0.005,0.307,0.126,-0.009,-0.016,0.01,0.0,0.0,0.0,0.8,2.66,0.0,1.34,2.35,1.19,0.0,0.11,0.0,0.0,2.68,1.02,0.0,0.0,0.0,0.0,0.0,1.0,1.0,0.0,1.0,1.0,1.0,0.0,0.0,0.0,0.0,1.0,1.0,0.0,0.0,0.20362034385348743,19.401030900444532,19.801010075246115
6636,265.4,0.98,1,-0.014,0.301,0.122,-0.006,-0.008,0.0,0.0,0.0,0.0,0.77,2.66,0.01,1.34,2.32,1.12,0.0,0.19,0.0,0.0,2.67,1.04,0.18,0.0,0.0,0.0,0.0,1.0,1.0,0.0,1.0,1.0,1.0,0.0,0.0,0.0,0.0,1.0,1.0,0.0,0.0,0.20335832131419682,19.202343606966355,20.10099500024803
6637,265.44,0.98,1,0.007,0.335,0.11,-0.011,-0.004,0.0,0.0,0.0,0.0,0.78,2.53,0.0,1.36,2.34,1.18,0.0,0.21,0.0,0.0,2.62,0.95,0.51,0.0,0.0,0.0,0.0,1.0,1.0,0.0,1.0,1.0,1.0,0.0,0.0,0.0,0.0,1.0,1.0,0.0,0.0,0.1832519581428531,19.30414463269477,19.606376513777484
6638,265.48,0.98,1,0.03,0.369,0.097,-0.007,-0.019,0.0,0.0,0.0,0.0,0.73,2.54,0.0,1.23,2.25,1.24,0.0,0.24,0.0,0.0,2.58,0.9,0.71,0.0,0.0,0.0,0.0,1.0,1.0,0.0,1.0,1.0,1.0,0.0,0.0,0.0,0.0,1.0,1.0,0.0,0.0,0.1672550812183366,18.417383093154235,20.329781110479228
6639,265.52,0.98,1,0.031,0.36,0.093,-0.01,-0.007,0.0,0.0,0.0,0.0,0.75,2.62,0.0,1.24,2.26,1.33,0.0,0.2,0.0,0.0,2.57,0.9,0.86,0.0,0.0,0.0,0.0,1.0,1.0,0.0,1.0,1.0,1.0,0.0,0.0,0.0,0.0,1.0,1.0,0.0,0.0,0.16797786010430926,18.701069488133605,19.358202395883723
6640,265.56,0.98,1,0.034,0.38,0.097,-0.008,-0.021,0.0,0.0,0.0,0.0,0.69,2.66,0.0,1.18,2.2,1.33,0.0,0.25,0.0,0.0,2.54,0.93,0.87,0.0,0.0,0.0,0.0,1.0,1.0,0.0,1.0,1.0,1.0,0.0,0.0,0.0,0.0,1.0,1.0,0.0,0.0,0.1661734671163192,18.413310403075364,18.645374761586456
6641,265.6,0.98,1,0.031,0.365,0.093,-0.01,-0.008,0.0,0.0,0.0,0.0,0.77,2.83,0.0,1.26,2.23,1.34,0.0,0.15,0.0,0.0,2.51,0.9,0.9,0.0,0.0,0.0,0.0,1.0,1.0,0.0,1.0,1.0,1.0,0.0,0.0,0.0,0.0,1.0,1.0,0.0,0.0,0.16056177313104292,18.50027026829608,19.059118552545918
6642,265.64,0.98,1,0.042,0.364,0.092,-0.003,-0.02,0.0,0.0,0.0,0.04,0.73,2.7,0.0,1.19,2.22,1.35,0.0,0.17,0.0,0.0,2.47,1.0,0.75,0.0,0.0,0.0,0.0,1.0,1.0,0.0,1.0,1.0,1.0,0.0,0.0,0.0,0.0,1.0,1.0,0.0,0.0,0.17039370372425333,18.20027472320111,19.158809983921145
6643,265.68,0.98,1,0.041,0.352,0.095,-0.005,-0.006,0.07,0.0,0.0,0.04,0.75,2.82,0.0,1.22,2.22,1.45,0.0,0.21,0.0,0.0,2.53,0.97,0.61,0.0,0.0,0.0,0.0,1.0,1.0,0.0,1.0,1.0,1.0,0.0,0.0,0.0,0.0,1.0,1.0,0.0,0.0,0.17165902521580087,18.40027173712375,19.75702406740453
6644,265.72,0.98,1,0.054,0.363,0.103,-0.008,-0.001,0.24,0.01,0.0,0.04,0.65,2.65,0.0,1.29,2.25,1.53,0.03,0.21,0.0,0.0,2.5,0.95,0.96,0.0,0.0,0.0,0.0,1.0,1.0,0.0,1.0,1.0,1.0,0.0,0.0,0.0,0.0,1.0,1.0,0.0,0.0,0.17586677343098395,18.401086924418443,19.4435079139543
6645,265.76,0.98,1,0.008,0.391,0.085,-0.016,-0.034,0.62,0.25,0.0,0.0,0.57,2.3,0.0,1.35,2.33,1.72,0.03,0.12,0.0,0.0,2.57,0.83,1.63,0.0,0.0,0.0,0.0,1.0,1.0,0.0,1.0,1.0,1.0,0.0,0.0,0.0,0.0,1.0,1.0,0.0,1.0,0.1820711158306123,20.302216627748,20.923909768491985
6646,265.8,0.98,1,-0.007,0.426,0.101,-0.019,-0.031,0.66,0.31,0.0,0.0,0.62,2.01,0.03,1.37,2.39,1.7,0.03,0.02,0.0,0.0,2.51,0.71,2.09,0.0,0.0,0.0,0.0,1.0,1.0,0.0,1.0,1.0,1.0,0.0,0.0,0.0,0.0,1.0,1.0,0.0,1.0,0.16885014057711115,17.592327873252017,19.582900704441112
6647,265.84,0.98,1,-0.035,0.412,0.077,-0.01,-0.03,0.51,0.29,0.0,0.0,0.72,2.01,0.03,1.31,2.36,1.54,0.0,0.12,0.0,0.0,2.55,0.81,2.0,0.0,0.0,0.0,0.0,1.0,1.0,0.0,1.0,1.0,1.0,0.0,0.0,0.0,0.0,1.0,1.0,0.0,1.0,0.1559769463241361,16.949926253526748,19.806312125178636
6648,265.88,0.98,1,-0.024,0.369,0.101,-0.009,-0.014,0.13,0.06,0.0,0.0,0.87,2.5,0.04,1.38,2.29,1.28,0.0,0.2,0.0,0.0,2.44,0.96,1.42,0.0,0.0,0.0,0.0,1.0,1.0,0.0,1.0,1.0,1.0,0.0,0.0,0.0,0.0,1.0,1.0,0.0,1.0,0.17239231968259844,17.799999999999955,19.764867821465486
6649,265.92,0.98,1,-0.016,0.35,0.105,-0.015,-0.006,0.02,0.0,0.0,0.0,0.97,2.89,0.09,1.48,2.28,1.27,0.0,0.19,0.0,0.0,2.35,1.05,0.77,0.0,0.0,0.0,0.0,1.0,1.0,0.0,1.0,1.0,1.0,0.0,0.0,0.0,0.0,1.0,1.0,0.0,0.0,0.1529709451692008,17.000294115102832,18.752333188166258
6650,265.96,0.98,1,-0.024,0.317,0.089,-0.013,-0.035,0.03,0.0,0.0,0.0,1.0,3.05,0.18,1.54,2.26,1.2,0.0,0.09,0.0,0.0,2.39,0.97,0.27,0.0,0.0,0.0,0.0,1.0,1.0,0.0,1.0,1.0,1.0,0.0,0.0,0.0,0.0,1.0,1.0,0.0,0.0,0.1672241147499352,19.799999999999955,19.60025510038062
6651,266.0,0.98,1,0.001,0.316,0.099,-0.001,-0.035,0.03,0.0,0.0,0.0,0.93,3.0,0.21,1.4,2.22,1.11,0.0,0.1,0.0,0.0,2.4,0.89,0.0,0.0,0.0,0.0,0.0,1.0,1.0,0.0,1.0,1.0,1.0,0.0,0.0,0.0,0.0,1.0,1.0,0.0,0.0,0.17986479999246424,20.203960007879687,20.102238681301056
6652,266.04,0.98,1,0.006,0.292,0.102,-0.007,-0.015,0.03,0.0,0.0,0.0,0.78,2.72,0.17,1.22,2.14,0.8,0.0,0.1,0.0,0.0,2.49,1.13,0.0,0.0,0.0,0.0,0.0,1.0,1.0,0.0,1.0,1.0,1.0,0.0,0.0,0.0,0.0,1.0,1.0,0.0,0.0,0.1980762611713389,19.70634415613413,21.315018179677867
6653,266.08,0.98,1,0.003,0.286,0.105,-0.009,-0.009,0.0,0.0,0.0,0.0,0.72,2.55,0.09,1.21,2.15,0.85,0.0,0.17,0.0,0.0,2.42,1.19,0.0,0.0,0.0,0.0,0.0,1.0,1.0,1.0,1.0,1.0,1.0,0.0,0.0,0.0,0.0,1.0,1.0,0.0,0.0,0.20927492442835596,19.620652384668695,21.71128738697897
6654,266.12,0.98,1,0.0,0.287,0.091,-0.017,-0.033,0.0,0.0,0.0,0.05,0.81,2.5,0.07,1.38,2.2,0.85,0.0,0.09,0.0,0.0,2.43,1.16,0.0,0.0,0.0,0.0,0.0,1.0,1.0,0.0,1.0,1.0,1.0,0.0,0.0,0.0,0.0,1.0,1.0,0.0,0.0,0.20626700947128496,20.603883129157868,21.903652663425888
6655,266.16,0.98,1,0.014,0.286,0.09,-0.013,-0.045,0.0,0.0,0.0,0.1,0.89,2.58,0.14,1.54,2.21,1.04,0.0,0.07,0.0,0.0,2.46,0.89,0.0,0.0,0.0,0.0,0.0,1.0,1.0,0.0,1.0,1.0,1.0,0.0,0.0,0.0,0.0,1.0,1.0,0.0,0.0,0.21477056982393394,20.53509191603485,21.800229356591597
6656,266.2,0.98,1,0.008,0.292,0.084,-0.013,-0.048,0.03,0.0,0.0,0.1,0.99,2.7,0.17,1.53,2.21,1.13,0.0,0.0,0.0,0.0,2.51,0.8,0.0,0.0,0.0,0.0,0.0,1.0,1.0,0.0,1.0,1.0,1.0,0.0,0.0,0.0,0.0,1.0,1.0,0.0,0.0,0.20681620341199813,20.615528128088215,22.00363606316011
6657,266.24,0.98,1,0.007,0.289,0.087,-0.013,-0.05,0.03,0.0,0.0,0.05,0.91,2.6,0.2,1.45,2.12,1.17,0.0,0.0,0.0,0.0,2.53,0.78,0.0,0.0,0.0,0.0,0.0,1.0,1.0,0.0,1.0,1.0,1.0,0.0,0.0,0.0,0.0,1.0,1.0,0.0,0.0,0.20852231445751315,20.923909768491985,22.002045359466017
6658,266.28,0.98,1,0.009,0.296,0.088,-0.013,-0.052,0.08,0.02,0.0,0.05,0.89,2.52,0.14,1.41,2.11,1.2,0.0,0.0,0.0,0.0,2.44,0.8,0.0,0.0,0.0,0.0,0.0,1.0,1.0,0.0,1.0,1.0,1.0,0.0,0.0,0.0,0.0,1.0,1.0,0.0,0.0,0.20254257513499893,20.724140512937865,22.302017845925914
6659,266.32,0.98,1,0.007,0.311,0.094,-0.014,-0.052,0.11,0.02,0.0,0.06,0.73,2.25,0.14,1.36,1.91,1.05,0.0,0.0,0.0,0.0,2.28,0.88,0.0,0.0,0.0,0.0,0.0,1.0,1.0,0.0,1.0,1.0,1.0,0.0,0.0,0.0,0.0,1.0,1.0,0.0,0.0,0.19732220542252726,21.123683390923947,22.50199991111901
6660,266.36,0.98,1,0.005,0.309,0.088,-0.014,-0.051,0.11,0.02,0.0,0.06,0.59,2.35,0.12,1.12,1.65,0.98,0.0,0.07,0.0,0.0,1.57,0.82,0.0,0.0,0.0,0.0,0.0,1.0,1.0,0.0,1.0,1.0,1.0,0.0,0.0,0.0,0.0,1.0,1.0,0.0,0.0,0.20334487778879504,21.219095173922987,22.40089283934915
6661,266.4,0.98,1,0.017,0.305,0.076,-0.011,-0.049,0.08,0.03,0.0,0.01,0.31,2.45,0.08,0.77,1.34,0.86,0.02,0.25,0.0,0.05,0.83,0.57,0.0,0.0,0.0,0.0,0.0,1.0,1.0,0.0,0.0,1.0,1.0,0.0,0.0,0.0,0.0,1.0,1.0,0.0,0.0,0.22308795624664185,21.73890521622448,22.921823662178227
6662,266.44,0.98,1,0.017,0.311,0.083,-0.02,-0.052,0.02,0.03,0.0,0.0,0.21,2.54,0.03,0.52,1.21,0.89,0.02,0.34,0.0,0.05,0.16,0.23,0.0,0.0,0.0,0.0,0.0,1.0,1.0,0.0,0.0,1.0,1.0,0.0,0.0,0.0,0.0,1.0,0.0,0.0,0.0,0.2251426165602082,21.533462331914944,22.70550594018997
6663,266.48,0.98,1,0.01,0.31,0.075,-0.026,-0.049,0.02,0.03,0.0,0.0,0.19,2.49,0.04,0.55,1.24,0.94,0.02,0.3,0.0,0.05,0.24,0.22,0.0,0.0,0.0,0.0,0.0,1.0,1.0,0.0,0.0,1.0,1.0,0.0,0.0,0.0,0.0,1.0,0.0,0.0,0.0,0.22016527536324482,21.428252378577078,23.217450333746637
6664,266.52,0.98,1,0.015,0.308,0.077,-0.034,-0.042,0.08,0.0,0.0,0.0,0.22,2.15,0.06,0.71,1.34,0.91,0.0,0.12,0.0,0.0,0.64,0.43,0.3,0.0,0.0,0.0,0.0,1.0,1.0,0.0,0.0,1.0,1.0,0.0,0.0,0.0,0.0,1.0,0.0,0.0,0.0,0.21889607732344696,21.62313575779438,22.805481797146886
6665,266.56,0.98,1,0.008,0.334,0.076,-0.038,-0.041,0.31,0.0,0.0,0.0,0.19,1.65,0.11,0.96,1.58,1.0,0.0,0.03,0.02,0.0,1.29,0.59,1.03,0.0,0.0,0.0,0.0,1.0,1.0,0.0,0.0,1.0,1.0,0.0,0.0,0.0,0.0,1.0,0.0,0.0,0.0,0.21274510104533706,17.80702108720059,18.027756377319946
6666,266.6,0.98,1,-0.027,0.484,0.086,-0.055,-0.035,0.48,0.0,0.0,0.0,0.16,1.1,0.11,1.16,1.77,1.12,0.0,0.0,0.02,0.0,1.77,0.54,1.64,0.0,0.0,0.0,0.0,1.0,1.0,0.0,1.0,1.0,1.0,0.0,0.0,0.0,0.0,1.0,1.0,0.0,1.0,0.15793956150016303,16.038079685548244,17.33493582335967
6667,266.64,0.98,1,-0.03,0.453,0.076,-0.054,-0.032,0.47,0.0,0.0,0.0,0.26,1.08,0.16,1.22,1.84,1.22,0.0,0.0,0.02,0.0,2.12,0.55,1.71,0.0,0.0,0.0,0.0,1.0,1.0,0.0,1.0,1.0,1.0,0.0,0.0,0.0,0.0,1.0,1.0,0.0,1.0,0.15547276916196134,16.551132891738856,19.031815467789713
6668,266.68,0.98,1,0.002,0.378,0.055,-0.038,-0.03,0.34,0.04,0.0,0.0,0.4,1.49,0.18,1.14,1.74,1.2,0.0,0.0,0.0,0.0,2.13,0.63,1.33,0.0,0.0,0.0,0.0,1.0,1.0,0.0,1.0,1.0,1.0,0.0,0.0,0.0,0.0,1.0,1.0,0.0,1.0,0.1690764791993094,19.60229578391266,20.53509191603485
6669,266.72,0.98,1,-0.008,0.311,0.048,-0.033,-0.029,0.31,0.12,0.0,0.02,0.54,2.04,0.18,1.06,1.59,1.18,0.0,0.04,0.0,0.0,1.63,0.47,1.02,0.0,0.0,0.0,0.0,1.0,1.0,0.0,1.0,1.0,1.0,0.0,0.0,0.0,0.0,1.0,1.0,0.0,1.0,0.18133791346521963,16.91064753343276,19.231484602078996
6670,266.76,0.98,1,0.004,0.34,0.056,-0.03,-0.033,0.23,0.12,0.0,0.04,0.64,2.34,0.15,1.07,1.53,1.19,0.0,0.04,0.0,0.0,1.09,0.26,0.82,0.0,0.0,0.0,0.0,1.0,1.0,0.0,1.0,1.0,1.0,0.0,0.0,0.0,0.0,1.0,1.0,0.0,0.0,0.17162079913842698,17.402586014727675,17.428711943227565
6671,266.8,0.98,1,0.007,0.316,0.042,-0.028,-0.028,0.23,0.08,0.0,0.04,0.65,2.55,0.11,1.07,1.49,1.19,0.0,0.04,0.0,0.0,0.87,0.17,0.47,0.0,0.0,0.0,0.0,1.0,1.0,0.0,1.0,1.0,1.0,0.0,0.0,0.0,0.0,1.0,1.0,0.0,0.0,0.17321294782492985,16.804761230079958,17.61817243643633
6672,266.84,0.98,1,0.004,0.298,0.06,-0.027,-0.034,0.17,0.0,0.0,0.01,0.7,2.71,0.18,1.16,1.52,1.15,0.0,0.0,0.0,0.0,1.28,0.42,0.17,0.0,0.0,0.0,0.0,1.0,1.0,0.0,1.0,1.0,1.0,0.0,0.0,0.0,0.0,1.0,1.0,0.0,0.0,0.1789943839940244,17.59999999999991,19.402319448972968
6673,266.88,0.98,1,0.005,0.292,0.069,-0.022,-0.033,0.32,0.06,0.0,0.0,0.74,2.81,0.14,1.24,1.53,1.04,0.0,0.0,0.0,0.0,1.74,0.85,0.0,0.0,0.0,0.0,0.0,1.0,1.0,0.0,1.0,1.0,1.0,0.0,0.0,0.0,0.0,1.0,1.0,0.0,0.0,0.18227337777276836,18.900264548412935,19.601020381602495
6674,266.92,0.98,1,0.004,0.297,0.079,-0.023,-0.032,0.29,0.06,0.0,0.0,0.82,2.64,0.1,1.26,1.52,0.95,0.0,0.0,0.0,0.0,2.09,1.09,0.0,0.0,0.0,0.0,0.0,1.0,1.0,0.0,1.0,1.0,1.0,0.0,0.0,0.0,0.0,1.0,1.0,0.0,0.0,0.18578176144780548,19.09999999999991,20.60218435020899
6675,266.96,0.98,1,-0.001,0.31,0.087,-0.019,-0.033,0.21,0.06,0.0,0.04,0.85,2.65,0.0,1.21,1.53,0.94,0.0,0.0,0.0,0.0,2.32,1.19,0.02,0.0,0.0,0.0,0.0,1.0,1.0,0.0,1.0,1.0,1.0,0.0,0.0,0.0,0.0,1.0,1.0,0.0,0.0,0.17783869202143793,18.701069488133378,19.901004999747993
6676,267.0,0.98,1,-0.008,0.329,0.089,-0.024,-0.037,0.06,0.0,0.0,0.04,0.85,2.64,0.0,1.14,1.56,0.96,0.0,0.0,0.0,0.0,2.43,1.23,0.11,0.0,0.0,0.0,0.0,1.0,1.0,0.0,1.0,1.0,1.0,0.0,0.0,0.0,0.0,1.0,1.0,0.0,0.0,0.17103015273037003,19.300000000000182,20.30615670184802
6677,267.04,0.98,1,-0.006,0.318,0.081,-0.018,-0.039,0.0,0.0,0.0,0.04,0.92,3.04,0.07,1.09,1.6,0.79,0.0,0.0,0.0,0.0,2.59,1.42,0.11,0.0,0.0,0.0,0.0,1.0,1.0,0.0,1.0,1.0,1.0,0.0,0.0,0.0,0.0,1.0,1.0,0.0,0.0,0.17331604302095072,19.200260414900672,20.208908926510652
6678,267.08,0.98,1,-0.004,0.317,0.085,-0.009,-0.029,0.0,0.0,0.0,0.0,0.85,2.98,0.09,1.15,1.64,0.69,0.0,0.0,0.0,0.0,2.68,1.65,0.08,0.0,0.0,0.0,0.0,1.0,1.0,0.0,1.0,1.0,1.0,0.0,0.0,0.0,0.0,1.0,1.0,0.0,0.0,0.17597436627371932,19.104188022525236,20.400245096566945
6679,267.12,0.98,1,-0.006,0.317,0.087,-0.026,-0.018,0.0,0.0,0.0,0.0,0.87,3.12,0.13,1.18,1.69,0.69,0.0,0.0,0.0,0.0,2.74,1.74,0.0,0.0,0.0,0.0,0.0,1.0,1.0,0.0,1.0,1.0,1.0,0.0,0.0,0.0,0.0,1.0,1.0,0.0,0.0,0.17511211917759184,20.006249023742555,21.202122535255572
6680,267.16,0.98,1,-0.008,0.314,0.083,-0.017,-0.035,0.05,0.0,0.0,0.05,0.84,2.99,0.06,1.28,1.75,0.83,0.0,0.0,0.0,0.0,2.64,1.63,0.06,0.0,0.0,0.0,0.0,1.0,1.0,0.0,1.0,1.0,1.0,0.0,0.0,0.0,0.0,1.0,1.0,0.0,0.0,0.17887352932619155,19.90904317138329,21.100947846009102
6681,267.2,0.98,1,-0.003,0.316,0.08,-0.006,-0.03,0.05,0.0,0.0,0.14,0.84,3.03,0.05,1.24,1.74,0.84,0.0,0.0,0.0,0.0,2.36,1.61,0.07,0.0,0.0,0.0,0.0,1.0,1.0,0.0,1.0,1.0,1.0,0.0,0.0,0.0,0.0,1.0,1.0,0.0,0.0,0.17621365130136663,19.50230755577401,21.30023474049049
6682,267.24,0.98,1,0.001,0.299,0.081,-0.026,-0.017,0.05,0.0,0.0,0.14,0.78,2.88,0.06,1.25,1.65,0.88,0.0,0.0,0.0,0.0,2.12,1.55,0.07,0.0,0.0,0.0,0.0,1.0,1.0,0.0,1.0,1.0,1.0,0.0,0.0,0.0,0.0,1.0,1.0,0.0,0.0,0.19380313008721606,20.108953229842577,21.200235847744757
6683,267.28,0.98,1,-0.009,0.319,0.078,-0.021,-0.037,0.04,0.0,0.0,0.09,0.67,2.88,0.1,1.2,1.45,0.82,0.0,0.0,0.0,0.0,1.91,1.59,0.01,0.0,0.0,0.0,0.0,1.0,1.0,0.0,1.0,1.0,1.0,0.0,0.0,0.0,0.0,1.0,1.0,0.0,0.0,0.1828618177300632,19.700253805471462,20.400245096566717
6684,267.32,0.98,1,-0.005,0.312,0.084,-0.019,-0.049,0.16,0.0,0.0,0.02,0.58,2.83,0.15,1.13,1.28,0.72,0.0,0.0,0.0,0.0,1.77,1.59,0.0,0.0,0.0,0.0,0.0,1.0,1.0,0.0,1.0,1.0,1.0,0.0,0.0,0.0,0.0,1.0,1.0,0.0,0.0,0.1915253036798592,19.70101520226795,20.799999999999955
6685,267.36,0.98,1,0.007,0.316,0.07,-0.013,-0.039,0.16,0.0,0.0,0.02,0.48,2.72,0.11,1.1,1.16,0.5,0.0,0.22,0.0,0.0,1.28,1.43,0.0,0.0,0.0,0.0,0.0,1.0,1.0,0.0,1.0,1.0,1.0,0.0,0.0,0.0,0.0,1.0,1.0,0.0,0.0,0.1829047815492995,19.600255100380846,20.702173798903384
6686,267.4,0.98,1,0.006,0.285,0.042,-0.028,-0.023,0.12,0.0,0.0,0.02,0.43,2.61,0.16,1.08,1.07,0.54,0.0,0.51,0.0,0.0,0.78,1.1,0.0,0.0,0.0,0.0,0.0,1.0,1.0,0.0,0.0,1.0,1.0,1.0,0.0,0.0,0.0,1.0,0.0,0.0,0.0,0.19463847010574498,19.5,21.200943375236914
6687,267.44,0.98,1,0.031,0.295,0.053,-0.024,-0.046,0.0,0.0,0.0,0.06,0.37,2.55,0.16,1.1,0.99,0.65,0.0,0.69,0.01,0.0,0.44,0.69,0.0,0.0,0.0,0.0,0.0,1.0,1.0,0.0,0.0,1.0,1.0,1.0,0.0,0.0,0.0,0.0,0.0,0.0,0.0,0.18909412131969827,19.701015202267946,21.30023474049049
6688,267.48,0.98,1,0.031,0.288,0.052,-0.02,-0.049,0.01,0.0,0.0,0.14,0.26,2.52,0.24,0.99,0.91,0.71,0.07,0.7,0.01,0.0,0.31,0.52,0.0,0.0,0.0,0.0,0.0,1.0,1.0,0.0,0.0,1.0,1.0,1.0,0.0,0.0,0.0,0.0,0.0,0.0,0.0,0.20576520782176744,19.409276132818643,20.699999999999818
6689,267.52,0.98,1,0.031,0.272,0.052,-0.014,-0.049,0.01,0.0,0.0,0.14,0.19,2.52,0.21,0.85,0.9,0.63,0.15,0.56,0.01,0.0,0.18,0.48,0.0,0.0,0.0,0.0,0.0,1.0,1.0,0.0,0.0,1.0,1.0,1.0,0.0,0.0,0.0,0.0,0.0,0.0,0.0,0.22063799557904026,19.909043171383065,20.902152999153074
6690,267.56,0.98,1,0.023,0.294,0.061,-0.016,-0.046,0.03,0.0,0.0,0.08,0.18,2.54,0.23,0.78,0.87,0.54,0.31,0.44,0.0,0.0,0.15,0.65,0.0,0.0,0.0,0.0,0.0,1.0,1.0,0.0,0.0,1.0,1.0,1.0,0.0,0.0,0.0,0.0,0.0,0.0,0.0,0.2103910919931709,19.806312125178636,21.103791128610183
6691,267.6,0.98,1,0.024,0.296,0.066,-0.014,-0.045,0.02,0.0,0.0,0.02,0.16,2.49,0.19,0.67,0.89,0.63,0.24,0.3,0.0,0.0,0.28,0.67,0.0,0.0,0.0,0.0,0.0,1.0,1.0,0.0,0.0,1.0,1.0,1.0,0.0,0.0,0.0,0.0,0.0,0.0,0.0,0.21100009849902787,19.612496016570798,20.900956915892493
6692,267.64,0.98,1,0.023,0.272,0.065,-0.011,-0.047,0.02,0.0,0.0,0.02,0.15,2.43,0.17,0.54,0.92,0.62,0.27,0.35,0.0,0.0,0.42,0.52,0.0,0.0,0.0,0.0,0.0,1.0,1.0,0.0,0.0,1.0,1.0,1.0,0.0,0.0,0.0,0.0,0.0,0.0,0.0,0.221425724098272,18.80239346466313,20.20618717126024
6693,267.68,0.98,1,0.015,0.271,0.054,-0.005,-0.049,0.0,0.0,0.0,0.02,0.12,2.53,0.25,0.35,1.05,0.63,0.24,0.52,0.0,0.0,0.51,0.34,0.0,0.0,0.0,0.0,0.0,1.0,1.0,0.0,0.0,1.0,1.0,1.0,0.0,0.0,0.0,1.0,0.0,0.0,0.0,0.21248360842920444,19.1002617783107,20.006249023742555
6694,267.72,0.98,1,0.009,0.288,0.062,-0.008,-0.039,0.0,0.0,0.0,0.0,0.3,2.65,0.31,0.53,1.24,0.62,0.34,0.45,0.0,0.0,0.83,0.29,0.0,0.0,0.0,0.0,0.0,1.0,1.0,0.0,0.0,1.0,1.0,1.0,0.0,0.0,0.0,1.0,0.0,0.0,0.0,0.2063351311392696,20.5,19.90226117806727
6695,267.76,0.98,1,0.008,0.273,0.06,-0.001,-0.048,0.0,0.0,0.0,0.01,0.41,2.68,0.37,0.79,1.42,0.67,0.23,0.34,0.0,0.0,1.33,0.4,0.0,0.0,0.0,0.0,0.0,1.0,1.0,0.0,1.0,1.0,1.0,1.0,0.0,0.0,0.0,1.0,0.0,0.0,0.0,0.20681795919698698,20.406126531019904,20.300985197768068
6696,267.8,0.98,1,-0.002,0.289,0.057,-0.015,-0.033,0.0,0.02,0.0,0.02,0.51,2.6,0.29,1.01,1.57,0.8,0.1,0.12,0.0,0.0,1.73,0.3,0.0,0.0,0.0,0.0,0.0,1.0,1.0,0.0,1.0,1.0,1.0,0.0,0.0,0.0,0.0,1.0,0.0,0.0,0.0,0.18238456259128133,20.606067067735083,21.002142747824564
6697,267.84,0.98,1,0.002,0.278,0.061,-0.01,-0.048,0.0,0.02,0.0,0.02,0.54,2.7,0.28,1.03,1.65,0.78,0.0,0.1,0.0,0.0,1.99,0.3,0.0,0.0,0.0,0.0,0.0,1.0,1.0,0.0,1.0,1.0,1.0,0.0,0.0,0.0,0.0,1.0,0.0,0.0,0.0,0.20006793421693858,20.20618717126024,21.303755537463527
6698,267.88,0.98,1,0.004,0.267,0.064,-0.004,-0.05,0.0,0.02,0.0,0.04,0.63,2.72,0.21,1.02,1.73,0.73,0.0,0.01,0.0,0.0,2.06,0.58,0.0,0.0,0.0,0.0,0.0,1.0,1.0,0.0,1.0,1.0,1.0,0.0,0.0,0.0,0.0,1.0,0.0,0.0,0.0,0.20638435063141375,20.11591409804676,21.7020736336416
6699,267.92,0.98,1,0.002,0.289,0.061,-0.012,-0.042,0.06,0.0,0.0,0.09,0.71,2.69,0.13,1.0,1.68,0.73,0.0,0.0,0.0,0.0,2.34,0.97,0.0,0.0,0.0,0.0,0.0,1.0,1.0,0.0,1.0,1.0,1.0,0.0,0.0,0.0,0.0,1.0,1.0,0.0,0.0,0.1873748085702745,20.71545316907168,21.60092590608088
6700,267.96,0.98,1,0.021,0.283,0.093,-0.015,-0.043,0.11,0.0,0.0,0.09,0.77,2.76,0.05,1.07,1.63,0.81,0.0,0.0,0.0,0.0,2.58,1.28,0.0,0.0,0.0,0.0,0.0,1.0,1.0,0.0,1.0,1.0,1.0,0.0,0.0,0.0,0.0,1.0,1.0,0.0,0.0,0.21428201151003823,21.10023696549415,21.105923339195474
6701,268.0,0.98,1,0.011,0.314,0.103,-0.017,-0.044,0.22,0.04,0.0,0.06,0.79,2.98,0.02,1.12,1.57,0.9,0.0,0.0,0.0,0.0,2.82,1.4,0.0,0.0,0.0,0.0,0.0,1.0,1.0,0.0,1.0,1.0,1.0,0.0,0.0,0.0,0.0,1.0,1.0,0.0,0.0,0.19036215385965327,20.902152999153074,21.50581316760657
6702,268.04,0.98,1,0.005,0.3,0.099,-0.01,-0.044,0.16,0.04,0.0,0.0,0.71,3.12,0.07,1.03,1.55,0.79,0.0,0.01,0.0,0.0,2.59,1.56,0.0,0.0,0.0,0.0,0.0,1.0,1.0,0.0,1.0,1.0,1.0,0.0,0.0,0.0,0.0,1.0,1.0,0.0,0.0,0.20923582827993692,20.800240383226527,21.905707018948373
6703,268.08,0.98,1,0.006,0.337,0.109,-0.02,-0.014,0.11,0.04,0.0,0.0,0.59,3.13,0.06,0.73,1.41,0.82,0.0,0.07,0.0,0.02,1.69,1.35,0.0,0.0,0.0,0.0,0.0,1.0,1.0,0.0,0.0,1.0,1.0,0.0,0.0,0.0,0.0,1.0,1.0,0.0,0.0,0.2005405019764852,21.315018179677867,20.799999999999955
6704,268.12,0.98,1,0.006,0.322,0.073,-0.006,-0.035,0.03,0.0,0.0,0.0,0.35,2.91,0.05,0.5,1.25,0.85,0.0,0.18,0.0,0.11,0.76,1.02,0.0,0.0,0.0,0.0,0.0,1.0,1.0,0.0,0.0,1.0,1.0,0.0,0.0,0.0,0.0,1.0,1.0,0.0,0.0,0.2107798496117033,21.219095173922987,20.70386437358982
6705,268.16,0.98,1,0.006,0.315,0.068,-0.007,-0.04,0.08,0.0,0.0,0.0,0.24,2.77,0.0,0.36,1.14,0.86,0.0,0.21,0.0,0.11,0.07,0.57,0.0,0.0,0.0,0.0,0.0,1.0,1.0,0.0,0.0,1.0,1.0,0.0,0.0,0.0,0.0,1.0,1.0,0.0,0.0,0.21612623682778814,21.639085008382537,21.308449028495893
6706,268.2,0.98,1,0.009,0.305,0.071,-0.005,-0.046,0.16,0.0,0.0,0.0,0.19,2.63,0.04,0.43,1.09,0.8,0.0,0.19,0.0,0.09,0.29,0.78,0.06,0.0,0.0,0.0,0.0,1.0,1.0,0.0,0.0,1.0,1.0,0.0,0.0,0.0,0.0,1.0,1.0,0.0,0.0,0.22170296052242455,21.533462331914944,21.405840324547036
6707,268.24,0.98,1,-0.018,0.331,0.075,-0.018,-0.041,0.5,0.03,0.0,0.0,0.17,2.18,0.04,0.64,1.12,0.84,0.01,0.08,0.0,0.0,0.86,1.04,0.59,0.0,0.0,0.0,0.0,1.0,1.0,0.0,0.0,1.0,1.0,0.0,0.0,0.0,0.0,1.0,1.0,0.0,1.0,0.20869688836264283,17.828067758453198,19.085072700935665
6708,268.28,0.98,1,0.01,0.446,0.074,-0.047,-0.035,0.81,0.14,0.0,0.0,0.11,1.7,0.04,0.95,1.14,0.99,0.01,0.05,0.0,0.0,1.49,1.3,1.32,0.0,0.0,0.0,0.0,1.0,1.0,0.0,0.0,1.0,1.0,0.0,0.0,0.0,0.0,1.0,1.0,0.0,1.0,0.1564233480107549,16.597891432347673,17.655594014362844
6709,268.32,0.98,1,-0.015,0.476,0.081,-0.041,-0.035,0.88,0.14,0.0,0.0,0.02,1.34,0.0,1.15,1.2,1.01,0.01,0.0,0.0,0.0,1.83,1.18,1.89,0.0,0.0,0.0,0.0,1.0,1.0,0.0,0.0,1.0,1.0,0.0,0.0,0.0,0.0,1.0,1.0,0.0,1.0,0.15119898645085555,18.817545004596145,18.12760326132489
6710,268.36,0.98,1,-0.001,0.404,0.046,-0.032,-0.032,0.76,0.18,0.0,0.1,0.11,1.64,0.1,1.12,1.18,0.88,0.0,0.0,0.0,0.0,1.75,1.09,1.75,0.0,0.0,0.0,0.0,1.0,1.0,0.0,0.0,1.0,1.0,0.0,0.0,0.0,0.0,1.0,1.0,0.0,1.0,0.16921207091073648,18.054362353736014,19.93037882229045
6711,268.4,0.98,1,-0.005,0.341,0.05,-0.015,-0.041,0.47,0.07,0.0,0.1,0.31,2.25,0.22,1.09,1.21,0.71,0.0,0.01,0.0,0.0,1.51,0.9,1.33,0.0,0.0,0.0,0.0,1.0,1.0,0.0,0.0,1.0,1.0,0.0,0.0,0.0,0.0,1.0,1.0,0.0,1.0,0.17139688764208788,18.7130970178643,20.73475343475301
6712,268.44,0.98,1,0.003,0.318,0.045,-0.023,-0.039,0.33,0.12,0.0,0.1,0.45,2.6,0.41,1.01,1.29,0.85,0.0,0.05,0.0,0.0,1.13,0.68,0.83,0.0,0.0,0.0,0.0,1.0,1.0,0.0,0.0,1.0,1.0,0.0,0.0,0.0,0.0,1.0,0.0,0.0,0.0,0.17288086258540952,17.323394586512155,19.243960091415737
6713,268.48,0.98,1,-0.024,0.315,0.046,-0.018,-0.044,0.08,0.04,0.0,0.0,0.53,2.68,0.45,1.01,1.37,0.84,0.0,0.11,0.0,0.0,0.73,0.33,0.46,0.0,0.0,0.0,0.0,1.0,1.0,0.0,0.0,1.0,1.0,0.0,0.0,0.0,0.0,0.0,0.0,0.0,0.0,0.19124827904838,17.610224302943923,17.256882684888414
6714,268.52,0.98,1,0.002,0.292,0.036,-0.024,-0.04,0.01,0.04,0.0,0.0,0.53,2.61,0.53,0.97,1.4,0.94,0.0,0.15,0.0,0.0,0.45,0.1,0.26,0.0,0.0,0.0,0.0,1.0,1.0,0.0,0.0,1.0,1.0,0.0,0.0,0.0,0.0,0.0,0.0,0.0,0.0,0.17322543709718657,17.80252791038392,16.63009320479006
6715,268.56,0.98,1,-0.013,0.301,0.042,-0.016,-0.044,0.0,0.0,0.0,0.0,0.59,2.72,0.48,0.99,1.41,0.74,0.0,0.18,0.0,0.0,0.31,0.0,0.2,0.0,0.0,0.0,0.0,1.0,1.0,0.0,0.0,1.0,1.0,0.0,0.0,0.0,0.0,0.0,0.0,0.0,0.0,0.16635130216916016,18.602419197512905,17.00264685276972
6716,268.6,0.98,1,-0.019,0.282,0.035,-0.015,-0.042,0.0,0.0,0.0,0.0,0.61,2.73,0.46,0.98,1.41,0.89,0.0,0.24,0.0,0.0,0.32,0.0,0.19,0.0,0.0,0.0,0.0,1.0,1.0,0.0,0.0,1.0,1.0,0.0,0.0,0.0,0.0,0.0,0.0,0.0,0.0,0.17115964018820456,19.504102132628407,17.299999999999955
6717,268.64,0.98,1,-0.026,0.282,0.04,-0.015,-0.041,0.0,0.0,0.0,0.0,0.57,2.69,0.37,0.99,1.4,0.92,0.0,0.29,0.0,0.0,0.36,0.0,0.08,0.0,0.0,0.0,0.0,1.0,1.0,0.0,0.0,1.0,1.0,0.0,0.0,0.0,0.0,0.0,0.0,0.0,0.0,0.17247403110330473,19.202343606966128,17.90000000000009
6718,268.68,0.98,1,-0.028,0.282,0.039,-0.013,-0.04,0.0,0.0,0.0,0.06,0.5,2.57,0.31,0.97,1.38,1.0,0.0,0.35,0.0,0.0,0.46,0.0,0.01,0.0,0.0,0.0,0.0,1.0,1.0,0.0,0.0,1.0,1.0,0.0,0.0,0.0,0.0,0.0,0.0,0.0,0.0,0.17651443772701747,19.601020381602723,18.300273222004044
6719,268.72,0.98,1,-0.017,0.27,0.036,-0.013,-0.042,0.01,0.0,0.0,0.06,0.45,2.59,0.31,0.94,1.4,0.9,0.0,0.23,0.02,0.0,0.65,0.03,0.0,0.0,0.0,0.0,0.0,1.0,1.0,0.0,0.0,1.0,1.0,0.0,0.0,0.0,0.0,0.0,0.0,0.0,0.0,0.1890132040906663,20.300985197768068,18.909521411183402
6720,268.76,0.98,1,-0.032,0.279,0.053,-0.015,-0.049,0.01,0.0,0.0,0.11,0.48,2.59,0.31,0.95,1.41,0.88,0.0,0.14,0.02,0.0,0.98,0.11,0.0,0.0,0.0,0.0,0.0,1.0,1.0,0.0,1.0,1.0,1.0,0.0,0.0,0.0,0.0,1.0,0.0,0.0,0.0,0.20119307089307348,20.50219500443794,18.20247235954505
6721,268.8,0.98,1,-0.013,0.26,0.047,-0.017,-0.049,0.01,0.0,0.0,0.05,0.51,2.67,0.33,1.04,1.45,0.92,0.0,0.0,0.02,0.0,1.28,0.24,0.0,0.0,0.0,0.0,0.0,1.0,1.0,0.0,1.0,1.0,1.0,0.0,0.0,0.0,0.0,1.0,0.0,0.0,0.0,0.2047594263387638,20.100995000248258,19.701015202268174
6722,268.84,0.98,1,-0.003,0.263,0.044,-0.019,-0.049,0.0,0.0,0.0,0.05,0.51,2.65,0.3,1.13,1.45,0.85,0.0,0.0,0.0,0.0,1.52,0.38,0.0,0.0,0.0,0.0,0.0,1.0,1.0,0.0,1.0,1.0,1.0,0.0,0.0,0.0,0.0,1.0,0.0,0.0,0.0,0.20738739406300266,19.90100499974822,20.299999999999955
6723,268.88,0.98,1,-0.002,0.264,0.052,-0.016,-0.048,0.0,0.0,0.0,0.0,0.5,2.6,0.31,1.15,1.46,0.89,0.0,0.0,0.0,0.0,1.52,0.5,0.0,0.0,0.0,0.0,0.0,1.0,1.0,0.0,1.0,1.0,1.0,0.0,0.0,0.0,0.0,1.0,0.0,0.0,0.0,0.2095348364614621,19.90000000000009,20.400245096566945
6724,268.92,0.98,1,0.007,0.265,0.045,-0.019,-0.044,0.05,0.02,0.0,0.07,0.45,2.43,0.28,1.15,1.47,0.78,0.0,0.0,0.0,0.0,1.54,0.49,0.0,0.0,0.0,0.0,0.0,1.0,1.0,0.0,1.0,1.0,1.0,0.0,0.0,0.0,0.0,1.0,0.0,0.0,0.0,0.2111533592930039,20.00099997500125,20.0
6725,268.96,0.98,1,0.002,0.267,0.055,-0.018,-0.043,0.05,0.02,0.0,0.07,0.51,2.59,0.3,1.04,1.49,0.86,0.0,0.0,0.0,0.0,1.55,0.39,0.03,0.0,0.0,0.0,0.0,1.0,1.0,0.0,1.0,1.0,1.0,0.0,0.0,0.0,0.0,1.0,0.0,0.0,0.0,0.2111388229436555,20.10099500024803,20.299999999999955
6726,269.0,0.98,1,0.013,0.272,0.055,-0.02,-0.044,0.05,0.02,0.0,0.07,0.53,2.63,0.26,1.02,1.53,0.73,0.0,0.0,0.0,0.0,1.6,0.34,0.03,0.0,0.0,0.0,0.0,1.0,1.0,0.0,1.0,1.0,1.0,0.0,0.0,0.0,0.0,1.0,0.0,0.0,0.0,0.2111593570106906,20.200990074746382,21.100236965493924
6727,269.04,0.98,1,0.012,0.275,0.06,-0.019,-0.045,0.03,0.0,0.0,0.0,0.58,2.7,0.29,0.95,1.56,0.8,0.0,0.0,0.04,0.0,1.64,0.36,0.03,0.0,0.0,0.0,0.0,1.0,1.0,0.0,1.0,1.0,1.0,0.0,0.0,0.0,0.0,1.0,0.0,0.0,0.0,0.217530222785618,20.200247523235763,20.700241544484495
6728,269.08,0.98,1,0.009,0.279,0.067,-0.02,-0.046,0.05,0.0,0.0,0.0,0.55,2.61,0.25,0.97,1.53,0.8,0.0,0.0,0.04,0.0,1.63,0.39,0.01,0.0,0.0,0.0,0.0,1.0,1.0,0.0,1.0,1.0,1.0,0.0,0.0,0.0,0.0,1.0,0.0,0.0,0.0,0.21985565770209087,20.500975586542218,20.900239233080654
6729,269.12,0.98,1,0.0,0.277,0.057,-0.02,-0.043,0.16,0.0,0.0,0.0,0.47,2.48,0.27,0.94,1.46,0.82,0.0,0.0,0.04,0.0,1.62,0.4,0.01,0.0,0.0,0.0,0.0,1.0,1.0,0.0,1.0,1.0,1.0,0.0,0.0,0.0,0.0,1.0,0.0,0.0,0.0,0.21097468879797332,20.20024752323599,20.8002403832263
6730,269.16,0.98,1,0.008,0.288,0.065,-0.021,-0.044,0.15,0.0,0.0,0.0,0.45,2.55,0.26,0.91,1.44,0.7,0.0,0.0,0.0,0.0,1.63,0.41,0.01,0.0,0.0,0.0,0.0,1.0,1.0,0.0,1.0,1.0,1.0,0.0,0.0,0.0,0.0,1.0,0.0,0.0,0.0,0.21862521003515295,20.100248754679537,20.5
6731,269.2,0.98,1,-0.006,0.283,0.061,-0.019,-0.042,0.19,0.0,0.0,0.0,0.39,2.6,0.29,0.88,1.45,0.65,0.0,0.0,0.0,0.0,1.69,0.49,0.0,0.0,0.0,0.0,0.0,1.0,1.0,0.0,1.0,1.0,1.0,0.0,0.0,0.0,0.0,1.0,0.0,0.0,0.0,0.20978767760174327,20.400245096566945,20.60097085090885
6732,269.24,0.98,1,-0.002,0.29,0.068,-0.021,-0.041,0.1,0.0,0.0,0.02,0.41,2.71,0.31,0.89,1.48,0.62,0.0,0.0,0.0,0.0,1.77,0.62,0.0,0.0,0.0,0.0,0.0,1.0,1.0,0.0,1.0,1.0,1.0,0.0,0.0,0.0,0.0,1.0,0.0,0.0,0.0,0.2121607580565842,20.200000000000045,20.700241544484495
6733,269.28,0.98,1,-0.001,0.289,0.075,-0.02,-0.041,0.13,0.0,0.0,0.02,0.38,2.89,0.34,0.86,1.52,0.65,0.0,0.0,0.0,0.0,1.81,0.64,0.0,0.0,0.0,0.0,0.0,1.0,1.0,0.0,1.0,1.0,1.0,0.0,0.0,0.0,0.0,1.0,0.0,0.0,0.0,0.21916594804715805,19.801010075246342,20.70096616102741
6734,269.32,0.98,1,-0.003,0.282,0.071,-0.022,-0.037,0.15,0.0,0.0,0.02,0.38,2.93,0.3,0.9,1.55,0.64,0.0,0.0,0.0,0.0,1.76,0.67,0.0,0.0,0.0,0.0,0.0,1.0,1.0,0.0,1.0,1.0,1.0,0.0,0.0,0.0,0.0,1.0,0.0,0.0,0.0,0.2149353151337865,20.000249998437518,20.80096151623761
6735,269.36,0.98,1,-0.004,0.295,0.075,-0.024,-0.035,0.21,0.0,0.0,0.0,0.35,2.73,0.22,0.96,1.6,0.78,0.0,0.0,0.0,0.0,1.77,0.52,0.4,0.0,0.0,0.0,0.0,1.0,1.0,0.0,1.0,1.0,1.0,0.0,0.0,0.0,0.0,1.0,0.0,0.0,0.0,0.2099405360740253,19.601020381602495,21.000238093888363
6736,269.4,0.98,1,-0.006,0.33,0.057,-0.026,-0.031,0.35,0.0,0.0,0.0,0.24,1.92,0.15,1.11,1.68,0.93,0.0,0.0,0.0,0.0,1.78,0.39,1.04,0.0,0.0,0.0,0.0,1.0,1.0,0.0,1.0,1.0,1.0,0.0,0.0,0.0,0.0,1.0,0.0,0.0,1.0,0.20287310382575835,20.700966161027182,17.833956375409198
6737,269.44,0.98,1,0.01,0.453,0.064,-0.037,-0.031,0.67,0.16,0.0,0.0,0.13,1.33,0.13,1.26,1.78,1.05,0.0,0.0,0.0,0.0,1.88,0.34,1.67,0.0,0.0,0.0,0.0,0.0,1.0,0.0,1.0,1.0,1.0,0.0,0.0,0.0,0.0,1.0,0.0,0.0,1.0,0.14773363575936088,16.975570682601596,19.358202395883723
6738,269.48,0.98,1,-0.036,0.46,0.075,-0.036,-0.035,0.86,0.27,0.0,0.0,0.03,0.92,0.19,1.28,1.79,1.12,0.0,0.0,0.0,0.0,1.84,0.41,2.01,0.0,1.0,0.0,0.0,0.0,1.0,0.0,1.0,1.0,1.0,0.0,0.0,0.0,0.0,1.0,0.0,0.0,1.0,0.18993596392082832,17.650495743746117,18.117670931993345
6739,269.52,0.98,1,-0.058,0.472,0.063,-0.013,-0.037,0.95,0.5,0.0,0.0,0.04,0.99,0.26,1.17,1.69,1.13,0.0,0.0,0.0,0.0,1.92,0.46,2.16,0.0,1.0,0.0,0.0,0.0,1.0,0.0,1.0,1.0,1.0,0.0,0.0,0.0,0.0,1.0,0.0,0.0,1.0,0.15762198618934598,16.487874332369312,19.649936386665388
6740,269.56,0.98,1,-0.022,0.41,0.046,-0.003,-0.021,0.73,0.35,0.0,0.0,0.16,1.33,0.39,0.91,1.57,1.04,0.0,0.03,0.0,0.0,1.97,0.44,2.15,0.0,0.0,0.0,0.0,0.0,1.0,0.0,1.0,1.0,1.0,0.0,0.0,0.0,0.0,1.0,0.0,0.0,1.0,0.15946567267855496,17.880995498014272,21.333776037073182
6741,269.6,0.98,1,-0.078,0.351,0.048,0.005,-0.015,0.46,0.24,0.0,0.02,0.22,1.91,0.4,0.71,1.54,0.82,0.0,0.14,0.0,0.0,2.07,0.56,1.83,0.0,0.0,0.0,0.0,0.0,1.0,1.0,1.0,1.0,1.0,0.0,0.0,0.0,0.0,1.0,0.0,0.0,1.0,0.1656966864806172,19.275113488641303,19.709134937891157
6742,269.64,0.98,1,-0.073,0.356,0.068,-0.009,0.003,0.17,0.0,0.0,0.02,0.38,2.49,0.45,0.77,1.52,0.7,0.0,0.21,0.0,0.0,2.12,0.76,1.38,0.0,0.0,0.0,0.0,0.0,1.0,1.0,0.0,1.0,1.0,0.0,0.0,0.0,0.0,1.0,0.0,0.0,1.0,0.1760557587062419,16.330646037435216,18.339302058693466
6743,269.68,0.98,1,-0.046,0.345,0.067,0.0,-0.007,0.0,0.0,0.0,0.02,0.39,2.87,0.46,0.76,1.51,0.59,0.0,0.27,0.0,0.0,2.15,1.02,1.09,0.0,0.0,0.0,0.0,1.0,1.0,1.0,0.0,1.0,1.0,0.0,0.0,0.0,0.0,1.0,0.0,0.0,1.0,0.1476479865962796,17.404597093871356,16.71077496706845
6744,269.72,0.98,1,-0.057,0.346,0.085,-0.0,0.004,0.0,0.0,0.0,0.0,0.42,3.04,0.45,0.72,1.49,0.53,0.0,0.29,0.0,0.0,2.19,1.11,0.89,0.0,0.0,0.0,0.0,1.0,1.0,1.0,0.0,1.0,1.0,0.0,0.0,0.0,0.0,1.0,1.0,0.0,1.0,0.15629775723738748,17.100292395161105,17.100292395161105
6745,269.76,0.98,1,-0.062,0.341,0.084,-0.003,0.008,0.0,0.0,0.0,0.0,0.41,3.02,0.36,0.67,1.53,0.44,0.0,0.22,0.0,0.0,2.2,1.18,0.54,0.0,0.0,0.0,0.0,1.0,1.0,1.0,0.0,1.0,1.0,0.0,0.0,0.0,0.0,1.0,1.0,0.0,1.0,0.17050621989886916,17.899999999999864,17.399999999999864
6746,269.8,0.98,1,-0.064,0.341,0.085,0.015,-0.01,0.0,0.0,0.0,0.0,0.43,2.9,0.31,0.69,1.56,0.32,0.0,0.17,0.0,0.0,2.26,1.23,0.42,0.0,0.0,0.0,0.0,1.0,1.0,1.0,0.0,1.0,1.0,0.0,0.0,0.0,0.0,1.0,1.0,0.0,1.0,0.183286734236185,19.206509313251114,18.001111076819676
6747,269.84,0.98,1,-0.082,0.345,0.088,0.012,0.007,0.0,0.0,0.0,0.0,0.44,2.68,0.32,0.71,1.59,0.22,0.0,0.05,0.0,0.0,2.34,1.33,0.29,0.0,0.0,0.0,0.0,1.0,1.0,1.0,0.0,1.0,1.0,0.0,0.0,0.0,0.0,1.0,1.0,0.0,0.0,0.18611043210472605,19.316573195057092,18.200274723201343
6748,269.88,0.98,1,-0.097,0.322,0.089,0.016,0.012,0.0,0.0,0.0,0.0,0.38,2.65,0.37,0.56,1.62,0.11,0.0,0.11,0.0,0.0,2.39,1.43,0.5,0.0,0.0,0.0,0.0,1.0,1.0,1.0,0.0,1.0,1.0,0.0,0.0,0.0,0.0,1.0,1.0,0.0,0.0,0.19181844393231443,19.61249601657057,18.300273222004044
6749,269.92,0.98,1,-0.078,0.316,0.084,0.02,0.019,0.01,0.0,0.0,0.0,0.36,2.52,0.35,0.44,1.64,0.14,0.0,0.16,0.0,0.0,2.37,1.45,0.3,0.0,0.0,0.0,0.0,1.0,1.0,1.0,0.0,1.0,1.0,0.0,0.0,0.0,0.0,1.0,1.0,0.0,0.0,0.18408842235970457,19.42086506827115,18.50108104949546
6750,269.96,0.98,1,-0.048,0.303,0.086,0.02,0.023,0.01,0.0,0.0,0.0,0.41,2.5,0.29,0.41,1.67,0.2,0.0,0.27,0.0,0.0,2.25,1.32,0.22,0.0,0.0,0.0,0.0,1.0,1.0,1.0,0.0,1.0,1.0,0.0,0.0,0.0,0.0,1.0,1.0,0.0,0.0,0.18216741445802231,19.925109786397755,20.4009803685998
6751,270.0,0.98,1,-0.04,0.278,0.084,0.026,0.025,0.01,0.0,0.0,0.0,0.44,2.36,0.26,0.4,1.69,0.17,0.0,0.33,0.0,0.0,2.15,1.28,0.0,0.0,0.0,0.0,0.0,1.0,1.0,1.0,0.0,1.0,1.0,0.0,0.0,0.0,0.0,1.0,1.0,0.0,0.0,0.19704877299905865,19.90226117806727,20.600242717016847
6752,270.04,0.98,1,-0.039,0.282,0.088,0.026,0.026,0.0,0.0,0.0,0.0,0.46,2.35,0.22,0.47,1.73,0.16,0.0,0.34,0.0,0.0,2.08,1.25,0.0,0.0,0.0,0.0,0.0,1.0,1.0,1.0,0.0,1.0,1.0,0.0,0.0,0.0,0.0,1.0,1.0,0.0,0.0,0.20048163730498617,20.40220576310303,20.700241544484495
6753,270.08,0.98,1,-0.044,0.276,0.083,0.023,0.028,0.0,0.0,0.0,0.0,0.46,2.4,0.19,0.51,1.74,0.1,0.0,0.32,0.0,0.0,2.14,1.32,0.0,0.0,0.0,0.0,0.0,1.0,1.0,1.0,1.0,1.0,1.0,0.0,0.0,0.0,0.0,1.0,1.0,0.0,0.0,0.19770087878229414,21.008569680013917,21.400233643584226
6754,270.12,0.98,1,-0.049,0.277,0.084,0.024,0.028,0.0,0.0,0.0,0.0,0.44,2.61,0.2,0.53,1.72,0.23,0.0,0.34,0.0,0.0,2.14,1.36,0.0,0.0,0.0,0.0,0.0,1.0,1.0,1.0,1.0,1.0,1.0,0.0,0.0,0.0,0.0,1.0,1.0,0.0,0.0,0.19822906453019698,21.215088969881833,21.302112571292035
6755,270.16,0.98,1,-0.058,0.298,0.078,0.021,0.028,0.0,0.0,0.0,0.0,0.44,2.64,0.2,0.55,1.67,0.33,0.0,0.37,0.0,0.0,2.15,1.4,0.0,0.0,0.0,0.0,0.0,1.0,1.0,0.0,1.0,1.0,1.0,0.0,0.0,0.0,0.0,1.0,1.0,0.0,0.0,0.1985184468670334,21.20848886648933,20.70386437358982
6756,270.2,0.98,1,-0.058,0.293,0.08,0.021,0.025,0.0,0.0,0.0,0.0,0.45,2.62,0.19,0.53,1.65,0.44,0.0,0.38,0.0,0.0,2.14,1.43,0.0,0.0,0.0,0.0,0.0,1.0,1.0,0.0,1.0,1.0,1.0,0.0,0.0,0.0,0.0,1.0,1.0,0.0,0.0,0.1980561678158528,21.7036863228347,20.60218435020899
6757,270.24,0.98,1,-0.058,0.3,0.076,0.019,0.025,0.0,0.0,0.0,0.0,0.43,2.5,0.09,0.57,1.64,0.42,0.0,0.43,0.0,0.0,2.22,1.45,0.0,0.0,0.0,0.0,0.0,1.0,1.0,0.0,0.0,1.0,1.0,0.0,0.0,0.0,0.0,1.0,1.0,0.0,0.0,0.19774510309127563,21.500930212434994,20.70386437358982
6758,270.28,0.98,1,-0.062,0.304,0.08,0.015,0.022,0.0,0.04,0.0,0.0,0.39,2.26,0.09,0.53,1.62,0.3,0.02,0.46,0.0,0.0,2.25,1.44,0.0,0.0,0.0,0.0,0.0,1.0,1.0,0.0,0.0,1.0,1.0,0.0,0.0,0.0,0.0,1.0,1.0,0.0,0.0,0.19722857841215197,22.0,21.002142747824568
6759,270.32,0.98,1,-0.06,0.308,0.08,0.016,0.02,0.0,0.1,0.0,0.0,0.36,2.15,0.12,0.56,1.6,0.24,0.04,0.54,0.0,0.0,2.25,1.44,0.0,0.0,0.0,0.0,0.0,1.0,1.0,0.0,0.0,1.0,1.0,0.0,0.0,0.0,0.0,1.0,1.0,0.0,0.0,0.1981967707852088,22.100226243185976,21.102132593650246
6760,270.36,0.98,1,-0.068,0.301,0.081,0.013,0.017,0.0,0.16,0.0,0.0,0.36,1.98,0.15,0.46,1.57,0.13,0.04,0.49,0.0,0.0,2.2,1.42,0.0,0.0,0.0,0.0,0.0,1.0,1.0,0.0,0.0,1.0,1.0,0.0,0.0,0.0,0.0,1.0,1.0,0.0,0.0,0.2026902917484527,22.2009008826219,20.70386437358982
6761,270.4,0.98,1,-0.073,0.29,0.078,0.02,0.015,0.0,0.12,0.0,0.0,0.37,2.0,0.09,0.45,1.56,0.09,0.02,0.42,0.0,0.0,2.24,1.46,0.0,0.0,0.0,0.0,0.0,1.0,1.0,0.0,0.0,1.0,1.0,0.0,0.0,0.0,0.0,1.0,1.0,0.0,0.0,0.19287046375047595,23.605296015936673,19.901004999747993
6762,270.44,0.98,1,-0.068,0.283,0.08,0.018,0.015,0.0,0.06,0.0,0.0,0.41,2.03,0.04,0.4,1.53,0.01,0.0,0.36,0.0,0.0,2.33,1.59,0.0,0.0,0.0,0.0,0.0,1.0,1.0,0.0,0.0,1.0,1.0,0.0,0.0,0.0,0.0,1.0,1.0,0.0,0.0,0.2007416068760367,23.0,20.500975586542218
6763,270.48,0.98,1,-0.079,0.304,0.094,0.017,0.014,0.0,0.0,0.0,0.0,0.39,2.02,0.02,0.46,1.46,0.0,0.0,0.39,0.0,0.0,2.44,1.77,0.0,0.0,0.0,0.0,0.0,1.0,1.0,0.0,0.0,1.0,1.0,0.0,0.0,0.0,0.0,1.0,1.0,0.0,0.0,0.19737118474952142,22.800000000000182,20.400245096566945
6764,270.52,0.98,1,-0.074,0.3,0.082,0.017,0.018,0.0,0.0,0.0,0.0,0.43,2.26,0.06,0.54,1.37,0.0,0.0,0.36,0.0,0.0,2.61,2.04,0.0,0.0,0.0,0.0,0.0,1.0,1.0,0.0,0.0,1.0,1.0,0.0,0.0,0.0,0.0,1.0,1.0,0.0,0.0,0.19605482119260992,22.300224214119645,20.8002403832263
6765,270.56,0.98,1,-0.078,0.276,0.069,0.014,0.018,0.0,0.0,0.0,0.0,0.4,2.34,0.08,0.63,1.28,0.0,0.0,0.35,0.0,0.0,2.71,2.32,0.0,0.0,0.0,0.0,0.0,1.0,1.0,0.0,0.0,1.0,1.0,0.0,0.0,0.0,0.0,1.0,1.0,0.0,0.0,0.20700091032293438,23.100000000000136,20.600000000000136
6766,270.6,0.98,1,-0.087,0.283,0.066,0.014,0.018,0.0,0.0,0.0,0.0,0.42,2.59,0.1,0.63,1.23,0.0,0.0,0.36,0.0,0.0,2.82,2.5,0.0,0.0,0.0,0.0,0.0,1.0,1.0,0.0,0.0,1.0,1.0,0.0,0.0,0.0,0.0,1.0,1.0,0.0,0.0,0.20461587658936695,23.400854685245868,20.500243900988107
6767,270.64,0.98,1,-0.088,0.288,0.063,0.017,0.018,0.0,0.0,0.0,0.0,0.42,2.51,0.06,0.59,1.2,0.0,0.0,0.41,0.0,0.0,2.8,2.53,0.0,0.0,0.0,0.0,0.0,1.0,1.0,0.0,0.0,1.0,1.0,0.0,0.0,0.0,0.0,1.0,1.0,0.0,0.0,0.1986996904415531,22.200225224082796,20.59999999999991
6768,270.68,0.98,1,-0.065,0.294,0.06,0.015,0.02,0.0,0.0,0.0,0.0,0.45,2.44,0.07,0.58,1.2,0.0,0.0,0.43,0.0,0.0,2.81,2.57,0.0,0.0,0.0,0.0,0.0,1.0,1.0,0.0,0.0,1.0,0.0,0.0,0.0,0.0,0.0,1.0,1.0,0.0,0.0,0.19964760588823283,20.5,21.10023696549415
6769,270.72,0.98,1,-0.048,0.289,0.056,0.008,0.022,0.0,0.0,0.0,0.0,0.55,2.57,0.07,0.64,1.24,0.0,0.0,0.41,0.0,0.0,2.76,2.65,0.01,0.0,0.0,0.0,0.0,1.0,1.0,0.0,0.0,1.0,0.0,0.0,0.0,0.0,0.0,1.0,1.0,0.0,0.0,0.19767055363181793,20.40392119177082,22.907858913482162
6770,270.76,0.98,1,-0.044,0.317,0.063,0.015,0.019,0.0,0.0,0.0,0.0,0.54,2.48,0.06,0.64,1.26,0.0,0.0,0.45,0.0,0.0,2.74,2.76,0.01,0.0,0.0,0.0,0.0,1.0,1.0,0.0,0.0,1.0,0.0,0.0,0.0,0.0,0.0,1.0,1.0,0.0,0.0,0.18915304498398233,20.20024752323599,21.803669415949187
6771,270.8,0.98,1,-0.046,0.299,0.066,0.01,0.022,0.0,0.0,0.0,0.0,0.54,2.54,0.04,0.64,1.29,0.0,0.0,0.46,0.0,0.0,2.71,2.73,0.01,0.0,0.0,0.0,0.0,1.0,1.0,0.0,0.0,1.0,0.0,0.0,0.0,0.0,0.0,1.0,1.0,0.0,0.0,0.1998807936715411,21.00095235935742,21.900913222968445
6772,270.84,0.98,1,-0.056,0.311,0.067,0.013,0.022,0.0,0.0,0.0,0.0,0.49,2.22,0.03,0.62,1.32,0.0,0.0,0.38,0.0,0.0,2.71,2.63,0.0,0.0,0.0,0.0,0.0,1.0,1.0,0.0,0.0,1.0,0.0,0.0,0.0,0.0,0.0,1.0,1.0,0.0,0.0,0.19433692542124836,20.902152999152847,21.900228309312304
6773,270.88,0.98,1,-0.053,0.307,0.065,0.01,0.024,0.0,0.0,0.0,0.0,0.53,2.21,0.04,0.66,1.34,0.0,0.0,0.34,0.0,0.0,2.72,2.6,0.0,0.0,0.0,0.0,0.0,1.0,1.0,0.0,0.0,1.0,0.0,0.0,0.0,0.0,0.0,1.0,1.0,0.0,0.0,0.19612680033040902,21.403737991294975,21.80206412246322
6774,270.92,0.98,1,-0.054,0.309,0.063,0.012,0.024,0.07,0.05,0.0,0.02,0.51,2.01,0.04,0.66,1.32,0.0,0.0,0.32,0.0,0.0,2.74,2.65,0.0,0.0,0.0,0.0,0.0,1.0,1.0,0.0,1.0,1.0,0.0,0.0,0.0,0.0,0.0,1.0,1.0,0.0,0.0,0.19498311763471876,20.600970850909082,22.000227271553356
6775,270.96,0.98,1,-0.045,0.305,0.062,0.015,0.024,0.08,0.05,0.0,0.02,0.5,2.16,0.02,0.78,1.34,0.0,0.0,0.3,0.0,0.0,2.68,2.64,0.0,0.0,0.0,0.0,0.0,1.0,1.0,0.0,1.0,1.0,0.0,0.0,0.0,0.0,0.0,1.0,1.0,0.0,0.0,0.19267086391183774,21.100236965493924,22.200225224082796
6776,271.0,0.98,1,-0.046,0.3,0.067,0.011,0.025,0.09,0.05,0.0,0.02,0.48,2.23,0.0,0.8,1.34,0.0,0.0,0.32,0.0,0.0,2.66,2.62,0.0,0.0,0.0,0.0,0.0,1.0,1.0,0.0,1.0,1.0,0.0,0.0,0.0,0.0,0.0,1.0,1.0,0.0,0.0,0.1951431819377138,22.000909072126998,22.500888871331284
6777,271.04,0.98,1,-0.033,0.292,0.068,0.013,0.023,0.02,0.0,0.0,0.0,0.46,2.4,0.01,0.81,1.37,0.0,0.0,0.33,0.0,0.0,2.65,2.49,0.0,0.0,0.0,0.0,0.0,1.0,1.0,0.0,1.0,1.0,1.0,0.0,0.0,0.0,0.0,1.0,1.0,0.0,0.0,0.19876313372250964,21.300938946440787,20.900239233080654
6778,271.08,0.98,1,-0.042,0.299,0.07,0.014,0.022,0.01,0.0,0.0,0.0,0.41,2.5,0.01,0.76,1.37,0.0,0.0,0.37,0.0,0.0,2.67,2.36,0.0,0.0,0.0,0.0,0.0,1.0,1.0,0.0,1.0,1.0,1.0,0.0,0.0,0.0,0.0,1.0,1.0,0.0,0.0,0.20331644286343986,21.100947846009102,21.700000000000045
6779,271.12,0.98,1,-0.046,0.305,0.064,0.021,0.019,0.01,0.0,0.0,0.0,0.39,2.44,0.01,0.81,1.45,0.03,0.0,0.29,0.0,0.0,2.63,2.25,0.0,0.0,0.0,0.0,0.0,1.0,1.0,0.0,1.0,1.0,1.0,0.0,0.0,0.0,0.0,1.0,1.0,0.0,0.0,0.19167161502454483,21.10023696549415,21.0
6780,271.16,0.98,1,-0.065,0.287,0.066,0.028,0.015,0.01,0.0,0.0,0.0,0.44,2.43,0.0,0.84,1.47,0.03,0.0,0.24,0.0,0.0,2.5,2.19,0.0,0.0,0.0,0.0,0.0,1.0,1.0,0.0,1.0,1.0,1.0,0.0,0.0,0.0,0.0,1.0,1.0,0.0,0.0,0.19934552806720213,21.80206412246322,20.700000000000045
6781,271.2,0.98,1,-0.069,0.295,0.067,0.032,0.012,0.0,0.0,0.0,0.0,0.47,2.29,0.01,0.73,1.5,0.08,0.0,0.16,0.0,0.0,2.45,2.1,0.05,0.0,0.0,0.0,0.0,1.0,1.0,0.0,1.0,1.0,1.0,0.0,0.0,0.0,0.0,1.0,1.0,0.0,0.0,0.1917579696710167,21.80091741188884,20.70096616102741
6782,271.24,0.98,1,-0.071,0.285,0.067,0.037,0.009,0.0,0.0,0.0,0.0,0.52,2.4,0.01,0.63,1.5,0.09,0.0,0.14,0.0,0.0,2.39,1.9,0.05,0.0,0.0,0.0,0.0,1.0,1.0,0.0,0.0,1.0,1.0,0.0,0.0,0.0,0.0,1.0,1.0,0.0,0.0,0.19718980268654038,21.70092163941435,20.899999999999864
6783,271.28,0.98,1,-0.072,0.291,0.069,0.041,0.006,0.0,0.0,0.0,0.0,0.52,2.37,0.01,0.55,1.51,0.13,0.0,0.16,0.0,0.0,2.42,1.66,0.05,0.0,0.0,0.0,0.0,1.0,1.0,0.0,0.0,1.0,1.0,0.0,0.0,0.0,0.0,1.0,1.0,0.0,0.0,0.1960640104278561,21.60370338622515,20.800961516237614
6784,271.32,0.98,1,-0.074,0.293,0.072,0.044,0.003,0.03,0.0,0.0,0.0,0.48,2.34,0.0,0.61,1.49,0.19,0.0,0.18,0.0,0.0,2.33,1.51,0.0,0.0,0.0,0.0,0.0,1.0,1.0,0.0,0.0,1.0,1.0,0.0,0.0,0.0,0.0,1.0,1.0,0.0,0.0,0.1929306653799555,22.40200883849491,20.8002403832263
6785,271.36,0.98,1,-0.067,0.301,0.074,0.045,0.002,0.08,0.0,0.0,0.0,0.45,2.4,0.0,0.63,1.48,0.26,0.0,0.22,0.06,0.0,2.26,1.42,0.0,0.0,0.0,0.0,0.0,1.0,1.0,0.0,0.0,1.0,1.0,0.0,0.0,0.0,0.0,1.0,1.0,0.0,0.0,0.18786339184555567,22.400223213173433,20.900239233080654
6786,271.4,0.98,1,-0.068,0.297,0.075,0.046,0.002,0.09,0.0,0.0,0.0,0.45,2.45,0.0,0.66,1.5,0.3,0.0,0.22,0.06,0.0,2.13,1.35,0.0,0.0,0.0,0.0,0.0,1.0,1.0,0.0,0.0,1.0,1.0,0.0,0.0,0.0,0.0,1.0,1.0,0.0,0.0,0.19177819594784096,21.900228309312304,20.799999999999955
6787,271.44,0.98,1,-0.069,0.314,0.074,0.046,0.001,0.08,0.0,0.0,0.01,0.47,2.37,0.04,0.59,1.49,0.29,0.0,0.21,0.06,0.0,2.08,1.24,0.0,0.0,0.0,0.0,0.0,1.0,1.0,0.0,0.0,1.0,1.0,0.0,0.0,0.0,0.0,1.0,0.0,0.0,0.0,0.18681233481711726,21.800229356591597,20.70096616102741
6788,271.48,0.98,1,-0.075,0.306,0.073,0.051,-0.002,0.03,0.0,0.0,0.01,0.53,2.19,0.11,0.6,1.44,0.25,0.0,0.18,0.0,0.0,2.03,1.05,0.0,0.0,0.0,0.0,0.0,1.0,1.0,1.0,0.0,1.0,1.0,0.0,0.0,0.0,0.0,1.0,0.0,0.0,0.0,0.1802184450660292,22.200000000000045,20.5
6789,271.52,0.98,1,-0.083,0.31,0.074,0.051,-0.004,0.02,0.0,0.0,0.01,0.52,2.24,0.16,0.63,1.4,0.23,0.0,0.14,0.06,0.0,1.95,1.0,0.0,0.0,0.0,0.0,0.0,1.0,1.0,1.0,0.0,1.0,1.0,0.0,0.0,0.0,0.0,1.0,0.0,0.0,0.0,0.17760828407351126,22.899999999999864,20.300000000000182
6790,271.56,0.98,1,-0.087,0.307,0.075,0.053,-0.006,0.01,0.0,0.0,0.0,0.51,2.37,0.17,0.67,1.41,0.27,0.0,0.18,0.06,0.0,1.89,1.0,0.0,0.0,0.0,0.0,0.0,1.0,1.0,1.0,1.0,1.0,1.0,0.0,0.0,0.0,0.0,1.0,0.0,0.0,0.0,0.18480829814998706,22.799999999999955,20.8002403832263
6791,271.6,0.98,1,-0.087,0.305,0.073,0.053,-0.008,0.01,0.0,0.0,0.0,0.42,2.5,0.1,0.69,1.44,0.33,0.0,0.17,0.06,0.0,1.86,1.05,0.0,0.0,0.0,0.0,0.0,1.0,1.0,1.0,1.0,1.0,1.0,0.0,0.0,0.0,0.0,1.0,0.0,0.0,0.0,0.18137105472920284,23.300214591286675,20.60024271701662
6792,271.64,0.98,1,-0.081,0.31,0.073,0.055,-0.013,0.04,0.04,0.0,0.0,0.42,2.44,0.05,0.65,1.46,0.4,0.0,0.15,0.0,0.0,1.92,1.08,0.0,0.0,0.0,0.0,0.0,1.0,1.0,1.0,1.0,1.0,1.0,0.0,0.0,0.0,0.0,1.0,0.0,0.0,0.0,0.18160249368396703,22.90021833957034,20.60024271701662
6793,271.68,0.98,1,-0.077,0.31,0.068,0.056,-0.017,0.03,0.04,0.0,0.04,0.5,2.39,0.01,0.71,1.48,0.31,0.0,0.07,0.0,0.0,2.04,1.1,0.0,0.0,0.0,0.0,0.0,1.0,1.0,1.0,1.0,1.0,1.0,0.0,0.0,0.0,0.0,1.0,1.0,0.0,0.0,0.17832445321672719,22.801973598791793,20.600242717016847
6794,271.72,0.98,1,-0.08,0.311,0.07,0.058,-0.022,0.05,0.04,0.0,0.04,0.64,2.43,0.07,0.71,1.5,0.29,0.0,0.03,0.06,0.0,2.19,1.18,0.0,0.0,0.0,0.0,0.0,1.0,1.0,1.0,1.0,1.0,1.0,0.0,0.0,0.0,0.0,1.0,1.0,0.0,0.0,0.17953670533361304,22.70088104017115,20.500975586542218
6795,271.76,0.98,1,-0.102,0.312,0.074,0.059,-0.024,0.01,0.0,0.0,0.04,0.72,2.34,0.13,0.69,1.49,0.19,0.0,0.0,0.08,0.0,2.34,1.26,0.0,0.0,0.0,0.0,0.0,1.0,1.0,1.0,1.0,1.0,1.0,0.0,0.0,0.0,0.0,1.0,1.0,0.0,0.0,0.1792777748604038,23.900836805434103,19.801010075246115
6796,271.8,0.98,1,-0.107,0.308,0.069,0.057,-0.021,0.02,0.0,0.0,0.0,0.74,2.43,0.17,0.64,1.49,0.18,0.0,0.0,0.08,0.0,2.39,1.28,0.0,0.0,0.0,0.0,0.0,1.0,1.0,1.0,1.0,1.0,1.0,0.0,0.0,0.0,0.0,1.0,1.0,0.0,0.0,0.17963892173931245,23.70084386683314,20.30221662774777
6797,271.84,0.98,1,-0.098,0.311,0.075,0.061,-0.025,0.0,0.0,0.0,0.0,0.78,2.44,0.11,0.56,1.49,0.13,0.0,0.0,0.01,0.0,2.38,1.3,0.0,0.0,0.0,0.0,0.0,1.0,1.0,1.0,1.0,1.0,1.0,0.0,0.0,0.0,0.0,1.0,1.0,0.0,0.0,0.1834991161670291,23.800840321299535,20.300246303924446
6798,271.88,0.98,1,-0.097,0.311,0.073,0.061,-0.025,0.0,0.0,0.0,0.05,0.84,2.51,0.04,0.52,1.55,0.18,0.0,0.0,0.04,0.0,2.34,1.36,0.0,0.0,0.0,0.0,0.0,1.0,1.0,1.0,1.0,1.0,1.0,0.0,0.0,0.0,0.0,1.0,1.0,0.0,0.0,0.1814240566224979,23.700210969525187,20.400245096566717
6799,271.92,0.98,1,-0.09,0.315,0.072,0.062,-0.026,0.0,0.0,0.0,0.05,0.88,2.58,0.0,0.53,1.56,0.21,0.0,0.0,0.04,0.0,2.4,1.41,0.18,0.0,0.0,0.0,0.0,1.0,1.0,1.0,1.0,1.0,1.0,0.0,0.0,0.0,0.0,1.0,1.0,0.0,0.0,0.18182728730792974,23.500212764994277,20.20222759994555
6800,271.96,0.98,1,-0.072,0.322,0.073,0.062,-0.025,0.16,0.0,0.0,0.05,0.78,2.15,0.04,0.6,1.58,0.26,0.0,0.0,0.07,0.0,2.45,1.44,0.83,0.0,0.0,0.0,0.0,1.0,1.0,1.0,1.0,1.0,1.0,0.0,0.0,0.0,0.0,1.0,1.0,0.0,1.0,0.16456052561323176,20.306156701847797,18.626862323000218
6801,272.0,0.98,1,-0.057,0.396,0.049,0.058,-0.019,0.34,0.0,0.0,0.0,0.61,1.69,0.09,0.68,1.55,0.33,0.0,0.0,0.11,0.0,2.55,1.28,1.59,0.0,0.0,0.0,0.0,1.0,1.0,0.0,1.0,1.0,1.0,0.0,0.0,0.0,0.0,1.0,1.0,0.0,1.0,0.16669384772511558,17.414074767267866,20.778113485107394
6802,272.04,0.98,1,-0.068,0.421,0.05,0.06,-0.021,0.43,0.0,0.0,0.0,0.45,1.21,0.12,0.75,1.49,0.47,0.0,0.03,0.17,0.0,2.5,1.32,2.06,0.0,0.0,0.0,0.0,1.0,1.0,1.0,1.0,1.0,1.0,0.0,0.0,0.0,0.0,1.0,1.0,0.0,1.0,0.15619864239786635,17.404022523543407,19.059118552545918
6803,272.08,0.98,1,-0.067,0.37,0.035,0.06,-0.019,0.33,0.07,0.0,0.0,0.44,1.5,0.08,0.7,1.43,0.4,0.0,0.07,0.15,0.0,2.44,1.31,1.84,0.0,0.0,0.0,0.0,1.0,1.0,1.0,1.0,1.0,1.0,0.0,0.0,0.0,0.0,1.0,1.0,0.0,1.0,0.15561647999087402,20.141995928904272,20.969024774652702
6804,272.12,0.98,1,-0.06,0.33,0.039,0.059,-0.017,0.22,0.17,0.0,0.0,0.6,2.08,0.06,0.76,1.41,0.39,0.0,0.07,0.1,0.0,2.3,1.45,1.24,0.0,0.0,0.0,0.0,1.0,1.0,1.0,1.0,1.0,1.0,0.0,0.0,0.0,0.0,1.0,1.0,0.0,1.0,0.17212642446833498,19.10235587565043,19.525624189766635
6805,272.16,0.98,1,-0.065,0.344,0.051,0.06,-0.018,0.18,0.32,0.0,0.0,0.78,2.57,0.09,0.77,1.46,0.33,0.0,0.04,0.08,0.0,2.3,1.45,0.8,0.0,0.0,0.0,0.0,1.0,1.0,1.0,1.0,1.0,1.0,0.0,0.0,0.0,0.0,1.0,1.0,0.0,1.0,0.15261559552372334,18.309833423600736,17.34156855650614
6806,272.2,0.98,1,-0.078,0.33,0.049,0.059,-0.016,0.17,0.39,0.0,0.0,0.85,2.75,0.09,0.81,1.49,0.35,0.0,0.0,0.08,0.0,2.31,1.49,0.57,0.0,0.0,0.0,0.0,1.0,1.0,1.0,1.0,1.0,1.0,0.0,0.0,0.0,0.0,1.0,1.0,0.0,0.0,0.15552117033848697,19.40412327316036,17.223530416264882
6807,272.24,0.98,1,-0.082,0.324,0.05,0.056,-0.015,0.1,0.34,0.0,0.0,0.83,2.66,0.06,0.73,1.5,0.27,0.0,0.0,0.05,0.0,2.32,1.46,0.51,0.0,0.0,0.0,0.0,1.0,1.0,1.0,1.0,1.0,1.0,0.0,0.0,0.0,0.0,1.0,1.0,0.0,0.0,0.159330694004794,19.200000000000045,17.906981878585885
6808,272.28,0.98,1,-0.074,0.308,0.042,0.053,-0.014,0.06,0.32,0.0,0.0,0.8,2.52,0.03,0.66,1.5,0.25,0.0,0.0,0.08,0.0,2.28,1.38,0.44,0.0,0.0,0.0,0.0,1.0,1.0,1.0,1.0,1.0,1.0,0.0,0.0,0.0,0.0,1.0,1.0,0.0,0.0,0.16100169477607867,19.5,18.206866836443925
6809,272.32,0.98,1,-0.068,0.294,0.041,0.053,-0.015,0.01,0.17,0.0,0.0,0.8,2.5,0.05,0.58,1.51,0.26,0.0,0.0,0.08,0.0,2.22,1.18,0.45,0.0,0.0,0.0,0.0,1.0,1.0,1.0,1.0,1.0,1.0,0.0,0.0,0.0,0.0,1.0,1.0,0.0,0.0,0.1612284787578968,20.808652046684767,18.20439507371771
6810,272.36,0.98,1,-0.067,0.306,0.04,0.053,-0.017,0.01,0.12,0.0,0.0,0.74,2.39,0.05,0.58,1.48,0.34,0.0,0.02,0.08,0.0,2.18,1.07,0.46,0.0,0.0,0.0,0.0,1.0,1.0,0.0,1.0,1.0,1.0,0.0,0.0,0.0,0.0,1.0,1.0,0.0,0.0,0.16299982686140244,20.400980368600028,18.521878954361092
6811,272.4,0.98,1,-0.07,0.302,0.044,0.055,-0.018,0.0,0.03,0.0,0.0,0.67,2.32,0.04,0.61,1.52,0.37,0.0,0.05,0.0,0.0,2.1,0.98,0.43,0.0,0.0,0.0,0.0,1.0,1.0,0.0,1.0,1.0,1.0,0.0,0.0,0.0,0.0,1.0,1.0,0.0,0.0,0.16092702436066103,21.303755537463296,19.112822920751416
6812,272.44,0.98,1,-0.072,0.295,0.043,0.051,-0.016,0.0,0.07,0.0,0.0,0.6,2.19,0.02,0.63,1.51,0.41,0.0,0.13,0.0,0.0,2.08,1.02,0.26,0.0,0.0,0.0,0.0,1.0,1.0,0.0,0.0,1.0,1.0,0.0,0.0,0.0,0.0,1.0,1.0,0.0,0.0,0.16324813320934706,21.60370338622515,19.21275617916381
6813,272.48,0.98,1,-0.069,0.3,0.04,0.049,-0.014,0.0,0.07,0.0,0.0,0.56,2.19,0.06,0.53,1.49,0.39,0.0,0.2,0.06,0.0,2.06,1.01,0.2,0.0,0.0,0.0,0.0,1.0,1.0,0.0,0.0,1.0,1.0,0.0,0.0,0.0,0.0,1.0,1.0,0.0,0.0,0.16480235160601892,20.903827400741577,19.51640335717624
6814,272.52,0.98,1,-0.066,0.299,0.043,0.048,-0.011,0.0,0.07,0.0,0.0,0.54,2.27,0.04,0.47,1.45,0.37,0.0,0.25,0.14,0.0,2.12,1.1,0.1,0.0,0.0,0.0,0.0,1.0,1.0,0.0,0.0,1.0,1.0,0.0,0.0,0.0,0.0,1.0,1.0,0.0,0.0,0.16848880495371213,21.002142747824564,19.512560057562922
6815,272.56,0.98,1,-0.07,0.302,0.045,0.046,-0.009,0.0,0.04,0.0,0.0,0.51,2.23,0.04,0.5,1.4,0.41,0.0,0.3,0.14,0.0,2.15,1.16,0.14,0.0,0.0,0.0,0.0,1.0,1.0,0.0,0.0,1.0,1.0,0.0,0.0,0.0,0.0,1.0,1.0,0.0,0.0,0.1684755558146219,21.608331726443065,19.512560057562926
6816,272.6,0.98,1,-0.07,0.307,0.05,0.048,-0.008,0.0,0.04,0.0,0.0,0.5,2.31,0.04,0.53,1.39,0.41,0.0,0.31,0.08,0.0,2.18,1.15,0.08,0.0,0.0,0.0,0.0,1.0,1.0,0.0,0.0,1.0,1.0,0.0,0.0,0.0,0.0,1.0,1.0,0.0,0.0,0.16723030706655106,21.714741536569157,19.812369873389663
6817,272.64,0.98,1,-0.07,0.302,0.049,0.045,-0.003,0.0,0.01,0.0,0.0,0.51,2.26,0.06,0.54,1.39,0.35,0.0,0.3,0.0,0.0,2.13,1.09,0.11,0.0,0.0,0.0,0.0,1.0,1.0,0.0,0.0,1.0,1.0,0.0,0.0,0.0,0.0,1.0,1.0,0.0,0.0,0.16889066977860606,21.72302925468734,19.804039991880625
6818,272.68,0.98,1,-0.073,0.306,0.049,0.041,0.0,0.0,0.01,0.0,0.0,0.57,2.3,0.06,0.47,1.41,0.2,0.0,0.23,0.0,0.0,2.02,1.11,0.09,0.0,0.0,0.0,0.0,1.0,1.0,0.0,0.0,1.0,1.0,0.0,0.0,0.0,0.0,1.0,1.0,0.0,0.0,0.16916852316739012,21.718655575334353,19.604081207748692
6819,272.72,0.98,1,-0.074,0.295,0.044,0.035,0.002,0.0,0.01,0.0,0.0,0.59,2.13,0.02,0.43,1.44,0.11,0.0,0.2,0.05,0.0,1.97,1.23,0.09,0.0,0.0,0.0,0.0,1.0,1.0,0.0,0.0,1.0,1.0,0.0,0.0,0.0,0.0,1.0,1.0,0.0,0.0,0.17214075225646963,21.50581316760657,19.806312125178863
6820,272.76,0.98,1,-0.07,0.28,0.044,0.031,0.002,0.0,0.03,0.0,0.0,0.63,1.98,0.01,0.4,1.43,0.08,0.0,0.17,0.05,0.0,1.95,1.26,0.06,0.0,0.0,0.0,0.0,1.0,1.0,1.0,0.0,1.0,1.0,0.0,0.0,0.0,0.0,1.0,1.0,0.0,0.0,0.1857342873679576,21.803669415949187,20.108953229842808
6821,272.8,0.98,1,-0.075,0.279,0.047,0.032,-0.001,0.0,0.03,0.0,0.0,0.62,1.81,0.01,0.37,1.43,0.09,0.0,0.15,0.06,0.0,2.04,1.28,0.0,0.0,0.0,0.0,0.0,1.0,1.0,0.0,0.0,1.0,1.0,0.0,0.0,0.0,0.0,1.0,1.0,0.0,0.0,0.19068990827100799,21.30586773637718,19.909043171383065
6822,272.84,0.98,1,-0.069,0.277,0.049,0.032,-0.005,0.0,0.03,0.0,0.0,0.62,1.82,0.04,0.4,1.47,0.1,0.0,0.16,0.12,0.0,2.07,1.25,0.0,0.0,0.0,0.0,0.0,1.0,1.0,0.0,0.0,1.0,1.0,0.0,0.0,0.0,0.0,1.0,1.0,0.0,0.0,0.18717556804220564,21.60208323287354,20.108953229842808
6823,272.88,0.98,1,-0.071,0.276,0.046,0.031,-0.005,0.0,0.07,0.0,0.0,0.57,1.75,0.04,0.4,1.48,0.11,0.0,0.17,0.2,0.0,2.14,1.29,0.0,0.0,0.0,0.0,0.0,1.0,1.0,0.0,0.0,1.0,1.0,0.0,0.0,0.0,0.0,1.0,1.0,0.0,0.0,0.18678949002264725,21.3037555374633,20.811775512915716
6824,272.92,0.98,1,-0.066,0.274,0.041,0.03,-0.003,0.0,0.07,0.0,0.0,0.56,1.9,0.03,0.46,1.5,0.2,0.0,0.21,0.33,0.04,2.24,1.4,0.0,0.0,0.0,0.0,0.0,1.0,1.0,0.0,0.0,1.0,1.0,0.0,0.0,0.0,0.0,1.0,1.0,0.0,0.0,0.1888639938108898,21.602083232873767,20.908610666421712
6825,272.96,0.98,1,-0.066,0.286,0.044,0.032,-0.005,0.0,0.09,0.0,0.0,0.6,2.08,0.0,0.58,1.53,0.37,0.0,0.48,0.36,0.13,2.29,1.49,0.0,0.0,0.0,0.0,0.0,1.0,1.0,0.0,0.0,1.0,1.0,0.0,0.0,0.0,0.0,1.0,1.0,0.0,0.0,0.18632558235190863,21.403737991294747,20.71545316907168
6826,273.0,0.98,1,-0.058,0.283,0.048,0.03,-0.005,0.0,0.03,0.0,0.0,0.69,2.24,0.0,0.71,1.59,0.73,0.0,0.91,0.61,0.32,2.25,1.6,0.0,0.0,0.0,0.0,0.0,1.0,1.0,0.0,0.0,1.0,1.0,0.0,1.0,0.0,0.0,1.0,1.0,0.0,0.0,0.18332530110596545,22.30560467685214,19.70634415613413
6827,273.04,0.98,1,-0.054,0.276,0.047,0.029,-0.005,0.0,0.03,0.0,0.0,0.71,2.24,0.0,0.79,1.63,0.98,0.0,1.28,0.65,0.47,2.0,1.52,0.0,0.0,0.0,0.0,0.0,1.0,1.0,0.0,1.0,1.0,1.0,0.0,1.0,0.0,0.0,1.0,1.0,0.0,0.0,0.18406871500365568,22.20360331117456,20.102238681301056
6828,273.08,0.98,1,-0.057,0.278,0.046,0.035,-0.008,0.0,0.03,0.0,0.0,0.75,2.2,0.0,0.83,1.67,1.17,0.0,1.46,0.75,0.62,1.8,1.45,0.0,0.0,0.0,0.0,0.0,1.0,1.0,0.0,1.0,1.0,1.0,0.0,1.0,0.0,0.0,1.0,0.0,0.0,0.0,0.18201415699689888,22.305604676851914,20.306156701847797
6829,273.12,0.98,1,-0.057,0.276,0.041,0.035,-0.008,0.0,0.02,0.0,0.0,0.75,2.23,0.0,0.84,1.69,1.18,0.0,1.56,0.67,0.7,1.61,1.42,0.0,0.0,0.0,0.0,0.0,1.0,1.0,0.0,1.0,1.0,1.0,0.0,1.0,0.0,0.0,1.0,0.0,0.0,0.0,0.18516589960990515,22.103619613086135,20.40392119177082
6830,273.16,0.98,1,-0.059,0.276,0.036,0.034,-0.007,0.0,0.02,0.0,0.0,0.76,2.24,0.0,0.87,1.77,1.27,0.0,1.67,0.77,0.78,1.49,1.38,0.0,0.0,0.0,0.0,0.0,1.0,1.0,0.0,1.0,1.0,1.0,0.0,1.0,0.0,0.0,1.0,0.0,0.0,0.0,0.1850219864577582,21.90205469813287,20.606067067735083
6831,273.2,0.98,1,-0.061,0.258,0.036,0.028,-0.007,0.0,0.0,0.0,0.0,0.74,2.29,0.02,0.82,1.75,1.29,0.0,1.7,0.67,0.81,1.39,1.33,0.0,0.0,0.0,0.0,0.0,1.0,1.0,0.0,1.0,1.0,1.0,0.0,1.0,0.0,0.0,1.0,0.0,0.0,0.0,0.2033674299121508,21.70368632283447,20.799999999999955
6832,273.24,0.98,1,-0.053,0.276,0.042,0.025,-0.007,0.0,0.0,0.0,0.0,0.71,2.29,0.07,0.85,1.77,1.29,0.0,1.6,0.58,0.8,1.29,1.19,0.0,0.0,0.0,0.0,0.0,1.0,1.0,0.0,1.0,1.0,1.0,0.0,1.0,0.0,0.0,1.0,0.0,0.0,0.0,0.1828318847333929,22.103619613085908,20.50219500443794
6833,273.28,0.98,1,-0.048,0.28,0.042,0.022,-0.007,0.0,0.0,0.0,0.0,0.69,2.39,0.1,0.88,1.72,1.2,0.0,1.47,0.55,0.69,1.41,1.11,0.0,0.0,0.0,0.0,0.0,1.0,1.0,0.0,1.0,1.0,1.0,0.0,1.0,0.0,0.0,1.0,0.0,0.0,0.0,0.18342075766860189,22.105655384991554,20.40392119177082
6834,273.32,0.98,1,-0.049,0.277,0.045,0.016,-0.004,0.0,0.0,0.0,0.0,0.66,2.31,0.11,0.9,1.75,1.03,0.0,1.43,0.61,0.56,1.46,0.96,0.0,0.0,0.0,0.0,0.0,1.0,1.0,0.0,1.0,1.0,1.0,0.0,1.0,0.0,0.0,1.0,0.0,0.0,0.0,0.18759686401742126,22.403571143904806,20.50219500443794
6835,273.36,0.98,1,-0.043,0.276,0.044,0.013,-0.003,0.0,0.0,0.0,0.0,0.65,2.38,0.12,0.93,1.71,0.88,0.0,1.41,0.75,0.43,1.56,0.88,0.0,0.0,0.0,0.0,0.0,1.0,1.0,0.0,1.0,1.0,1.0,0.0,1.0,0.0,0.0,1.0,0.0,0.0,0.0,0.18574787275564708,22.200900882621905,20.302216627747775
6836,273.4,0.98,1,-0.039,0.281,0.052,0.007,-0.003,0.0,0.0,0.0,0.0,0.66,2.3,0.14,0.98,1.74,0.81,0.0,1.47,0.73,0.34,1.5,0.84,0.0,0.0,0.0,0.0,0.0,1.0,1.0,0.0,1.0,1.0,1.0,0.0,1.0,0.0,0.0,1.0,0.0,0.0,0.0,0.18806607298522426,22.09999999999991,20.40220576310303
6837,273.44,0.98,1,-0.031,0.28,0.052,0.004,-0.003,0.0,0.0,0.0,0.0,0.64,2.32,0.17,0.97,1.76,0.78,0.0,1.46,0.57,0.2,1.37,0.82,0.3,0.0,0.0,0.0,0.0,1.0,1.0,0.0,1.0,1.0,1.0,0.0,1.0,0.0,0.0,1.0,0.0,0.0,0.0,0.18740988566014893,21.50209292138791,20.402205763103254
6838,273.48,0.98,1,-0.036,0.32,0.048,-0.0,-0.001,0.09,0.0,0.0,0.0,0.49,1.56,0.16,0.96,1.83,0.86,0.0,1.31,0.42,0.08,1.43,0.73,0.99,0.0,0.0,0.0,0.0,1.0,1.0,0.0,1.0,1.0,1.0,0.0,1.0,0.0,0.0,1.0,0.0,0.0,1.0,0.18363682362086292,19.701015202268174,17.383325343558365
6839,273.52,0.98,1,-0.008,0.403,0.034,-0.017,0.006,0.25,0.0,0.0,0.0,0.37,1.09,0.15,1.03,1.87,0.9,0.0,0.95,0.44,0.01,1.51,0.66,1.72,0.0,0.0,0.0,0.0,1.0,1.0,0.0,1.0,1.0,1.0,0.0,1.0,0.0,0.0,1.0,0.0,0.0,1.0,0.15776445192034788,16.95670958647338,20.35534327885428
6840,273.56,0.98,1,-0.026,0.429,0.046,0.002,-0.018,0.25,0.0,0.0,0.0,0.36,0.69,0.16,1.01,1.82,0.94,0.0,0.73,0.44,0.0,1.7,0.66,2.01,0.0,0.0,0.0,0.0,1.0,1.0,0.0,1.0,1.0,1.0,0.0,1.0,0.0,0.0,1.0,0.0,0.0,1.0,0.15625568366332748,16.378339354159145,20.69685966517617
6841,273.6,0.98,1,-0.036,0.364,0.03,0.001,-0.003,0.15,0.0,0.0,0.0,0.42,1.26,0.16,0.91,1.77,0.86,0.0,0.67,0.31,0.0,1.71,0.76,1.63,0.0,0.0,0.0,0.0,1.0,1.0,0.0,1.0,1.0,1.0,0.0,1.0,0.0,0.0,1.0,0.0,0.0,1.0,0.15749654776715905,18.569060288555264,19.450449866262822
6842,273.64,0.98,1,-0.04,0.356,0.049,-0.004,-0.0,0.0,0.0,0.0,0.0,0.46,1.68,0.23,0.77,1.65,0.7,0.0,0.72,0.05,0.0,1.8,0.88,1.22,0.0,0.0,0.0,0.0,1.0,1.0,0.0,1.0,1.0,1.0,0.0,1.0,0.0,0.0,1.0,0.0,0.0,1.0,0.17215966175165698,16.707483353276206,17.740631330367073
6843,273.68,0.98,1,-0.022,0.367,0.052,-0.003,0.004,0.0,0.0,0.0,0.0,0.43,2.17,0.23,0.78,1.62,0.58,0.0,0.63,0.01,0.0,1.84,1.05,0.89,0.0,0.0,0.0,0.0,1.0,1.0,0.0,1.0,1.0,1.0,0.0,1.0,0.0,0.0,1.0,0.0,0.0,1.0,0.15272436943030993,17.60454486773222,17.066048165876012
6844,273.72,0.98,1,-0.024,0.353,0.05,-0.008,0.008,0.03,0.0,0.0,0.0,0.6,2.68,0.27,0.93,1.63,0.57,0.0,0.53,0.06,0.0,1.84,1.11,0.62,0.0,0.0,0.0,0.0,1.0,1.0,0.0,1.0,1.0,1.0,0.0,1.0,0.0,0.0,1.0,0.0,0.0,1.0,0.1502057690824301,16.401219466856816,17.341568556506246
6845,273.76,0.98,1,-0.021,0.325,0.048,0.003,-0.012,0.03,0.0,0.0,0.0,0.67,2.78,0.18,0.9,1.67,0.62,0.0,0.56,0.06,0.0,1.75,1.14,0.41,0.0,0.0,0.0,0.0,1.0,1.0,0.0,1.0,1.0,1.0,0.0,1.0,0.0,0.0,1.0,1.0,0.0,1.0,0.15526452862544673,17.917868176766873,17.70254219031836
6846,273.8,0.98,1,-0.024,0.312,0.054,-0.005,0.0,0.03,0.0,0.0,0.0,0.67,2.53,0.21,0.92,1.69,0.58,0.0,0.54,0.06,0.0,1.81,1.21,0.21,0.0,0.0,0.0,0.0,1.0,1.0,0.0,1.0,1.0,1.0,0.0,0.0,0.0,0.0,1.0,1.0,0.0,0.0,0.15461477104145974,18.30682932678399,18.501081049495458
6847,273.84,0.98,1,-0.023,0.32,0.068,-0.008,0.002,0.0,0.0,0.0,0.0,0.61,2.26,0.17,0.92,1.68,0.55,0.0,0.4,0.03,0.0,1.93,1.29,0.19,0.0,0.0,0.0,0.0,1.0,1.0,0.0,1.0,1.0,1.0,0.0,0.0,0.0,0.0,1.0,1.0,0.0,0.0,0.16149177533738707,18.704277585622002,18.5024322725419
6848,273.88,0.98,1,-0.019,0.309,0.058,0.0,-0.017,0.0,0.0,0.0,0.0,0.61,2.21,0.15,0.95,1.67,0.4,0.0,0.31,0.03,0.0,2.0,1.38,0.08,0.0,0.0,0.0,0.0,1.0,1.0,0.0,1.0,1.0,1.0,0.0,0.0,0.0,0.0,1.0,1.0,0.0,0.0,0.16729892375706878,19.302331465395525,19.706344156133902
6849,273.92,0.98,1,-0.015,0.31,0.066,-0.009,-0.004,0.0,0.0,0.0,0.0,0.76,2.62,0.04,1.06,1.66,0.58,0.0,0.15,0.04,0.0,2.04,1.43,0.02,0.0,0.0,0.0,0.0,1.0,1.0,0.0,1.0,1.0,1.0,0.0,0.0,0.0,0.0,1.0,1.0,0.0,0.0,0.17627569024784873,19.402319448973195,19.70634415613413
6850,273.96,0.98,1,-0.007,0.293,0.057,-0.016,-0.035,0.05,0.05,0.0,0.0,0.82,2.55,0.13,1.1,1.67,0.48,0.0,0.14,0.01,0.0,2.17,1.52,0.0,0.0,0.0,0.0,0.0,1.0,1.0,1.0,1.0,1.0,1.0,0.0,0.0,0.0,0.0,1.0,1.0,0.0,0.0,0.18193083940952226,19.501025614054253,20.603883129158095
6851,274.0,0.98,1,-0.013,0.299,0.069,0.0,-0.036,0.05,0.05,0.0,0.0,0.9,2.67,0.24,1.2,1.65,0.6,0.0,0.0,0.01,0.0,2.27,1.73,0.0,0.0,0.0,0.0,0.0,1.0,1.0,0.0,1.0,1.0,1.0,0.0,0.0,0.0,0.0,1.0,1.0,0.0,0.0,0.17960580840061127,20.603883129157868,21.008569680013917
6852,274.04,0.98,1,0.004,0.286,0.06,-0.019,-0.024,0.07,0.05,0.0,0.0,0.9,2.69,0.33,1.21,1.63,0.48,0.0,0.0,0.0,0.0,2.44,1.78,0.02,0.0,0.0,0.0,0.0,1.0,1.0,0.0,1.0,1.0,1.0,0.0,0.0,0.0,0.0,1.0,1.0,0.0,0.0,0.1895639505803327,20.70096616102741,20.899999999999864
6853,274.08,0.98,1,-0.014,0.307,0.073,-0.002,-0.033,0.03,0.0,0.0,0.0,0.85,2.83,0.25,1.09,1.66,0.38,0.0,0.0,0.0,0.0,2.64,1.93,0.02,0.0,0.0,0.0,0.0,1.0,1.0,0.0,1.0,1.0,1.0,0.0,0.0,0.0,0.0,1.0,1.0,0.0,0.0,0.17956515970032572,20.10397970552113,21.00380917833715
6854,274.12,0.98,1,-0.001,0.299,0.083,-0.016,-0.011,0.13,0.11,0.0,0.0,0.84,2.85,0.14,1.11,1.73,0.46,0.0,0.0,0.04,0.0,2.7,1.8,0.02,0.0,0.0,0.0,0.0,1.0,1.0,0.0,1.0,1.0,1.0,0.0,0.0,0.0,0.0,1.0,1.0,0.0,0.0,0.18734321783340424,20.500975586542218,21.300938946440787
6855,274.16,0.98,1,0.006,0.284,0.072,-0.021,-0.039,0.11,0.11,0.0,0.0,0.91,2.85,0.05,1.16,1.8,0.46,0.0,0.0,0.04,0.0,2.7,1.73,0.02,1.0,0.0,0.0,0.0,1.0,1.0,0.0,1.0,1.0,1.0,0.0,0.0,0.0,0.0,1.0,1.0,0.0,0.0,0.19832052983993942,20.700966161027182,21.000238093888363
6856,274.2,0.98,1,-0.007,0.297,0.061,-0.018,-0.045,0.23,0.25,0.0,0.0,1.01,2.95,0.06,1.27,1.78,0.64,0.0,0.0,0.04,0.0,2.56,1.58,0.02,1.0,0.0,0.0,0.0,1.0,1.0,0.0,1.0,1.0,1.0,0.0,0.0,0.0,0.0,1.0,1.0,0.0,0.0,0.17620195643037828,20.403921191771047,20.5
6857,274.24,0.98,1,-0.006,0.307,0.072,-0.01,-0.055,0.18,0.16,0.0,0.0,1.09,2.99,0.16,1.25,1.74,0.54,0.0,0.0,0.0,0.0,2.8,1.65,0.02,1.0,0.0,0.0,0.0,1.0,1.0,0.0,1.0,1.0,1.0,0.0,0.0,0.0,0.0,1.0,1.0,0.0,0.0,0.1773518939389983,20.4009803685998,20.100248754679765
6858,274.28,0.98,1,-0.009,0.32,0.095,-0.01,-0.025,0.18,0.18,0.0,0.0,1.03,2.88,0.19,1.07,1.72,0.59,0.0,0.0,0.0,0.0,3.13,1.95,0.0,1.0,0.0,0.0,0.0,1.0,1.0,0.0,1.0,1.0,1.0,0.0,0.0,0.0,0.0,1.0,1.0,0.0,0.0,0.1738236727770676,19.800252523642172,20.400980368600028
6859,274.32,0.98,1,-0.005,0.323,0.109,-0.02,-0.01,0.04,0.05,0.0,0.0,0.99,2.84,0.17,1.01,1.7,0.65,0.0,0.0,0.02,0.0,3.17,2.03,0.04,0.0,0.0,0.0,0.0,1.0,1.0,0.0,1.0,1.0,1.0,0.0,0.0,0.0,0.0,1.0,1.0,0.0,0.0,0.18666131549209622,19.50102561405425,20.299999999999955
6860,274.36,0.98,1,-0.002,0.303,0.08,-0.013,-0.034,0.0,0.06,0.0,0.0,0.96,2.85,0.19,0.97,1.68,0.63,0.0,0.0,0.04,0.0,2.97,1.98,0.07,0.0,0.0,0.0,0.0,1.0,1.0,1.0,1.0,1.0,1.0,0.0,0.0,0.0,0.0,1.0,1.0,0.0,0.0,0.1848359891854961,20.200990074746382,19.90000000000009
6861,274.4,0.98,1,-0.012,0.311,0.071,0.007,-0.031,0.02,0.03,0.0,0.0,0.92,2.82,0.2,1.11,1.66,0.63,0.0,0.0,0.04,0.0,2.64,1.72,0.07,0.0,0.0,0.0,0.0,1.0,1.0,1.0,1.0,1.0,1.0,0.0,0.0,0.0,0.0,1.0,1.0,0.0,0.0,0.17255795108585067,19.59999999999991,20.400245096566945
6862,274.44,0.98,1,-0.012,0.297,0.058,-0.018,-0.011,0.02,0.02,0.0,0.0,0.93,2.68,0.27,1.2,1.7,0.51,0.0,0.0,0.02,0.0,2.5,1.55,0.06,0.0,0.0,0.0,0.0,1.0,1.0,0.0,1.0,1.0,1.0,0.0,0.0,0.0,0.0,1.0,1.0,0.0,0.0,0.1756964710675552,19.902261178067043,20.5
6863,274.48,0.98,1,-0.004,0.291,0.049,-0.02,-0.028,0.04,0.0,0.0,0.09,0.89,2.55,0.22,1.37,1.74,0.57,0.0,0.0,0.01,0.0,2.4,1.41,0.05,0.0,0.0,0.0,0.0,1.0,1.0,0.0,1.0,1.0,1.0,0.0,0.0,0.0,0.0,1.0,1.0,0.0,0.0,0.18146356396918675,20.40392119177105,21.0
6864,274.52,0.98,1,0.001,0.295,0.046,-0.019,-0.033,0.02,0.0,0.0,0.19,0.9,2.54,0.17,1.42,1.77,0.61,0.0,0.0,0.01,0.0,2.34,1.18,0.05,0.0,0.0,0.0,0.0,1.0,1.0,0.0,1.0,1.0,1.0,0.0,0.0,0.0,0.0,1.0,1.0,0.0,0.0,0.18026757445068448,20.20099007474615,21.300000000000182
6865,274.56,0.98,1,0.005,0.28,0.039,-0.02,-0.035,0.03,0.03,0.0,0.23,0.85,2.59,0.09,1.46,1.77,0.62,0.0,0.0,0.01,0.0,2.29,1.13,0.03,0.0,0.0,0.0,0.0,1.0,1.0,0.0,1.0,1.0,1.0,0.0,0.0,0.0,0.0,1.0,1.0,0.0,0.0,0.188633968909889,20.700241544484495,21.200235847744757
6866,274.6,0.98,1,0.005,0.296,0.043,-0.018,-0.039,0.02,0.03,0.0,0.14,0.84,2.7,0.03,1.45,1.75,0.74,0.0,0.0,0.01,0.0,2.23,0.93,0.02,0.0,0.0,0.0,0.0,1.0,1.0,0.0,1.0,1.0,1.0,0.0,0.0,0.0,0.0,1.0,1.0,0.0,0.0,0.17573643261619196,20.5,20.900239233080654
6867,274.64,0.98,1,0.007,0.277,0.036,-0.018,-0.041,0.02,0.03,0.0,0.04,0.81,2.67,0.1,1.48,1.72,0.73,0.0,0.0,0.01,0.0,2.12,0.88,0.02,0.0,0.0,0.0,0.0,1.0,1.0,0.0,1.0,1.0,1.0,0.0,0.0,0.0,0.0,1.0,1.0,0.0,0.0,0.1836444269192514,20.200247523235763,20.8002403832263
6868,274.68,0.98,1,0.001,0.29,0.042,-0.021,-0.045,0.0,0.0,0.0,0.0,0.83,2.76,0.12,1.47,1.71,0.86,0.0,0.0,0.01,0.0,2.09,0.73,0.09,0.0,0.0,0.0,0.0,1.0,1.0,0.0,1.0,1.0,1.0,0.0,0.0,0.0,0.0,1.0,1.0,0.0,0.0,0.18017656145451874,19.900251254695117,20.900956915892497
6869,274.72,0.98,1,-0.002,0.283,0.038,-0.019,-0.049,0.01,0.0,0.0,0.0,0.84,2.87,0.19,1.48,1.7,0.81,0.0,0.0,0.07,0.0,1.98,0.79,0.14,0.0,0.0,0.0,0.0,1.0,1.0,0.0,1.0,1.0,1.0,0.0,0.0,0.0,0.0,1.0,1.0,0.0,0.0,0.18476379045576202,20.106217943710757,21.002142747824568
6870,274.76,0.98,1,0.001,0.28,0.037,-0.014,-0.049,0.01,0.0,0.0,0.0,0.84,3.0,0.2,1.36,1.66,0.91,0.0,0.0,0.17,0.0,1.93,0.76,0.2,0.0,0.0,0.0,0.0,1.0,1.0,0.0,1.0,1.0,1.0,0.0,0.0,0.0,0.0,1.0,1.0,0.0,0.0,0.18996597109339075,20.4009803685998,21.20377324911776
6871,274.8,0.98,1,-0.003,0.278,0.032,-0.01,-0.051,0.03,0.0,0.0,0.0,0.81,2.97,0.25,1.2,1.58,0.87,0.05,0.0,0.18,0.0,1.97,0.86,0.11,0.0,0.0,0.0,0.0,1.0,1.0,0.0,1.0,1.0,1.0,0.0,0.0,0.0,0.0,1.0,1.0,0.0,0.0,0.1856101273085619,20.506096654409877,21.503720608304043
6872,274.84,0.98,1,-0.003,0.294,0.03,0.002,-0.039,0.02,0.0,0.0,0.0,0.73,2.83,0.2,1.05,1.48,0.77,0.08,0.09,0.1,0.0,1.92,0.97,0.06,0.0,0.0,0.0,0.0,1.0,1.0,0.0,1.0,1.0,1.0,0.0,0.0,0.0,0.0,1.0,1.0,0.0,0.0,0.1738850897565311,20.808652046684767,21.303755537463296
6873,274.88,0.98,1,-0.006,0.302,0.037,-0.013,-0.025,0.02,0.0,0.0,0.0,0.65,2.8,0.18,0.98,1.4,0.62,0.08,0.09,0.12,0.0,1.74,1.08,0.0,0.0,0.0,0.0,0.0,1.0,1.0,0.0,1.0,1.0,1.0,1.0,0.0,0.0,0.0,1.0,0.0,0.0,0.0,0.17526658459787176,20.508778608196053,21.103791128609952
6874,274.92,0.98,1,0.002,0.299,0.031,-0.009,-0.04,0.03,0.0,0.0,0.0,0.53,2.82,0.09,0.96,1.31,0.57,0.03,0.09,0.16,0.0,1.41,1.03,0.11,0.0,0.0,0.0,0.0,1.0,1.0,0.0,0.0,1.0,1.0,1.0,0.0,0.0,0.0,1.0,0.0,0.0,0.0,0.17708787619256575,19.91230775173997,21.30844902849567
6875,274.96,0.98,1,0.008,0.304,0.034,-0.007,-0.048,0.08,0.0,0.0,0.0,0.43,2.79,0.14,0.82,1.21,0.48,0.01,0.08,0.16,0.0,1.09,0.88,0.11,0.0,0.0,0.0,0.0,1.0,1.0,0.0,0.0,1.0,1.0,1.0,0.0,0.0,0.0,1.0,0.0,0.0,0.0,0.17726298419193226,19.61249601657057,21.608331726443065
6876,275.0,0.98,1,0.005,0.296,0.024,-0.008,-0.048,0.12,0.0,0.0,0.0,0.35,2.67,0.16,0.67,1.05,0.37,0.1,0.14,0.06,0.0,0.86,0.79,0.11,1.0,0.0,0.0,0.0,1.0,1.0,0.0,0.0,1.0,1.0,1.0,0.0,0.0,0.0,0.0,0.0,0.0,0.0,0.17656226116544377,20.429635336931582,20.915305400591308
6877,275.04,0.98,1,0.008,0.299,0.025,-0.008,-0.048,0.12,0.0,0.0,0.03,0.32,2.47,0.24,0.53,0.92,0.23,0.12,0.28,0.0,0.0,0.62,0.79,0.0,1.0,1.0,0.0,0.0,1.0,1.0,0.0,0.0,1.0,1.0,1.0,0.0,0.0,0.0,0.0,0.0,0.0,0.0,0.1774531368667584,20.61552812808821,20.61552812808821
6878,275.08,0.98,1,0.01,0.284,0.016,-0.012,-0.049,0.09,0.0,0.0,0.03,0.3,2.57,0.27,0.48,0.79,0.23,0.24,0.31,0.0,0.01,0.41,0.75,0.0,1.0,1.0,0.0,0.0,1.0,1.0,0.0,0.0,1.0,1.0,1.0,0.0,0.0,0.0,0.0,0.0,0.0,0.0,0.18243650034853354,20.006249023742555,20.71545316907168
6879,275.12,0.98,1,0.001,0.293,0.031,-0.006,-0.059,0.13,0.04,0.0,0.03,0.22,2.67,0.26,0.36,0.67,0.27,0.27,0.4,0.04,0.05,0.22,0.67,0.0,1.0,1.0,0.0,0.0,1.0,1.0,0.0,0.0,1.0,1.0,1.0,0.0,0.0,0.0,0.0,0.0,0.0,0.0,0.18593528116360142,20.112185361118904,20.611889772653203
6880,275.16,0.98,1,0.001,0.297,0.033,-0.002,-0.063,0.19,0.04,0.0,0.02,0.11,2.49,0.17,0.25,0.58,0.21,0.38,0.45,0.06,0.05,0.06,0.56,0.0,1.0,1.0,0.0,0.0,1.0,1.0,0.0,0.0,1.0,1.0,1.0,0.0,0.0,0.0,0.0,0.0,0.0,0.0,0.18428073271102102,19.90226117806727,21.523243250030884
6881,275.2,0.98,1,0.006,0.282,0.014,-0.006,-0.057,0.19,0.04,0.0,0.02,0.03,2.25,0.09,0.13,0.54,0.18,0.4,0.49,0.06,0.04,0.04,0.52,0.04,1.0,1.0,0.0,0.0,1.0,1.0,0.0,0.0,1.0,1.0,1.0,0.0,0.0,0.0,0.0,0.0,0.0,0.0,0.18974125415537296,19.7124326251227,20.71545316907168
6882,275.24,0.98,1,-0.003,0.293,0.021,-0.004,-0.058,0.09,0.0,0.0,0.02,0.0,2.04,0.07,0.19,0.53,0.12,0.49,0.48,0.02,0.0,0.02,0.55,0.07,1.0,1.0,0.0,0.0,1.0,1.0,0.0,0.0,0.0,1.0,1.0,0.0,0.0,0.0,0.0,0.0,0.0,0.0,0.18651365918678198,19.704060495238075,20.306156701847797
6883,275.28,0.98,1,0.004,0.289,0.02,-0.002,-0.057,0.01,0.0,0.0,0.0,0.0,2.15,0.08,0.16,0.5,0.12,0.48,0.4,0.04,0.0,0.03,0.66,0.17,1.0,1.0,0.0,0.0,1.0,1.0,0.0,0.0,0.0,1.0,1.0,0.0,0.0,0.0,0.0,0.0,0.0,0.0,0.19428215884668404,19.20416621465253,20.306156701847797
6884,275.32,0.98,1,0.002,0.283,0.023,0.0,-0.053,0.0,0.0,0.0,0.0,0.0,1.91,0.07,0.22,0.43,0.07,0.55,0.39,0.13,0.0,0.03,0.82,0.39,1.0,1.0,0.0,0.0,0.0,1.0,0.0,0.0,0.0,1.0,1.0,0.0,0.0,0.0,0.0,1.0,0.0,0.0,0.19576076598691267,19.504102132628407,20.506096654409877
6885,275.36,0.98,1,-0.021,0.297,0.029,-0.013,-0.049,0.27,0.0,0.0,0.0,0.0,1.64,0.02,0.28,0.41,0.17,0.59,0.41,0.29,0.0,0.18,0.91,1.05,1.0,1.0,0.0,0.0,0.0,1.0,0.0,0.0,0.0,1.0,1.0,0.0,0.0,0.0,0.0,1.0,0.0,1.0,0.2322638687901597,17.249057945290858,18.022763384120516
6886,275.4,0.98,1,0.005,0.419,0.04,-0.031,-0.046,0.49,0.0,0.03,0.0,0.0,1.19,0.01,0.37,0.46,0.29,0.62,0.46,0.38,0.0,0.36,0.97,1.55,1.0,1.0,0.0,0.0,0.0,1.0,0.0,0.0,0.0,1.0,1.0,0.0,0.0,0.0,0.0,1.0,0.0,1.0,0.17189712276179347,15.585891055695297,18.08784122000199
6887,275.44,0.98,1,0.014,0.401,0.03,-0.029,-0.037,0.65,0.0,0.03,0.0,0.0,1.0,0.0,0.33,0.52,0.47,0.41,0.53,0.52,0.0,0.43,0.98,1.74,1.0,1.0,0.0,0.0,0.0,1.0,0.0,0.0,0.0,1.0,1.0,0.0,0.0,0.0,0.0,1.0,0.0,1.0,0.1766692610544222,17.18284027743958,18.12208597264675
6888,275.48,0.98,1,-0.007,0.343,0.023,-0.013,-0.037,0.49,0.0,0.03,0.0,0.0,1.06,0.0,0.2,0.61,0.56,0.19,0.57,0.59,0.03,0.35,1.0,1.32,1.0,1.0,0.0,0.0,0.0,1.0,0.0,0.0,0.0,1.0,0.0,0.0,0.0,0.0,0.0,1.0,0.0,1.0,0.1811327136271047,18.94016895384006,20.429880077964185
6889,275.52,0.98,1,-0.008,0.313,0.035,-0.019,-0.036,0.27,0.0,0.0,0.0,0.04,1.43,0.0,0.16,0.66,0.78,0.04,0.59,0.58,0.14,0.21,0.94,0.89,1.0,1.0,0.0,0.0,0.0,1.0,0.0,0.0,1.0,1.0,0.0,0.0,0.0,0.0,0.0,1.0,0.0,1.0,0.19419980688901314,15.902201105507332,17.89077974823899
6890,275.56,0.98,1,0.001,0.288,0.019,-0.019,-0.032,0.11,0.0,0.0,0.0,0.16,1.71,0.0,0.18,0.79,0.95,0.03,0.61,0.53,0.29,0.2,0.94,0.64,1.0,1.0,0.0,0.0,1.0,1.0,0.0,0.0,1.0,1.0,0.0,0.0,0.0,0.0,0.0,1.0,0.0,0.0,0.1872260215107076,17.283807450906224,16.75857989210285
6891,275.6,0.98,1,-0.005,0.292,0.024,-0.012,-0.035,0.0,0.0,0.0,0.0,0.22,1.91,0.0,0.18,0.82,1.05,0.0,0.58,0.49,0.4,0.14,1.04,0.39,1.0,1.0,0.0,0.0,1.0,1.0,0.0,0.0,1.0,1.0,0.0,0.0,0.0,0.0,0.0,1.0,0.0,0.0,0.18818111839020168,17.16566340110387,17.229045243425464
6892,275.64,0.98,1,-0.018,0.312,0.039,-0.006,-0.042,0.0,0.0,0.0,0.0,0.23,2.0,0.0,0.22,0.9,1.07,0.0,0.65,0.57,0.46,0.14,1.08,0.32,1.0,1.0,0.0,0.0,1.0,1.0,0.0,0.0,1.0,1.0,0.0,0.0,0.0,0.0,0.0,1.0,0.0,0.0,0.17465512805660138,17.15721422609151,17.728226081590723
6893,275.68,0.98,1,-0.028,0.31,0.028,-0.007,-0.037,0.0,0.0,0.0,0.0,0.21,2.22,0.0,0.22,0.92,1.0,0.0,0.54,0.58,0.44,0.26,1.12,0.39,1.0,1.0,0.0,0.0,1.0,1.0,0.0,0.0,1.0,1.0,0.0,0.0,0.0,0.0,0.0,1.0,0.0,0.0,0.17098408065580228,17.157214226091735,18.217573932881223
6894,275.72,0.98,1,-0.031,0.328,0.05,-0.004,-0.044,0.0,0.0,0.0,0.01,0.28,2.24,0.0,0.32,1.01,1.01,0.0,0.45,0.51,0.38,0.5,1.08,0.39,1.0,1.0,0.0,0.0,1.0,1.0,0.0,0.0,1.0,1.0,0.0,0.0,0.0,0.0,1.0,1.0,0.0,0.0,0.1693444020173788,17.655594014362606,18.327302038216054
6895,275.76,0.98,1,-0.034,0.326,0.055,-0.009,-0.049,0.04,0.0,0.0,0.05,0.4,2.26,0.0,0.37,1.06,1.16,0.0,0.23,0.51,0.39,0.76,1.15,0.33,1.0,1.0,0.0,0.0,1.0,1.0,0.0,0.0,1.0,1.0,0.0,0.0,0.0,0.0,1.0,1.0,0.0,0.0,0.1672129763960556,17.64794605612803,18.50108104949546
6896,275.8,0.98,1,-0.026,0.323,0.059,-0.009,-0.054,0.06,0.0,0.0,0.05,0.48,2.17,0.0,0.42,1.08,1.31,0.0,0.23,0.36,0.38,0.81,1.14,0.06,1.0,1.0,0.0,0.0,1.0,1.0,0.0,0.0,1.0,1.0,0.0,0.0,0.0,0.0,1.0,1.0,0.0,0.0,0.1633826475687819,17.73414785096824,19.11674658512806
6897,275.84,0.98,1,-0.029,0.315,0.047,-0.009,-0.05,0.06,0.0,0.0,0.03,0.53,2.23,0.0,0.4,1.06,1.31,0.0,0.26,0.4,0.57,0.77,1.24,0.03,1.0,1.0,0.0,0.0,1.0,1.0,0.0,0.0,1.0,1.0,0.0,0.0,0.0,0.0,1.0,1.0,0.0,0.0,0.16533713193269417,17.947144619688203,18.7130970178643
6898,275.88,0.98,1,-0.044,0.317,0.056,-0.002,-0.054,0.02,0.0,0.0,0.0,0.51,2.23,0.0,0.31,1.0,1.19,0.0,0.43,0.33,0.76,0.46,1.33,0.05,1.0,1.0,0.0,0.0,1.0,1.0,0.0,0.0,1.0,1.0,0.0,0.0,0.0,0.0,1.0,1.0,0.0,0.0,0.16572929016339816,18.538878067455972,19.11674658512783
6899,275.92,0.93,1,-0.044,0.33,0.061,0.008,-0.054,0.0,0.0,0.0,0.0,0.38,2.14,0.0,0.21,0.84,1.03,0.05,0.65,0.59,0.97,0.25,1.6,0.05,1.0,1.0,0.0,0.0,1.0,1.0,0.0,0.0,1.0,1.0,0.0,0.0,0.0,0.0,1.0,1.0,0.0,0.0,0.16651894090117594,19.158809983921145,18.852055590836724
6900,275.96,0.98,1,-0.059,0.332,0.063,0.004,-0.028,0.0,0.0,0.0,0.0,0.34,2.35,0.0,0.21,0.77,0.92,0.05,0.7,0.72,0.83,0.16,1.63,0.1,1.0,0.0,0.0,0.0,1.0,1.0,0.0,0.0,1.0,1.0,0.0,0.0,0.0,0.0,1.0,1.0,0.0,1.0,0.17541888921280552,19.383756085960172,18.921416437465865
6901,276.0,0.93,1,-0.056,0.317,0.075,0.014,-0.04,0.0,0.0,0.0,0.0,0.39,2.48,0.0,0.22,0.73,0.68,0.05,0.72,0.93,0.67,0.5,1.69,0.08,1.0,0.0,0.0,0.0,1.0,1.0,0.0,0.0,1.0,1.0,0.0,0.0,1.0,0.0,1.0,1.0,0.0,1.0,0.17896533519143967,19.920341362537027,18.726718879718177
6902,276.04,0.98,1,-0.063,0.328,0.094,0.009,-0.017,0.0,0.0,0.0,0.0,0.44,2.55,0.0,0.22,0.78,0.43,0.02,0.65,0.82,0.46,0.84,1.65,0.09,0.0,0.0,0.0,0.0,1.0,1.0,0.0,0.0,1.0,1.0,0.0,0.0,1.0,0.0,1.0,1.0,0.0,1.0,0.18236990772173495,20.524375751773793,18.409780009549138
6903,276.08,0.98,1,-0.064,0.317,0.091,0.005,-0.007,0.0,0.0,0.0,0.0,0.47,2.39,0.0,0.24,0.83,0.18,0.09,0.59,0.73,0.32,1.17,1.72,0.03,0.0,0.0,0.0,0.0,1.0,1.0,0.0,0.0,1.0,1.0,0.0,1.0,1.0,0.0,1.0,1.0,0.0,1.0,0.18635702026154446,20.312065379965627,19.104188022525232
6904,276.12,0.98,1,-0.061,0.305,0.077,0.014,-0.028,0.0,0.0,0.0,0.0,0.46,2.34,0.03,0.45,0.83,0.15,0.09,0.5,0.66,0.17,1.25,1.76,0.0,0.0,0.0,0.0,0.0,1.0,1.0,0.0,0.0,1.0,1.0,0.0,0.0,1.0,0.0,1.0,1.0,0.0,1.0,0.1810557646558199,20.61965082148571,19.20104163841123
6905,276.16,0.98,1,-0.066,0.311,0.049,0.001,-0.015,0.0,0.0,0.0,0.0,0.6,2.55,0.03,0.7,0.94,0.33,0.12,0.53,0.74,0.05,1.3,1.65,0.0,0.0,0.0,0.0,0.0,1.0,1.0,0.0,0.0,1.0,1.0,0.0,1.0,1.0,0.0,1.0,1.0,0.0,1.0,0.1806360694484076,19.830532015051897,19.00026315607234
6906,276.2,0.98,1,-0.047,0.28,0.038,0.007,-0.037,0.03,0.0,0.0,0.0,0.59,2.22,0.03,0.76,1.02,0.69,0.08,0.71,0.83,0.04,1.23,1.55,0.28,0.0,1.0,0.0,0.0,1.0,1.0,0.0,0.0,1.0,1.0,0.0,1.0,1.0,0.0,1.0,1.0,0.0,1.0,0.18281793376549452,20.141995928904276,18.70026737776767
6907,276.24,0.98,1,-0.058,0.267,0.023,0.015,-0.031,0.17,0.0,0.0,0.0,0.46,1.6,0.02,0.82,1.18,0.9,0.13,0.85,0.85,0.0,1.26,1.51,0.99,1.0,1.0,0.0,0.0,1.0,1.0,0.0,0.0,1.0,1.0,0.0,1.0,1.0,0.0,1.0,1.0,0.0,1.0,0.21592271701057353,17.55591068557823,18.062391868188442
6908,276.28,0.98,1,-0.044,0.403,0.023,-0.005,-0.009,0.44,0.03,0.0,0.0,0.27,1.13,0.05,0.8,1.26,1.05,0.17,0.92,1.1,0.0,1.35,1.54,1.61,1.0,1.0,0.0,0.0,1.0,1.0,0.0,0.0,1.0,1.0,0.0,1.0,1.0,0.0,1.0,1.0,0.0,1.0,0.15605648248482717,15.420765220961027,19.29378138157478
6909,276.32,0.98,1,-0.049,0.414,0.035,0.013,-0.022,0.48,0.03,0.0,0.0,0.17,1.1,0.05,0.79,1.25,1.05,0.13,1.08,1.16,0.0,1.32,1.61,1.78,1.0,1.0,0.0,0.0,1.0,1.0,0.0,0.0,1.0,1.0,0.0,1.0,1.0,0.0,1.0,1.0,0.0,1.0,0.16226135318710083,15.430165261590643,20.59732992404598
6910,276.36,0.98,1,-0.048,0.354,0.012,0.01,0.005,0.33,0.03,0.0,0.0,0.22,1.42,0.05,0.6,1.21,1.1,0.08,1.13,1.16,0.07,1.34,1.51,1.49,1.0,1.0,0.0,0.0,1.0,1.0,0.0,0.0,1.0,1.0,0.0,1.0,1.0,0.0,0.0,1.0,0.0,1.0,0.16404176150903407,16.559287424282488,18.28879438344675
6911,276.4,0.98,1,-0.051,0.305,0.019,0.017,-0.008,0.07,0.0,0.0,0.0,0.33,1.5,0.04,0.58,1.17,0.97,0.0,1.14,1.01,0.15,1.18,1.47,1.25,0.0,1.0,0.0,0.0,1.0,1.0,0.0,0.0,1.0,1.0,0.0,1.0,1.0,0.0,0.0,1.0,0.0,1.0,0.17290471777042876,18.332484828849623,19.46586756350725
6912,276.44,0.98,1,-0.049,0.339,0.031,0.013,0.008,0.0,0.0,0.0,0.0,0.46,1.82,0.07,0.53,1.16,1.01,0.0,1.11,0.9,0.19,1.08,1.41,1.06,0.0,1.0,0.0,0.0,1.0,1.0,0.0,0.0,1.0,1.0,0.0,1.0,1.0,0.0,0.0,1.0,0.0,1.0,0.14950214619070265,15.938946012832801,17.655594014362606
6913,276.48,0.98,1,-0.039,0.308,0.017,0.015,-0.002,0.0,0.0,0.0,0.0,0.47,2.1,0.06,0.49,1.13,0.94,0.01,1.12,0.99,0.16,0.88,1.52,0.97,0.0,0.0,0.0,0.0,1.0,1.0,0.0,0.0,1.0,1.0,0.0,1.0,1.0,0.0,0.0,1.0,0.0,1.0,0.1489315967336342,18.13394606807906,17.32887763243789
6914,276.52,0.98,1,-0.04,0.332,0.034,0.011,0.013,0.0,0.0,0.0,0.0,0.45,2.24,0.04,0.37,1.12,1.14,0.01,1.07,0.95,0.07,0.84,1.54,1.07,0.0,0.0,0.0,0.0,1.0,1.0,0.0,0.0,1.0,1.0,0.0,1.0,1.0,0.0,0.0,1.0,0.0,1.0,0.15072896555757692,17.592327873252025,17.428711943227565
6915,276.56,0.98,1,-0.038,0.349,0.018,0.014,0.001,0.0,0.0,0.0,0.0,0.29,2.14,0.01,0.26,1.08,1.05,0.01,1.09,1.07,0.04,0.81,1.61,1.27,0.0,0.0,0.0,0.0,1.0,1.0,0.0,0.0,1.0,1.0,0.0,1.0,1.0,0.0,0.0,0.0,0.0,1.0,0.1534976182016629,16.025292509030933,18.154062906137703
6916,276.6,0.98,1,-0.049,0.371,0.038,0.009,0.016,0.0,0.0,0.0,0.0,0.23,2.02,0.07,0.22,1.01,1.17,0.0,1.16,1.05,0.0,0.79,1.61,1.45,0.0,0.0,0.0,0.0,0.0,1.0,0.0,0.0,1.0,1.0,0.0,1.0,1.0,0.0,0.0,0.0,0.0,1.0,0.15156605257548408,15.29477034806347,18.453184007103037
6917,276.64,0.93,1,-0.049,0.362,0.022,0.017,0.001,0.07,0.01,0.0,0.0,0.1,2.04,0.08,0.13,0.88,1.06,0.03,1.32,1.04,0.0,0.73,1.7,1.48,0.0,0.0,0.0,0.0,0.0,1.0,0.0,0.0,1.0,1.0,0.0,1.0,1.0,0.0,0.0,0.0,0.0,1.0,0.15629790058132592,16.776471619503347,18.046883387443934
6918,276.68,0.98,1,-0.049,0.368,0.033,0.014,0.011,0.07,0.01,0.0,0.0,0.06,1.97,0.12,0.15,0.73,1.04,0.11,1.46,0.91,0.0,0.53,1.75,1.54,0.0,0.0,0.0,0.0,0.0,1.0,0.0,0.0,1.0,1.0,1.0,1.0,1.0,0.0,0.0,0.0,0.0,1.0,0.15417265777396993,15.48289378636939,18.2463695019037
6919,276.72,0.98,1,-0.049,0.368,0.034,0.014,0.013,0.07,0.01,0.0,0.0,0.0,1.96,0.04,0.08,0.67,0.94,0.12,1.55,0.68,0.05,0.29,1.74,1.52,0.0,0.0,0.0,0.0,0.0,1.0,0.0,0.0,0.0,1.0,1.0,1.0,1.0,0.0,0.0,0.0,0.0,1.0,0.15292963744443355,15.36391877093857,18.346116755324722
6920,276.76,0.98,1,-0.049,0.373,0.032,0.017,0.014,0.0,0.0,0.0,0.0,0.0,1.87,0.03,0.05,0.64,0.88,0.14,1.62,0.37,0.07,0.05,1.61,1.46,0.0,0.0,0.0,0.0,0.0,1.0,0.0,0.0,0.0,1.0,1.0,1.0,1.0,0.0,0.0,0.0,0.0,1.0,0.15087997370814274,15.454772725601488,18.85974549138981
6921,276.8,0.98,1,-0.053,0.371,0.037,0.018,0.011,0.12,0.0,0.0,0.0,0.0,1.28,0.0,0.0,0.72,0.92,0.12,1.52,0.19,0.07,0.01,1.45,1.66,0.0,0.0,0.0,0.0,0.0,1.0,0.0,0.0,0.0,1.0,1.0,1.0,1.0,0.0,0.0,0.0,0.0,1.0,0.17191362221946693,17.184295155751865,20.01049724519595
6922,276.84,0.98,1,-0.031,0.399,0.018,0.012,0.015,0.3,0.0,0.0,0.0,0.0,0.85,0.0,0.03,0.8,0.89,0.15,1.45,0.19,0.02,0.12,1.33,1.94,0.0,0.0,0.0,0.0,0.0,0.0,0.0,0.0,0.0,1.0,0.0,1.0,0.0,0.0,0.0,0.0,0.0,1.0,0.16936636083047613,17.58237754116319,20.570367036103168
6923,276.88,0.98,1,-0.069,0.414,0.033,0.022,0.007,0.3,0.0,0.0,0.0,0.0,0.36,0.0,0.03,0.82,0.83,0.19,1.24,0.32,0.0,0.16,1.17,2.1,0.0,0.0,0.0,0.0,0.0,0.0,0.0,0.0,0.0,1.0,0.0,1.0,0.0,0.0,0.0,0.0,0.0,1.0,0.16590166271069556,17.875681805178832,21.153250341259525
6924,276.92,0.98,1,-0.062,0.384,0.027,0.027,-0.0,0.17,0.0,0.0,0.0,0.0,0.87,0.0,0.03,0.79,0.52,0.12,1.16,0.33,0.01,0.2,1.12,1.97,0.0,0.0,0.0,0.0,0.0,0.0,0.0,0.0,0.0,1.0,0.0,1.0,0.0,0.0,0.0,0.0,0.0,1.0,0.17275005430199916,17.492855684535773,20.995475703112668
6925,276.96,0.98,1,-0.075,0.341,0.023,0.037,-0.003,0.0,0.0,0.0,0.0,0.03,1.38,0.0,0.14,0.76,0.25,0.08,1.04,0.24,0.01,0.09,0.96,1.65,0.0,0.0,0.0,0.0,0.0,0.0,0.0,0.0,0.0,1.0,0.0,1.0,0.0,0.0,0.0,0.0,0.0,1.0,0.16569798047841747,20.080836635957173,21.095023109728988
6926,277.0,0.98,1,-0.054,0.339,0.031,0.039,-0.009,0.0,0.0,0.0,0.0,0.05,2.03,0.0,0.16,0.76,0.13,0.0,0.96,0.1,0.01,0.09,1.03,1.37,0.0,0.0,0.0,0.0,0.0,1.0,0.0,0.0,1.0,1.0,0.0,1.0,0.0,0.0,0.0,0.0,0.0,1.0,0.16020717781895566,16.92394753005347,19.85799587068123
6927,277.04,0.98,1,-0.037,0.332,0.04,0.047,-0.016,0.0,0.0,0.0,0.0,0.11,2.32,0.0,0.25,0.76,0.16,0.0,0.71,0.02,0.0,0.14,1.08,1.11,0.0,0.0,0.0,0.0,0.0,1.0,0.0,0.0,1.0,1.0,0.0,1.0,0.0,0.0,0.0,0.0,0.0,1.0,0.15072195606191502,18.45318400710281,19.682479518597386
6928,277.08,0.98,1,-0.055,0.323,0.04,0.048,-0.017,0.0,0.0,0.0,0.0,0.13,2.32,0.01,0.11,0.75,0.23,0.0,0.55,0.0,0.0,0.38,1.33,0.86,0.0,0.0,0.0,0.0,0.0,1.0,0.0,0.0,1.0,1.0,0.0,0.0,0.0,0.0,0.0,0.0,0.0,1.0,0.1626935724095798,18.813027401245083,21.375921032788224
6929,277.12,0.98,1,-0.068,0.337,0.057,0.048,-0.015,0.0,0.0,0.0,0.0,0.14,2.29,0.01,0.1,0.79,0.18,0.0,0.37,0.0,0.0,0.68,1.58,0.69,0.0,0.0,0.0,0.0,0.0,1.0,0.0,0.0,1.0,1.0,0.0,0.0,0.0,0.0,1.0,1.0,0.0,1.0,0.17221145162168727,19.10942175995928,21.85154456783314
6930,277.16,0.98,1,-0.041,0.354,0.064,0.042,-0.016,0.0,0.0,0.0,0.0,0.08,2.21,0.01,0.03,0.79,0.14,0.0,0.37,0.0,0.0,0.98,1.79,0.44,0.0,0.0,0.0,0.0,0.0,1.0,0.0,0.0,1.0,1.0,0.0,0.0,0.0,0.0,1.0,1.0,0.0,1.0,0.18160590451030656,18.5,21.951309755912153
6931,277.2,0.98,1,0.007,0.369,0.081,0.029,-0.019,0.01,0.0,0.0,0.0,0.06,2.16,0.0,0.06,0.76,0.08,0.0,0.28,0.0,0.0,1.27,2.06,0.39,0.0,0.0,0.0,0.0,0.0,1.0,0.0,0.0,1.0,1.0,0.0,0.0,0.0,0.0,1.0,1.0,0.0,1.0,0.19663288801418272,18.022485955050705,20.886598574205376
6932,277.24,0.98,1,0.021,0.378,0.097,0.017,-0.022,0.01,0.0,0.0,0.0,0.02,1.97,0.0,0.04,0.71,0.1,0.0,0.22,0.0,0.0,1.58,2.28,0.31,0.0,0.0,0.0,0.0,0.0,0.0,0.0,0.0,1.0,1.0,0.0,0.0,0.0,0.0,1.0,1.0,0.0,1.0,0.18946654701009516,18.701069488133605,21.592822881689184
6933,277.28,0.98,1,0.037,0.371,0.104,-0.007,-0.016,0.11,0.1,0.0,0.0,0.07,1.95,0.0,0.07,0.75,0.08,0.0,0.15,0.0,0.0,1.91,2.55,0.25,0.0,0.0,0.0,0.0,0.0,0.0,0.0,0.0,1.0,1.0,0.0,0.0,0.0,0.0,1.0,1.0,0.0,1.0,0.2046763909693004,18.209887424144107,22.03111436128469
6934,277.32,0.98,1,0.036,0.376,0.115,-0.021,-0.016,0.22,0.11,0.0,0.0,0.08,2.02,0.0,0.06,0.89,0.2,0.0,0.07,0.0,0.0,2.06,2.53,0.14,0.0,0.0,0.0,0.0,0.0,0.0,0.0,0.0,1.0,1.0,0.0,0.0,0.0,0.0,1.0,1.0,0.0,1.0,0.2090566650318011,18.054362353736007,21.54553317975664
6935,277.36,0.98,1,0.045,0.385,0.122,-0.013,-0.045,0.22,0.13,0.0,0.0,0.08,2.04,0.0,0.06,0.93,0.32,0.0,0.11,0.03,0.0,1.65,2.24,0.34,0.0,0.0,0.0,0.0,0.0,0.0,0.0,0.0,1.0,1.0,0.0,0.0,0.0,0.0,1.0,1.0,0.0,1.0,0.2044896909626851,18.027756377319946,22.05379785887216
6936,277.4,0.98,1,0.058,0.378,0.093,-0.028,-0.045,0.26,0.02,0.0,0.0,0.03,2.09,0.0,0.02,0.91,0.66,0.05,0.37,0.05,0.0,0.92,1.54,0.69,0.0,0.0,0.0,0.0,0.0,1.0,0.0,0.0,1.0,1.0,0.0,0.0,0.0,0.0,1.0,1.0,0.0,1.0,0.19461839564414515,17.917868176766873,21.51278689523964
6937,277.44,0.98,1,0.058,0.373,0.087,-0.013,-0.078,0.22,0.02,0.0,0.0,0.0,2.05,0.0,0.08,0.87,0.69,0.2,0.64,0.1,0.0,0.25,0.88,0.78,0.0,0.0,0.0,0.0,0.0,1.0,0.0,0.0,1.0,1.0,0.0,0.0,0.0,0.0,1.0,0.0,0.0,1.0,0.2037370740983474,18.261708572857945,21.582400237230434
6938,277.48,0.98,1,0.062,0.352,0.068,-0.007,-0.074,0.23,0.0,0.0,0.0,0.0,2.2,0.04,0.28,0.97,0.66,0.36,0.78,0.08,0.0,0.2,0.49,0.74,0.0,0.0,0.0,0.0,0.0,1.0,0.0,0.0,1.0,1.0,0.0,0.0,0.0,0.0,1.0,0.0,0.0,1.0,0.19693303774962245,18.039955654047493,21.411212016137533
6939,277.52,0.98,1,0.048,0.342,0.058,-0.01,-0.056,0.31,0.06,0.0,0.0,0.09,2.5,0.16,0.62,1.13,0.68,0.41,0.5,0.05,0.0,0.74,0.44,0.61,0.0,0.0,0.0,0.0,0.0,1.0,0.0,0.0,1.0,1.0,0.0,0.0,0.0,0.0,1.0,0.0,0.0,1.0,0.1876739079292456,18.64537476158645,21.53415891090255
6940,277.56,0.98,1,0.041,0.362,0.075,0.001,-0.071,0.41,0.09,0.0,0.0,0.2,2.58,0.25,0.82,1.32,0.87,0.26,0.28,0.0,0.0,1.48,0.58,1.01,0.0,0.0,0.0,0.0,0.0,1.0,0.0,0.0,1.0,1.0,0.0,0.0,0.0,0.0,1.0,0.0,0.0,1.0,0.18389864212591792,18.309833423600505,20.38872237291974
6941,277.6,0.98,1,-0.02,0.407,0.077,0.002,-0.055,0.67,0.27,0.0,0.04,0.31,2.43,0.25,0.85,1.5,1.06,0.1,0.09,0.11,0.0,2.16,0.73,1.27,0.0,0.0,0.0,0.0,0.0,1.0,0.0,0.0,1.0,1.0,0.0,0.0,0.0,0.0,1.0,0.0,0.0,1.0,0.1773436145814277,19.004210059878837,19.64713719603954
6942,277.64,0.98,1,-0.024,0.412,0.088,0.003,-0.04,0.67,0.35,0.0,0.04,0.35,1.88,0.13,0.7,1.67,1.06,0.0,0.05,0.12,0.0,2.61,0.97,1.67,0.0,0.0,0.0,0.0,0.0,1.0,0.0,1.0,1.0,1.0,0.0,0.0,0.0,0.0,1.0,1.0,0.0,1.0,0.18331103640925125,17.502571239677902,19.039432764659857
6943,277.68,0.98,1,-0.031,0.42,0.101,0.008,-0.035,0.69,0.54,0.0,0.04,0.41,1.7,0.04,0.75,1.85,1.07,0.0,0.05,0.12,0.0,2.8,1.08,1.61,0.0,0.0,0.0,0.0,1.0,1.0,0.0,1.0,1.0,1.0,0.0,0.0,0.0,0.0,1.0,1.0,0.0,1.0,0.18217110564196679,17.301156030739634,18.7672587236388
6944,277.72,0.98,1,-0.033,0.409,0.104,0.018,-0.036,0.59,0.52,0.0,0.0,0.54,1.79,0.04,0.89,2.06,1.34,0.0,0.13,0.09,0.0,2.84,1.07,1.67,0.0,0.0,0.0,0.0,1.0,1.0,0.0,1.0,1.0,1.0,0.0,0.0,0.0,0.0,1.0,1.0,0.0,1.0,0.18815126117954634,17.301156030739634,18.519449235871
6945,277.76,0.98,1,-0.045,0.424,0.112,0.024,-0.033,0.53,0.43,0.0,0.0,0.68,1.97,0.04,1.0,2.23,1.64,0.0,0.19,0.19,0.0,2.72,1.0,1.73,0.0,0.0,0.0,0.0,1.0,1.0,0.0,1.0,1.0,1.0,0.0,0.0,0.0,0.0,1.0,1.0,0.0,1.0,0.18762791575336418,17.010584939971935,18.189282558693648
6946,277.8,0.98,1,-0.055,0.439,0.116,0.025,-0.026,0.51,0.3,0.0,0.0,0.77,1.94,0.04,1.02,2.36,1.87,0.0,0.27,0.21,0.0,2.66,1.03,2.02,0.0,0.0,0.0,0.0,1.0,1.0,0.0,1.0,1.0,1.0,0.0,0.0,0.0,0.0,1.0,1.0,0.0,1.0,0.1763856885667186,18.301092863542284,19.37472580451135
6947,277.84,0.98,1,-0.079,0.471,0.127,0.018,-0.014,0.53,0.27,0.0,0.0,0.76,1.9,0.0,1.05,2.42,1.9,0.0,0.33,0.14,0.0,2.66,1.08,2.28,0.0,0.0,0.0,0.0,1.0,1.0,0.0,1.0,1.0,1.0,0.0,0.0,0.0,0.0,1.0,1.0,0.0,1.0,0.16377503621048917,17.404597093871583,20.75427666771362
6948,277.88,0.98,1,-0.088,0.46,0.129,0.016,-0.006,0.49,0.35,0.0,0.0,0.78,2.07,0.0,1.17,2.5,1.84,0.0,0.41,0.02,0.0,2.71,1.14,2.08,0.0,0.0,0.0,0.0,1.0,1.0,0.0,1.0,1.0,1.0,0.0,0.0,0.0,0.0,1.0,1.0,0.0,1.0,0.16412279002761027,17.20465053408507,20.379646709400983
6949,277.92,0.98,1,-0.082,0.447,0.137,0.021,-0.006,0.39,0.3,0.0,0.0,0.85,2.37,0.0,1.28,2.59,1.89,0.0,0.43,0.0,0.0,2.8,1.13,1.65,0.0,0.0,0.0,0.0,1.0,1.0,0.0,1.0,1.0,1.0,0.0,0.0,0.0,0.0,1.0,1.0,0.0,1.0,0.17295023064544962,18.10994202089021,19.383756085960172
6950,277.96,0.98,1,-0.045,0.418,0.149,0.024,-0.008,0.31,0.19,0.0,0.0,1.01,2.48,0.0,1.33,2.69,1.84,0.0,0.36,0.01,0.0,2.93,1.08,1.05,0.0,0.0,0.0,0.0,1.0,1.0,0.0,1.0,1.0,1.0,0.0,0.0,0.0,0.0,1.0,1.0,0.0,0.0,0.17977495327583615,18.802393464662902,20.470710783946988
6951,278.0,0.98,1,-0.062,0.425,0.162,0.025,-0.005,0.25,0.21,0.0,0.0,1.14,2.44,0.0,1.33,2.76,1.85,0.0,0.31,0.11,0.0,3.09,1.02,0.91,0.0,0.0,0.0,0.0,1.0,1.0,0.0,1.0,1.0,1.0,0.0,0.0,0.0,0.0,1.0,1.0,0.0,0.0,0.18104863528686096,18.00444389588304,20.015993605114883
6952,278.04,0.98,1,-0.065,0.428,0.169,0.027,0.0,0.38,0.45,0.0,0.0,1.2,2.54,0.0,1.22,2.76,1.85,0.0,0.27,0.11,0.0,3.08,0.99,0.82,0.0,0.0,0.0,0.0,1.0,1.0,0.0,1.0,1.0,1.0,0.0,0.0,0.0,0.0,1.0,1.0,0.0,0.0,0.18166590288869344,17.704519197086423,20.008997975910738
6953,278.08,0.98,1,-0.068,0.417,0.162,0.028,0.012,0.46,0.73,0.0,0.0,1.17,2.81,0.0,1.14,2.75,1.88,0.0,0.35,0.12,0.0,2.9,0.92,0.98,0.0,0.0,0.0,0.0,1.0,1.0,0.0,1.0,1.0,1.0,0.0,0.0,0.0,0.0,1.0,1.0,0.0,0.0,0.18386668633943165,18.106904760339265,19.41648783894769
6954,278.12,0.98,1,-0.076,0.437,0.172,0.034,0.021,0.53,0.73,0.0,0.0,1.11,3.06,0.0,1.15,2.72,1.96,0.0,0.36,0.02,0.0,2.59,0.73,1.0,0.0,0.0,0.0,0.0,1.0,1.0,0.0,1.0,1.0,1.0,0.0,0.0,0.0,0.0,1.0,1.0,0.0,0.0,0.16771324498930068,17.500285711953392,20.006249023742555
6955,278.16,0.98,1,-0.073,0.429,0.181,0.037,0.031,0.44,0.7,0.0,0.0,1.05,3.25,0.0,1.22,2.76,1.93,0.0,0.38,0.02,0.0,2.48,0.72,1.07,0.0,0.0,0.0,0.0,1.0,1.0,0.0,1.0,1.0,1.0,0.0,0.0,0.0,0.0,1.0,1.0,0.0,0.0,0.1608732790823637,16.800000000000182,19.302331465395753
6956,278.2,0.98,1,-0.085,0.424,0.191,0.034,0.047,0.41,0.8,0.0,0.0,0.95,3.28,0.0,1.22,2.67,1.87,0.0,0.4,0.0,0.0,2.54,0.91,0.84,0.0,0.0,0.0,0.0,1.0,1.0,0.0,1.0,1.0,1.0,0.0,0.0,0.0,0.0,1.0,1.0,0.0,0.0,0.17457019939047277,17.304623659588742,20.808652046684767
6957,278.24,0.98,1,-0.068,0.422,0.193,0.023,0.065,0.4,0.9,0.0,0.0,0.84,3.21,0.0,1.21,2.56,1.72,0.0,0.59,0.0,0.0,2.62,1.31,0.74,0.0,0.0,0.0,0.0,1.0,1.0,0.0,1.0,1.0,1.0,0.0,0.0,0.0,0.0,1.0,1.0,0.0,0.0,0.17429132291882965,17.828067758453198,21.01927686672403
6958,278.28,0.98,1,-0.067,0.438,0.207,0.005,0.079,0.41,0.85,0.0,0.0,0.76,3.29,0.0,1.18,2.43,1.59,0.01,0.82,0.0,0.0,2.59,1.54,0.68,0.0,0.0,0.0,0.0,1.0,1.0,0.0,1.0,1.0,1.0,0.0,1.0,0.0,0.0,1.0,1.0,0.0,0.0,0.18493473540525596,17.34877517290481,20.711832367031217
6959,278.32,0.98,1,-0.044,0.459,0.223,-0.004,0.092,0.34,0.57,0.0,0.0,0.73,3.36,0.0,1.24,2.4,1.58,0.01,1.01,0.0,0.0,2.59,1.69,0.73,0.0,0.0,0.0,0.0,1.0,1.0,0.0,1.0,1.0,1.0,0.0,1.0,0.0,0.0,1.0,1.0,0.0,0.0,0.1762156771966796,17.528548142958105,19.404123273160362
6960,278.36,0.98,1,-0.069,0.48,0.248,-0.01,0.095,0.23,0.31,0.0,0.0,0.68,3.58,0.0,1.17,2.33,1.65,0.01,1.15,0.0,0.0,2.74,1.84,0.7,0.0,0.0,0.0,0.0,1.0,1.0,0.0,1.0,1.0,1.0,0.0,1.0,0.0,0.0,1.0,1.0,0.0,1.0,0.1678310743541221,17.647946056127797,19.121192431435766
6961,278.4,0.98,1,-0.08,0.481,0.263,-0.018,0.093,0.15,0.1,0.0,0.0,0.7,3.49,0.0,1.18,2.2,1.77,0.0,1.15,0.0,0.0,2.82,1.93,0.69,0.0,0.0,0.0,0.0,1.0,1.0,0.0,1.0,1.0,1.0,0.0,1.0,0.0,0.0,1.0,1.0,0.0,1.0,0.17235637587172759,17.323394586512148,19.509228585466932
6962,278.44,0.98,1,-0.077,0.475,0.24,-0.014,0.061,0.06,0.01,0.0,0.0,0.62,3.43,0.0,1.19,2.03,1.77,0.02,1.17,0.0,0.0,2.8,2.13,0.7,0.0,0.0,0.0,0.0,1.0,1.0,0.0,1.0,1.0,1.0,0.0,1.0,0.0,0.0,1.0,1.0,0.0,1.0,0.17574927466440438,17.847408775505713,19.50640920313116
6963,278.48,0.98,1,-0.077,0.458,0.219,-0.025,0.067,0.15,0.0,0.0,0.0,0.57,3.06,0.0,1.37,1.95,1.73,0.02,0.97,0.0,0.0,2.38,1.98,1.05,0.0,0.0,0.0,0.0,1.0,1.0,0.0,1.0,1.0,1.0,0.0,1.0,0.0,0.0,1.0,1.0,0.0,1.0,0.18172546867578807,18.022485955050705,19.706344156133902
6964,278.52,0.98,1,-0.028,0.461,0.164,-0.036,0.03,0.44,0.08,0.0,0.0,0.35,2.23,0.0,1.44,1.95,1.6,0.02,0.86,0.0,0.0,1.81,1.69,1.63,0.0,0.0,0.0,0.0,1.0,1.0,0.0,1.0,1.0,1.0,0.0,1.0,0.0,0.0,1.0,1.0,0.0,1.0,0.19375487081004772,17.33493582335967,18.701069488133605
6965,278.56,0.98,1,-0.056,0.552,0.167,-0.021,0.017,0.69,0.11,0.0,0.0,0.31,1.59,0.0,1.59,2.0,1.61,0.0,0.69,0.0,0.0,1.04,0.98,2.37,0.0,0.0,0.0,0.0,1.0,1.0,0.0,1.0,1.0,1.0,0.0,1.0,0.0,0.0,1.0,1.0,0.0,1.0,0.14693432717516872,16.49848477891237,19.1002617783107
6966,278.6,0.98,1,-0.054,0.51,0.145,-0.014,0.007,0.89,0.2,0.0,0.0,0.32,1.55,0.01,1.61,1.95,1.57,0.01,0.71,0.0,0.0,0.58,0.55,2.23,0.0,0.0,0.0,0.0,1.0,1.0,0.0,1.0,1.0,1.0,0.0,1.0,0.0,0.0,1.0,0.0,0.0,1.0,0.14559779803567902,17.205231762461224,19.100261778310927
6967,278.64,0.98,1,-0.028,0.438,0.13,-0.004,0.005,0.64,0.18,0.0,0.0,0.43,2.19,0.04,1.64,1.87,1.62,0.03,0.89,0.0,0.0,0.47,0.27,1.62,0.0,0.0,0.0,0.0,1.0,1.0,0.0,1.0,1.0,1.0,0.0,1.0,0.0,0.0,1.0,0.0,0.0,1.0,0.16524501053126534,17.223530416264882,21.202122535255803
6968,278.68,0.98,1,-0.017,0.427,0.165,-0.018,0.024,0.4,0.15,0.0,0.0,0.53,2.69,0.06,1.59,1.8,1.65,0.03,1.07,0.0,0.0,0.55,0.27,0.89,0.0,0.0,0.0,0.0,1.0,1.0,0.0,1.0,1.0,1.0,0.0,1.0,0.0,0.0,1.0,0.0,0.0,0.0,0.18212850491094246,17.102631376487206,20.024984394500787
6969,278.72,0.98,1,-0.025,0.434,0.179,-0.027,0.006,0.19,0.16,0.0,0.06,0.5,2.94,0.05,1.62,1.84,1.68,0.02,1.11,0.0,0.0,0.79,0.16,0.46,0.0,0.0,0.0,0.0,1.0,1.0,0.0,1.0,1.0,1.0,0.0,1.0,0.0,0.0,1.0,0.0,0.0,0.0,0.17053874780258932,17.11052307791895,17.30722392528618
6970,278.76,0.98,1,-0.029,0.403,0.177,-0.021,-0.0,0.15,0.1,0.0,0.14,0.57,3.07,0.08,1.65,1.96,1.67,0.0,0.93,0.0,0.0,1.09,0.09,0.25,0.0,0.0,0.0,0.0,1.0,1.0,0.0,1.0,1.0,1.0,0.0,1.0,0.0,0.0,1.0,0.0,0.0,0.0,0.2002915409216939,18.006943105369107,18.90238080242813
6971,278.8,0.98,1,-0.033,0.409,0.192,-0.003,0.004,0.17,0.1,0.0,0.14,0.58,3.28,0.09,1.68,2.15,1.64,0.0,0.8,0.0,0.0,1.49,0.13,0.03,0.0,0.0,0.0,0.0,1.0,1.0,0.0,1.0,1.0,1.0,0.0,1.0,0.0,0.0,1.0,1.0,0.0,0.0,0.19830005963141364,18.102486017119443,18.42715387682003
6972,278.84,0.98,1,-0.041,0.39,0.204,0.001,0.019,0.08,0.0,0.0,0.08,0.7,3.44,0.09,1.68,2.37,1.63,0.0,0.69,0.0,0.0,1.95,0.32,0.0,0.0,0.0,0.0,0.0,1.0,1.0,0.0,1.0,1.0,1.0,0.0,1.0,0.0,0.0,1.0,1.0,0.0,0.0,0.21142287090659162,18.704277585622002,19.443507913954306
6973,278.88,0.98,1,-0.054,0.401,0.21,0.003,0.021,0.03,0.0,0.0,0.0,0.74,3.42,0.03,1.68,2.53,1.57,0.0,0.74,0.0,0.0,2.18,0.55,0.0,0.0,0.0,0.0,0.0,1.0,1.0,0.0,1.0,1.0,1.0,0.0,1.0,0.0,0.0,1.0,1.0,0.0,0.0,0.20556183656595062,19.40025773024687,20.215835377248023
6974,278.92,0.98,1,-0.059,0.377,0.199,0.003,0.02,0.0,0.0,0.0,0.0,0.79,3.25,0.0,1.62,2.63,1.51,0.0,0.67,0.0,0.0,2.35,0.63,0.0,0.0,0.0,0.0,0.0,1.0,1.0,0.0,1.0,1.0,1.0,0.0,0.0,0.0,0.0,1.0,1.0,0.0,0.0,0.20629511968057135,20.200990074746155,20.315757431117312
6975,278.96,0.98,1,-0.062,0.38,0.198,0.001,0.012,0.0,0.0,0.0,0.0,0.87,3.04,0.01,1.49,2.66,1.48,0.0,0.53,0.0,0.0,2.31,0.68,0.0,0.0,0.0,0.0,0.0,1.0,1.0,0.0,1.0,1.0,1.0,0.0,0.0,0.0,0.0,1.0,1.0,0.0,0.0,0.2122861585047674,21.30586773637718,20.611889772652972
6976,279.0,0.98,1,-0.057,0.377,0.185,0.003,0.002,0.0,0.0,0.0,0.0,0.93,3.1,0.02,1.46,2.7,1.38,0.0,0.34,0.0,0.0,2.28,0.59,0.0,0.0,0.0,0.0,0.0,1.0,1.0,0.0,1.0,1.0,1.0,0.0,0.0,0.0,0.0,1.0,1.0,0.0,0.0,0.2097314430054838,21.428252378577305,20.303940504246906
6977,279.04,0.98,1,-0.042,0.365,0.164,0.014,-0.02,0.0,0.0,0.0,0.0,0.98,3.18,0.02,1.44,2.7,1.37,0.0,0.13,0.0,0.0,2.27,0.51,0.0,0.0,0.0,0.0,0.0,1.0,1.0,0.0,1.0,1.0,1.0,0.0,0.0,0.0,0.0,1.0,1.0,0.0,0.0,0.20613014614089042,21.633307652784076,20.300985197768068
6978,279.08,0.98,1,-0.042,0.348,0.154,0.023,-0.043,0.0,0.0,0.0,0.0,1.05,3.26,0.01,1.44,2.78,1.35,0.0,0.08,0.0,0.0,2.34,0.34,0.0,0.0,0.0,0.0,0.0,1.0,1.0,0.0,1.0,1.0,1.0,0.0,0.0,0.0,0.0,1.0,1.0,0.0,0.0,0.2027876634755106,22.408257406590057,23.100216449202286
6979,279.12,0.98,1,-0.049,0.349,0.161,0.03,-0.057,0.0,0.0,0.0,0.0,1.06,3.08,0.0,1.39,2.84,1.56,0.0,0.0,0.0,0.0,2.44,0.22,0.0,0.0,0.0,0.0,0.0,1.0,1.0,0.0,1.0,1.0,1.0,0.0,0.0,0.0,0.0,1.0,1.0,0.0,0.0,0.1982741852994308,22.090722034374522,22.91069619195375
6980,279.16,0.98,1,-0.053,0.353,0.16,0.036,-0.06,0.04,0.05,0.0,0.0,1.09,2.9,0.0,1.44,2.92,1.66,0.0,0.0,0.0,0.0,2.45,0.16,0.0,0.0,0.0,0.0,0.0,1.0,1.0,0.0,1.0,1.0,1.0,0.0,0.0,0.0,0.0,1.0,1.0,0.0,0.0,0.19370376043929288,22.00045454075902,21.41144553737566
6981,279.2,0.98,1,-0.051,0.34,0.156,0.04,-0.057,0.04,0.05,0.0,0.0,1.1,2.93,0.0,1.52,2.9,1.66,0.0,0.0,0.0,0.0,2.43,0.1,0.0,0.0,0.0,0.0,0.0,1.0,1.0,0.0,1.0,1.0,1.0,0.0,0.0,0.0,0.0,1.0,1.0,0.0,0.0,0.19939605393844212,21.982265579325393,21.10213259365025
6982,279.24,0.98,1,-0.056,0.334,0.15,0.037,-0.052,0.04,0.07,0.0,0.0,1.11,2.88,0.0,1.53,2.88,1.64,0.0,0.0,0.06,0.0,2.43,0.15,0.0,0.0,0.0,0.0,0.0,1.0,1.0,0.0,1.0,1.0,1.0,0.0,0.0,0.0,0.0,1.0,1.0,0.0,0.0,0.202794977547194,22.372527796384517,21.000238093888363
6983,279.28,0.98,1,-0.078,0.329,0.145,0.034,-0.043,0.05,0.06,0.0,0.0,1.19,2.94,0.03,1.54,2.85,1.6,0.0,0.0,0.08,0.0,2.52,0.18,0.0,0.0,0.0,0.0,0.0,1.0,1.0,0.0,1.0,1.0,1.0,0.0,0.0,0.0,0.0,1.0,1.0,0.0,0.0,0.20376490845125642,23.348233337878003,20.600000000000136
6984,279.32,0.98,1,-0.076,0.33,0.142,0.03,-0.035,0.07,0.06,0.0,0.0,1.26,2.96,0.05,1.54,2.85,1.66,0.0,0.0,0.13,0.0,2.6,0.3,0.0,0.0,0.0,0.0,0.0,1.0,1.0,0.0,1.0,1.0,1.0,0.0,0.0,0.0,0.0,1.0,1.0,0.0,0.0,0.20695370015213188,23.11752581917009,20.200000000000045
6985,279.36,0.98,1,-0.077,0.331,0.145,0.023,-0.026,0.06,0.04,0.0,0.0,1.34,3.11,0.05,1.63,2.84,1.61,0.0,0.0,0.07,0.0,2.69,0.37,0.0,0.0,0.0,0.0,0.0,1.0,1.0,0.0,1.0,1.0,1.0,0.0,0.0,0.0,0.0,1.0,1.0,0.0,0.0,0.2025182586810822,23.81701072762906,20.300246303924446
6986,279.4,0.98,1,-0.08,0.329,0.142,0.013,-0.016,0.02,0.0,0.0,0.0,1.29,3.13,0.02,1.67,2.79,1.63,0.0,0.06,0.06,0.0,2.63,0.44,0.0,0.0,0.0,0.0,0.0,1.0,1.0,0.0,1.0,1.0,1.0,0.0,0.0,0.0,0.0,1.0,1.0,0.0,0.0,0.19888111878145123,23.510423220350585,21.800229356591597
6987,279.44,0.98,1,-0.079,0.337,0.158,0.006,-0.011,0.0,0.0,0.0,0.0,1.03,2.98,0.01,1.5,2.57,1.68,0.0,0.42,0.1,0.0,1.92,0.32,0.0,0.0,0.0,0.0,0.0,1.0,1.0,0.0,1.0,1.0,1.0,0.0,0.0,0.0,0.0,1.0,1.0,0.0,0.0,0.19790301706539626,23.205387305537297,21.80091741188884
6988,279.48,0.98,1,-0.073,0.334,0.134,0.003,-0.004,0.0,0.0,0.0,0.0,0.77,2.98,0.01,1.26,2.26,1.65,0.08,1.0,0.18,0.13,1.0,0.18,0.0,0.0,0.0,0.0,0.0,1.0,1.0,0.0,0.0,1.0,1.0,0.0,1.0,0.0,0.0,1.0,0.0,0.0,0.0,0.19619683912952235,23.203448019637126,21.203773249117763
6989,279.52,0.98,1,-0.069,0.341,0.129,-0.007,-0.0,0.09,0.0,0.0,0.0,0.59,2.96,0.01,1.03,1.95,1.51,0.1,1.37,0.23,0.13,0.18,0.02,0.0,0.0,0.0,0.0,0.0,1.0,1.0,0.0,0.0,1.0,1.0,0.0,1.0,0.0,0.0,1.0,0.0,0.0,0.0,0.19670150938444397,22.70792813094145,19.809088823062968
6990,279.56,0.98,1,-0.068,0.332,0.13,-0.004,-0.012,0.28,0.0,0.0,0.0,0.44,2.52,0.0,0.96,1.83,1.35,0.1,1.42,0.15,0.13,0.04,0.0,0.69,0.0,0.0,0.0,0.0,1.0,1.0,0.0,0.0,1.0,1.0,0.0,1.0,0.0,0.0,1.0,0.0,0.0,0.0,0.19936351175039013,20.70096616102741,19.402319448972968
6991,279.6,0.98,1,-0.026,0.455,0.131,-0.014,0.011,0.62,0.16,0.0,0.0,0.3,1.75,0.0,1.03,1.85,1.49,0.07,1.06,0.07,0.0,0.31,0.11,1.45,0.0,0.0,0.0,0.0,1.0,1.0,0.0,0.0,1.0,1.0,0.0,1.0,0.0,0.0,1.0,0.0,0.0,1.0,0.1708966469917446,17.20726590716822,20.006249023742555
6992,279.64,0.98,1,-0.051,0.524,0.149,-0.01,0.003,0.7,0.16,0.0,0.0,0.19,1.33,0.0,1.19,1.89,1.52,0.05,0.84,0.0,0.0,0.73,0.25,1.92,0.0,0.0,0.0,0.0,0.0,1.0,0.0,0.0,1.0,1.0,0.0,1.0,0.0,0.0,1.0,0.0,0.0,1.0,0.14692872468999554,15.37335357038293,19.6206523846687
6993,279.68,0.98,1,-0.016,0.466,0.132,-0.01,0.024,0.62,0.19,0.0,0.0,0.25,1.78,0.0,1.26,1.91,1.55,0.05,0.71,0.0,0.0,1.13,0.46,1.57,0.0,0.0,0.0,0.0,0.0,1.0,0.0,0.0,1.0,1.0,0.0,1.0,0.0,0.0,1.0,0.0,0.0,1.0,0.14867626370630863,19.085072700935665,21.80091741188884
6994,279.72,0.98,1,-0.054,0.402,0.133,-0.003,0.034,0.35,0.03,0.0,0.0,0.35,2.52,0.0,1.32,1.83,1.45,0.0,0.77,0.0,0.0,1.3,0.57,1.05,0.0,0.0,0.0,0.0,0.0,1.0,0.0,0.0,1.0,1.0,0.0,1.0,0.0,0.0,1.0,0.0,0.0,1.0,0.15939466841052105,19.39329781135736,20.400245096566945
6995,279.76,0.98,1,-0.069,0.408,0.168,-0.005,0.032,0.19,0.03,0.0,0.0,0.46,2.96,0.0,1.16,1.82,1.39,0.0,0.88,0.0,0.0,1.24,0.7,0.84,0.0,0.0,0.0,0.0,0.0,1.0,0.0,0.0,1.0,1.0,0.0,1.0,0.0,0.0,1.0,0.0,0.0,1.0,0.18090870119546348,17.049633427144414,17.21423829276223
6996,279.8,0.98,1,-0.066,0.395,0.166,-0.003,0.032,0.06,0.0,0.0,0.0,0.46,2.96,0.0,1.13,1.84,1.33,0.0,0.94,0.0,0.0,1.11,0.7,0.66,0.0,0.0,0.0,0.0,1.0,1.0,0.0,0.0,1.0,1.0,0.0,1.0,0.0,0.0,1.0,0.0,0.0,1.0,0.17099952038401955,16.207714212682845,17.30260096054921
6997,279.84,0.98,1,-0.072,0.366,0.158,0.005,0.027,0.04,0.0,0.0,0.0,0.5,2.89,0.0,1.01,1.88,1.24,0.0,1.01,0.0,0.0,0.95,0.65,0.49,0.0,0.0,0.0,0.0,1.0,1.0,0.0,0.0,1.0,1.0,0.0,1.0,0.0,0.0,1.0,0.0,0.0,0.0,0.1914419900370411,18.00444389588304,17.610224302943923
6998,279.88,0.98,1,-0.091,0.37,0.155,0.017,0.02,0.05,0.0,0.0,0.0,0.49,2.84,0.01,1.02,1.93,1.27,0.0,0.87,0.0,0.0,0.9,0.54,0.23,0.0,0.0,0.0,0.0,1.0,1.0,0.0,0.0,1.0,1.0,0.0,1.0,0.0,0.0,1.0,0.0,0.0,0.0,0.19518179855521983,18.301092863542284,18.304371062672388
6999,279.92,0.98,1,-0.092,0.358,0.153,0.024,0.013,0.05,0.0,0.0,0.0,0.56,2.78,0.01,1.01,1.96,1.36,0.0,0.82,0.0,0.0,0.84,0.5,0.2,0.0,0.0,0.0,0.0,1.0,1.0,0.0,0.0,1.0,1.0,0.0,1.0,0.0,0.0,1.0,0.0,0.0,0.0,0.20283834100213632,18.700000000000045,18.404347312523836
7000,279.96,0.98,1,-0.093,0.36,0.151,0.027,0.013,0.02,0.0,0.0,0.0,0.58,2.89,0.04,0.91,2.0,1.36,0.0,0.76,0.0,0.0,0.9,0.51,0.13,0.0,0.0,0.0,0.0,1.0,1.0,0.0,0.0,1.0,1.0,0.0,1.0,0.0,0.0,1.0,0.0,0.0,0.0,0.20099340052566622,19.301036241611442,18.50432381904294
7001,280.0,0.98,1,-0.086,0.352,0.144,0.026,0.016,0.0,0.0,0.0,0.0,0.56,2.99,0.03,0.78,1.99,1.38,0.0,0.92,0.0,0.0,0.97,0.5,0.12,0.0,0.0,0.0,0.0,1.0,1.0,0.0,0.0,1.0,1.0,0.0,1.0,0.0,0.0,1.0,0.0,0.0,0.0,0.20679201993600357,19.802272596851054,19.116746585128055
7002,280.04,0.98,1,-0.093,0.363,0.146,0.026,0.016,0.01,0.0,0.0,0.0,0.54,2.96,0.03,0.65,2.04,1.4,0.0,0.99,0.0,0.0,1.11,0.45,0.0,0.0,0.0,0.0,0.0,1.0,1.0,0.0,0.0,1.0,1.0,0.0,1.0,0.0,0.0,1.0,0.0,0.0,0.0,0.2050730019974958,19.801010075246115,18.909521411183174
7003,280.08,0.98,1,-0.074,0.348,0.14,0.021,0.02,0.01,0.0,0.0,0.0,0.56,2.76,0.0,0.69,2.12,1.47,0.01,0.98,0.0,0.0,1.32,0.41,0.04,0.0,0.0,0.0,0.0,1.0,1.0,0.0,0.0,1.0,1.0,0.0,1.0,0.0,0.0,1.0,0.0,0.0,0.0,0.2072716492824646,21.60092590608088,19.412624758131077
7004,280.12,0.98,1,-0.072,0.381,0.143,0.019,0.02,0.06,0.0,0.0,0.0,0.6,2.6,0.0,0.73,2.23,1.48,0.01,0.87,0.0,0.0,1.53,0.51,0.09,0.0,0.0,0.0,0.0,1.0,1.0,0.0,0.0,1.0,1.0,0.0,1.0,0.0,0.0,1.0,0.0,0.0,0.0,0.2034262036648898,18.904232330353825,19.009471323527123
7005,280.16,0.98,1,-0.07,0.396,0.146,0.019,0.022,0.08,0.0,0.0,0.0,0.59,2.54,0.0,0.78,2.29,1.39,0.01,0.7,0.0,0.0,1.8,0.75,0.12,0.0,0.0,0.0,0.0,1.0,1.0,0.0,0.0,1.0,1.0,0.0,1.0,0.0,0.0,1.0,0.0,0.0,0.0,0.19197506801215908,19.100261778310927,19.10942175995905
7006,280.2,0.98,1,-0.07,0.37,0.144,0.015,0.024,0.12,0.0,0.0,0.0,0.58,2.47,0.0,0.77,2.35,1.32,0.0,0.56,0.0,0.0,1.95,0.94,0.13,0.0,0.0,0.0,0.0,1.0,1.0,0.0,0.0,1.0,1.0,0.0,0.0,0.0,0.0,1.0,1.0,0.0,0.0,0.20584676812765976,19.40025773024687,18.7096231923575
7007,280.24,0.98,1,-0.071,0.365,0.14,0.009,0.025,0.13,0.0,0.0,0.0,0.56,2.5,0.0,0.8,2.4,1.21,0.0,0.47,0.0,0.0,2.02,1.07,0.07,0.0,0.0,0.0,0.0,1.0,1.0,0.0,0.0,1.0,1.0,0.0,0.0,0.0,0.0,1.0,1.0,0.0,0.0,0.21238521118449852,19.1002617783107,19.231484602079004
7008,280.28,0.98,1,-0.063,0.37,0.146,0.01,0.027,0.1,0.0,0.0,0.0,0.59,2.6,0.0,0.81,2.41,1.15,0.0,0.42,0.0,0.0,2.07,1.08,0.12,0.0,0.0,0.0,0.0,1.0,1.0,0.0,0.0,1.0,1.0,0.0,0.0,0.0,0.0,1.0,1.0,0.0,0.0,0.19418678721896027,19.306475597581425,18.91295852054891
7009,280.32,0.98,1,-0.052,0.392,0.15,0.005,0.028,0.05,0.0,0.0,0.0,0.61,2.68,0.0,0.89,2.43,1.15,0.0,0.4,0.0,0.0,2.15,1.12,0.12,0.0,0.0,0.0,0.0,1.0,1.0,0.0,0.0,1.0,1.0,0.0,0.0,0.0,0.0,1.0,1.0,0.0,0.0,0.17814776998025472,19.300000000000182,18.702406262296886
7010,280.36,0.98,1,-0.05,0.383,0.151,0.001,0.027,0.02,0.0,0.0,0.0,0.61,2.74,0.0,1.04,2.44,1.27,0.03,0.38,0.0,0.0,2.2,1.08,0.22,0.0,0.0,0.0,0.0,1.0,1.0,0.0,1.0,1.0,1.0,0.0,0.0,0.0,0.0,1.0,1.0,0.0,0.0,0.19447022280388637,19.401030900444304,20.002249873451735
7011,280.4,0.98,1,-0.052,0.391,0.153,0.0,0.028,0.03,0.0,0.0,0.0,0.58,2.7,0.0,1.18,2.46,1.43,0.03,0.41,0.0,0.0,2.25,1.1,0.21,0.0,0.0,0.0,0.0,1.0,1.0,0.0,1.0,1.0,1.0,0.0,0.0,0.0,0.0,1.0,1.0,0.0,0.0,0.18649958937263947,19.40000000000009,19.402319448973195
7012,280.44,0.98,1,-0.051,0.387,0.152,-0.001,0.025,0.03,0.0,0.0,0.0,0.6,2.71,0.0,1.2,2.44,1.52,0.03,0.43,0.0,0.0,2.23,1.13,0.23,0.0,0.0,0.0,0.0,1.0,1.0,0.0,1.0,1.0,1.0,0.0,0.0,0.0,0.0,1.0,1.0,0.0,0.0,0.18286561808143953,19.501025614054253,19.30103624161144
7013,280.48,0.98,1,-0.048,0.38,0.148,0.0,0.021,0.01,0.0,0.0,0.0,0.64,2.69,0.0,1.16,2.45,1.57,0.0,0.44,0.0,0.0,2.28,1.17,0.19,0.0,0.0,0.0,0.0,1.0,1.0,0.0,1.0,1.0,1.0,0.0,0.0,0.0,0.0,1.0,1.0,0.0,0.0,0.18154053208937593,19.59999999999991,19.200260414900672
7014,280.52,0.98,1,-0.044,0.379,0.147,-0.0,0.019,0.0,0.0,0.0,0.0,0.72,2.67,0.0,1.1,2.47,1.52,0.0,0.43,0.0,0.0,2.24,1.12,0.34,0.0,0.0,0.0,0.0,1.0,1.0,0.0,1.0,1.0,1.0,0.0,0.0,0.0,0.0,1.0,1.0,0.0,0.0,0.1803234444322684,19.400257730246647,19.40000000000009
7015,280.56,0.98,1,-0.05,0.386,0.143,-0.0,0.017,0.0,0.0,0.0,0.0,0.75,2.66,0.0,1.04,2.51,1.49,0.0,0.41,0.0,0.0,2.26,1.04,0.38,0.0,0.0,0.0,0.0,1.0,1.0,0.0,0.0,1.0,1.0,0.0,0.0,0.0,0.0,1.0,1.0,0.0,0.0,0.18585422890639408,18.904232330354052,19.300259065618736
7016,280.6,0.98,1,-0.049,0.388,0.15,-0.0,0.014,0.0,0.0,0.0,0.0,0.74,2.67,0.0,0.97,2.51,1.41,0.0,0.42,0.0,0.0,2.27,1.03,0.32,0.0,0.0,0.0,0.0,1.0,1.0,0.0,0.0,1.0,1.0,0.0,0.0,0.0,0.0,1.0,1.0,0.0,0.0,0.19662086951482724,18.7130970178643,19.200260414900672
7017,280.64,0.98,1,-0.048,0.373,0.143,0.003,0.014,0.0,0.0,0.0,0.0,0.71,2.77,0.0,0.97,2.5,1.42,0.0,0.4,0.0,0.0,2.32,1.06,0.16,0.0,0.0,0.0,0.0,1.0,1.0,0.0,0.0,1.0,1.0,0.0,0.0,0.0,0.0,1.0,1.0,0.0,0.0,0.19662432530370696,18.713097017864296,19.402319448973195
7018,280.68,0.98,1,-0.041,0.382,0.144,0.002,0.015,0.0,0.0,0.0,0.0,0.64,2.78,0.0,1.0,2.46,1.44,0.0,0.41,0.0,0.0,2.32,1.08,0.17,0.0,0.0,0.0,0.0,1.0,1.0,0.0,0.0,1.0,1.0,0.0,0.0,0.0,0.0,1.0,1.0,0.0,0.0,0.1813455859270674,18.704277585622002,19.399999999999864
7019,280.72,0.98,1,-0.054,0.383,0.146,0.003,0.017,0.0,0.0,0.0,0.0,0.63,2.72,0.0,1.01,2.43,1.45,0.0,0.4,0.0,0.0,2.31,1.12,0.3,0.0,0.0,0.0,0.0,1.0,1.0,0.0,0.0,1.0,1.0,0.0,0.0,0.0,0.0,1.0,1.0,0.0,0.0,0.1810385507847575,18.813027401245083,19.700000000000045
7020,280.76,0.98,1,-0.041,0.38,0.141,0.004,0.017,0.0,0.0,0.0,0.0,0.64,2.69,0.0,1.02,2.4,1.45,0.0,0.37,0.0,0.0,2.31,1.19,0.24,0.0,0.0,0.0,0.0,1.0,1.0,0.0,0.0,1.0,1.0,0.0,0.0,0.0,0.0,1.0,1.0,0.0,0.0,0.18250817670090413,18.80106379968959,19.300259065618736
7021,280.8,0.98,1,-0.047,0.374,0.137,0.007,0.02,0.0,0.02,0.0,0.0,0.68,2.72,0.0,1.02,2.38,1.37,0.0,0.35,0.0,0.0,2.37,1.27,0.16,0.0,0.0,0.0,0.0,1.0,1.0,0.0,0.0,1.0,1.0,0.0,0.0,0.0,0.0,1.0,1.0,0.0,0.0,0.1802550814692632,18.801063799689587,19.299999999999955
7022,280.84,0.98,1,-0.047,0.381,0.142,0.006,0.021,0.0,0.02,0.0,0.0,0.63,2.61,0.0,1.0,2.38,1.39,0.0,0.39,0.0,0.0,2.36,1.29,0.59,0.0,0.0,0.0,0.0,1.0,1.0,0.0,0.0,1.0,1.0,0.0,0.0,0.0,0.0,1.0,1.0,0.0,0.0,0.1926293832336345,19.306475597581198,19.400257730246647
7023,280.88,0.98,1,-0.046,0.398,0.119,0.003,0.026,0.16,0.06,0.0,0.0,0.44,2.02,0.0,1.03,2.41,1.51,0.0,0.41,0.0,0.0,2.41,1.2,1.47,0.0,0.0,0.0,0.0,1.0,1.0,0.0,0.0,1.0,1.0,0.0,0.0,0.0,0.0,1.0,1.0,0.0,1.0,0.17891245856403365,18.000277775634462,19.899999999999864
7024,280.92,0.98,1,-0.042,0.463,0.131,-0.009,0.028,0.31,0.05,0.0,0.0,0.41,1.52,0.0,1.21,2.49,1.59,0.0,0.35,0.01,0.0,2.33,0.98,2.26,0.0,0.0,0.0,0.0,1.0,1.0,0.0,0.0,1.0,1.0,0.0,0.0,0.0,0.0,1.0,1.0,0.0,1.0,0.16320074942599483,18.652613757862607,18.501081049495458
7025,280.96,0.98,1,-0.057,0.461,0.131,0.004,0.006,0.33,0.05,0.0,0.0,0.55,1.59,0.0,1.15,2.44,1.57,0.0,0.32,0.01,0.0,2.34,0.79,2.24,0.0,0.0,0.0,0.0,1.0,1.0,0.0,0.0,1.0,1.0,0.0,0.0,0.0,0.0,1.0,1.0,0.0,1.0,0.15396212588836525,17.613914953808536,20.40612653102013
7026,281.0,0.98,1,-0.037,0.406,0.117,0.015,0.018,0.17,0.0,0.0,0.0,0.8,2.18,0.0,1.05,2.42,1.47,0.0,0.29,0.01,0.0,2.28,0.81,1.76,0.0,0.0,0.0,0.0,1.0,1.0,0.0,0.0,1.0,1.0,0.0,0.0,0.0,0.0,1.0,1.0,0.0,1.0,0.15358069228910032,19.911052207254098,19.59999999999991
7027,281.04,0.98,1,-0.042,0.378,0.136,0.006,0.022,0.02,0.0,0.0,0.0,0.96,2.84,0.0,0.94,2.33,1.36,0.0,0.39,0.0,0.0,2.36,0.92,1.22,0.0,0.0,0.0,0.0,1.0,1.0,0.0,1.0,1.0,1.0,0.0,0.0,0.0,0.0,1.0,1.0,0.0,1.0,0.1780783151790242,17.8101094887145,19.75702406740453
7028,281.08,0.98,1,-0.028,0.367,0.139,0.004,0.024,0.0,0.0,0.0,0.0,0.94,2.98,0.0,1.1,2.38,1.23,0.0,0.42,0.0,0.0,2.42,0.97,0.68,0.0,0.0,0.0,0.0,1.0,1.0,0.0,1.0,1.0,1.0,0.0,0.0,0.0,0.0,1.0,1.0,0.0,1.0,0.16257098950538165,19.116746585127828,18.309833423600736
7029,281.12,0.98,1,-0.05,0.352,0.147,0.003,0.023,0.0,0.0,0.0,0.0,0.88,3.15,0.0,1.2,2.33,1.02,0.0,0.53,0.0,0.0,2.4,0.94,0.29,0.0,0.0,0.0,0.0,1.0,1.0,0.0,1.0,1.0,1.0,0.0,0.0,0.0,0.0,1.0,1.0,0.0,0.0,0.18094271729651984,17.906981878585885,18.101104938649375
7030,281.16,0.98,1,-0.058,0.363,0.15,0.001,0.022,0.0,0.0,0.0,0.0,0.74,3.14,0.0,1.1,2.25,0.89,0.0,0.6,0.0,0.0,2.36,0.96,0.0,0.0,0.0,0.0,0.0,1.0,1.0,0.0,1.0,1.0,1.0,0.0,0.0,0.0,0.0,1.0,1.0,0.0,0.0,0.18301127555613408,17.902513789968246,18.600268815261693
7031,281.2,0.98,1,-0.043,0.36,0.145,0.001,0.022,0.1,0.0,0.0,0.0,0.71,3.15,0.0,1.17,2.19,0.96,0.0,0.5,0.0,0.0,2.18,0.91,0.0,0.0,0.0,0.0,0.0,1.0,1.0,0.0,1.0,1.0,1.0,0.0,0.0,0.0,0.0,1.0,1.0,0.0,0.0,0.17931271570613952,18.60671921645525,18.90105817143589
7032,281.24,0.98,1,-0.028,0.356,0.127,-0.004,-0.008,0.1,0.0,0.0,0.0,0.73,3.16,0.0,1.21,2.14,1.04,0.0,0.36,0.0,0.0,2.04,0.65,0.0,0.0,0.0,0.0,0.0,1.0,1.0,0.0,1.0,1.0,1.0,0.0,0.0,0.0,0.0,1.0,1.0,0.0,0.0,0.1843564571957645,18.600268815261693,20.000249998437518
7033,281.28,0.98,1,-0.043,0.355,0.137,0.014,-0.009,0.1,0.0,0.0,0.0,0.72,3.11,0.0,1.29,2.09,1.21,0.0,0.29,0.0,0.0,1.92,0.47,0.0,0.0,0.0,0.0,0.0,1.0,1.0,0.0,1.0,1.0,1.0,0.0,0.0,0.0,0.0,1.0,1.0,0.0,0.0,0.18723492801549851,19.201041638411226,19.201041638411226
7034,281.32,0.98,1,-0.042,0.345,0.141,0.005,0.015,0.09,0.0,0.0,0.0,0.53,2.92,0.0,0.98,1.97,1.14,0.09,0.67,0.0,0.0,1.38,0.27,0.0,0.0,0.0,0.0,0.0,1.0,1.0,0.0,1.0,1.0,1.0,0.0,0.0,0.0,0.0,1.0,0.0,0.0,0.0,0.1872093910798896,18.900264548412935,19.70406049523808
7035,281.36,0.98,1,-0.03,0.328,0.127,-0.003,0.023,0.2,0.0,0.0,0.01,0.39,2.78,0.03,0.86,1.82,1.18,0.16,0.98,0.1,0.05,0.76,0.2,0.0,0.0,0.0,0.0,0.0,1.0,1.0,0.0,0.0,1.0,1.0,0.0,1.0,0.0,0.0,1.0,0.0,0.0,0.0,0.19329033297474962,19.404123273160135,21.202122535255803
7036,281.4,0.98,1,-0.02,0.335,0.113,-0.001,-0.006,0.2,0.0,0.0,0.01,0.34,2.72,0.03,0.66,1.68,1.04,0.28,1.1,0.11,0.05,0.28,0.23,0.0,0.0,0.0,0.0,0.0,1.0,1.0,0.0,0.0,1.0,1.0,0.0,1.0,0.0,0.0,0.0,0.0,0.0,0.0,0.20201720904963272,20.615528128088442,21.90000000000009
7037,281.44,0.98,1,-0.031,0.363,0.12,0.005,0.001,0.11,0.0,0.0,0.01,0.4,2.75,0.03,0.71,1.62,1.04,0.36,1.03,0.14,0.1,0.24,0.42,0.0,0.0,0.0,0.0,0.0,1.0,1.0,0.0,0.0,1.0,1.0,0.0,1.0,0.0,0.0,0.0,0.0,0.0,0.0,0.19550270735144393,21.008569680013917,21.80091741188884
7038,281.48,0.98,1,-0.019,0.339,0.13,-0.012,0.01,0.03,0.0,0.0,0.0,0.46,2.74,0.0,0.63,1.61,1.08,0.36,0.94,0.04,0.08,0.24,0.48,0.0,0.0,0.0,0.0,0.0,1.0,1.0,0.0,0.0,1.0,1.0,0.0,1.0,0.0,0.0,0.0,0.0,0.0,0.0,0.22206078512025998,21.918485349129487,22.20360331117456
7039,281.52,0.98,1,-0.027,0.34,0.11,0.0,-0.001,0.08,0.0,0.0,0.0,0.47,2.71,0.0,0.7,1.64,1.08,0.43,1.06,0.03,0.2,0.07,0.33,0.0,0.0,0.0,0.0,0.0,1.0,1.0,0.0,0.0,1.0,1.0,0.0,1.0,0.0,0.0,0.0,0.0,0.0,0.0,0.2128535837074011,21.714741536569157,22.400223213173433
7040,281.56,0.98,1,-0.037,0.346,0.12,-0.007,0.007,0.21,0.01,0.0,0.0,0.59,2.87,0.01,0.74,1.65,1.04,0.34,0.93,0.0,0.15,0.05,0.29,0.0,0.0,0.0,0.0,0.0,1.0,1.0,0.0,0.0,1.0,1.0,0.0,1.0,0.0,0.0,0.0,0.0,0.0,0.0,0.21435203801927366,21.822923727126895,22.20360331117456
7041,281.6,0.98,1,-0.044,0.36,0.128,0.007,-0.002,0.18,0.01,0.0,0.0,0.61,2.8,0.01,0.81,1.74,0.86,0.29,0.9,0.06,0.12,0.46,0.54,0.0,0.0,0.0,0.0,0.0,1.0,1.0,0.0,0.0,1.0,1.0,0.0,1.0,0.0,0.0,0.0,1.0,0.0,0.0,0.19238846423860523,21.82773465112672,23.000217390276987
7042,281.64,0.98,1,-0.045,0.339,0.141,-0.002,0.018,0.15,0.01,0.0,0.09,0.78,2.88,0.01,0.94,1.92,0.87,0.1,0.62,0.06,0.0,1.13,0.93,0.0,0.0,0.0,0.0,0.0,1.0,1.0,0.0,0.0,1.0,1.0,0.0,1.0,0.0,0.0,1.0,1.0,0.0,0.0,0.2185270037271917,21.733154395991434,22.005681084665387
7043,281.68,0.98,1,-0.038,0.335,0.157,-0.0,0.025,0.02,0.0,0.0,0.09,0.84,2.82,0.0,1.18,2.17,1.04,0.03,0.49,0.06,0.0,1.86,1.19,0.0,0.0,0.0,0.0,0.0,1.0,1.0,0.0,1.0,1.0,1.0,0.0,0.0,0.0,0.0,1.0,1.0,0.0,0.0,0.2162352257214664,21.82773465112672,22.607963198837616
7044,281.72,0.98,1,-0.043,0.342,0.164,0.003,0.022,0.02,0.0,0.0,0.09,0.93,2.84,0.0,1.41,2.41,1.1,0.0,0.33,0.0,0.0,2.27,1.3,0.0,0.0,0.0,0.0,0.0,1.0,1.0,0.0,1.0,1.0,1.0,0.0,0.0,0.0,0.0,1.0,1.0,0.0,0.0,0.19715384424368376,21.82773465112672,22.907858913482162
7045,281.76,0.98,1,-0.047,0.343,0.161,0.005,0.024,0.0,0.0,0.0,0.0,0.9,2.74,0.0,1.55,2.52,1.25,0.0,0.32,0.0,0.0,2.41,1.23,0.0,0.0,0.0,0.0,0.0,1.0,1.0,0.0,1.0,1.0,1.0,0.0,0.0,0.0,0.0,1.0,1.0,0.0,0.0,0.19596723338897976,22.41093483101506,22.614154859291023
7046,281.8,0.98,1,-0.051,0.343,0.164,0.004,0.023,0.01,0.0,0.0,0.01,0.96,2.74,0.0,1.53,2.6,1.31,0.0,0.33,0.0,0.0,2.49,1.09,0.0,0.0,0.0,0.0,0.0,1.0,1.0,0.0,1.0,1.0,1.0,0.0,0.0,0.0,0.0,1.0,1.0,0.0,0.0,0.20185456135536997,22.018401395196697,22.211033294288722
7047,281.84,0.98,1,-0.047,0.337,0.161,0.007,0.022,0.01,0.0,0.0,0.01,1.05,2.77,0.0,1.5,2.68,1.54,0.0,0.29,0.0,0.0,2.56,0.78,0.0,0.0,0.0,0.0,0.0,1.0,1.0,0.0,1.0,1.0,1.0,0.0,0.0,0.0,0.0,1.0,1.0,0.0,0.0,0.20984962810563076,22.118318200080356,22.405579662218162
7048,281.88,0.98,1,-0.06,0.327,0.163,0.004,0.019,0.01,0.0,0.0,0.02,1.13,2.75,0.0,1.47,2.75,1.7,0.0,0.26,0.0,0.0,2.64,0.54,0.0,0.0,0.0,0.0,0.0,1.0,1.0,0.0,1.0,1.0,1.0,0.0,0.0,0.0,0.0,1.0,1.0,0.0,0.0,0.2134433975717392,22.426992665090072,22.710790386950475
7049,281.92,0.98,1,-0.051,0.322,0.156,0.005,0.019,0.0,0.0,0.0,0.01,1.14,2.75,0.0,1.41,2.76,1.66,0.0,0.3,0.0,0.0,2.67,0.5,0.0,0.0,0.0,0.0,0.0,1.0,1.0,0.0,1.0,1.0,1.0,0.0,0.0,0.0,0.0,1.0,1.0,0.0,0.0,0.21259510984688654,21.818570072303046,22.410934831015062
7050,281.96,0.98,1,-0.052,0.319,0.151,0.011,0.022,0.0,0.0,0.0,0.01,1.15,2.97,0.0,1.45,2.75,1.55,0.0,0.3,0.0,0.0,2.75,0.79,0.0,0.0,0.0,0.0,0.0,1.0,1.0,0.0,1.0,1.0,1.0,0.0,0.0,0.0,0.0,1.0,1.0,0.0,0.0,0.21823015894910808,21.80825531765455,21.623135757794152
7051,282.0,0.98,1,-0.053,0.326,0.154,0.014,0.026,0.0,0.0,0.0,0.09,1.13,2.89,0.0,1.35,2.68,1.39,0.0,0.21,0.0,0.0,2.81,1.06,0.0,0.0,0.0,0.0,0.0,1.0,1.0,0.0,1.0,1.0,1.0,0.0,0.0,0.0,0.0,1.0,1.0,0.0,0.0,0.19368184880992367,21.80573319106693,20.708693826506597
7052,282.04,0.98,1,-0.063,0.319,0.162,0.012,0.029,0.0,0.0,0.0,0.09,1.15,2.88,0.0,1.39,2.65,1.48,0.0,0.05,0.03,0.0,2.99,1.3,0.0,0.0,0.0,0.0,0.0,1.0,1.0,0.0,1.0,1.0,1.0,0.0,0.0,0.0,0.0,1.0,1.0,0.0,0.0,0.22308015485337995,21.92281916177762,20.312065379965624
7053,282.08,0.98,1,-0.068,0.339,0.172,0.002,0.033,0.0,0.0,0.0,0.09,1.15,2.82,0.0,1.37,2.6,1.57,0.0,0.1,0.11,0.0,3.13,1.39,0.0,0.0,0.0,0.0,0.0,1.0,1.0,0.0,1.0,1.0,1.0,0.0,0.0,0.0,0.0,1.0,1.0,0.0,0.0,0.2082924709453864,22.332263655975364,20.10895322984258
7054,282.12,0.98,1,-0.065,0.339,0.177,0.001,0.035,0.0,0.0,0.0,0.0,1.14,3.02,0.0,1.33,2.58,1.6,0.0,0.19,0.13,0.0,3.27,1.58,0.0,0.0,0.0,0.0,0.0,1.0,1.0,0.0,1.0,1.0,1.0,0.0,0.0,0.0,0.0,1.0,1.0,0.0,0.0,0.21400473055818992,22.522211259110417,20.22003956474868
7055,282.16,0.98,1,-0.072,0.34,0.164,0.004,0.039,0.0,0.0,0.0,0.0,1.1,2.9,0.0,1.38,2.58,1.62,0.0,0.32,0.22,0.0,3.18,1.61,0.52,0.0,0.0,0.0,0.0,1.0,1.0,0.0,1.0,1.0,1.0,0.0,0.0,0.0,0.0,1.0,1.0,0.0,0.0,0.19409029138299094,21.200235847744757,19.716236963477638
7056,282.2,0.98,1,-0.046,0.407,0.142,-0.006,0.044,0.03,0.02,0.0,0.0,1.0,2.42,0.0,1.45,2.62,1.62,0.0,0.37,0.25,0.0,3.02,1.55,1.15,0.0,0.0,0.0,0.0,1.0,1.0,0.0,1.0,1.0,1.0,0.0,0.0,0.0,0.0,1.0,1.0,0.0,1.0,0.16738004453405594,17.822738285684338,17.704519197086423
7057,282.24,0.98,1,-0.075,0.457,0.137,-0.009,0.044,0.04,0.02,0.0,0.0,0.97,2.06,0.0,1.7,2.76,1.74,0.0,0.35,0.35,0.0,2.82,1.3,1.86,0.0,0.0,0.0,0.0,1.0,1.0,0.0,1.0,1.0,1.0,0.0,0.0,0.0,0.0,1.0,1.0,0.0,1.0,0.13601169853264225,16.29969324864739,20.315757431117312
7058,282.28,0.98,1,-0.089,0.487,0.131,0.005,0.015,0.04,0.02,0.0,0.0,1.04,2.29,0.0,1.73,2.75,1.7,0.0,0.43,0.23,0.0,2.58,1.07,1.94,0.0,0.0,0.0,0.0,1.0,1.0,0.0,1.0,1.0,1.0,0.0,0.0,0.0,0.0,1.0,1.0,0.0,1.0,0.14207844456831037,15.871042813879576,17.50114281982751
7059,282.32,0.98,1,-0.06,0.447,0.119,0.015,0.024,0.01,0.0,0.0,0.0,1.14,2.75,0.0,1.64,2.75,1.66,0.0,0.44,0.12,0.0,2.49,0.88,1.58,0.0,0.0,0.0,0.0,1.0,1.0,0.0,1.0,1.0,1.0,0.0,0.0,0.0,0.0,1.0,1.0,0.0,1.0,0.09880804360844783,15.615697230671362,19.60025510038062
7060,282.36,0.98,1,0.003,0.359,0.138,-0.012,0.023,0.0,0.0,0.0,0.0,1.28,3.23,0.0,1.69,2.7,1.67,0.0,0.4,0.02,0.0,2.42,0.57,1.0,0.0,0.0,0.0,0.0,1.0,1.0,0.0,1.0,1.0,1.0,0.0,0.0,0.0,0.0,1.0,0.0,0.0,0.0,0.1799462712959208,16.90000000000009,18.227451824103163
7061,282.4,0.98,1,0.026,0.347,0.123,-0.02,-0.007,0.0,0.0,0.0,0.0,1.27,3.33,0.0,1.71,2.76,1.73,0.0,0.24,0.04,0.0,2.4,0.29,0.4,0.0,0.0,0.0,0.0,1.0,1.0,0.0,1.0,1.0,1.0,0.0,0.0,0.0,0.0,1.0,0.0,0.0,0.0,0.1553724834399784,18.60107523773841,18.133394607739522
7062,282.44,0.98,1,0.045,0.328,0.119,-0.026,-0.016,0.0,0.0,0.0,0.0,1.31,3.31,0.0,1.76,2.81,1.81,0.0,0.16,0.06,0.0,2.23,0.04,0.14,0.0,0.0,0.0,0.0,1.0,1.0,0.0,1.0,1.0,1.0,0.0,0.0,0.0,0.0,1.0,0.0,0.0,0.0,0.1771400604116337,19.00236827345476,19.7205476597381
7063,282.48,0.98,1,0.069,0.333,0.12,-0.031,-0.021,0.0,0.0,0.0,0.0,1.34,3.34,0.0,1.66,2.85,1.78,0.0,0.18,0.04,0.0,2.15,0.0,0.01,0.0,0.0,0.0,0.0,1.0,1.0,0.0,1.0,1.0,1.0,0.0,0.0,0.0,0.0,1.0,0.0,0.0,0.0,0.18696663889880435,18.701069488133605,20.32978111047923
7064,282.52,0.98,1,0.066,0.341,0.122,-0.027,-0.023,0.0,0.0,0.0,0.0,1.41,3.38,0.0,1.69,2.81,1.89,0.02,0.14,0.03,0.0,2.11,0.0,0.0,0.0,0.0,0.0,0.0,1.0,1.0,0.0,1.0,1.0,1.0,0.0,0.0,0.0,0.0,1.0,0.0,0.0,0.0,0.1874896701886082,19.11282292075131,19.573962296888183
7065,282.56,0.98,1,0.061,0.326,0.119,-0.029,-0.022,0.0,0.0,0.0,0.0,1.4,3.4,0.0,1.71,2.79,1.91,0.02,0.11,0.0,0.0,2.12,0.0,0.0,0.0,0.0,0.0,0.0,1.0,1.0,0.0,1.0,1.0,1.0,0.0,0.0,0.0,0.0,1.0,0.0,0.0,0.0,0.1962384698047368,19.825236442473976,19.73068675946181
7066,282.6,0.98,1,0.067,0.335,0.112,-0.029,-0.021,0.0,0.0,0.0,0.0,1.4,3.12,0.0,1.76,2.8,2.0,0.02,0.07,0.0,0.0,2.05,0.0,0.0,0.0,0.0,0.0,0.0,1.0,1.0,0.0,1.0,1.0,1.0,0.0,0.0,0.0,0.0,1.0,0.0,0.0,0.0,0.1930781878397625,19.35071058126802,20.3415830259102
7067,282.64,0.98,1,0.07,0.338,0.12,-0.03,-0.025,0.0,0.0,0.0,0.0,1.37,2.92,0.0,1.72,2.85,2.0,0.04,0.11,0.0,0.0,2.07,0.0,0.0,0.0,0.0,0.0,0.0,1.0,1.0,0.0,1.0,1.0,1.0,0.0,0.0,0.0,0.0,1.0,0.0,0.0,0.0,0.20312625585383318,19.250974001333066,19.94241710525591
7068,282.68,0.98,1,0.047,0.332,0.12,-0.027,-0.025,0.0,0.0,0.0,0.0,1.41,2.97,0.0,1.74,2.9,1.98,0.04,0.08,0.0,0.0,2.09,0.0,0.0,0.0,0.0,0.0,0.0,1.0,1.0,0.0,1.0,1.0,1.0,0.0,0.0,0.0,0.0,1.0,0.0,0.0,0.0,0.1994479471495992,20.03596765818911,20.399999999999864
7069,282.72,0.98,1,-0.024,0.32,0.116,-0.023,-0.027,0.0,0.0,0.0,0.0,1.38,3.15,0.0,1.61,2.91,1.94,0.08,0.05,0.0,0.0,2.19,0.0,0.0,0.0,0.0,0.0,0.0,1.0,1.0,0.0,1.0,1.0,1.0,0.0,0.0,0.0,0.0,1.0,0.0,0.0,0.0,0.19634969610522368,20.619650821485706,19.90100499974822
7070,282.76,0.98,1,-0.065,0.321,0.116,-0.018,-0.026,0.0,0.0,0.0,0.0,1.38,3.25,0.0,1.61,2.9,1.87,0.07,0.0,0.01,0.0,2.24,0.0,0.0,0.0,0.0,0.0,0.0,1.0,1.0,0.0,1.0,1.0,1.0,0.0,0.0,0.0,0.0,1.0,0.0,0.0,0.0,0.21020592770855018,22.903493183355103,20.408821622033802
7071,282.8,0.98,1,-0.067,0.321,0.119,-0.017,-0.028,0.0,0.0,0.0,0.0,1.36,3.17,0.0,1.64,2.9,1.96,0.12,0.0,0.01,0.0,2.25,0.0,0.0,0.0,0.0,0.0,0.0,1.0,1.0,0.0,1.0,1.0,1.0,0.0,0.0,0.0,0.0,1.0,0.0,0.0,0.0,0.21388505090441406,22.703523955544917,20.811775512915716
7072,282.84,0.98,1,-0.064,0.323,0.118,-0.018,-0.028,0.0,0.0,0.0,0.0,1.33,3.05,0.0,1.79,2.94,1.98,0.08,0.01,0.01,0.0,2.26,0.0,0.0,0.0,0.0,0.0,0.0,1.0,1.0,0.0,1.0,1.0,1.0,0.0,0.0,0.0,0.0,1.0,0.0,0.0,0.0,0.21544806936051955,21.208488866489333,20.524375751773793
7073,282.88,0.98,1,-0.063,0.322,0.117,-0.017,-0.028,0.0,0.0,0.0,0.0,1.28,2.85,0.0,1.9,3.01,1.97,0.07,0.01,0.0,0.0,2.28,0.0,0.0,0.0,0.0,0.0,0.0,1.0,1.0,0.0,1.0,1.0,1.0,0.0,0.0,0.0,0.0,1.0,0.0,0.0,0.0,0.20947398655568478,20.711832367031217,20.024984394500787
7074,282.92,0.98,1,-0.066,0.315,0.118,-0.013,-0.03,0.0,0.0,0.0,0.0,1.27,2.75,0.0,1.93,3.03,2.0,0.02,0.01,0.0,0.0,2.3,0.0,0.0,0.0,0.0,0.0,0.0,1.0,1.0,0.0,1.0,1.0,1.0,0.0,0.0,0.0,0.0,1.0,0.0,0.0,0.0,0.21885871300596488,21.00380917833715,19.72536438193226
7075,282.96,0.98,1,-0.055,0.319,0.116,-0.014,-0.029,0.0,0.0,0.0,0.0,1.31,2.81,0.0,1.9,3.07,1.92,0.02,0.0,0.0,0.0,2.42,0.02,0.0,0.0,0.0,0.0,0.0,1.0,1.0,0.0,1.0,1.0,1.0,0.0,0.0,0.0,0.0,1.0,0.0,0.0,0.0,0.20781801150049697,20.40392119177105,19.32588937151424
7076,283.0,0.98,1,-0.046,0.311,0.14,0.005,-0.026,0.0,0.0,0.0,0.0,1.35,2.78,0.0,1.86,3.1,1.93,0.0,0.02,0.0,0.0,2.47,0.13,0.0,0.0,0.0,0.0,0.0,1.0,1.0,0.0,1.0,1.0,1.0,0.0,0.0,0.0,0.0,1.0,0.0,0.0,0.0,0.22429760922655329,21.228518554058176,21.01927686672403
7077,283.04,0.98,1,-0.059,0.321,0.152,-0.011,-0.0,0.0,0.0,0.0,0.0,1.36,2.75,0.0,1.9,3.12,1.74,0.0,0.02,0.0,0.0,2.55,0.18,0.0,0.0,0.0,0.0,0.0,1.0,1.0,0.0,1.0,1.0,1.0,0.0,0.0,0.0,0.0,1.0,0.0,0.0,0.0,0.21589388809295929,18.813027401245083,19.93614807328624
7078,283.08,0.98,1,-0.08,0.318,0.121,-0.017,-0.016,0.0,0.0,0.0,0.0,1.34,2.74,0.0,1.91,3.13,1.8,0.0,0.05,0.0,0.0,2.55,0.23,0.0,0.0,0.0,0.0,0.0,1.0,1.0,0.0,1.0,1.0,1.0,0.0,0.0,0.0,0.0,1.0,0.0,0.0,0.0,0.21911297543223104,22.31434516180114,20.1419959289045
7079,283.12,0.98,1,-0.064,0.317,0.147,-0.002,-0.016,0.0,0.0,0.0,0.0,1.36,2.88,0.0,1.92,3.1,1.81,0.01,0.06,0.0,0.0,2.56,0.29,0.0,0.0,0.0,0.0,0.0,1.0,1.0,0.0,1.0,1.0,1.0,0.0,0.0,0.0,0.0,1.0,0.0,0.0,0.0,0.222277964121944,19.20937271229859,20.74078108461689
7080,283.16,0.98,1,-0.062,0.327,0.158,-0.007,0.002,0.0,0.0,0.0,0.0,1.39,3.01,0.0,1.79,3.13,1.84,0.01,0.15,0.0,0.0,2.58,0.38,0.0,0.0,0.0,0.0,0.0,1.0,1.0,0.0,1.0,1.0,1.0,0.0,0.0,0.0,0.0,1.0,0.0,0.0,0.0,0.22297110165347234,19.716236963477634,20.515603817582363
7081,283.2,0.98,1,-0.067,0.327,0.16,-0.008,0.01,0.0,0.0,0.0,0.0,1.42,2.96,0.0,1.81,3.07,1.81,0.01,0.13,0.0,0.0,2.42,0.39,0.0,0.0,0.0,0.0,0.0,1.0,1.0,0.0,1.0,1.0,1.0,0.0,0.0,0.0,0.0,1.0,0.0,0.0,0.0,0.21994298512021618,18.717104476921687,20.424495097798715
7082,283.24,0.98,1,-0.072,0.305,0.12,-0.017,-0.006,0.0,0.0,0.0,0.0,1.46,3.11,0.0,1.82,3.11,1.8,0.0,0.09,0.0,0.0,2.49,0.29,0.0,0.0,0.0,0.0,0.0,1.0,1.0,0.0,1.0,1.0,1.0,0.0,0.0,0.0,0.0,1.0,0.0,0.0,0.0,0.2242860040826463,19.216659439142717,20.33543704964312
7083,283.28,0.98,1,-0.064,0.315,0.151,-0.0,-0.012,0.0,0.0,0.0,0.0,1.46,3.08,0.0,1.9,3.09,1.82,0.0,0.08,0.0,0.0,2.54,0.32,0.0,0.0,0.0,0.0,0.0,1.0,1.0,0.0,1.0,1.0,1.0,0.0,0.0,0.0,0.0,1.0,0.0,0.0,0.0,0.21719226495576385,18.706683297688066,20.923909768492212
7084,283.32,0.98,1,-0.073,0.325,0.154,-0.004,0.004,0.0,0.0,0.0,0.0,1.41,3.24,0.0,1.85,3.15,1.82,0.0,0.17,0.0,0.0,2.66,0.31,0.0,0.0,0.0,0.0,0.0,1.0,1.0,0.0,1.0,1.0,1.0,0.0,0.0,0.0,0.0,1.0,0.0,0.0,0.0,0.22047984618003227,19.509228585466932,20.220039564748674
7085,283.36,0.98,1,-0.071,0.327,0.153,-0.007,0.013,0.0,0.0,0.0,0.0,1.4,3.15,0.0,1.92,3.12,1.76,0.0,0.17,0.0,0.0,2.59,0.28,0.0,0.0,0.0,0.0,0.0,1.0,1.0,0.0,1.0,1.0,1.0,0.0,0.0,0.0,0.0,1.0,0.0,0.0,0.0,0.21442342799137445,18.81302740124508,20.424495097798715
7086,283.4,0.98,1,-0.08,0.305,0.113,-0.012,-0.006,0.0,0.0,0.0,0.0,1.39,3.18,0.0,1.92,3.05,1.87,0.03,0.09,0.0,0.0,2.57,0.13,0.0,0.0,0.0,0.0,0.0,1.0,1.0,0.0,1.0,1.0,1.0,0.0,0.0,0.0,0.0,1.0,0.0,0.0,0.0,0.22377026266291136,22.3181540455298,20.042205467462903
7087,283.44,0.98,1,-0.065,0.317,0.128,-0.018,-0.017,0.0,0.0,0.0,0.0,1.43,3.19,0.0,1.97,3.08,1.92,0.03,0.0,0.0,0.0,2.66,0.13,0.0,0.0,0.0,0.0,0.0,1.0,1.0,0.0,1.0,1.0,1.0,0.0,0.0,0.0,0.0,1.0,0.0,0.0,0.0,0.22806782781843934,19.716236963477634,19.13765920900455
7088,283.48,0.98,1,-0.061,0.32,0.141,0.001,-0.013,0.0,0.0,0.0,0.0,1.41,3.11,0.0,1.89,3.06,1.85,0.03,0.0,0.0,0.0,2.69,0.23,0.0,0.0,0.0,0.0,0.0,1.0,1.0,0.0,1.0,1.0,1.0,0.0,0.0,0.0,0.0,1.0,0.0,0.0,0.0,0.22901417634782145,19.520758181996932,20.024984394500787
7089,283.52,0.98,1,-0.071,0.325,0.15,-0.003,0.006,0.0,0.0,0.0,0.0,1.35,2.91,0.0,1.81,3.11,1.74,0.0,0.06,0.0,0.0,2.61,0.28,0.46,0.0,0.0,0.0,0.0,1.0,1.0,0.0,1.0,1.0,1.0,0.0,0.0,0.0,0.0,1.0,0.0,0.0,0.0,0.22354332790257836,20.303940504246906,19.609181522949815
7090,283.56,0.98,1,-0.06,0.363,0.142,-0.011,0.016,0.0,0.0,0.0,0.0,1.23,2.37,0.0,1.93,3.08,1.82,0.05,0.06,0.0,0.0,2.48,0.2,1.04,0.0,0.0,0.0,0.0,1.0,1.0,0.0,1.0,1.0,1.0,0.0,0.0,0.0,0.0,1.0,0.0,0.0,0.0,0.1977543904132368,17.110523077919176,18.01776900728833
7091,283.6,0.98,1,-0.066,0.441,0.116,-0.028,-0.003,0.08,0.0,0.0,0.0,1.21,2.11,0.02,2.03,3.11,2.08,0.12,0.06,0.11,0.0,2.37,0.05,1.7,0.0,0.0,0.0,0.0,1.0,1.0,0.0,1.0,1.0,1.0,0.0,0.0,0.0,0.0,1.0,0.0,0.0,0.0,0.1342936629137338,16.351758315239334,19.509228585466932
7092,283.64,0.98,1,-0.049,0.425,0.104,-0.027,-0.005,0.1,0.0,0.0,0.0,1.32,2.18,0.04,2.18,3.07,2.21,0.12,0.0,0.11,0.0,2.36,0.0,1.59,0.0,0.0,0.0,0.0,1.0,1.0,0.0,1.0,1.0,1.0,0.0,0.0,0.0,0.0,1.0,0.0,0.0,0.0,0.15419044903200205,15.526107045875987,17.500285711953392
7093,283.68,0.98,1,-0.054,0.361,0.096,-0.01,-0.009,0.1,0.0,0.0,0.0,1.56,2.82,0.07,2.18,3.05,2.22,0.07,0.0,0.11,0.0,2.45,0.03,1.29,0.0,0.0,0.0,0.0,1.0,1.0,0.0,1.0,1.0,1.0,0.0,0.0,0.0,0.0,1.0,0.0,0.0,0.0,0.1598643330547006,19.457903278616726,19.0168346472277
7094,283.72,0.98,1,-0.081,0.388,0.133,0.004,-0.01,0.01,0.0,0.0,0.0,1.67,3.32,0.06,2.08,3.05,2.09,0.0,0.02,0.0,0.0,2.54,0.11,0.83,0.0,0.0,0.0,0.0,1.0,1.0,0.0,1.0,1.0,1.0,0.0,0.0,0.0,0.0,1.0,0.0,0.0,0.0,0.16676074454669487,16.524527224704492,17.8101094887145
7095,283.76,0.98,1,-0.07,0.378,0.147,0.002,0.007,0.0,0.0,0.0,0.0,1.71,3.53,0.04,1.86,3.07,1.91,0.0,0.03,0.0,0.0,2.62,0.23,0.49,0.0,0.0,0.0,0.0,1.0,1.0,0.0,1.0,1.0,1.0,0.0,0.0,0.0,0.0,1.0,0.0,0.0,0.0,0.16726696128536442,16.601204775557843,17.00470523119998
7096,283.8,0.98,1,-0.06,0.347,0.151,-0.005,0.015,0.0,0.0,0.0,0.0,1.6,3.65,0.01,1.8,3.02,1.74,0.0,0.03,0.03,0.0,2.53,0.22,0.19,0.0,0.0,0.0,0.0,1.0,1.0,0.0,1.0,1.0,1.0,0.0,0.0,0.0,0.0,1.0,0.0,0.0,0.0,0.17298376951074385,18.804254837669006,17.20116275139566
7097,283.84,0.98,1,-0.059,0.342,0.12,-0.013,-0.006,0.0,0.0,0.0,0.0,1.6,3.49,0.06,1.9,2.98,1.7,0.0,0.01,0.03,0.0,2.54,0.19,0.05,0.0,0.0,0.0,0.0,1.0,1.0,0.0,1.0,1.0,1.0,0.0,0.0,0.0,0.0,1.0,0.0,0.0,0.0,0.16038209157700634,19.30103624161144,16.9047330650325
7098,283.88,0.98,1,-0.058,0.343,0.12,-0.013,-0.015,0.0,0.0,0.0,0.0,1.59,3.53,0.05,2.08,3.03,1.81,0.0,0.0,0.03,0.0,2.53,0.17,0.18,0.0,0.0,0.0,0.0,1.0,1.0,0.0,1.0,1.0,1.0,0.0,0.0,0.0,0.0,1.0,0.0,0.0,0.0,0.1653614932213982,19.004210059878837,17.11052307791895
7099,283.92,0.98,1,-0.054,0.354,0.132,0.009,-0.012,0.0,0.0,0.0,0.0,1.57,3.37,0.05,1.97,3.05,1.81,0.0,0.0,0.0,0.0,2.48,0.18,0.2,0.0,0.0,0.0,0.0,1.0,1.0,0.0,1.0,1.0,1.0,0.0,0.0,0.0,0.0,1.0,0.0,0.0,0.0,0.1719378336589929,19.302331465395756,17.40000000000009
7100,283.96,0.98,1,-0.071,0.335,0.139,0.003,0.01,0.0,0.0,0.0,0.0,1.45,3.43,0.01,1.72,3.02,1.66,0.0,0.01,0.0,0.0,2.47,0.28,0.22,0.0,0.0,0.0,0.0,1.0,1.0,0.0,1.0,1.0,1.0,0.0,0.0,0.0,0.0,1.0,0.0,0.0,0.0,0.17875938872114652,20.40612653102013,18.204395073717592
7101,284.0,0.98,1,-0.081,0.329,0.144,-0.005,0.018,0.0,0.0,0.0,0.0,1.38,3.48,0.02,1.64,2.99,1.48,0.0,0.01,0.0,0.0,2.49,0.21,0.13,0.0,0.0,0.0,0.0,1.0,1.0,0.0,1.0,1.0,1.0,0.0,0.0,0.0,0.0,1.0,0.0,0.0,0.0,0.1845732151841474,21.303755537463523,18.800265955565582
7102,284.04,0.98,1,-0.083,0.341,0.136,0.001,0.004,0.0,0.0,0.0,0.0,1.35,3.42,0.02,1.43,2.99,1.43,0.0,0.01,0.0,0.0,2.59,0.3,0.16,0.0,0.0,0.0,0.0,1.0,1.0,0.0,1.0,1.0,1.0,0.0,0.0,0.0,0.0,1.0,0.0,0.0,0.0,0.18042164722996312,21.608331726442838,19.10418802252546
7103,284.08,0.98,1,-0.085,0.318,0.143,-0.003,0.013,0.0,0.0,0.0,0.0,1.37,3.39,0.01,1.42,3.0,1.49,0.0,0.05,0.01,0.0,2.64,0.35,0.19,0.0,0.0,0.0,0.0,1.0,1.0,0.0,1.0,1.0,1.0,0.0,0.0,0.0,0.0,1.0,0.0,0.0,0.0,0.19474167101886466,21.50209292138791,19.1002617783107
7104,284.12,0.98,1,-0.077,0.337,0.152,-0.01,0.017,0.0,0.0,0.0,0.0,1.4,3.45,0.0,1.52,2.99,1.46,0.0,0.05,0.02,0.0,2.58,0.33,0.15,0.0,0.0,0.0,0.0,1.0,1.0,0.0,1.0,1.0,1.0,0.0,0.0,0.0,0.0,1.0,0.0,0.0,0.0,0.1866262317754372,20.300985197768068,19.500256408570632
7105,284.16,0.98,1,-0.075,0.325,0.116,-0.013,-0.004,0.0,0.0,0.0,0.02,1.48,3.55,0.0,1.75,2.99,1.44,0.0,0.05,0.02,0.0,2.57,0.24,0.1,0.0,0.0,0.0,0.0,1.0,1.0,0.0,1.0,1.0,1.0,0.0,0.0,0.0,0.0,1.0,0.0,0.0,0.0,0.18848530004821107,22.20360331117456,18.806647760831762
7106,284.2,0.98,1,-0.075,0.317,0.122,-0.01,-0.014,0.0,0.0,0.0,0.02,1.59,3.74,0.0,1.94,3.1,1.47,0.0,0.0,0.01,0.0,2.6,0.12,0.0,0.0,0.0,0.0,0.0,1.0,1.0,0.0,1.0,1.0,1.0,0.0,0.0,0.0,0.0,1.0,0.0,0.0,0.0,0.19129992179499733,22.308070288574896,19.10942175995928
7107,284.24,0.98,1,-0.069,0.341,0.136,0.007,-0.01,0.0,0.0,0.0,0.02,1.6,3.6,0.0,1.84,3.14,1.49,0.0,0.02,0.0,0.0,2.59,0.22,0.0,0.0,0.0,0.0,0.0,1.0,1.0,0.0,1.0,1.0,1.0,0.0,0.0,0.0,0.0,1.0,0.0,0.0,0.0,0.17959736472314097,20.908610666421712,18.799999999999955
7108,284.28,0.98,1,-0.076,0.332,0.142,0.002,0.01,0.0,0.0,0.0,0.0,1.53,3.75,0.0,1.72,3.14,1.4,0.0,0.02,0.0,0.0,2.54,0.33,0.04,0.0,0.0,0.0,0.0,1.0,1.0,0.0,1.0,1.0,1.0,0.0,0.0,0.0,0.0,1.0,0.0,0.0,0.0,0.17919283925141255,20.203960007879463,18.70026737776767
7109,284.32,0.98,1,-0.065,0.337,0.146,-0.001,0.016,0.0,0.0,0.0,0.0,1.42,3.61,0.0,1.55,3.06,1.35,0.0,0.1,0.0,0.0,2.43,0.42,0.06,0.0,0.0,0.0,0.0,1.0,1.0,0.0,1.0,1.0,1.0,0.0,0.0,0.0,0.0,1.0,0.0,0.0,0.0,0.18054026674770757,19.300259065618736,18.200274723201343
7110,284.36,0.98,1,-0.065,0.337,0.152,-0.001,0.017,0.02,0.0,0.0,0.0,1.38,3.53,0.0,1.55,3.03,1.39,0.0,0.13,0.0,0.0,2.51,0.52,0.19,0.0,0.0,0.0,0.0,1.0,1.0,0.0,1.0,1.0,1.0,0.0,0.0,0.0,0.0,1.0,0.0,0.0,0.0,0.18242336363162037,19.60025510038062,17.400287353948936
7111,284.4,0.98,1,-0.063,0.391,0.145,-0.002,0.018,0.02,0.0,0.0,0.0,1.37,3.3,0.0,1.55,2.98,1.49,0.0,0.14,0.0,0.0,2.49,0.56,0.36,0.0,0.0,0.0,0.0,1.0,1.0,0.0,1.0,1.0,1.0,0.0,0.0,0.0,0.0,1.0,0.0,0.0,0.0,0.15510257674966627,17.700000000000045,19.20104163841123
7112,284.44,0.98,1,-0.061,0.409,0.142,-0.002,0.018,0.02,0.0,0.0,0.0,1.31,3.1,0.0,1.58,3.0,1.56,0.0,0.09,0.0,0.0,2.52,0.63,0.54,0.0,0.0,0.0,0.0,1.0,1.0,0.0,1.0,1.0,1.0,0.0,0.0,0.0,0.0,1.0,0.0,0.0,0.0,0.1538078487798276,16.304907236779933,19.90904317138306
7113,284.48,0.98,1,-0.066,0.418,0.145,0.001,0.017,0.0,0.0,0.0,0.0,1.32,3.17,0.0,1.51,2.96,1.55,0.0,0.11,0.0,0.0,2.53,0.69,0.56,0.0,0.0,0.0,0.0,1.0,1.0,0.0,1.0,1.0,1.0,0.0,0.0,0.0,0.0,1.0,0.0,0.0,0.0,0.1570163134520311,16.800297616411395,20.20890892651065
7114,284.52,0.98,1,-0.056,0.406,0.143,0.004,0.018,0.03,0.0,0.0,0.0,1.34,3.27,0.0,1.47,2.94,1.66,0.0,0.29,0.0,0.0,2.63,0.87,0.53,0.0,0.0,0.0,0.0,1.0,1.0,0.0,1.0,1.0,1.0,0.0,0.0,0.0,0.0,1.0,1.0,0.0,0.0,0.15908687707178215,16.902662512160486,19.209372712298592
7115,284.56,0.98,1,-0.049,0.388,0.146,-0.002,0.019,0.08,0.0,0.0,0.0,1.36,3.49,0.0,1.42,2.84,1.73,0.0,0.37,0.0,0.0,2.71,1.03,0.4,0.0,0.0,0.0,0.0,1.0,1.0,0.0,1.0,1.0,1.0,0.0,0.0,0.0,0.0,1.0,1.0,0.0,0.0,0.15823824666776093,17.700282483621372,19.106543381784068
7116,284.6,0.98,1,-0.056,0.389,0.143,0.0,0.022,0.1,0.0,0.0,0.0,1.25,3.49,0.0,1.39,2.79,1.72,0.0,0.4,0.0,0.0,2.79,1.18,0.37,0.0,0.0,0.0,0.0,1.0,1.0,0.0,1.0,1.0,1.0,0.0,0.0,0.0,0.0,1.0,1.0,0.0,0.0,0.15868885401816507,17.50114281982751,19.004210059878837
7117,284.64,0.98,1,-0.051,0.383,0.144,0.004,0.021,0.11,0.0,0.0,0.0,1.19,3.42,0.0,1.33,2.76,1.55,0.0,0.29,0.0,0.0,2.77,1.13,0.28,0.0,0.0,0.0,0.0,1.0,1.0,0.0,1.0,1.0,1.0,0.0,0.0,0.0,0.0,1.0,1.0,0.0,0.0,0.15791777014657685,17.710166571774575,18.802393464662906
7118,284.68,0.98,1,-0.055,0.376,0.134,0.003,0.024,0.08,0.0,0.0,0.0,1.17,3.27,0.0,1.29,2.72,1.43,0.0,0.34,0.0,0.0,2.69,0.89,0.28,0.0,0.0,0.0,0.0,1.0,1.0,0.0,1.0,1.0,1.0,0.0,0.0,0.0,0.0,1.0,1.0,0.0,0.0,0.1614618471148686,17.80028089666021,19.104188022525232
7119,284.72,0.98,1,-0.043,0.384,0.133,0.01,0.021,0.06,0.0,0.0,0.0,1.23,3.28,0.06,1.21,2.66,1.37,0.0,0.29,0.0,0.0,2.45,0.63,0.25,0.0,0.0,0.0,0.0,1.0,1.0,0.0,1.0,1.0,1.0,0.0,0.0,0.0,0.0,1.0,1.0,0.0,0.0,0.15777402743567595,17.901117283566272,19.20234360696636
7120,284.76,0.98,1,-0.052,0.39,0.124,0.022,0.021,0.02,0.0,0.0,0.0,1.24,3.16,0.12,1.23,2.56,1.41,0.0,0.26,0.01,0.0,2.36,0.42,0.36,0.0,0.0,0.0,0.0,1.0,1.0,0.0,1.0,1.0,1.0,0.0,0.0,0.0,0.0,1.0,1.0,0.0,0.0,0.1608087267196525,19.100261778310927,19.00236827345476
7121,284.8,0.98,1,-0.06,0.397,0.138,0.035,0.015,0.02,0.0,0.0,0.0,1.25,3.22,0.12,1.25,2.53,1.52,0.0,0.12,0.16,0.0,2.44,0.48,0.62,0.0,0.0,0.0,0.0,1.0,1.0,0.0,1.0,1.0,1.0,0.0,0.0,0.0,0.0,1.0,1.0,0.0,0.0,0.16347804160351742,18.799999999999955,18.900264548412935
7122,284.84,0.98,1,-0.054,0.403,0.142,0.043,0.012,0.02,0.0,0.0,0.0,1.12,2.73,0.06,1.26,2.52,1.69,0.0,0.08,0.24,0.0,2.52,0.43,1.17,0.0,0.0,0.0,0.0,1.0,1.0,0.0,1.0,1.0,1.0,0.0,0.0,0.0,0.0,1.0,0.0,0.0,0.0,0.16212032547147084,18.600000000000136,18.59999999999991
7123,284.88,0.98,1,-0.05,0.392,0.118,0.034,0.013,0.07,0.0,0.0,0.0,0.88,2.07,0.0,1.21,2.58,1.72,0.0,0.04,0.41,0.0,2.56,0.47,1.84,0.0,0.0,0.0,0.0,1.0,1.0,0.0,1.0,1.0,1.0,0.0,0.0,0.0,0.0,1.0,0.0,0.0,1.0,0.15863828729829527,18.346116755324495,21.315018179677867
7124,284.92,0.93,1,-0.079,0.472,0.126,0.015,0.012,0.06,0.0,0.0,0.0,0.63,1.34,0.02,1.28,2.61,1.67,0.0,0.1,0.4,0.0,2.38,0.36,2.38,0.0,0.0,0.0,0.0,1.0,1.0,0.0,1.0,1.0,1.0,0.0,0.0,0.0,0.0,1.0,0.0,0.0,1.0,0.11664315438454041,18.353473785635195,24.3008230313298
7125,284.96,0.98,1,-0.077,0.508,0.114,-0.016,0.005,0.06,0.0,0.0,0.0,0.65,1.24,0.03,1.42,2.71,1.65,0.0,0.13,0.5,0.0,2.28,0.26,2.6,0.0,0.0,0.0,0.0,1.0,1.0,0.0,1.0,1.0,1.0,0.0,0.0,0.0,0.0,1.0,0.0,0.0,1.0,0.09721961592947362,15.831613941730595,24.305143488570433
7126,285.0,0.98,1,-0.078,0.532,0.114,-0.041,-0.011,0.01,0.0,0.0,0.0,0.76,1.17,0.03,1.68,2.73,1.74,0.06,0.22,0.47,0.0,2.08,0.11,2.66,0.0,0.0,0.0,0.0,1.0,1.0,0.0,1.0,1.0,1.0,0.0,0.0,0.0,0.0,1.0,0.0,0.0,1.0,0.05201303283516419,17.323394586512155,25.20714184512005
7127,285.04,0.98,1,-0.059,0.522,0.106,-0.051,-0.02,0.0,0.0,0.0,0.0,0.91,1.31,0.01,1.76,2.74,1.85,0.06,0.2,0.39,0.0,2.08,0.0,2.48,0.0,0.0,0.0,0.0,1.0,1.0,0.0,1.0,1.0,1.0,0.0,0.0,0.0,0.0,1.0,1.0,0.0,1.0,0.09150111321055904,16.918924315688496,19.616319736382906
7128,285.08,0.98,1,-0.053,0.419,0.108,-0.069,-0.015,0.0,0.0,0.0,0.0,1.0,1.55,0.07,1.77,2.58,1.79,0.06,0.23,0.25,0.0,1.99,0.3,2.16,0.0,0.0,0.0,0.0,1.0,1.0,0.0,1.0,1.0,1.0,0.0,0.0,0.0,0.0,1.0,1.0,0.0,1.0,0.1532175613361768,16.53027525481654,20.524375751773793
7129,285.12,0.98,1,-0.054,0.379,0.092,-0.033,-0.016,0.0,0.0,0.0,0.0,1.29,2.55,0.22,1.64,2.52,1.67,0.0,0.12,0.29,0.0,2.27,0.81,1.56,0.0,0.0,0.0,0.0,1.0,1.0,1.0,1.0,1.0,1.0,0.0,0.0,0.0,0.0,1.0,1.0,0.0,1.0,0.1527470752782934,16.942549985170558,20.803845798313304
7130,285.16,0.98,1,-0.042,0.364,0.139,0.018,-0.025,0.0,0.0,0.0,0.0,1.51,3.35,0.29,1.51,2.47,1.49,0.0,0.09,0.36,0.0,2.48,1.44,1.1,0.0,0.0,0.0,0.0,1.0,1.0,1.0,1.0,1.0,1.0,0.0,0.0,0.0,0.0,1.0,1.0,0.0,1.0,0.160097097554729,17.904468715937792,18.532673849177836
7131,285.2,0.98,1,-0.044,0.354,0.15,0.046,-0.015,0.0,0.0,0.0,0.0,1.62,4.0,0.23,1.49,2.56,1.49,0.0,0.0,0.5,0.0,2.87,1.8,0.55,0.0,0.0,0.0,0.0,1.0,1.0,1.0,1.0,1.0,1.0,0.0,0.0,0.0,0.0,1.0,1.0,0.0,0.0,0.16895040257007382,18.609674903125125,18.799999999999955
7132,285.24,0.98,1,-0.015,0.34,0.148,0.054,-0.01,0.0,0.0,0.0,0.0,1.55,4.0,0.08,1.47,2.62,1.5,0.0,0.0,0.4,0.0,2.88,1.78,0.24,0.0,0.0,0.0,0.0,1.0,1.0,1.0,1.0,1.0,1.0,0.0,0.0,0.0,0.0,1.0,1.0,0.0,0.0,0.17690701802108927,19.30233146539553,19.701015202268177
7133,285.28,0.98,1,-0.002,0.325,0.141,0.046,-0.01,0.0,0.0,0.0,0.0,1.46,3.89,0.01,1.44,2.73,1.45,0.0,0.03,0.33,0.0,2.68,1.37,0.0,0.0,0.0,0.0,0.0,1.0,1.0,1.0,1.0,1.0,1.0,0.0,0.0,0.0,0.0,1.0,1.0,0.0,0.0,0.18522657125120184,19.402319448973195,21.100000000000136
7134,285.32,0.98,1,-0.0,0.31,0.12,0.024,0.003,0.0,0.0,0.0,0.0,1.45,3.7,0.03,1.36,2.78,1.52,0.0,0.23,0.28,0.0,2.42,0.71,0.0,0.0,0.0,0.0,0.0,1.0,1.0,1.0,1.0,1.0,1.0,0.0,0.0,0.0,0.0,1.0,1.0,0.0,0.0,0.19151124031406996,20.10397970552113,20.00099997500125
7135,285.36,0.98,1,0.007,0.317,0.121,-0.001,0.009,0.0,0.0,0.0,0.0,1.42,3.62,0.05,1.42,2.87,1.52,0.0,0.33,0.22,0.0,2.39,0.31,0.0,0.0,0.0,0.0,0.0,1.0,1.0,1.0,1.0,1.0,1.0,0.0,0.0,0.0,0.0,1.0,1.0,0.0,0.0,0.18825188144259036,20.10099500024826,20.00224987345174
7136,285.4,0.98,1,0.007,0.316,0.136,-0.015,0.013,0.0,0.0,0.0,0.0,1.51,3.64,0.07,1.62,2.97,1.61,0.0,0.3,0.17,0.0,2.64,0.25,0.0,0.0,0.0,0.0,0.0,1.0,1.0,1.0,1.0,1.0,1.0,0.0,0.0,0.0,0.0,1.0,1.0,0.0,0.0,0.19645180041209026,20.611889772652976,21.400934559032788
7137,285.44,0.98,1,0.006,0.32,0.134,0.001,-0.009,0.0,0.0,0.0,0.0,1.56,3.72,0.08,1.75,3.02,1.54,0.0,0.1,0.07,0.0,2.98,0.74,0.0,0.0,0.0,0.0,0.0,1.0,1.0,1.0,1.0,1.0,1.0,0.0,0.0,0.0,0.0,1.0,1.0,0.0,0.0,0.19630252391020067,20.412006270820214,21.500232556881798
7138,285.48,0.98,1,-0.041,0.334,0.13,0.022,-0.003,0.0,0.0,0.0,0.0,1.59,3.65,0.11,1.79,3.02,1.52,0.0,0.04,0.03,0.0,3.28,1.14,0.0,0.0,0.0,0.0,0.0,1.0,1.0,1.0,1.0,1.0,1.0,0.0,0.0,0.0,0.0,1.0,1.0,0.0,0.0,0.18520477060469306,20.403921191770824,18.106904760339265
7139,285.52,0.98,1,-0.082,0.335,0.142,0.027,-0.005,0.0,0.0,0.0,0.0,1.57,3.56,0.13,1.74,2.97,1.5,0.0,0.04,0.03,0.0,3.5,1.64,0.0,0.0,0.0,0.0,0.0,1.0,1.0,1.0,1.0,1.0,1.0,0.0,0.0,0.0,0.0,1.0,1.0,0.0,0.0,0.18519204630602065,24.199999999999818,18.702406262296883
7140,285.56,0.98,1,-0.077,0.327,0.138,0.02,-0.003,0.0,0.0,0.0,0.0,1.54,3.26,0.11,1.83,2.99,1.48,0.0,0.08,0.05,0.0,3.6,1.68,0.0,0.0,0.0,0.0,0.0,1.0,1.0,1.0,1.0,1.0,1.0,0.0,0.0,0.0,0.0,1.0,1.0,0.0,0.0,0.19143115446342643,23.90020920410517,18.60026881526192
7141,285.6,0.98,1,-0.074,0.333,0.147,0.004,-0.001,0.0,0.0,0.0,0.0,1.55,3.13,0.1,1.95,2.99,1.64,0.0,0.16,0.14,0.0,3.63,1.76,0.0,0.0,0.0,0.0,0.0,1.0,1.0,1.0,1.0,1.0,1.0,0.0,0.0,0.0,0.0,1.0,1.0,0.0,0.0,0.19309515787782977,24.203305559365276,18.800265955565582
7142,285.64,0.98,1,-0.077,0.334,0.146,-0.003,-0.001,0.0,0.0,0.0,0.0,1.52,3.14,0.1,1.99,3.01,1.69,0.0,0.21,0.22,0.0,3.6,1.73,0.0,0.0,0.0,0.0,0.0,1.0,1.0,1.0,1.0,1.0,1.0,0.0,0.0,0.0,0.0,1.0,1.0,0.0,0.0,0.18815337173441896,24.201859432696306,18.900264548412935
7143,285.68,0.98,1,-0.082,0.329,0.139,0.002,-0.001,0.0,0.0,0.0,0.0,1.55,3.14,0.11,1.96,3.02,1.77,0.0,0.17,0.24,0.0,3.56,1.67,0.0,0.0,0.0,0.0,0.0,1.0,1.0,1.0,1.0,1.0,1.0,0.0,0.0,0.0,0.0,1.0,1.0,0.0,0.0,0.19018188460950602,24.20185943269653,18.80106379968959
7144,285.72,0.98,1,-0.085,0.33,0.133,0.018,-0.006,0.0,0.0,0.0,0.02,1.58,3.23,0.11,1.86,3.04,1.77,0.0,0.11,0.25,0.0,3.46,1.59,0.0,0.0,0.0,0.0,0.0,1.0,1.0,1.0,1.0,1.0,1.0,0.0,0.0,0.0,0.0,1.0,1.0,0.0,0.0,0.18946479992338727,24.200000000000045,18.702406262296883
7145,285.76,0.98,1,-0.089,0.32,0.127,0.03,-0.006,0.0,0.0,0.0,0.08,1.65,3.16,0.09,1.81,3.06,1.76,0.0,0.11,0.25,0.0,3.36,1.41,0.01,0.0,0.0,0.0,0.0,1.0,1.0,1.0,1.0,1.0,1.0,0.0,0.0,0.0,0.0,1.0,1.0,0.0,0.0,0.1905372016338024,24.301851781294314,18.799999999999955
7146,285.8,0.98,1,-0.093,0.321,0.129,0.041,-0.007,0.0,0.0,0.0,0.09,1.71,3.25,0.13,1.76,3.05,1.75,0.0,0.1,0.19,0.0,3.27,1.37,0.01,0.0,0.0,0.0,0.0,1.0,1.0,1.0,1.0,1.0,1.0,0.0,0.0,0.0,0.0,1.0,1.0,0.0,0.0,0.18656178351199482,23.60021186345594,19.300259065618963
7147,285.84,0.98,1,-0.094,0.321,0.131,0.045,-0.007,0.0,0.0,0.0,0.07,1.73,3.22,0.15,1.79,3.06,1.74,0.0,0.04,0.2,0.0,3.23,1.3,0.01,0.0,0.0,0.0,0.0,1.0,1.0,1.0,1.0,1.0,1.0,0.0,0.0,0.0,0.0,1.0,1.0,0.0,0.0,0.18387311276744095,23.4008546852461,19.200260414900672
7148,285.88,0.98,1,-0.092,0.325,0.132,0.051,-0.011,0.0,0.0,0.0,0.01,1.79,3.35,0.13,1.81,3.06,1.74,0.0,0.0,0.18,0.0,3.2,1.14,0.0,0.0,0.0,0.0,0.0,1.0,1.0,1.0,1.0,1.0,1.0,0.0,0.0,0.0,0.0,1.0,1.0,0.0,0.0,0.17265786798770283,21.600925906080878,19.001052602421794
7149,285.92,0.98,1,-0.129,0.34,0.133,0.056,-0.013,0.0,0.0,0.0,0.0,1.86,3.26,0.11,1.81,3.13,1.71,0.0,0.0,0.3,0.0,3.09,1.03,0.02,0.0,0.0,0.0,0.0,1.0,1.0,1.0,1.0,1.0,1.0,0.0,0.0,0.0,0.0,1.0,1.0,0.0,0.0,0.16345747974220753,21.01166342772509,17.910053042914285
7150,285.96,0.98,1,-0.142,0.33,0.127,0.069,-0.011,0.0,0.0,0.0,0.0,2.01,3.32,0.07,1.79,3.24,1.56,0.0,0.0,0.45,0.0,3.05,0.91,0.02,0.0,0.0,0.0,0.0,1.0,1.0,1.0,1.0,1.0,1.0,0.0,0.0,0.0,0.0,1.0,1.0,0.0,0.0,0.16467612564325407,21.60023148024127,18.409780009549138
7151,286.0,0.98,1,-0.139,0.335,0.126,0.08,-0.009,0.0,0.0,0.0,0.0,2.03,3.18,0.05,1.73,3.27,1.48,0.0,0.0,0.56,0.0,3.07,0.91,0.02,0.0,0.0,0.0,0.0,1.0,1.0,1.0,1.0,1.0,1.0,0.0,0.0,0.0,0.0,1.0,1.0,0.0,0.0,0.16274334525366357,21.900913222968445,17.710166571774575
7152,286.04,0.98,1,-0.148,0.327,0.123,0.086,-0.009,0.0,0.0,0.0,0.0,2.01,3.25,0.0,1.71,3.3,1.49,0.0,0.0,0.66,0.0,3.23,0.9,0.0,0.0,0.0,0.0,0.0,1.0,1.0,1.0,1.0,1.0,1.0,0.0,0.0,0.0,0.0,1.0,1.0,0.0,0.0,0.16404201390277956,23.405341270744255,17.707060738586787
7153,286.08,0.98,1,-0.149,0.329,0.124,0.086,-0.008,0.0,0.0,0.0,0.0,1.91,3.22,0.03,1.69,3.24,1.63,0.0,0.0,0.62,0.0,3.38,0.93,0.0,0.0,0.0,0.0,0.0,1.0,1.0,1.0,1.0,1.0,1.0,0.0,0.0,0.0,0.0,1.0,1.0,0.0,0.0,0.16617714958897906,22.803508501982943,18.009997223764362
7154,286.12,0.98,1,-0.175,0.339,0.125,0.086,-0.006,0.0,0.0,0.0,0.0,1.99,3.35,0.03,1.72,3.25,1.68,0.0,0.0,0.57,0.0,3.37,0.87,0.02,0.0,0.0,0.0,0.0,1.0,1.0,1.0,1.0,1.0,1.0,0.0,0.0,0.0,0.0,1.0,1.0,0.0,0.0,0.16078157747951566,21.51139233057684,18.11353085403276
7155,286.16,0.98,1,-0.182,0.321,0.123,0.094,-0.005,0.0,0.0,0.0,0.0,2.04,3.34,0.03,1.65,3.16,1.57,0.0,0.0,0.51,0.0,3.26,0.93,0.08,0.0,0.0,0.0,0.0,1.0,1.0,1.0,1.0,1.0,1.0,0.0,0.0,0.0,0.0,1.0,1.0,0.0,0.0,0.14616476205009715,22.805481797146886,24.113274352522236
7156,286.2,0.98,1,-0.192,0.328,0.121,0.109,0.006,0.0,0.0,0.0,0.0,2.09,3.39,0.0,1.56,3.15,1.46,0.0,0.0,0.44,0.0,3.07,0.98,0.09,0.0,0.0,0.0,0.0,1.0,1.0,1.0,1.0,1.0,1.0,0.0,0.0,0.0,0.0,1.0,1.0,0.0,0.0,0.1483407394722857,21.400233643584226,27.118443908159538
7157,286.24,0.98,1,-0.203,0.327,0.117,0.123,0.021,0.0,0.0,0.0,0.0,2.06,3.28,0.0,1.44,3.15,1.39,0.0,0.0,0.43,0.0,2.98,1.16,0.18,0.0,0.0,0.0,0.0,1.0,1.0,1.0,1.0,1.0,1.0,0.0,0.0,0.0,0.0,1.0,1.0,0.0,0.0,0.15570030455858908,21.100947846009102,26.96015578589991
7158,286.28,0.98,1,-0.23,0.33,0.114,0.143,0.03,0.0,0.0,0.0,0.0,2.06,3.19,0.0,1.44,3.21,1.46,0.0,0.0,0.38,0.0,2.97,1.21,0.15,0.0,0.0,0.0,0.0,1.0,1.0,1.0,1.0,1.0,1.0,0.0,0.0,0.0,0.0,1.0,1.0,0.0,0.0,0.15348934985242899,21.702073633641373,26.338754716197244
7159,286.32,0.98,1,-0.243,0.312,0.115,0.159,0.034,0.0,0.0,0.0,0.0,2.07,2.99,0.0,1.43,3.21,1.43,0.0,0.0,0.31,0.0,3.01,1.17,0.2,0.0,0.0,0.0,0.0,1.0,1.0,1.0,1.0,1.0,1.0,0.0,0.0,0.0,0.0,1.0,1.0,0.0,0.0,0.1569646818155759,21.80573319106693,25.678006153126475
7160,286.36,0.98,1,-0.252,0.312,0.115,0.173,0.04,0.0,0.0,0.0,0.0,2.08,2.92,0.0,1.47,3.21,1.43,0.0,0.0,0.25,0.0,3.09,1.06,0.12,0.0,0.0,0.0,0.0,1.0,1.0,1.0,1.0,1.0,1.0,0.0,0.0,0.0,0.0,1.0,1.0,0.0,0.0,0.16294680662936356,21.205895406702172,24.915858403835966
7161,286.4,0.98,1,-0.265,0.323,0.116,0.181,0.048,0.0,0.0,0.0,0.0,2.11,2.88,0.0,1.49,3.18,1.5,0.0,0.0,0.2,0.0,2.99,0.98,0.09,0.0,0.0,0.0,0.0,1.0,1.0,1.0,1.0,1.0,1.0,0.0,0.0,0.0,1.0,1.0,1.0,0.0,0.0,0.14993236867243412,19.806312125178863,25.104780421266366
7162,286.44,0.98,1,-0.311,0.359,0.115,0.193,0.056,0.0,0.0,0.0,0.0,2.16,2.84,0.01,1.54,3.09,1.65,0.0,0.0,0.13,0.0,2.86,0.97,0.1,0.0,0.0,0.0,0.0,1.0,1.0,1.0,1.0,1.0,1.0,0.0,0.0,0.0,1.0,1.0,1.0,0.0,0.0,0.15951308116752222,18.054362353736007,24.22581267986701
7163,286.48,0.98,1,-0.341,0.366,0.107,0.207,0.068,0.0,0.0,0.0,0.0,2.23,2.81,0.05,1.61,2.99,1.7,0.0,0.0,0.06,0.0,2.77,0.9,0.1,0.0,0.0,0.0,0.0,1.0,1.0,1.0,1.0,1.0,1.0,0.0,0.0,0.0,1.0,1.0,1.0,0.0,0.0,0.15668344303300574,17.293929570806103,23.84365743756598
7164,286.52,0.98,1,-0.348,0.357,0.106,0.233,0.076,0.01,0.0,0.0,0.0,2.28,2.8,0.1,1.61,2.88,1.55,0.0,0.0,0.0,0.01,2.76,0.79,0.13,0.0,0.0,0.0,0.0,1.0,1.0,1.0,1.0,1.0,1.0,0.0,0.0,0.0,1.0,1.0,1.0,0.0,0.0,0.1615493866579089,17.564168070250297,24.579056125083326
7165,286.56,0.98,1,-0.364,0.352,0.105,0.26,0.078,0.01,0.0,0.0,0.0,2.28,2.9,0.1,1.62,2.82,1.35,0.0,0.0,0.0,0.03,2.92,0.65,0.18,0.0,0.0,0.0,0.0,1.0,1.0,1.0,1.0,1.0,1.0,0.0,0.0,0.0,1.0,1.0,1.0,0.0,0.0,0.17016146499027884,17.801685313475282,24.633310780323487
7166,286.6,0.98,1,-0.391,0.347,0.109,0.299,0.106,0.01,0.0,0.0,0.0,2.23,2.7,0.05,1.52,2.74,1.17,0.0,0.0,0.0,0.18,3.14,0.71,0.18,0.0,0.0,0.0,0.0,1.0,1.0,1.0,1.0,1.0,1.0,0.0,0.0,0.0,1.0,1.0,1.0,0.0,0.0,0.1787161345462024,18.469975636150867,24.909837414162325
7167,286.64,0.98,1,-0.415,0.35,0.106,0.308,0.116,0.0,0.0,0.0,0.0,2.16,2.71,0.0,1.47,2.71,1.06,0.0,0.0,0.0,0.4,3.34,0.74,0.22,0.0,0.0,0.0,0.0,1.0,1.0,1.0,1.0,1.0,1.0,0.0,0.0,0.0,1.0,1.0,1.0,0.0,0.0,0.17159516707896322,18.627130750601253,24.76812467668886
7168,286.68,0.98,1,-0.444,0.345,0.104,0.308,0.127,0.0,0.0,0.0,0.0,2.12,2.38,0.0,1.39,2.7,0.92,0.0,0.0,0.0,0.63,3.34,0.76,0.1,0.0,0.0,0.0,0.0,1.0,1.0,1.0,1.0,1.0,1.0,0.0,0.0,0.0,1.0,1.0,1.0,0.0,0.0,0.17284437838859174,18.133394607739472,24.64487776394915
7169,286.72,0.98,1,-0.454,0.356,0.11,0.324,0.131,0.02,0.0,0.0,0.03,2.11,2.39,0.0,1.38,2.77,0.91,0.0,0.0,0.0,0.81,3.28,0.72,0.06,0.0,0.0,0.0,0.0,1.0,1.0,1.0,1.0,1.0,1.0,0.0,0.0,0.0,0.0,1.0,1.0,0.0,0.0,0.18462835805890132,18.729922583929795,23.53423038894622
7170,286.76,0.98,1,-0.458,0.34,0.099,0.329,0.138,0.11,0.0,0.0,0.15,2.08,2.09,0.0,1.41,2.79,0.89,0.0,0.0,0.0,1.0,3.24,0.69,0.0,1.0,0.0,0.0,0.0,1.0,1.0,1.0,1.0,1.0,1.0,0.0,0.0,0.0,0.0,1.0,1.0,0.0,0.0,0.1918447725338287,19.301813386311657,24.416797496805327
7171,286.8,0.98,1,-0.454,0.341,0.097,0.333,0.139,0.19,0.0,0.0,0.15,2.01,1.96,0.0,1.54,2.85,0.92,0.0,0.0,0.0,1.14,3.2,0.65,0.0,1.0,0.0,0.0,0.0,1.0,1.0,1.0,1.0,1.0,1.0,0.0,0.0,0.0,0.0,1.0,1.0,0.0,0.0,0.18720933370726592,19.67866865415451,25.068306683938616
7172,286.84,0.98,1,-0.452,0.332,0.094,0.33,0.143,0.28,0.0,0.0,0.13,1.93,1.91,0.0,1.64,2.85,0.91,0.0,0.0,0.0,1.19,3.07,0.62,0.09,1.0,0.0,0.0,0.0,1.0,1.0,1.0,1.0,1.0,1.0,0.0,0.0,0.0,0.0,1.0,1.0,0.0,0.0,0.19393324557512354,19.646119209655723,25.2509405765409
7173,286.88,0.98,1,-0.453,0.336,0.088,0.338,0.142,0.32,0.0,0.0,0.01,1.86,1.78,0.0,1.76,2.9,0.89,0.0,0.0,0.0,1.17,3.02,0.63,0.11,1.0,0.0,0.0,0.0,1.0,1.0,1.0,1.0,1.0,1.0,0.0,0.0,0.0,0.0,1.0,1.0,0.0,0.0,0.19273442572341937,19.974483722990247,24.890962215229855
7174,286.92,0.98,1,-0.455,0.342,0.09,0.34,0.143,0.36,0.03,0.03,0.01,1.82,1.76,0.0,1.7,2.87,0.82,0.0,0.0,0.0,1.19,3.06,0.6,0.11,1.0,0.0,0.0,0.0,1.0,1.0,1.0,1.0,1.0,1.0,0.0,0.0,0.0,0.0,1.0,1.0,0.0,0.0,0.1942277541463668,19.892712233378465,24.36801181877595
7175,286.96,0.98,1,-0.453,0.342,0.088,0.339,0.146,0.34,0.03,0.03,0.0,1.83,1.5,0.0,1.68,2.87,0.79,0.0,0.0,0.0,1.19,3.12,0.46,0.02,1.0,0.0,0.0,0.0,1.0,1.0,1.0,1.0,1.0,1.0,0.0,0.0,0.0,0.0,1.0,1.0,0.0,0.0,0.19179118996813227,19.85950653969038,24.21672975444875
7176,287.0,0.98,1,-0.456,0.327,0.091,0.343,0.145,0.3,0.07,0.03,0.0,1.85,1.58,0.0,1.57,2.88,0.76,0.0,0.0,0.0,1.24,3.18,0.41,0.0,1.0,0.0,0.0,0.0,1.0,1.0,1.0,1.0,1.0,1.0,0.0,0.0,0.0,0.0,1.0,1.0,0.0,0.0,0.19684841330439595,18.908463713374534,24.67164364204375
7177,287.04,0.98,1,-0.468,0.331,0.089,0.337,0.148,0.33,0.18,0.0,0.0,1.89,1.59,0.0,1.57,2.89,0.7,0.0,0.0,0.0,1.28,3.18,0.42,0.0,1.0,0.0,0.0,0.0,1.0,1.0,1.0,1.0,1.0,1.0,0.0,0.0,0.0,0.0,1.0,1.0,0.0,0.0,0.1942621761630069,19.190883252211197,24.560130292814026
7178,287.08,0.98,1,-0.461,0.324,0.086,0.337,0.149,0.41,0.26,0.0,0.0,1.85,1.58,0.0,1.57,2.85,0.65,0.0,0.0,0.0,1.31,3.29,0.48,0.0,1.0,0.0,0.0,0.0,1.0,1.0,1.0,1.0,1.0,1.0,0.0,0.0,0.0,0.0,1.0,1.0,0.0,0.0,0.19643707616771702,19.72941965694886,24.768124676688764
7179,287.12,0.98,1,-0.463,0.34,0.097,0.341,0.146,0.36,0.23,0.0,0.0,1.82,1.54,0.0,1.52,2.77,0.57,0.0,0.0,0.0,1.34,3.3,0.45,0.0,1.0,0.0,0.0,0.0,1.0,1.0,0.0,1.0,1.0,1.0,0.0,0.0,0.0,0.0,1.0,1.0,0.0,0.0,0.19160250931593711,19.8979898482234,24.645486402179152
7180,287.16,0.98,1,-0.46,0.325,0.086,0.332,0.151,0.36,0.21,0.0,0.03,1.8,1.55,0.0,1.46,2.71,0.76,0.0,0.0,0.0,1.32,3.37,0.53,0.0,1.0,0.0,0.0,0.0,1.0,1.0,0.0,1.0,1.0,1.0,0.0,0.0,0.0,0.0,1.0,1.0,0.0,0.0,0.18947513134626148,20.011246837715987,24.9088337743862
7181,287.2,0.98,1,-0.461,0.336,0.091,0.331,0.148,0.29,0.19,0.0,0.03,1.72,1.8,0.0,1.34,2.53,0.7,0.0,0.0,0.0,1.29,3.28,0.8,0.0,1.0,0.0,0.0,0.0,1.0,1.0,0.0,1.0,1.0,1.0,0.0,0.0,0.0,0.0,1.0,1.0,0.0,0.0,0.1925774103549302,20.041207548448728,24.81169079285007
7182,287.24,0.98,1,-0.433,0.328,0.089,0.329,0.144,0.36,0.28,0.0,0.03,1.49,1.66,0.0,1.28,2.12,0.7,0.0,0.0,0.0,0.99,3.06,1.12,0.26,1.0,0.0,0.0,0.0,1.0,1.0,0.0,1.0,1.0,1.0,0.0,0.0,0.0,0.0,1.0,1.0,0.0,0.0,0.18668858531173527,20.337649815059667,25.63766760062241
7183,287.28,0.98,1,-0.419,0.346,0.069,0.334,0.136,0.49,0.31,0.0,0.0,0.94,1.14,0.0,0.99,1.49,0.49,0.0,0.0,0.05,0.56,2.67,1.41,1.05,0.0,0.0,0.0,0.0,1.0,1.0,0.0,1.0,1.0,1.0,0.0,0.0,0.0,0.0,1.0,1.0,0.0,0.0,0.18312672317444506,17.593464695732955,19.1689853669932
7184,287.32,0.98,1,-0.325,0.467,0.097,0.356,0.116,0.55,0.41,0.01,0.0,0.42,0.52,0.0,0.62,0.92,0.39,0.04,0.09,0.3,0.18,2.1,1.5,2.05,0.0,0.0,0.0,0.0,1.0,1.0,0.0,0.0,1.0,1.0,0.0,0.0,1.0,0.0,1.0,1.0,0.0,1.0,0.1662426284284707,17.495142182903262,16.001562423713487
7185,287.36,0.98,1,-0.291,0.503,0.112,0.335,0.105,0.45,0.38,0.1,0.0,0.05,0.28,0.0,0.21,0.63,0.28,0.04,0.25,0.6,0.01,1.61,1.55,2.61,0.0,0.0,0.0,0.0,0.0,1.0,0.0,0.0,1.0,1.0,0.0,0.0,1.0,0.0,1.0,1.0,0.0,1.0,0.16428804316860057,18.08535318980522,15.781318069160177
7186,287.4,0.98,1,-0.258,0.503,0.125,0.264,0.109,0.18,0.21,0.24,0.0,0.0,0.63,0.0,0.04,0.65,0.26,0.04,0.47,0.76,0.01,1.18,1.42,2.46,0.0,0.0,0.0,0.0,0.0,1.0,0.0,0.0,1.0,1.0,0.0,0.0,1.0,0.0,1.0,1.0,0.0,1.0,0.15207535917471798,19.94241710525587,17.356554957709733
7187,287.44,0.98,1,-0.158,0.493,0.107,0.173,0.104,0.03,0.06,0.36,0.0,0.05,0.88,0.06,0.02,0.88,0.43,0.0,0.5,0.68,0.01,1.01,1.23,2.08,0.0,0.0,0.0,0.0,0.0,1.0,0.0,0.0,1.0,1.0,0.0,0.0,1.0,0.0,1.0,1.0,0.0,1.0,0.16377956383306191,20.011246837715987,19.42575609854102
7188,287.48,0.98,1,-0.128,0.453,0.083,0.121,0.071,0.0,0.0,0.27,0.0,0.17,1.52,0.23,0.07,1.07,0.6,0.0,0.51,0.45,0.0,1.05,1.07,1.72,0.0,0.0,0.0,0.0,0.0,1.0,0.0,0.0,1.0,1.0,0.0,0.0,0.0,0.0,1.0,1.0,0.0,1.0,0.1405488930743377,18.429595763336795,19.212756179163925
7189,287.52,0.98,1,-0.101,0.418,0.096,0.074,0.047,0.0,0.0,0.14,0.0,0.31,2.17,0.38,0.31,1.22,0.63,0.0,0.54,0.24,0.0,1.19,1.11,1.19,0.0,0.0,0.0,0.0,0.0,1.0,0.0,0.0,1.0,1.0,0.0,0.0,0.0,0.0,1.0,0.0,0.0,1.0,0.14120390197615584,19.964217991196243,19.60408120774869
7190,287.56,0.98,1,-0.015,0.378,0.124,0.03,0.027,0.0,0.0,0.0,0.0,0.33,2.67,0.36,0.6,1.27,0.61,0.0,0.73,0.07,0.0,1.12,1.16,0.57,0.0,0.0,0.0,0.0,0.0,1.0,0.0,0.0,1.0,1.0,0.0,1.0,0.0,0.0,1.0,0.0,0.0,1.0,0.17124626137251295,19.60229578391257,17.81010948871473
7191,287.6,0.98,1,0.013,0.349,0.109,-0.015,0.01,0.0,0.0,0.0,0.0,0.26,2.74,0.22,0.69,1.25,0.66,0.05,0.84,0.0,0.05,0.71,0.94,0.19,0.0,0.0,0.0,0.0,0.0,1.0,0.0,0.0,1.0,1.0,0.0,1.0,0.0,0.0,1.0,0.0,0.0,1.0,0.17219817973167545,19.716236963477638,19.021303845951252
7192,287.64,0.98,1,0.056,0.338,0.099,-0.025,-0.024,0.0,0.0,0.0,0.0,0.13,2.47,0.07,0.64,1.19,0.7,0.06,0.91,0.0,0.13,0.25,0.62,0.08,0.0,0.0,0.0,0.0,0.0,1.0,0.0,0.0,1.0,1.0,0.0,1.0,0.0,0.0,0.0,0.0,0.0,1.0,0.19522372633270996,19.199999999999818,19.536888186197928
7193,287.68,0.98,1,0.092,0.349,0.103,-0.053,-0.038,0.0,0.0,0.0,0.0,0.05,2.45,0.03,0.5,1.14,0.75,0.15,0.85,0.0,0.14,0.12,0.35,0.08,0.0,0.0,0.0,0.0,0.0,1.0,0.0,0.0,1.0,1.0,0.0,1.0,0.0,0.0,0.0,0.0,0.0,0.0,0.20719133575836673,18.404347312523836,19.243960091415737
7194,287.72,0.98,1,0.116,0.362,0.111,-0.076,-0.044,0.0,0.0,0.0,0.0,0.0,2.35,0.0,0.66,1.11,0.75,0.17,0.92,0.0,0.09,0.12,0.39,0.0,0.0,0.0,0.0,0.0,0.0,1.0,0.0,0.0,1.0,1.0,0.0,1.0,0.0,0.0,0.0,0.0,0.0,0.0,0.2160861118517176,17.94714461968821,19.773214205080617
7195,287.76,0.98,1,0.154,0.361,0.11,-0.09,-0.049,0.0,0.0,0.0,0.0,0.09,2.45,0.03,0.87,1.13,0.85,0.2,0.92,0.0,0.01,0.24,0.3,0.0,0.0,0.0,0.0,0.0,0.0,1.0,0.0,0.0,1.0,1.0,0.0,1.0,0.0,0.0,0.0,0.0,0.0,0.0,0.2078397429648305,18.46943420898418,18.221415971323328
7196,287.8,0.98,1,0.166,0.345,0.107,-0.088,-0.06,0.0,0.0,0.0,0.04,0.23,2.48,0.05,1.11,1.19,0.92,0.14,0.82,0.0,0.0,0.52,0.22,0.0,0.0,0.0,0.0,0.0,0.0,1.0,0.0,0.0,1.0,1.0,0.0,0.0,0.0,0.0,1.0,0.0,0.0,0.0,0.20847303405272724,21.08672568228656,17.055790805471418
7197,287.84,0.98,1,0.174,0.314,0.109,-0.088,-0.074,0.0,0.0,0.0,0.04,0.28,2.58,0.08,1.27,1.32,0.99,0.09,0.62,0.0,0.0,1.0,0.05,0.0,0.0,0.0,0.0,0.0,0.0,1.0,0.0,1.0,1.0,1.0,0.0,0.0,0.0,0.0,1.0,0.0,0.0,0.0,0.22318903178158023,23.311799587333443,17.205231762460997
7198,287.88,0.98,1,0.181,0.327,0.113,-0.111,-0.081,0.0,0.0,0.0,0.14,0.23,2.62,0.11,1.46,1.38,1.02,0.06,0.54,0.0,0.0,1.46,0.0,0.0,0.0,0.0,0.0,1.0,0.0,1.0,0.0,1.0,1.0,1.0,0.0,0.0,0.0,0.0,1.0,0.0,0.0,0.0,0.23512257612275717,22.280484734403856,18.12208597264675
7199,287.92,0.98,1,0.186,0.329,0.115,-0.127,-0.089,0.0,0.0,0.0,0.1,0.09,2.57,0.1,1.54,1.38,0.99,0.06,0.81,0.0,0.0,1.39,0.0,0.0,0.0,0.0,0.0,1.0,0.0,1.0,0.0,1.0,1.0,1.0,0.0,0.0,0.0,0.0,1.0,0.0,0.0,0.0,0.24790401685214558,21.86892772862904,17.762882648939748
7200,287.96,0.98,1,0.199,0.331,0.115,-0.148,-0.092,0.0,0.0,0.0,0.1,0.04,2.39,0.12,1.67,1.34,0.81,0.2,1.15,0.0,0.02,0.97,0.0,0.0,0.0,0.0,0.0,1.0,0.0,1.0,0.0,1.0,1.0,1.0,0.0,1.0,0.0,0.0,0.0,0.0,0.0,0.0,0.25537546742198647,20.813697413001854,16.967321532875893
7201,288.0,0.98,1,0.235,0.31,0.105,-0.164,-0.093,0.0,0.0,0.0,0.0,0.0,2.14,0.1,1.64,1.3,0.58,0.35,1.41,0.0,0.02,0.52,0.0,0.0,0.0,0.0,0.0,1.0,0.0,1.0,0.0,1.0,1.0,1.0,1.0,1.0,0.0,0.0,0.0,0.0,0.0,0.0,0.2581677839981207,19.498717906570224,16.555965692160587
7202,288.04,0.98,1,0.234,0.3,0.105,-0.187,-0.091,0.0,0.0,0.0,0.0,0.0,1.79,0.11,1.66,1.17,0.28,0.48,1.59,0.0,0.07,0.36,0.0,0.0,0.0,0.0,0.0,1.0,0.0,1.0,0.0,1.0,1.0,1.0,1.0,1.0,0.0,0.0,0.0,0.0,0.0,0.0,0.2668501019645531,21.045902213970358,16.046183346827316
7203,288.08,0.98,1,0.257,0.305,0.106,-0.213,-0.091,0.0,0.0,0.0,0.0,0.0,1.7,0.06,1.61,1.05,0.13,0.54,1.76,0.0,0.14,0.45,0.06,0.0,0.0,0.0,0.0,1.0,0.0,1.0,0.0,1.0,1.0,0.0,1.0,1.0,0.0,0.0,0.0,0.0,0.0,0.0,0.2726522229472959,21.144266362302538,15.160804727982057
7204,288.12,0.98,1,0.279,0.31,0.113,-0.238,-0.091,0.0,0.0,0.0,0.0,0.0,1.81,0.03,1.54,0.91,0.0,0.71,2.05,0.0,0.23,0.57,0.14,0.0,1.0,0.0,0.0,1.0,0.0,1.0,0.0,1.0,1.0,0.0,1.0,1.0,0.0,0.0,0.0,0.0,0.0,0.0,0.2848270705019085,21.37755832643195,14.848905683584912
7205,288.16,0.98,1,0.312,0.314,0.122,-0.264,-0.086,0.0,0.0,0.0,0.0,0.0,2.08,0.0,1.57,0.85,0.0,0.86,2.19,0.0,0.19,0.87,0.44,0.0,1.0,0.0,0.0,1.0,0.0,1.0,0.0,1.0,1.0,0.0,1.0,1.0,0.0,0.0,0.0,0.0,0.0,0.0,0.2910673442344305,17.57555120046044,14.189080308462506
7206,288.2,0.98,1,0.287,0.317,0.131,-0.27,-0.08,0.0,0.0,0.0,0.14,0.0,2.1,0.0,1.61,0.88,0.0,0.98,2.18,0.0,0.09,1.42,0.67,0.0,1.0,0.0,0.0,1.0,0.0,1.0,0.0,0.0,1.0,0.0,1.0,1.0,0.0,0.0,0.0,0.0,0.0,0.0,0.2911426240360626,19.3186438447424,14.383671297690299
7207,288.24,0.98,1,0.299,0.32,0.144,-0.273,-0.077,0.0,0.0,0.0,0.14,0.0,1.93,0.0,1.58,0.89,0.0,0.85,2.09,0.0,0.01,1.51,1.0,0.0,1.0,0.0,0.0,1.0,0.0,1.0,0.0,1.0,1.0,0.0,1.0,1.0,0.0,0.0,0.0,0.0,0.0,0.0,0.30179858792134284,17.986939706353652,14.14001414426454
7208,288.28,0.98,1,0.285,0.313,0.119,-0.259,-0.082,0.0,0.0,0.0,0.28,0.0,1.95,0.0,1.56,0.95,0.01,0.88,2.05,0.0,0.12,1.15,1.05,0.0,1.0,0.0,1.0,1.0,0.0,1.0,0.0,1.0,1.0,0.0,1.0,1.0,0.0,0.0,1.0,0.0,0.0,0.0,0.3027102572642679,18.318296864064624,13.473306943731426
7209,288.32,0.98,1,0.3,0.3,0.103,-0.25,-0.092,0.0,0.0,0.0,0.18,0.0,1.94,0.0,1.6,0.98,0.11,0.96,2.11,0.0,0.15,0.51,1.0,0.0,1.0,0.0,1.0,1.0,0.0,1.0,0.0,1.0,1.0,0.0,1.0,1.0,0.0,0.0,1.0,0.0,0.0,0.0,0.3043985463972769,17.197674261364533,13.994641831786808
7210,288.36,0.98,1,0.295,0.319,0.109,-0.255,-0.091,0.0,0.0,0.0,0.28,0.0,2.03,0.0,1.74,1.07,0.19,1.03,1.73,0.0,0.14,0.75,1.11,0.0,1.0,0.0,1.0,1.0,0.0,1.0,0.0,1.0,1.0,0.0,1.0,1.0,0.0,0.0,1.0,1.0,0.0,0.0,0.30163681536746856,18.809837851507393,14.115594213492923
7211,288.4,0.98,1,0.279,0.316,0.123,-0.263,-0.075,0.0,0.0,0.11,0.26,0.0,1.97,0.0,1.86,1.19,0.36,0.82,1.31,0.0,0.03,1.31,1.04,0.0,1.0,0.0,0.0,1.0,0.0,1.0,0.0,1.0,1.0,0.0,1.0,0.0,0.0,0.0,1.0,0.0,0.0,0.0,0.30070295612293757,19.81161275615895,14.571547618561263
7212,288.44,0.98,1,0.293,0.341,0.161,-0.29,-0.069,0.0,0.0,0.11,0.22,0.0,1.95,0.0,1.86,1.35,0.48,0.45,0.84,0.0,0.0,1.84,1.01,0.0,1.0,0.0,0.0,1.0,0.0,1.0,0.0,1.0,1.0,0.0,0.0,0.0,0.0,0.0,1.0,0.0,0.0,0.0,0.30498237442644927,18.92353032602536,14.729901561110184
7213,288.48,0.98,1,0.294,0.322,0.148,-0.274,-0.077,0.0,0.0,0.11,0.29,0.0,1.82,0.0,2.01,1.57,0.8,0.42,0.79,0.0,0.0,1.9,0.51,0.0,1.0,0.0,0.0,1.0,0.0,1.0,0.0,1.0,1.0,1.0,0.0,0.0,0.0,0.0,1.0,0.0,0.0,0.0,0.30127347398436033,18.69679116854026,14.37532608325798
7214,288.52,0.98,1,0.301,0.312,0.129,-0.253,-0.092,0.0,0.0,0.0,0.17,0.0,1.89,0.0,2.04,1.7,0.87,0.44,0.89,0.0,0.0,1.84,0.22,0.0,1.0,0.0,0.0,1.0,0.0,1.0,0.0,1.0,1.0,1.0,0.0,0.0,0.0,0.0,1.0,0.0,0.0,0.0,0.2916374436677339,18.085353189805232,14.99066376115474
7215,288.56,0.98,1,0.211,0.31,0.129,-0.239,-0.106,0.0,0.02,0.0,0.17,0.0,2.01,0.02,1.99,1.64,0.91,0.59,1.15,0.0,0.0,1.51,0.01,0.0,1.0,0.0,0.0,1.0,0.0,1.0,0.0,1.0,1.0,1.0,0.0,0.0,0.0,0.0,1.0,0.0,0.0,0.0,0.26993597644784517,15.838244852255654,15.728954192825261
7216,288.6,0.98,1,0.239,0.311,0.115,-0.242,-0.109,0.0,0.04,0.0,0.15,0.0,2.17,0.06,1.75,1.48,0.58,0.57,1.38,0.0,0.0,1.02,0.0,0.0,0.0,0.0,0.0,1.0,0.0,1.0,0.0,1.0,1.0,1.0,0.0,0.0,0.0,0.0,1.0,0.0,0.0,0.0,0.2944056625298437,15.741029191256795,15.456390264223952
7217,288.64,0.98,1,0.228,0.313,0.107,-0.231,-0.111,0.0,0.04,0.0,0.31,0.0,1.98,0.08,1.64,1.32,0.41,0.61,1.47,0.0,0.0,0.63,0.03,0.0,0.0,0.0,0.0,1.0,0.0,1.0,0.0,1.0,1.0,1.0,0.0,1.0,0.0,0.0,1.0,0.0,0.0,0.0,0.27648538765953135,16.155494421403642,15.728954192825285
7218,288.68,0.98,1,0.229,0.323,0.105,-0.229,-0.103,0.0,0.02,0.0,0.31,0.0,1.77,0.1,1.66,1.25,0.28,0.61,1.37,0.0,0.0,0.78,0.08,0.0,0.0,0.0,0.0,1.0,0.0,1.0,0.0,1.0,1.0,1.0,0.0,1.0,0.0,0.0,1.0,0.0,0.0,0.0,0.27212041846025603,17.076592165886034,15.456390264223952
7219,288.72,0.98,1,0.232,0.343,0.112,-0.229,-0.094,0.01,0.15,0.0,0.16,0.0,1.69,0.13,1.77,1.28,0.55,0.58,1.19,0.0,0.0,1.2,0.16,0.11,0.0,0.0,0.0,0.0,0.0,1.0,0.0,1.0,1.0,1.0,1.0,1.0,0.0,0.0,0.0,0.0,0.0,0.0,0.25172479768104017,17.321951391225976,16.714664220378403
7220,288.76,0.98,1,0.167,0.345,0.117,-0.213,-0.091,0.09,0.29,0.0,0.0,0.0,1.65,0.15,1.74,1.31,0.68,0.51,0.99,0.0,0.0,1.52,0.21,0.59,0.0,0.0,0.0,0.0,0.0,1.0,0.0,1.0,1.0,1.0,1.0,0.0,0.0,0.0,0.0,0.0,0.0,0.0,0.21242847839108903,12.819126335285057,15.981239000778558
7221,288.8,0.98,1,0.1,0.406,0.08,-0.179,-0.082,0.12,0.37,0.0,0.0,0.03,1.63,0.12,1.72,1.41,0.92,0.45,0.83,0.0,0.0,1.5,0.16,1.03,0.0,0.0,0.0,0.0,0.0,1.0,0.0,1.0,1.0,1.0,1.0,0.0,0.0,0.0,0.0,0.0,0.0,1.0,0.16090633371600788,15.902829936838378,19.064626930522493
7222,288.84,0.98,1,0.069,0.403,0.062,-0.148,-0.081,0.1,0.33,0.0,0.0,0.2,1.64,0.06,1.62,1.43,0.84,0.28,0.69,0.0,0.0,1.12,0.08,1.31,0.0,0.0,0.0,0.0,0.0,1.0,0.0,1.0,1.0,1.0,1.0,0.0,0.0,0.0,0.0,0.0,0.0,1.0,0.1647795199758004,14.122676800096983,19.746392075516106
7223,288.88,0.98,1,0.079,0.359,0.051,-0.116,-0.079,0.02,0.22,0.0,0.12,0.45,2.09,0.02,1.55,1.45,0.87,0.19,0.6,0.0,0.0,0.67,0.0,0.91,0.0,0.0,0.0,0.0,1.0,1.0,0.0,1.0,1.0,1.0,1.0,0.0,0.0,0.0,0.0,0.0,0.0,1.0,0.17226752036383167,15.20296023805872,17.791290003819338
7224,288.92,0.98,1,0.021,0.322,0.057,-0.089,-0.071,0.0,0.17,0.0,0.12,0.7,2.41,0.12,1.53,1.46,0.8,0.12,0.47,0.0,0.0,0.29,0.0,0.64,0.0,0.0,0.0,0.0,1.0,1.0,0.0,1.0,1.0,1.0,1.0,0.0,0.0,0.0,0.0,0.0,0.0,1.0,0.15976521483495693,16.601204775557616,18.346116755324495
7225,288.96,0.98,1,-0.004,0.333,0.061,-0.073,-0.067,0.0,0.06,0.0,0.12,0.82,2.56,0.2,1.61,1.54,0.76,0.1,0.35,0.0,0.0,0.27,0.0,0.41,0.0,0.0,0.0,0.0,1.0,1.0,1.0,1.0,1.0,1.0,1.0,0.0,0.0,0.0,0.0,0.0,0.0,0.0,0.1594896972669937,17.301156030739634,17.548219282878815
7226,289.0,0.98,1,-0.0,0.326,0.052,-0.068,-0.058,0.0,0.03,0.0,0.0,0.86,2.38,0.33,1.79,1.62,0.74,0.04,0.28,0.0,0.0,0.38,0.0,0.42,0.0,0.0,0.0,0.0,1.0,1.0,1.0,1.0,1.0,1.0,1.0,0.0,0.0,0.0,0.0,0.0,0.0,0.0,0.16576753969301133,17.700282483621372,16.71077496706845
7227,289.04,0.98,1,-0.014,0.328,0.06,-0.057,-0.055,0.0,0.0,0.0,0.03,0.91,2.53,0.39,1.91,1.63,0.76,0.0,0.22,0.0,0.0,0.61,0.0,0.29,0.0,0.0,0.0,0.0,1.0,1.0,1.0,1.0,1.0,1.0,1.0,0.0,0.0,0.0,0.0,0.0,0.0,0.0,0.17209560415202024,18.50027026829608,16.90739483184785
7228,289.08,0.98,1,-0.018,0.319,0.058,-0.036,-0.053,0.01,0.0,0.0,0.03,0.89,2.72,0.45,1.94,1.65,1.01,0.0,0.22,0.0,0.0,0.77,0.0,0.13,0.0,0.0,0.0,0.0,1.0,1.0,1.0,1.0,1.0,1.0,1.0,0.0,0.0,0.0,1.0,0.0,0.0,0.0,0.16842309321671559,19.500256408570632,17.00264685276972
7229,289.12,0.98,1,-0.024,0.298,0.052,-0.028,-0.048,0.01,0.0,0.0,0.03,0.9,2.85,0.49,1.84,1.66,1.21,0.0,0.18,0.0,0.0,0.89,0.0,0.14,0.0,0.0,0.0,0.0,1.0,1.0,1.0,1.0,1.0,1.0,0.0,0.0,0.0,0.0,1.0,0.0,0.0,0.0,0.1807260680040318,20.808652046684994,18.104419349981836
7230,289.16,0.98,1,-0.027,0.302,0.052,-0.024,-0.045,0.07,0.0,0.0,0.0,0.89,2.75,0.47,1.76,1.74,1.27,0.0,0.18,0.0,0.0,1.01,0.0,0.09,0.0,0.0,0.0,0.0,1.0,1.0,1.0,1.0,1.0,1.0,0.0,0.0,0.0,0.0,1.0,0.0,0.0,0.0,0.18040137912944074,21.50581316760657,18.20439507371782
7231,289.2,0.98,1,-0.04,0.301,0.05,-0.017,-0.041,0.07,0.0,0.0,0.06,0.94,2.8,0.45,1.71,1.83,1.23,0.0,0.12,0.0,0.0,1.14,0.0,0.09,0.0,0.0,0.0,0.0,1.0,1.0,1.0,1.0,1.0,1.0,0.0,0.0,0.0,0.0,1.0,0.0,0.0,0.0,0.18120494010380755,22.005681084665387,18.900264548413162
7232,289.24,0.98,1,-0.041,0.302,0.052,-0.011,-0.043,0.13,0.0,0.0,0.26,1.01,2.96,0.33,1.65,1.96,1.24,0.0,0.07,0.0,0.0,1.25,0.0,0.0,0.0,0.0,0.0,0.0,1.0,1.0,1.0,1.0,1.0,1.0,0.0,0.0,0.0,0.0,1.0,0.0,0.0,0.0,0.1795442968813099,21.20377324911776,19.60408120774846
7233,289.28,0.98,1,-0.042,0.292,0.052,-0.01,-0.039,0.12,0.0,0.0,0.26,1.1,3.16,0.27,1.61,2.08,1.28,0.0,0.04,0.0,0.0,1.39,0.0,0.04,0.0,0.0,0.0,0.0,1.0,1.0,1.0,1.0,1.0,1.0,0.0,0.0,0.0,0.0,1.0,0.0,0.0,0.0,0.18379626437180951,21.803669415949187,19.906280415989187
7234,289.32,0.98,1,-0.053,0.288,0.048,-0.006,-0.037,0.12,0.0,0.0,0.2,1.16,3.09,0.17,1.6,2.16,1.3,0.0,0.01,0.0,0.0,1.5,0.0,0.29,0.0,0.0,0.0,0.0,1.0,1.0,1.0,1.0,1.0,1.0,0.0,0.0,0.0,0.0,1.0,0.0,0.0,0.0,0.18268035416621592,22.302017845925914,19.801010075246115
7235,289.36,0.98,1,-0.035,0.308,0.039,-0.006,-0.032,0.21,0.0,0.0,0.0,1.22,3.02,0.2,1.64,2.24,1.36,0.0,0.0,0.0,0.0,1.78,0.0,0.57,0.0,0.0,0.0,0.0,1.0,1.0,1.0,1.0,1.0,1.0,0.0,0.0,0.0,0.0,1.0,0.0,0.0,0.0,0.16942329030229814,21.40093455903256,19.10104709171716
7236,289.4,0.98,1,-0.021,0.348,0.074,0.001,-0.027,0.19,0.0,0.0,0.0,1.18,3.13,0.25,1.72,2.31,1.46,0.0,0.0,0.0,0.0,2.0,0.01,0.9,0.0,0.0,0.0,0.0,1.0,1.0,1.0,1.0,1.0,1.0,0.0,0.0,0.0,0.0,1.0,0.0,0.0,0.0,0.1643853867893985,19.709134937891157,19.709134937891154
7237,289.44,0.98,1,-0.019,0.352,0.085,-0.005,-0.004,0.17,0.0,0.0,0.0,1.16,3.19,0.29,1.77,2.38,1.48,0.0,0.05,0.0,0.0,2.26,0.23,0.72,0.0,0.0,0.0,0.0,1.0,1.0,1.0,1.0,1.0,1.0,0.0,0.0,0.0,0.0,1.0,0.0,0.0,0.0,0.1557564162027804,20.024984394500787,19.312690128513903
7238,289.48,0.98,1,-0.027,0.358,0.102,-0.011,0.007,0.1,0.0,0.0,0.0,1.09,3.15,0.28,1.92,2.41,1.52,0.0,0.05,0.0,0.0,2.36,0.35,0.53,0.0,0.0,0.0,0.0,1.0,1.0,1.0,1.0,1.0,1.0,0.0,0.0,0.0,0.0,1.0,0.0,0.0,0.0,0.1619524909919682,19.206509313251114,19.606376513777484
7239,289.52,0.98,1,-0.009,0.333,0.084,-0.016,-0.019,0.13,0.0,0.0,0.0,1.18,3.07,0.18,1.98,2.43,1.53,0.0,0.05,0.0,0.0,2.42,0.46,0.4,0.0,0.0,0.0,0.0,1.0,1.0,1.0,1.0,1.0,1.0,0.0,0.0,0.0,0.0,1.0,0.0,0.0,0.0,0.17598116078791085,19.700000000000045,19.104188022525232
7240,289.56,0.98,1,-0.015,0.339,0.082,-0.012,-0.026,0.22,0.0,0.0,0.0,1.21,3.12,0.14,2.11,2.48,1.56,0.0,0.0,0.0,0.0,2.49,0.33,0.57,0.0,0.0,0.0,0.0,1.0,1.0,1.0,1.0,1.0,1.0,0.0,0.0,0.0,0.0,1.0,1.0,0.0,0.0,0.17611472983018506,18.899999999999864,18.904232330354052
7241,289.6,0.98,1,-0.013,0.36,0.097,0.006,-0.022,0.17,0.0,0.0,0.0,1.22,3.3,0.1,2.0,2.48,1.51,0.0,0.0,0.0,0.0,2.53,0.46,0.65,0.0,0.0,0.0,0.0,1.0,1.0,1.0,1.0,1.0,1.0,0.0,0.0,0.0,0.0,1.0,1.0,0.0,0.0,0.159792209457998,18.401086924418216,19.41262475813085
7242,289.64,0.98,1,-0.015,0.35,0.106,-0.004,0.002,0.16,0.0,0.0,0.03,1.15,3.31,0.15,1.88,2.49,1.42,0.0,0.05,0.0,0.0,2.6,0.54,0.51,0.0,0.0,0.0,0.0,1.0,1.0,1.0,1.0,1.0,1.0,0.0,0.0,0.0,0.0,1.0,1.0,0.0,0.0,0.1731535714129382,18.5024322725419,18.80664776083199
7243,289.68,0.98,1,-0.017,0.356,0.113,-0.009,0.013,0.07,0.0,0.0,0.03,1.16,3.2,0.2,1.81,2.47,1.47,0.0,0.05,0.03,0.0,2.59,0.56,0.3,0.0,0.0,0.0,0.0,1.0,1.0,1.0,1.0,1.0,1.0,0.0,0.0,0.0,0.0,1.0,1.0,0.0,0.0,0.16849649611204714,18.5024322725419,19.009471323527123
7244,289.72,0.98,1,-0.025,0.33,0.088,-0.01,-0.011,0.11,0.05,0.0,0.03,1.25,3.02,0.27,1.83,2.53,1.5,0.0,0.05,0.03,0.0,2.66,0.53,0.35,0.0,0.0,0.0,0.0,1.0,1.0,1.0,1.0,1.0,1.0,0.0,0.0,0.0,0.0,1.0,1.0,0.0,0.0,0.17321035320681533,19.500256408570632,19.00236827345476
7245,289.76,0.98,1,-0.029,0.385,0.107,0.004,-0.01,0.07,0.05,0.0,0.0,1.32,3.07,0.24,1.76,2.55,1.54,0.0,0.05,0.03,0.0,2.66,0.46,0.38,0.0,0.0,0.0,0.0,1.0,1.0,1.0,1.0,1.0,1.0,0.0,0.0,0.0,0.0,1.0,1.0,0.0,0.0,0.15899680942309122,18.201098867925577,19.00657780874821
7246,289.8,0.98,1,-0.039,0.341,0.109,0.003,0.011,0.1,0.05,0.0,0.0,1.29,3.35,0.22,1.56,2.56,1.41,0.0,0.12,0.0,0.0,2.67,0.57,0.35,0.0,0.0,0.0,0.0,1.0,1.0,1.0,1.0,1.0,1.0,0.0,0.0,0.0,0.0,1.0,1.0,0.0,0.0,0.153685773316372,18.706683297688066,17.900279327429367
7247,289.84,0.98,1,-0.045,0.315,0.121,-0.003,0.016,0.03,0.0,0.0,0.06,1.22,3.48,0.15,1.56,2.57,1.46,0.0,0.12,0.0,0.0,2.63,0.46,0.14,0.0,0.0,0.0,0.0,1.0,1.0,1.0,1.0,1.0,1.0,0.0,0.0,0.0,0.0,1.0,1.0,0.0,0.0,0.1817641102395397,20.400980368600028,19.10104709171716
7248,289.88,0.98,1,-0.059,0.302,0.096,-0.005,-0.009,0.07,0.0,0.0,0.06,1.23,3.48,0.26,1.64,2.63,1.55,0.0,0.07,0.0,0.0,2.64,0.48,0.05,0.0,0.0,0.0,0.0,1.0,1.0,1.0,1.0,1.0,1.0,0.0,0.0,0.0,0.0,1.0,1.0,0.0,0.0,0.18736718355092769,20.000249998437518,18.704277585622005
7249,289.92,0.98,1,-0.057,0.326,0.106,0.008,-0.011,0.06,0.0,0.0,0.11,1.22,3.25,0.23,1.61,2.63,1.54,0.0,0.02,0.0,0.0,2.65,0.49,0.05,0.0,0.0,0.0,0.0,1.0,1.0,1.0,1.0,1.0,1.0,0.0,0.0,0.0,0.0,1.0,1.0,0.0,0.0,0.17950643277659675,21.0,19.00236827345476
7250,289.96,0.98,1,-0.056,0.314,0.118,0.003,0.007,0.06,0.0,0.0,0.07,1.24,3.27,0.19,1.53,2.66,1.39,0.0,0.02,0.0,0.0,2.76,0.71,0.05,0.0,0.0,0.0,0.0,1.0,1.0,1.0,1.0,1.0,1.0,0.0,0.0,0.0,0.0,1.0,1.0,0.0,0.0,0.18734594864765164,21.000238093888363,19.801010075246342
7251,290.0,0.98,1,-0.061,0.308,0.119,0.005,0.011,0.03,0.0,0.0,0.07,1.14,3.17,0.04,1.5,2.67,1.14,0.0,0.09,0.0,0.0,2.82,0.85,0.0,0.0,0.0,0.0,0.0,1.0,1.0,1.0,1.0,1.0,1.0,0.0,0.0,0.0,0.0,1.0,1.0,0.0,0.0,0.1926826078384013,22.10203610530048,19.90100499974822
7252,290.04,0.98,1,-0.066,0.309,0.118,0.008,0.013,0.0,0.0,0.0,0.02,1.16,3.12,0.0,1.56,2.71,1.09,0.0,0.18,0.0,0.0,2.78,0.87,0.0,0.0,0.0,0.0,0.0,1.0,1.0,1.0,1.0,1.0,1.0,0.0,0.0,0.0,0.0,1.0,1.0,0.0,0.0,0.18979514244794415,22.500888871331284,19.602295783912798
7253,290.08,0.98,1,-0.082,0.307,0.117,0.009,0.016,0.0,0.0,0.0,0.0,1.13,2.95,0.0,1.54,2.69,1.05,0.0,0.25,0.0,0.0,2.63,0.82,0.0,0.0,0.0,0.0,0.0,1.0,1.0,1.0,1.0,1.0,1.0,0.0,0.0,0.0,0.0,1.0,1.0,0.0,0.0,0.18992925601301985,23.105410621756885,19.50230755577401
7254,290.12,0.98,1,-0.072,0.312,0.113,0.007,0.018,0.0,0.0,0.0,0.0,1.18,2.88,0.0,1.49,2.67,1.12,0.0,0.29,0.0,0.0,2.53,0.78,0.0,0.0,0.0,0.0,0.0,1.0,1.0,1.0,1.0,1.0,1.0,0.0,0.0,0.0,0.0,1.0,0.0,0.0,0.0,0.19184282773628836,22.40022321317366,18.206866836443925
7255,290.16,0.98,1,-0.075,0.319,0.113,0.007,0.019,0.0,0.0,0.0,0.03,1.17,3.05,0.0,1.51,2.64,1.09,0.0,0.33,0.0,0.0,2.52,0.72,0.0,0.0,0.0,0.0,0.0,1.0,1.0,1.0,1.0,1.0,1.0,0.0,0.0,0.0,0.0,1.0,0.0,0.0,0.0,0.18928998568929167,22.803508501982712,17.80112356004526
7256,290.2,0.98,1,-0.075,0.314,0.113,0.008,0.02,0.0,0.0,0.0,0.08,1.14,3.17,0.0,1.5,2.65,1.16,0.0,0.31,0.0,0.0,2.53,0.7,0.0,0.0,0.0,0.0,0.0,1.0,1.0,1.0,1.0,1.0,1.0,0.0,0.0,0.0,0.0,1.0,0.0,0.0,0.0,0.19147847158954012,23.310512649875328,17.70451919708642
7257,290.24,0.98,1,-0.08,0.319,0.114,0.008,0.018,0.0,0.0,0.0,0.08,1.15,3.26,0.0,1.54,2.68,1.27,0.0,0.35,0.0,0.0,2.53,0.69,0.0,0.0,0.0,0.0,0.0,1.0,1.0,1.0,1.0,1.0,1.0,0.0,0.0,0.0,0.0,1.0,0.0,0.0,0.0,0.19079610464972419,23.01064970834157,17.702542190318134
7258,290.28,0.98,1,-0.08,0.307,0.111,0.004,0.019,0.0,0.0,0.0,0.05,1.2,3.1,0.01,1.59,2.74,1.33,0.0,0.37,0.0,0.0,2.61,0.77,0.0,0.0,0.0,0.0,0.0,1.0,1.0,1.0,1.0,1.0,1.0,0.0,0.0,0.0,0.0,1.0,0.0,0.0,0.0,0.1888847856109644,23.010649708341568,18.40000000000009
7259,290.32,0.98,1,-0.09,0.297,0.108,0.001,0.019,0.0,0.0,0.0,0.0,1.23,3.12,0.06,1.54,2.69,1.33,0.0,0.56,0.09,0.0,2.65,0.91,0.0,0.0,0.0,0.0,0.0,1.0,1.0,1.0,1.0,1.0,1.0,0.0,0.0,0.0,0.0,1.0,0.0,0.0,0.0,0.20248145462067452,23.301931250435196,18.802393464663133
7260,290.36,0.98,1,-0.095,0.301,0.109,-0.004,0.023,0.0,0.0,0.0,0.0,1.31,3.17,0.08,1.56,2.66,1.4,0.0,0.58,0.32,0.01,2.76,0.94,0.0,0.0,0.0,0.0,0.0,1.0,1.0,1.0,1.0,1.0,1.0,0.0,1.0,0.0,0.0,1.0,0.0,0.0,0.0,0.21124599025361357,23.601906702637304,19.10235587565043
7261,290.4,0.98,1,-0.08,0.287,0.088,-0.014,-0.009,0.0,0.0,0.0,0.0,1.4,3.37,0.07,1.57,2.63,1.68,0.0,0.72,0.36,0.01,2.69,0.93,0.0,0.0,0.0,0.0,0.0,1.0,1.0,1.0,1.0,1.0,1.0,0.0,1.0,0.0,0.0,1.0,0.0,0.0,0.0,0.2112728472379431,24.100207467986795,20.012246250733572
7262,290.44,0.98,1,-0.077,0.277,0.086,0.011,-0.012,0.0,0.0,0.0,0.0,1.44,3.3,0.07,1.73,2.66,1.95,0.0,0.81,0.38,0.03,2.58,0.75,0.0,0.0,0.0,0.0,0.0,1.0,1.0,1.0,1.0,1.0,1.0,0.0,1.0,0.0,0.0,1.0,0.0,0.0,0.0,0.20850429166620177,24.107467722678706,19.40927613281842
7263,290.48,0.98,1,-0.077,0.285,0.104,-0.0,0.007,0.0,0.0,0.0,0.01,1.38,3.35,0.1,1.75,2.73,2.03,0.0,1.1,0.21,0.1,2.38,0.71,0.0,0.0,0.0,0.0,0.0,1.0,1.0,1.0,1.0,1.0,1.0,0.0,1.0,0.0,0.0,1.0,0.0,0.0,0.0,0.22326964654674783,22.603539545832334,19.9160739102865
7264,290.52,0.98,1,-0.069,0.284,0.104,-0.005,0.014,0.0,0.0,0.0,0.01,1.32,3.37,0.09,1.84,2.79,2.04,0.0,1.1,0.23,0.1,2.27,0.46,0.0,0.0,0.0,0.0,0.0,1.0,1.0,0.0,1.0,1.0,1.0,0.0,1.0,0.0,0.0,1.0,0.0,0.0,0.0,0.22944569204449095,20.900956915892497,20.511947737842934
7265,290.56,0.98,1,-0.074,0.279,0.088,0.005,-0.005,0.0,0.0,0.0,0.01,1.33,3.35,0.1,1.92,2.87,2.05,0.0,1.1,0.15,0.07,2.24,0.29,0.0,0.0,0.0,0.0,0.0,1.0,1.0,0.0,1.0,1.0,1.0,0.0,1.0,0.0,0.0,1.0,0.0,0.0,0.0,0.22463449276280378,22.901964981197665,21.008569680013917
7266,290.6,0.98,1,-0.061,0.26,0.094,0.006,0.006,0.0,0.0,0.0,0.0,1.26,2.83,0.07,1.85,2.87,1.98,0.0,0.94,0.18,0.0,2.23,0.07,0.53,0.0,0.0,0.0,0.0,1.0,1.0,0.0,1.0,1.0,1.0,0.0,1.0,0.0,0.0,1.0,0.0,0.0,0.0,0.22084963238761596,20.500975586542218,21.3114992433662
7267,290.64,0.98,1,-0.013,0.351,0.075,-0.001,0.017,0.06,0.0,0.0,0.0,1.19,2.32,0.11,1.83,2.87,2.18,0.05,0.95,0.2,0.0,2.18,0.05,1.32,0.0,0.0,0.0,0.0,1.0,1.0,0.0,1.0,1.0,1.0,0.0,1.0,0.0,0.0,1.0,0.0,0.0,0.0,0.16464071105160985,18.006943105369107,17.400287353948936
7268,290.68,0.98,1,-0.076,0.396,0.079,0.004,-0.001,0.06,0.0,0.0,0.0,1.16,2.31,0.15,1.75,2.83,2.16,0.05,0.9,0.32,0.0,2.16,0.02,1.93,0.0,0.0,0.0,0.0,1.0,1.0,1.0,1.0,1.0,1.0,0.0,1.0,0.0,0.0,1.0,0.0,0.0,0.0,0.14296262730891118,21.51023012429198,21.559452683219952
7269,290.72,0.98,1,-0.049,0.356,0.073,0.009,0.012,0.06,0.0,0.0,0.0,1.27,2.81,0.21,1.86,2.83,2.22,0.05,1.01,0.27,0.0,2.12,0.0,1.68,0.0,0.0,0.0,0.0,1.0,1.0,1.0,1.0,1.0,1.0,0.0,1.0,0.0,0.0,1.0,0.0,0.0,0.0,0.15025603064917936,18.66869036649322,17.5025712396779
7270,290.76,0.98,1,-0.071,0.334,0.098,-0.002,0.014,0.0,0.0,0.0,0.0,1.37,3.41,0.25,1.82,2.84,1.9,0.0,1.02,0.18,0.0,2.09,0.0,0.96,0.0,0.0,0.0,0.0,1.0,1.0,0.0,1.0,1.0,1.0,0.0,1.0,0.0,0.0,1.0,0.0,0.0,0.0,0.14589364160425553,18.022485955050705,16.619265928433922
7271,290.8,0.98,1,-0.084,0.31,0.096,0.006,0.014,0.0,0.0,0.0,0.0,1.37,3.63,0.19,1.74,2.84,1.81,0.0,1.05,0.03,0.0,2.15,0.0,0.35,0.0,0.0,0.0,0.0,1.0,1.0,0.0,1.0,1.0,1.0,0.0,1.0,0.0,0.0,1.0,0.0,0.0,0.0,0.1580237165370615,18.901058171435665,17.5025712396779
7272,290.84,0.98,1,-0.077,0.302,0.103,0.005,0.013,0.0,0.0,0.0,0.0,1.34,3.61,0.18,1.72,2.88,1.8,0.01,1.0,0.0,0.0,2.13,0.0,0.07,0.0,0.0,0.0,0.0,1.0,1.0,0.0,1.0,1.0,1.0,0.0,1.0,0.0,0.0,1.0,0.0,0.0,0.0,0.18400708726146925,21.3037555374633,17.899999999999864
7273,290.88,0.98,1,-0.092,0.292,0.094,0.005,0.015,0.0,0.0,0.0,0.0,1.26,3.44,0.14,1.66,2.86,1.86,0.01,1.01,0.0,0.0,2.1,0.0,0.0,0.0,0.0,0.0,0.0,1.0,1.0,0.0,1.0,1.0,1.0,0.0,1.0,0.0,0.0,1.0,0.0,0.0,0.0,0.19878988748016133,22.100226243185976,17.600284088616206
7274,290.92,0.98,1,-0.101,0.287,0.101,0.003,0.014,0.0,0.0,0.0,0.0,1.22,3.25,0.12,1.62,2.86,1.87,0.01,0.99,0.0,0.0,1.95,0.0,0.0,0.0,0.0,0.0,0.0,1.0,1.0,0.0,1.0,1.0,1.0,0.0,1.0,0.0,0.0,1.0,0.0,0.0,0.0,0.20526550991156198,23.800840321299535,18.50108104949546
7275,290.96,0.98,1,-0.106,0.272,0.094,0.007,0.017,0.0,0.0,0.0,0.0,1.1,3.11,0.04,1.4,2.78,1.8,0.0,1.02,0.04,0.0,1.94,0.0,0.0,0.0,0.0,0.0,0.0,1.0,1.0,0.0,1.0,1.0,1.0,0.0,1.0,0.0,0.0,1.0,0.0,0.0,0.0,0.2159630263851032,24.600812994696064,20.006249023742555
7276,291.0,0.98,1,-0.103,0.265,0.104,0.002,0.016,0.0,0.0,0.0,0.0,1.04,2.95,0.01,1.24,2.77,1.7,0.0,1.08,0.04,0.03,1.92,0.0,0.0,0.0,0.0,0.0,0.0,1.0,1.0,0.0,1.0,1.0,1.0,0.0,1.0,0.0,0.0,1.0,0.0,0.0,0.0,0.2360983414991652,23.59999999999991,21.3114992433662
7277,291.04,0.98,1,-0.11,0.266,0.095,0.003,0.018,0.0,0.0,0.0,0.0,1.04,2.96,0.0,1.14,2.73,1.67,0.0,1.15,0.04,0.06,1.87,0.0,0.0,0.0,0.0,0.0,0.0,1.0,1.0,0.0,1.0,1.0,1.0,0.0,1.0,0.0,0.0,1.0,0.0,0.0,0.0,0.2240963163842109,23.70084386683314,22.005681084665387
7278,291.08,0.98,1,-0.103,0.271,0.101,0.004,0.019,0.0,0.0,0.0,0.0,1.07,2.9,0.0,1.16,2.75,1.59,0.0,1.11,0.0,0.06,1.82,0.0,0.0,0.0,0.0,0.0,0.0,1.0,1.0,0.0,1.0,1.0,1.0,0.0,1.0,0.0,0.0,1.0,0.0,0.0,0.0,0.23217179652787653,23.300214591286448,22.211033294288722
7279,291.12,0.98,1,-0.105,0.268,0.095,0.001,0.02,0.0,0.0,0.0,0.0,1.07,2.97,0.0,1.16,2.76,1.61,0.0,1.04,0.0,0.05,1.82,0.0,0.0,0.0,0.0,0.0,0.0,1.0,1.0,0.0,1.0,1.0,1.0,0.0,1.0,0.0,0.0,1.0,0.0,0.0,0.0,0.23116907032472198,23.700210969525187,21.905707018948146
7280,291.16,0.98,1,-0.1,0.269,0.098,0.003,0.019,0.0,0.0,0.0,0.0,1.02,2.9,0.0,1.14,2.78,1.53,0.0,1.0,0.0,0.07,1.87,0.0,0.0,0.0,0.0,0.0,0.0,1.0,1.0,0.0,1.0,1.0,1.0,0.0,1.0,0.0,0.0,1.0,0.0,0.0,0.0,0.23018493059408768,23.100000000000136,21.81123563670793
7281,291.2,0.98,1,-0.104,0.257,0.096,0.001,0.021,0.0,0.0,0.0,0.0,0.98,2.87,0.0,1.17,2.81,1.58,0.0,1.01,0.01,0.1,1.84,0.0,0.0,0.0,0.0,0.0,0.0,1.0,1.0,0.0,1.0,1.0,1.0,0.0,1.0,0.0,0.0,1.0,0.0,0.0,0.0,0.24519865603833135,23.59999999999991,22.714092541856083
7282,291.24,0.98,1,-0.1,0.26,0.094,0.002,0.021,0.0,0.0,0.0,0.0,0.97,2.67,0.0,1.17,2.78,1.55,0.0,1.05,0.09,0.1,1.81,0.0,0.0,0.0,0.0,0.0,0.0,1.0,1.0,0.0,1.0,1.0,1.0,0.0,1.0,0.0,0.0,1.0,0.0,0.0,0.0,0.23166080642493989,22.70088104017115,23.04886114323222
7283,291.28,0.98,1,-0.099,0.262,0.103,-0.001,0.021,0.0,0.0,0.0,0.15,1.09,2.61,0.07,1.33,2.81,1.6,0.0,0.98,0.11,0.05,1.87,0.0,0.0,0.0,0.0,0.0,0.0,1.0,1.0,0.0,1.0,1.0,1.0,0.0,1.0,0.0,0.0,1.0,0.0,0.0,0.0,0.24299680471202284,22.302017845925914,22.91767876552956
7284,291.32,0.98,1,-0.094,0.277,0.097,0.007,-0.003,0.0,0.0,0.0,0.17,1.17,2.68,0.07,1.39,2.8,1.54,0.02,0.94,0.11,0.03,1.87,0.0,0.0,0.0,0.0,0.0,0.0,1.0,1.0,0.0,1.0,1.0,1.0,0.0,1.0,0.0,0.0,1.0,0.0,0.0,0.0,0.23012587542572627,23.6008474424118,22.350391495452556
7285,291.36,0.98,1,-0.109,0.273,0.1,0.011,0.007,0.0,0.0,0.0,0.17,1.22,2.8,0.07,1.48,2.84,1.55,0.02,0.89,0.07,0.0,2.01,0.0,0.0,0.0,0.0,0.0,0.0,1.0,1.0,0.0,1.0,1.0,1.0,0.0,1.0,0.0,0.0,1.0,0.0,0.0,0.0,0.23687097448549216,23.500851048419502,22.722015755649895
7286,291.4,0.98,1,-0.108,0.271,0.102,0.005,0.015,0.0,0.0,0.0,0.04,1.15,2.79,0.0,1.3,2.8,1.53,0.02,0.95,0.05,0.02,1.93,0.0,0.0,0.0,0.0,0.0,0.0,1.0,1.0,0.0,1.0,1.0,1.0,0.0,1.0,0.0,0.0,1.0,0.0,0.0,0.0,0.2360990132056143,23.5,22.81074308303016
7287,291.44,0.98,1,-0.109,0.266,0.098,0.003,0.019,0.0,0.0,0.0,0.03,1.08,2.78,0.0,1.26,2.78,1.65,0.0,0.96,0.03,0.02,1.98,0.0,0.0,0.0,0.0,0.0,0.0,1.0,1.0,0.0,1.0,1.0,1.0,0.0,1.0,0.0,0.0,1.0,0.0,0.0,0.0,0.23541748894243839,23.700000000000045,22.81403077055867
7288,291.48,0.98,1,-0.086,0.292,0.099,-0.0,0.02,0.0,0.0,0.0,0.06,1.04,2.85,0.0,1.28,2.78,1.74,0.0,1.0,0.0,0.02,1.92,0.0,0.0,0.0,0.0,0.0,0.0,1.0,1.0,0.0,1.0,1.0,1.0,0.0,1.0,0.0,0.0,1.0,0.0,0.0,0.0,0.2201663816439917,22.203603311174334,21.123683390923947
7289,291.52,0.98,1,-0.087,0.301,0.102,-0.003,0.021,0.0,0.0,0.0,0.04,1.05,2.94,0.06,1.46,2.8,1.87,0.0,0.88,0.07,0.0,2.04,0.0,0.0,0.0,0.0,0.0,0.0,1.0,1.0,0.0,1.0,1.0,1.0,0.0,1.0,0.0,0.0,1.0,0.0,0.0,0.0,0.219609580373541,22.300224214119417,20.429635336931586
7290,291.56,0.98,1,-0.077,0.301,0.105,0.01,-0.006,0.0,0.0,0.0,0.04,1.1,2.99,0.1,1.51,2.81,1.87,0.0,0.84,0.07,0.0,2.02,0.0,0.0,0.0,0.0,0.0,0.0,1.0,1.0,0.0,1.0,1.0,1.0,0.0,1.0,0.0,0.0,1.0,0.0,0.0,0.0,0.21874309172701234,23.500851048419502,19.936148073286468
7291,291.6,0.98,1,-0.087,0.299,0.099,0.01,0.009,0.0,0.0,0.0,0.0,1.08,2.88,0.12,1.38,2.76,1.81,0.0,0.77,0.07,0.0,2.07,0.0,0.0,0.0,0.0,0.0,0.0,1.0,1.0,0.0,1.0,1.0,1.0,0.0,1.0,0.0,0.0,1.0,0.0,0.0,0.0,0.22059244142261114,24.001874926763534,20.135789033459712
7292,291.64,0.98,1,-0.093,0.297,0.097,0.003,0.018,0.0,0.0,0.0,0.0,1.0,2.83,0.06,1.22,2.68,1.75,0.0,0.93,0.02,0.0,1.95,0.0,0.0,0.0,0.0,0.0,0.0,1.0,1.0,0.0,1.0,1.0,1.0,0.0,1.0,0.0,0.0,1.0,0.0,0.0,0.0,0.2171425721238779,24.40081965836403,20.71545316907145
7293,291.68,0.98,1,-0.087,0.295,0.101,0.002,0.02,0.0,0.0,0.0,0.0,0.93,2.76,0.02,1.17,2.6,1.77,0.0,0.97,0.05,0.0,1.95,0.0,0.0,0.0,0.0,0.0,0.0,1.0,1.0,0.0,1.0,1.0,1.0,0.0,1.0,0.0,0.0,1.0,0.0,0.0,0.0,0.21838674254351667,23.900209204105398,20.312065379965627
7294,291.72,0.98,1,-0.089,0.299,0.105,0.003,0.02,0.0,0.0,0.0,0.1,0.93,2.71,0.0,1.2,2.56,1.76,0.0,1.06,0.06,0.0,1.82,0.0,0.0,0.0,0.0,0.0,0.0,1.0,1.0,0.0,1.0,1.0,1.0,0.0,1.0,0.0,0.0,1.0,0.0,0.0,0.0,0.21880114647691173,24.20082643216967,21.215088969881833
7295,291.76,0.98,1,-0.087,0.296,0.098,-0.001,0.022,0.0,0.0,0.0,0.1,1.08,2.81,0.07,1.32,2.6,1.72,0.0,0.99,0.04,0.0,1.8,0.0,0.0,0.0,0.0,0.0,0.0,1.0,1.0,0.0,1.0,1.0,1.0,0.0,1.0,0.0,0.0,1.0,0.0,0.0,0.0,0.22192034073016992,24.20082643216967,20.811775512915716
7296,291.8,0.98,1,-0.098,0.29,0.099,0.01,-0.001,0.0,0.0,0.0,0.16,1.1,2.82,0.09,1.34,2.58,1.64,0.03,0.99,0.02,0.0,1.73,0.0,0.0,0.0,0.0,0.0,0.0,1.0,1.0,0.0,1.0,1.0,1.0,0.0,1.0,0.0,0.0,1.0,0.0,0.0,0.0,0.20987490988355156,24.501836665850174,20.81537893001225
7297,291.84,0.98,1,-0.104,0.275,0.103,0.011,0.009,0.0,0.0,0.0,0.06,1.01,2.64,0.09,1.3,2.53,1.61,0.03,0.98,0.02,0.04,1.66,0.0,0.0,0.0,0.0,0.0,0.0,1.0,1.0,0.0,1.0,1.0,1.0,0.0,1.0,0.0,0.0,1.0,0.0,0.0,0.0,0.22513785386979956,23.5,21.76648800335052
7298,291.88,0.98,1,-0.094,0.252,0.1,0.001,0.018,0.0,0.0,0.0,0.1,0.93,2.39,0.02,1.21,2.46,1.66,0.03,1.05,0.02,0.04,1.65,0.0,0.0,0.0,0.0,0.0,0.0,1.0,1.0,0.0,1.0,1.0,1.0,0.0,1.0,0.0,0.0,1.0,0.0,0.0,0.0,0.24351417903633063,23.000869548780106,23.1864184383875
7299,291.92,0.98,1,-0.091,0.269,0.093,0.006,-0.002,0.0,0.0,0.0,0.04,0.91,2.22,0.0,1.17,2.47,1.59,0.02,0.95,0.03,0.04,1.7,0.0,0.0,0.0,0.0,0.0,0.0,1.0,1.0,0.0,1.0,1.0,1.0,0.0,1.0,0.0,0.0,1.0,0.0,0.0,0.0,0.22795027543413093,23.205387305537297,22.84928882919572
7300,291.96,0.98,1,-0.079,0.261,0.101,0.006,0.009,0.0,0.0,0.0,0.03,0.95,2.35,0.07,1.14,2.43,1.51,0.02,1.06,0.14,0.01,1.71,0.0,0.0,0.0,0.0,0.0,0.0,1.0,1.0,0.0,1.0,1.0,1.0,0.0,1.0,0.0,0.0,1.0,0.0,0.0,0.0,0.24698405153113895,21.30023474049049,22.357325421436215
7301,292.0,0.98,1,-0.107,0.27,0.097,-0.002,0.021,0.0,0.0,0.0,0.03,0.98,2.5,0.1,1.15,2.43,1.44,0.02,1.04,0.18,0.01,1.61,0.0,0.0,0.0,0.0,0.0,0.0,1.0,1.0,0.0,1.0,1.0,1.0,0.0,1.0,0.0,0.0,1.0,0.0,0.0,0.0,0.2381627909954055,23.113848662652348,23.22606294661219
7302,292.04,0.98,1,-0.098,0.264,0.091,0.004,0.002,0.0,0.0,0.0,0.03,0.99,2.67,0.2,1.16,2.37,1.47,0.0,1.22,0.21,0.01,1.45,0.0,0.0,0.0,0.0,0.0,0.0,1.0,1.0,0.0,1.0,1.0,1.0,0.0,1.0,0.0,0.0,1.0,0.0,0.0,0.0,0.23792271668318216,23.81029189237288,22.631835983852614
7303,292.08,0.98,1,-0.095,0.265,0.097,-0.0,0.015,0.0,0.0,0.0,0.03,1.08,2.83,0.18,1.29,2.44,1.52,0.0,1.14,0.15,0.0,1.42,0.0,0.0,0.0,0.0,0.0,0.0,1.0,1.0,0.0,1.0,1.0,1.0,0.0,1.0,0.0,0.0,1.0,0.0,0.0,0.0,0.24397995472560513,22.005681084665387,23.44802763560282
7304,292.12,0.98,1,-0.092,0.268,0.094,0.006,-0.002,0.0,0.0,0.0,0.0,1.0,2.88,0.2,1.24,2.39,1.42,0.0,1.22,0.12,0.0,1.4,0.01,0.0,0.0,0.0,0.0,0.0,1.0,1.0,0.0,1.0,1.0,1.0,0.0,1.0,0.0,0.0,1.0,0.0,0.0,0.0,0.24005968313207135,23.313729860320457,23.04886114323222
7305,292.16,0.98,1,-0.092,0.268,0.1,0.002,0.013,0.0,0.0,0.0,0.01,0.89,2.78,0.18,1.12,2.34,1.29,0.0,1.23,0.09,0.05,1.5,0.07,0.0,0.0,0.0,0.0,0.0,1.0,1.0,0.0,1.0,1.0,1.0,0.0,1.0,0.0,0.0,1.0,0.0,0.0,0.0,0.24351011487958008,21.50581316760657,23.554405108174567
7306,292.2,0.98,1,-0.091,0.262,0.095,-0.005,0.022,0.0,0.0,0.0,0.01,0.86,2.73,0.16,1.05,2.33,1.29,0.0,1.26,0.08,0.05,1.49,0.07,0.0,0.0,0.0,0.0,0.0,1.0,1.0,0.0,1.0,1.0,1.0,0.0,1.0,0.0,0.0,1.0,0.0,0.0,0.0,0.2394170357164547,21.905707018948373,23.036709834522814
7307,292.24,0.98,1,-0.076,0.247,0.089,0.004,0.001,0.0,0.0,0.0,0.01,0.87,2.66,0.17,1.07,2.36,1.26,0.0,1.23,0.1,0.05,1.55,0.06,0.0,0.0,0.0,0.0,0.0,1.0,1.0,0.0,1.0,1.0,1.0,0.0,1.0,0.0,0.0,1.0,0.0,0.0,0.0,0.24507647696916635,19.7124326251227,22.54994456755936
7308,292.28,0.98,1,-0.103,0.292,0.091,0.006,0.015,0.0,0.0,0.0,0.0,0.93,2.14,0.09,1.26,2.48,1.38,0.0,1.23,0.07,0.0,1.52,0.0,0.65,0.0,0.0,0.0,0.0,1.0,1.0,0.0,1.0,1.0,1.0,0.0,1.0,0.0,0.0,1.0,0.0,0.0,0.0,0.20602531897051238,18.702406262296655,19.699999999999818
7309,292.32,0.98,1,-0.01,0.403,0.077,-0.015,0.03,0.08,0.0,0.0,0.0,0.89,1.66,0.05,1.37,2.54,1.55,0.0,1.24,0.14,0.0,1.64,0.0,1.42,0.0,0.0,0.0,0.0,1.0,1.0,0.0,1.0,1.0,1.0,0.0,1.0,0.0,0.0,1.0,0.0,0.0,0.0,0.16239229312474712,17.293929570806092,20.012246250733572
7310,292.36,0.98,1,-0.038,0.417,0.08,-0.004,0.009,0.09,0.0,0.0,0.0,0.92,1.62,0.11,1.45,2.59,1.76,0.0,1.22,0.24,0.0,1.6,0.0,1.77,0.0,0.0,0.0,0.0,1.0,1.0,0.0,1.0,1.0,1.0,0.0,1.0,0.0,0.0,1.0,0.0,0.0,0.0,0.1595071364783932,16.93074127142691,17.90251378996802
7311,292.4,0.98,1,-0.073,0.341,0.074,0.011,-0.0,0.09,0.0,0.0,0.0,1.04,2.24,0.21,1.35,2.52,1.74,0.0,1.25,0.24,0.0,1.6,0.01,1.26,0.0,0.0,0.0,0.0,1.0,1.0,0.0,1.0,1.0,1.0,0.0,1.0,0.0,0.0,1.0,0.0,0.0,0.0,0.16524768830869557,17.12921480979198,18.700000000000045
7312,292.44,0.98,1,-0.084,0.345,0.09,0.003,0.015,0.0,0.0,0.0,0.0,1.1,2.91,0.28,1.25,2.46,1.49,0.0,1.27,0.12,0.0,1.56,0.04,0.49,0.0,0.0,0.0,0.0,1.0,1.0,0.0,1.0,1.0,1.0,0.0,1.0,0.0,0.0,1.0,0.0,0.0,0.0,0.16385945511798145,17.202616080119952,16.90473306503227
7313,292.48,0.98,1,-0.086,0.309,0.094,0.003,0.021,0.0,0.0,0.0,0.0,1.03,3.01,0.25,1.11,2.4,1.29,0.0,1.31,0.0,0.0,1.59,0.1,0.14,0.0,0.0,0.0,0.0,1.0,1.0,0.0,1.0,1.0,1.0,0.0,1.0,0.0,0.0,1.0,0.0,0.0,0.0,0.17362394160189767,19.131649170941987,16.80119043401385
7314,292.52,0.98,1,-0.101,0.292,0.087,0.0,0.026,0.0,0.0,0.0,0.0,1.06,2.9,0.19,1.14,2.44,1.21,0.0,1.22,0.0,0.0,1.64,0.09,0.01,0.0,0.0,0.0,0.0,1.0,1.0,0.0,1.0,1.0,1.0,0.0,1.0,0.0,0.0,1.0,0.0,0.0,0.0,0.19926729677089727,20.62425756239496,18.40000000000009
7315,292.56,0.98,1,-0.087,0.294,0.098,0.011,-0.002,0.0,0.0,0.0,0.0,1.02,2.72,0.14,1.11,2.44,1.27,0.0,1.12,0.01,0.0,1.64,0.06,0.0,0.0,0.0,0.0,0.0,1.0,1.0,0.0,1.0,1.0,1.0,0.0,1.0,0.0,0.0,1.0,0.0,0.0,0.0,0.20111053424406275,22.510886255321005,17.900279327429367
7316,292.6,0.98,1,-0.111,0.274,0.091,0.005,0.016,0.0,0.0,0.0,0.0,1.02,2.69,0.11,1.08,2.42,1.26,0.0,1.08,0.02,0.0,1.7,0.05,0.0,0.0,0.0,0.0,0.0,1.0,1.0,0.0,1.0,1.0,1.0,0.0,1.0,0.0,0.0,1.0,0.0,0.0,0.0,0.21322503358100553,24.000833318866242,21.323461257497527
7317,292.64,0.98,1,-0.107,0.271,0.095,-0.002,0.022,0.0,0.0,0.0,0.0,0.97,2.8,0.12,1.1,2.4,1.31,0.0,1.06,0.02,0.0,1.65,0.05,0.0,0.0,0.0,0.0,0.0,1.0,1.0,0.0,1.0,1.0,1.0,0.0,1.0,0.0,0.0,1.0,0.0,0.0,0.0,0.2226263035790697,23.300858353288373,21.61480973777021
7318,292.68,0.98,1,-0.105,0.268,0.09,0.008,-0.0,0.0,0.0,0.0,0.0,0.97,2.62,0.09,1.07,2.41,1.19,0.0,0.97,0.01,0.0,1.66,0.11,0.0,0.0,0.0,0.0,0.0,1.0,1.0,0.0,1.0,1.0,1.0,0.0,1.0,0.0,0.0,1.0,0.0,0.0,0.0,0.21641553028630486,24.20185943269653,22.41807306616704
7319,292.72,0.98,1,-0.1,0.25,0.093,0.003,0.015,0.0,0.0,0.0,0.0,0.91,2.49,0.05,1.05,2.41,1.12,0.0,0.89,0.0,0.01,1.66,0.16,0.0,0.0,0.0,0.0,0.0,1.0,1.0,0.0,1.0,1.0,1.0,0.0,1.0,0.0,0.0,1.0,0.0,0.0,0.0,0.24015126101024276,23.60084744241203,21.932852071721182
7320,292.76,0.98,1,-0.095,0.258,0.096,-0.002,0.02,0.0,0.0,0.0,0.0,0.92,2.43,0.0,1.0,2.4,1.09,0.0,0.84,0.0,0.01,1.63,0.16,0.0,0.0,0.0,0.0,0.0,1.0,1.0,0.0,1.0,1.0,1.0,0.0,1.0,0.0,0.0,1.0,0.0,0.0,0.0,0.23057457798840236,23.700843866832916,21.22357180118375
7321,292.8,0.98,1,-0.105,0.269,0.094,0.006,0.001,0.0,0.0,0.0,0.0,0.89,2.56,0.0,0.99,2.41,1.11,0.0,0.85,0.0,0.04,1.71,0.15,0.0,0.0,0.0,0.0,0.0,1.0,1.0,0.0,1.0,1.0,1.0,0.0,1.0,0.0,0.0,1.0,0.0,0.0,0.0,0.2235311846185134,24.601829200285223,22.318154045530022
7322,292.84,0.98,1,-0.079,0.255,0.099,-0.001,0.017,0.0,0.0,0.0,0.0,1.03,2.64,0.07,1.05,2.42,1.31,0.0,0.82,0.0,0.03,1.6,0.06,0.0,0.0,0.0,0.0,0.0,1.0,1.0,0.0,1.0,1.0,1.0,0.0,1.0,0.0,0.0,1.0,0.0,0.0,0.0,0.23741855686987198,22.30560467685214,21.944703233354375
7323,292.88,0.98,1,-0.085,0.268,0.101,-0.0,0.0,0.0,0.0,0.0,0.0,0.91,2.61,0.07,1.05,2.41,1.29,0.0,0.84,0.03,0.06,1.72,0.09,0.0,0.0,0.0,0.0,0.0,1.0,1.0,0.0,1.0,1.0,1.0,0.0,1.0,0.0,0.0,1.0,0.0,0.0,0.0,0.22943614666435724,21.514878572745882,22.42231031807392
7324,292.92,0.98,1,-0.082,0.255,0.107,-0.002,0.015,0.0,0.0,0.0,0.06,0.97,2.61,0.09,1.09,2.36,1.46,0.0,0.86,0.13,0.03,1.54,0.03,0.0,0.0,0.0,0.0,0.0,1.0,1.0,0.0,1.0,1.0,1.0,0.0,1.0,0.0,0.0,1.0,0.0,0.0,0.0,0.23943445938717234,21.908217636311814,23.635777964771872
7325,292.96,0.98,1,-0.084,0.263,0.103,0.001,-0.0,0.0,0.0,0.0,0.06,0.84,2.43,0.02,1.1,2.35,1.3,0.0,0.89,0.13,0.06,1.62,0.14,0.0,0.0,0.0,0.0,0.0,1.0,1.0,0.0,1.0,1.0,1.0,0.0,1.0,0.0,0.0,1.0,0.0,0.0,0.0,0.2368740713032344,20.711832367031214,22.014540649307218
7326,293.0,0.98,1,-0.071,0.271,0.11,-0.004,0.015,0.0,0.0,0.0,0.12,0.89,2.4,0.02,1.18,2.31,1.39,0.0,0.81,0.18,0.03,1.45,0.12,0.0,0.0,0.0,0.0,0.0,1.0,1.0,0.0,1.0,1.0,1.0,0.0,1.0,0.0,0.0,1.0,0.0,0.0,0.0,0.24737891823794086,19.812369873389656,22.917678765529324
7327,293.04,0.98,1,-0.1,0.269,0.081,-0.005,-0.007,0.0,0.0,0.0,0.06,0.87,2.31,0.03,1.19,2.3,1.28,0.0,0.78,0.08,0.03,1.42,0.12,0.0,0.0,0.0,0.0,0.0,1.0,1.0,0.0,1.0,1.0,1.0,0.0,1.0,0.0,0.0,1.0,0.0,0.0,0.0,0.23862538428618535,22.90545786488438,22.949074055395005
7328,293.08,0.98,1,-0.078,0.268,0.09,0.01,-0.009,0.0,0.0,0.0,0.06,0.89,2.31,0.03,1.07,2.28,1.24,0.0,0.72,0.09,0.0,1.41,0.14,0.0,0.0,0.0,0.0,0.0,1.0,1.0,0.0,1.0,1.0,1.0,0.0,1.0,0.0,0.0,1.0,0.0,0.0,0.0,0.2379318009337065,20.60606706773531,22.42231031807392
7329,293.12,0.98,1,-0.075,0.264,0.109,0.0,0.007,0.0,0.0,0.0,0.0,0.82,2.33,0.03,0.81,2.28,1.04,0.0,0.74,0.0,0.0,1.52,0.24,0.0,0.0,0.0,0.0,0.0,1.0,1.0,0.0,1.0,1.0,1.0,0.0,1.0,0.0,0.0,1.0,0.0,0.0,0.0,0.2444935347555267,19.306475597581425,22.62211307548449
7330,293.16,0.98,1,-0.078,0.264,0.109,-0.003,0.017,0.0,0.0,0.0,0.0,0.8,2.44,0.0,0.73,2.3,0.99,0.0,0.63,0.0,0.0,1.59,0.39,0.0,0.0,0.0,0.0,0.0,1.0,1.0,0.0,1.0,1.0,1.0,0.0,1.0,0.0,0.0,1.0,0.0,0.0,0.0,0.2535610286402665,20.515603817582363,23.021728866442675
7331,293.2,0.98,1,-0.075,0.272,0.099,0.0,-0.001,0.0,0.0,0.0,0.0,0.77,2.54,0.0,0.76,2.28,0.96,0.0,0.58,0.0,0.0,1.7,0.5,0.0,0.0,0.0,0.0,0.0,1.0,1.0,0.0,1.0,1.0,1.0,0.0,1.0,0.0,0.0,1.0,0.0,0.0,0.0,0.2437385710809356,19.121192431435766,22.517992805754247
7332,293.24,0.98,1,-0.075,0.304,0.096,-0.003,0.017,0.0,0.0,0.0,0.0,0.77,2.57,0.0,1.0,2.31,1.18,0.0,0.39,0.0,0.0,1.71,0.61,0.0,0.0,0.0,0.0,0.0,1.0,1.0,0.0,1.0,1.0,1.0,0.0,0.0,0.0,0.0,1.0,0.0,0.0,0.0,0.22874243663714053,22.722015755649895,22.649724060129206
7333,293.28,0.98,1,-0.069,0.295,0.081,-0.001,-0.009,0.09,0.04,0.0,0.0,0.77,2.54,0.1,1.04,2.27,1.15,0.0,0.3,0.0,0.0,1.8,0.69,0.0,0.0,0.0,0.0,0.0,1.0,1.0,0.0,1.0,1.0,1.0,0.0,0.0,0.0,0.0,1.0,0.0,0.0,0.0,0.22779024411021268,22.803508501982712,21.315018179678095
7334,293.32,0.98,1,-0.071,0.324,0.091,0.014,-0.01,0.09,0.04,0.0,0.03,0.74,2.51,0.11,1.03,2.22,1.11,0.0,0.24,0.0,0.0,1.79,0.79,0.0,0.0,0.0,0.0,0.0,1.0,1.0,0.0,1.0,1.0,1.0,0.0,0.0,0.0,0.0,1.0,1.0,0.0,0.0,0.1937323752337352,22.701982292302187,21.745114393812738
7335,293.36,0.98,1,-0.075,0.306,0.099,-0.004,0.014,0.15,0.04,0.0,0.03,0.74,2.39,0.11,0.85,2.13,0.93,0.0,0.27,0.0,0.0,1.86,0.96,0.0,0.0,0.0,0.0,0.0,1.0,1.0,0.0,1.0,1.0,1.0,0.0,0.0,0.0,0.0,1.0,1.0,0.0,0.0,0.2247059384002308,22.703523955544917,20.447982785595347
7336,293.4,0.98,1,-0.072,0.34,0.099,0.003,0.001,0.05,0.0,0.0,0.03,0.56,2.28,0.01,0.66,2.06,0.7,0.0,0.39,0.0,0.0,1.87,1.12,0.0,0.0,0.0,0.0,0.0,1.0,1.0,0.0,1.0,1.0,1.0,0.0,0.0,0.0,0.0,1.0,1.0,0.0,0.0,0.19443371815526125,22.70088104017115,21.822923727126895
7337,293.44,0.98,1,-0.079,0.304,0.099,-0.004,0.02,0.05,0.0,0.0,0.0,0.56,2.39,0.0,0.7,2.08,0.77,0.0,0.35,0.0,0.0,1.86,1.15,0.0,0.0,0.0,0.0,0.0,1.0,1.0,0.0,1.0,1.0,1.0,0.0,0.0,0.0,0.0,1.0,1.0,0.0,0.0,0.22590465373568241,22.500888871331284,21.03425777154973
7338,293.48,0.98,1,-0.077,0.342,0.1,0.004,0.003,0.0,0.0,0.0,0.0,0.49,2.33,0.0,0.65,2.05,0.61,0.0,0.41,0.0,0.0,1.87,1.22,0.0,0.0,0.0,0.0,0.0,1.0,1.0,0.0,1.0,1.0,1.0,0.0,0.0,0.0,0.0,1.0,1.0,0.0,0.0,0.19390413956782881,22.50199991111901,21.428252378577074
7339,293.52,0.98,1,-0.071,0.308,0.104,-0.002,0.019,0.0,0.0,0.0,0.0,0.51,2.36,0.02,0.77,2.05,0.68,0.0,0.32,0.0,0.0,1.84,1.22,0.0,0.0,0.0,0.0,0.0,1.0,1.0,0.0,1.0,1.0,1.0,0.0,0.0,0.0,0.0,1.0,1.0,0.0,0.0,0.22029212299982492,22.700881040170923,20.519746587129188
7340,293.56,0.98,1,-0.075,0.317,0.099,0.002,0.004,0.0,0.03,0.0,0.0,0.42,2.29,0.02,0.63,1.97,0.61,0.0,0.38,0.0,0.0,1.8,1.28,0.0,0.0,0.0,0.0,0.0,1.0,1.0,0.0,1.0,1.0,1.0,0.0,0.0,0.0,0.0,1.0,1.0,0.0,0.0,0.2104738715066644,22.90087334579195,21.727862297060014
7341,293.6,0.98,1,-0.072,0.312,0.109,-0.005,0.017,0.0,0.03,0.0,0.0,0.46,2.49,0.07,0.66,1.99,0.7,0.0,0.3,0.0,0.0,1.74,1.23,0.0,0.0,0.0,0.0,0.0,1.0,1.0,0.0,1.0,1.0,1.0,0.0,0.0,0.0,0.0,1.0,1.0,0.0,0.0,0.223579656235357,23.300214591286448,20.3415830259102
7342,293.64,0.98,1,-0.073,0.316,0.11,0.002,0.001,0.0,0.1,0.0,0.0,0.45,2.52,0.09,0.57,1.95,0.65,0.0,0.36,0.0,0.0,1.74,1.25,0.07,0.0,0.0,0.0,0.0,1.0,1.0,0.0,0.0,1.0,1.0,0.0,0.0,0.0,0.0,1.0,1.0,0.0,0.0,0.21834400207053684,23.007824755939012,21.134095674998633
7343,293.68,0.98,1,-0.075,0.307,0.105,-0.008,0.019,0.13,0.22,0.0,0.0,0.48,2.36,0.09,0.73,2.02,0.73,0.0,0.26,0.0,0.0,1.81,1.16,0.69,0.0,0.0,0.0,0.0,1.0,1.0,0.0,0.0,1.0,1.0,0.0,0.0,0.0,0.0,1.0,1.0,0.0,0.0,0.2168552328305548,21.800917411889067,19.91607391028673
7344,293.72,0.98,1,-0.011,0.423,0.094,-0.004,0.007,0.35,0.33,0.0,0.0,0.41,1.94,0.03,0.73,2.07,0.89,0.0,0.2,0.0,0.0,1.91,1.07,1.4,0.0,0.0,0.0,0.0,1.0,1.0,0.0,0.0,1.0,1.0,0.0,0.0,0.0,0.0,1.0,1.0,0.0,1.0,0.1741458008854383,17.010584939971935,20.615528128088215
7345,293.76,0.98,1,-0.036,0.451,0.103,-0.006,0.0,0.55,0.33,0.0,0.0,0.41,1.56,0.0,0.77,2.08,1.1,0.0,0.18,0.0,0.0,1.87,0.92,1.9,0.0,0.0,0.0,0.0,1.0,1.0,0.0,0.0,1.0,1.0,0.0,0.0,0.0,0.0,1.0,1.0,0.0,1.0,0.16593910521366484,19.20520762709949,19.806312125178636
7346,293.8,0.98,1,-0.057,0.406,0.074,0.003,0.004,0.45,0.17,0.0,0.0,0.46,1.96,0.06,0.69,2.02,0.9,0.0,0.26,0.0,0.0,1.84,1.03,1.66,0.0,0.0,0.0,0.0,1.0,1.0,0.0,0.0,1.0,1.0,0.0,0.0,0.0,0.0,1.0,1.0,0.0,1.0,0.16120088956715478,17.880995498014045,18.61719635176029
7347,293.84,0.98,1,-0.065,0.359,0.089,-0.004,0.02,0.23,0.06,0.0,0.0,0.58,2.63,0.06,0.72,1.94,0.75,0.0,0.28,0.0,0.0,1.74,1.1,1.21,0.0,0.0,0.0,0.0,1.0,1.0,0.0,0.0,1.0,1.0,0.0,0.0,0.0,0.0,1.0,1.0,0.0,1.0,0.18544502193593593,16.600301202086573,19.216659439142944
7348,293.88,0.98,1,-0.08,0.365,0.098,0.001,0.005,0.02,0.0,0.0,0.0,0.59,2.99,0.06,0.7,1.91,0.51,0.0,0.23,0.0,0.0,1.81,1.28,0.67,0.0,0.0,0.0,0.0,1.0,1.0,0.0,0.0,1.0,1.0,0.0,0.0,0.0,0.0,1.0,1.0,0.0,1.0,0.1755102430814588,16.704789732289175,16.814577009249994
7349,293.92,0.98,1,-0.081,0.325,0.101,-0.01,0.021,0.0,0.0,0.0,0.0,0.59,2.96,0.0,0.75,1.94,0.55,0.0,0.17,0.0,0.0,1.79,1.2,0.28,0.0,0.0,0.0,0.0,1.0,1.0,0.0,0.0,1.0,1.0,0.0,0.0,0.0,0.0,1.0,1.0,0.0,1.0,0.20008881373445203,16.902662512160486,17.00735135169495
7350,293.96,0.98,1,-0.076,0.318,0.107,-0.002,0.006,0.0,0.0,0.0,0.0,0.49,2.61,0.0,0.62,1.87,0.44,0.0,0.19,0.0,0.0,1.84,1.22,0.11,0.0,0.0,0.0,0.0,1.0,1.0,0.0,0.0,1.0,1.0,0.0,0.0,0.0,0.0,1.0,1.0,0.0,0.0,0.20406485169531363,18.304371062672388,17.801123560045486
7351,294.0,0.98,1,-0.07,0.31,0.106,-0.009,0.019,0.0,0.0,0.0,0.0,0.48,2.53,0.0,0.63,1.89,0.54,0.0,0.18,0.0,0.0,1.86,1.08,0.17,0.0,0.0,0.0,0.0,1.0,1.0,0.0,0.0,1.0,1.0,0.0,0.0,0.0,0.0,1.0,1.0,0.0,0.0,0.20562310478392326,20.200990074746382,17.407182425654163
7352,294.04,0.98,1,-0.074,0.318,0.103,-0.002,0.007,0.0,0.0,0.0,0.0,0.54,2.26,0.0,0.56,1.88,0.66,0.0,0.11,0.0,0.0,1.86,1.15,0.17,0.0,0.0,0.0,0.0,1.0,1.0,0.0,0.0,1.0,1.0,0.0,0.0,0.0,0.0,1.0,1.0,0.0,0.0,0.20818092831434876,20.10099500024803,17.913681921927587
7353,294.08,0.98,1,-0.074,0.334,0.119,0.011,-0.009,0.0,0.0,0.0,0.0,0.58,2.3,0.0,0.68,1.93,0.69,0.0,0.08,0.0,0.0,1.9,1.26,0.08,0.0,0.0,0.0,0.0,1.0,1.0,0.0,0.0,1.0,1.0,0.0,0.0,0.0,0.0,1.0,1.0,0.0,0.0,0.2086380513957104,20.61552812808821,18.217573932881447
7354,294.12,0.98,1,-0.081,0.322,0.121,-0.005,0.014,0.0,0.0,0.0,0.0,0.68,2.46,0.0,0.76,1.89,0.73,0.0,0.04,0.0,0.0,1.93,1.39,0.0,0.0,0.0,0.0,0.0,1.0,1.0,0.0,0.0,1.0,1.0,0.0,0.0,0.0,0.0,1.0,1.0,0.0,0.0,0.21571756290966287,20.40612653102013,18.61316738225917
7355,294.16,0.98,1,-0.083,0.34,0.116,0.003,0.001,0.0,0.0,0.0,0.0,0.67,2.67,0.0,0.79,1.82,0.55,0.0,0.04,0.0,0.0,2.04,1.53,0.06,0.0,0.0,0.0,0.0,1.0,1.0,0.0,0.0,1.0,1.0,0.0,0.0,0.0,0.0,1.0,1.0,0.0,0.0,0.18695805085652445,20.515603817582363,18.013605968822567
7356,294.2,0.98,1,-0.075,0.334,0.122,-0.007,0.019,0.0,0.0,0.0,0.0,0.75,2.82,0.0,0.77,1.78,0.66,0.0,0.04,0.0,0.0,2.1,1.61,0.14,0.0,0.0,0.0,0.0,1.0,1.0,0.0,0.0,1.0,1.0,0.0,0.0,0.0,0.0,1.0,1.0,0.0,0.0,0.19511610165643362,19.901004999748217,17.80702108720036
7357,294.24,0.98,1,-0.045,0.357,0.112,-0.003,0.003,0.0,0.0,0.0,0.0,0.59,2.72,0.0,0.68,1.72,0.53,0.0,0.08,0.0,0.0,2.22,1.72,0.37,0.0,0.0,0.0,0.0,1.0,1.0,0.0,1.0,1.0,1.0,0.0,0.0,0.0,0.0,1.0,1.0,0.0,0.0,0.1932066980623945,18.506755523321747,18.299999999999955
7358,294.28,0.98,1,-0.023,0.396,0.108,-0.01,0.024,0.0,0.0,0.0,0.0,0.48,2.56,0.0,0.71,1.74,0.69,0.0,0.08,0.0,0.0,2.22,1.68,0.45,0.0,0.0,0.0,0.0,1.0,1.0,0.0,1.0,1.0,1.0,0.0,0.0,0.0,0.0,1.0,1.0,0.0,0.0,0.1768683636187412,18.104419349981836,19.842630873954143
7359,294.32,0.98,1,-0.017,0.376,0.098,-0.015,-0.005,0.22,0.21,0.0,0.0,0.37,2.53,0.0,0.75,1.76,0.67,0.0,0.03,0.0,0.0,2.27,1.63,0.57,0.0,0.0,0.0,0.0,1.0,1.0,0.0,1.0,1.0,1.0,0.0,0.0,0.0,0.0,1.0,1.0,0.0,1.0,0.184869967389857,17.20726590716822,19.420865068271386
7360,294.36,0.98,1,-0.034,0.393,0.109,0.003,-0.009,0.22,0.21,0.0,0.0,0.37,2.41,0.0,0.81,1.76,0.73,0.0,0.04,0.0,0.0,2.22,1.63,0.62,0.0,0.0,0.0,0.0,1.0,1.0,0.0,1.0,1.0,1.0,0.0,0.0,0.0,0.0,1.0,1.0,0.0,1.0,0.18528183445755558,18.206866836443698,19.520758181996925
7361,294.4,0.98,1,-0.02,0.386,0.099,-0.012,0.017,0.36,0.25,0.0,0.0,0.4,2.49,0.0,0.79,1.73,0.74,0.0,0.05,0.0,0.0,2.21,1.59,0.63,0.0,0.0,0.0,0.0,1.0,1.0,0.0,0.0,1.0,1.0,0.0,0.0,0.0,0.0,1.0,1.0,0.0,1.0,0.18592964522659303,17.507141400011598,20.024984394500787
7362,294.44,0.98,1,-0.028,0.393,0.109,-0.005,0.001,0.16,0.04,0.0,0.0,0.31,2.2,0.0,0.71,1.64,0.67,0.0,0.15,0.0,0.0,2.13,1.55,0.75,0.0,0.0,0.0,0.0,1.0,1.0,0.0,1.0,1.0,1.0,0.0,0.0,0.0,0.0,1.0,1.0,0.0,1.0,0.192960027091632,17.613914953808443,19.820443990990675
7363,294.48,0.98,1,-0.007,0.394,0.099,-0.01,0.021,0.34,0.17,0.0,0.0,0.32,2.22,0.01,0.74,1.67,0.78,0.0,0.2,0.0,0.0,2.09,1.36,0.75,0.0,0.0,0.0,0.0,1.0,1.0,0.0,0.0,1.0,1.0,0.0,0.0,0.0,0.0,1.0,1.0,0.0,1.0,0.18069696583415035,16.614752480852584,20.135789033459705
7364,294.52,0.98,1,-0.012,0.403,0.108,-0.005,0.002,0.21,0.16,0.0,0.0,0.23,1.89,0.01,0.78,1.63,0.67,0.0,0.24,0.0,0.0,1.96,1.27,0.95,0.0,0.0,0.0,0.0,1.0,1.0,0.0,0.0,1.0,1.0,0.0,0.0,0.0,0.0,1.0,1.0,0.0,1.0,0.18203697982158523,17.01881311960385,20.235612172603073
7365,294.56,0.98,1,0.012,0.369,0.092,-0.011,0.006,0.35,0.27,0.0,0.0,0.32,1.95,0.07,0.82,1.67,0.81,0.0,0.14,0.0,0.0,1.9,1.12,0.91,0.0,0.0,0.0,0.0,1.0,1.0,0.0,0.0,1.0,1.0,0.0,0.0,0.0,0.0,1.0,1.0,0.0,1.0,0.18607797989112274,17.63434149606967,20.030227157973023
7366,294.6,0.98,1,-0.015,0.392,0.096,-0.003,0.001,0.32,0.29,0.0,0.0,0.28,2.0,0.06,0.68,1.66,0.65,0.0,0.1,0.0,0.0,1.89,1.17,0.92,0.0,0.0,0.0,0.0,1.0,1.0,0.0,0.0,1.0,1.0,0.0,0.0,0.0,0.0,1.0,1.0,0.0,1.0,0.181544425176659,17.341568556506246,20.81946204876577
7367,294.64,0.98,1,-0.011,0.392,0.096,-0.009,0.018,0.37,0.27,0.0,0.0,0.36,2.09,0.06,0.73,1.74,0.74,0.0,0.06,0.0,0.0,1.93,1.08,0.86,0.0,0.0,0.0,0.0,1.0,1.0,0.0,0.0,1.0,1.0,0.0,0.0,0.0,0.0,1.0,1.0,0.0,1.0,0.1778969707972787,17.110523077919172,20.424495097798715
7368,294.68,0.98,1,0.002,0.371,0.086,-0.006,-0.009,0.34,0.27,0.0,0.0,0.37,2.05,0.0,0.81,1.79,0.76,0.0,0.06,0.0,0.0,1.97,0.98,0.87,0.0,0.0,0.0,0.0,1.0,1.0,0.0,1.0,1.0,1.0,0.0,0.0,0.0,0.0,1.0,1.0,0.0,1.0,0.19237558056804943,17.101169550647608,20.319940944796254
7369,294.72,0.98,1,0.007,0.385,0.092,0.007,-0.009,0.32,0.13,0.0,0.0,0.39,2.08,0.03,0.85,1.8,0.78,0.0,0.05,0.0,0.0,1.88,0.99,0.83,0.0,0.0,0.0,0.0,1.0,1.0,0.0,0.0,1.0,1.0,0.0,0.0,0.0,0.0,1.0,1.0,0.0,1.0,0.1835478164997218,18.85974549138981,21.108529081866546
7370,294.76,0.98,1,0.006,0.382,0.094,-0.011,0.017,0.35,0.11,0.0,0.0,0.41,2.25,0.03,0.84,1.75,0.7,0.0,0.04,0.0,0.0,1.8,1.04,0.74,0.0,0.0,0.0,0.0,1.0,1.0,0.0,0.0,1.0,1.0,0.0,0.0,0.0,0.0,1.0,1.0,0.0,1.0,0.17880052705651134,17.940178371465407,20.015993605114883
7371,294.8,0.98,1,0.016,0.353,0.081,-0.006,-0.006,0.37,0.01,0.0,0.0,0.44,2.41,0.03,0.77,1.73,0.72,0.0,0.06,0.0,0.0,1.74,1.06,0.74,0.0,0.0,0.0,0.0,1.0,1.0,0.0,0.0,1.0,1.0,0.0,0.0,0.0,0.0,1.0,1.0,0.0,1.0,0.20115238755393314,17.810109488714502,19.70634415613413
7372,294.84,0.98,1,-0.0,0.381,0.094,0.005,-0.005,0.34,0.18,0.0,0.0,0.41,2.03,0.01,0.9,1.78,0.78,0.0,0.06,0.0,0.0,1.76,0.9,1.2,0.0,0.0,0.0,0.0,0.0,1.0,0.0,0.0,1.0,1.0,0.0,0.0,0.0,0.0,1.0,1.0,0.0,1.0,0.18375303457681333,18.421997720117204,20.20618717126024
7373,294.88,0.98,1,-0.009,0.419,0.082,-0.026,0.011,0.59,0.37,0.0,0.0,0.28,1.38,0.01,0.94,1.84,0.99,0.0,0.08,0.0,0.0,1.86,0.82,1.79,0.0,1.0,0.0,0.0,0.0,1.0,0.0,0.0,1.0,1.0,0.0,0.0,0.0,0.0,1.0,1.0,0.0,1.0,0.18985423929802267,17.628386199536155,21.323461257497527
7374,294.92,0.98,1,-0.073,0.509,0.098,-0.001,-0.001,0.55,0.36,0.0,0.0,0.07,0.72,0.04,0.93,1.84,0.9,0.0,0.12,0.0,0.0,1.87,0.82,2.13,1.0,1.0,0.0,0.0,0.0,1.0,0.0,0.0,1.0,1.0,0.0,0.0,0.0,0.0,1.0,1.0,0.0,1.0,0.1601579708956673,16.56804152578089,19.243960091415737
7375,294.96,0.98,1,-0.092,0.476,0.083,-0.014,0.012,0.5,0.21,0.0,0.0,0.06,0.81,0.05,1.04,1.82,1.18,0.02,0.15,0.01,0.0,1.84,0.72,2.02,1.0,1.0,0.0,0.0,0.0,1.0,0.0,0.0,1.0,1.0,0.0,0.0,0.0,0.0,1.0,1.0,0.0,1.0,0.15373957489178813,17.184295155751865,18.317477992343772
7376,295.0,0.98,1,-0.03,0.433,0.072,-0.017,-0.003,0.26,0.06,0.0,0.0,0.17,1.13,0.13,0.94,1.78,1.09,0.02,0.2,0.01,0.0,1.88,0.62,1.94,0.0,1.0,0.0,0.0,0.0,1.0,0.0,0.0,1.0,1.0,0.0,0.0,0.0,0.0,1.0,0.0,0.0,1.0,0.16954656139037272,17.836199146679256,22.02271554554524
7377,295.04,0.98,1,-0.054,0.408,0.076,-0.007,0.0,0.22,0.11,0.0,0.0,0.35,1.74,0.16,0.96,1.8,1.17,0.02,0.19,0.01,0.0,1.91,0.66,1.71,0.0,1.0,0.0,0.0,0.0,1.0,0.0,0.0,1.0,1.0,0.0,0.0,0.0,0.0,1.0,1.0,0.0,1.0,0.17333296265439332,18.453184007103037,17.5823775411632
7378,295.08,0.98,1,-0.049,0.345,0.093,0.007,-0.006,0.16,0.1,0.0,0.0,0.46,2.19,0.16,0.85,1.8,0.88,0.0,0.22,0.0,0.0,1.9,0.78,1.42,0.0,0.0,0.0,0.0,1.0,1.0,0.0,0.0,1.0,1.0,0.0,0.0,0.0,0.0,1.0,0.0,0.0,1.0,0.18232407891999125,17.58237754116319,18.921416437465865
7379,295.12,0.98,1,-0.066,0.36,0.096,-0.011,0.019,0.05,0.05,0.0,0.0,0.53,2.9,0.1,0.77,1.82,0.84,0.0,0.26,0.0,0.0,1.86,0.93,0.95,0.0,0.0,0.0,0.0,1.0,1.0,0.0,1.0,1.0,1.0,0.0,0.0,0.0,0.0,1.0,0.0,0.0,1.0,0.17558227016988032,15.72577502064688,17.202616080119952
7380,295.16,0.98,1,-0.064,0.369,0.109,0.0,0.002,0.0,0.0,0.0,0.0,0.47,3.09,0.04,0.75,1.77,0.65,0.0,0.33,0.0,0.0,1.74,0.91,0.71,0.0,0.0,0.0,0.0,1.0,1.0,0.0,1.0,1.0,1.0,0.0,0.0,0.0,0.0,1.0,1.0,0.0,1.0,0.16774678290567163,16.315023751131918,17.9011172835665
7381,295.2,0.98,1,-0.057,0.349,0.103,-0.004,0.023,0.0,0.0,0.0,0.0,0.55,3.22,0.01,0.68,1.73,0.84,0.0,0.3,0.0,0.0,1.59,0.92,0.4,0.0,0.0,0.0,0.0,1.0,1.0,0.0,1.0,1.0,1.0,0.0,0.0,0.0,0.0,1.0,0.0,0.0,1.0,0.18429124251667417,18.01776900728833,18.001111076819676
7382,295.24,0.98,1,-0.054,0.326,0.086,-0.004,-0.002,0.04,0.08,0.0,0.0,0.57,2.93,0.09,0.7,1.69,0.82,0.0,0.22,0.0,0.0,1.54,0.9,0.24,0.0,0.0,0.0,0.0,1.0,1.0,0.0,1.0,1.0,1.0,0.0,0.0,0.0,0.0,1.0,0.0,0.0,0.0,0.1864911969469527,19.22108217556966,19.106543381784068
7383,295.28,0.98,1,-0.041,0.33,0.109,0.008,-0.003,0.04,0.08,0.0,0.0,0.63,2.79,0.09,0.79,1.69,0.96,0.0,0.17,0.04,0.0,1.58,0.84,0.11,0.0,0.0,0.0,0.0,1.0,1.0,0.0,1.0,1.0,1.0,0.0,0.0,0.0,0.0,1.0,0.0,0.0,0.0,0.194696259069279,18.713097017864072,19.604081207748692
7384,295.32,0.98,1,-0.054,0.328,0.084,-0.007,0.013,0.04,0.08,0.0,0.0,0.59,2.73,0.09,0.77,1.71,0.83,0.0,0.1,0.04,0.0,1.7,0.76,0.3,0.0,0.0,0.0,0.0,1.0,1.0,0.0,1.0,1.0,1.0,0.0,0.0,0.0,0.0,1.0,0.0,0.0,0.0,0.18962173860519235,19.70634415613413,19.609181522949815
7385,295.36,0.98,1,-0.042,0.344,0.098,0.007,-0.001,0.0,0.0,0.0,0.0,0.47,2.52,0.0,0.87,1.72,0.82,0.0,0.15,0.04,0.0,1.59,0.72,0.45,0.0,0.0,0.0,0.0,1.0,1.0,0.0,1.0,1.0,1.0,0.0,0.0,0.0,0.0,1.0,0.0,0.0,0.0,0.19882427768967065,19.525624189766635,19.60408120774846
7386,295.4,0.98,1,-0.045,0.334,0.077,-0.011,0.014,0.01,0.0,0.0,0.0,0.45,2.62,0.0,0.81,1.73,0.86,0.0,0.15,0.0,0.0,1.52,0.76,0.67,0.0,0.0,0.0,0.0,1.0,1.0,0.0,0.0,1.0,1.0,0.0,0.0,0.0,0.0,1.0,0.0,0.0,0.0,0.20231627732821106,18.52187895436098,19.60025510038062
7387,295.44,0.98,1,-0.037,0.373,0.097,0.009,0.001,0.01,0.0,0.0,0.0,0.35,2.32,0.0,0.79,1.69,0.89,0.0,0.32,0.01,0.0,1.29,0.79,0.74,0.0,0.0,0.0,0.0,1.0,1.0,0.0,0.0,1.0,1.0,0.0,0.0,0.0,0.0,1.0,0.0,0.0,0.0,0.16976892388480236,20.335437049643126,19.100261778310927
7388,295.48,0.98,1,-0.041,0.339,0.075,-0.013,0.017,0.01,0.0,0.0,0.0,0.41,2.51,0.0,0.67,1.7,0.94,0.0,0.4,0.01,0.0,1.18,0.77,0.65,0.0,0.0,0.0,0.0,1.0,1.0,0.0,0.0,1.0,1.0,0.0,0.0,0.0,0.0,0.0,0.0,0.0,0.0,0.19849825424976425,18.817013578142475,19.602295783912798
7389,295.52,0.98,1,-0.03,0.355,0.089,0.002,0.005,0.0,0.0,0.0,0.0,0.33,2.16,0.0,0.56,1.64,0.96,0.0,0.61,0.01,0.06,1.04,0.66,0.54,0.0,0.0,0.0,0.0,1.0,1.0,0.0,0.0,1.0,1.0,0.0,0.0,0.0,0.0,0.0,0.0,0.0,0.0,0.18899870059883878,19.625493624365358,19.60229578391257
7390,295.56,0.98,1,-0.041,0.329,0.07,-0.016,0.019,0.0,0.0,0.0,0.0,0.38,2.26,0.0,0.62,1.61,1.15,0.0,0.6,0.0,0.06,0.97,0.66,0.37,0.0,0.0,0.0,0.0,1.0,1.0,0.0,0.0,1.0,1.0,0.0,0.0,0.0,0.0,0.0,0.0,0.0,0.0,0.20186324755813756,19.30932417253403,19.70025380547169
7391,295.6,0.98,1,-0.032,0.348,0.08,-0.0,-0.007,0.08,0.03,0.0,0.0,0.42,2.19,0.0,0.66,1.62,1.18,0.0,0.59,0.0,0.06,0.98,0.62,0.52,0.0,0.0,0.0,0.0,1.0,1.0,0.0,0.0,1.0,1.0,0.0,0.0,0.0,0.0,0.0,0.0,0.0,0.0,0.1967263983633325,20.024984394500787,20.102238681301053
7392,295.64,0.98,1,-0.033,0.357,0.076,0.009,0.004,0.08,0.07,0.0,0.03,0.41,2.35,0.0,0.67,1.63,1.12,0.0,0.48,0.04,0.0,0.97,0.66,0.67,0.0,0.0,0.0,0.0,1.0,1.0,0.0,0.0,1.0,1.0,0.0,0.0,0.0,0.0,0.0,0.0,0.0,0.0,0.17433259325967904,19.72536438193203,19.30103624161144
7393,295.68,0.98,1,-0.043,0.33,0.076,-0.01,0.011,0.13,0.14,0.0,0.03,0.37,2.33,0.0,0.6,1.69,1.03,0.0,0.45,0.04,0.0,1.1,0.64,0.67,0.0,0.0,0.0,0.0,1.0,1.0,0.0,0.0,1.0,1.0,0.0,0.0,0.0,0.0,0.0,0.0,0.0,0.0,0.20763666088177757,19.812369873389656,20.002249873451735
7394,295.72,0.98,1,-0.023,0.366,0.096,0.006,-0.001,0.06,0.15,0.0,0.07,0.27,2.34,0.0,0.6,1.63,0.95,0.0,0.48,0.07,0.0,1.05,0.63,0.55,0.0,0.0,0.0,0.0,1.0,1.0,0.0,0.0,1.0,1.0,0.0,0.0,0.0,0.0,1.0,0.0,0.0,0.0,0.16928431784137876,20.519746587129188,19.401030900444304
7395,295.76,0.98,1,-0.048,0.337,0.076,-0.01,0.013,0.06,0.14,0.0,0.04,0.36,2.47,0.02,0.61,1.67,0.98,0.0,0.45,0.03,0.0,1.16,0.59,0.41,0.0,0.0,0.0,0.0,1.0,1.0,0.0,0.0,1.0,1.0,0.0,0.0,0.0,0.0,1.0,0.0,0.0,0.0,0.20651900479436222,18.72164522684887,19.804039991880625
7396,295.8,0.98,1,-0.036,0.367,0.09,0.004,0.003,0.01,0.13,0.0,0.04,0.29,2.34,0.02,0.57,1.67,0.77,0.0,0.57,0.03,0.0,1.14,0.62,0.51,0.0,0.0,0.0,0.0,1.0,1.0,0.0,0.0,1.0,1.0,0.0,0.0,0.0,0.0,1.0,0.0,0.0,0.0,0.17493226707432213,19.84263087395415,20.0
7397,295.84,0.98,1,-0.05,0.352,0.082,-0.006,0.024,0.06,0.09,0.0,0.0,0.33,2.38,0.02,0.61,1.65,0.86,0.0,0.5,0.0,0.0,1.12,0.54,0.38,0.0,0.0,0.0,0.0,1.0,1.0,0.0,0.0,1.0,1.0,0.0,0.0,0.0,0.0,1.0,0.0,0.0,0.0,0.1946054973924928,19.736514383243883,19.201041638411
7398,295.88,0.98,1,-0.052,0.335,0.071,0.001,-0.003,0.16,0.12,0.0,0.0,0.28,2.22,0.0,0.65,1.63,0.92,0.0,0.52,0.0,0.0,1.03,0.53,0.32,0.0,0.0,0.0,0.0,1.0,1.0,0.0,0.0,1.0,1.0,0.0,0.0,0.0,0.0,1.0,0.0,0.0,0.0,0.20272772500612643,18.713097017864072,19.20416621465253
7399,295.92,0.98,1,-0.043,0.349,0.085,0.008,-0.002,0.16,0.06,0.0,0.0,0.32,2.23,0.0,0.72,1.6,0.99,0.0,0.46,0.0,0.0,0.96,0.47,0.25,0.0,0.0,0.0,0.0,1.0,1.0,0.0,0.0,1.0,1.0,0.0,0.0,0.0,0.0,1.0,0.0,0.0,0.0,0.19187194340893934,20.012246250733575,18.902380802428127
7400,295.96,0.98,1,-0.052,0.336,0.069,-0.013,0.013,0.13,0.06,0.0,0.0,0.3,2.26,0.04,0.7,1.64,0.8,0.0,0.52,0.0,0.0,0.96,0.51,0.28,0.0,0.0,0.0,0.0,1.0,1.0,0.0,0.0,1.0,1.0,0.0,0.0,0.0,0.0,1.0,0.0,0.0,0.0,0.2064815162548705,19.00657780874821,19.00236827345476
7401,296.0,0.98,1,-0.05,0.361,0.091,0.004,0.0,0.03,0.0,0.0,0.0,0.26,2.31,0.04,0.61,1.59,0.48,0.0,0.64,0.0,0.0,0.96,0.63,0.35,0.0,0.0,0.0,0.0,1.0,1.0,0.0,0.0,1.0,1.0,0.0,0.0,0.0,0.0,1.0,0.0,0.0,0.0,0.1959646313699551,18.951780918953098,20.600242717016847
7402,296.04,0.98,1,-0.063,0.372,0.091,-0.003,0.02,0.09,0.0,0.0,0.0,0.31,2.45,0.04,0.69,1.59,0.48,0.0,0.55,0.07,0.0,0.9,0.57,0.31,0.0,0.0,0.0,0.0,1.0,1.0,0.0,0.0,1.0,1.0,0.0,0.0,0.0,0.0,1.0,0.0,0.0,0.0,0.1723293229023247,18.76006396577563,19.701015202268177
7403,296.08,0.98,1,-0.055,0.341,0.081,-0.005,-0.003,0.19,0.0,0.0,0.0,0.31,2.45,0.0,0.65,1.62,0.47,0.0,0.5,0.07,0.0,0.98,0.58,0.3,0.0,0.0,0.0,0.0,1.0,1.0,0.0,0.0,1.0,1.0,0.0,0.0,0.0,0.0,1.0,0.0,0.0,0.0,0.20576459123386748,19.657314160383063,19.70025380547169
7404,296.12,0.98,1,-0.054,0.356,0.092,0.005,-0.002,0.19,0.0,0.0,0.0,0.31,2.49,0.0,0.66,1.65,0.56,0.0,0.38,0.07,0.0,1.03,0.62,0.23,0.0,0.0,0.0,0.0,1.0,1.0,0.0,0.0,1.0,1.0,0.0,0.0,0.0,0.0,1.0,0.0,0.0,0.0,0.20367229989334984,19.16689854932209,19.401030900444304
7405,296.16,0.98,1,-0.062,0.375,0.095,-0.005,0.021,0.14,0.0,0.0,0.0,0.25,2.4,0.0,0.55,1.66,0.66,0.0,0.37,0.0,0.0,1.08,0.78,0.36,0.0,0.0,0.0,0.0,1.0,1.0,0.0,0.0,1.0,1.0,0.0,0.0,0.0,0.0,1.0,0.0,0.0,0.0,0.17562414899227713,18.951780918953325,19.40644222932155
7406,296.2,0.98,1,-0.051,0.346,0.077,-0.009,-0.001,0.15,0.03,0.0,0.0,0.27,2.28,0.03,0.53,1.62,0.75,0.0,0.33,0.0,0.0,1.11,0.78,0.39,0.0,0.0,0.0,0.0,1.0,1.0,0.0,0.0,1.0,1.0,0.0,0.0,0.0,0.0,1.0,0.0,0.0,0.0,0.2061449679559228,18.532673849177836,20.000249998437518
7407,296.24,0.98,1,-0.054,0.363,0.097,0.008,-0.006,0.15,0.03,0.0,0.0,0.33,2.27,0.05,0.57,1.62,0.73,0.0,0.32,0.0,0.0,1.1,0.79,0.32,0.0,0.0,0.0,0.0,1.0,1.0,0.0,0.0,1.0,1.0,0.0,0.0,0.0,0.0,1.0,0.0,0.0,0.0,0.19928731141210324,18.346116755324495,19.302331465395756
7408,296.28,0.98,1,-0.066,0.312,0.103,-0.006,0.017,0.13,0.03,0.0,0.0,0.39,2.49,0.05,0.56,1.61,0.65,0.0,0.36,0.0,0.0,1.08,0.7,0.09,0.0,0.0,0.0,0.0,1.0,1.0,0.0,0.0,1.0,1.0,0.0,0.0,0.0,0.0,1.0,0.0,0.0,0.0,0.22484902458387818,19.601020381602495,19.525624189766635
7409,296.32,0.98,1,-0.073,0.31,0.09,-0.005,-0.005,0.0,0.0,0.0,0.0,0.49,2.75,0.08,0.51,1.6,0.63,0.0,0.37,0.0,0.0,1.02,0.77,0.01,0.0,0.0,0.0,0.0,1.0,1.0,0.0,0.0,1.0,1.0,0.0,0.0,0.0,0.0,1.0,0.0,0.0,0.0,0.2318777575171309,22.011133546457803,20.22003956474868
7410,296.36,0.98,1,-0.079,0.324,0.105,0.014,-0.011,0.0,0.0,0.0,0.0,0.44,2.91,0.06,0.48,1.61,0.79,0.0,0.4,0.0,0.0,1.04,0.73,0.0,0.0,0.0,0.0,0.0,1.0,1.0,0.0,0.0,1.0,1.0,0.0,0.0,0.0,0.0,1.0,0.0,0.0,0.0,0.1993297312489888,23.101947969814056,21.92281916177762
7411,296.4,0.98,1,-0.069,0.303,0.102,-0.007,0.018,0.0,0.0,0.0,0.0,0.44,2.82,0.08,0.52,1.59,0.69,0.0,0.38,0.0,0.0,1.08,0.73,0.0,0.0,0.0,0.0,0.0,1.0,1.0,0.0,0.0,1.0,1.0,0.0,0.0,0.0,0.0,1.0,0.0,0.0,0.0,0.24376760553730653,22.800219297191163,20.32978111047923
7412,296.44,0.98,1,-0.089,0.316,0.095,-0.005,-0.006,0.06,0.06,0.0,0.03,0.4,2.94,0.09,0.59,1.59,0.77,0.0,0.37,0.0,0.0,1.2,0.69,0.0,0.0,0.0,0.0,0.0,1.0,1.0,0.0,0.0,1.0,1.0,0.0,0.0,0.0,0.0,1.0,0.0,0.0,0.0,0.22933357351985195,22.70352395554492,21.758906222510404
7413,296.48,0.98,1,-0.085,0.328,0.102,0.012,-0.005,0.06,0.06,0.0,0.03,0.35,2.84,0.09,0.58,1.56,0.66,0.01,0.37,0.0,0.0,1.21,0.69,0.0,0.0,0.0,0.0,0.0,1.0,1.0,0.0,0.0,1.0,1.0,0.0,0.0,0.0,0.0,1.0,0.0,0.0,0.0,0.20799143699351108,23.300000000000182,22.244100341438894
7414,296.52,0.98,1,-0.074,0.313,0.109,-0.008,0.019,0.06,0.2,0.0,0.03,0.29,2.89,0.08,0.56,1.56,0.76,0.01,0.45,0.0,0.0,1.23,0.71,0.0,0.0,0.0,0.0,0.0,0.0,1.0,0.0,0.0,1.0,1.0,0.0,0.0,0.0,0.0,1.0,0.0,0.0,0.0,0.23787072724030792,22.205629916757644,22.350391495452783
7415,296.56,0.98,1,-0.096,0.325,0.094,-0.009,-0.005,0.02,0.34,0.0,0.02,0.19,2.87,0.09,0.55,1.58,0.75,0.01,0.47,0.0,0.0,1.18,0.75,0.0,0.0,0.0,0.0,0.0,0.0,1.0,0.0,0.0,1.0,1.0,0.0,0.0,0.0,0.0,1.0,0.0,0.0,0.0,0.22529931710072743,22.300224214119417,21.758906222510404
7416,296.6,0.98,1,-0.066,0.317,0.106,0.006,-0.004,0.12,0.42,0.0,0.02,0.18,2.53,0.09,0.66,1.65,0.82,0.0,0.42,0.0,0.0,1.21,0.74,0.52,0.0,0.0,0.0,0.0,0.0,1.0,0.0,0.0,1.0,1.0,0.0,0.0,0.0,0.0,1.0,0.0,0.0,0.0,0.23337468698959368,22.30089684295226,21.12865353021829
7417,296.64,0.98,1,-0.007,0.407,0.077,-0.018,0.015,0.23,0.41,0.0,0.02,0.17,2.01,0.14,0.82,1.75,0.98,0.0,0.3,0.08,0.0,1.27,0.63,1.3,0.0,0.0,0.0,0.0,0.0,1.0,0.0,0.0,1.0,1.0,0.0,0.0,0.0,0.0,1.0,0.0,0.0,1.0,0.1929505997493468,18.027756377319946,22.200900882621905
7418,296.68,0.98,1,-0.014,0.448,0.086,-0.029,0.001,0.35,0.34,0.0,0.0,0.22,1.59,0.09,0.9,1.78,1.07,0.0,0.31,0.08,0.0,1.32,0.5,1.96,0.0,0.0,0.0,0.0,0.0,1.0,0.0,0.0,1.0,1.0,0.0,0.0,0.0,0.0,1.0,0.0,0.0,1.0,0.1702781924750631,15.394154734833556,20.711832367031214
7419,296.72,0.98,1,-0.064,0.415,0.082,0.001,0.001,0.25,0.27,0.0,0.0,0.37,1.93,0.14,1.04,1.8,1.25,0.0,0.34,0.08,0.0,1.27,0.5,1.62,0.0,0.0,0.0,0.0,1.0,1.0,0.0,0.0,1.0,1.0,0.0,0.0,0.0,0.0,1.0,0.0,0.0,1.0,0.17237288102677348,15.620499351813221,18.7216452268491
7420,296.76,0.98,1,-0.074,0.339,0.092,-0.017,0.008,0.14,0.13,0.0,0.0,0.47,2.63,0.15,0.84,1.77,1.04,0.0,0.46,0.0,0.0,1.22,0.69,0.85,0.0,0.0,0.0,0.0,1.0,1.0,0.0,0.0,1.0,1.0,0.0,0.0,0.0,0.0,1.0,0.0,0.0,1.0,0.19485129101232534,17.847408775505937,17.02380685980665
7421,296.8,0.98,1,-0.085,0.328,0.116,0.004,-0.004,0.0,0.0,0.0,0.06,0.41,2.88,0.13,0.76,1.73,0.85,0.0,0.53,0.0,0.0,1.16,0.91,0.18,0.0,0.0,0.0,0.0,1.0,1.0,0.0,0.0,1.0,1.0,0.0,0.0,0.0,0.0,1.0,0.0,0.0,0.0,0.20156350585890653,18.732325002519087,17.90000000000009
7422,296.84,0.98,1,-0.099,0.283,0.103,-0.005,0.02,0.0,0.05,0.0,0.06,0.36,3.07,0.12,0.62,1.66,0.78,0.0,0.52,0.0,0.0,1.18,0.89,0.0,0.0,0.0,0.0,0.0,1.0,1.0,0.0,0.0,1.0,1.0,0.0,0.0,0.0,0.0,1.0,0.0,0.0,0.0,0.21375687564436002,21.211553455605316,20.90598000573028
7423,296.88,0.98,1,-0.098,0.282,0.091,-0.005,-0.005,0.07,0.18,0.0,0.09,0.36,2.87,0.06,0.68,1.68,0.84,0.0,0.42,0.0,0.0,1.22,0.83,0.0,0.0,0.0,0.0,0.0,1.0,1.0,0.0,0.0,1.0,1.0,0.0,0.0,0.0,0.0,1.0,0.0,0.0,0.0,0.22700473145651684,22.122612865572776,21.52812114421507
7424,296.92,0.98,1,-0.099,0.29,0.104,0.009,-0.005,0.07,0.18,0.0,0.02,0.32,2.75,0.06,0.66,1.66,0.8,0.0,0.42,0.0,0.0,1.25,0.83,0.0,0.0,0.0,0.0,0.0,1.0,1.0,0.0,0.0,1.0,1.0,0.0,0.0,0.0,0.0,1.0,0.0,0.0,0.0,0.21375068088136362,23.199999999999818,21.92281916177762
7425,296.96,0.98,1,-0.088,0.275,0.107,-0.009,0.018,0.07,0.13,0.0,0.02,0.34,2.65,0.07,0.76,1.69,0.75,0.0,0.41,0.0,0.0,1.27,0.78,0.0,0.0,0.0,0.0,0.0,1.0,1.0,0.0,0.0,1.0,1.0,0.0,0.0,0.0,0.0,1.0,0.0,0.0,0.0,0.2332339725022768,20.611889772652972,21.92281916177762
7426,297.0,0.98,1,-0.084,0.272,0.089,-0.008,-0.005,0.04,0.0,0.0,0.0,0.37,2.64,0.1,0.79,1.68,0.67,0.0,0.36,0.0,0.0,1.4,0.82,0.0,0.0,0.0,0.0,0.0,1.0,1.0,0.0,0.0,1.0,1.0,0.0,0.0,0.0,0.0,1.0,0.0,0.0,0.0,0.2338126403139988,20.102238681301284,23.04886114323222
7427,297.04,0.98,1,-0.084,0.259,0.096,0.004,-0.002,0.04,0.0,0.0,0.0,0.42,2.71,0.11,0.82,1.7,0.69,0.0,0.4,0.0,0.0,1.45,0.81,0.0,0.0,0.0,0.0,0.0,1.0,1.0,0.0,0.0,1.0,1.0,0.0,0.0,0.0,0.0,1.0,0.0,0.0,0.0,0.23217547654762022,21.900913222968445,21.433618453261555
7428,297.08,0.98,1,-0.071,0.259,0.113,-0.016,0.019,0.04,0.0,0.0,0.0,0.39,2.6,0.07,0.8,1.7,0.71,0.02,0.4,0.0,0.0,1.43,0.82,0.0,0.0,0.0,0.0,0.0,1.0,1.0,0.0,0.0,1.0,1.0,0.0,0.0,0.0,0.0,1.0,0.0,0.0,0.0,0.24764207777376196,17.318487231857134,22.16528817768914
7429,297.12,0.98,1,-0.08,0.271,0.088,-0.013,-0.004,0.0,0.0,0.0,0.0,0.37,2.65,0.01,0.87,1.69,0.77,0.06,0.47,0.0,0.0,1.42,0.77,0.0,0.0,0.0,0.0,0.0,1.0,1.0,0.0,1.0,1.0,1.0,0.0,0.0,0.0,0.0,1.0,0.0,0.0,0.0,0.24180554965882795,19.60408120774846,23.57668339694962
7430,297.16,0.98,1,-0.071,0.262,0.101,-0.0,-0.005,0.0,0.0,0.0,0.0,0.37,2.63,0.02,0.88,1.67,0.8,0.06,0.4,0.0,0.0,1.44,0.83,0.0,0.0,0.0,0.0,0.0,1.0,1.0,0.0,0.0,1.0,1.0,0.0,0.0,0.0,0.0,1.0,0.0,0.0,0.0,0.24580730254397762,18.00444389588304,21.982265579325393
7431,297.2,0.98,1,-0.064,0.258,0.11,-0.015,0.018,0.0,0.0,0.0,0.0,0.38,2.53,0.06,0.9,1.65,0.76,0.07,0.41,0.0,0.0,1.5,0.84,0.0,0.0,0.0,0.0,0.0,1.0,1.0,0.0,0.0,1.0,1.0,0.0,0.0,0.0,0.0,1.0,0.0,0.0,0.0,0.24925906713413293,17.510282693320516,22.051077071199945
7432,297.24,0.98,1,-0.083,0.275,0.091,-0.013,-0.005,0.04,0.09,0.0,0.0,0.38,2.61,0.13,0.81,1.66,0.78,0.03,0.41,0.0,0.0,1.46,0.82,0.0,0.0,0.0,0.0,0.0,1.0,1.0,0.0,1.0,1.0,1.0,0.0,0.0,0.0,0.0,1.0,0.0,0.0,0.0,0.25217943622807454,20.2121250738264,22.6715680975094
7433,297.28,0.98,1,-0.051,0.279,0.111,0.004,-0.007,0.04,0.09,0.0,0.0,0.33,2.66,0.17,0.81,1.69,0.72,0.07,0.45,0.0,0.0,1.44,0.78,0.0,0.0,0.0,0.0,0.0,1.0,1.0,0.0,0.0,1.0,1.0,0.0,0.0,0.0,0.0,1.0,0.0,0.0,0.0,0.2509659063415042,17.913681921927807,22.779376637651914
7434,297.32,0.98,1,-0.07,0.295,0.107,-0.011,0.02,0.04,0.09,0.0,0.0,0.33,2.7,0.18,0.75,1.68,0.77,0.04,0.42,0.0,0.0,1.4,0.81,0.0,0.0,0.0,0.0,0.0,1.0,1.0,0.0,0.0,1.0,1.0,0.0,0.0,0.0,0.0,1.0,0.0,0.0,0.0,0.25057994205652745,19.116746585128055,23.1864184383875
7435,297.36,0.98,1,-0.081,0.29,0.086,-0.005,-0.005,0.06,0.01,0.0,0.01,0.34,2.66,0.18,0.73,1.68,0.7,0.04,0.43,0.0,0.0,1.37,0.77,0.0,0.0,0.0,0.0,0.0,1.0,1.0,0.0,0.0,1.0,1.0,0.0,0.0,0.0,0.0,1.0,0.0,0.0,0.0,0.23315270508610272,22.50022222112484,22.25061796894621
7436,297.4,0.98,1,-0.082,0.311,0.095,0.013,-0.006,0.06,0.01,0.0,0.04,0.36,2.54,0.14,0.75,1.68,0.68,0.0,0.4,0.0,0.0,1.33,0.78,0.0,0.0,0.0,0.0,0.0,1.0,1.0,0.0,0.0,1.0,1.0,0.0,0.0,0.0,0.0,1.0,0.0,0.0,0.0,0.21345623533346791,23.10086578464097,23.04886114323222
7437,297.44,0.98,1,-0.067,0.304,0.107,-0.006,0.018,0.06,0.01,0.0,0.06,0.38,2.67,0.13,0.76,1.7,0.65,0.0,0.41,0.0,0.0,1.31,0.76,0.0,0.0,0.0,0.0,0.0,1.0,1.0,0.0,0.0,1.0,1.0,0.0,0.0,0.0,0.0,1.0,0.0,0.0,0.0,0.23975618405845034,21.5188289644209,22.272853431924744
7438,297.48,0.98,1,-0.085,0.297,0.089,-0.004,-0.006,0.06,0.0,0.0,0.05,0.39,2.72,0.14,0.77,1.7,0.7,0.0,0.37,0.0,0.0,1.35,0.87,0.0,0.0,0.0,0.0,0.0,1.0,1.0,0.0,0.0,1.0,1.0,0.0,0.0,0.0,0.0,1.0,0.0,0.0,0.0,0.23207629872627694,22.50022222112484,22.450167037240593
7439,297.52,0.98,1,-0.086,0.293,0.096,0.01,-0.005,0.06,0.0,0.0,0.02,0.34,2.63,0.13,0.76,1.7,0.77,0.0,0.44,0.0,0.0,1.41,0.85,0.47,0.0,0.0,0.0,0.0,1.0,1.0,0.0,0.0,1.0,1.0,0.0,0.0,0.0,0.0,1.0,0.0,0.0,0.0,0.23247102808944808,22.500888871331284,22.97063342618121
7440,297.56,0.98,1,-0.063,0.363,0.091,-0.011,0.021,0.28,0.02,0.0,0.0,0.26,2.25,0.15,0.9,1.81,0.96,0.04,0.48,0.03,0.0,1.49,0.79,1.28,0.0,0.0,0.0,0.0,1.0,1.0,0.0,0.0,1.0,1.0,0.0,0.0,0.0,0.0,1.0,0.0,0.0,1.0,0.1950065796998011,18.17965896269797,18.921416437465865
7441,297.6,0.98,1,-0.047,0.454,0.085,-0.026,0.001,0.53,0.07,0.0,0.0,0.17,1.86,0.23,1.04,1.83,1.12,0.04,0.5,0.03,0.0,1.49,0.73,1.97,0.0,0.0,0.0,0.0,1.0,1.0,0.0,0.0,1.0,1.0,0.0,0.0,0.0,0.0,1.0,0.0,0.0,1.0,0.16543094306936446,14.477914214416476,19.930378822290223
7442,297.64,0.98,1,-0.037,0.435,0.075,-0.009,0.006,0.6,0.07,0.0,0.0,0.28,1.81,0.22,1.22,1.85,1.38,0.04,0.39,0.03,0.0,1.39,0.61,1.92,0.0,0.0,0.0,0.0,1.0,1.0,0.0,0.0,1.0,1.0,0.0,0.0,0.0,0.0,1.0,0.0,0.0,1.0,0.16559305077643627,15.791770008456748,20.312065379965627
7443,297.68,0.98,1,-0.044,0.361,0.054,-0.007,0.0,0.52,0.06,0.0,0.0,0.43,2.2,0.26,1.01,1.78,1.29,0.0,0.41,0.0,0.0,1.33,0.71,1.46,0.0,0.0,0.0,0.0,1.0,1.0,0.0,0.0,1.0,1.0,0.0,0.0,0.0,0.0,1.0,0.0,0.0,1.0,0.17735167654692108,18.210161998181263,19.402319448972968
7444,297.72,0.98,1,-0.063,0.386,0.092,0.006,-0.001,0.21,0.0,0.0,0.0,0.54,2.44,0.16,0.99,1.74,1.23,0.0,0.47,0.0,0.0,1.24,0.77,0.9,0.0,0.0,0.0,0.0,1.0,1.0,0.0,0.0,1.0,1.0,0.0,0.0,0.0,0.0,1.0,0.0,0.0,1.0,0.17847427506514846,18.768324379123506,17.85497129653247
7445,297.76,0.98,1,-0.078,0.324,0.077,-0.018,0.016,0.23,0.0,0.0,0.0,0.59,2.9,0.18,0.96,1.75,1.13,0.06,0.51,0.0,0.0,1.28,0.84,0.47,0.0,0.0,0.0,0.0,1.0,1.0,0.0,0.0,1.0,1.0,0.0,0.0,0.0,0.0,1.0,0.0,0.0,1.0,0.18411935834265916,17.940178371465407,17.910053042914285
7446,297.8,0.98,1,-0.081,0.338,0.086,-0.01,0.001,0.17,0.0,0.0,0.0,0.55,3.11,0.09,0.93,1.73,1.04,0.06,0.43,0.0,0.0,1.23,0.77,0.13,0.0,0.0,0.0,0.0,1.0,1.0,0.0,0.0,1.0,1.0,0.0,0.0,0.0,0.0,1.0,0.0,0.0,0.0,0.19480679834576337,17.910053042914285,18.000277775634462
7447,297.84,0.98,1,-0.052,0.323,0.095,0.002,0.004,0.17,0.0,0.0,0.0,0.43,3.02,0.05,0.81,1.72,0.87,0.06,0.47,0.0,0.0,1.23,0.79,0.06,0.0,0.0,0.0,0.0,1.0,1.0,0.0,0.0,1.0,1.0,0.0,0.0,0.0,0.0,1.0,0.0,0.0,0.0,0.1983612797433218,18.239517537478932,17.30260096054921
7448,297.88,0.98,1,-0.06,0.342,0.118,-0.008,0.017,0.07,0.0,0.0,0.0,0.32,2.81,0.04,0.7,1.68,0.84,0.0,0.36,0.0,0.0,1.15,0.84,0.06,0.0,0.0,0.0,0.0,1.0,1.0,0.0,0.0,1.0,1.0,0.0,0.0,0.0,0.0,1.0,0.0,0.0,0.0,0.2013435873804506,18.82153022471867,18.909521411183402
7449,297.92,0.98,1,-0.061,0.321,0.092,-0.013,-0.003,0.09,0.0,0.0,0.0,0.28,2.57,0.09,0.65,1.67,0.79,0.0,0.35,0.0,0.0,1.11,0.82,0.06,0.0,0.0,0.0,0.0,1.0,1.0,0.0,0.0,1.0,1.0,0.0,0.0,0.0,0.0,1.0,0.0,0.0,0.0,0.20337602471174493,19.41262475813107,19.40644222932155
7450,297.96,0.98,1,-0.057,0.334,0.109,0.003,-0.007,0.09,0.0,0.0,0.0,0.29,2.58,0.11,0.64,1.68,0.75,0.0,0.26,0.0,0.0,1.15,0.84,0.07,0.0,0.0,0.0,0.0,0.0,1.0,0.0,0.0,1.0,1.0,0.0,0.0,0.0,0.0,1.0,0.0,0.0,0.0,0.20486662552940665,19.606376513777484,19.1002617783107
7451,298.0,0.98,1,-0.05,0.324,0.11,-0.013,0.01,0.14,0.0,0.0,0.0,0.23,2.33,0.09,0.67,1.76,0.8,0.0,0.25,0.0,0.0,1.22,0.82,0.58,0.0,0.0,0.0,0.0,0.0,1.0,0.0,0.0,1.0,1.0,0.0,0.0,0.0,0.0,1.0,0.0,0.0,0.0,0.21205296913472926,20.90598000573028,20.106217943710757
7452,298.04,0.98,1,0.037,0.399,0.091,-0.018,-0.02,0.21,0.02,0.0,0.0,0.12,1.87,0.07,0.82,1.84,1.04,0.0,0.16,0.07,0.0,1.29,0.73,1.28,0.0,0.0,0.0,0.0,0.0,1.0,0.0,0.0,1.0,1.0,0.0,0.0,0.0,0.0,1.0,0.0,0.0,1.0,0.1998203233086302,18.30245885120353,22.205629916757644
7453,298.08,0.98,1,-0.036,0.445,0.091,-0.022,-0.033,0.44,0.02,0.0,0.0,0.07,1.48,0.08,0.88,1.87,1.34,0.0,0.18,0.07,0.0,1.3,0.51,1.78,0.0,0.0,0.0,0.0,0.0,1.0,0.0,0.0,1.0,1.0,0.0,0.0,0.0,0.0,1.0,0.0,0.0,1.0,0.16734577163593295,18.159295140505865,19.720547659738102
7454,298.12,0.98,1,-0.018,0.446,0.084,-0.009,-0.031,0.5,0.02,0.0,0.0,0.08,1.61,0.08,0.82,1.77,1.42,0.0,0.24,0.07,0.0,1.28,0.37,1.78,0.0,0.0,0.0,0.0,0.0,1.0,0.0,0.0,1.0,1.0,0.0,0.0,0.0,0.0,1.0,0.0,0.0,1.0,0.16251888014261806,16.929559947027432,20.1419959289045
7455,298.16,0.98,1,0.032,0.361,0.07,-0.015,-0.042,0.35,0.0,0.0,0.0,0.2,2.07,0.05,0.82,1.72,1.46,0.0,0.4,0.01,0.0,1.28,0.32,1.29,0.0,0.0,0.0,0.0,0.0,1.0,0.0,0.0,1.0,1.0,0.0,0.0,0.0,0.0,1.0,0.0,0.0,1.0,0.179675809311502,18.706683297688066,18.959430371189818
7456,298.2,0.98,1,0.058,0.351,0.079,-0.021,-0.044,0.13,0.0,0.0,0.0,0.24,2.42,0.0,0.84,1.68,1.47,0.0,0.41,0.01,0.0,1.25,0.36,0.85,0.0,0.0,0.0,0.0,0.0,1.0,0.0,0.0,1.0,1.0,0.0,0.0,0.0,0.0,1.0,0.0,0.0,0.0,0.18882989701353836,17.70112990743816,19.243960091415737
7457,298.24,0.98,1,0.055,0.343,0.085,-0.027,-0.039,0.01,0.0,0.0,0.0,0.27,2.54,0.0,0.9,1.71,1.52,0.0,0.36,0.01,0.0,1.23,0.39,0.49,0.0,0.0,0.0,0.0,0.0,1.0,0.0,0.0,1.0,1.0,0.0,0.0,0.0,0.0,1.0,0.0,0.0,0.0,0.19741402936457236,17.80702108720036,19.431160541769078
7458,298.28,0.98,1,0.057,0.336,0.085,-0.036,-0.033,0.02,0.0,0.0,0.0,0.15,2.46,0.0,0.84,1.63,1.34,0.0,0.25,0.0,0.0,1.1,0.62,0.28,0.0,0.0,0.0,0.0,0.0,1.0,0.0,0.0,1.0,1.0,0.0,0.0,0.0,0.0,1.0,0.0,0.0,0.0,0.21192952585904457,16.81071087134646,20.94683747012909
7459,298.32,0.98,1,0.083,0.325,0.084,-0.031,-0.033,0.02,0.0,0.0,0.0,0.06,2.4,0.0,0.77,1.54,1.33,0.06,0.27,0.0,0.0,0.94,0.83,0.16,0.0,0.0,0.0,0.0,0.0,1.0,0.0,0.0,1.0,1.0,0.0,0.0,0.0,0.0,1.0,0.0,0.0,0.0,0.21639680492983995,18.100276240986073,20.854016399724973
7460,298.36,0.98,1,0.063,0.335,0.091,-0.029,-0.036,0.08,0.03,0.0,0.0,0.0,2.27,0.0,0.58,1.35,1.26,0.24,0.34,0.0,0.0,0.76,0.99,0.0,0.0,0.0,0.0,0.0,0.0,1.0,0.0,0.0,1.0,1.0,0.0,0.0,0.0,0.0,1.0,0.0,0.0,0.0,0.21449769934654933,17.30722392528618,21.06086417980041
7461,298.4,0.98,1,0.004,0.312,0.098,-0.029,-0.041,0.14,0.1,0.0,0.0,0.0,2.13,0.0,0.31,1.18,1.2,0.31,0.36,0.0,0.0,0.69,1.08,0.0,0.0,0.0,0.0,0.0,0.0,1.0,0.0,0.0,1.0,1.0,0.0,0.0,0.0,0.0,1.0,0.0,0.0,0.0,0.24001960011760665,18.100276240986073,19.531000998412754
7462,298.44,0.98,1,-0.031,0.3,0.105,-0.036,-0.044,0.16,0.1,0.0,0.01,0.0,2.02,0.0,0.2,1.03,1.0,0.43,0.26,0.0,0.0,0.64,1.19,0.0,0.0,0.0,0.0,0.0,0.0,1.0,0.0,0.0,1.0,1.0,0.0,0.0,0.0,0.0,1.0,1.0,0.0,0.0,0.25691484509727963,21.402102700435858,19.70228413154175
7463,298.48,0.98,1,-0.036,0.312,0.117,-0.04,-0.046,0.15,0.06,0.0,0.01,0.0,1.91,0.0,0.08,0.91,0.84,0.36,0.12,0.0,0.0,0.62,1.27,0.0,0.0,0.0,0.0,0.0,0.0,1.0,0.0,0.0,1.0,1.0,0.0,0.0,0.0,0.0,1.0,1.0,0.0,0.0,0.2663654801437416,19.03181546778972,20.300246303924673
7464,298.52,0.98,1,-0.02,0.297,0.11,-0.035,-0.045,0.15,0.04,0.0,0.08,0.0,1.97,0.0,0.16,0.82,0.72,0.49,0.08,0.0,0.0,0.58,1.38,0.0,0.0,0.0,0.0,0.0,0.0,1.0,0.0,0.0,1.0,1.0,0.0,0.0,0.0,0.0,1.0,1.0,0.0,0.0,0.26975164422042897,19.6735863532808,21.200000000000045
7465,298.56,0.98,1,-0.029,0.306,0.115,-0.03,-0.045,0.27,0.17,0.0,0.1,0.0,2.0,0.0,0.08,0.7,0.73,0.47,0.14,0.0,0.0,0.63,1.39,0.0,0.0,0.0,0.0,0.0,0.0,1.0,0.0,0.0,1.0,1.0,0.0,0.0,0.0,0.0,1.0,1.0,0.0,0.0,0.2710415961949148,20.254875956174246,21.400934559032788
7466,298.6,0.98,1,-0.031,0.303,0.116,-0.032,-0.043,0.38,0.33,0.0,0.1,0.0,2.03,0.0,0.14,0.63,0.63,0.55,0.2,0.0,0.0,0.7,1.35,0.0,0.0,0.0,0.0,0.0,0.0,1.0,0.0,0.0,1.0,1.0,0.0,0.0,0.0,0.0,1.0,1.0,0.0,0.0,0.26696741510008676,19.00552551233443,21.208488866489333
7467,298.64,0.98,1,-0.033,0.29,0.101,-0.028,-0.038,0.45,0.46,0.0,0.03,0.0,2.16,0.0,0.17,0.6,0.66,0.45,0.27,0.0,0.0,0.69,1.16,0.0,0.0,0.0,0.0,0.0,0.0,1.0,0.0,0.0,1.0,1.0,0.0,0.0,0.0,0.0,1.0,1.0,0.0,0.0,0.25759171597017555,19.27615106809462,21.818570072303043
7468,298.68,0.98,1,-0.043,0.296,0.113,-0.032,-0.042,0.45,0.59,0.0,0.07,0.0,2.12,0.0,0.26,0.53,0.54,0.4,0.39,0.0,0.0,0.52,1.03,0.0,0.0,1.0,0.0,0.0,0.0,1.0,0.0,0.0,1.0,1.0,0.0,0.0,0.0,0.0,1.0,1.0,0.0,0.0,0.2744091935913474,18.895766721676225,21.822923727127122
7469,298.72,0.98,1,-0.043,0.295,0.111,-0.031,-0.043,0.34,0.51,0.0,0.08,0.0,2.07,0.0,0.27,0.44,0.42,0.42,0.45,0.0,0.0,0.38,0.97,0.0,0.0,1.0,0.0,0.0,0.0,1.0,0.0,0.0,1.0,1.0,0.0,0.0,0.0,0.0,0.0,1.0,0.0,0.0,0.2671450080836773,18.34611675532473,22.418073066166812
7470,298.76,0.98,1,-0.046,0.298,0.105,-0.028,-0.041,0.33,0.48,0.0,0.12,0.0,1.73,0.0,0.22,0.34,0.29,0.5,0.55,0.0,0.0,0.3,0.92,0.0,0.0,0.0,0.0,1.0,0.0,0.0,0.0,0.0,0.0,1.0,0.0,0.0,0.0,0.0,0.0,1.0,0.0,0.0,0.2553102146213067,18.24636950190371,21.91118435867865
7471,298.8,0.98,1,-0.044,0.294,0.106,-0.034,-0.039,0.25,0.21,0.0,0.06,0.0,1.61,0.0,0.13,0.29,0.19,0.52,0.59,0.0,0.03,0.23,0.87,0.0,0.0,0.0,0.0,1.0,0.0,0.0,0.0,0.0,0.0,1.0,0.0,0.0,0.0,0.0,0.0,1.0,0.0,0.0,0.27033145090991495,17.740631330367062,21.514878572745886
7472,298.84,0.98,1,-0.051,0.293,0.108,-0.034,-0.042,0.21,0.13,0.0,0.05,0.0,1.43,0.0,0.05,0.28,0.12,0.5,0.76,0.0,0.09,0.14,0.86,0.0,0.0,0.0,0.0,0.0,0.0,0.0,0.0,0.0,0.0,1.0,0.0,1.0,0.0,0.0,0.0,1.0,0.0,0.0,0.2637750294719619,17.840403582878906,22.21103329428872
7473,298.88,0.98,1,-0.051,0.304,0.111,-0.032,-0.044,0.07,0.0,0.0,0.01,0.0,1.54,0.0,0.05,0.28,0.09,0.5,0.77,0.0,0.14,0.08,0.82,0.0,0.0,0.0,0.0,0.0,0.0,0.0,0.0,0.0,0.0,1.0,0.0,1.0,0.0,0.0,0.0,1.0,0.0,0.0,0.24910974464792496,17.634341496069446,21.903652663425888
7474,298.92,0.98,1,-0.046,0.303,0.108,-0.036,-0.043,0.0,0.0,0.0,0.0,0.0,1.59,0.0,0.15,0.3,0.12,0.53,0.76,0.0,0.11,0.11,0.74,0.0,0.0,0.0,0.0,0.0,0.0,0.0,0.0,0.0,0.0,1.0,0.0,1.0,0.0,0.0,0.0,0.0,0.0,0.0,0.24173576119275855,17.428711943227338,21.302112571292035
7475,298.96,0.98,1,-0.051,0.297,0.105,-0.039,-0.042,0.0,0.0,0.0,0.0,0.0,1.89,0.0,0.24,0.39,0.18,0.43,0.66,0.0,0.05,0.17,0.64,0.05,0.0,0.0,0.0,0.0,0.0,0.0,0.0,0.0,0.0,1.0,0.0,0.0,0.0,0.0,0.0,0.0,0.0,0.0,0.24367399510373802,17.318487231857127,21.60208323287354
7476,299.0,0.98,1,-0.034,0.326,0.099,-0.044,-0.04,0.23,0.04,0.0,0.0,0.0,1.57,0.0,0.37,0.51,0.26,0.32,0.57,0.0,0.0,0.43,0.6,0.67,0.0,0.0,0.0,0.0,0.0,0.0,0.0,0.0,0.0,1.0,0.0,0.0,0.0,0.0,0.0,0.0,0.0,0.0,0.2402676829317933,20.120139164528567,20.1121853611189
7477,299.04,0.98,1,0.052,0.435,0.085,-0.059,-0.031,0.53,0.06,0.0,0.0,0.0,1.34,0.0,0.51,0.63,0.39,0.33,0.45,0.0,0.0,0.68,0.66,1.26,0.0,1.0,0.0,0.0,0.0,1.0,0.0,0.0,0.0,1.0,0.0,0.0,0.0,0.0,0.0,0.0,0.0,1.0,0.18883094950685506,16.75052237991405,20.75427666771339
7478,299.08,0.98,1,0.015,0.459,0.099,-0.064,-0.034,0.75,0.16,0.0,0.0,0.0,1.02,0.0,0.59,0.68,0.45,0.3,0.32,0.0,0.0,0.9,0.68,1.78,0.0,1.0,0.0,0.0,0.0,0.0,0.0,0.0,0.0,1.0,0.0,0.0,0.0,0.0,1.0,0.0,0.0,1.0,0.18088554056716,18.388311504866294,20.080836635957173
7479,299.12,0.98,1,0.035,0.432,0.081,-0.058,-0.031,0.67,0.12,0.0,0.0,0.0,1.27,0.0,0.55,0.65,0.42,0.22,0.3,0.0,0.0,0.95,0.83,1.54,0.0,1.0,0.0,0.0,0.0,0.0,0.0,0.0,1.0,1.0,0.0,0.0,0.0,0.0,1.0,1.0,0.0,1.0,0.17278566374388912,17.67257762749953,19.825236442473976
7480,299.16,0.98,1,0.049,0.373,0.073,-0.05,-0.035,0.49,0.14,0.0,0.0,0.0,1.59,0.0,0.5,0.63,0.29,0.1,0.26,0.0,0.0,1.0,0.81,0.98,0.0,1.0,0.0,0.0,0.0,0.0,0.0,0.0,0.0,1.0,0.0,0.0,0.0,0.0,1.0,1.0,0.0,1.0,0.183965824950018,17.607100840286137,19.749683541768505
7481,299.2,0.98,1,0.076,0.329,0.085,-0.054,-0.039,0.32,0.04,0.0,0.0,0.0,1.93,0.0,0.52,0.6,0.27,0.13,0.29,0.0,0.0,0.96,0.88,0.56,0.0,1.0,0.0,0.0,0.0,1.0,0.0,0.0,0.0,1.0,0.0,0.0,0.0,0.0,1.0,1.0,0.0,1.0,0.22191922403305575,16.51484180971771,20.29876843554805
7482,299.24,0.98,1,0.096,0.334,0.078,-0.057,-0.039,0.17,0.04,0.0,0.0,0.0,2.05,0.0,0.65,0.56,0.26,0.26,0.37,0.0,0.0,0.81,0.84,0.26,0.0,0.0,0.0,0.0,0.0,1.0,0.0,0.0,0.0,1.0,0.0,0.0,0.0,0.0,1.0,1.0,0.0,1.0,0.2139421610329571,17.223530416264882,20.24277648940494
7483,299.28,0.98,1,0.109,0.328,0.076,-0.058,-0.045,0.05,0.0,0.0,0.0,0.0,2.09,0.0,0.67,0.46,0.2,0.32,0.55,0.0,0.0,0.5,0.72,0.35,0.0,0.0,0.0,0.0,0.0,0.0,0.0,0.0,0.0,1.0,0.0,0.0,0.0,0.0,0.0,1.0,0.0,1.0,0.2090203518772128,18.601075237738414,19.88164983093702
7484,299.32,0.98,1,0.118,0.333,0.079,-0.06,-0.055,0.02,0.0,0.0,0.0,0.0,1.89,0.0,0.74,0.3,0.09,0.31,0.66,0.0,0.03,0.23,0.55,0.21,0.0,0.0,0.0,0.0,0.0,0.0,0.0,0.0,0.0,1.0,0.0,0.0,0.0,0.0,0.0,1.0,0.0,1.0,0.2135670753071283,18.606719216455023,19.535864454894096
7485,299.36,0.98,1,0.124,0.332,0.073,-0.072,-0.051,0.02,0.09,0.0,0.0,0.0,1.68,0.0,0.71,0.22,0.0,0.18,0.67,0.0,0.06,0.09,0.34,0.13,0.0,0.0,0.0,0.0,0.0,0.0,0.0,0.0,0.0,1.0,0.0,0.0,0.0,0.0,0.0,1.0,0.0,0.0,0.21566724381341595,18.809572031282325,19.436563482261946
7486,299.4,0.98,1,0.123,0.318,0.079,-0.077,-0.05,0.03,0.09,0.0,0.0,0.0,1.56,0.0,0.79,0.15,0.0,0.16,0.69,0.0,0.11,0.04,0.35,0.02,0.0,0.0,0.0,0.0,0.0,0.0,0.0,0.0,0.0,0.0,1.0,0.0,0.0,0.0,0.0,1.0,0.0,0.0,0.230745506155837,19.20234360696613,20.03247363657328
7487,299.44,0.98,1,0.136,0.331,0.083,-0.083,-0.051,0.06,0.09,0.0,0.0,0.0,1.46,0.0,0.81,0.17,0.0,0.15,0.81,0.0,0.13,0.1,0.35,0.0,0.0,0.0,0.0,0.0,0.0,0.0,0.0,0.0,0.0,0.0,1.0,0.0,0.0,0.0,0.0,1.0,0.0,0.0,0.22507765813192554,19.004210059878837,19.52434377898512
7488,299.48,0.98,1,0.125,0.309,0.084,-0.081,-0.052,0.07,0.0,0.0,0.0,0.0,1.66,0.0,0.84,0.11,0.0,0.23,0.95,0.0,0.1,0.16,0.3,0.0,1.0,0.0,0.0,0.0,0.0,0.0,0.0,0.0,0.0,0.0,1.0,0.0,0.0,0.0,0.0,1.0,0.0,0.0,0.24100554843855038,19.10942175995905,20.209403751719062
7489,299.52,0.98,1,0.14,0.334,0.09,-0.088,-0.054,0.08,0.07,0.0,0.01,0.0,1.63,0.0,0.85,0.12,0.0,0.33,1.17,0.0,0.17,0.21,0.18,0.0,1.0,0.0,0.0,0.0,0.0,0.0,0.0,0.0,0.0,0.0,1.0,0.0,0.0,0.0,0.0,1.0,0.0,0.0,0.2392207023023869,18.527007313648905,20.617710833164764
7490,299.56,0.98,1,0.147,0.351,0.089,-0.094,-0.052,0.1,0.22,0.0,0.05,0.0,1.54,0.0,0.89,0.11,0.0,0.41,1.35,0.0,0.24,0.18,0.17,0.0,1.0,0.0,0.0,0.0,0.0,0.0,0.0,0.0,0.0,0.0,1.0,0.0,0.0,0.0,0.0,1.0,0.0,0.0,0.22493053909264824,18.346116755324495,20.80624906127969
7491,299.6,0.98,1,0.149,0.337,0.092,-0.097,-0.056,0.13,0.32,0.0,0.19,0.0,1.48,0.0,0.96,0.16,0.0,0.43,1.42,0.0,0.37,0.22,0.28,0.0,1.0,0.0,0.0,0.0,0.0,0.0,0.0,0.0,0.0,0.0,1.0,1.0,0.0,0.0,0.0,1.0,0.0,0.0,0.24362168628669584,18.85205559083695,21.005237442123903
7492,299.64,0.98,1,0.152,0.346,0.09,-0.104,-0.058,0.1,0.34,0.0,0.19,0.0,1.52,0.0,0.92,0.18,0.0,0.32,1.32,0.0,0.41,0.24,0.44,0.0,1.0,0.0,0.0,0.0,0.0,0.0,0.0,0.0,0.0,0.0,1.0,1.0,0.0,0.0,0.0,1.0,0.0,0.0,0.23586523943501886,18.768324379123506,20.949701668520426
7493,299.68,0.98,1,0.147,0.349,0.089,-0.112,-0.061,0.04,0.2,0.0,0.18,0.0,1.63,0.0,0.93,0.23,0.0,0.2,1.27,0.0,0.44,0.21,0.41,0.0,1.0,0.0,0.0,0.0,0.0,0.0,0.0,0.0,0.0,0.0,1.0,1.0,0.0,0.0,0.0,1.0,0.0,0.0,0.2387228460356475,19.98124120268817,21.114923632350642
7494,299.72,0.98,1,0.151,0.334,0.08,-0.109,-0.063,0.0,0.1,0.0,0.11,0.0,1.55,0.0,0.91,0.26,0.0,0.19,1.29,0.0,0.45,0.09,0.31,0.0,1.0,0.0,0.0,0.0,0.0,0.0,0.0,0.0,0.0,0.0,1.0,1.0,0.0,0.0,0.0,1.0,0.0,0.0,0.2410010128260418,20.09004728715191,21.891550881561542
7495,299.76,0.98,1,0.15,0.331,0.079,-0.107,-0.068,0.01,0.0,0.0,0.32,0.0,1.43,0.0,1.02,0.24,0.0,0.16,1.3,0.0,0.37,0.05,0.22,0.0,1.0,0.0,0.0,0.0,0.0,0.0,0.0,0.0,0.0,0.0,1.0,1.0,0.0,0.0,0.0,1.0,0.0,0.0,0.23870152333952616,19.822462006521842,21.783020910792008
7496,299.8,0.98,1,0.152,0.317,0.076,-0.108,-0.074,0.01,0.0,0.0,0.32,0.0,1.54,0.0,1.01,0.22,0.0,0.26,1.2,0.0,0.33,0.08,0.21,0.0,1.0,0.0,0.0,0.0,0.0,0.0,0.0,0.0,0.0,0.0,1.0,1.0,0.0,0.0,0.0,1.0,0.0,0.0,0.26334898734792345,19.250194804209258,22.031114361284676
7497,299.84,0.98,1,0.159,0.336,0.078,-0.107,-0.076,0.04,0.09,0.0,0.25,0.0,1.58,0.0,1.03,0.2,0.0,0.21,1.14,0.0,0.26,0.08,0.21,0.0,0.0,0.0,0.0,0.0,0.0,0.0,0.0,0.0,0.0,0.0,1.0,1.0,0.0,0.0,0.0,1.0,0.0,0.0,0.2377512095754259,19.686035659827507,21.2143819141637
7498,299.88,0.98,1,0.154,0.328,0.077,-0.105,-0.076,0.03,0.09,0.0,0.04,0.0,1.65,0.0,0.96,0.18,0.0,0.26,1.13,0.0,0.25,0.06,0.2,0.0,0.0,0.0,0.0,0.0,0.0,0.0,0.0,0.0,0.0,0.0,1.0,1.0,0.0,0.0,0.0,1.0,0.0,0.0,0.2540313903791791,19.177069640588993,21.811235636708027
7499,299.92,0.98,1,0.155,0.334,0.079,-0.108,-0.075,0.12,0.09,0.0,0.0,0.0,1.59,0.0,0.97,0.14,0.0,0.19,1.08,0.0,0.19,0.03,0.15,0.01,0.0,0.0,0.0,0.0,0.0,0.0,0.0,0.0,0.0,0.0,1.0,0.0,0.0,0.0,0.0,1.0,0.0,0.0,0.24994101515295886,19.547889911701553,21.40327077808432
7500,299.96,0.98,1,0.11,0.375,0.074,-0.093,-0.075,0.26,0.0,0.0,0.0,0.0,1.71,0.0,1.0,0.13,0.0,0.19,0.95,0.0,0.14,0.1,0.08,0.19,0.0,0.0,0.0,0.0,0.0,0.0,0.0,0.0,0.0,0.0,1.0,0.0,0.0,0.0,0.0,1.0,0.0,0.0,0.20715549981783404,18.638669480410787,20.995475703112668
7501,300.0,0.98,1,0.108,0.378,0.076,-0.101,-0.074,0.32,0.0,0.0,0.0,0.0,1.78,0.0,1.06,0.16,0.0,0.13,0.75,0.0,0.06,0.13,0.04,0.28,1.0,0.0,0.0,0.0,0.0,0.0,0.0,0.0,0.0,0.0,1.0,0.0,0.0,0.0,0.0,1.0,0.0,0.0,0.21266299611944056,18.304371062672388,20.37964670940121
7502,300.04,0.98,1,0.104,0.372,0.081,-0.101,-0.074,0.3,0.0,0.0,0.0,0.0,1.89,0.0,1.09,0.15,0.0,0.11,0.65,0.0,0.0,0.27,0.02,0.44,1.0,0.0,0.0,0.0,0.0,0.0,0.0,0.0,0.0,0.0,1.0,0.0,0.0,0.0,0.0,0.0,0.0,0.0,0.21717056075003888,18.001111076819672,19.900753754569152
7503,300.08,0.98,1,0.108,0.368,0.073,-0.095,-0.07,0.25,0.0,0.0,0.0,0.0,1.75,0.0,1.14,0.16,0.0,0.13,0.6,0.0,0.0,0.24,0.04,0.42,1.0,0.0,0.0,0.0,0.0,0.0,0.0,0.0,0.0,0.0,1.0,0.0,0.0,0.0,0.0,0.0,0.0,0.0,0.21694614349340416,18.301092863542284,20.080836635957173
7504,300.12,0.98,1,0.098,0.364,0.071,-0.095,-0.067,0.33,0.0,0.0,0.0,0.0,1.8,0.0,1.18,0.16,0.0,0.18,0.65,0.0,0.0,0.27,0.02,0.41,1.0,0.0,0.0,0.0,0.0,0.0,0.0,0.0,0.0,0.0,1.0,0.0,0.0,0.0,0.0,0.0,0.0,0.0,0.2172763584283092,17.70451919708642,20.518284528683274
7505,300.16,0.98,1,0.104,0.357,0.073,-0.098,-0.065,0.37,0.0,0.0,0.0,0.0,1.77,0.0,1.16,0.24,0.05,0.22,0.67,0.0,0.0,0.2,0.02,0.46,1.0,0.0,0.0,0.0,0.0,0.0,0.0,0.0,0.0,0.0,1.0,0.0,0.0,0.0,0.0,0.0,0.0,0.0,0.22554785740820033,17.00264685276972,19.126944345608376
7506,300.2,0.98,1,0.105,0.34,0.067,-0.095,-0.065,0.45,0.0,0.0,0.0,0.0,1.85,0.0,1.14,0.23,0.05,0.28,0.76,0.0,0.02,0.17,0.0,0.37,1.0,0.0,0.0,0.0,0.0,0.0,0.0,0.0,0.0,0.0,1.0,0.0,0.0,0.0,0.0,0.0,0.0,0.0,0.23330961012495485,15.805062480104231,18.95257238477138
7507,300.24,0.98,1,0.111,0.345,0.073,-0.093,-0.068,0.45,0.0,0.0,0.01,0.0,1.82,0.0,1.19,0.23,0.05,0.28,0.79,0.0,0.05,0.16,0.0,0.4,1.0,0.0,0.0,0.0,0.0,0.0,0.0,0.0,0.0,0.0,1.0,0.0,0.0,0.0,0.0,0.0,0.0,0.0,0.24021807204908746,15.905030650709318,19.11570035337444
7508,300.28,0.98,1,0.116,0.353,0.077,-0.089,-0.07,0.43,0.0,0.0,0.01,0.0,2.0,0.0,1.25,0.21,0.0,0.37,0.84,0.0,0.06,0.11,0.0,0.55,1.0,0.0,0.0,0.0,0.0,0.0,0.0,0.0,0.0,0.0,1.0,0.0,0.0,0.0,0.0,0.0,0.0,0.0,0.23811686645956073,15.807909412695865,18.995262567282275
7509,300.32,0.98,1,0.11,0.359,0.079,-0.088,-0.07,0.22,0.0,0.0,0.01,0.0,2.19,0.0,1.2,0.25,0.0,0.32,0.86,0.0,0.08,0.06,0.0,0.49,1.0,0.0,0.0,0.0,0.0,0.0,0.0,0.0,0.0,0.0,1.0,0.0,0.0,0.0,0.0,0.0,0.0,0.0,0.2094375824262287,16.61083983427703,18.718172987767698
7510,300.36,0.98,1,0.129,0.34,0.074,-0.097,-0.068,0.08,0.0,0.0,0.0,0.0,2.16,0.0,1.15,0.27,0.12,0.29,0.96,0.0,0.11,0.01,0.0,0.38,0.0,0.0,0.0,0.0,0.0,0.0,0.0,0.0,0.0,1.0,1.0,0.0,0.0,0.0,0.0,0.0,0.0,0.0,0.2118696161769854,16.019987515600633,19.091883092036863
7511,300.4,0.98,1,0.158,0.329,0.08,-0.103,-0.073,0.0,0.0,0.0,0.0,0.0,2.11,0.0,1.17,0.3,0.15,0.29,1.02,0.0,0.13,0.0,0.0,0.0,0.0,0.0,0.0,0.0,0.0,1.0,0.0,0.0,0.0,1.0,0.0,1.0,0.0,0.0,0.0,0.0,0.0,0.0,0.24132383899358031,18.12236187697389,19.262917743685573
7512,300.44,0.98,1,0.157,0.337,0.078,-0.1,-0.076,0.0,0.0,0.0,0.0,0.0,2.09,0.0,1.2,0.3,0.18,0.22,1.01,0.0,0.13,0.0,0.0,0.0,0.0,0.0,0.0,0.0,0.0,1.0,0.0,0.0,0.0,1.0,0.0,1.0,0.0,0.0,0.0,0.0,0.0,0.0,0.23229411981988446,18.154062906137476,18.681809334216002
7513,300.48,0.98,1,0.158,0.331,0.073,-0.096,-0.08,0.0,0.0,0.0,0.0,0.0,2.31,0.0,1.12,0.34,0.16,0.23,0.97,0.0,0.19,0.0,0.0,0.0,0.0,0.0,0.0,0.0,0.0,1.0,0.0,0.0,0.0,1.0,0.0,1.0,0.0,0.0,0.0,0.0,0.0,0.0,0.23260990863211561,18.469434208984406,18.754199529705488
7514,300.52,0.98,1,0.154,0.336,0.066,-0.101,-0.076,0.0,0.0,0.0,0.0,0.0,2.34,0.0,1.05,0.39,0.14,0.13,0.92,0.0,0.29,0.0,0.0,0.0,0.0,0.0,0.0,0.0,0.0,1.0,0.0,0.0,0.0,1.0,0.0,1.0,0.0,0.0,0.0,0.0,0.0,0.0,0.2309544642659427,19.094763680129688,18.655026132385874
7515,300.56,0.98,1,0.147,0.314,0.058,-0.087,-0.085,0.0,0.0,0.0,0.0,0.0,2.32,0.0,1.07,0.51,0.19,0.22,0.89,0.0,0.3,0.0,0.0,0.0,0.0,0.0,0.0,0.0,0.0,1.0,0.0,0.0,0.0,1.0,0.0,1.0,0.0,0.0,0.0,0.0,0.0,0.0,0.2290532581770206,19.184629264075056,18.681809334216002
7516,300.6,0.98,1,0.152,0.324,0.063,-0.086,-0.092,0.0,0.0,0.0,0.0,0.0,2.32,0.0,1.03,0.56,0.17,0.24,0.73,0.0,0.19,0.0,0.0,0.0,0.0,0.0,0.0,0.0,0.0,1.0,0.0,0.0,1.0,1.0,0.0,1.0,0.0,0.0,0.0,0.0,0.0,0.0,0.23571201616236187,19.12694434560836,18.28578683021338
7517,300.64,0.98,1,0.163,0.318,0.054,-0.089,-0.093,0.0,0.0,0.0,0.0,0.0,2.29,0.0,0.98,0.6,0.32,0.22,0.68,0.0,0.06,0.0,0.0,0.0,0.0,0.0,0.0,0.0,0.0,1.0,0.0,0.0,1.0,1.0,0.0,0.0,0.0,0.0,0.0,0.0,0.0,0.0,0.23507539191071908,19.276151068094393,17.65672676347446
7518,300.68,0.98,1,0.167,0.31,0.053,-0.086,-0.094,0.0,0.0,0.0,0.0,0.0,2.15,0.0,0.85,0.57,0.36,0.18,0.66,0.0,0.01,0.01,0.0,0.0,0.0,0.0,0.0,0.0,0.0,1.0,0.0,0.0,1.0,1.0,0.0,0.0,0.0,0.0,0.0,0.0,0.0,0.0,0.23988739141673246,19.177069640588993,16.985287751463076
7519,300.72,0.98,1,0.143,0.318,0.044,-0.084,-0.091,0.14,0.0,0.0,0.0,0.0,1.46,0.0,0.87,0.67,0.42,0.17,0.68,0.0,0.0,0.05,0.0,0.46,0.0,1.0,0.0,0.0,0.0,1.0,0.0,0.0,1.0,1.0,0.0,0.0,0.0,0.0,0.0,0.0,0.0,0.0,0.21817136512735957,17.40402252354318,17.790165822723527
7520,300.76,0.98,1,0.107,0.388,0.032,-0.104,-0.087,0.35,0.18,0.0,0.0,0.0,1.02,0.0,0.91,0.76,0.42,0.19,0.56,0.0,0.0,0.17,0.0,1.08,1.0,1.0,0.0,0.0,0.0,1.0,0.0,0.0,1.0,1.0,0.0,0.0,0.0,0.0,0.0,0.0,0.0,1.0,0.20273416144390444,16.2111073033276,19.56041921841154
7521,300.8,0.98,1,0.044,0.404,0.027,-0.093,-0.085,0.48,0.22,0.0,0.0,0.0,0.56,0.0,0.91,0.82,0.47,0.12,0.52,0.0,0.0,0.17,0.0,1.45,1.0,1.0,0.0,0.0,0.0,1.0,0.0,0.0,1.0,1.0,0.0,0.0,0.0,0.0,0.0,0.0,0.0,1.0,0.17677050598518174,17.066048165876012,24.61097316239239
7522,300.84,0.98,1,0.055,0.372,0.011,-0.085,-0.078,0.42,0.27,0.0,0.0,0.0,0.78,0.0,0.87,0.74,0.58,0.09,0.49,0.0,0.0,0.2,0.0,1.39,1.0,1.0,0.0,0.0,0.0,1.0,0.0,0.0,1.0,1.0,0.0,0.0,0.0,0.0,0.0,0.0,0.0,1.0,0.17124593553460582,16.037767924496226,20.7171426601256
7523,300.88,0.98,1,0.105,0.313,0.017,-0.08,-0.08,0.21,0.08,0.0,0.0,0.0,1.02,0.0,0.81,0.71,0.57,0.06,0.58,0.0,0.0,0.17,0.0,0.93,1.0,1.0,0.0,0.0,0.0,1.0,0.0,0.0,1.0,1.0,0.0,0.0,0.0,0.0,0.0,0.0,0.0,1.0,0.19329029197523873,17.60113632695335,19.547889911701553
7524,300.92,0.98,1,0.136,0.316,0.031,-0.088,-0.08,0.08,0.04,0.0,0.0,0.0,1.54,0.0,0.91,0.69,0.52,0.06,0.46,0.0,0.0,0.24,0.0,0.7,1.0,1.0,0.0,0.0,0.0,1.0,0.0,0.0,1.0,1.0,0.0,0.0,0.0,0.0,0.0,0.0,0.0,1.0,0.21474097800035005,15.432433379088206,18.01887898843871
7525,300.96,0.98,1,0.148,0.307,0.031,-0.089,-0.08,0.0,0.0,0.0,0.1,0.05,1.91,0.0,0.98,0.76,0.47,0.0,0.4,0.0,0.0,0.23,0.0,0.3,1.0,1.0,0.0,0.0,0.0,1.0,0.0,0.0,1.0,1.0,0.0,0.0,0.0,0.0,0.0,0.0,0.0,0.0,0.18079293363947208,15.501290268877622,17.71327186038776
7526,301.0,0.98,1,0.142,0.3,0.042,-0.078,-0.082,0.0,0.0,0.0,0.1,0.07,2.09,0.0,1.04,0.77,0.5,0.02,0.21,0.0,0.0,0.22,0.0,0.15,1.0,1.0,0.0,0.0,0.0,1.0,0.0,0.0,1.0,1.0,0.0,0.0,0.0,0.0,0.0,0.0,0.0,0.0,0.2014730325527746,16.714664220378506,19.1049731745428
7527,301.04,0.98,1,0.143,0.299,0.047,-0.084,-0.08,0.0,0.0,0.0,0.1,0.12,2.14,0.0,0.94,0.83,0.42,0.02,0.12,0.0,0.0,0.23,0.0,0.0,1.0,1.0,0.0,0.0,0.0,1.0,0.0,0.0,1.0,1.0,0.0,0.0,0.0,0.0,0.0,0.0,0.0,0.0,0.20633736177857998,17.214238292762236,18.13394606807905
7528,301.08,0.98,1,0.148,0.309,0.048,-0.079,-0.078,0.08,0.0,0.0,0.0,0.11,2.24,0.0,1.02,0.83,0.31,0.02,0.01,0.0,0.0,0.29,0.0,0.0,1.0,1.0,0.0,0.0,0.0,1.0,0.0,0.0,1.0,1.0,0.0,0.0,0.0,0.0,0.0,0.0,0.0,0.0,0.22205288420539726,17.283807450906004,18.555861607588984
7529,301.12,0.98,1,0.146,0.317,0.057,-0.08,-0.075,0.08,0.0,0.0,0.0,0.13,2.31,0.0,1.02,0.85,0.24,0.1,0.0,0.0,0.0,0.4,0.01,0.0,1.0,1.0,0.0,0.0,0.0,1.0,0.0,0.0,1.0,1.0,0.0,0.0,0.0,0.0,0.0,0.0,0.0,0.0,0.21419627428511648,17.681911661356217,19.513328778042837
7530,301.16,0.98,1,0.138,0.328,0.061,-0.087,-0.071,0.08,0.0,0.0,0.0,0.08,2.15,0.0,1.05,0.87,0.31,0.1,0.0,0.0,0.0,0.61,0.01,0.0,0.0,1.0,0.0,0.0,0.0,1.0,0.0,0.0,1.0,1.0,0.0,0.0,0.0,0.0,0.0,0.0,0.0,0.0,0.21029831959911527,17.44849563716033,18.806647760831623
7531,301.2,0.98,1,0.135,0.32,0.058,-0.082,-0.07,0.0,0.0,0.0,0.0,0.08,1.85,0.0,1.0,0.92,0.31,0.1,0.0,0.0,0.0,0.75,0.01,0.0,0.0,1.0,0.0,0.0,0.0,1.0,0.0,0.0,1.0,1.0,0.0,0.0,0.0,0.0,0.0,0.0,0.0,0.0,0.21614975576585674,18.080099557248023,19.005525512334653
7532,301.24,0.98,1,0.127,0.334,0.062,-0.088,-0.069,0.0,0.0,0.0,0.0,0.05,1.74,0.0,0.95,0.98,0.31,0.0,0.0,0.0,0.0,0.82,0.0,0.0,0.0,1.0,0.0,0.0,0.0,1.0,0.0,0.0,1.0,1.0,0.0,0.0,0.0,0.0,0.0,0.0,0.0,0.0,0.20844229633318853,17.68191166135598,19.448650338776677
7533,301.28,0.98,1,0.136,0.328,0.069,-0.087,-0.076,0.0,0.0,0.0,0.0,0.06,1.84,0.0,0.97,1.02,0.36,0.0,0.02,0.0,0.0,0.71,0.02,0.0,0.0,1.0,0.0,0.0,0.0,1.0,0.0,0.0,1.0,1.0,0.0,0.0,0.0,0.0,0.0,0.0,0.0,0.0,0.21678968986958064,18.10000000000001,19.064626930522493
7534,301.32,0.98,1,0.141,0.333,0.07,-0.088,-0.08,0.03,0.0,0.0,0.0,0.03,1.95,0.0,0.97,1.04,0.39,0.01,0.07,0.0,0.0,0.66,0.02,0.0,0.0,1.0,0.0,0.0,0.0,1.0,0.0,0.0,1.0,1.0,0.0,0.0,0.0,0.0,0.0,0.0,0.0,0.0,0.21193873886233872,17.890779748238984,19.54788991170157
7535,301.36,0.98,1,0.127,0.324,0.067,-0.082,-0.081,0.03,0.0,0.0,0.0,0.01,2.01,0.0,0.96,1.04,0.4,0.01,0.11,0.0,0.0,0.67,0.03,0.0,0.0,0.0,0.0,0.0,0.0,1.0,0.0,0.0,1.0,1.0,0.0,0.0,0.0,0.0,0.0,0.0,0.0,0.0,0.2201923746997873,18.431766057543104,19.1637678967368
7536,301.4,0.98,1,0.128,0.336,0.065,-0.089,-0.079,0.03,0.0,0.0,0.0,0.01,2.1,0.0,1.01,1.04,0.33,0.01,0.11,0.0,0.0,0.73,0.01,0.0,0.0,0.0,0.0,0.0,0.0,1.0,0.0,0.0,1.0,1.0,0.0,0.0,0.0,0.0,0.0,0.0,0.0,0.0,0.2111646624285042,17.71327186038776,18.201373574541005
7537,301.44,0.98,1,0.137,0.333,0.062,-0.081,-0.083,0.0,0.08,0.0,0.0,0.02,2.23,0.0,1.07,1.1,0.22,0.0,0.07,0.0,0.0,0.79,0.04,0.0,0.0,0.0,0.0,0.0,0.0,1.0,0.0,0.0,1.0,1.0,0.0,0.0,0.0,0.0,0.0,0.0,0.0,0.0,0.2081913304882595,17.90111728356636,17.935997323817862
7538,301.48,0.98,1,0.135,0.336,0.065,-0.084,-0.082,0.0,0.08,0.0,0.0,0.08,2.27,0.0,1.16,1.16,0.15,0.0,0.09,0.0,0.0,0.71,0.07,0.0,0.0,0.0,0.0,0.0,0.0,1.0,0.0,0.0,1.0,1.0,0.0,0.0,0.0,0.0,0.0,0.0,0.0,0.0,0.2071277078447027,17.801685313475282,17.952437160452437
7539,301.52,0.98,1,0.134,0.335,0.063,-0.082,-0.083,0.0,0.08,0.0,0.0,0.1,2.34,0.0,1.15,1.17,0.1,0.0,0.08,0.0,0.0,0.7,0.08,0.0,0.0,0.0,0.0,0.0,0.0,1.0,0.0,0.0,1.0,1.0,0.0,0.0,0.0,0.0,0.0,0.0,0.0,0.0,0.20732965383877916,18.000555546982294,17.853851125177357
7540,301.56,0.98,1,0.135,0.337,0.062,-0.081,-0.081,0.0,0.01,0.0,0.0,0.12,2.26,0.0,1.09,1.18,0.12,0.0,0.08,0.0,0.0,0.7,0.1,0.2,0.0,1.0,0.0,0.0,0.0,1.0,0.0,0.0,1.0,1.0,0.0,0.0,0.0,0.0,0.0,0.0,0.0,0.0,0.20424282884735284,17.691806012954274,17.83732042656645
7541,301.6,0.98,1,0.122,0.301,0.054,-0.087,-0.082,0.17,0.03,0.0,0.0,0.06,1.66,0.0,1.08,1.21,0.29,0.05,0.05,0.0,0.0,0.88,0.14,0.75,1.0,1.0,0.0,0.0,0.0,1.0,0.0,0.0,1.0,1.0,0.0,0.0,0.0,0.0,0.0,0.0,0.0,1.0,0.22988120228948267,16.56804152578089,18.07373785358201
7542,301.64,0.98,1,0.075,0.393,0.041,-0.104,-0.077,0.35,0.04,0.0,0.0,0.02,1.1,0.0,1.14,1.27,0.44,0.05,0.1,0.0,0.0,0.95,0.26,1.22,1.0,1.0,0.0,0.0,0.0,1.0,0.0,0.0,1.0,1.0,0.0,0.0,0.0,0.0,0.0,0.0,0.0,1.0,0.1803191422232109,15.738487856207835,19.6596032513375
7543,301.68,0.98,1,0.056,0.379,0.034,-0.09,-0.077,0.4,0.03,0.0,0.0,0.05,1.02,0.0,1.16,1.28,0.5,0.05,0.14,0.0,0.0,0.99,0.21,1.34,1.0,1.0,0.0,0.0,0.0,1.0,0.0,0.0,1.0,1.0,0.0,0.0,0.0,0.0,0.0,0.0,0.0,1.0,0.16936371172178444,16.829735589129097,20.25487595617402
7544,301.72,0.98,1,0.072,0.334,0.033,-0.084,-0.083,0.28,0.04,0.0,0.0,0.06,1.52,0.0,1.15,1.24,0.43,0.0,0.13,0.0,0.0,0.89,0.14,1.05,1.0,1.0,0.0,0.0,0.0,1.0,0.0,0.0,1.0,1.0,0.0,0.0,0.0,0.0,0.0,0.0,0.0,1.0,0.18513195062269744,18.00444389588304,20.605096456944906
7545,301.76,0.98,1,0.108,0.315,0.047,-0.082,-0.089,0.11,0.06,0.0,0.0,0.14,1.99,0.0,1.17,1.22,0.43,0.01,0.09,0.0,0.0,0.85,0.05,0.64,1.0,1.0,0.0,0.0,0.0,1.0,0.0,0.0,1.0,1.0,0.0,0.0,0.0,0.0,0.0,0.0,0.0,1.0,0.20161758184201092,16.244383644817102,19.077997798511117
7546,301.8,0.98,1,0.126,0.332,0.051,-0.08,-0.09,0.06,0.06,0.0,0.0,0.16,2.25,0.0,1.25,1.22,0.56,0.07,0.12,0.0,0.0,0.82,0.09,0.44,1.0,1.0,0.0,0.0,0.0,1.0,0.0,0.0,1.0,1.0,0.0,0.0,0.0,0.0,1.0,0.0,0.0,1.0,0.18743017763543973,15.953056133543686,18.86637220029335
7547,301.84,0.98,1,0.143,0.322,0.047,-0.08,-0.092,0.04,0.04,0.0,0.0,0.2,2.36,0.0,1.3,1.23,0.6,0.07,0.12,0.0,0.0,0.88,0.13,0.17,0.0,1.0,0.0,0.0,0.0,1.0,0.0,0.0,1.0,1.0,0.0,0.0,0.0,0.0,1.0,0.0,0.0,0.0,0.188974334728104,16.360012224934497,18.611824198610805
7548,301.88,0.98,1,0.13,0.315,0.047,-0.076,-0.093,0.04,0.0,0.0,0.0,0.2,2.46,0.02,1.22,1.24,0.64,0.06,0.1,0.0,0.0,0.93,0.13,0.12,0.0,1.0,0.0,0.0,0.0,1.0,0.0,0.0,1.0,1.0,0.0,0.0,0.0,0.0,1.0,0.0,0.0,0.0,0.19300279247762958,16.509694121939475,19.30414463269472
7549,301.92,0.98,1,0.134,0.304,0.046,-0.076,-0.095,0.06,0.0,0.0,0.0,0.25,2.56,0.02,1.12,1.29,0.55,0.0,0.03,0.0,0.0,0.98,0.1,0.0,0.0,0.0,0.0,0.0,0.0,1.0,0.0,0.0,1.0,1.0,0.0,0.0,0.0,0.0,1.0,0.0,0.0,0.0,0.2038089450647762,16.49848477891236,19.417775361765642
7550,301.96,0.98,1,0.135,0.312,0.047,-0.072,-0.096,0.02,0.0,0.0,0.0,0.32,2.62,0.02,1.1,1.33,0.52,0.0,0.01,0.0,0.0,1.06,0.09,0.0,0.0,0.0,0.0,0.0,1.0,1.0,0.0,0.0,1.0,1.0,0.0,0.0,0.0,0.0,1.0,0.0,0.0,0.0,0.2000866864564549,17.00646935727704,19.714461696937096
7551,302.0,0.98,1,0.126,0.293,0.038,-0.066,-0.095,0.02,0.0,0.0,0.0,0.42,2.79,0.0,1.13,1.35,0.36,0.0,0.01,0.0,0.0,1.17,0.04,0.0,0.0,0.0,0.0,0.0,1.0,1.0,0.0,1.0,1.0,1.0,0.0,0.0,0.0,0.0,1.0,0.0,0.0,0.0,0.20645170053192818,17.404022523543418,17.755280904564703
7552,302.04,0.98,1,0.132,0.289,0.043,-0.066,-0.091,0.0,0.0,0.0,0.0,0.47,2.71,0.0,1.23,1.35,0.47,0.0,0.01,0.0,0.0,1.27,0.04,0.0,0.0,0.0,0.0,0.0,1.0,1.0,0.0,1.0,1.0,1.0,0.0,0.0,0.0,0.0,1.0,0.0,0.0,0.0,0.2094420996184696,17.824140933015574,17.031735084834963
7553,302.08,0.98,1,0.112,0.282,0.039,-0.062,-0.089,0.0,0.0,0.0,0.0,0.52,2.83,0.0,1.31,1.44,0.43,0.0,0.0,0.0,0.0,1.26,0.01,0.0,0.0,0.0,0.0,0.0,1.0,1.0,0.0,1.0,1.0,1.0,0.0,0.0,0.0,0.0,1.0,0.0,0.0,0.0,0.2019522282295331,18.210161998181036,18.18680840609479
7554,302.12,0.98,1,0.123,0.29,0.042,-0.072,-0.083,0.0,0.0,0.0,0.0,0.52,2.76,0.01,1.46,1.55,0.56,0.0,0.0,0.0,0.0,1.3,0.01,0.0,0.0,0.0,0.0,0.0,1.0,1.0,0.0,1.0,1.0,1.0,0.0,0.0,0.0,0.0,1.0,0.0,0.0,0.0,0.22283918753449525,19.064626930522493,19.064626930522266
7555,302.16,0.98,1,0.134,0.283,0.037,-0.074,-0.081,0.0,0.0,0.0,0.0,0.58,2.83,0.01,1.57,1.69,0.56,0.0,0.0,0.0,0.0,1.34,0.01,0.0,0.0,1.0,0.0,0.0,1.0,1.0,0.0,1.0,1.0,1.0,0.0,0.0,0.0,0.0,1.0,0.0,0.0,0.0,0.22346232955605327,19.126944345608376,19.25019480420903
7556,302.2,0.98,1,0.14,0.294,0.04,-0.071,-0.085,0.0,0.09,0.0,0.0,0.63,2.88,0.01,1.6,1.78,0.77,0.0,0.0,0.0,0.0,1.45,0.0,0.0,0.0,1.0,0.0,0.0,1.0,1.0,0.0,1.0,1.0,1.0,0.0,0.0,0.0,0.0,1.0,0.0,0.0,0.0,0.2168543837421525,19.699999999999992,18.10248601711918
7557,302.24,0.98,1,0.134,0.293,0.04,-0.069,-0.09,0.0,0.09,0.0,0.0,0.7,2.93,0.0,1.59,1.85,0.83,0.0,0.0,0.0,0.0,1.49,0.0,0.0,0.0,1.0,0.0,0.0,1.0,1.0,0.0,1.0,1.0,1.0,0.0,0.0,0.0,0.0,1.0,0.0,0.0,0.0,0.21455902582600767,19.72941965694886,18.469975636150867
7558,302.28,0.98,1,0.123,0.295,0.038,-0.06,-0.095,0.0,0.09,0.0,0.0,0.77,2.9,0.0,1.55,1.91,1.0,0.0,0.0,0.0,0.0,1.59,0.0,0.29,0.0,1.0,0.0,0.0,1.0,1.0,0.0,1.0,1.0,1.0,0.0,0.0,0.0,0.0,1.0,0.0,0.0,0.0,0.20686695143910946,19.785095400326117,19.039432764659857
7559,302.32,0.98,1,0.124,0.302,0.036,-0.063,-0.097,0.2,0.1,0.0,0.0,0.68,2.35,0.08,1.55,1.98,1.04,0.0,0.0,0.0,0.0,1.73,0.0,1.03,1.0,1.0,0.0,0.0,1.0,1.0,0.0,1.0,1.0,1.0,0.0,0.0,0.0,0.0,1.0,0.0,0.0,0.0,0.180686880104368,18.189282558693876,18.414125013152304
7560,302.36,0.98,1,0.062,0.386,0.031,-0.08,-0.1,0.36,0.22,0.0,0.0,0.62,1.77,0.11,1.59,2.04,1.16,0.0,0.0,0.0,0.0,1.92,0.0,1.77,1.0,1.0,0.0,0.0,1.0,1.0,0.0,1.0,1.0,1.0,0.0,0.0,0.0,0.0,1.0,0.0,0.0,0.0,0.16865240761193126,15.805062480104231,19.07799779851134
7561,302.4,0.98,1,0.039,0.38,0.033,-0.074,-0.098,0.45,0.23,0.0,0.0,0.59,1.53,0.18,1.64,2.03,1.06,0.0,0.0,0.0,0.0,2.11,0.0,1.86,1.0,1.0,0.0,0.0,1.0,1.0,0.0,1.0,1.0,1.0,0.0,0.0,0.0,0.0,1.0,0.0,0.0,0.0,0.16706112358415803,16.204937519163764,19.573451407455025
7562,302.44,0.98,1,0.064,0.325,0.029,-0.056,-0.103,0.25,0.13,0.0,0.0,0.8,1.92,0.2,1.73,2.01,1.08,0.0,0.0,0.0,0.0,2.2,0.0,1.37,1.0,0.0,0.0,0.0,1.0,1.0,0.0,1.0,1.0,1.0,0.0,0.0,0.0,0.0,1.0,0.0,0.0,0.0,0.17509406719635287,17.11052307791895,20.294087809014627
7563,302.48,0.98,1,0.103,0.3,0.044,-0.056,-0.106,0.11,0.01,0.0,0.0,1.01,2.48,0.18,1.79,2.05,1.02,0.0,0.0,0.0,0.0,2.21,0.0,0.81,1.0,0.0,0.0,0.0,1.0,1.0,0.0,1.0,1.0,1.0,0.0,0.0,0.0,0.0,1.0,0.0,0.0,0.0,0.17748278768062697,17.66380479964599,18.102486017119404
7564,302.52,0.98,1,0.09,0.297,0.04,-0.056,-0.102,0.05,0.0,0.0,0.0,1.09,2.78,0.14,1.84,2.1,1.09,0.0,0.0,0.0,0.0,2.26,0.0,0.43,1.0,0.0,0.0,0.0,1.0,1.0,0.0,1.0,1.0,1.0,0.0,0.0,0.0,0.0,1.0,0.0,0.0,0.0,0.16369516758578967,17.523127574722498,18.146349495146396
7565,302.56,0.98,1,0.1,0.293,0.041,-0.055,-0.101,0.11,0.0,0.0,0.0,1.1,2.96,0.08,1.88,2.18,1.12,0.0,0.0,0.0,0.0,2.33,0.0,0.18,1.0,0.0,0.0,0.0,1.0,1.0,0.0,1.0,1.0,1.0,0.0,0.0,0.0,0.0,1.0,0.0,0.0,0.0,0.16910560277598344,18.27922317824261,18.754199529705474
7566,302.6,0.98,1,0.112,0.295,0.046,-0.056,-0.102,0.16,0.01,0.0,0.0,1.1,3.08,0.08,1.95,2.32,1.16,0.0,0.0,0.0,0.0,2.49,0.0,0.0,1.0,0.0,0.0,0.0,1.0,1.0,0.0,1.0,1.0,1.0,0.0,0.0,0.0,0.0,1.0,1.0,0.0,0.0,0.17504854472720854,18.768324379123506,19.138704240360692
7567,302.64,0.98,1,0.115,0.294,0.045,-0.055,-0.103,0.31,0.17,0.0,0.0,1.13,3.4,0.06,1.97,2.46,1.23,0.0,0.0,0.0,0.0,2.62,0.0,0.0,1.0,0.0,0.0,0.0,1.0,1.0,0.0,1.0,1.0,1.0,0.0,0.0,0.0,0.0,1.0,1.0,0.0,0.0,0.19067844133817416,17.912007146046097,19.150979087242522
7568,302.68,0.98,1,0.118,0.29,0.045,-0.046,-0.105,0.55,0.33,0.0,0.0,1.15,3.4,0.01,1.98,2.63,1.31,0.0,0.0,0.0,0.0,2.69,0.0,0.0,1.0,1.0,0.0,0.0,1.0,1.0,0.0,1.0,1.0,1.0,0.0,0.0,0.0,0.0,1.0,1.0,0.0,0.0,0.19486168721164582,19.02761151589981,20.68743580050452
7569,302.72,0.98,1,0.115,0.308,0.049,-0.046,-0.105,0.97,0.65,0.0,0.0,1.09,3.26,0.0,1.85,2.72,1.33,0.0,0.0,0.0,0.0,2.71,0.17,0.0,1.0,1.0,0.0,0.0,1.0,1.0,0.0,1.0,1.0,1.0,0.0,0.0,0.0,0.0,1.0,1.0,0.0,0.0,0.1960279560782554,19.01630879008844,20.7963939181773
7570,302.76,0.98,1,0.115,0.304,0.056,-0.058,-0.097,1.52,0.98,0.0,0.0,1.08,2.96,0.0,1.87,2.73,1.22,0.0,0.0,0.0,0.0,2.7,0.4,0.0,1.0,1.0,0.0,0.0,1.0,1.0,0.0,1.0,1.0,1.0,0.0,0.0,0.0,0.0,1.0,1.0,0.0,0.0,0.20998782128182336,19.413912537147127,20.696859665176397
7571,302.8,0.98,1,0.106,0.292,0.042,-0.062,-0.086,2.14,1.44,0.0,0.0,1.09,2.7,0.0,1.84,2.68,1.11,0.0,0.0,0.0,0.0,2.61,0.78,0.0,1.0,1.0,0.0,0.0,1.0,1.0,0.0,1.0,1.0,1.0,0.0,0.0,0.0,0.0,1.0,1.0,0.0,0.0,0.20054448249385382,19.99699977496621,20.961154548354532
7572,302.84,0.98,1,0.076,0.286,0.027,-0.061,-0.082,2.79,1.74,0.0,0.0,1.12,2.48,0.0,1.86,2.54,1.1,0.07,0.01,0.0,0.0,2.39,1.01,0.0,1.0,1.0,0.0,0.0,1.0,1.0,0.0,1.0,1.0,1.0,0.0,0.0,0.0,0.0,1.0,1.0,0.0,0.0,0.19938053632200448,21.44621178670019,23.32595121318738
7573,302.88,0.98,1,0.073,0.289,0.031,-0.069,-0.078,3.26,2.03,0.0,0.0,1.08,2.5,0.0,1.67,2.45,1.16,0.07,0.12,0.0,0.0,2.14,1.47,0.0,1.0,1.0,0.0,0.0,1.0,1.0,0.0,1.0,1.0,1.0,0.0,0.0,0.0,0.0,1.0,1.0,0.0,0.0,0.2118159082459758,21.694699813548926,23.50531854708632
7574,302.92,0.98,1,0.062,0.298,0.055,-0.072,-0.072,3.61,2.11,0.0,0.0,1.02,2.67,0.0,1.52,2.45,1.22,0.07,0.12,0.0,0.0,2.08,1.68,0.0,1.0,1.0,0.0,0.0,1.0,1.0,0.0,1.0,1.0,1.0,0.0,0.0,0.0,0.0,1.0,1.0,0.0,0.0,0.21167120010602483,21.910727965998703,24.113274352522005
7575,302.96,0.98,1,0.049,0.31,0.083,-0.06,-0.072,3.85,2.22,0.0,0.0,1.05,2.95,0.0,1.47,2.52,1.16,0.0,0.11,0.0,0.0,2.21,1.81,0.0,1.0,1.0,0.0,0.0,1.0,1.0,0.0,1.0,1.0,1.0,0.0,0.0,0.0,0.0,1.0,1.0,0.0,0.0,0.20914473667018335,21.335416564951156,24.313165157996142
7576,303.0,0.98,1,0.046,0.319,0.091,-0.049,-0.068,4.09,2.28,0.0,0.0,1.08,3.1,0.0,1.49,2.54,1.03,0.0,0.0,0.0,0.0,2.42,1.69,0.07,1.0,1.0,0.0,0.0,1.0,1.0,0.0,1.0,1.0,1.0,0.0,0.0,0.0,0.0,1.0,1.0,0.0,0.0,0.20809855921089424,20.61771083316478,23.91338537304983
7577,303.04,0.98,1,0.032,0.329,0.107,-0.035,-0.069,4.31,2.45,0.0,0.0,1.06,2.99,0.0,1.58,2.57,0.86,0.0,0.0,0.0,0.0,2.58,1.59,0.29,1.0,1.0,0.0,0.0,1.0,1.0,0.0,1.0,1.0,1.0,0.0,0.0,0.0,0.0,1.0,1.0,0.0,0.0,0.20886771915789218,21.33541656495138,23.907530194480657
7578,303.08,0.98,1,-0.017,0.357,0.106,-0.025,-0.069,4.39,2.59,0.0,0.01,0.96,3.01,0.0,1.51,2.55,0.86,0.0,0.0,0.03,0.0,2.63,1.65,0.48,1.0,1.0,0.0,0.0,1.0,1.0,0.0,1.0,1.0,1.0,0.0,0.0,0.0,0.0,1.0,1.0,0.0,0.0,0.1884829866781374,23.14865006863242,21.70575960430784
7579,303.12,0.98,1,-0.049,0.357,0.115,-0.014,-0.071,4.15,2.34,0.0,0.01,0.99,3.01,0.0,1.48,2.7,0.93,0.0,0.11,0.03,0.0,2.69,1.75,0.52,1.0,1.0,0.0,0.0,1.0,1.0,0.0,1.0,1.0,1.0,0.0,0.0,0.0,0.0,1.0,1.0,0.0,0.0,0.19185211062402718,24.534465553584,21.10023696549415
7580,303.16,0.98,1,-0.031,0.375,0.129,-0.026,-0.042,3.71,2.06,0.0,0.06,0.93,3.08,0.0,1.5,2.74,1.02,0.01,0.11,0.16,0.0,2.78,1.85,0.38,1.0,1.0,0.0,0.0,1.0,1.0,0.0,1.0,1.0,1.0,0.0,0.0,0.0,0.0,1.0,1.0,0.0,0.0,0.20096155184910552,21.645322820415416,19.70634415613413
7581,303.2,0.98,1,-0.051,0.352,0.117,-0.026,-0.059,3.34,1.95,0.0,0.06,0.98,3.0,0.0,1.56,2.87,1.16,0.04,0.22,0.16,0.0,2.91,1.81,0.44,1.0,1.0,0.0,0.0,1.0,1.0,0.0,1.0,1.0,1.0,0.0,0.0,0.0,0.0,1.0,1.0,0.0,0.0,0.22133654928700297,24.34625227832836,20.802163349036515
7582,303.24,0.98,1,-0.034,0.382,0.132,-0.012,-0.059,3.14,1.98,0.0,0.06,0.83,2.59,0.0,1.75,2.92,1.27,0.07,0.17,0.16,0.0,2.8,1.4,1.1,1.0,1.0,0.0,0.0,1.0,1.0,0.0,1.0,1.0,1.0,0.0,0.0,0.0,0.0,1.0,1.0,0.0,0.0,0.2155016783734121,21.838727069131064,20.603883129157868
7583,303.28,0.98,1,-0.021,0.381,0.101,-0.032,-0.032,3.0,1.95,0.0,0.01,0.86,2.2,0.0,1.79,3.06,1.48,0.07,0.17,0.06,0.0,2.64,0.96,2.02,1.0,1.0,0.0,0.0,1.0,1.0,0.0,1.0,1.0,1.0,0.0,0.0,0.0,0.0,1.0,1.0,0.0,1.0,0.18188522563437143,18.117670931993345,18.532673849177836
7584,303.32,0.98,1,-0.045,0.444,0.118,-0.016,-0.04,2.46,1.45,0.0,0.0,0.8,1.94,0.0,1.77,3.03,1.47,0.04,0.17,0.02,0.0,2.41,0.56,2.47,1.0,1.0,0.0,0.0,1.0,1.0,0.0,1.0,1.0,1.0,0.0,0.0,0.0,0.0,1.0,1.0,0.0,1.0,0.1546714527528651,18.96760396043724,20.8693555243088
7585,303.36,0.98,1,-0.026,0.41,0.106,-0.019,-0.015,1.9,1.08,0.0,0.0,0.94,2.15,0.01,1.63,2.93,1.37,0.01,0.12,0.02,0.0,2.21,0.46,2.32,1.0,1.0,0.0,0.0,1.0,1.0,0.0,1.0,1.0,1.0,0.0,0.0,0.0,0.0,1.0,1.0,0.0,1.0,0.1568074452476036,18.83825894290677,19.012890364171355
7586,303.4,0.98,1,-0.011,0.372,0.109,-0.012,-0.033,1.32,0.72,0.0,0.0,1.05,2.77,0.01,1.48,2.79,1.16,0.0,0.15,0.0,0.0,2.06,0.55,1.76,1.0,1.0,0.0,0.0,1.0,1.0,0.0,1.0,1.0,1.0,0.0,0.0,0.0,0.0,1.0,1.0,0.0,1.0,0.1445337544456354,17.704519197086192,18.97630100941684
7587,303.44,0.98,1,0.017,0.367,0.117,-0.017,-0.03,0.99,0.45,0.0,0.0,1.19,3.42,0.01,1.42,2.67,1.02,0.0,0.11,0.0,0.0,2.09,0.98,1.31,1.0,1.0,0.0,0.0,1.0,1.0,0.0,1.0,1.0,1.0,0.0,0.0,0.0,0.0,1.0,1.0,0.0,1.0,0.14753648376717898,18.702406262296655,18.0897761180176
7588,303.48,0.98,1,0.027,0.36,0.118,-0.02,-0.04,0.81,0.25,0.0,0.0,1.13,3.7,0.0,1.27,2.51,0.96,0.0,0.18,0.0,0.0,2.31,1.56,0.87,1.0,0.0,0.0,0.0,1.0,1.0,0.0,1.0,1.0,1.0,0.0,0.0,0.0,0.0,1.0,1.0,0.0,1.0,0.16135081319562516,18.9129585205489,20.171762441591593
7589,303.52,0.98,1,0.029,0.345,0.116,-0.023,-0.049,0.67,0.21,0.0,0.0,1.09,3.66,0.0,1.2,2.3,0.95,0.0,0.23,0.0,0.0,2.6,2.21,0.66,0.0,0.0,0.0,0.0,1.0,1.0,0.0,1.0,1.0,1.0,0.0,0.0,0.0,0.0,1.0,1.0,0.0,0.0,0.16931838239007468,20.130076999356096,18.73846311734241
7590,303.56,0.98,1,0.037,0.346,0.119,-0.027,-0.062,0.67,0.34,0.0,0.0,1.03,3.36,0.0,1.12,2.15,0.96,0.0,0.28,0.05,0.0,2.75,2.55,0.44,0.0,0.0,0.0,0.0,1.0,1.0,0.0,1.0,1.0,1.0,0.0,0.0,0.0,0.0,1.0,1.0,0.0,0.0,0.1730981716524761,20.934421415458417,19.15880998392126
7591,303.6,0.98,1,0.044,0.331,0.102,-0.022,-0.075,0.62,0.31,0.0,0.0,1.06,3.2,0.0,1.17,2.14,0.87,0.0,0.28,0.11,0.0,2.8,2.68,0.24,0.0,0.0,0.0,0.0,1.0,1.0,0.0,1.0,1.0,1.0,0.0,0.0,0.0,0.0,1.0,1.0,0.0,0.0,0.1750309528588775,21.0535032714273,20.578872661057016
7592,303.64,0.98,1,0.05,0.325,0.087,-0.015,-0.089,0.65,0.31,0.0,0.0,1.06,3.1,0.0,1.18,2.15,0.81,0.0,0.31,0.18,0.0,2.79,2.68,0.02,0.0,0.0,0.0,0.0,1.0,1.0,0.0,1.0,1.0,1.0,0.0,0.0,0.0,0.0,1.0,1.0,0.0,0.0,0.17292568189321522,21.06869715953029,21.10473880435386
7593,303.68,0.98,1,0.053,0.308,0.075,-0.014,-0.096,0.5,0.21,0.0,0.0,1.07,2.98,0.01,1.14,2.14,0.8,0.0,0.18,0.15,0.0,2.82,2.71,0.17,0.0,0.0,0.0,0.0,1.0,1.0,0.0,1.0,1.0,1.0,0.0,0.0,0.0,0.0,1.0,1.0,0.0,0.0,0.17598599456345718,21.015470491996936,21.722108553268967
7594,303.72,0.98,1,0.054,0.306,0.067,-0.015,-0.101,0.5,0.36,0.0,0.0,1.03,2.86,0.03,1.13,2.1,0.88,0.0,0.14,0.11,0.0,2.93,2.7,0.19,0.0,0.0,0.0,0.0,1.0,1.0,0.0,1.0,1.0,1.0,0.0,0.0,0.0,0.0,1.0,1.0,0.0,0.0,0.17668833461997013,21.095023109728988,21.214381914163823
7595,303.76,0.98,1,0.052,0.306,0.06,-0.017,-0.102,0.45,0.33,0.0,0.0,1.02,2.83,0.08,1.1,2.07,0.87,0.0,0.03,0.03,0.0,2.98,2.69,0.21,0.0,0.0,0.0,0.0,1.0,1.0,0.0,1.0,1.0,1.0,0.0,0.0,0.0,0.0,1.0,1.0,0.0,0.0,0.17385424870548563,20.41886382735333,21.00523744212379
7596,303.8,0.98,1,0.052,0.307,0.064,-0.021,-0.1,0.52,0.43,0.0,0.0,1.02,3.03,0.13,1.1,2.04,0.8,0.0,0.03,0.02,0.0,3.0,2.64,0.06,0.0,0.0,0.0,0.0,1.0,1.0,0.0,1.0,1.0,1.0,0.0,0.0,0.0,0.0,1.0,1.0,0.0,0.0,0.1750993978350899,20.507803392855212,21.114923632350756
7597,303.84,0.98,1,0.037,0.299,0.066,-0.026,-0.096,0.49,0.38,0.0,0.0,1.03,3.11,0.16,1.02,2.06,0.73,0.0,0.0,0.0,0.0,3.01,2.65,0.04,0.0,0.0,0.0,0.0,1.0,1.0,0.0,1.0,1.0,1.0,0.0,0.0,0.0,0.0,1.0,1.0,0.0,0.0,0.17546169701552797,21.125576915199257,21.42381852051596
7598,303.88,0.98,1,0.038,0.291,0.059,-0.031,-0.091,0.45,0.43,0.0,0.0,0.99,3.01,0.1,1.05,2.05,0.66,0.0,0.0,0.0,0.0,2.9,2.63,0.02,0.0,0.0,0.0,0.0,1.0,1.0,0.0,1.0,1.0,1.0,0.0,0.0,0.0,0.0,1.0,1.0,0.0,0.0,0.18070178951691362,21.475567512873873,21.40327077808432
7599,303.92,0.98,1,0.034,0.297,0.057,-0.033,-0.086,0.39,0.41,0.0,0.0,0.94,2.83,0.06,1.15,2.08,0.6,0.0,0.0,0.0,0.0,2.84,2.52,0.07,0.0,0.0,0.0,0.0,1.0,1.0,0.0,1.0,1.0,1.0,0.0,0.0,0.0,0.0,1.0,1.0,0.0,0.0,0.17454701913267895,21.475567512873656,21.40327077808431
7600,303.96,0.98,1,0.032,0.294,0.06,-0.035,-0.079,0.33,0.38,0.0,0.0,1.1,2.9,0.05,1.43,2.15,0.69,0.0,0.0,0.0,0.0,2.57,2.18,0.07,0.0,0.0,0.0,0.0,1.0,1.0,0.0,1.0,1.0,1.0,0.0,0.0,0.0,0.0,1.0,1.0,0.0,0.0,0.17504353314972976,21.47556751287365,21.683403791840338
7601,304.0,0.98,1,0.049,0.297,0.048,-0.044,-0.107,0.28,0.2,0.0,0.0,1.29,3.21,0.05,1.64,2.27,0.81,0.0,0.0,0.0,0.0,2.51,1.74,0.07,0.0,0.0,0.0,0.0,1.0,1.0,0.0,1.0,1.0,1.0,0.0,0.0,0.0,0.0,1.0,1.0,0.0,0.0,0.17367405688815113,21.26029162546934,19.964217991196232
7602,304.04,0.98,1,0.044,0.291,0.037,-0.041,-0.11,0.28,0.18,0.0,0.0,1.46,3.4,0.04,1.83,2.39,0.94,0.0,0.0,0.0,0.0,2.41,1.17,0.01,0.0,0.0,0.0,0.0,1.0,1.0,0.0,1.0,1.0,1.0,0.0,0.0,0.0,0.0,1.0,1.0,0.0,0.0,0.17095265260987272,20.940391591372013,20.16358103115606
7603,304.08,0.98,1,0.04,0.287,0.037,-0.035,-0.111,0.28,0.17,0.0,0.0,1.43,3.49,0.0,1.75,2.46,1.0,0.0,0.0,0.0,0.0,2.49,0.77,0.01,1.0,0.0,0.0,0.0,1.0,1.0,0.0,1.0,1.0,1.0,0.0,0.0,0.0,0.0,1.0,1.0,0.0,0.0,0.17172309165648036,20.62934802653748,19.85673689204745
7604,304.12,0.98,1,0.039,0.294,0.042,-0.039,-0.103,0.28,0.24,0.0,0.0,1.39,3.44,0.04,1.72,2.52,1.06,0.0,0.0,0.0,0.0,2.41,0.6,0.01,1.0,0.0,0.0,0.0,1.0,1.0,0.0,1.0,1.0,1.0,0.0,0.0,0.0,0.0,1.0,1.0,0.0,0.0,0.1749597925557117,20.524375751773793,20.541178155110778
7605,304.16,0.98,1,0.044,0.302,0.052,-0.047,-0.095,0.2,0.22,0.0,0.0,1.35,3.21,0.04,1.66,2.53,1.02,0.0,0.0,0.0,0.0,2.36,0.65,0.29,1.0,0.0,0.0,0.0,1.0,1.0,0.0,1.0,1.0,1.0,0.0,0.0,0.0,0.0,1.0,1.0,0.0,0.0,0.18035483524091528,20.61965082148594,20.435263639111774
7606,304.2,0.98,1,0.02,0.304,0.05,-0.053,-0.085,0.45,0.36,0.0,0.0,1.17,2.55,0.04,1.76,2.55,1.06,0.0,0.0,0.0,0.0,2.44,0.63,1.17,1.0,1.0,0.0,0.0,1.0,1.0,0.0,1.0,1.0,1.0,0.0,0.0,0.0,0.0,1.0,1.0,0.0,0.0,0.19065508473942283,17.235138525698062,18.57794391206949
7607,304.24,0.98,1,0.033,0.407,0.048,-0.075,-0.073,0.61,0.48,0.0,0.0,1.04,2.0,0.0,1.84,2.59,1.18,0.0,0.0,0.0,0.0,2.58,0.51,1.82,1.0,1.0,0.0,0.0,1.0,1.0,0.0,1.0,1.0,1.0,0.0,0.0,0.0,0.0,1.0,1.0,0.0,0.0,0.1560947532326919,17.863090438107243,19.791412279066954
7608,304.28,0.98,1,0.018,0.405,0.047,-0.066,-0.068,0.8,0.68,0.0,0.0,0.99,1.84,0.01,1.95,2.6,1.3,0.0,0.0,0.0,0.0,2.7,0.36,1.95,1.0,0.0,0.0,0.0,1.0,1.0,0.0,1.0,1.0,1.0,0.0,0.0,0.0,0.0,1.0,1.0,0.0,0.0,0.15534237758512834,17.428711943227565,18.261708572858172
7609,304.32,0.98,1,0.033,0.34,0.038,-0.055,-0.058,0.55,0.5,0.0,0.0,1.11,2.26,0.06,2.04,2.55,1.28,0.0,0.0,0.0,0.0,2.58,0.29,1.35,1.0,0.0,0.0,0.0,1.0,1.0,0.0,1.0,1.0,1.0,0.0,0.0,0.0,0.0,1.0,1.0,0.0,0.0,0.16287147864067053,17.80449381476481,17.880995498014045
7610,304.36,0.98,1,0.039,0.314,0.051,-0.056,-0.057,0.33,0.31,0.0,0.0,1.24,2.69,0.1,2.07,2.46,1.17,0.0,0.0,0.0,0.0,2.52,0.29,0.82,1.0,0.0,0.0,0.0,1.0,1.0,0.0,1.0,1.0,1.0,0.0,0.0,0.0,0.0,1.0,1.0,0.0,0.0,0.16251997264759294,17.407182425654163,19.911052207254098
7611,304.4,0.98,1,0.039,0.32,0.058,-0.051,-0.052,0.16,0.05,0.0,0.0,1.36,3.0,0.1,2.11,2.44,1.14,0.0,0.0,0.0,0.0,2.51,0.42,0.47,1.0,0.0,0.0,0.0,1.0,1.0,0.0,1.0,1.0,1.0,0.0,0.0,0.0,0.0,1.0,1.0,0.0,0.0,0.1496151707165411,16.801190434013847,18.469434208984406
7612,304.44,0.98,1,0.042,0.323,0.062,-0.054,-0.047,0.12,0.06,0.0,0.0,1.45,3.0,0.06,2.04,2.48,1.06,0.0,0.0,0.0,0.0,2.51,0.55,0.26,1.0,0.0,0.0,0.0,1.0,1.0,0.0,1.0,1.0,1.0,0.0,0.0,0.0,0.0,1.0,1.0,0.0,0.0,0.1629596433839231,17.000294115102832,19.131649170941987
7613,304.48,0.98,1,0.045,0.329,0.068,-0.059,-0.042,0.14,0.06,0.0,0.03,1.53,3.07,0.03,1.99,2.51,1.02,0.0,0.0,0.0,0.0,2.45,0.57,0.14,1.0,0.0,0.0,0.0,1.0,1.0,0.0,1.0,1.0,1.0,0.0,0.0,0.0,0.0,1.0,1.0,0.0,0.0,0.17153433321430828,17.402586014727902,20.124860247962108
7614,304.52,0.98,1,0.048,0.328,0.068,-0.06,-0.04,0.16,0.11,0.0,0.03,1.57,3.08,0.02,1.94,2.53,0.98,0.0,0.0,0.0,0.0,2.34,0.45,0.07,1.0,0.0,0.0,0.0,1.0,1.0,0.0,1.0,1.0,1.0,0.0,0.0,0.0,0.0,1.0,1.0,0.0,0.0,0.1751193040545307,18.000277775634462,19.730686759461815
7615,304.56,0.98,1,0.049,0.325,0.079,-0.055,-0.044,0.18,0.05,0.0,0.03,1.56,3.06,0.01,1.97,2.49,0.98,0.0,0.0,0.0,0.0,2.28,0.35,0.0,1.0,0.0,0.0,0.0,1.0,1.0,0.0,1.0,1.0,1.0,0.0,0.0,0.0,0.0,1.0,1.0,0.0,0.0,0.17908627817822723,18.200274723201343,20.115914098046762
7616,304.6,0.98,1,0.047,0.313,0.071,-0.052,-0.045,0.23,0.05,0.0,0.04,1.55,2.99,0.01,2.04,2.5,1.05,0.0,0.0,0.0,0.0,2.28,0.3,0.0,1.0,0.0,0.0,0.0,1.0,1.0,0.0,1.0,1.0,1.0,0.0,0.0,0.0,0.0,1.0,1.0,0.0,0.0,0.1737361718980998,18.804254837669006,20.41200627082021
7617,304.64,0.98,1,0.051,0.31,0.072,-0.052,-0.045,0.25,0.0,0.0,0.05,1.54,2.96,0.02,2.1,2.53,1.17,0.0,0.0,0.0,0.0,2.33,0.29,0.0,1.0,0.0,0.0,0.0,1.0,1.0,0.0,1.0,1.0,1.0,0.0,0.0,0.0,0.0,1.0,1.0,0.0,0.0,0.17627693057343963,18.606719216455023,21.20377324911776
7618,304.68,0.98,1,0.047,0.304,0.066,-0.052,-0.044,0.3,0.08,0.0,0.11,1.53,3.13,0.01,2.11,2.55,1.29,0.0,0.0,0.0,0.0,2.37,0.36,0.0,1.0,0.0,0.0,0.0,1.0,1.0,0.0,1.0,1.0,1.0,0.0,0.0,0.0,0.0,1.0,1.0,0.0,0.0,0.1767496237130748,19.40927613281842,21.299999999999955
7619,304.72,0.98,1,0.054,0.319,0.073,-0.056,-0.046,0.36,0.26,0.0,0.15,1.5,3.14,0.01,2.1,2.56,1.41,0.0,0.0,0.0,0.0,2.34,0.38,0.0,1.0,0.0,0.0,0.0,1.0,1.0,0.0,1.0,1.0,1.0,0.0,0.0,0.0,0.0,1.0,1.0,0.0,0.0,0.17837467680218544,19.32097306038177,21.508370463612533
7620,304.76,0.98,1,0.056,0.324,0.071,-0.056,-0.049,0.39,0.37,0.0,0.19,1.48,3.06,0.0,2.06,2.52,1.47,0.0,0.0,0.0,0.0,2.31,0.36,0.0,1.0,0.0,0.0,0.0,1.0,1.0,0.0,1.0,1.0,1.0,0.0,0.0,0.0,0.0,1.0,1.0,0.0,0.0,0.18303434878139985,19.116746585128055,22.105655384991554
7621,304.8,0.98,1,0.062,0.318,0.069,-0.06,-0.052,0.34,0.37,0.0,0.14,1.46,3.09,0.0,2.07,2.53,1.44,0.0,0.0,0.0,0.0,2.34,0.27,0.0,1.0,0.0,0.0,0.0,1.0,1.0,0.0,1.0,1.0,1.0,0.0,0.0,0.0,0.0,1.0,1.0,0.0,0.0,0.1897033930625988,19.32097306038177,21.905707018948146
7622,304.84,0.98,1,0.065,0.322,0.07,-0.061,-0.056,0.33,0.3,0.0,0.11,1.46,3.08,0.0,2.16,2.56,1.32,0.0,0.0,0.0,0.0,2.45,0.26,0.0,1.0,0.0,0.0,0.0,1.0,1.0,0.0,1.0,1.0,1.0,0.0,0.0,0.0,0.0,1.0,1.0,0.0,0.0,0.1840379584548559,19.54328529188478,22.103619613086135
7623,304.88,0.98,1,0.068,0.316,0.072,-0.062,-0.059,0.35,0.42,0.0,0.06,1.43,3.17,0.0,2.24,2.59,1.27,0.0,0.0,0.0,0.0,2.48,0.3,0.0,1.0,0.0,0.0,0.0,1.0,1.0,0.0,1.0,1.0,1.0,0.0,0.0,0.0,0.0,1.0,1.0,0.0,0.0,0.19449189608120876,19.243960091415737,21.50581316760657
7624,304.92,0.98,1,0.075,0.324,0.074,-0.061,-0.064,0.44,0.54,0.0,0.07,1.47,3.06,0.05,2.3,2.56,1.34,0.0,0.0,0.0,0.0,2.53,0.41,0.0,1.0,0.0,0.0,0.0,1.0,1.0,0.0,1.0,1.0,1.0,0.0,0.0,0.0,0.0,1.0,1.0,0.0,0.0,0.18504293008092854,19.565530915362356,21.405840324547036
7625,304.96,0.98,1,0.077,0.316,0.072,-0.069,-0.061,0.43,0.43,0.0,0.1,1.51,3.02,0.05,2.27,2.53,1.34,0.0,0.0,0.0,0.0,2.49,0.41,0.0,1.0,0.0,0.0,0.0,1.0,1.0,0.0,1.0,1.0,1.0,0.0,0.0,0.0,0.0,1.0,1.0,0.0,0.0,0.19141915926103414,20.063897926375127,21.405840324547036
7626,305.0,0.98,1,0.081,0.314,0.072,-0.064,-0.065,0.38,0.29,0.0,0.14,1.57,2.97,0.1,2.24,2.49,1.19,0.0,0.0,0.0,0.0,2.49,0.48,0.0,1.0,0.0,0.0,0.0,1.0,1.0,0.0,1.0,1.0,1.0,0.0,0.0,0.0,0.0,1.0,1.0,0.0,0.0,0.18879935515466312,20.441379601191393,21.80573319106693
7627,305.04,0.98,1,0.086,0.31,0.078,-0.081,-0.062,0.28,0.17,0.0,0.15,1.54,3.03,0.06,2.15,2.45,1.01,0.0,0.0,0.0,0.0,2.42,0.52,0.0,1.0,1.0,0.0,0.0,1.0,1.0,0.0,1.0,1.0,1.0,0.0,0.0,0.0,0.0,1.0,1.0,0.0,0.0,0.21369346560694724,20.977368757782852,21.414948050368796
7628,305.08,0.98,1,0.096,0.324,0.082,-0.08,-0.062,0.25,0.4,0.0,0.22,1.5,3.11,0.06,2.07,2.43,0.91,0.0,0.0,0.0,0.0,2.47,0.67,0.0,1.0,1.0,0.0,0.0,1.0,1.0,0.0,1.0,1.0,1.0,0.0,0.0,0.0,0.0,1.0,1.0,0.0,0.0,0.18555635415409838,20.529247428972994,21.611339616044077
7629,305.12,0.98,1,0.099,0.317,0.084,-0.091,-0.06,0.26,0.35,0.0,0.25,1.51,3.25,0.04,2.05,2.41,0.93,0.0,0.0,0.0,0.0,2.51,0.73,0.0,1.0,1.0,0.0,0.0,1.0,1.0,0.0,1.0,1.0,1.0,0.0,0.0,0.0,0.0,1.0,1.0,0.0,0.0,0.20172894585394877,20.45336158190135,22.014540649307218
7630,305.16,0.98,1,0.1,0.314,0.081,-0.088,-0.061,0.25,0.35,0.0,0.36,1.54,3.14,0.06,2.07,2.44,0.98,0.0,0.0,0.0,0.0,2.51,0.83,0.0,1.0,1.0,0.0,0.0,1.0,1.0,0.0,1.0,1.0,1.0,0.0,0.0,0.0,0.0,1.0,1.0,0.0,0.0,0.1865871377987508,20.23116407921218,21.511392330576836
7631,305.2,0.98,1,0.088,0.318,0.077,-0.099,-0.059,0.36,0.26,0.0,0.22,1.47,2.73,0.06,2.1,2.47,1.14,0.0,0.0,0.03,0.0,2.56,0.82,0.39,1.0,1.0,0.0,0.0,1.0,1.0,0.0,1.0,1.0,1.0,0.0,0.0,0.0,0.0,1.0,1.0,0.0,0.0,0.1999387896555211,19.764867821465486,22.337860237721923
7632,305.24,0.98,1,0.068,0.418,0.079,-0.119,-0.058,0.64,0.59,0.0,0.15,1.22,2.09,0.02,2.15,2.5,1.23,0.0,0.0,0.03,0.0,2.6,0.76,0.94,1.0,1.0,0.0,0.0,1.0,1.0,0.0,1.0,1.0,1.0,0.0,0.0,0.0,0.0,1.0,1.0,0.0,1.0,0.1767899081453035,17.402586014727902,20.74728897952698
7633,305.28,0.98,1,0.025,0.408,0.06,-0.132,-0.055,0.77,0.81,0.0,0.04,1.1,1.73,0.0,2.12,2.48,1.35,0.0,0.0,0.04,0.0,2.74,0.58,1.28,1.0,1.0,0.0,0.0,1.0,1.0,0.0,1.0,1.0,1.0,0.0,0.0,0.0,0.0,1.0,1.0,0.0,1.0,0.15245247553502866,18.439088914585643,25.49509756796401
7634,305.32,0.98,1,0.047,0.387,0.045,-0.123,-0.051,0.7,0.78,0.0,0.14,1.16,1.88,0.0,2.11,2.42,1.31,0.0,0.0,0.01,0.0,2.69,0.55,1.14,1.0,1.0,0.0,0.0,1.0,1.0,0.0,1.0,1.0,1.0,0.0,0.0,0.0,0.0,1.0,1.0,0.0,1.0,0.15175298389527683,17.235138525698055,20.32978111047923
7635,305.36,0.98,1,0.079,0.33,0.053,-0.116,-0.049,0.53,0.56,0.0,0.16,1.39,2.34,0.0,2.1,2.38,1.34,0.0,0.0,0.01,0.0,2.61,0.49,0.6,1.0,1.0,0.0,0.0,1.0,1.0,0.0,1.0,1.0,1.0,0.0,0.0,0.0,0.0,1.0,1.0,0.0,1.0,0.1533544232263222,17.20726590716822,19.01630879008867
7636,305.4,0.98,1,0.098,0.331,0.067,-0.126,-0.05,0.4,0.34,0.0,0.23,1.49,2.65,0.0,2.16,2.38,1.31,0.0,0.0,0.01,0.0,2.51,0.38,0.25,1.0,1.0,0.0,0.0,1.0,1.0,0.0,1.0,1.0,1.0,0.0,0.0,0.0,0.0,1.0,1.0,0.0,0.0,0.15535523513771096,15.901257811884031,17.304623659588827
7637,305.44,0.98,1,0.103,0.344,0.071,-0.13,-0.051,0.52,0.5,0.0,0.37,1.53,2.76,0.0,2.2,2.37,1.28,0.0,0.0,0.09,0.0,2.47,0.27,0.0,1.0,1.0,0.0,0.0,1.0,1.0,0.0,1.0,1.0,1.0,0.0,0.0,0.0,0.0,1.0,1.0,0.0,0.0,0.1658316257751571,16.70119756185171,17.075128110793198
7638,305.48,0.98,1,0.097,0.347,0.071,-0.126,-0.053,0.58,0.55,0.0,0.6,1.5,2.69,0.0,2.17,2.37,1.2,0.0,0.0,0.09,0.0,2.57,0.18,0.0,1.0,1.0,0.0,0.0,1.0,1.0,0.0,1.0,1.0,1.0,0.0,0.0,0.0,0.0,1.0,1.0,0.0,0.0,0.1730992510453238,17.00735135169495,19.158809983921373
7639,305.52,0.98,1,0.111,0.348,0.075,-0.122,-0.054,0.82,0.71,0.0,0.78,1.47,2.74,0.0,2.08,2.41,1.17,0.0,0.0,0.09,0.0,2.58,0.22,0.0,1.0,1.0,0.0,0.0,1.0,1.0,0.0,1.0,1.0,1.0,0.0,0.0,0.0,0.0,1.0,1.0,0.0,0.0,0.17538568229294682,17.107308379753867,19.557607215607945
7640,305.56,0.98,1,0.113,0.338,0.071,-0.115,-0.057,0.8,0.66,0.0,0.76,1.43,2.75,0.0,2.06,2.45,1.23,0.0,0.0,0.0,0.0,2.73,0.18,0.0,1.0,1.0,0.0,0.0,1.0,1.0,0.0,1.0,1.0,1.0,0.0,0.0,0.0,0.0,1.0,1.0,0.0,0.0,0.17430009385617445,18.4024454896626,19.75702406740453
7641,305.6,0.98,1,0.109,0.339,0.071,-0.118,-0.059,0.79,0.71,0.0,0.68,1.37,2.89,0.0,2.02,2.46,1.19,0.0,0.0,0.03,0.0,2.73,0.21,0.0,1.0,1.0,0.0,0.0,1.0,1.0,0.0,1.0,1.0,1.0,0.0,0.0,0.0,0.0,1.0,1.0,0.0,0.0,0.18578010801961403,18.01776900728833,20.441379601191393
7642,305.64,0.98,1,0.1,0.339,0.069,-0.112,-0.061,0.7,0.65,0.0,0.59,1.36,3.01,0.0,2.04,2.42,1.07,0.0,0.0,0.05,0.0,2.8,0.3,0.0,1.0,1.0,0.0,0.0,1.0,1.0,0.0,1.0,1.0,1.0,0.0,0.0,0.0,0.0,1.0,1.0,0.0,0.0,0.18953589575442475,18.11767093199358,20.940391591371785
7643,305.68,0.98,1,0.107,0.341,0.074,-0.107,-0.065,0.67,0.58,0.0,0.55,1.4,3.24,0.0,1.96,2.39,0.9,0.0,0.0,0.07,0.0,2.75,0.35,0.0,1.0,1.0,0.0,0.0,1.0,1.0,0.0,1.0,1.0,1.0,0.0,0.0,0.0,0.0,1.0,1.0,0.0,0.0,0.1875226925705436,18.317477992343772,21.046614929722068
7644,305.72,0.98,1,0.107,0.343,0.071,-0.108,-0.066,0.64,0.41,0.0,0.65,1.43,3.24,0.0,1.97,2.39,0.87,0.0,0.0,0.07,0.0,2.79,0.37,0.0,1.0,1.0,0.0,0.0,1.0,1.0,0.0,1.0,1.0,1.0,0.0,0.0,0.0,0.0,1.0,1.0,0.0,0.0,0.18224444214530583,18.217573932881447,21.26029162546934
7645,305.76,0.98,1,0.104,0.34,0.068,-0.105,-0.069,0.56,0.24,0.0,0.72,1.45,3.18,0.0,1.96,2.3,0.88,0.0,0.0,0.04,0.0,2.82,0.4,0.0,1.0,1.0,0.0,0.0,1.0,1.0,0.0,1.0,1.0,1.0,0.0,0.0,0.0,0.0,1.0,1.0,0.0,0.0,0.18073188412895586,18.31338308450949,21.345959805077822
7646,305.8,0.98,1,0.104,0.336,0.064,-0.114,-0.071,0.55,0.13,0.0,0.79,1.36,3.03,0.0,1.93,2.15,0.84,0.0,0.0,0.02,0.0,2.62,0.52,0.0,1.0,1.0,0.0,0.0,1.0,1.0,0.0,1.0,1.0,1.0,0.0,0.0,0.0,0.0,1.0,1.0,0.0,0.0,0.18321207843581094,18.7216452268491,21.260291625469346
7647,305.84,0.98,1,0.106,0.341,0.071,-0.115,-0.075,0.59,0.19,0.0,0.91,1.2,2.96,0.02,1.85,1.92,0.87,0.0,0.0,0.0,0.0,2.24,0.63,0.0,1.0,1.0,0.0,0.0,1.0,1.0,0.0,1.0,1.0,1.0,0.0,0.0,0.0,0.0,1.0,1.0,0.0,0.0,0.18739699291920398,18.721645226849105,21.345959805077822
7648,305.88,0.98,1,0.123,0.35,0.07,-0.121,-0.077,0.69,0.23,0.0,0.94,1.0,2.79,0.02,1.83,1.73,0.71,0.0,0.0,0.02,0.0,1.92,0.77,0.0,1.0,1.0,0.0,0.0,1.0,1.0,0.0,1.0,1.0,1.0,0.0,0.0,0.0,0.0,1.0,1.0,0.0,0.0,0.1848879684929492,18.327302038216054,20.59732992404598
7649,305.92,0.98,1,0.121,0.351,0.068,-0.128,-0.076,0.69,0.37,0.0,1.02,0.83,2.59,0.02,1.89,1.62,0.73,0.0,0.0,0.02,0.0,1.78,0.95,0.0,1.0,1.0,0.0,0.0,1.0,1.0,0.0,1.0,1.0,1.0,0.0,0.0,0.0,0.0,1.0,1.0,0.0,0.0,0.18462193749104,18.317477992343996,20.398284241573048
7650,305.96,0.98,1,0.122,0.346,0.064,-0.131,-0.071,0.57,0.35,0.0,0.67,0.78,2.58,0.06,1.95,1.66,0.66,0.0,0.0,0.02,0.0,1.83,0.85,0.0,1.0,1.0,0.0,0.0,1.0,1.0,0.0,1.0,1.0,1.0,0.0,0.0,0.0,0.0,1.0,1.0,0.0,0.0,0.18884111331227116,18.43285110882208,20.570367036103175
7651,306.0,0.98,1,0.106,0.345,0.074,-0.126,-0.068,0.38,0.5,0.0,0.58,0.8,2.71,0.13,2.09,1.8,0.99,0.0,0.14,0.0,0.0,1.85,0.51,0.0,1.0,1.0,0.0,0.0,1.0,1.0,0.0,1.0,1.0,1.0,0.0,0.0,0.0,0.0,1.0,1.0,0.0,0.0,0.18947304839287976,19.00657780874821,19.8645412733342
7652,306.04,0.98,1,0.091,0.353,0.086,-0.118,-0.063,0.32,0.42,0.0,0.36,0.87,2.94,0.23,2.11,1.94,1.16,0.0,0.21,0.0,0.0,1.96,0.13,0.0,1.0,1.0,0.0,0.0,1.0,1.0,0.0,1.0,1.0,1.0,0.0,0.0,0.0,0.0,1.0,1.0,0.0,0.0,0.18868938451402678,17.70254219031836,19.85673689204745
7653,306.08,0.98,1,0.091,0.35,0.087,-0.115,-0.049,0.27,0.27,0.0,0.43,0.82,2.86,0.32,2.2,1.99,1.22,0.0,0.34,0.0,0.0,1.86,0.0,0.0,1.0,0.0,0.0,0.0,1.0,1.0,0.0,1.0,1.0,1.0,0.0,0.0,0.0,0.0,1.0,0.0,0.0,0.0,0.18582298877185938,17.30028901492707,18.826576959181885
7654,306.12,0.98,1,0.085,0.354,0.086,-0.121,-0.035,0.36,0.19,0.0,0.47,0.76,2.79,0.34,2.18,1.95,1.13,0.0,0.37,0.0,0.0,1.81,0.0,0.0,1.0,0.0,0.0,0.0,1.0,1.0,0.0,1.0,1.0,1.0,0.0,0.0,0.0,0.0,1.0,0.0,0.0,0.0,0.18814228769281016,17.700282483621372,18.4219977201172
7655,306.16,0.98,1,0.087,0.363,0.093,-0.124,-0.026,0.32,0.18,0.0,0.45,0.61,2.77,0.29,2.12,1.89,1.13,0.0,0.45,0.0,0.0,1.73,0.0,0.0,1.0,0.0,0.0,0.0,1.0,1.0,0.0,1.0,1.0,1.0,0.0,0.0,0.0,0.0,1.0,0.0,0.0,0.0,0.18841934223426482,17.80028089666021,19.312690128513896
7656,306.2,0.98,1,0.084,0.369,0.103,-0.128,-0.017,0.34,0.18,0.0,0.47,0.53,2.83,0.31,2.05,1.83,1.16,0.0,0.54,0.0,0.0,1.78,0.0,0.02,1.0,0.0,0.0,0.0,1.0,1.0,0.0,1.0,1.0,1.0,0.0,0.0,0.0,0.0,1.0,0.0,0.0,0.0,0.19019480051644672,17.800280896659984,19.206509313251114
7657,306.24,0.98,1,0.085,0.371,0.103,-0.123,-0.011,0.26,0.08,0.0,0.25,0.54,2.85,0.33,2.09,1.87,1.18,0.0,0.54,0.0,0.0,1.86,0.0,0.02,1.0,0.0,0.0,0.0,1.0,1.0,0.0,1.0,1.0,1.0,0.0,0.0,0.0,0.0,1.0,0.0,0.0,0.0,0.18994017541355074,17.802527910383915,19.40412327316036
7658,306.28,0.98,1,0.078,0.37,0.098,-0.11,-0.009,0.34,0.01,0.0,0.25,0.63,2.89,0.4,2.2,1.91,1.11,0.0,0.51,0.0,0.0,1.94,0.0,0.02,1.0,0.0,0.0,0.0,1.0,1.0,0.0,1.0,1.0,1.0,0.0,0.0,0.0,0.0,1.0,0.0,0.0,0.0,0.18324578432889688,17.310401497365635,19.331321734428773
7659,306.32,0.98,1,0.068,0.354,0.102,-0.098,-0.004,0.4,0.11,0.0,0.12,0.72,2.83,0.32,2.27,1.93,1.05,0.0,0.42,0.0,0.0,1.92,0.0,0.0,1.0,0.0,0.0,0.0,1.0,1.0,0.0,1.0,1.0,1.0,0.0,0.0,0.0,0.0,1.0,0.0,0.0,0.0,0.1894749408370175,17.4183810958425,18.61316738225917
7660,306.36,0.98,1,0.077,0.343,0.099,-0.092,0.009,0.36,0.17,0.0,0.12,0.76,2.86,0.33,2.21,1.85,0.87,0.0,0.4,0.0,0.0,1.63,0.0,0.0,1.0,0.0,0.0,0.0,1.0,1.0,0.0,1.0,1.0,1.0,0.0,0.0,0.0,0.0,1.0,0.0,0.0,0.0,0.19506526544853672,16.400304875215063,18.7096231923575
7661,306.4,0.98,1,0.087,0.34,0.097,-0.076,0.014,0.31,0.24,0.0,0.16,0.73,2.73,0.32,2.13,1.71,0.71,0.0,0.45,0.0,0.0,0.96,0.0,0.0,1.0,0.0,0.0,0.0,1.0,1.0,0.0,1.0,1.0,1.0,0.0,0.0,0.0,0.0,1.0,0.0,0.0,0.0,0.2141762763190791,18.300273222004044,18.50432381904294
7662,306.44,0.98,1,0.087,0.323,0.081,-0.061,0.023,0.21,0.14,0.0,0.32,0.71,2.81,0.31,2.0,1.66,0.52,0.06,0.54,0.0,0.0,0.38,0.0,0.0,1.0,0.0,0.0,0.0,1.0,1.0,0.0,1.0,1.0,1.0,0.0,0.0,0.0,0.0,1.0,0.0,0.0,0.0,0.24267922695006516,19.009471323527123,18.799999999999955
7663,306.48,0.98,1,0.08,0.311,0.079,-0.053,0.035,0.29,0.08,0.0,0.39,0.67,2.83,0.28,1.81,1.54,0.42,0.07,0.6,0.0,0.0,0.01,0.0,0.0,1.0,0.0,0.0,0.0,1.0,1.0,0.0,1.0,1.0,1.0,1.0,0.0,0.0,0.0,1.0,0.0,0.0,0.0,0.25874385923260246,19.91230775173997,17.202616080119952
7664,306.52,0.98,1,0.074,0.302,0.073,-0.048,0.04,0.17,0.0,0.0,0.26,0.68,2.94,0.26,1.82,1.48,0.24,0.16,0.56,0.0,0.0,0.02,0.05,0.0,1.0,0.0,0.0,0.0,1.0,1.0,0.0,1.0,1.0,1.0,1.0,0.0,0.0,0.0,1.0,0.0,0.0,0.0,0.26330125558729145,19.706344156133902,17.20116275139566
7665,306.56,0.98,1,0.064,0.318,0.075,-0.053,0.047,0.1,0.0,0.0,0.12,0.71,2.74,0.27,1.9,1.43,0.14,0.1,0.51,0.0,0.0,0.49,0.25,0.0,1.0,0.0,0.0,1.0,1.0,1.0,0.0,1.0,1.0,1.0,1.0,0.0,0.0,0.0,1.0,1.0,0.0,0.0,0.25483454026255337,20.000249998437518,19.0168346472277
7666,306.6,0.98,1,0.066,0.327,0.087,-0.063,0.056,0.06,0.0,0.0,0.17,0.83,2.68,0.24,2.07,1.58,0.17,0.09,0.46,0.0,0.0,1.08,0.39,0.0,1.0,0.0,0.0,1.0,1.0,1.0,0.0,1.0,1.0,1.0,1.0,0.0,0.0,0.0,1.0,1.0,0.0,0.0,0.25291414049200356,20.203960007879687,19.649936386665388
7667,306.64,0.98,1,0.069,0.328,0.09,-0.068,0.072,0.12,0.13,0.0,0.35,0.99,2.61,0.16,2.2,1.77,0.31,0.0,0.5,0.15,0.0,1.72,0.52,0.0,1.0,0.0,0.0,1.0,1.0,1.0,0.0,1.0,1.0,1.0,0.0,0.0,0.0,0.0,1.0,1.0,0.0,0.0,0.2518407395371573,19.912307751739743,20.180436070610707
7668,306.68,0.98,1,0.065,0.327,0.099,-0.076,0.084,0.19,0.2,0.0,0.63,1.2,2.84,0.07,2.29,2.04,0.5,0.0,0.6,0.23,0.0,2.01,0.48,0.0,1.0,0.0,0.0,1.0,1.0,1.0,0.0,1.0,1.0,1.0,0.0,0.0,0.0,0.0,1.0,1.0,0.0,0.0,0.2556217645615455,19.809088823063195,21.073680267101047
7669,306.72,0.98,1,0.073,0.315,0.113,-0.084,0.092,0.14,0.2,0.0,0.71,1.34,3.01,0.01,2.33,2.24,0.64,0.0,0.53,0.3,0.0,2.2,0.51,0.0,1.0,0.0,0.0,1.0,1.0,1.0,0.0,1.0,1.0,1.0,0.0,0.0,0.0,0.0,1.0,1.0,0.0,0.0,0.2709361927481835,19.802272596851054,20.61940833292759
7670,306.76,0.98,1,0.065,0.331,0.14,-0.089,0.095,0.07,0.12,0.0,0.65,1.47,3.21,0.0,2.34,2.43,0.81,0.0,0.39,0.23,0.0,2.38,0.42,0.0,1.0,0.0,0.0,1.0,1.0,1.0,0.0,1.0,1.0,1.0,0.0,0.0,0.0,0.0,1.0,1.0,0.0,0.0,0.26371392144765976,19.212756179163932,19.99699977496619
7671,306.8,0.98,1,0.052,0.345,0.151,-0.067,0.086,0.0,0.05,0.0,0.37,1.52,3.35,0.09,2.28,2.45,1.1,0.0,0.15,0.15,0.0,2.22,0.27,0.0,1.0,0.0,0.0,1.0,1.0,1.0,0.0,1.0,1.0,1.0,0.0,0.0,0.0,0.0,1.0,1.0,0.0,0.0,0.2540295663455128,19.01289036417136,19.400257730246686
7672,306.84,0.98,1,0.031,0.351,0.14,-0.039,0.074,0.0,0.05,0.0,0.16,1.5,3.45,0.18,2.19,2.4,1.32,0.0,0.12,0.09,0.0,1.89,0.12,0.0,0.0,0.0,0.0,1.0,1.0,1.0,0.0,1.0,1.0,1.0,0.0,0.0,0.0,0.0,1.0,1.0,0.0,0.0,0.2412807479869335,19.104188022525236,20.803124765284792
7673,306.88,0.98,1,0.008,0.359,0.127,-0.02,0.063,0.0,0.0,0.0,0.04,1.32,3.24,0.28,1.98,2.27,1.41,0.0,0.16,0.0,0.0,1.42,0.07,0.0,0.0,0.0,0.0,1.0,1.0,1.0,0.0,1.0,1.0,1.0,0.0,0.0,0.0,0.0,1.0,1.0,0.0,0.0,0.23084607744272279,19.900251254695345,20.92677710494375
7674,306.92,0.98,1,0.017,0.354,0.122,-0.014,0.05,0.0,0.0,0.0,0.03,1.15,3.04,0.25,1.89,2.19,1.48,0.0,0.25,0.0,0.0,1.15,0.07,0.0,0.0,0.0,0.0,1.0,1.0,1.0,1.0,1.0,1.0,1.0,0.0,0.0,0.0,0.0,1.0,0.0,0.0,0.0,0.22988249969868146,20.100248754679765,21.16057655169173
7675,306.96,0.98,1,0.038,0.341,0.121,-0.015,0.04,0.06,0.0,0.0,0.12,1.04,2.76,0.26,1.99,2.15,1.46,0.0,0.21,0.0,0.0,1.06,0.04,0.0,0.0,0.0,0.0,1.0,1.0,1.0,1.0,1.0,1.0,1.0,0.0,0.0,0.0,0.0,1.0,0.0,0.0,0.0,0.23495259117123957,20.306156701847797,18.213456563760804
7676,307.0,0.98,1,0.059,0.331,0.125,-0.026,0.034,0.1,0.0,0.0,0.34,1.04,2.75,0.32,2.2,2.17,1.49,0.0,0.16,0.0,0.0,1.22,0.0,0.0,0.0,0.0,0.0,1.0,1.0,1.0,0.0,1.0,1.0,1.0,0.0,0.0,0.0,0.0,1.0,0.0,0.0,0.0,0.2402747242219642,20.429635336931586,17.610224302943923
7677,307.04,0.98,1,0.058,0.343,0.137,-0.035,0.025,0.16,0.0,0.0,0.55,1.09,2.73,0.36,2.37,2.27,1.46,0.0,0.11,0.0,0.0,1.53,0.0,0.0,0.0,0.0,0.0,1.0,1.0,1.0,0.0,1.0,1.0,1.0,0.0,0.0,0.0,0.0,1.0,0.0,0.0,0.0,0.23642069283025918,20.13578903345994,17.301156030739634
7678,307.08,0.98,1,0.053,0.327,0.132,-0.044,0.021,0.1,0.0,0.0,0.47,1.21,2.72,0.32,2.37,2.45,1.59,0.0,0.08,0.0,0.0,1.85,0.0,0.0,0.0,0.0,0.0,1.0,1.0,1.0,0.0,1.0,1.0,1.0,0.0,0.0,0.0,0.0,1.0,0.0,0.0,0.0,0.2393605685436302,20.29876843554805,17.7002824836216
7679,307.12,0.98,1,0.046,0.333,0.139,-0.042,0.013,0.05,0.0,0.0,0.35,1.35,2.68,0.16,2.41,2.67,1.75,0.0,0.06,0.0,0.0,2.03,0.0,0.0,0.0,0.0,0.0,1.0,1.0,1.0,0.0,1.0,1.0,1.0,0.0,0.0,0.0,0.0,1.0,0.0,0.0,0.0,0.23631808326319753,20.497804760510196,17.900279327429367
7680,307.16,0.98,1,0.046,0.328,0.136,-0.038,0.01,0.0,0.0,0.0,0.13,1.47,2.82,0.1,2.39,2.85,1.91,0.0,0.0,0.0,0.0,2.08,0.0,0.0,0.0,0.0,0.0,1.0,1.0,1.0,0.0,1.0,1.0,1.0,0.0,0.0,0.0,0.0,1.0,0.0,0.0,0.0,0.23856751297763007,20.529247428973004,17.702542190318134
7681,307.2,0.98,1,0.038,0.328,0.137,-0.038,0.011,0.0,0.0,0.0,0.12,1.57,2.92,0.03,2.4,2.96,2.03,0.0,0.0,0.0,0.0,2.11,0.0,0.0,0.0,0.0,0.0,1.0,1.0,1.0,0.0,1.0,1.0,1.0,0.0,0.0,0.0,0.0,1.0,0.0,0.0,0.0,0.2386998953909234,20.497804760510196,17.80252791038392
7682,307.24,0.98,1,0.04,0.323,0.142,-0.039,0.009,0.0,0.0,0.0,0.02,1.65,2.99,0.03,2.35,3.02,2.12,0.04,0.0,0.0,0.0,2.21,0.0,0.0,0.0,0.0,0.0,1.0,1.0,1.0,0.0,1.0,1.0,1.0,0.0,0.0,0.0,0.0,1.0,0.0,0.0,0.0,0.24300712053593493,20.535091916034858,18.406792224610864
7683,307.28,0.98,1,0.041,0.329,0.138,-0.035,0.012,0.0,0.0,0.0,0.03,1.69,2.95,0.0,2.48,3.05,2.12,0.04,0.0,0.0,0.0,2.4,0.0,0.0,0.0,0.0,0.0,1.0,1.0,1.0,0.0,1.0,1.0,1.0,0.0,0.0,0.0,0.0,1.0,0.0,0.0,0.0,0.24048104992927785,20.547749268472202,19.21665943914295
7684,307.32,0.98,1,0.044,0.326,0.136,-0.039,0.016,0.0,0.0,0.0,0.03,1.69,2.96,0.0,2.53,3.05,2.09,0.04,0.0,0.0,0.0,2.61,0.0,0.0,0.0,0.0,0.0,1.0,1.0,1.0,0.0,1.0,1.0,1.0,0.0,0.0,0.0,0.0,1.0,0.0,0.0,0.0,0.23721324478995548,20.34821859524804,21.13409567499864
7685,307.36,0.98,1,0.04,0.322,0.14,-0.047,0.02,0.12,0.04,0.0,0.03,1.69,2.76,0.0,2.6,3.07,2.11,0.04,0.0,0.0,0.0,2.81,0.0,0.38,0.0,0.0,0.0,0.0,1.0,1.0,0.0,1.0,1.0,1.0,0.0,0.0,0.0,0.0,1.0,1.0,0.0,0.0,0.2191145245187316,19.602295783912798,21.360009363293784
7686,307.4,0.98,1,-0.026,0.414,0.114,-0.051,0.026,0.25,0.04,0.0,0.0,1.68,2.4,0.04,2.56,3.05,2.18,0.04,0.0,0.0,0.0,2.94,0.0,0.89,0.0,0.0,0.0,0.0,1.0,1.0,0.0,1.0,1.0,1.0,0.0,0.0,0.0,0.0,1.0,1.0,0.0,0.0,0.16885363172358253,16.378339354159156,18.83215335536535
7687,307.44,0.98,1,-0.057,0.397,0.115,-0.051,0.027,0.25,0.04,0.0,0.0,1.72,2.34,0.04,2.49,3.05,2.17,0.03,0.0,0.0,0.0,2.94,0.0,1.18,0.0,0.0,0.0,0.0,1.0,1.0,0.0,1.0,1.0,1.0,0.0,0.0,0.0,0.0,1.0,1.0,0.0,0.0,0.15077674705737648,17.439323381370006,20.120139164528567
7688,307.48,0.98,1,-0.008,0.338,0.105,-0.033,0.021,0.12,0.0,0.0,0.0,1.79,2.77,0.05,2.47,3.05,2.13,0.0,0.0,0.0,0.0,2.88,0.0,0.8,0.0,0.0,0.0,0.0,1.0,1.0,0.0,1.0,1.0,1.0,0.0,0.0,0.0,0.0,1.0,1.0,0.0,0.0,0.16831709105189185,18.43908891458586,17.214238292762236
7689,307.52,0.98,1,0.025,0.342,0.113,-0.04,0.02,0.0,0.0,0.0,0.0,1.86,3.31,0.02,2.43,3.04,2.05,0.03,0.0,0.02,0.0,2.79,0.0,0.29,0.0,0.0,0.0,0.0,1.0,1.0,0.0,1.0,1.0,1.0,0.0,0.0,0.0,0.0,1.0,1.0,0.0,0.0,0.1581394725094384,15.815498727514047,18.30027322200427
7690,307.56,0.98,1,0.044,0.334,0.112,-0.043,0.018,0.0,0.0,0.0,0.0,1.9,3.49,0.07,2.44,3.04,2.01,0.03,0.0,0.02,0.0,2.65,0.0,0.0,0.0,0.0,0.0,0.0,1.0,1.0,0.0,1.0,1.0,1.0,0.0,0.0,0.0,0.0,1.0,0.0,0.0,0.0,0.1743493471392128,16.36001222493426,19.409276132818647
7691,307.6,0.98,1,0.044,0.325,0.111,-0.042,0.014,0.0,0.0,0.0,0.0,1.88,3.38,0.08,2.41,3.04,1.9,0.05,0.0,0.02,0.0,2.54,0.0,0.0,0.0,0.0,0.0,0.0,1.0,1.0,0.0,1.0,1.0,1.0,0.0,0.0,0.0,0.0,1.0,0.0,0.0,0.0,0.18145213105140057,18.409780009549138,19.51640335717624
7692,307.64,0.98,1,0.041,0.314,0.108,-0.039,0.008,0.0,0.0,0.0,0.0,1.87,3.36,0.08,2.37,3.04,1.8,0.03,0.0,0.0,0.0,2.41,0.0,0.0,0.0,0.0,0.0,0.0,1.0,1.0,0.0,1.0,1.0,1.0,0.0,0.0,0.0,0.0,1.0,0.0,0.0,0.0,0.18873756533076436,18.506755523321747,20.14199592890428
7693,307.68,0.98,1,0.042,0.312,0.106,-0.036,0.003,0.0,0.0,0.0,0.0,1.81,3.41,0.05,2.41,3.08,1.8,0.07,0.0,0.0,0.0,2.39,0.0,0.0,0.0,0.0,0.0,0.0,1.0,1.0,0.0,1.0,1.0,1.0,0.0,0.0,0.0,0.0,1.0,0.0,0.0,0.0,0.18411960126595983,18.601075237738183,20.747288979526754
7694,307.72,0.98,1,0.029,0.314,0.108,-0.036,-0.002,0.0,0.0,0.0,0.0,1.77,3.35,0.07,2.45,3.09,1.9,0.08,0.0,0.0,0.0,2.4,0.0,0.0,0.0,0.0,0.0,0.0,1.0,1.0,0.0,1.0,1.0,1.0,0.0,0.0,0.0,0.0,1.0,0.0,0.0,0.0,0.1902505378351695,18.20247235954505,21.228518554058404
7695,307.76,0.98,1,0.023,0.314,0.104,-0.029,-0.011,0.0,0.0,0.0,0.0,1.73,3.34,0.07,2.45,3.07,2.0,0.08,0.0,0.0,0.0,2.48,0.0,0.0,0.0,0.0,0.0,0.0,1.0,1.0,0.0,1.0,1.0,1.0,0.0,0.0,0.0,0.0,1.0,0.0,0.0,0.0,0.1885406413272807,18.900264548413162,21.328384842739453
7696,307.8,0.98,1,0.02,0.314,0.109,-0.021,-0.02,0.0,0.0,0.0,0.0,1.69,3.27,0.06,2.42,3.03,2.05,0.11,0.0,0.03,0.0,2.54,0.0,0.0,0.0,0.0,0.0,0.0,1.0,1.0,1.0,1.0,1.0,1.0,0.0,0.0,0.0,0.0,1.0,0.0,0.0,0.0,0.18601424603184016,19.906280415989187,21.727862297060014
7697,307.84,0.98,1,0.008,0.315,0.106,-0.019,-0.021,0.0,0.0,0.0,0.0,1.65,3.31,0.02,2.31,3.01,1.93,0.07,0.0,0.03,0.0,2.62,0.0,0.0,0.0,0.0,0.0,0.0,1.0,1.0,1.0,1.0,1.0,1.0,0.0,0.0,0.0,0.0,1.0,0.0,0.0,0.0,0.18700833142747303,20.300985197768068,21.723029254687113
7698,307.88,0.98,1,0.015,0.304,0.103,-0.01,-0.026,0.0,0.0,0.0,0.0,1.62,3.21,0.07,2.27,3.1,1.79,0.07,0.0,0.03,0.0,2.73,0.04,0.0,0.0,0.0,0.0,0.0,1.0,1.0,1.0,1.0,1.0,1.0,0.0,0.0,0.0,0.0,1.0,0.0,0.0,0.0,0.18773728227162836,19.606376513777256,21.72302925468734
7699,307.92,0.98,1,-0.009,0.315,0.118,-0.001,-0.019,0.0,0.0,0.0,0.0,1.57,3.31,0.13,2.14,3.16,1.66,0.0,0.0,0.0,0.0,2.82,0.08,0.0,0.0,0.0,0.0,0.0,1.0,1.0,1.0,1.0,1.0,1.0,0.0,0.0,0.0,0.0,1.0,1.0,0.0,0.0,0.19497470991907717,19.81615502563497,21.403737991294975
7700,307.96,0.98,1,-0.001,0.323,0.129,-0.001,-0.004,0.0,0.0,0.0,0.0,1.52,3.41,0.19,2.07,3.18,1.55,0.0,0.05,0.04,0.0,2.79,0.22,0.0,0.0,0.0,0.0,0.0,1.0,1.0,1.0,1.0,1.0,1.0,0.0,0.0,0.0,0.0,1.0,1.0,0.0,0.0,0.18725545071317962,19.804039991880398,21.40210270043563
7701,308.0,0.98,1,-0.001,0.322,0.128,-0.002,0.002,0.0,0.0,0.0,0.0,1.43,3.54,0.15,1.99,3.13,1.51,0.0,0.16,0.06,0.0,2.71,0.32,0.0,0.0,0.0,0.0,0.0,1.0,1.0,1.0,1.0,1.0,1.0,0.0,0.0,0.0,0.0,1.0,1.0,0.0,0.0,0.18538819932320827,20.300246303924673,20.300246303924446
7702,308.04,0.98,1,0.005,0.324,0.127,-0.007,0.002,0.0,0.0,0.0,0.0,1.39,3.48,0.15,1.96,3.07,1.38,0.0,0.28,0.15,0.0,2.67,0.44,0.0,0.0,0.0,0.0,0.0,1.0,1.0,1.0,1.0,1.0,1.0,0.0,0.0,0.0,0.0,1.0,1.0,0.0,0.0,0.18683293229447273,20.400980368600028,20.00099997500125
7703,308.08,0.98,1,-0.001,0.322,0.124,-0.008,-0.004,0.0,0.0,0.0,0.0,1.35,3.41,0.15,1.92,3.01,1.36,0.0,0.34,0.13,0.0,2.62,0.56,0.0,0.0,0.0,0.0,0.0,1.0,1.0,1.0,1.0,1.0,1.0,0.0,0.0,0.0,0.0,1.0,1.0,0.0,0.0,0.1875878627440755,20.80096151623761,20.300246303924446
7704,308.12,0.98,1,-0.002,0.318,0.12,-0.008,-0.011,0.0,0.0,0.0,0.0,1.33,3.38,0.18,1.82,2.93,1.27,0.0,0.3,0.17,0.0,2.59,0.66,0.0,0.0,0.0,0.0,0.0,1.0,1.0,1.0,1.0,1.0,1.0,0.0,0.0,0.0,0.0,1.0,1.0,0.0,0.0,0.19056788265099786,21.002142747824564,20.500975586542218
7705,308.16,0.98,1,-0.002,0.32,0.118,-0.006,-0.019,0.0,0.0,0.0,0.0,1.33,3.44,0.13,1.76,2.86,1.19,0.0,0.18,0.12,0.0,2.61,0.75,0.0,0.0,0.0,0.0,0.0,1.0,1.0,1.0,1.0,1.0,1.0,0.0,0.0,0.0,0.0,1.0,1.0,0.0,0.0,0.1862703174135433,20.312065379965624,20.603883129157868
7706,308.2,0.98,1,-0.002,0.313,0.112,-0.003,-0.024,0.0,0.0,0.0,0.0,1.37,3.61,0.13,1.68,2.85,1.14,0.0,0.07,0.12,0.0,2.65,0.83,0.0,0.0,0.0,0.0,0.0,1.0,1.0,1.0,1.0,1.0,1.0,0.0,0.0,0.0,0.0,1.0,1.0,0.0,0.0,0.1836424625700014,20.811775512915712,20.600242717016847
7707,308.24,0.98,1,-0.002,0.317,0.114,-0.002,-0.029,0.0,0.0,0.0,0.0,1.43,3.62,0.1,1.71,2.87,1.18,0.0,0.03,0.07,0.0,2.67,0.95,0.0,0.0,0.0,0.0,0.0,1.0,1.0,1.0,1.0,1.0,1.0,0.0,0.0,0.0,0.0,1.0,1.0,0.0,0.0,0.18573541617649073,21.01166342772509,19.704060495238075
7708,308.28,0.98,1,0.002,0.31,0.114,0.002,-0.04,0.0,0.0,0.0,0.0,1.43,3.52,0.09,1.65,2.91,1.23,0.0,0.05,0.1,0.0,2.7,1.07,0.0,0.0,0.0,0.0,0.0,1.0,1.0,1.0,1.0,1.0,1.0,0.0,0.0,0.0,0.0,1.0,1.0,0.0,0.0,0.18485521732112783,21.21155345560532,20.002249873451735
7709,308.32,0.98,1,0.001,0.304,0.105,0.005,-0.048,0.0,0.0,0.0,0.0,1.39,3.21,0.04,1.6,2.91,1.3,0.0,0.06,0.21,0.0,2.71,0.96,0.0,0.0,0.0,0.0,0.0,1.0,1.0,1.0,1.0,1.0,1.0,0.0,0.0,0.0,0.0,1.0,1.0,0.0,0.0,0.18420823437129924,21.523243250030884,21.008569680013917
7710,308.36,0.98,1,0.005,0.301,0.102,0.007,-0.052,0.0,0.0,0.0,0.0,1.31,2.95,0.0,1.57,2.92,1.28,0.0,0.06,0.29,0.0,2.82,0.87,0.0,0.0,0.0,0.0,0.0,1.0,1.0,1.0,1.0,1.0,1.0,0.0,0.0,0.0,0.0,1.0,1.0,0.0,0.0,0.1807202182268766,21.33963448609202,21.111608181282545
7711,308.4,0.98,1,0.005,0.296,0.099,0.007,-0.055,0.0,0.0,0.0,0.0,1.31,2.83,0.04,1.63,2.88,1.36,0.0,0.07,0.31,0.0,2.84,0.84,0.22,0.0,0.0,0.0,0.0,1.0,1.0,1.0,1.0,1.0,1.0,0.0,0.0,0.0,0.0,1.0,1.0,0.0,0.0,0.18100758744708456,21.63330765278407,21.10852908186632
7712,308.44,0.98,1,-0.014,0.326,0.081,0.003,-0.054,0.03,0.03,0.0,0.0,1.2,2.13,0.07,1.71,2.87,1.56,0.0,0.06,0.43,0.0,2.95,0.91,1.08,0.0,0.0,0.0,0.0,1.0,1.0,1.0,1.0,1.0,1.0,0.0,0.0,0.0,0.0,1.0,1.0,0.0,0.0,0.15407462638378716,19.601020381602495,19.5829007044411
7713,308.48,0.98,1,-0.018,0.399,0.066,-0.006,-0.05,0.17,0.04,0.0,0.0,1.08,1.54,0.07,1.72,2.81,1.6,0.0,0.06,0.48,0.0,3.05,1.0,1.88,0.0,0.0,0.0,0.0,1.0,1.0,1.0,1.0,1.0,1.0,0.0,0.0,0.0,0.0,1.0,1.0,0.0,1.0,0.1399205439353715,18.817013578142706,19.573962296888173
7714,308.52,0.98,1,-0.016,0.437,0.055,-0.008,-0.049,0.19,0.04,0.0,0.0,0.96,1.06,0.09,1.69,2.76,1.57,0.0,0.02,0.48,0.0,3.18,0.97,2.32,0.0,0.0,0.0,0.0,1.0,1.0,1.0,1.0,1.0,1.0,0.0,0.0,0.0,0.0,1.0,1.0,0.0,1.0,0.13841489282824104,16.119863522995384,22.289908030317036
7715,308.56,0.98,1,-0.01,0.369,0.045,-0.01,-0.046,0.19,0.01,0.0,0.0,1.03,1.49,0.16,1.57,2.65,1.3,0.0,0.02,0.34,0.0,3.17,0.96,1.85,0.0,0.0,0.0,0.0,1.0,1.0,1.0,1.0,1.0,1.0,0.0,0.0,0.0,0.0,1.0,1.0,0.0,1.0,0.14672587811556032,17.30260096054921,20.12486024796188
7716,308.6,0.98,1,-0.015,0.327,0.037,-0.004,-0.043,0.15,0.02,0.0,0.0,1.15,1.88,0.27,1.47,2.54,1.25,0.0,0.07,0.19,0.0,3.06,1.1,1.47,0.0,0.0,0.0,0.0,1.0,1.0,1.0,1.0,1.0,1.0,0.0,0.0,0.0,0.0,1.0,1.0,0.0,1.0,0.1498764955201466,17.910053042914285,19.166898549321864
7717,308.64,0.98,1,-0.009,0.309,0.044,-0.005,-0.044,0.18,0.08,0.0,0.0,1.23,2.24,0.36,1.43,2.46,1.21,0.0,0.08,0.14,0.0,2.99,1.25,1.03,0.0,0.0,0.0,0.0,1.0,1.0,1.0,1.0,1.0,1.0,0.0,0.0,0.0,0.0,1.0,1.0,0.0,0.0,0.15716882260029327,18.606719216455023,20.6620424934227
7718,308.68,0.98,1,-0.017,0.312,0.043,-0.008,-0.042,0.3,0.09,0.0,0.0,1.25,2.44,0.44,1.5,2.41,1.33,0.0,0.11,0.04,0.0,2.95,1.34,0.93,0.0,0.0,0.0,0.0,1.0,1.0,1.0,1.0,1.0,1.0,0.0,0.0,0.0,0.0,1.0,1.0,0.0,0.0,0.14401926400696918,17.118703221914824,19.89095271725309
7719,308.72,0.98,1,-0.004,0.313,0.045,-0.008,-0.041,0.32,0.08,0.0,0.0,1.28,2.56,0.45,1.56,2.42,1.43,0.0,0.07,0.04,0.0,2.96,1.31,0.76,0.0,0.0,0.0,0.0,1.0,1.0,1.0,1.0,1.0,1.0,0.0,0.0,0.0,0.0,1.0,1.0,0.0,0.0,0.14154592420644335,17.528548142958105,18.96760396043724
7720,308.76,0.98,1,0.003,0.314,0.046,-0.006,-0.042,0.38,0.02,0.0,0.0,1.3,2.64,0.39,1.6,2.43,1.37,0.0,0.1,0.0,0.0,2.98,1.24,0.7,0.0,0.0,0.0,0.0,1.0,1.0,1.0,1.0,1.0,1.0,0.0,0.0,0.0,0.0,1.0,1.0,0.0,0.0,0.13818342597404795,17.906981878585658,18.867962264113157
7721,308.8,0.98,1,0.009,0.299,0.045,-0.004,-0.041,0.29,0.0,0.0,0.0,1.36,2.65,0.34,1.62,2.49,1.2,0.0,0.07,0.0,0.0,3.01,1.2,0.7,0.0,0.0,0.0,0.0,1.0,1.0,1.0,1.0,1.0,1.0,0.0,0.0,0.0,0.0,1.0,1.0,0.0,0.0,0.13923372893356412,19.202343606966355,18.054362353736007
7722,308.84,0.98,1,-0.004,0.316,0.049,-0.008,-0.038,0.18,0.0,0.0,0.0,1.38,2.81,0.37,1.59,2.48,0.97,0.0,0.05,0.0,0.0,3.03,1.05,0.72,0.0,0.0,0.0,0.0,1.0,1.0,1.0,1.0,1.0,1.0,0.0,0.0,0.0,0.0,1.0,1.0,0.0,0.0,0.13579490259580662,18.002499826412997,17.87176544161227
7723,308.88,0.98,1,-0.024,0.317,0.057,-0.006,-0.037,0.07,0.0,0.0,0.0,1.48,2.9,0.48,1.56,2.46,0.83,0.0,0.01,0.0,0.0,2.99,0.98,0.75,0.0,0.0,0.0,0.0,1.0,1.0,1.0,1.0,1.0,1.0,0.0,0.0,0.0,0.0,1.0,1.0,0.0,0.0,0.13166982277357706,18.113530854032987,16.966437457521927
7724,308.92,0.98,1,-0.035,0.313,0.064,-0.009,-0.036,0.01,0.0,0.0,0.0,1.51,3.03,0.53,1.51,2.41,0.81,0.0,0.0,0.0,0.0,2.9,0.97,0.54,0.0,0.0,0.0,0.0,1.0,1.0,1.0,1.0,1.0,1.0,0.0,0.0,0.0,0.0,1.0,1.0,0.0,0.0,0.14095183568136777,19.00947132352712,17.149344010777703
7725,308.96,0.98,1,-0.056,0.318,0.069,-0.006,-0.035,0.0,0.0,0.0,0.0,1.56,3.24,0.53,1.53,2.47,0.92,0.0,0.03,0.0,0.0,2.88,0.96,0.48,0.0,0.0,0.0,0.0,1.0,1.0,1.0,1.0,1.0,1.0,0.0,0.0,0.0,0.0,1.0,1.0,0.0,0.0,0.1432493468381537,19.3093241725338,16.410971939528842
7726,309.0,0.98,1,-0.059,0.329,0.075,-0.005,-0.033,0.0,0.0,0.0,0.0,1.55,3.43,0.49,1.47,2.49,0.98,0.0,0.03,0.0,0.0,2.94,0.96,0.43,0.0,0.0,0.0,0.0,1.0,1.0,1.0,1.0,1.0,1.0,0.0,0.0,0.0,0.0,1.0,1.0,0.0,0.0,0.1465879280517679,19.016834647227707,16.902662512160713
7727,309.04,0.98,1,-0.069,0.323,0.074,-0.004,-0.028,0.01,0.0,0.0,0.0,1.43,3.4,0.62,1.52,2.37,0.83,0.0,0.11,0.0,0.0,2.91,1.1,0.44,0.0,0.0,0.0,0.0,1.0,1.0,1.0,1.0,1.0,1.0,0.0,0.0,0.0,0.0,1.0,1.0,0.0,0.0,0.15003295217027549,19.306475597581198,17.100000000000136
7728,309.08,0.98,1,-0.067,0.33,0.072,-0.005,-0.023,0.01,0.0,0.0,0.0,1.17,3.21,0.68,1.43,2.02,0.54,0.2,0.21,0.0,0.0,2.75,1.38,0.38,0.0,0.0,0.0,0.0,1.0,1.0,1.0,1.0,1.0,1.0,0.0,0.0,0.0,0.0,1.0,1.0,0.0,0.0,0.1550020186335659,19.59999999999991,16.899999999999864
7729,309.12,0.98,1,-0.074,0.34,0.065,-0.012,-0.018,0.08,0.0,0.0,0.0,0.87,2.99,0.72,1.4,1.58,0.33,0.58,0.48,0.0,0.0,2.23,1.62,0.24,0.0,0.0,0.0,0.0,1.0,1.0,1.0,1.0,1.0,1.0,1.0,0.0,0.0,0.0,1.0,1.0,0.0,0.0,0.16212109196243374,19.100000000000136,17.100292395160874
7730,309.16,0.98,1,-0.079,0.339,0.074,-0.013,-0.011,0.17,0.0,0.0,0.03,0.67,2.81,0.58,1.32,1.24,0.38,0.91,0.56,0.0,0.0,1.64,1.56,0.15,0.0,0.0,0.0,0.0,1.0,1.0,1.0,1.0,1.0,1.0,1.0,0.0,0.0,0.0,1.0,1.0,0.0,0.0,0.1688014665595685,19.00026315607234,16.59999999999991
7731,309.2,0.98,1,-0.077,0.333,0.07,-0.014,-0.032,0.33,0.0,0.0,0.07,0.59,2.83,0.6,1.28,1.05,0.54,1.04,0.63,0.0,0.0,1.07,1.49,0.01,0.0,0.0,0.0,0.0,1.0,1.0,0.0,1.0,1.0,1.0,1.0,1.0,0.0,0.0,1.0,1.0,0.0,0.0,0.16900001414705448,19.401030900444532,17.7002824836216
7732,309.24,0.98,1,-0.072,0.333,0.081,-0.004,-0.025,0.35,0.0,0.0,0.07,0.52,2.81,0.48,1.26,1.0,0.58,1.0,0.75,0.0,0.0,0.72,1.38,0.02,0.0,0.0,0.0,0.0,1.0,1.0,0.0,0.0,1.0,1.0,1.0,1.0,0.0,0.0,1.0,1.0,0.0,0.0,0.1763523487012196,20.306156701847797,16.704789732289402
7733,309.28,0.98,1,-0.027,0.311,0.09,-0.016,0.005,0.36,0.0,0.0,0.04,0.5,2.84,0.36,1.17,0.95,0.56,0.93,0.96,0.0,0.0,0.5,1.33,0.02,0.0,0.0,0.0,0.0,1.0,1.0,0.0,0.0,1.0,1.0,1.0,1.0,0.0,0.0,1.0,1.0,0.0,0.0,0.1914871915482634,18.50027026829608,18.400271737123976
7734,309.32,0.98,1,-0.002,0.296,0.074,-0.02,-0.01,0.35,0.0,0.0,0.0,0.41,2.6,0.18,1.11,0.91,0.54,0.87,1.0,0.0,0.0,0.34,1.15,0.02,0.0,0.0,0.0,0.0,1.0,1.0,0.0,0.0,1.0,1.0,1.0,1.0,0.0,0.0,1.0,1.0,0.0,0.0,0.18739526519816782,19.609181522950042,20.200990074746382
7735,309.36,0.98,1,0.001,0.294,0.067,-0.013,-0.019,0.5,0.0,0.0,0.05,0.44,2.59,0.1,1.1,0.85,0.62,0.78,0.75,0.0,0.0,0.41,1.08,0.0,0.0,0.0,0.0,0.0,1.0,1.0,0.0,0.0,1.0,1.0,1.0,1.0,0.0,0.0,1.0,1.0,0.0,0.0,0.19545293808738268,19.700000000000045,20.503902067655318
7736,309.4,0.98,1,0.007,0.289,0.063,-0.016,-0.02,0.55,0.05,0.0,0.09,0.42,2.72,0.06,1.15,0.83,0.72,0.74,0.53,0.0,0.0,0.65,1.28,0.0,0.0,0.0,0.0,0.0,1.0,1.0,0.0,0.0,1.0,1.0,1.0,0.0,0.0,0.0,1.0,1.0,0.0,0.0,0.20142912872529894,19.40412327316013,20.799999999999955
7737,309.44,0.98,1,0.005,0.304,0.07,-0.02,-0.02,0.52,0.07,0.0,0.09,0.49,2.87,0.01,1.31,0.83,0.84,0.77,0.35,0.0,0.0,0.89,1.57,0.06,0.0,0.0,0.0,0.0,1.0,1.0,0.0,0.0,1.0,1.0,1.0,0.0,0.0,0.0,1.0,1.0,0.0,0.0,0.19680995603930124,20.10099500024826,22.100226243185748
7738,309.48,0.98,1,-0.001,0.322,0.081,-0.023,-0.022,0.4,0.07,0.0,0.04,0.5,2.91,0.0,1.38,0.85,1.0,0.8,0.34,0.0,0.0,0.97,1.7,0.08,0.0,0.0,0.0,0.0,1.0,1.0,0.0,0.0,1.0,1.0,1.0,0.0,0.0,0.0,1.0,1.0,0.0,0.0,0.18782512070875934,20.911719202399496,21.90205469813287
7739,309.52,0.98,1,0.001,0.322,0.083,-0.02,-0.022,0.32,0.02,0.0,0.08,0.45,2.8,0.0,1.42,0.94,1.08,0.89,0.42,0.0,0.0,0.89,1.61,0.12,0.0,0.0,0.0,0.0,1.0,1.0,0.0,0.0,1.0,1.0,1.0,0.0,0.0,0.0,1.0,1.0,0.0,0.0,0.18770838312528476,20.508778608196053,22.00363606316011
7740,309.56,0.98,1,0.008,0.309,0.089,-0.022,-0.025,0.32,0.0,0.0,0.08,0.39,2.6,0.0,1.27,1.0,1.0,0.82,0.54,0.0,0.0,0.64,1.41,0.07,0.0,0.0,0.0,0.0,1.0,1.0,0.0,0.0,1.0,1.0,1.0,0.0,0.0,0.0,1.0,1.0,0.0,0.0,0.20978306383854023,20.200000000000045,21.303755537463296
7741,309.6,0.98,1,-0.002,0.298,0.08,-0.021,-0.025,0.35,0.0,0.0,0.08,0.3,2.51,0.0,1.07,1.0,0.89,0.68,0.67,0.0,0.07,0.32,1.04,0.05,0.0,0.0,0.0,0.0,1.0,1.0,0.0,0.0,1.0,1.0,1.0,0.0,0.0,0.0,1.0,1.0,0.0,0.0,0.21230660534564533,20.100995000248258,21.500930212434998
7742,309.64,0.98,1,-0.001,0.299,0.085,-0.026,-0.026,0.27,0.0,0.0,0.0,0.3,2.35,0.0,0.89,0.92,0.76,0.58,0.75,0.0,0.12,0.07,0.72,0.0,0.0,0.0,0.0,0.0,1.0,1.0,0.0,0.0,1.0,1.0,1.0,1.0,0.0,0.0,0.0,0.0,0.0,0.0,0.21723188110327896,20.500243900988107,21.10213259365025
7743,309.68,0.98,1,-0.004,0.31,0.086,-0.031,-0.026,0.33,0.0,0.0,0.1,0.25,2.52,0.0,0.81,0.92,0.81,0.44,0.79,0.0,0.14,0.05,0.57,0.0,0.0,0.0,0.0,0.0,1.0,1.0,0.0,0.0,1.0,1.0,1.0,1.0,0.0,0.0,0.0,0.0,0.0,0.0,0.2092775506361854,21.20094337523691,21.100947846009102
7744,309.72,0.98,1,-0.008,0.304,0.094,-0.035,-0.026,0.28,0.0,0.0,0.1,0.26,2.42,0.0,0.89,1.06,0.89,0.37,0.77,0.0,0.08,0.08,0.62,0.0,0.0,0.0,0.0,0.0,1.0,1.0,0.0,0.0,1.0,1.0,1.0,1.0,0.0,0.0,0.0,0.0,0.0,0.0,0.2169177759675391,21.0,21.503720608304043
7745,309.76,0.98,1,-0.01,0.308,0.103,-0.029,-0.028,0.31,0.0,0.0,0.1,0.28,2.58,0.02,1.0,1.25,0.98,0.21,0.65,0.0,0.03,0.4,0.61,0.0,0.0,0.0,0.0,0.0,1.0,1.0,0.0,0.0,1.0,1.0,1.0,1.0,0.0,0.0,0.0,0.0,0.0,0.0,0.2139846396171695,20.59999999999991,21.400934559032788
7746,309.8,0.98,1,-0.018,0.311,0.097,-0.029,-0.028,0.2,0.0,0.0,0.02,0.37,2.48,0.12,1.3,1.36,0.99,0.13,0.47,0.0,0.02,0.97,0.43,0.0,0.0,0.0,0.0,0.0,1.0,1.0,0.0,1.0,1.0,1.0,0.0,0.0,0.0,0.0,1.0,0.0,0.0,0.0,0.20222017001488035,20.60024271701662,21.600925906080878
7747,309.84,0.98,1,-0.013,0.312,0.107,-0.035,-0.034,0.13,0.02,0.0,0.02,0.47,2.69,0.18,1.63,1.43,1.03,0.04,0.29,0.0,0.0,1.81,0.28,0.0,0.0,0.0,0.0,0.0,1.0,1.0,1.0,1.0,1.0,1.0,0.0,0.0,0.0,0.0,1.0,1.0,0.0,0.0,0.18677391243165956,21.500232556881798,21.002142747824564
7748,309.88,0.98,1,-0.007,0.307,0.109,-0.039,-0.039,0.12,0.02,0.0,0.02,0.61,2.79,0.25,1.75,1.42,1.08,0.01,0.12,0.0,0.0,2.43,0.23,0.0,0.0,0.0,0.0,0.0,1.0,1.0,1.0,1.0,1.0,1.0,0.0,0.0,0.0,0.0,1.0,1.0,0.0,0.0,0.19748863161235453,21.30093894644079,20.903827400741804
7749,309.92,0.98,1,-0.01,0.314,0.114,-0.035,-0.04,0.16,0.04,0.0,0.12,0.76,3.0,0.19,1.69,1.43,1.19,0.01,0.06,0.0,0.0,2.87,0.59,0.0,0.0,0.0,0.0,0.0,1.0,1.0,1.0,1.0,1.0,1.0,0.0,0.0,0.0,0.0,1.0,1.0,0.0,0.0,0.19548895379430506,21.0,20.80384579831353
7750,309.96,0.98,1,-0.002,0.325,0.141,-0.047,-0.038,0.15,0.02,0.0,0.12,0.83,2.84,0.16,1.53,1.38,1.14,0.0,0.0,0.0,0.0,3.01,0.98,0.0,0.0,0.0,0.0,0.0,1.0,1.0,1.0,1.0,1.0,1.0,0.0,0.0,0.0,0.0,1.0,1.0,0.0,0.0,0.19592652758991774,21.500930212434998,21.105923339195474
7751,310.0,0.98,1,0.011,0.309,0.115,-0.056,-0.031,0.14,0.02,0.0,0.12,0.81,2.64,0.12,1.47,1.33,1.14,0.08,0.02,0.0,0.0,2.66,1.25,0.0,0.0,0.0,0.0,0.0,1.0,1.0,1.0,1.0,1.0,1.0,0.0,0.0,0.0,0.0,1.0,1.0,0.0,0.0,0.20820889286098654,20.606067067735083,21.400934559032788
7752,310.04,0.98,1,0.005,0.291,0.073,-0.043,-0.035,0.03,0.0,0.0,0.0,0.71,2.54,0.07,1.36,1.28,1.1,0.08,0.13,0.0,0.0,1.8,1.06,0.0,0.0,0.0,0.0,0.0,1.0,1.0,0.0,1.0,1.0,1.0,0.0,0.0,0.0,0.0,1.0,1.0,0.0,0.0,0.21155952756193436,21.005951537600005,21.30093894644079
7753,310.08,0.98,1,0.009,0.291,0.059,-0.041,-0.029,0.0,0.0,0.0,0.0,0.59,2.67,0.04,1.36,1.24,1.2,0.08,0.16,0.0,0.0,1.07,0.74,0.01,0.0,0.0,0.0,0.0,1.0,1.0,0.0,1.0,1.0,1.0,0.0,0.0,0.0,0.0,1.0,1.0,0.0,0.0,0.19236061021855555,20.802163349036515,21.400233643584453
7754,310.12,0.98,1,0.015,0.298,0.069,-0.042,-0.03,0.03,0.0,0.0,0.0,0.53,2.85,0.04,1.33,1.35,1.2,0.0,0.14,0.0,0.0,1.04,0.46,0.01,0.0,0.0,0.0,0.0,1.0,1.0,0.0,1.0,1.0,1.0,0.0,0.0,0.0,0.0,1.0,1.0,0.0,0.0,0.19384076082400686,20.700241544484495,21.100236965493924
7755,310.16,0.98,1,0.013,0.301,0.08,-0.046,-0.033,0.13,0.0,0.0,0.0,0.56,2.92,0.12,1.35,1.48,1.24,0.0,0.03,0.0,0.0,1.51,0.38,0.01,0.0,0.0,0.0,0.0,1.0,1.0,0.0,1.0,1.0,1.0,0.0,0.0,0.0,0.0,1.0,1.0,0.0,0.0,0.19685970820661758,21.100236965493924,20.900239233080654
7756,310.2,0.98,1,0.002,0.311,0.085,-0.043,-0.034,0.23,0.0,0.0,0.11,0.61,2.94,0.19,1.37,1.61,1.08,0.0,0.0,0.0,0.0,1.93,0.3,0.0,0.0,0.0,0.0,0.0,1.0,1.0,0.0,1.0,1.0,1.0,0.0,0.0,0.0,0.0,1.0,1.0,0.0,0.0,0.19308096926521684,22.100226243185748,20.100248754679537
7757,310.24,0.98,1,-0.013,0.316,0.088,-0.042,-0.035,0.34,0.0,0.0,0.11,0.64,2.87,0.3,1.54,1.59,0.96,0.0,0.0,0.0,0.0,2.12,0.16,0.0,0.0,0.0,0.0,0.0,1.0,1.0,1.0,1.0,1.0,1.0,0.0,0.0,0.0,0.0,1.0,1.0,0.0,0.0,0.19308895098953038,22.60022123785531,20.40392119177105
7758,310.28,0.98,1,-0.003,0.311,0.083,-0.049,-0.036,0.36,0.0,0.0,0.11,0.68,2.84,0.39,1.73,1.55,0.61,0.0,0.0,0.0,0.0,2.3,0.03,0.1,0.0,0.0,0.0,0.0,1.0,1.0,1.0,1.0,1.0,1.0,0.0,0.0,0.0,0.0,1.0,1.0,0.0,0.0,0.19829410304100398,21.5,19.901004999748217
7759,310.32,0.98,1,-0.004,0.321,0.089,-0.042,-0.04,0.28,0.0,0.0,0.0,0.78,2.8,0.51,1.87,1.51,0.53,0.0,0.0,0.0,0.0,2.46,0.0,0.13,0.0,0.0,0.0,0.0,1.0,1.0,1.0,1.0,1.0,1.0,0.0,0.0,0.0,0.0,1.0,1.0,0.0,0.0,0.188923206682864,20.100248754679537,19.200260414900672
7760,310.36,0.98,1,-0.011,0.317,0.092,-0.032,-0.044,0.21,0.0,0.0,0.0,0.88,2.86,0.57,1.77,1.53,0.49,0.0,0.0,0.0,0.0,2.51,0.16,0.13,0.0,0.0,0.0,0.0,1.0,1.0,1.0,1.0,1.0,1.0,0.0,0.0,0.0,0.0,1.0,1.0,0.0,0.0,0.18474646245538018,20.400980368600028,19.00026315607234
7761,310.4,0.98,1,-0.013,0.328,0.075,-0.036,-0.036,0.17,0.0,0.0,0.0,0.97,3.0,0.49,1.54,1.48,0.61,0.0,0.0,0.0,0.0,2.66,0.56,0.03,0.0,0.0,0.0,0.0,1.0,1.0,1.0,1.0,1.0,1.0,0.0,0.0,0.0,0.0,1.0,1.0,0.0,0.0,0.17210997350310592,20.20618717126024,19.701015202268174
7762,310.44,0.98,1,0.008,0.333,0.112,-0.044,-0.031,0.21,0.0,0.0,0.02,0.96,3.02,0.32,1.3,1.41,0.67,0.0,0.0,0.0,0.0,2.79,1.09,0.0,0.0,0.0,0.0,0.0,1.0,1.0,1.0,1.0,1.0,1.0,0.0,0.0,0.0,0.0,1.0,1.0,0.0,0.0,0.1798528600908823,19.800252523642172,19.0
7763,310.48,0.98,1,-0.008,0.303,0.098,-0.047,-0.026,0.18,0.0,0.0,0.11,0.9,3.05,0.19,1.23,1.29,0.75,0.03,0.0,0.0,0.0,2.55,1.39,0.0,0.0,0.0,0.0,0.0,1.0,1.0,1.0,1.0,1.0,1.0,0.0,0.0,0.0,0.0,1.0,1.0,0.0,0.0,0.19247949391322047,20.10099500024803,20.200990074746382
7764,310.52,0.98,1,-0.014,0.303,0.063,-0.041,-0.026,0.19,0.0,0.0,0.11,0.8,2.91,0.18,1.29,1.21,0.92,0.21,0.12,0.0,0.0,1.78,1.18,0.05,0.0,0.0,0.0,0.0,1.0,1.0,1.0,1.0,1.0,1.0,0.0,0.0,0.0,0.0,1.0,1.0,0.0,0.0,0.1836797028934865,20.5,20.00099997500125
7765,310.56,0.98,1,0.0,0.328,0.053,-0.036,-0.026,0.24,0.02,0.0,0.09,0.64,2.78,0.26,1.39,1.22,0.97,0.25,0.27,0.0,0.0,1.09,0.71,0.24,0.0,0.0,0.0,0.0,1.0,1.0,1.0,1.0,1.0,1.0,0.0,0.0,0.0,0.0,1.0,0.0,0.0,0.0,0.16903950454244554,18.909521411183402,19.401030900444532
7766,310.6,0.98,1,-0.027,0.356,0.055,-0.032,-0.023,0.34,0.08,0.0,0.0,0.56,2.59,0.3,1.29,1.3,1.02,0.22,0.34,0.0,0.0,0.96,0.33,0.38,0.0,0.0,0.0,0.0,1.0,1.0,1.0,1.0,1.0,1.0,0.0,0.0,0.0,0.0,1.0,0.0,0.0,0.0,0.17924747746586805,17.9011172835665,18.30682932678399
7767,310.64,0.98,1,-0.023,0.356,0.058,-0.031,-0.021,0.39,0.08,0.0,0.0,0.53,2.59,0.31,1.21,1.44,1.01,0.04,0.25,0.0,0.0,1.23,0.2,0.52,0.0,0.0,0.0,0.0,1.0,1.0,1.0,1.0,1.0,1.0,0.0,0.0,0.0,0.0,1.0,0.0,0.0,0.0,0.18360955077359992,18.40027173712375,17.61022430294415
7768,310.68,0.98,1,-0.029,0.371,0.071,-0.024,-0.026,0.44,0.22,0.0,0.0,0.58,2.64,0.34,1.0,1.52,1.0,0.0,0.1,0.0,0.0,1.55,0.14,0.53,0.0,0.0,0.0,0.0,1.0,1.0,1.0,1.0,1.0,1.0,0.0,0.0,0.0,0.0,1.0,0.0,0.0,0.0,0.17527608593098212,17.90000000000009,17.710166571774575
7769,310.72,0.98,1,-0.029,0.366,0.064,-0.027,-0.023,0.46,0.2,0.0,0.0,0.59,2.68,0.35,1.07,1.53,1.06,0.0,0.03,0.0,0.0,1.69,0.05,0.62,0.0,0.0,0.0,0.0,1.0,1.0,1.0,1.0,1.0,1.0,0.0,0.0,0.0,0.0,1.0,0.0,0.0,0.0,0.16445286347287819,17.202616080119952,17.010584939971935
7770,310.76,0.98,1,-0.029,0.356,0.062,-0.023,-0.025,0.4,0.2,0.0,0.02,0.64,2.54,0.42,1.11,1.51,1.02,0.08,0.05,0.0,0.0,1.73,0.0,0.73,0.0,0.0,0.0,0.0,1.0,1.0,1.0,1.0,1.0,1.0,0.0,0.0,0.0,0.0,1.0,0.0,0.0,0.0,0.16400941378162875,17.30115603073986,17.30722392528618
7771,310.8,0.98,1,-0.007,0.353,0.054,-0.024,-0.029,0.51,0.05,0.0,0.02,0.53,1.94,0.36,1.23,1.48,1.03,0.29,0.12,0.0,0.0,1.56,0.0,1.23,0.0,0.0,0.0,0.0,1.0,1.0,1.0,1.0,1.0,1.0,0.0,0.0,0.0,0.0,1.0,0.0,0.0,1.0,0.16483954595431083,16.300306745579928,17.41838109584249
7772,310.84,0.98,1,0.001,0.421,0.053,-0.04,-0.027,0.73,0.04,0.0,0.02,0.33,1.48,0.3,1.17,1.35,0.94,0.53,0.29,0.0,0.0,1.21,0.15,1.87,1.0,0.0,0.0,0.0,0.0,1.0,0.0,1.0,1.0,1.0,1.0,0.0,0.0,0.0,1.0,0.0,0.0,1.0,0.17170029137801063,16.758579892102855,20.740781084616895
7773,310.88,0.98,1,0.001,0.444,0.049,-0.046,-0.023,0.96,0.04,0.0,0.0,0.09,1.1,0.19,1.04,1.15,0.82,0.62,0.48,0.0,0.0,0.77,0.35,2.16,1.0,0.0,0.0,0.0,0.0,1.0,0.0,0.0,1.0,1.0,1.0,0.0,0.0,0.0,0.0,0.0,0.0,1.0,0.16139032084253338,15.119854496654387,19.22602402994446
7774,310.92,0.98,1,0.011,0.405,0.045,-0.042,-0.018,0.98,0.11,0.0,0.0,0.0,1.47,0.22,0.8,0.92,0.74,0.52,0.65,0.0,0.0,0.4,0.58,1.81,1.0,0.0,0.0,0.0,0.0,1.0,0.0,0.0,1.0,1.0,1.0,0.0,0.0,0.0,0.0,0.0,0.0,1.0,0.17394204805425617,16.536626016210192,20.62425756239473
7775,310.96,0.98,1,-0.005,0.325,0.048,-0.034,-0.023,0.76,0.07,0.0,0.0,0.09,1.85,0.25,0.77,0.79,0.57,0.5,0.63,0.0,0.0,0.19,0.57,1.29,1.0,0.0,0.0,0.0,0.0,1.0,0.0,0.0,1.0,1.0,1.0,0.0,0.0,0.0,0.0,0.0,0.0,1.0,0.18407230035095357,18.146625030566884,21.23393510397924
7776,311.0,0.98,1,0.031,0.311,0.056,-0.035,-0.031,0.62,0.07,0.0,0.03,0.16,2.25,0.34,0.82,0.81,0.6,0.5,0.48,0.0,0.0,0.21,0.56,0.96,0.0,0.0,0.0,0.0,1.0,1.0,0.0,0.0,1.0,1.0,1.0,0.0,0.0,0.0,0.0,0.0,0.0,1.0,0.18370151452197547,18.122361876974125,18.346116755324505
7777,311.04,0.98,1,0.017,0.332,0.063,-0.028,-0.037,0.42,0.0,0.0,0.12,0.32,2.59,0.33,0.9,0.86,0.6,0.52,0.23,0.0,0.0,0.53,0.71,0.79,0.0,0.0,0.0,0.0,1.0,1.0,0.0,0.0,1.0,1.0,1.0,0.0,0.0,0.0,0.0,0.0,0.0,1.0,0.20022935243387419,16.701197561851483,18.569060288555253
7778,311.08,0.98,1,0.016,0.338,0.069,-0.025,-0.042,0.38,0.0,0.0,0.12,0.42,2.64,0.26,1.08,0.94,0.75,0.32,0.09,0.0,0.0,1.05,0.98,0.69,0.0,0.0,0.0,0.0,1.0,1.0,0.0,0.0,1.0,1.0,0.0,0.0,0.0,0.0,1.0,1.0,0.0,1.0,0.19452189202122366,18.001111076819676,19.0168346472277
7779,311.12,0.98,1,0.055,0.371,0.071,-0.024,-0.041,0.39,0.05,0.0,0.09,0.5,2.66,0.17,1.1,1.0,0.73,0.15,0.0,0.0,0.0,1.57,1.23,0.66,0.0,0.0,0.0,0.0,1.0,1.0,0.0,0.0,1.0,1.0,0.0,0.0,0.0,0.0,1.0,1.0,0.0,1.0,0.17924527323417527,17.707060738586787,19.026297590440446
7780,311.16,0.98,1,0.047,0.378,0.072,-0.028,-0.039,0.35,0.05,0.0,0.0,0.55,2.52,0.08,1.14,1.09,0.77,0.07,0.0,0.0,0.0,1.97,1.38,0.69,0.0,0.0,0.0,0.0,1.0,1.0,0.0,0.0,1.0,1.0,0.0,0.0,0.0,0.0,1.0,1.0,0.0,1.0,0.1728839490398119,16.200000000000045,18.82153022471889
7781,311.2,0.98,1,0.048,0.37,0.07,-0.026,-0.039,0.41,0.05,0.0,0.0,0.55,2.37,0.05,1.13,1.19,0.76,0.1,0.0,0.0,0.0,2.06,1.45,0.77,1.0,0.0,0.0,0.0,1.0,1.0,0.0,0.0,1.0,1.0,0.0,0.0,0.0,0.0,1.0,1.0,0.0,1.0,0.18161294013684004,16.500303027520435,19.021303845951252
7782,311.24,0.98,1,0.057,0.362,0.058,-0.029,-0.036,0.48,0.0,0.0,0.0,0.58,2.4,0.01,1.17,1.21,0.79,0.22,0.0,0.0,0.0,2.01,1.44,0.74,1.0,0.0,0.0,0.0,1.0,1.0,0.0,0.0,1.0,1.0,0.0,0.0,0.0,0.0,1.0,1.0,0.0,1.0,0.17246612594538402,16.30766690854331,19.30932417253403
7783,311.28,0.98,1,0.058,0.349,0.046,-0.03,-0.031,0.53,0.0,0.0,0.0,0.51,2.26,0.0,1.24,1.22,0.74,0.27,0.0,0.03,0.0,1.66,1.3,0.82,1.0,0.0,0.0,0.0,1.0,1.0,0.0,0.0,1.0,1.0,0.0,0.0,0.0,0.0,1.0,1.0,0.0,1.0,0.17682247370273463,16.407620180879462,19.416487838947692
7784,311.32,0.98,1,0.054,0.348,0.035,-0.028,-0.026,0.46,0.0,0.0,0.0,0.5,2.38,0.05,1.23,1.19,0.76,0.3,0.01,0.08,0.0,1.25,0.98,0.69,1.0,0.0,0.0,0.0,1.0,1.0,0.0,0.0,1.0,1.0,0.0,0.0,0.0,0.0,1.0,1.0,0.0,1.0,0.17559647790211177,16.10496817755307,19.212756179163925
7785,311.36,0.98,1,0.063,0.338,0.032,-0.025,-0.03,0.36,0.0,0.0,0.0,0.48,2.36,0.05,1.23,1.24,0.81,0.19,0.05,0.13,0.0,0.92,0.77,0.6,1.0,0.0,0.0,0.0,1.0,1.0,0.0,0.0,1.0,1.0,0.0,0.0,0.0,0.0,1.0,1.0,0.0,1.0,0.17996914080394044,16.004999218994044,19.42575609854102
7786,311.4,0.98,1,0.062,0.347,0.035,-0.03,-0.029,0.34,0.0,0.0,0.0,0.63,2.77,0.09,1.22,1.29,0.89,0.07,0.05,0.13,0.0,1.02,0.84,0.42,1.0,0.0,0.0,0.0,1.0,1.0,0.0,0.0,1.0,1.0,0.0,0.0,0.0,0.0,1.0,1.0,0.0,1.0,0.18008735229423875,15.200328943809124,19.021303845951252
7787,311.44,0.98,1,0.047,0.343,0.043,-0.029,-0.031,0.23,0.0,0.0,0.0,0.75,3.05,0.1,1.21,1.37,0.81,0.0,0.04,0.08,0.0,1.47,1.2,0.37,1.0,0.0,0.0,0.0,1.0,1.0,0.0,1.0,1.0,1.0,0.0,0.0,0.0,0.0,1.0,1.0,0.0,1.0,0.16177671910816543,15.799999999999955,18.53887806745597
7788,311.48,0.98,1,0.023,0.33,0.046,-0.035,-0.033,0.11,0.0,0.0,0.0,0.92,3.26,0.19,1.18,1.4,0.69,0.0,0.0,0.03,0.0,1.93,1.59,0.32,1.0,0.0,0.0,0.0,1.0,1.0,0.0,1.0,1.0,1.0,0.0,0.0,0.0,0.0,1.0,1.0,0.0,0.0,0.16557456106912327,17.400287353948936,20.220039564748674
7789,311.52,0.98,1,0.018,0.337,0.057,-0.03,-0.044,0.04,0.0,0.0,0.0,0.98,3.14,0.21,1.24,1.45,0.71,0.0,0.0,0.0,0.0,2.11,1.66,0.27,1.0,0.0,0.0,0.0,1.0,1.0,0.0,1.0,1.0,1.0,0.0,0.0,0.0,0.0,1.0,1.0,0.0,0.0,0.17123653638161077,17.604544867732447,19.81236987338966
7790,311.56,0.98,1,0.023,0.331,0.054,-0.024,-0.049,0.18,0.0,0.0,0.0,0.98,3.04,0.26,1.14,1.42,0.86,0.0,0.0,0.02,0.0,2.0,1.66,0.15,1.0,0.0,0.0,0.0,1.0,1.0,0.0,1.0,1.0,1.0,0.0,0.0,0.0,0.0,1.0,1.0,0.0,0.0,0.17177773317374356,17.704519197086423,19.20416621465253
7791,311.6,0.98,1,0.027,0.332,0.06,-0.018,-0.055,0.34,0.0,0.0,0.0,0.84,2.91,0.21,1.07,1.35,1.12,0.06,0.1,0.02,0.0,1.45,1.42,0.08,1.0,0.0,0.0,0.0,1.0,1.0,0.0,1.0,1.0,1.0,0.0,0.0,0.0,0.0,1.0,1.0,0.0,0.0,0.17596636693576168,17.70254219031836,19.7124326251227
7792,311.64,0.98,1,0.035,0.316,0.043,-0.015,-0.058,0.4,0.0,0.0,0.0,0.66,2.84,0.17,0.96,1.25,1.19,0.14,0.25,0.02,0.0,0.74,0.95,0.06,1.0,0.0,0.0,0.0,1.0,1.0,0.0,0.0,1.0,1.0,1.0,0.0,0.0,0.0,1.0,1.0,0.0,0.0,0.18615047651186056,17.502571239677902,19.3126901285139
7793,311.68,0.98,1,0.033,0.313,0.04,-0.016,-0.059,0.36,0.0,0.0,0.05,0.52,2.78,0.07,0.94,1.18,1.23,0.18,0.45,0.02,0.0,0.16,0.41,0.18,1.0,0.0,0.0,0.0,1.0,1.0,0.0,0.0,1.0,1.0,1.0,0.0,0.0,0.0,0.0,0.0,0.0,0.0,0.18526768572824093,18.201098867925577,19.709134937891157
7794,311.72,0.98,1,0.036,0.302,0.044,-0.013,-0.061,0.34,0.05,0.0,0.05,0.4,2.7,0.02,0.84,1.16,1.18,0.14,0.61,0.02,0.04,0.0,0.05,0.17,0.0,0.0,0.0,0.0,1.0,1.0,0.0,0.0,1.0,1.0,1.0,0.0,0.0,0.0,0.0,0.0,0.0,0.0,0.19111558153176145,18.101104938649375,20.20618717126024
7795,311.76,0.98,1,0.028,0.314,0.051,-0.014,-0.063,0.37,0.13,0.0,0.05,0.34,2.7,0.0,0.78,1.2,1.17,0.17,0.75,0.02,0.08,0.0,0.0,0.18,0.0,0.0,0.0,0.0,1.0,1.0,0.0,0.0,1.0,1.0,1.0,1.0,0.0,0.0,0.0,0.0,0.0,0.0,0.18855399287491836,18.104419349982063,20.20618717126024
7796,311.8,0.98,1,0.025,0.307,0.049,-0.015,-0.063,0.45,0.34,0.0,0.0,0.28,2.66,0.0,0.77,1.26,1.19,0.31,0.89,0.04,0.11,0.0,0.0,0.14,0.0,0.0,0.0,0.0,1.0,1.0,0.0,0.0,1.0,1.0,1.0,1.0,0.0,0.0,0.0,0.0,0.0,0.0,0.19644138431307417,18.206866836443925,20.203960007879687
7797,311.84,0.98,1,0.031,0.313,0.053,-0.016,-0.062,0.44,0.39,0.0,0.0,0.28,2.64,0.0,0.83,1.25,1.18,0.43,0.85,0.09,0.11,0.0,0.0,0.28,0.0,0.0,0.0,0.0,1.0,1.0,0.0,0.0,1.0,1.0,1.0,1.0,0.0,0.0,0.0,0.0,0.0,0.0,0.19762647551600493,18.20439507371782,20.508778608196053
7798,311.88,0.98,1,0.013,0.326,0.046,-0.013,-0.061,0.47,0.35,0.0,0.0,0.28,2.57,0.0,0.82,1.23,1.15,0.48,0.81,0.16,0.13,0.0,0.0,0.5,0.0,0.0,0.0,0.0,1.0,1.0,0.0,0.0,1.0,1.0,1.0,1.0,0.0,0.0,0.0,0.0,0.0,0.0,0.1914720980287302,18.100276240986073,20.312065379965627
7799,311.92,0.98,1,-0.002,0.336,0.046,-0.012,-0.061,0.38,0.15,0.0,0.0,0.28,2.57,0.0,0.82,1.21,1.12,0.42,0.79,0.12,0.17,0.0,0.0,0.64,0.0,0.0,0.0,0.0,1.0,1.0,0.0,0.0,1.0,1.0,1.0,1.0,0.0,0.0,0.0,0.0,0.0,0.0,0.1871634409307032,18.50108104949546,20.215835377248023
7800,311.96,0.98,1,0.001,0.331,0.044,-0.015,-0.06,0.33,0.13,0.0,0.0,0.28,2.62,0.0,0.76,1.25,1.05,0.33,0.86,0.08,0.17,0.04,0.0,0.73,0.0,0.0,0.0,0.0,1.0,1.0,0.0,0.0,1.0,1.0,1.0,1.0,0.0,0.0,0.0,0.0,0.0,0.0,0.1819755680772073,18.102486017119215,19.712432625122702
7801,312.0,0.98,1,0.003,0.332,0.046,-0.014,-0.059,0.21,0.08,0.0,0.0,0.26,2.56,0.0,0.65,1.29,1.03,0.17,0.9,0.01,0.17,0.1,0.0,0.72,0.0,0.0,0.0,0.0,1.0,1.0,0.0,0.0,1.0,1.0,1.0,1.0,0.0,0.0,0.0,0.0,0.0,0.0,0.1879048069974582,18.601075237738414,19.51640335717624
7802,312.04,0.98,1,-0.007,0.329,0.045,-0.013,-0.057,0.19,0.07,0.0,0.0,0.26,2.52,0.0,0.49,1.3,1.07,0.05,0.83,0.01,0.13,0.14,0.0,0.87,0.0,0.0,0.0,0.0,1.0,1.0,0.0,0.0,1.0,1.0,1.0,1.0,0.0,0.0,0.0,0.0,0.0,0.0,0.18798520594543594,18.401086924418443,19.312690128513903
7803,312.08,0.98,1,-0.006,0.334,0.05,-0.01,-0.056,0.16,0.0,0.0,0.0,0.23,2.45,0.0,0.42,1.29,1.23,0.01,0.74,0.05,0.13,0.16,0.0,0.77,0.0,0.0,0.0,0.0,1.0,1.0,0.0,0.0,1.0,1.0,1.0,1.0,0.0,0.0,0.0,0.0,0.0,0.0,0.18683988754815753,18.20439507371782,19.016834647227704
7804,312.12,0.98,1,-0.008,0.335,0.047,-0.009,-0.052,0.24,0.0,0.0,0.0,0.26,2.62,0.0,0.5,1.28,1.37,0.03,0.62,0.1,0.1,0.1,0.0,0.65,0.0,0.0,0.0,0.0,1.0,1.0,0.0,0.0,1.0,1.0,1.0,1.0,0.0,0.0,0.0,0.0,0.0,0.0,0.1824993259583258,18.20439507371782,19.21665943914272
7805,312.16,0.98,1,-0.001,0.342,0.052,-0.012,-0.053,0.26,0.0,0.0,0.0,0.27,2.56,0.05,0.61,1.3,1.33,0.02,0.62,0.2,0.07,0.08,0.0,0.7,0.0,0.0,0.0,0.0,1.0,1.0,0.0,0.0,1.0,1.0,1.0,1.0,0.0,0.0,0.0,0.0,0.0,0.0,0.1773691650636226,17.90251378996825,19.209372712298592
7806,312.2,0.98,1,-0.017,0.34,0.05,-0.022,-0.051,0.57,0.13,0.0,0.0,0.21,2.25,0.08,0.85,1.37,1.31,0.19,0.53,0.19,0.02,0.12,0.0,1.28,0.0,0.0,0.0,0.0,1.0,1.0,0.0,0.0,1.0,1.0,0.0,1.0,0.0,0.0,0.0,0.0,0.0,1.0,0.20958617442858446,17.418381095842495,17.14205355259412
7807,312.24,0.98,1,-0.014,0.429,0.04,-0.031,-0.046,0.8,0.14,0.0,0.0,0.13,1.55,0.11,0.98,1.42,1.34,0.19,0.48,0.24,0.0,0.26,0.0,1.92,1.0,0.0,0.0,0.0,1.0,1.0,0.0,0.0,1.0,1.0,0.0,1.0,0.0,0.0,0.0,0.0,0.0,1.0,0.1654131484950668,17.130382365843527,18.8859736312428
7808,312.28,0.98,1,0.004,0.401,0.027,-0.028,-0.042,0.93,0.14,0.0,0.0,0.13,1.21,0.06,1.07,1.39,1.44,0.21,0.48,0.14,0.0,0.27,0.0,1.97,1.0,0.0,0.0,0.0,1.0,1.0,0.0,0.0,1.0,1.0,0.0,1.0,0.0,0.0,0.0,0.0,0.0,1.0,0.16691645691318074,16.89615340839442,18.478365728602828
7809,312.32,0.98,1,-0.021,0.353,0.017,-0.014,-0.04,0.78,0.15,0.0,0.0,0.19,1.24,0.03,0.95,1.29,1.33,0.04,0.5,0.15,0.0,0.18,0.0,1.61,1.0,0.0,0.0,0.0,1.0,1.0,0.0,0.0,1.0,1.0,0.0,1.0,0.0,0.0,0.0,0.0,0.0,1.0,0.1768548756769313,18.668690366493212,19.701776569639513
7810,312.36,0.98,1,-0.003,0.322,0.024,-0.002,-0.04,0.57,0.14,0.0,0.0,0.24,1.77,0.04,0.87,1.24,1.16,0.02,0.64,0.04,0.0,0.04,0.0,1.18,1.0,0.0,0.0,0.0,1.0,1.0,0.0,0.0,1.0,1.0,1.0,1.0,0.0,0.0,0.0,0.0,0.0,1.0,0.18060205665329854,16.71466422037851,20.155892438689126
7811,312.4,0.98,1,0.02,0.322,0.022,0.0,-0.024,0.47,0.14,0.0,0.0,0.28,2.19,0.08,0.75,1.23,1.01,0.0,0.71,0.04,0.0,0.03,0.0,1.03,0.0,0.0,0.0,0.0,1.0,1.0,0.0,0.0,1.0,1.0,1.0,1.0,0.0,0.0,0.0,0.0,0.0,1.0,0.16564249392179123,16.252076790367486,17.96273921204656
7812,312.44,0.98,1,0.005,0.342,0.037,0.007,-0.021,0.24,0.0,0.0,0.0,0.36,2.46,0.13,0.7,1.23,0.91,0.0,0.98,0.0,0.0,0.01,0.01,0.98,0.0,0.0,0.0,0.0,1.0,1.0,0.0,0.0,1.0,1.0,1.0,1.0,0.0,0.0,0.0,0.0,0.0,1.0,0.15190375762554637,16.144658559412285,18.154062906137476
7813,312.48,0.98,1,-0.003,0.354,0.053,0.001,-0.002,0.12,0.0,0.0,0.0,0.33,2.62,0.13,0.56,1.21,0.6,0.0,1.09,0.0,0.02,0.01,0.3,0.99,0.0,0.0,0.0,0.0,1.0,1.0,0.0,0.0,1.0,1.0,1.0,1.0,0.0,0.0,0.0,0.0,0.0,1.0,0.149551770140458,18.786431273661364,17.434735443934997
7814,312.52,0.98,1,-0.011,0.356,0.053,0.004,0.006,0.0,0.0,0.0,0.0,0.22,2.31,0.11,0.35,1.11,0.34,0.01,1.16,0.01,0.04,0.02,0.72,1.0,0.0,0.0,0.0,0.0,1.0,1.0,0.0,0.0,1.0,1.0,1.0,1.0,0.0,0.0,0.0,0.0,0.0,1.0,0.1519222063035785,18.054362353736007,18.04688338744394
7815,312.56,0.98,1,-0.035,0.38,0.048,0.015,0.008,0.18,0.09,0.0,0.0,0.08,1.54,0.06,0.14,1.04,0.19,0.01,1.16,0.05,0.04,0.2,1.19,1.56,0.0,0.0,0.0,0.0,0.0,1.0,0.0,0.0,1.0,1.0,0.0,1.0,0.0,0.0,0.0,0.0,0.0,1.0,0.147529387879056,16.044936896105263,17.393389548906175
7816,312.6,0.98,1,-0.044,0.405,0.035,0.038,0.01,0.32,0.16,0.0,0.0,0.01,0.72,0.03,0.0,0.95,0.3,0.01,0.93,0.3,0.02,0.67,1.43,1.89,0.0,0.0,0.0,0.0,0.0,1.0,0.0,0.0,1.0,1.0,0.0,1.0,0.0,0.0,0.0,0.0,0.0,1.0,0.15895993878324946,18.279223178242376,17.08478855590551
7817,312.64,0.93,1,-0.108,0.431,0.07,0.089,0.009,0.36,0.16,0.0,0.0,0.04,0.61,0.0,0.0,0.98,0.46,0.0,0.8,0.49,0.0,0.92,1.54,2.34,0.0,0.0,0.0,0.0,0.0,1.0,0.0,0.0,1.0,1.0,0.0,0.0,1.0,0.0,1.0,0.0,0.0,1.0,0.16049785523094579,20.518284528683285,16.667633305301536
7818,312.68,0.93,1,-0.175,0.411,0.082,0.148,0.011,0.22,0.07,0.0,0.0,0.3,1.19,0.0,0.0,0.96,0.65,0.0,0.51,0.6,0.0,1.21,1.35,2.05,0.0,0.0,0.0,0.0,0.0,1.0,0.0,0.0,1.0,1.0,0.0,0.0,1.0,0.0,1.0,0.0,0.0,1.0,0.15748807054173286,17.82273828568457,17.802527910384146
7819,312.72,0.93,1,-0.247,0.381,0.115,0.227,0.007,0.28,0.09,0.0,0.0,0.67,1.92,0.09,0.13,1.01,0.81,0.0,0.43,0.45,0.0,1.28,1.13,1.68,0.0,0.0,0.0,0.0,1.0,1.0,0.0,0.0,1.0,1.0,0.0,0.0,1.0,0.0,1.0,1.0,0.0,1.0,0.1719686299518427,16.9755706826016,19.216659439142834
7820,312.76,0.93,1,-0.313,0.38,0.109,0.263,0.022,0.37,0.12,0.0,0.0,0.87,2.3,0.09,0.25,1.05,0.87,0.0,0.19,0.51,0.0,1.8,0.94,1.02,0.0,0.0,0.0,0.0,1.0,1.0,0.0,0.0,1.0,1.0,0.0,0.0,1.0,1.0,1.0,1.0,0.0,1.0,0.15946235867593445,16.137224048763773,23.245859846432893
7821,312.8,0.98,1,-0.343,0.368,0.096,0.305,0.06,0.48,0.32,0.0,0.0,0.91,2.35,0.09,0.53,1.18,0.63,0.0,0.07,0.41,0.0,2.05,0.94,0.67,0.0,0.0,0.0,0.0,1.0,1.0,0.0,0.0,1.0,1.0,0.0,0.0,1.0,1.0,1.0,1.0,0.0,0.0,0.17343485899762243,16.070158679988197,24.12985702402731
7822,312.84,0.98,1,-0.37,0.372,0.067,0.328,0.081,0.39,0.32,0.0,0.0,0.83,2.19,0.0,0.67,1.32,0.45,0.0,0.0,0.31,0.0,2.38,1.07,0.62,0.0,0.0,0.0,0.0,1.0,1.0,0.0,1.0,1.0,1.0,0.0,0.0,0.0,1.0,1.0,1.0,0.0,0.0,0.17643923907836656,16.708381130438607,22.897379762758813
7823,312.88,0.98,1,-0.394,0.376,0.074,0.354,0.086,0.52,0.51,0.02,0.0,0.86,1.99,0.0,0.9,1.44,0.23,0.0,0.0,0.05,0.0,2.43,1.05,0.81,0.0,0.0,0.0,0.0,1.0,1.0,0.0,1.0,1.0,1.0,0.0,0.0,0.0,1.0,1.0,1.0,0.0,0.0,0.1868913036020542,16.533904560024624,22.26117696798622
7824,312.92,0.98,1,-0.39,0.362,0.074,0.348,0.091,0.62,0.38,0.02,0.0,0.85,1.8,0.0,0.98,1.55,0.26,0.0,0.0,0.0,0.01,2.57,1.04,0.9,1.0,0.0,1.0,0.0,1.0,1.0,0.0,1.0,1.0,1.0,0.0,0.0,0.0,1.0,1.0,1.0,0.0,0.0,0.19333539973971925,16.498484778912143,22.938613733179192
7825,312.96,0.98,1,-0.402,0.365,0.078,0.364,0.087,0.85,0.39,0.06,0.0,0.82,1.53,0.03,1.17,1.61,0.34,0.0,0.0,0.0,0.01,2.54,0.72,0.92,1.0,0.0,1.0,0.0,1.0,1.0,1.0,1.0,1.0,1.0,0.0,0.0,0.0,0.0,1.0,1.0,0.0,0.0,0.19085360187439943,16.81933411285957,21.372178176311397
7826,313.0,0.98,1,-0.411,0.374,0.086,0.373,0.083,0.99,0.21,0.08,0.0,0.81,1.35,0.14,1.4,1.62,0.48,0.0,0.0,0.0,0.01,2.58,0.42,0.87,1.0,0.0,1.0,0.0,1.0,1.0,1.0,1.0,1.0,1.0,0.0,0.0,0.0,0.0,1.0,0.0,0.0,0.0,0.19061865356128482,17.34012687381501,20.322647465327957
7827,313.04,0.98,1,-0.427,0.364,0.083,0.389,0.079,1.18,0.13,0.08,0.0,0.74,1.09,0.24,1.69,1.57,0.54,0.0,0.0,0.0,0.01,2.62,0.14,0.74,1.0,0.0,1.0,0.0,1.0,1.0,1.0,1.0,1.0,1.0,0.0,0.0,0.0,0.0,1.0,0.0,0.0,0.0,0.19626173818394937,16.335544068074427,19.44865033877666
7828,313.08,0.98,1,-0.436,0.369,0.088,0.404,0.074,1.26,0.02,0.04,0.0,0.74,0.99,0.27,1.83,1.57,0.52,0.0,0.0,0.0,0.0,2.63,0.03,0.53,1.0,0.0,1.0,0.0,1.0,1.0,1.0,1.0,1.0,1.0,0.0,0.0,0.0,0.0,1.0,0.0,0.0,0.0,0.2015842551978831,15.76863976378423,21.023796041628657
7829,313.12,0.98,1,-0.424,0.355,0.088,0.406,0.071,1.38,0.06,0.05,0.0,0.76,0.96,0.25,1.92,1.58,0.47,0.0,0.0,0.0,0.0,2.65,0.0,0.37,1.0,0.0,1.0,0.0,1.0,1.0,1.0,1.0,1.0,1.0,0.0,0.0,0.0,0.0,1.0,0.0,0.0,0.0,0.21727877187586853,16.74514855114771,21.28121237147928
7830,313.16,0.98,1,-0.421,0.357,0.101,0.405,0.07,1.5,0.22,0.12,0.0,0.79,1.13,0.25,1.89,1.5,0.33,0.0,0.0,0.0,0.03,2.73,0.28,0.18,1.0,0.0,1.0,0.0,1.0,1.0,1.0,1.0,1.0,1.0,0.0,0.0,0.0,0.0,1.0,0.0,0.0,0.0,0.2170080565749581,17.10584695360041,21.249235280357674
7831,313.2,0.98,1,-0.415,0.352,0.092,0.394,0.064,1.59,0.34,0.34,0.0,0.76,1.35,0.25,1.85,1.31,0.21,0.0,0.0,0.0,0.07,2.97,0.62,0.11,1.0,0.0,1.0,0.0,1.0,1.0,1.0,1.0,1.0,1.0,0.0,0.0,0.0,0.0,1.0,0.0,0.0,0.0,0.2070285891308754,17.824140933015585,21.93171219946129
7832,313.24,0.98,1,-0.43,0.359,0.115,0.406,0.058,1.67,0.38,0.43,0.0,0.69,1.35,0.24,1.78,1.12,0.25,0.0,0.03,0.0,0.07,3.12,0.92,0.02,1.0,0.0,1.0,0.0,1.0,1.0,1.0,1.0,1.0,1.0,0.0,0.0,0.0,0.0,1.0,0.0,0.0,0.0,0.20943936277809064,17.74964788383129,21.444113411377007
7833,313.28,0.98,1,-0.437,0.356,0.107,0.418,0.064,1.66,0.38,0.5,0.0,0.61,1.2,0.23,1.72,1.04,0.59,0.0,0.14,0.0,0.04,2.85,0.65,0.09,1.0,0.0,1.0,0.0,1.0,1.0,1.0,1.0,1.0,1.0,0.0,0.0,0.0,0.0,1.0,0.0,0.0,0.0,0.21681345665858814,17.494284781036306,20.91219739769122
7834,313.32,0.98,1,-0.453,0.36,0.104,0.421,0.072,1.7,0.51,0.37,0.0,0.58,1.03,0.27,1.73,1.09,0.96,0.0,0.24,0.0,0.0,2.41,0.32,0.13,1.0,0.0,1.0,0.0,1.0,1.0,1.0,1.0,1.0,1.0,0.0,0.0,0.0,0.0,1.0,0.0,0.0,0.0,0.21962554115967542,17.608236708995104,19.451735141112703
7835,313.36,0.98,1,-0.453,0.358,0.101,0.43,0.079,1.6,0.64,0.27,0.0,0.59,0.97,0.28,1.72,1.2,1.17,0.0,0.22,0.0,0.0,1.95,0.01,0.12,1.0,0.0,1.0,0.0,1.0,1.0,1.0,1.0,1.0,1.0,0.0,0.0,0.0,0.0,1.0,0.0,0.0,0.0,0.2192608479102243,17.837320426566222,19.112561314486335
7836,313.4,0.98,1,-0.46,0.357,0.1,0.429,0.089,1.51,0.53,0.23,0.0,0.64,1.06,0.29,1.74,1.3,1.09,0.0,0.11,0.0,0.0,1.85,0.0,0.09,1.0,0.0,1.0,0.0,1.0,1.0,1.0,1.0,1.0,1.0,0.0,0.0,0.0,0.0,1.0,0.0,0.0,0.0,0.22169380063511246,18.03468879687161,19.313207915827984
7837,313.44,0.98,1,-0.459,0.36,0.106,0.435,0.096,1.41,0.35,0.26,0.0,0.61,0.95,0.29,1.68,1.26,0.92,0.0,0.08,0.0,0.0,1.66,0.0,0.06,1.0,0.0,1.0,0.0,1.0,1.0,1.0,1.0,1.0,1.0,0.0,0.0,0.0,0.0,1.0,0.0,0.0,0.0,0.22626734083856853,17.92540097180525,19.1637678967368
7838,313.48,0.98,1,-0.467,0.36,0.106,0.435,0.101,1.59,0.45,0.36,0.0,0.48,0.96,0.25,1.59,1.04,0.71,0.0,0.33,0.0,0.0,1.34,0.04,0.18,1.0,0.0,1.0,0.0,1.0,1.0,1.0,1.0,1.0,1.0,0.0,0.0,0.0,0.0,1.0,0.0,0.0,0.0,0.2234541264381819,17.886866690396044,19.428072472584578
7839,313.52,0.98,1,-0.476,0.342,0.098,0.424,0.107,1.76,0.7,0.47,0.0,0.31,0.92,0.22,1.37,0.72,0.56,0.0,0.65,0.0,0.06,1.04,0.32,0.15,1.0,0.0,1.0,0.0,1.0,1.0,0.0,0.0,0.0,1.0,0.0,0.0,0.0,0.0,1.0,0.0,0.0,0.0,0.24244981379058783,18.748866632412614,18.736061485808587
7840,313.56,0.98,1,-0.486,0.343,0.106,0.427,0.106,1.99,0.94,0.56,0.0,0.14,0.92,0.11,1.2,0.46,0.47,0.0,0.91,0.0,0.12,0.83,0.65,0.18,1.0,0.0,1.0,0.0,1.0,1.0,0.0,0.0,0.0,1.0,0.0,0.0,0.0,0.0,1.0,0.0,0.0,0.0,0.2434897223524724,18.670297265978352,17.48885359307464
7841,313.6,0.98,1,-0.475,0.347,0.115,0.43,0.105,1.89,0.93,0.64,0.0,0.09,0.97,0.14,1.14,0.33,0.48,0.0,0.9,0.0,0.17,0.92,0.94,0.07,1.0,0.0,1.0,0.0,1.0,1.0,0.0,0.0,0.0,1.0,0.0,0.0,0.0,0.0,1.0,0.0,0.0,0.0,0.25122969827367014,18.9274932307477,19.209372712298585
7842,313.64,0.98,1,-0.474,0.345,0.106,0.412,0.112,1.79,0.8,0.52,0.0,0.1,1.07,0.11,1.3,0.43,0.65,0.0,0.7,0.0,0.16,1.14,0.97,0.07,1.0,0.0,1.0,0.0,1.0,1.0,0.0,0.0,0.0,1.0,0.0,0.0,0.0,0.0,1.0,0.0,0.0,0.0,0.2501122161884493,19.10235587565056,19.84036289990689
7843,313.68,0.98,1,-0.457,0.351,0.116,0.401,0.111,1.61,0.67,0.45,0.0,0.31,1.27,0.12,1.55,0.71,0.83,0.0,0.46,0.0,0.18,1.57,0.9,0.02,1.0,0.0,1.0,0.0,1.0,1.0,0.0,0.0,1.0,1.0,0.0,0.0,0.0,0.0,1.0,0.0,0.0,0.0,0.23720189332576225,18.788294228055815,21.54065922853798
7844,313.72,0.98,1,-0.452,0.359,0.122,0.389,0.111,1.43,0.51,0.4,0.0,0.52,1.28,0.08,1.63,1.06,0.86,0.0,0.22,0.0,0.19,2.02,0.82,0.0,1.0,0.0,1.0,0.0,1.0,1.0,0.0,1.0,1.0,1.0,0.0,0.0,0.0,0.0,1.0,0.0,0.0,0.0,0.22409312810490667,19.53509662120965,22.3486017459706
7845,313.76,0.98,1,-0.446,0.362,0.129,0.386,0.108,1.15,0.32,0.45,0.0,0.74,1.31,0.1,1.58,1.26,0.8,0.0,0.12,0.0,0.31,2.2,0.77,0.01,1.0,0.0,1.0,0.0,1.0,1.0,1.0,1.0,1.0,1.0,0.0,0.0,0.0,0.0,1.0,0.0,0.0,0.0,0.2267652287991338,19.535096621209874,22.980426453832408
7846,313.8,0.98,1,-0.432,0.379,0.125,0.37,0.108,0.84,0.15,0.47,0.0,0.82,1.44,0.19,1.46,1.31,0.63,0.0,0.02,0.0,0.25,2.29,0.73,0.04,1.0,0.0,1.0,0.0,1.0,1.0,1.0,1.0,1.0,1.0,0.0,0.0,0.0,0.0,1.0,0.0,0.0,0.0,0.20393420384640581,21.004047229046034,18.044666802132973
7847,313.84,0.98,1,-0.439,0.415,0.144,0.381,0.097,0.68,0.01,0.43,0.0,0.84,1.47,0.21,1.5,1.19,0.55,0.0,0.06,0.0,0.28,2.2,0.72,0.08,1.0,0.0,1.0,0.0,1.0,1.0,1.0,1.0,1.0,1.0,0.0,0.0,0.0,0.0,1.0,0.0,0.0,0.0,0.20165728465089705,20.886598574205422,16.88075827680733
7848,313.88,0.98,1,-0.415,0.376,0.12,0.359,0.09,0.71,0.01,0.44,0.0,0.74,1.29,0.22,1.53,0.93,0.39,0.0,0.16,0.0,0.2,2.21,0.69,0.23,1.0,0.0,1.0,0.0,1.0,1.0,1.0,1.0,1.0,1.0,0.0,0.0,0.0,0.0,1.0,0.0,0.0,0.0,0.2199761811064965,21.827734651126843,17.75640729426982
7849,313.92,0.98,1,-0.398,0.374,0.112,0.356,0.081,0.79,0.15,0.4,0.0,0.64,0.98,0.14,1.56,0.63,0.27,0.0,0.38,0.0,0.22,2.08,0.7,0.35,1.0,0.0,1.0,0.0,1.0,1.0,1.0,1.0,1.0,1.0,0.0,0.0,0.0,0.0,1.0,0.0,0.0,0.0,0.2163688614773652,21.734764779035554,17.789041570584953
7850,313.96,0.98,1,-0.404,0.388,0.112,0.349,0.075,0.63,0.21,0.38,0.0,0.53,0.83,0.1,1.57,0.44,0.24,0.03,0.62,0.0,0.26,1.9,0.68,0.52,1.0,0.0,1.0,0.0,1.0,1.0,1.0,1.0,1.0,1.0,0.0,0.0,0.0,0.0,1.0,0.0,0.0,0.0,0.2153458303509519,21.897945109073728,18.376343488300396
7851,314.0,0.98,1,-0.399,0.39,0.106,0.322,0.071,0.4,0.21,0.33,0.0,0.46,0.84,0.03,1.4,0.38,0.29,0.05,0.83,0.0,0.31,1.72,0.75,0.74,1.0,0.0,1.0,0.0,1.0,1.0,0.0,0.0,1.0,1.0,0.0,0.0,0.0,0.0,1.0,0.0,0.0,0.0,0.1935756110536953,22.55770378385171,18.774717041809186
7852,314.04,0.98,1,-0.404,0.392,0.121,0.308,0.062,0.28,0.06,0.22,0.0,0.36,0.76,0.0,1.21,0.39,0.33,0.06,0.83,0.0,0.32,1.91,1.07,1.38,0.0,0.0,1.0,0.0,1.0,1.0,0.0,0.0,1.0,1.0,0.0,0.0,0.0,0.0,1.0,0.0,0.0,0.0,0.2024163981822781,21.09241569853956,17.889941307897065
7853,314.08,0.98,1,-0.321,0.493,0.112,0.273,0.06,0.27,0.0,0.18,0.0,0.31,0.5,0.0,0.94,0.47,0.36,0.08,0.66,0.15,0.18,2.38,1.47,2.08,0.0,0.0,1.0,0.0,0.0,1.0,0.0,0.0,1.0,1.0,0.0,0.0,0.0,0.0,1.0,1.0,0.0,0.0,0.16905869016341982,24.174573419193976,19.944924166313545
7854,314.12,0.98,1,-0.22,0.545,0.143,0.261,0.056,0.19,0.0,0.36,0.0,0.29,0.54,0.0,0.78,0.57,0.54,0.05,0.49,0.39,0.04,2.66,1.83,2.42,0.0,0.0,1.0,0.0,0.0,1.0,0.0,0.0,1.0,1.0,0.0,0.0,0.0,0.0,1.0,1.0,0.0,1.0,0.15034213604278693,22.398660674245853,17.15721422609162
7855,314.16,0.98,1,-0.155,0.541,0.124,0.189,0.052,0.06,0.0,0.61,0.0,0.31,0.95,0.06,0.64,0.66,0.73,0.04,0.47,0.41,0.0,2.49,1.93,2.21,0.0,0.0,1.0,0.0,0.0,1.0,0.0,0.0,1.0,1.0,0.0,0.0,0.0,0.0,1.0,1.0,0.0,1.0,0.0979254514314579,22.257582977493357,19.520758181996925
7856,314.2,0.98,1,-0.166,0.44,0.099,0.157,0.018,0.0,0.0,0.79,0.0,0.3,1.79,0.12,0.62,0.73,0.88,0.0,0.61,0.26,0.0,2.09,2.05,1.72,0.0,0.0,0.0,0.0,0.0,1.0,0.0,0.0,1.0,1.0,0.0,0.0,0.0,0.0,1.0,1.0,0.0,1.0,0.16941190120280736,19.620652384668468,21.102132593650364
7857,314.24,0.98,1,-0.079,0.382,0.121,0.117,-0.005,0.01,0.0,0.69,0.0,0.32,2.31,0.12,0.58,0.76,0.77,0.0,0.69,0.02,0.0,1.88,2.22,1.23,0.0,0.0,0.0,0.0,0.0,1.0,0.0,0.0,1.0,1.0,0.0,0.0,0.0,0.0,1.0,1.0,0.0,1.0,0.18582817168635243,19.001052602421794,20.524375751773793
7858,314.28,0.98,1,-0.05,0.352,0.118,0.07,-0.009,0.04,0.0,0.46,0.0,0.28,2.47,0.06,0.59,0.79,0.59,0.12,0.67,0.0,0.0,1.58,2.27,0.65,0.0,0.0,0.0,0.0,0.0,1.0,0.0,0.0,1.0,1.0,0.0,0.0,0.0,0.0,1.0,1.0,0.0,0.0,0.200404392574827,19.416487838947464,21.627991122617022
7859,314.32,0.98,1,-0.033,0.344,0.097,0.04,-0.012,0.04,0.0,0.21,0.0,0.26,2.51,0.0,0.55,0.78,0.43,0.25,0.77,0.04,0.0,1.18,1.98,0.22,0.0,0.0,0.0,0.0,0.0,1.0,0.0,0.0,1.0,1.0,0.0,0.0,0.0,0.0,1.0,1.0,0.0,0.0,0.20707081247835368,20.2121250738264,20.120139164528794
7860,314.36,0.98,1,-0.016,0.323,0.086,0.026,-0.016,0.06,0.0,0.05,0.0,0.23,2.54,0.0,0.6,0.81,0.34,0.35,0.76,0.04,0.0,0.82,1.59,0.0,0.0,0.0,0.0,0.0,0.0,1.0,0.0,0.0,1.0,1.0,0.0,0.0,0.0,0.0,1.0,1.0,0.0,0.0,0.20689379345553954,19.401030900444304,20.51560381758236
7861,314.4,0.98,1,-0.008,0.322,0.088,0.02,-0.023,0.08,0.0,0.0,0.01,0.22,2.6,0.0,0.65,0.83,0.32,0.34,0.84,0.04,0.0,0.78,1.3,0.06,0.0,0.0,0.0,0.0,0.0,1.0,0.0,0.0,1.0,1.0,0.0,0.0,0.0,0.0,1.0,1.0,0.0,0.0,0.2048702752353615,19.712432625122702,21.21155345560509
7862,314.44,0.98,1,-0.017,0.302,0.091,0.019,-0.029,0.1,0.0,0.0,0.01,0.2,2.63,0.0,0.72,0.9,0.43,0.31,0.78,0.03,0.0,1.07,1.4,0.06,0.0,0.0,0.0,0.0,0.0,1.0,0.0,0.0,1.0,1.0,1.0,1.0,0.0,0.0,1.0,1.0,0.0,0.0,0.20785910390867765,19.809088823062968,20.919369015340646
7863,314.48,0.98,1,-0.019,0.304,0.095,0.024,-0.034,0.18,0.01,0.0,0.01,0.19,2.58,0.0,0.75,0.97,0.57,0.22,0.77,0.03,0.0,1.3,1.54,0.06,0.0,0.0,0.0,0.0,0.0,1.0,0.0,0.0,1.0,1.0,1.0,1.0,0.0,0.0,1.0,1.0,0.0,0.0,0.21305972402014278,20.71545316907168,20.915305400591077
7864,314.52,0.98,1,-0.025,0.295,0.09,0.029,-0.037,0.14,0.03,0.0,0.01,0.22,2.72,0.0,0.69,1.07,0.67,0.17,0.76,0.08,0.0,1.22,1.64,0.0,0.0,0.0,0.0,0.0,0.0,1.0,0.0,0.0,1.0,1.0,1.0,1.0,0.0,0.0,1.0,1.0,0.0,0.0,0.21182817979043106,20.41568024827984,21.42335174523361
7865,314.56,0.98,1,-0.029,0.3,0.085,0.024,-0.036,0.11,0.03,0.0,0.01,0.26,2.63,0.0,0.55,1.2,0.62,0.19,0.82,0.16,0.0,0.76,1.47,0.0,0.0,0.0,0.0,0.0,0.0,1.0,0.0,0.0,1.0,1.0,1.0,1.0,0.0,0.0,1.0,1.0,0.0,0.0,0.2135728381103186,20.406126531019904,21.211553455605088
7866,314.6,0.98,1,-0.039,0.291,0.073,0.019,-0.031,0.01,0.02,0.0,0.01,0.25,2.58,0.0,0.53,1.29,0.59,0.27,0.95,0.39,0.0,0.32,1.17,0.0,0.0,0.0,0.0,0.0,0.0,1.0,0.0,0.0,1.0,1.0,1.0,1.0,0.0,0.0,1.0,1.0,0.0,0.0,0.2223110893418933,20.719555979798454,21.514878572745882
7867,314.64,0.98,1,-0.031,0.285,0.074,0.011,-0.03,0.0,0.0,0.0,0.0,0.25,2.38,0.0,0.6,1.36,0.62,0.27,0.96,0.64,0.0,0.21,0.94,0.0,0.0,0.0,0.0,0.0,0.0,1.0,0.0,0.0,1.0,1.0,1.0,1.0,0.0,0.0,1.0,1.0,0.0,0.0,0.22378426055982742,20.719555979798457,21.41144553737566
7868,314.68,0.98,1,-0.03,0.286,0.082,0.008,-0.03,0.05,0.0,0.0,0.0,0.29,2.38,0.0,0.74,1.41,0.7,0.23,0.84,0.67,0.0,0.5,1.0,0.0,0.0,0.0,0.0,0.0,0.0,1.0,0.0,0.0,1.0,1.0,1.0,1.0,0.0,0.0,1.0,1.0,0.0,0.0,0.23145929216135036,20.529490982486635,21.408409562599548
7869,314.72,0.98,1,-0.011,0.31,0.096,0.012,-0.032,0.13,0.03,0.0,0.0,0.38,2.52,0.0,0.88,1.49,0.75,0.19,0.58,0.44,0.0,1.06,1.34,0.0,0.0,0.0,0.0,0.0,0.0,1.0,0.0,0.0,1.0,1.0,1.0,1.0,0.0,0.0,1.0,1.0,0.0,0.0,0.21198709770449356,20.71545316907168,21.718655575334353
7870,314.76,0.98,1,-0.021,0.305,0.106,0.01,-0.033,0.19,0.03,0.0,0.04,0.48,2.6,0.0,1.02,1.6,0.79,0.13,0.34,0.24,0.0,1.55,1.68,0.0,0.0,0.0,0.0,0.0,0.0,1.0,0.0,0.0,1.0,1.0,0.0,0.0,0.0,0.0,1.0,1.0,0.0,0.0,0.21953519484132122,20.12486024796188,21.408409562599324
7871,314.8,0.98,1,-0.015,0.324,0.119,0.016,-0.034,0.2,0.07,0.0,0.04,0.45,2.55,0.0,0.99,1.65,0.86,0.05,0.26,0.12,0.0,2.0,1.91,0.66,0.0,0.0,0.0,0.0,1.0,1.0,0.0,0.0,1.0,1.0,0.0,0.0,0.0,0.0,1.0,1.0,0.0,0.0,0.20413809107493708,19.7205476597381,21.111608181282776
7872,314.84,0.98,1,-0.049,0.396,0.105,0.023,-0.024,0.24,0.05,0.0,0.04,0.38,2.09,0.0,0.78,1.67,1.02,0.0,0.2,0.33,0.0,2.14,1.87,1.42,0.0,0.0,0.0,0.0,1.0,1.0,0.0,0.0,1.0,1.0,0.0,0.0,0.0,0.0,1.0,1.0,0.0,1.0,0.17759261117667474,20.012246250733575,19.525624189766635
7873,314.88,0.98,1,-0.077,0.479,0.129,0.067,-0.015,0.18,0.05,0.07,0.0,0.35,1.76,0.01,0.53,1.63,1.1,0.0,0.15,0.39,0.0,2.29,1.77,2.31,0.0,0.0,0.0,0.0,1.0,1.0,0.0,0.0,1.0,1.0,0.0,0.0,0.0,0.0,1.0,1.0,0.0,1.0,0.15737091589441915,18.906612599828527,19.158809983921145
7874,314.92,0.98,1,-0.141,0.464,0.11,0.129,-0.005,0.12,0.01,0.14,0.0,0.63,1.44,0.18,0.49,1.54,1.2,0.0,0.1,0.45,0.0,2.29,1.59,2.3,0.0,0.0,0.0,0.0,1.0,1.0,0.0,0.0,1.0,1.0,0.0,0.0,0.0,0.0,1.0,1.0,0.0,1.0,0.1550041359120097,21.0535032714273,19.001052602421794
7875,314.96,0.98,1,-0.206,0.415,0.111,0.193,0.002,0.01,0.0,0.29,0.0,0.97,1.51,0.27,0.67,1.48,1.26,0.0,0.08,0.24,0.0,2.38,1.42,2.16,0.0,0.0,1.0,0.0,1.0,1.0,1.0,0.0,1.0,1.0,0.0,0.0,0.0,0.0,1.0,1.0,0.0,1.0,0.15900538009216666,20.455072720477034,18.560711193270585
7876,315.0,0.98,1,-0.274,0.385,0.114,0.251,0.021,0.0,0.0,0.27,0.0,1.19,1.64,0.27,0.85,1.44,1.26,0.0,0.08,0.08,0.0,2.44,1.44,1.66,0.0,0.0,1.0,0.0,1.0,1.0,1.0,1.0,1.0,1.0,0.0,0.0,0.0,0.0,1.0,1.0,0.0,0.0,0.185021287494452,21.966565503054824,21.483249288690075
7877,315.04,0.98,1,-0.344,0.363,0.11,0.27,0.046,0.02,0.0,0.25,0.0,1.18,1.7,0.11,1.01,1.45,1.1,0.0,0.0,0.0,0.08,2.62,1.59,1.32,0.0,0.0,1.0,0.0,1.0,1.0,1.0,1.0,1.0,1.0,0.0,0.0,0.0,0.0,1.0,1.0,0.0,0.0,0.17146761879754263,17.479702514631033,24.001041644061978
7878,315.08,0.98,1,-0.352,0.352,0.115,0.29,0.055,0.11,0.08,0.14,0.0,1.12,1.69,0.02,1.1,1.42,0.88,0.0,0.0,0.0,0.2,2.9,1.87,0.85,0.0,0.0,1.0,0.0,1.0,1.0,1.0,1.0,1.0,1.0,0.0,0.0,0.0,0.0,1.0,1.0,0.0,0.0,0.18226219782291425,18.370900903330835,25.997692205270795
7879,315.12,0.98,1,-0.37,0.353,0.107,0.296,0.064,0.14,0.08,0.1,0.0,1.06,1.46,0.0,1.25,1.35,0.69,0.0,0.0,0.0,0.39,3.08,1.86,0.68,0.0,0.0,1.0,0.0,1.0,1.0,1.0,1.0,1.0,1.0,0.0,0.0,0.0,0.0,1.0,1.0,0.0,0.0,0.19392709437614988,19.43656348226193,25.616400996236813
7880,315.16,0.98,1,-0.372,0.335,0.09,0.295,0.079,0.26,0.08,0.06,0.0,0.94,1.31,0.0,1.43,1.24,0.61,0.0,0.0,0.0,0.49,3.03,1.55,0.6,0.0,0.0,1.0,0.0,1.0,1.0,1.0,1.0,1.0,1.0,0.0,0.0,0.0,0.0,1.0,1.0,0.0,0.0,0.191136720416477,19.99699977496619,26.288020085202287
7881,315.2,0.98,1,-0.379,0.328,0.081,0.305,0.09,0.25,0.07,0.02,0.0,0.84,1.15,0.0,1.67,1.11,0.57,0.0,0.04,0.0,0.56,2.94,1.04,0.69,0.0,0.0,1.0,0.0,1.0,1.0,1.0,1.0,1.0,1.0,0.0,0.0,0.0,0.0,1.0,0.0,0.0,0.0,0.19858909054354743,20.492193635626176,25.947832279402444
7882,315.24,0.98,1,-0.384,0.333,0.081,0.309,0.096,0.34,0.07,0.03,0.0,0.81,0.93,0.0,1.9,1.01,0.63,0.0,0.12,0.0,0.55,2.9,0.79,0.71,0.0,0.0,1.0,0.0,1.0,1.0,1.0,1.0,1.0,1.0,0.0,0.0,0.0,0.0,1.0,0.0,0.0,0.0,0.1907181652045678,20.436486977952008,24.848541204666287
7883,315.28,0.98,1,-0.392,0.322,0.083,0.315,0.096,0.4,0.25,0.09,0.0,0.81,0.7,0.0,2.02,0.94,0.68,0.03,0.25,0.0,0.54,3.03,0.71,0.61,1.0,0.0,1.0,0.0,1.0,1.0,1.0,1.0,1.0,1.0,0.0,0.0,0.0,0.0,1.0,0.0,0.0,0.0,0.197063735870551,20.847062143141315,24.9098374141623
7884,315.32,0.98,1,-0.399,0.326,0.09,0.319,0.091,0.58,0.33,0.2,0.0,0.78,0.58,0.0,2.05,0.93,0.77,0.14,0.32,0.0,0.48,3.05,0.79,0.56,1.0,0.0,1.0,0.0,1.0,1.0,1.0,1.0,1.0,1.0,0.0,0.0,0.0,0.0,1.0,0.0,0.0,0.0,0.20125311105105617,21.174749113035418,24.025195108468854
7885,315.36,0.98,1,-0.398,0.34,0.099,0.315,0.087,0.63,0.35,0.3,0.0,0.82,0.61,0.0,2.02,0.91,0.86,0.2,0.41,0.0,0.38,3.09,0.83,0.53,1.0,0.0,1.0,0.0,1.0,1.0,1.0,1.0,1.0,1.0,0.0,0.0,0.0,0.0,1.0,0.0,0.0,0.0,0.19417024113123593,20.48414020651103,23.49680829389389
7886,315.4,0.98,1,-0.395,0.374,0.108,0.315,0.079,0.59,0.23,0.37,0.0,0.83,0.61,0.0,1.86,0.92,0.77,0.18,0.45,0.0,0.27,2.94,0.87,0.98,1.0,0.0,1.0,0.0,1.0,1.0,1.0,1.0,1.0,1.0,0.0,0.0,0.0,0.0,1.0,0.0,0.0,0.0,0.18663057168625133,20.573040611441023,20.929644048573792
7887,315.44,0.98,1,-0.305,0.434,0.095,0.281,0.076,0.35,0.07,0.39,0.0,0.75,0.56,0.0,1.49,0.91,0.69,0.07,0.53,0.21,0.13,2.75,1.09,1.53,0.0,0.0,1.0,0.0,1.0,1.0,1.0,1.0,1.0,1.0,0.0,0.0,0.0,0.0,1.0,0.0,0.0,0.0,0.18213704205265505,23.518715951344113,20.750903594783498
7888,315.48,0.98,1,-0.239,0.536,0.133,0.267,0.057,0.17,0.05,0.45,0.0,0.5,0.76,0.0,1.11,0.88,0.67,0.01,0.57,0.44,0.05,2.57,1.5,2.19,0.0,0.0,1.0,0.0,0.0,1.0,0.0,0.0,1.0,1.0,0.0,0.0,0.0,0.0,1.0,0.0,0.0,0.0,0.1419989303443177,20.7963939181773,20.540691322348515
7889,315.52,0.98,1,-0.147,0.512,0.122,0.188,0.045,0.02,0.0,0.65,0.0,0.27,1.37,0.04,0.7,0.81,0.81,0.01,0.68,0.52,0.0,2.47,2.01,2.36,0.0,0.0,1.0,0.0,0.0,1.0,0.0,0.0,1.0,1.0,0.0,0.0,0.0,0.0,1.0,0.0,0.0,1.0,0.14811524256009645,20.1558924386889,20.615528128088325
7890,315.56,0.98,1,-0.12,0.491,0.098,0.119,0.017,0.0,0.0,0.81,0.0,0.1,2.02,0.14,0.41,0.75,0.85,0.01,0.93,0.4,0.0,2.06,2.15,2.08,0.0,0.0,0.0,0.0,0.0,1.0,0.0,0.0,1.0,1.0,0.0,1.0,0.0,0.0,1.0,0.0,0.0,1.0,0.15521191814023783,21.408409562599324,19.904019694523996
7891,315.6,0.98,1,-0.006,0.422,0.113,0.044,-0.002,0.0,0.0,0.69,0.0,0.03,2.53,0.22,0.22,0.76,0.81,0.14,1.33,0.17,0.0,1.33,1.88,1.31,0.0,0.0,0.0,0.0,0.0,1.0,0.0,0.0,1.0,1.0,0.0,1.0,0.0,0.0,1.0,0.0,0.0,1.0,0.16854426547731483,21.10094784600933,21.35275157912905
7892,315.64,0.98,1,0.049,0.368,0.113,-0.019,-0.006,0.0,0.0,0.35,0.0,0.0,2.64,0.23,0.43,0.88,0.63,0.21,1.62,0.09,0.08,0.53,1.22,0.55,0.0,0.0,0.0,0.0,0.0,1.0,0.0,0.0,1.0,1.0,0.0,1.0,0.0,0.0,1.0,0.0,0.0,1.0,0.17427028526774035,21.592822881689184,20.05617112013158
7893,315.68,0.98,1,0.116,0.349,0.1,-0.077,-0.018,0.0,0.0,0.06,0.0,0.02,2.66,0.17,0.8,0.97,0.69,0.2,1.56,0.0,0.08,0.1,0.61,0.09,0.0,0.0,0.0,0.0,0.0,1.0,0.0,0.0,1.0,1.0,0.0,1.0,0.0,0.0,0.0,0.0,0.0,1.0,0.1706282715995482,22.543513479491168,18.033579788827282
7894,315.72,0.98,1,0.131,0.357,0.094,-0.1,-0.045,0.0,0.0,0.0,0.0,0.02,2.57,0.19,1.2,1.02,0.75,0.07,1.39,0.0,0.08,0.0,0.16,0.0,0.0,0.0,0.0,0.0,0.0,1.0,0.0,0.0,1.0,1.0,0.0,1.0,0.0,0.0,0.0,0.0,0.0,0.0,0.184322577345983,19.483326204732172,17.962739212046788
7895,315.76,0.98,1,0.146,0.355,0.09,-0.115,-0.059,0.0,0.0,0.0,0.0,0.02,2.33,0.2,1.33,1.1,0.82,0.05,1.12,0.0,0.0,0.0,0.0,0.0,0.0,0.0,0.0,0.0,0.0,1.0,0.0,0.0,1.0,1.0,0.0,1.0,0.0,0.0,0.0,0.0,0.0,0.0,0.19969090459195787,19.1049731745428,19.085072700935676
7896,315.8,0.98,1,0.177,0.344,0.094,-0.124,-0.068,0.0,0.0,0.0,0.0,0.01,2.2,0.23,1.39,1.16,0.79,0.09,0.98,0.0,0.0,0.02,0.0,0.0,0.0,0.0,0.0,0.0,0.0,1.0,0.0,0.0,1.0,1.0,0.0,1.0,0.0,0.0,0.0,0.0,0.0,0.0,0.2212421478639185,18.965494984312915,18.85338165953265
7897,315.84,0.98,1,0.181,0.34,0.099,-0.13,-0.076,0.0,0.0,0.0,0.04,0.07,2.27,0.13,1.34,1.28,0.94,0.09,0.6,0.0,0.0,0.37,0.03,0.0,0.0,0.0,0.0,0.0,0.0,1.0,0.0,0.0,1.0,1.0,0.0,0.0,0.0,0.0,0.0,0.0,0.0,0.0,0.2319103206393583,19.007366992826945,18.146349495146396
7898,315.88,0.98,1,0.194,0.346,0.106,-0.138,-0.076,0.0,0.0,0.0,0.09,0.19,2.23,0.08,1.43,1.39,1.16,0.05,0.34,0.0,0.0,0.93,0.23,0.0,0.0,0.0,0.0,0.0,0.0,1.0,0.0,0.0,1.0,1.0,0.0,0.0,0.0,0.0,1.0,0.0,0.0,0.0,0.23389912044168354,18.774717041809186,18.27183625145532
7899,315.92,0.98,1,0.199,0.352,0.119,-0.146,-0.075,0.0,0.0,0.0,0.21,0.33,2.28,0.0,1.5,1.48,1.25,0.0,0.14,0.0,0.0,1.53,0.63,0.0,0.0,0.0,0.0,0.0,0.0,1.0,0.0,1.0,1.0,1.0,0.0,0.0,0.0,0.0,1.0,1.0,0.0,0.0,0.2253687857727514,18.69358178627078,19.25019480420903
7900,315.96,0.98,1,0.199,0.349,0.133,-0.164,-0.074,0.0,0.0,0.0,0.18,0.38,2.11,0.0,1.44,1.52,1.14,0.0,0.35,0.0,0.0,1.65,1.05,0.0,0.0,0.0,0.0,0.0,1.0,1.0,0.0,1.0,1.0,1.0,0.0,0.0,0.0,0.0,1.0,1.0,0.0,0.0,0.24329206706050088,19.45507645834364,19.990497742677732
7901,316.0,0.98,1,0.195,0.348,0.112,-0.154,-0.082,0.0,0.0,0.0,0.13,0.34,2.41,0.0,1.33,1.47,1.02,0.0,0.57,0.0,0.0,1.49,1.23,0.0,0.0,0.0,0.0,0.0,1.0,1.0,0.0,1.0,1.0,1.0,0.0,0.0,0.0,0.0,1.0,1.0,0.0,0.0,0.23808737028915414,19.455076458343864,20.044201156444313
7902,316.04,0.98,1,0.192,0.333,0.102,-0.156,-0.089,0.0,0.0,0.0,0.05,0.31,2.49,0.0,1.26,1.45,1.0,0.1,0.86,0.0,0.0,1.15,1.21,0.0,0.0,0.0,0.0,0.0,1.0,1.0,0.0,1.0,1.0,1.0,0.0,0.0,0.0,0.0,1.0,1.0,0.0,0.0,0.2569208365963206,19.494101672044195,20.19504889818295
7903,316.08,0.98,1,0.191,0.355,0.097,-0.151,-0.09,0.0,0.0,0.0,0.09,0.26,2.71,0.0,1.28,1.41,0.92,0.23,0.94,0.0,0.0,0.91,1.2,0.0,0.0,0.0,0.0,0.0,0.0,1.0,0.0,1.0,1.0,1.0,0.0,0.0,0.0,0.0,1.0,1.0,0.0,0.0,0.22166891979632047,19.927869931329756,19.464840096954354
7904,316.12,0.98,1,0.193,0.343,0.104,-0.164,-0.084,0.0,0.0,0.02,0.25,0.24,2.61,0.0,1.31,1.38,0.88,0.36,0.99,0.0,0.0,0.89,1.26,0.0,0.0,0.0,0.0,0.0,0.0,1.0,0.0,1.0,1.0,1.0,0.0,0.0,0.0,0.0,1.0,1.0,0.0,0.0,0.25050091257876095,19.235384061671343,20.041207548448728
7905,316.16,0.98,1,0.203,0.361,0.122,-0.163,-0.082,0.0,0.0,0.02,0.21,0.18,2.6,0.0,1.3,1.35,0.76,0.31,0.96,0.0,0.0,1.03,1.24,0.0,0.0,0.0,0.0,0.0,0.0,1.0,0.0,1.0,1.0,1.0,0.0,1.0,0.0,0.0,1.0,1.0,0.0,0.0,0.23796218340366213,19.304144632694733,20.83866598417475
7906,316.2,0.98,1,0.204,0.363,0.125,-0.165,-0.075,0.0,0.0,0.05,0.16,0.24,2.41,0.0,1.37,1.27,0.88,0.17,0.99,0.0,0.0,1.17,1.31,0.0,0.0,0.0,0.0,0.0,0.0,1.0,0.0,1.0,1.0,1.0,0.0,1.0,0.0,0.0,1.0,1.0,0.0,0.0,0.22228059990364454,19.02235526952428,20.529247428973232
7907,316.24,0.98,1,0.185,0.374,0.117,-0.161,-0.075,0.0,0.0,0.07,0.04,0.28,2.29,0.0,1.51,1.21,0.93,0.11,1.08,0.0,0.0,1.15,1.39,0.0,0.0,0.0,0.0,0.0,0.0,1.0,0.0,1.0,1.0,1.0,0.0,1.0,0.0,0.0,1.0,1.0,0.0,0.0,0.1970612957992346,18.55586160758921,19.635172522796935
7908,316.28,0.98,1,0.209,0.357,0.117,-0.164,-0.078,0.0,0.0,0.06,0.04,0.24,2.14,0.0,1.53,1.13,0.99,0.08,1.19,0.0,0.0,0.95,1.5,0.0,0.0,0.0,0.0,0.0,0.0,1.0,0.0,1.0,1.0,1.0,0.0,1.0,0.0,0.0,1.0,1.0,0.0,0.0,0.21455804636228298,18.729655629508965,20.02123872291608
7909,316.32,0.98,1,0.192,0.36,0.111,-0.16,-0.08,0.0,0.0,0.03,0.04,0.15,2.09,0.0,1.6,1.09,0.91,0.09,1.32,0.0,0.0,0.67,1.17,0.0,0.0,0.0,0.0,0.0,0.0,1.0,0.0,0.0,1.0,1.0,0.0,1.0,0.0,0.0,1.0,1.0,0.0,0.0,0.20722522031956386,18.754199529705247,19.84565443617299
7910,316.36,0.98,1,0.2,0.35,0.103,-0.156,-0.087,0.0,0.0,0.0,0.0,0.12,2.07,0.0,1.52,1.1,0.89,0.07,1.32,0.0,0.0,0.44,0.73,0.0,0.0,0.0,0.0,0.0,0.0,1.0,0.0,0.0,1.0,1.0,0.0,1.0,0.0,0.0,1.0,1.0,0.0,0.0,0.21303587386939635,18.725917868024517,19.857995870681457
7911,316.4,0.98,1,0.185,0.35,0.108,-0.145,-0.093,0.0,0.0,0.0,0.0,0.23,2.14,0.0,1.49,1.22,0.95,0.06,1.05,0.0,0.0,0.58,0.26,0.0,0.0,0.0,0.0,0.0,0.0,1.0,0.0,0.0,1.0,1.0,0.0,0.0,0.0,0.0,1.0,1.0,0.0,0.0,0.21454611441515786,18.988944151795312,20.069130524265464
7912,316.44,0.98,1,0.195,0.355,0.123,-0.146,-0.097,0.0,0.0,0.0,0.06,0.45,2.38,0.0,1.4,1.43,1.07,0.04,0.57,0.0,0.0,1.06,0.08,0.0,0.0,0.0,0.0,0.0,1.0,1.0,0.0,0.0,1.0,1.0,0.0,0.0,0.0,0.0,1.0,1.0,0.0,0.0,0.20486589932151583,18.988944151795312,20.231164079211958
7913,316.48,0.98,1,0.186,0.342,0.145,-0.152,-0.094,0.0,0.0,0.0,0.06,0.63,2.54,0.0,1.38,1.64,1.31,0.0,0.23,0.0,0.0,1.5,0.02,0.0,0.0,0.0,0.0,0.0,1.0,1.0,0.0,1.0,1.0,1.0,0.0,0.0,0.0,0.0,1.0,1.0,0.0,0.0,0.20517871303713225,20.520477577288453,18.8095720312825
7914,316.52,0.98,1,0.179,0.331,0.14,-0.149,-0.091,0.0,0.0,0.0,0.1,0.81,2.69,0.0,1.45,1.86,1.55,0.0,0.12,0.0,0.0,1.76,0.02,0.0,0.0,0.0,0.0,0.0,1.0,1.0,0.0,1.0,1.0,1.0,0.0,0.0,0.0,0.0,1.0,1.0,0.0,0.0,0.22535351268894488,20.750421682462232,18.555861607588984
7915,316.56,0.98,1,0.186,0.329,0.141,-0.143,-0.095,0.0,0.0,0.0,0.09,0.83,2.6,0.0,1.63,2.03,1.82,0.0,0.1,0.0,0.0,1.76,0.02,0.0,0.0,0.0,0.0,0.0,1.0,1.0,0.0,1.0,1.0,1.0,0.0,0.0,0.0,0.0,1.0,1.0,0.0,0.0,0.2242192941340908,19.808079159777293,19.039432764659857
7916,316.6,0.98,1,0.184,0.325,0.13,-0.141,-0.095,0.0,0.0,0.0,0.23,0.86,2.77,0.0,1.79,2.17,1.96,0.0,0.12,0.0,0.0,1.75,0.0,0.0,0.0,0.0,0.0,1.0,1.0,1.0,0.0,1.0,1.0,1.0,0.0,0.0,0.0,0.0,1.0,0.0,0.0,0.0,0.22245109540139174,19.534584715319674,18.357559750685876
7917,316.64,0.98,1,0.19,0.334,0.135,-0.146,-0.095,0.0,0.0,0.0,0.31,0.84,2.78,0.0,1.89,2.21,2.02,0.0,0.11,0.0,0.0,1.68,0.0,0.0,0.0,0.0,0.0,1.0,1.0,1.0,0.0,1.0,1.0,1.0,0.0,0.0,0.0,0.0,1.0,0.0,0.0,0.0,0.22247838921333818,18.650737250843402,18.642424734996244
7918,316.68,0.98,1,0.18,0.335,0.136,-0.147,-0.095,0.0,0.0,0.0,0.38,0.83,2.75,0.0,1.91,2.27,2.04,0.0,0.2,0.0,0.0,1.7,0.0,0.0,0.0,0.0,0.0,1.0,1.0,1.0,0.0,1.0,1.0,1.0,0.0,0.0,0.0,0.0,1.0,0.0,0.0,0.0,0.22777521810538787,18.656098198712225,19.349418595916337
7919,316.72,0.98,1,0.175,0.335,0.132,-0.14,-0.098,0.0,0.0,0.0,0.32,0.79,2.58,0.0,1.94,2.32,2.02,0.0,0.25,0.0,0.0,1.74,0.0,0.0,0.0,0.0,0.0,1.0,1.0,1.0,0.0,1.0,1.0,1.0,0.0,0.0,0.0,0.0,1.0,0.0,0.0,0.0,0.2232746407083041,18.788294228056017,19.560419218411315
7920,316.76,0.98,1,0.17,0.33,0.128,-0.14,-0.097,0.0,0.0,0.0,0.32,0.72,2.6,0.0,2.02,2.34,1.89,0.0,0.38,0.0,0.0,1.74,0.0,0.0,0.0,0.0,0.0,1.0,1.0,1.0,0.0,1.0,1.0,1.0,0.0,0.0,0.0,0.0,1.0,0.0,0.0,0.0,0.22144071470875942,18.748866632412838,19.388914358467883
7921,316.8,0.98,1,0.167,0.34,0.119,-0.134,-0.096,0.0,0.0,0.0,0.36,0.72,2.6,0.03,2.0,2.23,1.81,0.0,0.48,0.0,0.0,1.62,0.0,0.0,0.0,0.0,0.0,1.0,1.0,1.0,0.0,1.0,1.0,1.0,0.0,0.0,0.0,0.0,1.0,0.0,0.0,0.0,0.2114806698447495,19.675619431164076,18.840912929048887
7922,316.84,0.98,1,0.175,0.317,0.112,-0.129,-0.093,0.0,0.0,0.0,0.28,0.65,2.47,0.04,1.95,2.05,1.7,0.0,0.54,0.0,0.0,1.56,0.0,0.0,0.0,0.0,0.0,1.0,1.0,1.0,0.0,1.0,1.0,1.0,0.0,0.0,0.0,0.0,1.0,0.0,0.0,0.0,0.21010402916566798,19.54891301325982,19.712178976460113
7923,316.88,0.98,1,0.18,0.309,0.121,-0.146,-0.084,0.0,0.0,0.0,0.3,0.59,2.27,0.04,1.86,1.83,1.68,0.0,0.68,0.0,0.0,1.47,0.0,0.0,1.0,0.0,0.0,1.0,1.0,1.0,0.0,1.0,1.0,1.0,0.0,0.0,0.0,0.0,1.0,0.0,0.0,0.0,0.2294374162916308,19.141577782408596,19.138704240360678
7924,316.92,0.98,1,0.18,0.316,0.125,-0.151,-0.078,0.0,0.0,0.0,0.23,0.45,2.26,0.01,1.84,1.61,1.52,0.0,0.79,0.0,0.0,1.39,0.0,0.0,1.0,0.0,0.0,1.0,1.0,1.0,0.0,1.0,1.0,1.0,0.0,0.0,0.0,0.0,1.0,0.0,0.0,0.0,0.22777187087665401,19.18593234638348,19.314502323383895
7925,316.96,0.98,1,0.184,0.317,0.12,-0.148,-0.075,0.0,0.0,0.0,0.31,0.44,2.49,0.05,1.84,1.5,1.45,0.0,0.98,0.0,0.0,1.07,0.0,0.0,1.0,0.0,0.0,1.0,1.0,1.0,0.0,1.0,1.0,1.0,0.0,0.0,0.0,0.0,1.0,0.0,0.0,0.0,0.23028191194510894,18.435292240699766,19.40335022618535
7926,317.0,0.98,1,0.185,0.319,0.108,-0.143,-0.075,0.0,0.0,0.0,0.29,0.41,2.52,0.12,1.91,1.51,1.4,0.0,1.01,0.0,0.0,0.82,0.0,0.0,1.0,0.0,0.0,1.0,1.0,1.0,0.0,1.0,1.0,1.0,0.0,0.0,0.0,0.0,1.0,0.0,0.0,0.0,0.22361357200112505,19.07039590569631,18.906083676954314
7927,317.04,0.98,1,0.174,0.322,0.109,-0.138,-0.073,0.0,0.0,0.0,0.36,0.48,2.45,0.16,1.94,1.63,1.34,0.0,0.93,0.0,0.0,0.87,0.0,0.0,1.0,0.0,0.0,1.0,1.0,1.0,0.0,1.0,1.0,1.0,0.0,0.0,0.0,0.0,1.0,0.0,0.0,0.0,0.22581868101683356,19.580091930325747,19.623710148695128
7928,317.08,0.98,1,0.168,0.301,0.114,-0.131,-0.073,0.0,0.0,0.0,0.31,0.52,2.25,0.16,1.93,1.79,1.33,0.0,0.68,0.0,0.0,1.27,0.0,0.0,1.0,0.0,0.0,1.0,1.0,1.0,0.0,1.0,1.0,1.0,0.0,0.0,0.0,0.0,1.0,0.0,0.0,0.0,0.23138393967246512,18.92353032602536,19.094763680129688
7929,317.12,0.98,1,0.151,0.308,0.117,-0.13,-0.07,0.0,0.0,0.0,0.27,0.7,2.35,0.09,1.96,2.0,1.48,0.02,0.41,0.0,0.0,1.7,0.0,0.0,0.0,0.0,0.0,1.0,1.0,1.0,0.0,1.0,1.0,1.0,0.0,0.0,0.0,0.0,1.0,0.0,0.0,0.0,0.2247918568801877,19.580091930325505,18.97630100941685
7930,317.16,0.98,1,0.15,0.309,0.12,-0.128,-0.068,0.0,0.0,0.02,0.28,0.84,2.35,0.05,2.05,2.23,1.61,0.02,0.18,0.0,0.0,1.89,0.0,0.0,0.0,0.0,0.0,1.0,1.0,1.0,0.0,1.0,1.0,1.0,0.0,0.0,0.0,0.0,1.0,0.0,0.0,0.0,0.221755609797582,20.649455198624587,19.266551326067493
7931,317.2,0.98,1,0.149,0.317,0.127,-0.134,-0.07,0.0,0.0,0.02,0.48,0.98,2.5,0.0,2.12,2.37,1.84,0.02,0.05,0.0,0.0,1.88,0.0,0.0,0.0,0.0,0.0,1.0,1.0,1.0,0.0,1.0,1.0,1.0,0.0,0.0,0.0,0.0,1.0,0.0,0.0,0.0,0.22386850669153419,18.59704277566719,19.682479518597148
7932,317.24,0.98,1,0.169,0.331,0.132,-0.13,-0.069,0.0,0.0,0.09,0.51,1.1,2.72,0.0,2.19,2.43,1.92,0.0,0.02,0.0,0.0,1.84,0.0,0.0,0.0,0.0,0.0,1.0,1.0,1.0,0.0,1.0,1.0,1.0,0.0,0.0,0.0,0.0,1.0,0.0,0.0,0.0,0.21564379220201976,18.66815470259447,19.691876497682905
7933,317.28,0.98,1,0.138,0.318,0.116,-0.119,-0.075,0.0,0.07,0.07,0.34,1.17,2.63,0.0,2.16,2.46,2.02,0.0,0.02,0.0,0.0,1.88,0.0,0.29,0.0,0.0,0.0,0.0,1.0,1.0,0.0,1.0,1.0,1.0,0.0,0.0,0.0,0.0,1.0,0.0,0.0,0.0,0.19316626307549845,20.664220285314425,18.110770276274835
7934,317.32,0.98,1,0.1,0.395,0.097,-0.112,-0.079,0.0,0.07,0.07,0.14,1.16,2.35,0.0,2.29,2.51,2.08,0.05,0.0,0.0,0.0,1.92,0.0,0.56,0.0,0.0,0.0,0.0,1.0,1.0,0.0,1.0,1.0,1.0,0.0,0.0,0.0,0.0,1.0,0.0,0.0,0.0,0.15453725128485407,15.63201842373544,18.213456563760804
7935,317.36,0.98,1,0.069,0.391,0.094,-0.108,-0.081,0.0,0.07,0.0,0.1,1.14,2.25,0.0,2.19,2.52,2.01,0.05,0.03,0.0,0.0,1.91,0.0,0.67,0.0,0.0,0.0,0.0,1.0,1.0,0.0,1.0,1.0,1.0,0.0,0.0,0.0,0.0,1.0,0.0,0.0,0.0,0.14952319751500215,17.107308379754095,18.65261375786238
7936,317.4,0.98,1,0.108,0.343,0.088,-0.082,-0.088,0.0,0.0,0.0,0.1,1.15,2.63,0.0,2.12,2.59,1.9,0.09,0.03,0.0,0.0,1.81,0.0,0.38,0.0,0.0,0.0,0.0,1.0,1.0,0.0,1.0,1.0,1.0,0.0,0.0,0.0,0.0,1.0,0.0,0.0,0.0,0.14398563442640672,16.750522379914056,18.817545004596155
7937,317.44,0.98,1,0.107,0.326,0.099,-0.092,-0.089,0.0,0.0,0.0,0.08,1.22,3.03,0.0,1.94,2.63,1.76,0.04,0.03,0.0,0.0,1.76,0.0,0.19,0.0,0.0,0.0,0.0,1.0,1.0,0.0,1.0,1.0,1.0,0.0,0.0,0.0,0.0,1.0,0.0,0.0,1.0,0.1777669971613376,16.311039206623267,18.30956034425736
7938,317.48,0.98,1,0.122,0.336,0.108,-0.096,-0.079,0.0,0.0,0.0,0.04,1.17,2.93,0.0,1.94,2.64,1.81,0.04,0.0,0.0,0.0,1.98,0.05,0.11,0.0,0.0,0.0,0.0,1.0,1.0,0.0,1.0,1.0,1.0,0.0,0.0,0.0,0.0,1.0,0.0,0.0,1.0,0.1751262808466653,17.304623659588827,17.69180601295405
7939,317.52,0.98,1,0.115,0.339,0.119,-0.11,-0.071,0.05,0.0,0.0,0.04,0.97,2.36,0.0,1.95,2.5,1.86,0.07,0.0,0.0,0.0,2.42,0.28,0.68,0.0,0.0,0.0,0.0,1.0,1.0,0.0,1.0,1.0,1.0,0.0,0.0,0.0,0.0,1.0,1.0,0.0,1.0,0.194044624455867,16.824089871371896,17.736967046256726
7940,317.56,0.98,1,0.029,0.434,0.122,-0.125,-0.067,0.1,0.12,0.0,0.04,0.71,1.92,0.0,1.8,2.27,1.84,0.1,0.0,0.0,0.0,2.7,0.47,1.24,0.0,0.0,0.0,0.0,1.0,1.0,0.0,1.0,1.0,1.0,0.0,0.0,0.0,0.0,1.0,1.0,0.0,0.0,0.12237139697474503,17.09999999999991,26.271848050717622
7941,317.6,0.98,1,0.03,0.425,0.09,-0.105,-0.072,0.1,0.12,0.0,0.0,0.55,1.75,0.03,1.61,1.97,1.62,0.14,0.0,0.0,0.0,2.54,0.71,1.53,0.0,0.0,0.0,0.0,1.0,1.0,0.0,1.0,1.0,1.0,0.0,0.0,0.0,0.0,1.0,1.0,0.0,0.0,0.11165078625087049,17.80449381476481,26.210112552219137
7942,317.64,0.98,1,0.065,0.369,0.073,-0.096,-0.076,0.05,0.12,0.0,0.0,0.58,2.32,0.07,1.42,1.73,1.44,0.22,0.14,0.0,0.0,2.03,0.62,0.96,0.0,0.0,0.0,0.0,1.0,1.0,0.0,1.0,1.0,1.0,0.0,0.0,0.0,0.0,1.0,1.0,0.0,0.0,0.1639509890420214,15.515798400340218,19.964217991196016
7943,317.68,0.98,1,0.103,0.298,0.077,-0.091,-0.083,0.0,0.0,0.0,0.0,0.64,2.74,0.07,1.52,1.63,1.4,0.27,0.28,0.0,0.0,1.49,0.45,0.32,0.0,0.0,0.0,0.0,1.0,1.0,0.0,1.0,1.0,1.0,1.0,0.0,0.0,0.0,1.0,0.0,0.0,0.0,0.18922789237284182,18.01138528820044,18.04716044146566
7944,317.72,0.98,1,0.122,0.304,0.074,-0.092,-0.087,0.0,0.0,0.0,0.0,0.58,2.97,0.04,1.59,1.6,1.5,0.42,0.44,0.0,0.0,0.93,0.16,0.0,0.0,0.0,0.0,0.0,1.0,1.0,0.0,1.0,1.0,1.0,1.0,0.0,0.0,0.0,1.0,0.0,0.0,0.0,0.18319200715352807,18.13973538947017,19.4486503387769
7945,317.76,0.98,1,0.13,0.298,0.067,-0.094,-0.087,0.0,0.0,0.0,0.0,0.48,2.81,0.0,1.62,1.57,1.56,0.44,0.57,0.0,0.01,0.42,0.02,0.0,0.0,0.0,0.0,0.0,1.0,1.0,0.0,1.0,1.0,1.0,1.0,0.0,0.0,0.0,0.0,0.0,0.0,0.0,0.19154474360214457,18.885973631242805,20.46582517271166
7946,317.8,0.98,1,0.132,0.295,0.064,-0.096,-0.088,0.0,0.0,0.0,0.07,0.36,2.66,0.0,1.54,1.52,1.51,0.48,0.83,0.0,0.05,0.08,0.0,0.0,0.0,0.0,0.0,0.0,1.0,1.0,0.0,1.0,1.0,1.0,1.0,1.0,0.0,0.0,0.0,0.0,0.0,0.0,0.20247013548942966,18.79627622695522,20.35411506305302
7947,317.84,0.98,1,0.145,0.301,0.065,-0.099,-0.092,0.0,0.0,0.0,0.11,0.32,2.61,0.0,1.48,1.49,1.44,0.38,0.92,0.0,0.11,0.0,0.0,0.0,0.0,0.0,0.0,0.0,1.0,1.0,0.0,1.0,1.0,1.0,1.0,1.0,0.0,0.0,0.0,0.0,0.0,0.0,0.2062395022893626,19.051771571169,20.12063617284504
7948,317.88,0.98,1,0.146,0.306,0.07,-0.096,-0.098,0.0,0.0,0.0,0.11,0.32,2.64,0.0,1.48,1.54,1.41,0.25,0.93,0.0,0.11,0.0,0.0,0.0,0.0,0.0,0.0,0.0,1.0,1.0,0.0,1.0,1.0,1.0,1.0,1.0,0.0,0.0,0.0,0.0,0.0,0.0,0.20690783444042654,19.388914358467883,20.25487595617402
7949,317.92,0.98,1,0.145,0.301,0.064,-0.094,-0.102,0.0,0.0,0.0,0.04,0.36,2.63,0.0,1.44,1.56,1.31,0.13,0.74,0.0,0.12,0.0,0.0,0.0,0.0,0.0,0.0,0.0,1.0,1.0,0.0,1.0,1.0,1.0,0.0,1.0,0.0,0.0,0.0,0.0,0.0,0.0,0.20580965689858055,19.448650338776773,20.342074623793962
7950,317.96,0.98,1,0.13,0.285,0.054,-0.082,-0.103,0.0,0.0,0.0,0.04,0.38,2.75,0.0,1.42,1.56,1.22,0.04,0.76,0.0,0.1,0.1,0.0,0.0,0.0,0.0,0.0,0.0,1.0,1.0,0.0,1.0,1.0,1.0,0.0,1.0,0.0,0.0,0.0,0.0,0.0,0.0,0.20158986769568413,19.63058837630688,20.529247428973218
7951,318.0,0.98,1,0.126,0.301,0.061,-0.083,-0.107,0.0,0.0,0.0,0.04,0.34,2.78,0.0,1.45,1.49,1.18,0.02,0.66,0.0,0.08,0.19,0.02,0.0,0.0,0.0,0.0,0.0,1.0,1.0,0.0,1.0,1.0,1.0,0.0,1.0,0.0,0.0,0.0,0.0,0.0,0.0,0.2097471028308906,19.958206332233416,19.8979898482234
7952,318.04,0.98,1,0.126,0.303,0.062,-0.077,-0.108,0.0,0.0,0.0,0.09,0.36,2.92,0.0,1.49,1.51,1.25,0.05,0.58,0.0,0.03,0.39,0.02,0.0,0.0,0.0,0.0,0.0,1.0,1.0,0.0,1.0,1.0,1.0,0.0,1.0,0.0,0.0,0.0,0.0,0.0,0.0,0.20456492718813496,19.974483722990225,19.91230775173992
7953,318.08,0.98,1,0.12,0.308,0.067,-0.075,-0.105,0.0,0.0,0.0,0.05,0.44,2.77,0.0,1.52,1.57,1.34,0.05,0.42,0.0,0.0,0.61,0.02,0.0,0.0,0.0,0.0,0.0,1.0,1.0,0.0,1.0,1.0,1.0,0.0,1.0,0.0,0.0,0.0,0.0,0.0,0.0,0.20193152225324895,19.794191067078255,19.699999999999992
7954,318.12,0.98,1,0.125,0.304,0.08,-0.075,-0.103,0.0,0.0,0.0,0.05,0.53,2.78,0.0,1.39,1.71,1.46,0.03,0.34,0.0,0.0,0.99,0.02,0.0,0.0,0.0,0.0,0.0,1.0,1.0,0.0,1.0,1.0,1.0,0.0,0.0,0.0,0.0,1.0,0.0,0.0,0.0,0.20949571899087355,19.678668654154286,20.35411506305302
7955,318.16,0.98,1,0.135,0.319,0.085,-0.082,-0.099,0.0,0.0,0.0,0.0,0.61,2.84,0.0,1.34,1.81,1.52,0.0,0.19,0.0,0.0,1.36,0.08,0.0,0.0,0.0,0.0,0.0,1.0,1.0,0.0,1.0,1.0,1.0,0.0,0.0,0.0,0.0,1.0,0.0,0.0,0.0,0.21188705863793325,19.713193551527738,20.19504889818295
7956,318.2,0.98,1,0.126,0.315,0.091,-0.082,-0.094,0.0,0.0,0.0,0.0,0.64,2.9,0.0,1.35,1.92,1.55,0.0,0.09,0.0,0.0,1.55,0.21,0.0,0.0,0.0,0.0,0.0,1.0,1.0,0.0,1.0,1.0,1.0,0.0,0.0,0.0,0.0,1.0,0.0,0.0,0.0,0.2100051100731325,19.67866865415451,20.131815616083905
7957,318.24,0.98,1,0.127,0.31,0.094,-0.086,-0.088,0.0,0.0,0.0,0.0,0.66,2.9,0.0,1.41,1.96,1.49,0.0,0.0,0.0,0.0,1.64,0.36,0.0,0.0,0.0,0.0,0.0,1.0,1.0,0.0,1.0,1.0,1.0,0.0,0.0,0.0,0.0,1.0,0.0,0.0,0.0,0.21307671008430681,20.12461179749829,20.010497245196174
7958,318.28,0.98,1,0.116,0.311,0.098,-0.086,-0.084,0.0,0.0,0.0,0.0,0.63,2.81,0.0,1.4,1.98,1.43,0.0,0.01,0.0,0.0,1.63,0.39,0.0,0.0,0.0,0.0,0.0,1.0,1.0,0.0,1.0,1.0,1.0,0.0,0.0,0.0,0.0,1.0,1.0,0.0,0.0,0.21733146947985849,19.829523443592894,20.72800038595151
7959,318.32,0.98,1,0.105,0.312,0.093,-0.084,-0.08,0.0,0.0,0.0,0.0,0.59,2.87,0.0,1.33,1.97,1.34,0.0,0.01,0.0,0.0,1.79,0.32,0.0,0.0,0.0,0.0,0.0,1.0,1.0,0.0,1.0,1.0,1.0,0.0,0.0,0.0,0.0,1.0,1.0,0.0,0.0,0.2177364633103907,19.89271223337824,20.342074623793962
7960,318.36,0.98,1,0.096,0.315,0.088,-0.076,-0.076,0.0,0.0,0.0,0.0,0.63,2.85,0.0,1.34,1.97,1.3,0.0,0.01,0.0,0.0,1.85,0.28,0.0,0.0,0.0,0.0,0.0,1.0,1.0,0.0,1.0,1.0,1.0,0.0,0.0,0.0,0.0,1.0,1.0,0.0,0.0,0.20783425351493795,20.46777955714792,21.224985276791028
7961,318.4,0.98,1,0.084,0.311,0.09,-0.072,-0.074,0.0,0.0,0.0,0.0,0.7,2.86,0.0,1.43,2.03,1.25,0.0,0.0,0.0,0.0,1.87,0.38,0.0,0.0,0.0,0.0,0.0,1.0,1.0,0.0,1.0,1.0,1.0,0.0,0.0,0.0,0.0,1.0,1.0,0.0,0.0,0.206893307814629,20.91219739769126,21.683403791840348
7962,318.44,0.98,1,0.087,0.309,0.097,-0.06,-0.078,0.0,0.0,0.0,0.07,0.8,2.8,0.0,1.48,2.04,1.26,0.0,0.0,0.0,0.0,1.88,0.43,0.0,0.0,0.0,0.0,0.0,1.0,1.0,0.0,1.0,1.0,1.0,0.0,0.0,0.0,0.0,1.0,1.0,0.0,0.0,0.2095337873877563,20.535335400231432,21.37592103278823
7963,318.48,0.98,1,0.082,0.306,0.1,-0.054,-0.076,0.0,0.0,0.0,0.07,0.78,2.82,0.0,1.5,2.05,1.27,0.0,0.0,0.0,0.0,1.98,0.49,0.0,0.0,0.0,0.0,0.0,1.0,1.0,0.0,1.0,1.0,1.0,0.0,0.0,0.0,0.0,1.0,1.0,0.0,0.0,0.20144833959893424,20.605096456944906,22.432119828496017
7964,318.52,0.98,1,0.074,0.307,0.098,-0.043,-0.076,0.0,0.0,0.0,0.07,0.74,2.75,0.0,1.46,2.05,1.31,0.0,0.0,0.0,0.0,2.12,0.54,0.0,0.0,0.0,0.0,0.0,1.0,1.0,0.0,1.0,1.0,1.0,0.0,0.0,0.0,0.0,1.0,1.0,0.0,0.0,0.1974928205316979,20.664220285314425,23.5306183514161
7965,318.56,0.98,1,0.063,0.302,0.105,-0.046,-0.074,0.0,0.0,0.0,0.0,0.72,2.75,0.0,1.47,2.08,1.26,0.0,0.0,0.0,0.0,2.15,0.59,0.0,0.0,0.0,0.0,0.0,1.0,1.0,0.0,1.0,1.0,1.0,0.0,0.0,0.0,0.0,1.0,1.0,0.0,0.0,0.21505354533397159,20.949701668520202,23.325951213187604
7966,318.6,0.98,1,0.065,0.305,0.105,-0.039,-0.076,0.0,0.0,0.0,0.0,0.73,2.82,0.0,1.45,2.1,1.2,0.0,0.0,0.0,0.0,2.14,0.68,0.0,0.0,0.0,0.0,0.0,1.0,1.0,0.0,1.0,1.0,1.0,0.0,0.0,0.0,0.0,1.0,1.0,0.0,0.0,0.19649847009060475,20.199257412093285,23.126175645791406
7967,318.64,0.98,1,0.054,0.313,0.103,-0.04,-0.075,0.0,0.0,0.0,0.0,0.79,2.88,0.0,1.43,2.14,1.22,0.0,0.0,0.0,0.0,2.12,0.71,0.0,0.0,0.0,0.0,0.0,1.0,1.0,0.0,1.0,1.0,1.0,0.0,0.0,0.0,0.0,1.0,1.0,0.0,0.0,0.19338242041180376,20.38872237291997,22.92640399190427
7968,318.68,0.98,1,0.056,0.305,0.096,-0.038,-0.081,0.0,0.0,0.0,0.0,0.83,3.02,0.0,1.47,2.12,1.39,0.03,0.0,0.0,0.0,2.13,0.78,0.0,0.0,0.0,0.0,0.0,1.0,1.0,0.0,1.0,1.0,1.0,0.0,0.0,0.0,0.0,1.0,1.0,0.0,0.0,0.19291934592004625,21.114923632350656,22.926403991904273
7969,318.72,0.98,1,0.049,0.304,0.095,-0.033,-0.091,0.0,0.0,0.0,0.0,0.91,3.05,0.06,1.44,2.21,1.45,0.03,0.0,0.0,0.0,2.07,0.6,0.0,0.0,0.0,0.0,0.0,1.0,1.0,0.0,1.0,1.0,1.0,0.0,0.0,0.0,0.0,1.0,1.0,0.0,0.0,0.1958576846585463,20.99547570311289,22.737194198053597
7970,318.76,0.98,1,0.031,0.328,0.107,-0.021,-0.09,0.0,0.0,0.0,0.0,0.87,3.27,0.1,1.38,2.23,1.4,0.03,0.09,0.0,0.0,2.03,0.4,0.0,0.0,0.0,0.0,0.0,1.0,1.0,0.0,1.0,1.0,1.0,0.0,0.0,0.0,0.0,1.0,1.0,0.0,0.0,0.1877712355156701,20.155644370746373,22.464416306683862
7971,318.8,0.98,1,0.018,0.316,0.107,-0.03,-0.067,0.0,0.0,0.0,0.0,0.82,3.33,0.2,1.29,2.29,1.33,0.0,0.09,0.0,0.0,1.9,0.27,0.0,0.0,0.0,0.0,0.0,1.0,1.0,1.0,1.0,1.0,1.0,0.0,0.0,0.0,0.0,1.0,1.0,0.0,0.0,0.1954519816622578,20.61771083316478,22.464416306683646
7972,318.84,0.98,1,0.015,0.334,0.105,-0.027,-0.083,0.0,0.0,0.0,0.0,0.71,3.27,0.2,1.18,2.2,1.26,0.0,0.17,0.0,0.0,1.88,0.33,0.0,0.0,0.0,0.0,0.0,1.0,1.0,1.0,1.0,1.0,1.0,0.0,0.0,0.0,0.0,1.0,1.0,0.0,0.0,0.19161542499747936,20.8273858177161,21.79197099851232
7973,318.88,0.98,1,0.023,0.308,0.107,-0.033,-0.072,0.0,0.0,0.0,0.0,0.7,3.09,0.26,1.18,2.11,1.32,0.0,0.09,0.0,0.0,1.77,0.5,0.0,0.0,0.0,0.0,0.0,1.0,1.0,1.0,1.0,1.0,1.0,0.0,0.0,0.0,0.0,1.0,1.0,0.0,0.0,0.19079836090640553,21.1482859825566,22.289908030317264
7974,318.92,0.98,1,0.039,0.326,0.103,-0.044,-0.103,0.0,0.0,0.0,0.0,0.71,3.1,0.21,1.1,1.98,1.27,0.0,0.09,0.0,0.0,1.83,0.68,0.0,0.0,0.0,0.0,0.0,1.0,1.0,1.0,1.0,1.0,1.0,0.0,0.0,0.0,0.0,1.0,1.0,0.0,0.0,0.19099417798487273,20.717142660125837,22.372527796384517
7975,318.96,0.98,1,0.033,0.325,0.119,-0.029,-0.107,0.0,0.0,0.0,0.0,0.74,3.01,0.29,1.24,1.92,1.13,0.0,0.01,0.0,0.0,1.89,0.74,0.0,0.0,0.0,0.0,0.0,1.0,1.0,1.0,1.0,1.0,1.0,0.0,0.0,0.0,0.0,1.0,1.0,0.0,0.0,0.1952659466845179,21.595601403989743,21.98226557932562
7976,319.0,0.98,1,0.015,0.319,0.115,-0.036,-0.092,0.0,0.0,0.0,0.0,0.72,2.91,0.28,1.29,1.9,0.86,0.0,0.03,0.0,0.0,2.15,0.65,0.0,0.0,0.0,0.0,0.0,1.0,1.0,1.0,1.0,1.0,1.0,0.0,0.0,0.0,0.0,1.0,1.0,0.0,0.0,0.19177752659775962,21.843534512528002,21.36773268271584
7977,319.04,0.98,1,0.028,0.313,0.117,-0.032,-0.096,0.0,0.0,0.0,0.0,0.7,2.66,0.33,1.43,1.88,0.63,0.0,0.03,0.0,0.0,2.44,0.63,0.0,0.0,0.0,0.0,0.0,1.0,1.0,1.0,1.0,1.0,1.0,0.0,0.0,0.0,0.0,1.0,1.0,0.0,0.0,0.19286287530455384,22.053797858872382,21.567104580819375
7978,319.08,0.98,1,0.02,0.306,0.114,-0.027,-0.102,0.0,0.0,0.0,0.04,0.75,2.68,0.23,1.31,1.89,0.67,0.0,0.02,0.01,0.0,2.72,0.74,0.0,0.0,0.0,0.0,0.0,1.0,1.0,1.0,1.0,1.0,1.0,0.0,0.0,0.0,0.0,1.0,1.0,0.0,0.0,0.1878602322801488,21.470444802099426,22.679726629745918
7979,319.12,0.98,1,0.02,0.307,0.116,-0.023,-0.104,0.0,0.0,0.0,0.04,0.87,2.77,0.27,1.23,1.97,0.85,0.01,0.0,0.01,0.0,2.87,0.83,0.0,0.0,0.0,0.0,0.0,1.0,1.0,1.0,1.0,1.0,1.0,0.0,0.0,0.0,0.0,1.0,1.0,0.0,0.0,0.18983241417748647,21.694699813548926,23.09567058996123
7980,319.16,0.98,1,0.021,0.301,0.115,-0.021,-0.102,0.0,0.0,0.0,0.04,0.94,2.76,0.25,1.11,2.06,1.06,0.01,0.0,0.05,0.0,2.76,0.72,0.0,0.0,0.0,0.0,0.0,1.0,1.0,1.0,1.0,1.0,1.0,0.0,0.0,0.0,0.0,1.0,1.0,0.0,0.0,0.1891890812400343,21.780725424099074,23.186418438387612
7981,319.2,0.98,1,0.012,0.296,0.108,-0.018,-0.096,0.0,0.0,0.0,0.0,0.96,2.87,0.27,1.1,2.18,1.26,0.04,0.0,0.14,0.0,2.56,0.52,0.0,0.0,0.0,0.0,0.0,1.0,1.0,1.0,1.0,1.0,1.0,0.0,0.0,0.0,0.0,1.0,1.0,0.0,0.0,0.19146275926643352,21.199292441022646,22.779376637651914
7982,319.24,0.98,1,0.006,0.297,0.106,-0.016,-0.087,0.0,0.0,0.0,0.0,0.96,2.98,0.21,1.09,2.22,1.24,0.02,0.0,0.23,0.0,2.32,0.35,0.0,0.0,0.0,0.0,0.0,1.0,1.0,1.0,1.0,1.0,1.0,0.0,0.0,0.0,0.0,1.0,1.0,0.0,0.0,0.18933058278282794,21.892921230388644,22.45707015618921
7983,319.28,0.98,1,0.002,0.308,0.114,-0.017,-0.082,0.26,0.04,0.0,0.0,0.83,2.9,0.14,0.99,2.14,1.17,0.07,0.06,0.19,0.0,2.18,0.51,0.0,0.0,0.0,0.0,0.0,1.0,1.0,1.0,1.0,1.0,1.0,0.0,0.0,0.0,0.0,1.0,1.0,0.0,0.0,0.19256620893570048,22.28945939227791,22.963013739489952
7984,319.32,0.98,1,0.002,0.32,0.117,-0.023,-0.076,0.92,0.27,0.0,0.0,0.52,2.73,0.08,0.69,1.79,0.8,0.09,0.27,0.09,0.0,1.86,0.87,0.0,0.0,0.0,0.0,0.0,1.0,1.0,0.0,1.0,1.0,1.0,0.0,0.0,0.0,0.0,1.0,1.0,0.0,0.0,0.20231263626093388,22.971286424577915,22.863289352147213
7985,319.36,0.98,1,0.011,0.308,0.123,-0.026,-0.067,1.47,0.5,0.0,0.0,0.18,2.42,0.0,0.44,1.38,0.42,0.33,0.72,0.0,0.0,1.31,1.27,0.0,1.0,0.0,0.0,0.0,0.0,1.0,0.0,0.0,1.0,1.0,0.0,1.0,0.0,0.0,1.0,1.0,0.0,0.0,0.22985595547405557,22.020445045457272,23.947024867402494
7986,319.4,0.98,1,0.001,0.333,0.138,-0.038,-0.06,1.68,0.58,0.0,0.0,0.0,2.53,0.0,0.33,1.07,0.14,0.58,1.2,0.0,0.0,0.64,1.44,0.0,1.0,0.0,0.0,0.0,0.0,1.0,0.0,0.0,1.0,1.0,0.0,1.0,0.0,0.0,1.0,1.0,0.0,0.0,0.21839675705279704,21.93171219946126,24.09169981549651
7987,319.44,0.98,1,0.009,0.342,0.148,-0.044,-0.06,1.4,0.5,0.0,0.0,0.0,2.41,0.0,0.29,0.96,0.1,0.72,1.41,0.0,0.0,0.2,1.3,0.0,1.0,0.0,0.0,0.0,0.0,1.0,0.0,0.0,1.0,1.0,0.0,1.0,0.0,0.0,0.0,1.0,0.0,0.0,0.22003861364740684,20.441379601191258,23.40363219673397
7988,319.48,0.98,1,0.014,0.342,0.152,-0.046,-0.066,1.14,0.39,0.0,0.0,0.0,2.5,0.0,0.25,0.93,0.11,0.7,1.42,0.0,0.0,0.04,1.09,0.0,1.0,0.0,0.0,0.0,0.0,1.0,0.0,0.0,1.0,1.0,0.0,1.0,0.0,0.0,0.0,0.0,0.0,0.0,0.21451220733050935,20.862646045025112,23.313729860320546
7989,319.52,0.98,1,0.027,0.339,0.149,-0.045,-0.072,0.86,0.27,0.0,0.0,0.0,2.42,0.0,0.13,0.94,0.12,0.57,1.31,0.0,0.0,0.02,0.85,0.0,0.0,0.0,0.0,0.0,0.0,1.0,0.0,0.0,1.0,1.0,0.0,1.0,0.0,0.0,0.0,0.0,0.0,0.0,0.20836495469174654,21.160340261914506,23.83149177034448
7990,319.56,0.98,1,0.027,0.325,0.147,-0.042,-0.079,0.68,0.13,0.0,0.01,0.0,2.27,0.0,0.19,0.96,0.24,0.47,1.17,0.0,0.0,0.05,0.68,0.0,0.0,0.0,0.0,0.0,0.0,1.0,0.0,0.0,1.0,1.0,0.0,1.0,0.0,0.0,0.0,0.0,0.0,0.0,0.22880052284925975,21.793806459634258,23.612284938141833
7991,319.6,0.98,1,0.024,0.304,0.14,-0.042,-0.086,0.55,0.0,0.0,0.08,0.0,2.11,0.0,0.28,0.96,0.39,0.32,0.91,0.0,0.0,0.27,0.63,0.0,0.0,0.0,0.0,0.0,0.0,1.0,0.0,0.0,1.0,1.0,0.0,1.0,0.0,0.0,0.0,0.0,0.0,0.0,0.24620757254273928,22.28945939227791,22.472205054244206
7992,319.64,0.98,1,0.0,0.301,0.141,-0.038,-0.091,0.45,0.0,0.0,0.09,0.0,2.12,0.0,0.55,1.02,0.52,0.26,0.7,0.0,0.0,0.66,0.67,0.0,0.0,0.0,0.0,0.0,0.0,1.0,0.0,0.0,1.0,1.0,0.0,1.0,0.0,0.0,1.0,0.0,0.0,0.0,0.24517623940740935,23.070543990118512,22.250617968946322
7993,319.68,0.98,1,-0.009,0.32,0.14,-0.031,-0.094,0.37,0.0,0.0,0.08,0.0,2.17,0.0,0.81,1.07,0.56,0.2,0.57,0.0,0.0,1.21,0.76,0.0,0.0,0.0,0.0,0.0,0.0,1.0,0.0,0.0,1.0,1.0,0.0,0.0,0.0,0.0,1.0,0.0,0.0,0.0,0.20230057636148513,22.884492565927527,23.554405108174453
7994,319.72,0.98,1,-0.013,0.323,0.149,-0.031,-0.095,0.35,0.0,0.0,0.01,0.01,2.22,0.0,0.92,1.11,0.54,0.15,0.42,0.0,0.0,1.71,0.88,0.0,0.0,0.0,0.0,0.0,0.0,1.0,0.0,0.0,1.0,1.0,0.0,0.0,0.0,0.0,1.0,1.0,0.0,0.0,0.20803974463375705,22.80219287700197,23.441842930964263
7995,319.76,0.98,1,-0.015,0.329,0.153,-0.029,-0.094,0.4,0.0,0.0,0.02,0.04,2.03,0.0,0.87,1.17,0.49,0.05,0.19,0.0,0.0,2.04,0.96,0.0,0.0,0.0,0.0,0.0,0.0,1.0,0.0,0.0,1.0,1.0,0.0,0.0,0.0,0.0,1.0,1.0,0.0,0.0,0.2056992865032824,22.36000894454217,23.042569301186877
7996,319.8,0.98,1,-0.006,0.305,0.155,-0.028,-0.09,0.28,0.0,0.0,0.02,0.12,2.24,0.02,0.8,1.24,0.53,0.07,0.11,0.0,0.0,2.15,1.01,0.1,0.0,0.0,0.0,0.0,0.0,1.0,0.0,0.0,1.0,1.0,0.0,0.0,0.0,0.0,1.0,1.0,0.0,0.0,0.2581148240282528,22.500888871331238,22.127358631341565
7997,319.84,0.98,1,-0.023,0.368,0.148,-0.029,-0.082,0.32,0.0,0.0,0.02,0.11,1.8,0.02,0.89,1.41,0.82,0.08,0.11,0.0,0.0,2.14,0.9,0.81,0.0,0.0,0.0,0.0,0.0,1.0,0.0,0.0,1.0,1.0,0.0,0.0,0.0,0.0,1.0,1.0,0.0,1.0,0.19429954805580624,18.51944923587101,20.26746160721654
7998,319.88,0.98,1,0.037,0.463,0.135,-0.037,-0.071,0.33,0.0,0.0,0.0,0.08,1.62,0.03,0.9,1.52,1.09,0.08,0.22,0.0,0.0,2.05,0.79,1.55,0.0,0.0,0.0,0.0,0.0,1.0,0.0,0.0,1.0,1.0,0.0,0.0,0.0,0.0,1.0,1.0,0.0,1.0,0.15419220817168194,16.802678357928716,18.487833837418457
7999,319.92,0.98,1,0.037,0.47,0.125,-0.03,-0.064,0.32,0.0,0.0,0.0,0.01,1.38,0.04,0.94,1.54,1.25,0.08,0.25,0.0,0.0,1.78,0.66,1.96,0.0,0.0,0.0,0.0,0.0,1.0,0.0,0.0,1.0,1.0,0.0,0.0,0.0,0.0,1.0,1.0,0.0,1.0,0.1504447902170133,19.401030900444304,21.891550881561542
8000,319.96,0.98,1,0.019,0.403,0.11,-0.044,-0.062,0.24,0.0,0.0,0.0,0.04,1.94,0.07,0.87,1.33,1.08,0.19,0.41,0.0,0.0,1.17,0.83,1.51,0.0,0.0,0.0,0.0,0.0,1.0,0.0,0.0,1.0,1.0,0.0,0.0,0.0,0.0,1.0,1.0,0.0,1.0,0.1748613704789656,17.710166571774575,20.76968945362453
8001,320.0,0.98,1,0.029,0.372,0.122,-0.047,-0.075,0.16,0.04,0.0,0.0,0.04,2.39,0.05,0.79,0.99,0.81,0.35,0.49,0.0,0.0,0.56,0.94,0.88,0.0,0.0,0.0,0.0,0.0,1.0,0.0,0.0,1.0,1.0,0.0,0.0,0.0,0.0,1.0,1.0,0.0,1.0,0.19351748890077597,18.313383084509493,19.33726971420737
8002,320.04,0.98,1,0.042,0.355,0.127,-0.062,-0.067,0.33,0.1,0.0,0.0,0.02,2.53,0.02,0.73,0.67,0.61,0.6,0.61,0.0,0.0,0.25,1.16,0.37,0.0,0.0,0.0,0.0,0.0,1.0,0.0,0.0,1.0,1.0,0.0,0.0,0.0,0.0,1.0,1.0,0.0,1.0,0.19681065188218144,17.618172436436105,19.79141227906694
8003,320.08,0.98,1,0.049,0.348,0.128,-0.074,-0.062,0.35,0.13,0.0,0.0,0.0,2.57,0.0,0.72,0.47,0.49,0.61,0.55,0.0,0.0,0.44,1.17,0.11,0.0,0.0,0.0,0.0,0.0,1.0,0.0,0.0,1.0,1.0,0.0,0.0,0.0,0.0,1.0,1.0,0.0,0.0,0.22007622597600654,18.62686232299999,20.335437049643126
8004,320.12,0.98,1,0.054,0.342,0.121,-0.08,-0.058,0.42,0.11,0.0,0.0,0.0,2.6,0.0,0.86,0.4,0.44,0.56,0.44,0.0,0.0,0.64,1.2,0.0,0.0,0.0,0.0,0.0,0.0,1.0,0.0,0.0,1.0,1.0,0.0,0.0,0.0,0.0,1.0,1.0,0.0,0.0,0.22072027675399203,19.331321734429,20.734753434753017
8005,320.16,0.98,1,0.044,0.337,0.106,-0.076,-0.059,0.36,0.1,0.0,0.0,0.0,2.61,0.0,0.98,0.42,0.44,0.41,0.26,0.0,0.0,0.79,0.98,0.0,0.0,0.0,0.0,0.0,0.0,1.0,0.0,0.0,1.0,1.0,0.0,0.0,0.0,0.0,1.0,1.0,0.0,0.0,0.22216967303432028,19.749683541768277,22.118318200080136
8006,320.2,0.98,1,0.04,0.335,0.101,-0.065,-0.063,0.39,0.14,0.0,0.0,0.0,2.54,0.0,0.99,0.56,0.52,0.25,0.11,0.0,0.0,0.67,0.85,0.0,0.0,0.0,0.0,0.0,0.0,1.0,0.0,0.0,1.0,1.0,0.0,0.0,0.0,0.0,1.0,1.0,0.0,0.0,0.21431554296187838,20.341583025910435,21.80825531765432
8007,320.24,0.98,1,0.043,0.329,0.102,-0.046,-0.067,0.38,0.14,0.0,0.0,0.02,2.43,0.0,0.93,0.77,0.68,0.18,0.03,0.0,0.0,0.75,0.87,0.0,0.0,0.0,0.0,0.0,0.0,1.0,0.0,0.0,1.0,1.0,0.0,0.0,0.0,0.0,1.0,1.0,0.0,0.0,0.2261757841057313,19.5829007044411,21.818570072303043
8008,320.28,0.98,1,0.02,0.346,0.114,-0.043,-0.066,0.41,0.11,0.0,0.0,0.09,2.57,0.0,0.77,0.94,0.77,0.06,0.0,0.0,0.0,0.93,1.16,0.0,0.0,0.0,0.0,0.0,0.0,1.0,0.0,0.0,1.0,1.0,0.0,0.0,0.0,0.0,1.0,1.0,0.0,0.0,0.2178041484098488,20.180436070610707,21.514878572745886
8009,320.32,0.98,1,0.011,0.35,0.124,-0.041,-0.066,0.42,0.04,0.0,0.0,0.16,2.59,0.0,0.72,1.1,0.84,0.06,0.0,0.0,0.0,1.21,1.27,0.0,0.0,0.0,0.0,0.0,1.0,1.0,0.0,0.0,1.0,1.0,0.0,0.0,0.0,0.0,1.0,1.0,0.0,0.0,0.21886754194495062,19.990497742677743,21.618741869035674
8010,320.36,0.98,1,0.006,0.341,0.124,-0.034,-0.065,0.34,0.02,0.0,0.0,0.18,2.7,0.0,0.67,1.2,0.81,0.01,0.03,0.0,0.0,1.34,1.2,0.0,0.0,0.0,0.0,0.0,1.0,1.0,0.0,0.0,1.0,1.0,0.0,0.0,0.0,0.0,1.0,1.0,0.0,0.0,0.20863227691867667,20.37105790085528,21.508370463612533
8011,320.4,0.98,1,0.01,0.337,0.111,-0.023,-0.065,0.22,0.0,0.0,0.0,0.15,2.55,0.0,0.72,1.31,0.8,0.02,0.03,0.0,0.0,1.32,1.02,0.0,0.0,0.0,0.0,0.0,1.0,1.0,0.0,0.0,1.0,1.0,0.0,0.0,0.0,0.0,1.0,1.0,0.0,0.0,0.20361493452915314,19.849433241279396,21.718655575334353
8012,320.44,0.98,1,0.013,0.326,0.105,-0.026,-0.059,0.06,0.0,0.0,0.0,0.14,2.55,0.0,0.68,1.31,0.79,0.04,0.12,0.0,0.0,1.4,0.9,0.0,0.0,0.0,0.0,0.0,1.0,1.0,0.0,0.0,1.0,1.0,0.0,0.0,0.0,0.0,1.0,1.0,0.0,0.0,0.20923192368214485,20.398284241572824,21.62313575779438
8013,320.48,0.98,1,0.013,0.327,0.103,-0.033,-0.058,0.04,0.0,0.0,0.0,0.13,2.54,0.0,0.69,1.25,0.71,0.04,0.09,0.0,0.0,1.62,0.91,0.0,0.0,0.0,0.0,0.0,1.0,1.0,0.0,0.0,1.0,1.0,0.0,0.0,0.0,0.0,1.0,1.0,0.0,0.0,0.2071869376243181,20.189601283829166,22.118318200080356
8014,320.52,0.98,1,0.008,0.328,0.107,-0.042,-0.057,0.04,0.0,0.0,0.0,0.12,2.69,0.0,0.77,1.13,0.5,0.02,0.09,0.0,0.0,1.85,1.01,0.0,0.0,0.0,0.0,0.0,0.0,1.0,0.0,0.0,1.0,1.0,0.0,0.0,0.0,0.0,1.0,1.0,0.0,0.0,0.21460493382464152,20.69685966517617,22.910696191953523
8015,320.56,0.98,1,0.01,0.348,0.115,-0.048,-0.052,0.11,0.0,0.0,0.05,0.06,2.59,0.0,0.85,1.04,0.48,0.04,0.02,0.0,0.0,1.86,1.15,0.0,0.0,0.0,0.0,0.0,0.0,1.0,0.0,0.0,1.0,1.0,0.0,0.0,0.0,0.0,1.0,1.0,0.0,0.0,0.2017106622185828,21.2143819141637,23.013908837918
8016,320.6,0.98,1,0.014,0.328,0.106,-0.048,-0.05,0.07,0.0,0.0,0.05,0.03,2.41,0.0,0.77,0.94,0.54,0.22,0.11,0.0,0.0,1.2,1.05,0.0,0.0,0.0,0.0,0.0,0.0,1.0,0.0,0.0,1.0,1.0,0.0,0.0,0.0,0.0,1.0,1.0,0.0,0.0,0.22319561085544354,21.236054247435085,23.205387305537297
8017,320.64,0.98,1,0.011,0.324,0.094,-0.047,-0.045,0.07,0.0,0.0,0.05,0.0,2.15,0.0,0.64,0.88,0.74,0.36,0.34,0.0,0.07,0.54,0.77,0.0,0.0,0.0,0.0,0.0,0.0,1.0,0.0,0.0,1.0,1.0,0.0,0.0,0.0,0.0,1.0,1.0,0.0,0.0,0.23270984332128047,20.926777104943763,23.40192299790776
8018,320.68,0.98,1,0.01,0.326,0.087,-0.045,-0.047,0.0,0.03,0.0,0.0,0.0,2.12,0.0,0.49,0.81,0.75,0.36,0.54,0.0,0.12,0.0,0.6,0.0,0.0,0.0,0.0,0.0,0.0,1.0,0.0,0.0,1.0,1.0,0.0,0.0,0.0,0.0,1.0,1.0,0.0,0.0,0.22493062556642507,21.015470491997164,23.405341270744255
8019,320.72,0.98,1,0.018,0.319,0.1,-0.054,-0.045,0.0,0.05,0.0,0.0,0.0,2.18,0.0,0.64,0.86,0.8,0.24,0.51,0.0,0.12,0.19,0.66,0.0,0.0,0.0,0.0,0.0,0.0,1.0,0.0,0.0,1.0,1.0,0.0,0.0,0.0,0.0,1.0,1.0,0.0,0.0,0.23469079237193705,21.128653530218244,23.70189865812446
8020,320.76,0.98,1,0.01,0.327,0.103,-0.048,-0.048,0.0,0.06,0.0,0.0,0.04,2.24,0.0,0.78,0.98,0.87,0.11,0.33,0.0,0.05,0.52,0.68,0.0,0.0,0.0,0.0,0.0,0.0,1.0,0.0,0.0,1.0,1.0,0.0,0.0,0.0,0.0,1.0,1.0,0.0,0.0,0.21460175505013412,21.49651134486707,23.400213674237968
8021,320.8,0.98,1,0.007,0.332,0.103,-0.048,-0.053,0.06,0.06,0.0,0.0,0.07,2.29,0.0,0.97,1.16,0.86,0.06,0.17,0.0,0.0,1.02,0.63,0.0,0.0,0.0,0.0,0.0,0.0,1.0,0.0,0.0,1.0,1.0,0.0,0.0,0.0,0.0,1.0,1.0,0.0,0.0,0.21031191668315724,21.272047386182788,23.80756182392472
8022,320.84,0.98,1,0.006,0.308,0.096,-0.048,-0.05,0.11,0.1,0.0,0.0,0.1,2.16,0.0,0.91,1.21,0.79,0.0,0.14,0.0,0.0,1.37,0.46,0.0,0.0,0.0,0.0,0.0,0.0,1.0,0.0,0.0,1.0,1.0,0.0,0.0,0.0,0.0,1.0,1.0,0.0,0.0,0.23316686474623996,21.70829334609241,24.00187492676353
8023,320.88,0.98,1,0.011,0.306,0.096,-0.049,-0.046,0.14,0.09,0.0,0.0,0.06,2.09,0.0,0.91,1.21,0.67,0.0,0.09,0.0,0.0,1.61,0.52,0.0,0.0,0.0,0.0,0.0,0.0,1.0,0.0,0.0,1.0,1.0,0.0,0.0,0.0,0.0,1.0,1.0,0.0,0.0,0.23227974399700324,21.44621178670019,24.401844192601374
8024,320.92,0.98,1,0.008,0.311,0.109,-0.054,-0.045,0.08,0.05,0.0,0.0,0.03,2.05,0.0,1.03,1.03,0.67,0.0,0.09,0.0,0.0,1.61,0.69,0.0,0.0,0.0,0.0,0.0,0.0,1.0,0.0,0.0,1.0,1.0,0.0,0.0,0.0,0.0,1.0,1.0,0.0,0.0,0.23463780564769626,21.272047386182773,24.000833318866242
8025,320.96,0.98,1,0.021,0.318,0.111,-0.07,-0.037,0.03,0.0,0.0,0.0,0.02,2.16,0.0,1.27,0.94,0.54,0.14,0.26,0.0,0.0,1.53,0.83,0.0,0.0,0.0,0.0,0.0,0.0,1.0,0.0,0.0,1.0,1.0,0.0,0.0,0.0,0.0,1.0,1.0,0.0,0.0,0.23453508513411656,20.45336158190135,24.003333101883996
8026,321.0,0.98,1,0.048,0.3,0.111,-0.085,-0.032,0.0,0.0,0.0,0.0,0.02,2.22,0.0,1.42,0.8,0.46,0.22,0.36,0.0,0.0,1.09,0.71,0.0,0.0,0.0,0.0,0.0,0.0,1.0,0.0,0.0,1.0,1.0,1.0,0.0,0.0,0.0,1.0,1.0,0.0,0.0,0.2556796754749304,19.403350226185122,24.0
8027,321.04,0.98,1,0.052,0.294,0.092,-0.078,-0.031,0.0,0.0,0.0,0.0,0.02,2.3,0.0,1.49,0.8,0.39,0.26,0.4,0.0,0.0,0.66,0.46,0.0,0.0,0.0,0.0,0.0,0.0,1.0,0.0,0.0,1.0,1.0,1.0,0.0,0.0,0.0,1.0,0.0,0.0,0.0,0.24389836055312014,18.054362353736014,24.20082643216967
8028,321.08,0.98,1,0.052,0.29,0.084,-0.075,-0.034,0.0,0.0,0.0,0.0,0.0,2.28,0.0,1.57,0.79,0.49,0.18,0.29,0.0,0.0,0.28,0.2,0.0,0.0,0.0,0.0,0.0,0.0,1.0,0.0,0.0,1.0,1.0,1.0,0.0,0.0,0.0,1.0,0.0,0.0,0.0,0.2409244941831071,18.369812192834154,24.201859432696306
8029,321.12,0.98,1,0.026,0.309,0.084,-0.063,-0.04,0.05,0.0,0.0,0.0,0.0,2.15,0.0,1.56,0.78,0.51,0.17,0.26,0.0,0.0,0.29,0.29,0.0,0.0,0.0,0.0,0.0,0.0,1.0,0.0,0.0,1.0,1.0,1.0,0.0,0.0,0.0,1.0,0.0,0.0,0.0,0.23002161572854501,20.728000385951272,24.403278468271523
8030,321.16,0.98,1,0.035,0.288,0.088,-0.066,-0.041,0.08,0.01,0.0,0.03,0.0,2.11,0.0,1.45,0.72,0.43,0.29,0.3,0.0,0.0,0.23,0.45,0.0,0.0,0.0,0.0,0.0,0.0,1.0,0.0,0.0,1.0,1.0,1.0,0.0,0.0,0.0,1.0,0.0,0.0,0.0,0.2560279030010516,20.478769494283547,24.20020661068831
8031,321.2,0.98,1,0.024,0.325,0.096,-0.056,-0.041,0.11,0.07,0.0,0.03,0.0,1.97,0.0,1.21,0.63,0.39,0.35,0.35,0.0,0.0,0.22,0.75,0.0,1.0,0.0,0.0,0.0,0.0,1.0,0.0,0.0,1.0,1.0,1.0,0.0,0.0,0.0,1.0,1.0,0.0,0.0,0.21429002699151375,19.82246200652183,24.50081631293129
8032,321.24,0.98,1,0.029,0.313,0.102,-0.065,-0.036,0.15,0.07,0.0,0.03,0.0,2.0,0.0,1.04,0.56,0.38,0.42,0.48,0.0,0.0,0.15,0.98,0.0,1.0,0.0,0.0,0.0,0.0,1.0,0.0,0.0,1.0,1.0,1.0,0.0,0.0,0.0,1.0,1.0,0.0,0.0,0.22893940734725354,18.817545004595917,24.003333101884
8033,321.28,0.98,1,0.006,0.342,0.103,-0.062,-0.029,0.43,0.22,0.0,0.0,0.0,1.52,0.0,0.96,0.59,0.48,0.49,0.43,0.0,0.0,0.36,1.05,0.6,1.0,0.0,0.0,0.0,0.0,1.0,0.0,0.0,1.0,1.0,1.0,0.0,0.0,0.0,1.0,1.0,0.0,0.0,0.21888542901636146,19.60025510038062,20.03596765818911
8034,321.32,0.98,1,0.043,0.463,0.106,-0.077,-0.022,0.7,0.31,0.0,0.0,0.0,1.28,0.0,0.94,0.69,0.64,0.57,0.37,0.0,0.0,0.62,1.04,1.28,1.0,1.0,0.0,0.0,0.0,1.0,0.0,0.0,1.0,1.0,1.0,0.0,0.0,0.0,1.0,1.0,0.0,1.0,0.1689257033517108,16.94254998517057,18.85974549138981
8035,321.36,0.98,1,-0.001,0.469,0.105,-0.078,-0.019,0.83,0.31,0.0,0.0,0.0,1.21,0.0,1.05,0.71,0.67,0.6,0.3,0.0,0.0,0.89,0.9,1.66,1.0,1.0,0.0,0.0,0.0,1.0,0.0,0.0,1.0,1.0,1.0,0.0,0.0,0.0,1.0,1.0,0.0,1.0,0.17260142719762894,17.833956375409194,22.173181999884587
8036,321.4,0.98,1,-0.012,0.401,0.084,-0.06,-0.014,0.68,0.16,0.0,0.04,0.0,1.66,0.0,1.11,0.73,0.64,0.44,0.23,0.0,0.0,1.12,0.9,1.41,1.0,1.0,0.0,0.0,0.0,1.0,0.0,0.0,1.0,1.0,1.0,0.0,0.0,0.0,1.0,0.0,0.0,1.0,0.17905087373688144,18.852055590836734,21.53346233191495
8037,321.44,0.98,1,-0.029,0.343,0.089,-0.048,-0.018,0.46,0.0,0.0,0.04,0.02,2.08,0.0,1.28,0.79,0.52,0.35,0.21,0.0,0.0,1.19,0.91,0.98,0.0,0.0,0.0,0.0,0.0,1.0,0.0,0.0,1.0,1.0,1.0,0.0,0.0,0.0,1.0,0.0,0.0,1.0,0.19954699503591844,16.702694393420526,19.32097306038177
8038,321.48,0.98,1,-0.017,0.328,0.078,-0.045,-0.017,0.32,0.0,0.0,0.04,0.17,2.52,0.09,1.35,0.96,0.52,0.34,0.16,0.0,0.0,1.29,0.86,0.69,0.0,0.0,0.0,0.0,0.0,1.0,0.0,1.0,1.0,1.0,1.0,0.0,0.0,0.0,1.0,0.0,0.0,1.0,0.19782240048195587,18.10994202088998,18.51323850653904
8039,321.52,0.98,1,-0.029,0.337,0.087,-0.039,-0.025,0.36,0.14,0.0,0.0,0.24,2.74,0.12,1.37,1.08,0.57,0.27,0.2,0.0,0.0,1.17,0.59,0.41,0.0,0.0,0.0,0.0,1.0,1.0,0.0,1.0,1.0,1.0,1.0,0.0,0.0,0.0,1.0,0.0,0.0,0.0,0.18352154832027895,18.100276240986073,18.909521411183402
8040,321.56,0.98,1,-0.028,0.31,0.069,-0.032,-0.028,0.38,0.32,0.0,0.0,0.29,2.88,0.16,1.31,1.17,0.65,0.24,0.19,0.0,0.0,1.14,0.31,0.16,0.0,0.0,0.0,0.0,1.0,1.0,0.0,1.0,1.0,1.0,0.0,0.0,0.0,0.0,1.0,0.0,0.0,0.0,0.18243296553236413,19.201041638411226,18.309833423600505
8041,321.6,0.98,1,-0.025,0.31,0.068,-0.031,-0.031,0.35,0.32,0.0,0.09,0.26,2.84,0.1,1.25,1.33,0.81,0.08,0.1,0.0,0.0,1.1,0.1,0.15,0.0,0.0,0.0,0.0,1.0,1.0,0.0,1.0,1.0,1.0,0.0,0.0,0.0,0.0,1.0,0.0,0.0,0.0,0.19309515970896313,19.901004999747993,17.600284088616206
8042,321.64,0.98,1,-0.021,0.306,0.063,-0.028,-0.03,0.21,0.18,0.0,0.15,0.29,2.67,0.07,1.28,1.53,1.0,0.06,0.03,0.0,0.0,1.19,0.03,0.07,0.0,0.0,0.0,0.0,1.0,1.0,0.0,1.0,1.0,1.0,0.0,0.0,0.0,0.0,1.0,0.0,0.0,0.0,0.18864577523822157,19.70025380547169,18.20027472320111
8043,321.68,0.98,1,-0.026,0.304,0.069,-0.021,-0.032,0.11,0.05,0.0,0.23,0.36,2.69,0.05,1.24,1.77,1.17,0.0,0.0,0.0,0.0,1.31,0.0,0.07,0.0,0.0,0.0,0.0,1.0,1.0,0.0,1.0,1.0,1.0,0.0,0.0,0.0,0.0,1.0,0.0,0.0,0.0,0.19208534075302025,19.70228413154175,18.5
8044,321.72,0.98,1,-0.011,0.299,0.075,-0.019,-0.034,0.08,0.07,0.0,0.14,0.45,2.68,0.03,1.26,1.92,1.25,0.0,0.0,0.0,0.0,1.54,0.0,0.0,0.0,0.0,0.0,0.0,1.0,1.0,0.0,1.0,1.0,1.0,0.0,0.0,0.0,0.0,1.0,0.0,0.0,0.0,0.19508677294471732,19.70228413154175,18.80239346466313
8045,321.76,0.98,1,0.003,0.294,0.082,-0.015,-0.04,0.15,0.13,0.0,0.08,0.57,2.9,0.03,1.23,2.08,1.29,0.0,0.0,0.0,0.0,1.7,0.0,0.05,0.0,0.0,0.0,0.0,1.0,1.0,0.0,1.0,1.0,1.0,0.0,0.0,0.0,0.0,1.0,0.0,0.0,0.0,0.19931423747714577,19.9160739102865,20.600970850908855
8046,321.8,0.98,1,-0.006,0.297,0.081,-0.015,-0.039,0.23,0.08,0.0,0.0,0.66,2.94,0.02,1.31,2.16,1.32,0.0,0.0,0.0,0.0,1.86,0.0,0.06,0.0,0.0,0.0,0.0,1.0,1.0,0.0,1.0,1.0,1.0,0.0,0.0,0.0,0.0,1.0,0.0,0.0,0.0,0.19909065460624487,20.608736011701357,21.299999999999955
8047,321.84,0.98,1,-0.006,0.293,0.083,-0.014,-0.043,0.27,0.19,0.0,0.0,0.69,2.93,0.01,1.36,2.23,1.32,0.0,0.0,0.0,0.0,1.92,0.0,0.08,0.0,0.0,0.0,0.0,1.0,1.0,0.0,1.0,1.0,1.0,0.0,0.0,0.0,0.0,1.0,0.0,0.0,0.0,0.1984245429191328,20.51560381758236,21.402102700435858
8048,321.88,0.98,1,0.002,0.299,0.087,-0.017,-0.044,0.14,0.13,0.0,0.0,0.7,2.77,0.0,1.42,2.22,1.27,0.0,0.0,0.0,0.0,2.0,0.08,0.03,0.0,0.0,0.0,0.0,1.0,1.0,0.0,1.0,1.0,1.0,0.0,0.0,0.0,0.0,1.0,0.0,0.0,0.0,0.19967269929761067,20.923909768492212,21.200235847744757
8049,321.92,0.98,1,-0.002,0.3,0.084,-0.011,-0.044,0.11,0.13,0.0,0.0,0.69,2.85,0.03,1.3,2.23,1.23,0.0,0.02,0.0,0.0,2.03,0.17,0.02,0.0,0.0,0.0,0.0,1.0,1.0,0.0,1.0,1.0,1.0,0.0,0.0,0.0,0.0,1.0,0.0,0.0,0.0,0.20295780715311573,20.529490982486628,21.300000000000182
8050,321.96,0.98,1,0.003,0.305,0.109,-0.019,-0.018,0.04,0.0,0.0,0.0,0.72,2.76,0.03,1.32,2.26,1.27,0.0,0.02,0.0,0.0,2.02,0.3,0.0,0.0,0.0,0.0,0.0,1.0,1.0,0.0,1.0,1.0,1.0,0.0,0.0,0.0,0.0,1.0,0.0,0.0,0.0,0.2000973369778844,21.328384842739453,21.800229356591597
8051,322.0,0.98,1,-0.008,0.295,0.092,-0.015,-0.035,0.13,0.04,0.0,0.0,0.76,3.05,0.1,1.3,2.33,1.31,0.0,0.02,0.0,0.0,2.06,0.39,0.0,0.0,0.0,0.0,0.0,1.0,1.0,0.0,1.0,1.0,1.0,0.0,0.0,0.0,0.0,1.0,0.0,0.0,0.0,0.20239109716862896,21.42335174523361,22.601991062735955
8052,322.04,0.98,1,-0.013,0.317,0.116,-0.008,-0.036,0.08,0.04,0.0,0.0,0.79,2.98,0.06,1.34,2.33,1.29,0.0,0.0,0.0,0.0,2.14,0.54,0.0,0.0,0.0,0.0,0.0,1.0,1.0,0.0,1.0,1.0,1.0,0.0,0.0,0.0,0.0,1.0,0.0,0.0,0.0,0.20509983632932488,21.79197099851232,21.80091741188884
8053,322.08,0.98,1,-0.017,0.305,0.116,-0.021,-0.013,0.08,0.04,0.0,0.08,0.75,3.07,0.06,1.23,2.31,1.24,0.0,0.0,0.0,0.0,2.2,0.63,0.0,0.0,0.0,0.0,0.0,1.0,1.0,0.0,1.0,1.0,1.0,0.0,0.0,0.0,0.0,1.0,0.0,0.0,0.0,0.2137371790153874,21.965882636488654,22.200225224082796
8054,322.12,0.98,1,-0.009,0.303,0.088,-0.02,-0.035,0.13,0.13,0.0,0.13,0.72,2.97,0.02,1.17,2.31,1.23,0.0,0.0,0.0,0.0,2.22,0.64,0.0,0.0,0.0,0.0,0.0,1.0,1.0,0.0,1.0,1.0,1.0,0.0,0.0,0.0,0.0,1.0,0.0,0.0,0.0,0.21120718092080948,22.25061796894621,23.203448019637126
8055,322.16,0.98,1,-0.005,0.305,0.106,-0.007,-0.038,0.13,0.13,0.0,0.13,0.72,3.03,0.02,1.2,2.34,1.21,0.0,0.0,0.0,0.0,2.22,0.62,0.0,0.0,0.0,0.0,0.0,1.0,1.0,0.0,1.0,1.0,1.0,0.0,0.0,0.0,0.0,1.0,1.0,0.0,0.0,0.20085379318980512,22.090722034374522,22.399999999999864
8056,322.2,0.98,1,-0.007,0.304,0.119,-0.023,-0.015,0.14,0.15,0.0,0.23,0.72,2.98,0.02,1.27,2.33,1.17,0.0,0.0,0.0,0.0,2.22,0.69,0.0,0.0,0.0,0.0,0.0,1.0,1.0,0.0,1.0,1.0,1.0,0.0,0.0,0.0,0.0,1.0,1.0,0.0,0.0,0.21619780427006866,22.464416306683862,23.30085835328814
8057,322.24,0.98,1,-0.001,0.302,0.093,-0.02,-0.037,0.12,0.11,0.0,0.21,0.68,2.79,0.0,1.33,2.32,1.2,0.0,0.0,0.0,0.0,2.17,0.66,0.0,0.0,0.0,0.0,0.0,1.0,1.0,0.0,1.0,1.0,1.0,0.0,0.0,0.0,0.0,1.0,1.0,0.0,0.0,0.21006533500203547,21.965882636488892,22.800219297190935
8058,322.28,0.98,1,0.008,0.293,0.101,-0.025,-0.048,0.41,0.28,0.0,0.34,0.63,2.69,0.0,1.37,2.39,1.18,0.0,0.0,0.0,0.0,2.19,0.59,0.0,1.0,0.0,0.0,0.0,1.0,1.0,0.0,1.0,1.0,1.0,0.0,0.0,0.0,0.0,1.0,1.0,0.0,0.0,0.23731684062836472,22.19954954497965,23.301931250434972
8059,322.32,0.98,1,0.005,0.31,0.111,-0.011,-0.042,0.75,0.43,0.0,0.22,0.54,2.67,0.0,1.28,2.43,1.2,0.0,0.04,0.0,0.0,2.31,0.68,0.0,1.0,1.0,0.0,0.0,1.0,1.0,0.0,1.0,1.0,1.0,0.0,0.0,0.0,0.0,1.0,1.0,0.0,0.0,0.2266014050593731,22.6497240601293,23.707593720156236
8060,322.36,0.98,1,-0.01,0.313,0.127,-0.022,-0.019,1.07,0.67,0.0,0.19,0.52,2.82,0.0,1.3,2.39,1.2,0.0,0.04,0.0,0.0,2.31,0.72,0.0,1.0,1.0,0.0,0.0,1.0,1.0,0.0,1.0,1.0,1.0,0.0,0.0,0.0,0.0,1.0,1.0,0.0,0.0,0.23269259428852865,22.983689869122372,24.300000000000182
8061,322.4,0.98,1,0.006,0.32,0.11,-0.026,-0.04,1.36,0.86,0.0,0.05,0.52,2.83,0.0,1.31,2.37,1.36,0.01,0.04,0.0,0.0,2.25,0.73,0.0,1.0,1.0,0.0,0.0,1.0,1.0,0.0,1.0,1.0,1.0,0.0,0.0,0.0,0.0,1.0,1.0,0.0,0.0,0.22972840451527848,22.92596780945131,24.300205760445685
8062,322.44,0.98,1,0.012,0.318,0.127,-0.018,-0.043,1.48,0.94,0.0,0.0,0.51,2.95,0.0,1.21,2.31,1.21,0.01,0.0,0.0,0.0,2.19,0.72,0.0,1.0,1.0,0.0,0.0,1.0,1.0,0.0,1.0,1.0,1.0,0.0,0.0,0.0,0.0,1.0,1.0,0.0,0.0,0.24552108355589292,23.10887275485337,23.90334704596836
8063,322.48,0.98,1,-0.014,0.319,0.13,-0.019,-0.02,1.54,0.8,0.0,0.04,0.37,2.71,0.0,1.08,2.18,1.12,0.07,0.0,0.0,0.0,2.14,0.92,0.0,1.0,1.0,0.0,0.0,1.0,1.0,0.0,1.0,1.0,1.0,0.0,0.0,0.0,0.0,1.0,1.0,0.0,0.0,0.23865358637480893,23.108872754853355,23.80336110720496
8064,322.52,0.98,1,0.005,0.285,0.097,-0.028,-0.038,1.4,0.75,0.0,0.04,0.2,2.63,0.0,0.98,2.01,0.91,0.07,0.0,0.0,0.0,2.0,1.13,0.0,1.0,1.0,0.0,0.0,1.0,1.0,0.0,1.0,1.0,1.0,0.0,0.0,0.0,0.0,1.0,1.0,0.0,0.0,0.26210148081483253,22.586943130933054,24.00187492676353
8065,322.56,0.98,1,0.001,0.305,0.103,-0.027,-0.044,1.61,0.91,0.0,0.14,0.17,2.57,0.0,1.03,2.01,1.01,0.07,0.0,0.0,0.0,1.91,1.12,0.0,1.0,1.0,0.0,0.0,1.0,1.0,0.0,1.0,1.0,1.0,0.0,0.0,0.0,0.0,1.0,1.0,0.0,0.0,0.2385723332914073,22.959311836376937,25.00079998720041
8066,322.6,0.98,1,-0.004,0.3,0.114,-0.017,-0.038,1.68,0.94,0.0,0.1,0.25,2.51,0.0,1.08,2.09,0.97,0.0,0.0,0.0,0.0,1.87,1.06,0.0,1.0,1.0,0.0,0.0,1.0,1.0,0.0,1.0,1.0,1.0,0.0,0.0,0.0,0.0,1.0,1.0,0.0,0.0,0.25824102793620374,22.78530228019799,24.100829861231055
8067,322.64,0.98,1,-0.003,0.301,0.108,-0.027,-0.025,1.82,1.08,0.0,0.15,0.38,2.47,0.0,1.12,2.21,1.08,0.04,0.0,0.0,0.0,1.98,1.07,0.0,1.0,1.0,0.0,0.0,1.0,1.0,0.0,1.0,1.0,1.0,0.0,0.0,0.0,0.0,1.0,1.0,0.0,0.0,0.2314633004515174,23.169807940507415,25.103187048659912
8068,322.68,0.98,1,0.004,0.302,0.112,-0.019,-0.042,1.75,0.95,0.0,0.05,0.45,2.49,0.0,1.11,2.13,1.12,0.04,0.0,0.0,0.0,2.01,1.23,0.0,1.0,1.0,0.0,0.0,1.0,1.0,0.0,1.0,1.0,1.0,0.0,0.0,0.0,0.0,1.0,1.0,0.0,0.0,0.25290571736527134,22.772790781983804,24.4018441926016
8069,322.72,0.98,1,-0.001,0.326,0.11,-0.015,-0.044,1.66,0.97,0.0,0.05,0.4,2.56,0.0,0.95,2.04,1.05,0.04,0.0,0.0,0.0,2.05,1.47,0.0,1.0,1.0,0.0,0.0,1.0,1.0,0.0,0.0,1.0,1.0,0.0,0.0,0.0,0.0,1.0,1.0,0.0,0.0,0.21679750063115383,23.036058690670018,24.903212644154834
8070,322.76,0.98,1,-0.008,0.312,0.138,-0.022,-0.013,1.74,0.65,0.0,0.0,0.24,2.59,0.0,0.61,1.66,0.95,0.14,0.12,0.0,0.0,1.4,1.62,0.0,1.0,1.0,0.0,0.0,0.0,1.0,0.0,0.0,1.0,1.0,0.0,0.0,0.0,0.0,1.0,1.0,0.0,0.0,0.2418925405222819,22.712551595978805,24.701821795163248
8071,322.8,0.98,1,-0.008,0.316,0.114,-0.025,-0.033,1.84,0.74,0.0,0.0,0.08,2.51,0.0,0.37,1.39,0.83,0.35,0.32,0.0,0.05,0.7,1.35,0.0,1.0,1.0,0.0,0.0,0.0,1.0,0.0,0.0,1.0,1.0,0.0,0.0,0.0,0.0,1.0,1.0,0.0,0.0,0.23796876196337938,21.54553317975664,25.0
8072,322.84,0.98,1,-0.01,0.312,0.098,-0.015,-0.041,2.07,0.88,0.0,0.0,0.0,2.57,0.0,0.3,1.12,0.78,0.49,0.46,0.0,0.05,0.07,1.02,0.0,1.0,1.0,0.0,0.0,0.0,1.0,0.0,0.0,1.0,1.0,0.0,0.0,0.0,0.0,1.0,1.0,0.0,0.0,0.2426542809882118,21.96656550305505,24.500204080782673
8073,322.88,0.98,1,-0.022,0.308,0.088,-0.008,-0.045,1.99,1.08,0.0,0.18,0.0,2.5,0.0,0.4,1.19,0.69,0.42,0.48,0.0,0.05,0.05,0.94,0.0,1.0,1.0,0.0,0.0,0.0,1.0,0.0,0.0,1.0,1.0,0.0,0.0,0.0,0.0,1.0,1.0,0.0,0.0,0.22285208301875958,21.843534512527775,24.500204080782673
8074,322.92,0.98,1,-0.006,0.301,0.116,-0.017,-0.016,1.96,1.06,0.0,0.29,0.09,2.56,0.0,0.62,1.39,0.73,0.34,0.34,0.0,0.0,0.46,1.18,0.0,1.0,1.0,0.0,0.0,0.0,1.0,0.0,0.0,1.0,1.0,0.0,0.0,0.0,0.0,1.0,1.0,0.0,0.0,0.2765433577329485,23.18210516756405,24.301851781294317
8075,322.96,0.98,1,-0.016,0.318,0.129,-0.01,-0.025,1.75,0.94,0.0,0.37,0.22,2.78,0.0,0.86,1.76,0.87,0.28,0.28,0.0,0.0,1.14,1.28,0.0,1.0,1.0,0.0,0.0,0.0,1.0,0.0,0.0,1.0,1.0,0.0,0.0,0.0,0.0,1.0,1.0,0.0,0.0,0.23192412364963363,21.920994502987273,24.20185943269653
8076,323.0,0.98,1,-0.021,0.339,0.145,-0.011,-0.012,1.59,0.79,0.0,0.19,0.41,2.99,0.0,1.0,2.01,0.85,0.26,0.25,0.0,0.0,1.77,1.06,0.0,1.0,1.0,0.0,0.0,0.0,1.0,0.0,0.0,1.0,1.0,0.0,0.0,0.0,0.0,1.0,1.0,0.0,0.0,0.22799430171410462,22.351733713517664,23.200000000000045
8077,323.04,0.98,1,-0.029,0.331,0.143,-0.009,-0.005,1.37,0.57,0.0,0.12,0.52,3.08,0.0,1.12,2.25,0.86,0.17,0.34,0.0,0.0,1.97,0.71,0.0,1.0,1.0,0.0,0.0,1.0,1.0,0.0,0.0,1.0,1.0,0.0,0.0,0.0,0.0,1.0,1.0,0.0,0.0,0.23155355981703366,22.574321695236023,23.603389587091222
8078,323.08,0.98,1,-0.034,0.329,0.142,-0.01,-0.004,1.38,0.62,0.0,0.08,0.54,2.85,0.0,1.03,2.29,0.82,0.1,0.39,0.0,0.0,1.98,0.65,0.0,1.0,1.0,0.0,0.0,1.0,1.0,0.0,0.0,1.0,1.0,0.0,0.0,0.0,0.0,1.0,1.0,0.0,0.0,0.230329165508059,22.28945939227791,23.705273674859598
8079,323.12,0.98,1,-0.021,0.335,0.148,-0.014,-0.007,1.4,0.64,0.0,0.08,0.53,2.67,0.0,1.02,2.27,0.87,0.08,0.36,0.0,0.0,1.99,0.79,0.0,1.0,1.0,0.0,0.0,1.0,1.0,0.0,0.0,1.0,1.0,0.0,0.0,0.0,0.0,1.0,1.0,0.0,0.0,0.23613750016385868,22.599999999999866,23.70189865812446
8080,323.16,0.98,1,-0.025,0.336,0.152,-0.019,-0.008,1.5,0.7,0.0,0.03,0.52,2.72,0.0,0.99,2.17,1.09,0.04,0.37,0.0,0.0,2.04,1.24,0.39,1.0,1.0,0.0,0.0,1.0,1.0,0.0,0.0,1.0,1.0,0.0,0.0,0.0,0.0,1.0,1.0,0.0,0.0,0.2225327913722478,21.470444802099426,23.300214591286448
8081,323.2,0.98,1,-0.015,0.373,0.141,-0.01,-0.011,1.92,0.78,0.0,0.0,0.47,2.35,0.0,1.05,2.17,1.29,0.16,0.31,0.03,0.0,1.99,1.45,1.2,1.0,1.0,0.0,0.0,1.0,1.0,0.0,0.0,1.0,1.0,0.0,0.0,0.0,0.0,1.0,1.0,0.0,1.0,0.17356189229167063,19.00236827345476,18.8215302247189
8082,323.24,0.98,1,0.004,0.466,0.139,-0.022,-0.005,2.33,0.83,0.0,0.0,0.36,1.79,0.0,1.11,2.21,1.5,0.23,0.33,0.04,0.0,2.0,1.53,2.09,1.0,1.0,0.0,0.0,1.0,1.0,0.0,0.0,1.0,1.0,0.0,0.0,0.0,0.0,1.0,1.0,0.0,1.0,0.16353148936675505,16.16075493286118,19.42575609854102
8083,323.28,0.98,1,-0.021,0.473,0.131,-0.028,-0.001,2.59,0.94,0.0,0.0,0.25,1.19,0.0,1.07,2.23,1.56,0.22,0.3,0.16,0.0,2.02,1.35,2.63,1.0,1.0,0.0,0.0,1.0,1.0,0.0,0.0,1.0,1.0,0.0,0.0,0.0,0.0,1.0,1.0,0.0,1.0,0.15849267199706535,15.04027925272666,19.112822920751306
8084,323.32,0.98,1,-0.026,0.446,0.11,-0.009,-0.026,2.42,0.78,0.0,0.0,0.33,1.52,0.0,0.99,2.26,1.54,0.1,0.48,0.13,0.0,1.92,1.3,2.42,1.0,1.0,0.0,0.0,1.0,1.0,0.0,0.0,1.0,1.0,0.0,1.0,0.0,0.0,1.0,1.0,0.0,1.0,0.16014120951465272,19.358202395883723,20.441379601191393
8085,323.36,0.98,1,-0.016,0.364,0.087,0.001,-0.014,2.2,0.77,0.0,0.0,0.49,2.19,0.0,0.93,2.37,1.68,0.0,0.7,0.12,0.0,1.78,1.03,1.9,1.0,1.0,0.0,0.0,1.0,1.0,0.0,1.0,1.0,1.0,0.0,1.0,0.0,0.0,1.0,1.0,0.0,1.0,0.1562169370038216,17.32887763243789,18.959430371190045
8086,323.4,0.98,1,-0.013,0.356,0.093,-0.009,-0.017,1.93,0.72,0.0,0.0,0.67,2.76,0.0,1.08,2.57,1.54,0.0,0.88,0.0,0.0,1.62,0.83,1.26,1.0,1.0,0.0,0.0,1.0,1.0,0.0,1.0,1.0,1.0,0.0,1.0,0.0,0.0,1.0,0.0,0.0,0.0,0.15167180291261584,16.200000000000045,19.403350226185122
8087,323.44,0.98,1,-0.009,0.359,0.102,-0.003,-0.02,1.62,0.68,0.0,0.0,0.86,3.03,0.0,1.36,2.76,1.47,0.0,0.93,0.0,0.0,1.57,0.48,0.78,1.0,0.0,0.0,0.0,1.0,1.0,0.0,1.0,1.0,1.0,0.0,1.0,0.0,0.0,1.0,0.0,0.0,0.0,0.14251340014071479,16.302760502442478,18.353473785635202
8088,323.48,0.98,1,-0.002,0.346,0.111,-0.005,-0.019,1.4,0.57,0.0,0.0,1.02,3.12,0.0,1.55,2.9,1.42,0.0,0.86,0.0,0.0,1.53,0.4,0.39,1.0,0.0,0.0,0.0,1.0,1.0,0.0,1.0,1.0,1.0,0.0,1.0,0.0,0.0,1.0,0.0,0.0,0.0,0.1483787034806332,17.301156030739634,17.81375872745554
8089,323.52,0.98,1,-0.005,0.346,0.12,-0.01,-0.015,1.27,0.55,0.0,0.0,1.12,3.27,0.0,1.59,2.99,1.59,0.0,0.85,0.0,0.0,1.55,0.22,0.11,1.0,0.0,0.0,0.0,1.0,1.0,0.0,1.0,1.0,1.0,0.0,1.0,0.0,0.0,1.0,0.0,0.0,0.0,0.15587052186777867,17.60454486773222,18.20988742414388
8090,323.56,0.98,1,-0.002,0.343,0.125,-0.012,-0.012,1.21,0.51,0.0,0.0,1.23,3.24,0.0,1.68,3.06,1.81,0.0,0.69,0.0,0.0,1.54,0.12,0.05,1.0,0.0,0.0,0.0,1.0,1.0,0.0,1.0,1.0,1.0,0.0,1.0,0.0,0.0,1.0,0.0,0.0,0.0,0.15488555674545518,18.009997223764362,18.302458851203525
8091,323.6,0.98,1,-0.004,0.294,0.091,-0.023,-0.029,1.15,0.66,0.0,0.0,1.31,3.22,0.0,1.75,3.13,1.81,0.0,0.57,0.0,0.0,1.59,0.01,0.05,1.0,0.0,0.0,0.0,1.0,1.0,0.0,1.0,1.0,1.0,0.0,1.0,0.0,0.0,1.0,0.0,0.0,0.0,0.16845184567421023,19.20416621465253,18.800265955565582
8092,323.64,0.98,1,-0.004,0.3,0.093,-0.022,-0.033,1.2,0.8,0.0,0.0,1.39,3.2,0.0,1.81,3.16,1.81,0.03,0.4,0.0,0.0,1.63,0.0,0.13,1.0,1.0,0.0,0.0,1.0,1.0,0.0,1.0,1.0,1.0,0.0,0.0,0.0,0.0,1.0,0.0,0.0,0.0,0.17396691518171434,19.30414463269477,19.0
8093,323.68,0.98,1,0.003,0.312,0.098,-0.019,-0.035,1.11,0.93,0.0,0.0,1.36,3.24,0.0,1.82,3.18,1.91,0.1,0.38,0.0,0.0,1.65,0.0,0.18,1.0,1.0,0.0,0.0,1.0,1.0,0.0,1.0,1.0,1.0,0.0,0.0,0.0,0.0,1.0,0.0,0.0,0.0,0.17755404118317478,19.10104709171716,19.299999999999955
8094,323.72,0.98,1,0.004,0.306,0.104,-0.022,-0.036,1.04,0.92,0.0,0.0,1.34,3.41,0.0,1.88,3.15,1.97,0.2,0.41,0.0,0.0,1.65,0.0,0.18,1.0,1.0,0.0,0.0,1.0,1.0,0.0,1.0,1.0,1.0,0.0,0.0,0.0,0.0,1.0,0.0,0.0,0.0,0.18450695261515518,18.806647760831762,19.301036241611666
8095,323.76,0.98,1,-0.011,0.301,0.103,-0.019,-0.033,0.86,0.83,0.0,0.07,1.35,3.41,0.0,1.91,3.13,1.98,0.21,0.38,0.0,0.0,1.58,0.0,0.11,1.0,1.0,0.0,0.0,1.0,1.0,0.0,1.0,1.0,1.0,0.0,0.0,0.0,0.0,1.0,0.0,0.0,0.0,0.18588439131798967,19.0168346472277,19.90100499974822
8096,323.8,0.98,1,-0.009,0.309,0.1,-0.017,-0.033,0.82,0.85,0.0,0.14,1.35,3.38,0.0,1.89,3.1,1.88,0.17,0.29,0.0,0.0,1.68,0.0,0.0,1.0,1.0,0.0,0.0,1.0,1.0,0.0,1.0,1.0,1.0,0.0,0.0,0.0,0.0,1.0,0.0,0.0,0.0,0.17938629776998732,19.70634415613413,20.603883129157868
8097,323.84,0.98,1,-0.011,0.309,0.102,-0.015,-0.033,0.76,0.74,0.0,0.18,1.34,3.34,0.0,1.88,3.12,1.87,0.14,0.17,0.0,0.0,1.73,0.0,0.0,1.0,0.0,0.0,0.0,1.0,1.0,0.0,1.0,1.0,1.0,0.0,0.0,0.0,0.0,1.0,0.0,0.0,0.0,0.17884491046906775,20.208908926510652,20.90861066642171
8098,323.88,0.98,1,-0.011,0.311,0.106,-0.014,-0.034,0.64,0.58,0.0,0.11,1.34,3.28,0.0,1.94,3.16,1.85,0.16,0.07,0.0,0.0,2.08,0.0,0.0,1.0,0.0,0.0,0.0,1.0,1.0,0.0,1.0,1.0,1.0,0.0,0.0,0.0,0.0,1.0,0.0,0.0,0.0,0.17887087688654962,20.60873601170158,20.719555979798454
8099,323.92,0.98,1,-0.009,0.314,0.113,-0.014,-0.036,0.56,0.42,0.0,0.03,1.38,3.15,0.0,1.99,3.14,1.83,0.12,0.03,0.0,0.0,2.41,0.15,0.0,1.0,0.0,0.0,0.0,1.0,1.0,0.0,1.0,1.0,1.0,0.0,0.0,0.0,0.0,1.0,0.0,0.0,0.0,0.17994275009412397,20.928927349484585,20.908610666421712
8100,323.96,0.98,1,-0.015,0.321,0.119,-0.01,-0.037,0.47,0.37,0.0,0.0,1.41,3.18,0.0,1.96,3.09,1.75,0.06,0.1,0.0,0.0,2.81,0.48,0.04,1.0,0.0,0.0,0.0,1.0,1.0,0.0,1.0,1.0,1.0,0.0,0.0,0.0,0.0,1.0,1.0,0.0,0.0,0.17890659548187748,20.808652046684767,21.01927686672403
8101,324.0,0.98,1,-0.013,0.351,0.135,-0.013,-0.008,0.44,0.38,0.0,0.0,1.36,3.13,0.0,1.83,2.93,1.68,0.0,0.18,0.0,0.0,2.92,0.84,0.31,0.0,0.0,0.0,0.0,1.0,1.0,0.0,1.0,1.0,1.0,0.0,0.0,0.0,0.0,1.0,1.0,0.0,0.0,0.17098243185567347,19.701015202268177,20.400245096566717
8102,324.04,0.98,1,-0.019,0.411,0.134,-0.018,0.005,0.42,0.34,0.0,0.0,1.2,3.04,0.0,1.8,2.76,1.54,0.0,0.2,0.0,0.0,2.94,1.05,0.64,0.0,0.0,0.0,0.0,1.0,1.0,0.0,1.0,1.0,1.0,0.0,0.0,0.0,0.0,1.0,1.0,0.0,0.0,0.15395335174423974,17.323394586512148,18.313383084509493
8103,324.08,0.98,1,-0.022,0.373,0.1,-0.027,-0.019,0.51,0.44,0.0,0.0,1.1,2.91,0.0,1.84,2.58,1.52,0.0,0.1,0.0,0.0,2.85,1.04,0.81,0.0,0.0,0.0,0.0,1.0,1.0,0.0,1.0,1.0,1.0,0.0,0.0,0.0,0.0,1.0,1.0,0.0,0.0,0.15849863541538256,19.00026315607234,18.732325002519087
8104,324.12,0.98,1,-0.023,0.382,0.104,-0.021,-0.032,0.65,0.38,0.0,0.0,1.07,2.94,0.0,1.81,2.51,1.44,0.0,0.02,0.0,0.0,2.9,1.06,0.93,0.0,0.0,0.0,0.0,1.0,1.0,0.0,1.0,1.0,1.0,0.0,0.0,0.0,0.0,1.0,1.0,0.0,0.0,0.1641879411841768,18.106904760339265,18.31747799234377
8105,324.16,0.98,1,-0.019,0.41,0.112,-0.005,-0.03,0.71,0.46,0.0,0.0,1.04,2.97,0.0,1.58,2.48,1.5,0.0,0.05,0.0,0.0,2.97,1.24,0.97,0.0,0.0,0.0,0.0,1.0,1.0,0.0,1.0,1.0,1.0,0.0,0.0,0.0,0.0,1.0,1.0,0.0,0.0,0.1607050032698396,18.009997223764362,17.41407476726786
8106,324.2,0.98,1,-0.025,0.399,0.122,-0.011,-0.012,0.62,0.26,0.0,0.0,0.96,2.92,0.0,1.4,2.48,1.39,0.0,0.05,0.02,0.0,2.98,1.43,1.08,0.0,0.0,0.0,0.0,1.0,1.0,0.0,1.0,1.0,1.0,0.0,0.0,0.0,0.0,1.0,1.0,0.0,0.0,0.1518360021427731,18.001111076819676,18.009997223764362
8107,324.24,0.98,1,-0.01,0.393,0.118,-0.016,-0.002,0.51,0.2,0.0,0.0,0.9,2.88,0.0,1.28,2.39,1.43,0.0,0.05,0.02,0.0,2.87,1.62,0.85,0.0,0.0,0.0,0.0,1.0,1.0,0.0,1.0,1.0,1.0,0.0,0.0,0.0,0.0,1.0,1.0,0.0,0.0,0.15306099249696103,17.800280896659984,18.921416437465645
8108,324.28,0.98,1,0.008,0.375,0.105,-0.014,-0.0,0.52,0.15,0.0,0.0,0.84,2.9,0.0,1.27,2.36,1.27,0.0,0.0,0.04,0.0,2.76,1.51,0.74,0.0,0.0,0.0,0.0,1.0,1.0,0.0,1.0,1.0,1.0,0.0,0.0,0.0,0.0,1.0,1.0,0.0,0.0,0.1524509171131461,18.000277775634462,19.512560057562926
8109,324.32,0.98,1,0.005,0.372,0.097,-0.01,-0.002,0.47,0.13,0.0,0.0,0.78,2.87,0.02,1.22,2.3,1.23,0.0,0.0,0.02,0.0,2.63,1.13,0.69,0.0,0.0,0.0,0.0,1.0,1.0,0.0,1.0,1.0,1.0,0.0,0.0,0.0,0.0,1.0,1.0,0.0,1.0,0.15499463052621099,17.5025712396779,19.920341362537027
8110,324.36,0.98,1,-0.001,0.376,0.09,-0.014,-0.004,0.43,0.1,0.0,0.0,0.73,2.78,0.02,1.24,2.34,1.04,0.01,0.0,0.02,0.0,2.61,0.69,0.72,0.0,0.0,0.0,0.0,1.0,1.0,0.0,1.0,1.0,1.0,0.0,0.0,0.0,0.0,1.0,0.0,0.0,1.0,0.1574546238873576,17.410341754256155,20.120139164528794
8111,324.4,0.98,1,0.016,0.379,0.092,-0.012,-0.009,0.34,0.0,0.0,0.0,0.77,2.8,0.06,1.31,2.34,1.01,0.01,0.0,0.0,0.0,2.6,0.37,0.61,0.0,0.0,0.0,0.0,1.0,1.0,0.0,1.0,1.0,1.0,0.0,0.0,0.0,0.0,1.0,0.0,0.0,1.0,0.16332756333892645,16.90739483184785,19.82044399099067
8112,324.44,0.98,1,0.025,0.363,0.084,-0.019,-0.009,0.51,0.1,0.0,0.11,0.78,2.8,0.12,1.42,2.25,0.93,0.01,0.0,0.03,0.0,2.6,0.27,0.48,0.0,0.0,0.0,0.0,1.0,1.0,0.0,1.0,1.0,1.0,0.0,0.0,0.0,0.0,1.0,0.0,0.0,1.0,0.16041617327849678,16.90739483184785,19.13164917094176
8113,324.48,0.98,1,0.048,0.372,0.073,-0.025,-0.043,0.8,0.34,0.0,0.11,0.7,2.56,0.17,1.51,2.11,1.03,0.0,0.0,0.03,0.0,2.56,0.15,0.71,0.0,0.0,0.0,0.0,1.0,1.0,0.0,1.0,1.0,1.0,0.0,0.0,0.0,0.0,1.0,0.0,0.0,1.0,0.17636053256167655,18.826576959181885,20.31575743111731
8114,324.52,0.98,1,0.058,0.368,0.069,-0.024,-0.061,1.04,0.43,0.0,0.11,0.57,2.07,0.25,1.71,1.97,1.26,0.11,0.0,0.05,0.0,2.46,0.04,1.29,1.0,1.0,0.0,0.0,1.0,1.0,1.0,1.0,1.0,1.0,0.0,0.0,0.0,0.0,1.0,0.0,0.0,1.0,0.1910889425746635,18.333030300525834,19.76486782146548
8115,324.56,0.98,1,0.018,0.426,0.054,-0.045,-0.06,1.23,0.53,0.0,0.0,0.34,1.4,0.3,1.77,1.87,1.29,0.17,0.0,0.02,0.0,2.55,0.0,1.96,1.0,1.0,0.0,0.0,1.0,1.0,1.0,1.0,1.0,1.0,0.0,0.0,0.0,0.0,1.0,0.0,0.0,1.0,0.1534753894364686,18.261708572858172,18.686893802876842
8116,324.6,0.98,1,-0.001,0.43,0.049,-0.041,-0.058,1.22,0.47,0.0,0.0,0.28,1.37,0.36,1.79,1.67,1.14,0.2,0.0,0.02,0.0,2.55,0.27,2.13,1.0,1.0,0.0,0.0,1.0,1.0,1.0,1.0,1.0,1.0,0.0,0.0,0.0,0.0,1.0,0.0,0.0,1.0,0.15623589455496015,14.733974345029743,19.88164983093702
8117,324.64,0.98,1,0.006,0.374,0.039,-0.024,-0.058,1.17,0.56,0.0,0.0,0.41,1.74,0.38,1.49,1.5,0.83,0.11,0.0,0.0,0.0,2.83,0.78,1.74,1.0,1.0,0.0,0.0,1.0,1.0,1.0,1.0,1.0,1.0,0.0,0.0,0.0,0.0,1.0,1.0,0.0,1.0,0.16204797761406275,19.749683541768285,21.758906222510404
8118,324.68,0.98,1,-0.044,0.361,0.078,-0.007,-0.054,0.95,0.41,0.0,0.0,0.67,2.59,0.36,1.2,1.39,0.63,0.06,0.0,0.0,0.0,3.01,1.56,1.04,1.0,1.0,0.0,0.0,1.0,1.0,1.0,1.0,1.0,1.0,0.0,0.0,0.0,0.0,1.0,1.0,0.0,1.0,0.17634916112799587,17.401149387325056,21.077001684300352
8119,324.72,0.98,1,-0.012,0.335,0.084,-0.026,-0.025,0.83,0.23,0.0,0.0,0.86,2.97,0.34,1.04,1.45,0.57,0.03,0.0,0.0,0.0,3.24,2.08,0.5,1.0,0.0,0.0,0.0,1.0,1.0,1.0,1.0,1.0,1.0,0.0,0.0,0.0,0.0,1.0,1.0,0.0,1.0,0.15329627434183057,17.904468715937792,18.34611675532473
8120,324.76,0.98,1,-0.014,0.346,0.1,-0.02,-0.037,0.58,0.05,0.0,0.0,0.95,3.16,0.33,1.02,1.53,0.52,0.02,0.0,0.0,0.0,3.13,2.29,0.22,1.0,0.0,0.0,0.0,1.0,1.0,1.0,1.0,1.0,1.0,0.0,0.0,0.0,0.0,1.0,1.0,0.0,1.0,0.16109951239400278,18.11353085403276,18.317477992343772
8121,324.8,0.98,1,0.008,0.343,0.113,-0.025,-0.022,0.47,0.0,0.0,0.0,1.01,2.97,0.27,1.18,1.67,0.69,0.0,0.0,0.0,0.0,2.89,2.13,0.1,1.0,0.0,0.0,0.0,1.0,1.0,1.0,1.0,1.0,1.0,0.0,0.0,0.0,0.0,1.0,1.0,0.0,1.0,0.16192875986110838,18.70026737776767,18.31747799234377
8122,324.84,0.98,1,-0.006,0.33,0.088,-0.029,-0.038,0.47,0.09,0.0,0.0,1.06,2.91,0.26,1.27,1.79,0.88,0.0,0.0,0.04,0.0,2.66,1.86,0.04,1.0,0.0,0.0,0.0,1.0,1.0,1.0,1.0,1.0,1.0,0.0,0.0,0.0,0.0,1.0,1.0,0.0,0.0,0.18109601359683558,18.900264548413162,19.402319448973195
8123,324.88,0.98,1,-0.001,0.302,0.083,-0.015,-0.044,0.48,0.14,0.0,0.0,1.02,3.02,0.2,1.32,1.88,0.98,0.0,0.0,0.04,0.0,2.62,1.69,0.03,0.0,0.0,0.0,0.0,1.0,1.0,0.0,1.0,1.0,1.0,0.0,0.0,0.0,0.0,1.0,1.0,0.0,0.0,0.18833909178797115,19.30414463269477,19.900251254695117
8124,324.92,0.98,1,-0.007,0.319,0.091,-0.013,-0.014,0.47,0.23,0.0,0.0,0.91,3.19,0.25,1.21,1.82,0.89,0.0,0.05,0.04,0.0,2.47,1.59,0.03,0.0,0.0,0.0,0.0,1.0,1.0,0.0,1.0,1.0,1.0,0.0,0.0,0.0,0.0,1.0,1.0,0.0,0.0,0.1746093425891846,19.700000000000045,19.70101520226795
8125,324.96,0.98,1,0.0,0.293,0.064,-0.02,-0.03,0.25,0.16,0.0,0.0,0.72,3.07,0.22,1.05,1.71,0.85,0.0,0.16,0.0,0.0,1.83,1.21,0.03,1.0,0.0,0.0,0.0,1.0,1.0,0.0,1.0,1.0,1.0,0.0,0.0,0.0,0.0,1.0,1.0,0.0,0.0,0.1921375865213395,20.300985197768068,20.700000000000045
8126,325.0,0.98,1,-0.004,0.289,0.047,-0.015,-0.033,0.31,0.19,0.0,0.0,0.57,2.89,0.15,1.06,1.56,0.94,0.02,0.3,0.0,0.0,0.9,0.67,0.0,0.0,0.0,0.0,0.0,1.0,1.0,0.0,1.0,1.0,1.0,0.0,0.0,0.0,0.0,1.0,1.0,0.0,0.0,0.19291603221254672,20.80096151623761,20.306156701847797
8127,325.04,0.98,1,0.002,0.294,0.053,-0.019,-0.033,0.38,0.25,0.0,0.0,0.46,2.87,0.05,1.03,1.49,1.04,0.05,0.44,0.0,0.0,0.22,0.25,0.0,0.0,0.0,0.0,0.0,1.0,1.0,0.0,1.0,1.0,1.0,0.0,0.0,0.0,0.0,1.0,1.0,0.0,0.0,0.20127071085302467,20.60024271701662,20.002249873451735
8128,325.08,0.98,1,-0.001,0.307,0.065,-0.025,-0.031,0.51,0.34,0.0,0.0,0.42,2.96,0.06,0.98,1.45,0.93,0.05,0.33,0.0,0.0,0.46,0.64,0.0,1.0,0.0,0.0,0.0,1.0,1.0,0.0,1.0,1.0,1.0,0.0,0.0,0.0,0.0,1.0,1.0,0.0,0.0,0.200861132114588,20.300985197768068,20.603883129157868
8129,325.12,0.98,1,-0.002,0.312,0.084,-0.032,-0.028,0.55,0.33,0.0,0.0,0.45,2.89,0.08,0.93,1.45,0.8,0.04,0.18,0.0,0.0,1.16,1.15,0.0,1.0,0.0,0.0,0.0,1.0,1.0,0.0,1.0,1.0,1.0,0.0,0.0,0.0,0.0,1.0,1.0,0.0,0.0,0.20087411196271196,21.20094337523691,21.400233643584453
8130,325.16,0.98,1,-0.003,0.318,0.101,-0.034,-0.03,0.61,0.25,0.0,0.0,0.54,2.78,0.08,1.0,1.49,0.83,0.0,0.0,0.0,0.0,1.97,1.44,0.21,1.0,0.0,0.0,0.0,1.0,1.0,0.0,1.0,1.0,1.0,0.0,0.0,0.0,0.0,1.0,1.0,0.0,0.0,0.19866699392060377,21.100947846009102,21.708293346092457
8131,325.2,0.98,1,-0.008,0.364,0.088,-0.033,-0.024,0.6,0.2,0.0,0.0,0.58,2.7,0.05,1.18,1.58,0.92,0.0,0.0,0.0,0.0,2.19,1.34,0.6,1.0,0.0,0.0,0.0,1.0,1.0,0.0,1.0,1.0,1.0,0.0,0.0,0.0,0.0,1.0,1.0,0.0,0.0,0.16342921619218417,17.299999999999955,19.409276132818647
8132,325.24,0.98,1,-0.017,0.373,0.075,-0.027,-0.019,0.55,0.25,0.0,0.0,0.53,2.63,0.07,1.29,1.68,1.07,0.0,0.07,0.0,0.0,2.1,1.06,1.07,1.0,0.0,0.0,0.0,1.0,1.0,0.0,1.0,1.0,1.0,0.0,0.0,0.0,0.0,1.0,1.0,0.0,0.0,0.16401221737152993,17.107308379754095,17.91368192192781
8133,325.28,0.98,1,-0.028,0.365,0.069,-0.021,-0.018,0.47,0.3,0.0,0.0,0.45,2.37,0.1,1.36,1.73,1.17,0.0,0.13,0.0,0.0,1.78,0.7,1.26,1.0,0.0,0.0,0.0,1.0,1.0,0.0,1.0,1.0,1.0,0.0,0.0,0.0,0.0,1.0,0.0,0.0,0.0,0.16630710877217092,17.107308379753867,18.12236187697389
8134,325.32,0.98,1,-0.019,0.348,0.051,-0.025,-0.013,0.44,0.39,0.0,0.01,0.48,2.28,0.13,1.4,1.77,1.35,0.0,0.2,0.0,0.0,1.48,0.27,1.22,1.0,0.0,0.0,0.0,1.0,1.0,0.0,1.0,1.0,1.0,0.0,0.0,0.0,0.0,1.0,0.0,0.0,0.0,0.16634984403940156,17.210461934532546,17.9178681767671
8135,325.36,0.98,1,-0.015,0.368,0.062,-0.024,-0.018,0.46,0.37,0.0,0.01,0.55,2.35,0.1,1.46,1.77,1.39,0.0,0.21,0.0,0.0,1.28,0.04,1.06,0.0,0.0,0.0,0.0,1.0,1.0,0.0,1.0,1.0,1.0,0.0,0.0,0.0,0.0,1.0,0.0,0.0,0.0,0.16799747386009237,17.30115603073986,17.613914953808443
8136,325.4,0.98,1,-0.014,0.35,0.054,-0.029,-0.016,0.41,0.24,0.0,0.01,0.61,2.49,0.11,1.44,1.76,1.36,0.0,0.18,0.0,0.0,1.36,0.01,0.84,0.0,0.0,0.0,0.0,1.0,1.0,0.0,1.0,1.0,1.0,0.0,0.0,0.0,0.0,1.0,0.0,0.0,0.0,0.1694427607253762,17.00470523119998,17.71806987230837
8137,325.44,0.98,1,-0.017,0.345,0.064,-0.032,-0.021,0.46,0.17,0.0,0.07,0.62,2.64,0.06,1.37,1.8,1.34,0.0,0.11,0.0,0.0,1.66,0.1,0.72,0.0,0.0,0.0,0.0,1.0,1.0,0.0,1.0,1.0,1.0,0.0,0.0,0.0,0.0,1.0,0.0,0.0,0.0,0.16880054688808338,17.81010948871473,18.12760326132489
8138,325.48,0.98,1,-0.026,0.349,0.069,-0.022,-0.027,0.41,0.09,0.0,0.09,0.62,2.61,0.06,1.27,1.87,1.38,0.05,0.03,0.0,0.0,1.99,0.22,0.75,0.0,0.0,0.0,0.0,1.0,1.0,0.0,1.0,1.0,1.0,0.0,0.0,0.0,0.0,1.0,0.0,0.0,0.0,0.16949418234828695,18.102486017119215,18.117670931993345
8139,325.52,0.98,1,-0.037,0.351,0.083,-0.013,-0.032,0.49,0.14,0.0,0.09,0.67,2.66,0.03,1.3,2.01,1.45,0.06,0.0,0.0,0.0,2.16,0.27,0.83,0.0,0.0,0.0,0.0,1.0,1.0,0.0,1.0,1.0,1.0,0.0,0.0,0.0,0.0,1.0,0.0,0.0,0.0,0.17157237978908615,19.402319448973195,17.713836399831678
8140,325.56,0.98,1,-0.038,0.351,0.085,-0.012,-0.033,0.59,0.21,0.0,0.06,0.72,2.57,0.07,1.31,2.12,1.47,0.06,0.0,0.0,0.0,2.28,0.28,0.78,0.0,0.0,0.0,0.0,1.0,1.0,0.0,1.0,1.0,1.0,0.0,0.0,0.0,0.0,1.0,0.0,0.0,0.0,0.1760099327479177,19.40412327316013,17.91786817676688
8141,325.6,0.98,1,-0.032,0.338,0.08,-0.005,-0.036,0.69,0.25,0.0,0.15,0.76,2.51,0.07,1.31,2.2,1.52,0.01,0.0,0.0,0.0,2.32,0.25,0.6,0.0,0.0,0.0,0.0,1.0,1.0,0.0,1.0,1.0,1.0,0.0,0.0,0.0,0.0,1.0,0.0,0.0,0.0,0.1763987303766406,19.800000000000182,18.039955654047493
8142,325.64,0.98,1,-0.029,0.332,0.078,-0.005,-0.034,0.73,0.24,0.0,0.15,0.83,2.61,0.09,1.32,2.24,1.64,0.0,0.0,0.0,0.0,2.31,0.23,0.51,0.0,0.0,0.0,0.0,1.0,1.0,0.0,1.0,1.0,1.0,0.0,0.0,0.0,0.0,1.0,0.0,0.0,0.0,0.17670379126090874,19.900251254695345,17.92261141686655
8143,325.68,0.98,1,-0.03,0.336,0.08,-0.007,-0.033,0.55,0.19,0.0,0.13,0.87,2.7,0.08,1.31,2.27,1.64,0.0,0.0,0.0,0.0,2.17,0.13,0.56,0.0,0.0,0.0,0.0,1.0,1.0,0.0,1.0,1.0,1.0,0.0,0.0,0.0,0.0,1.0,0.0,0.0,0.0,0.17730390288009484,19.801010075246115,17.72822608159095
8144,325.72,0.98,1,-0.033,0.337,0.082,-0.01,-0.03,0.54,0.23,0.0,0.12,0.9,2.82,0.06,1.36,2.31,1.61,0.0,0.0,0.0,0.0,2.07,0.04,0.74,0.0,0.0,0.0,0.0,1.0,1.0,0.0,1.0,1.0,1.0,0.0,0.0,0.0,0.0,1.0,0.0,0.0,0.0,0.17605718385505367,19.701015202268174,17.628386199536383
8145,325.76,0.98,1,-0.032,0.331,0.082,-0.008,-0.031,0.58,0.31,0.0,0.18,0.92,2.71,0.03,1.37,2.35,1.55,0.0,0.0,0.0,0.0,2.02,0.02,0.89,0.0,0.0,0.0,0.0,1.0,1.0,0.0,1.0,1.0,1.0,0.0,0.0,0.0,0.0,1.0,0.0,0.0,0.0,0.17800733328286167,20.100248754679537,17.828067758453198
8146,325.8,0.98,1,-0.031,0.331,0.077,-0.006,-0.034,0.54,0.21,0.0,0.17,0.9,2.7,0.05,1.36,2.37,1.45,0.01,0.06,0.0,0.0,1.9,0.1,0.96,0.0,0.0,0.0,0.0,1.0,1.0,0.0,1.0,1.0,1.0,0.0,0.0,0.0,0.0,1.0,0.0,0.0,0.0,0.17839585366721716,20.106217943710757,17.922611416866772
8147,325.84,0.98,1,-0.018,0.35,0.094,-0.013,-0.011,0.4,0.12,0.0,0.16,0.84,2.69,0.06,1.41,2.32,1.45,0.07,0.1,0.0,0.0,1.53,0.1,0.88,0.0,0.0,0.0,0.0,1.0,1.0,0.0,1.0,1.0,1.0,0.0,0.0,0.0,0.0,1.0,0.0,0.0,0.0,0.17344386961192418,18.301092863542284,17.713836399831678
8148,325.88,0.98,1,-0.029,0.344,0.079,-0.018,-0.026,0.27,0.06,0.0,0.09,0.67,2.66,0.06,1.29,2.15,1.5,0.07,0.25,0.0,0.0,1.0,0.08,0.93,0.0,0.0,0.0,0.0,1.0,1.0,0.0,1.0,1.0,1.0,0.0,0.0,0.0,0.0,0.0,0.0,0.0,0.0,0.18179682893188492,18.801063799689587,18.7216452268491
8149,325.92,0.98,1,-0.034,0.347,0.068,-0.022,-0.027,0.38,0.13,0.0,0.12,0.54,2.5,0.03,1.18,1.96,1.59,0.11,0.42,0.0,0.0,0.44,0.0,0.98,0.0,0.0,0.0,0.0,1.0,1.0,0.0,0.0,1.0,1.0,0.0,0.0,0.0,0.0,0.0,0.0,0.0,0.0,0.184535240988158,18.101104938649375,18.23321145602172
8150,325.96,0.98,1,-0.035,0.348,0.071,-0.015,-0.03,0.46,0.19,0.0,0.13,0.46,2.47,0.01,0.96,1.8,1.47,0.07,0.62,0.0,0.08,0.13,0.0,0.89,0.0,0.0,0.0,0.0,1.0,1.0,0.0,0.0,1.0,1.0,0.0,1.0,0.0,0.0,0.0,0.0,0.0,0.0,0.18197917098300506,18.09999999999991,18.233211456021714
8151,326.0,0.98,1,-0.042,0.327,0.056,-0.012,-0.024,0.49,0.29,0.0,0.13,0.4,2.3,0.0,0.9,1.72,1.3,0.1,0.75,0.0,0.08,0.0,0.0,0.93,0.0,0.0,0.0,0.0,1.0,1.0,0.0,0.0,1.0,1.0,0.0,1.0,0.0,0.0,0.0,0.0,0.0,0.0,0.1819701487773004,18.40679222461109,19.51640335717624
8152,326.04,0.98,1,-0.018,0.35,0.06,-0.023,-0.021,0.47,0.22,0.0,0.09,0.33,2.12,0.0,0.99,1.73,1.27,0.2,0.79,0.0,0.08,0.04,0.0,1.09,0.0,0.0,0.0,0.0,1.0,1.0,0.0,0.0,1.0,1.0,0.0,1.0,0.0,0.0,0.0,0.0,0.0,0.0,0.20305380038089402,18.002499826412997,18.154062906137703
8153,326.08,0.98,1,0.018,0.406,0.07,-0.035,-0.02,0.51,0.24,0.0,0.0,0.28,1.86,0.0,1.14,1.79,1.3,0.32,0.83,0.0,0.0,0.04,0.0,1.47,0.0,0.0,0.0,0.0,1.0,1.0,0.0,0.0,1.0,1.0,0.0,1.0,0.0,0.0,0.0,0.0,0.0,0.0,0.1742972150418835,17.722866585290358,20.429635336931586
8154,326.12,0.98,1,-0.01,0.397,0.061,-0.026,-0.02,0.46,0.11,0.0,0.06,0.36,1.94,0.02,1.2,1.82,1.33,0.48,0.87,0.0,0.08,0.06,0.0,1.22,0.0,0.0,0.0,0.0,1.0,1.0,0.0,0.0,1.0,1.0,0.0,1.0,0.0,0.0,0.0,0.0,0.0,0.0,0.16766893602970667,16.719150696132907,21.02878978923894
8155,326.16,0.98,1,-0.022,0.308,0.055,-0.024,-0.022,0.31,0.17,0.0,0.06,0.47,2.36,0.05,1.24,1.79,1.35,0.49,0.95,0.0,0.15,0.07,0.0,0.81,0.0,0.0,0.0,0.0,1.0,1.0,0.0,0.0,1.0,1.0,0.0,1.0,0.0,0.0,0.0,0.0,0.0,0.0,0.18682030539793604,17.000294115102832,19.00657780874821
8156,326.2,0.98,1,-0.016,0.342,0.065,-0.03,-0.025,0.15,0.16,0.0,0.06,0.53,2.78,0.14,1.21,1.77,1.35,0.44,0.89,0.0,0.22,0.13,0.0,0.28,0.0,0.0,0.0,0.0,1.0,1.0,0.0,1.0,1.0,1.0,0.0,1.0,0.0,0.0,0.0,0.0,0.0,0.0,0.1741207202399031,16.500303027520435,17.218594600024527
8157,326.24,0.98,1,-0.018,0.3,0.062,-0.028,-0.026,0.04,0.15,0.0,0.13,0.5,3.0,0.21,1.22,1.79,1.4,0.3,0.8,0.0,0.24,0.15,0.0,0.1,0.0,0.0,0.0,0.0,1.0,1.0,0.0,1.0,1.0,1.0,0.0,1.0,0.0,0.0,0.0,0.0,0.0,0.0,0.17720479721678029,17.200290695217962,17.80252791038392
8158,326.28,0.98,1,-0.007,0.31,0.062,-0.026,-0.027,0.11,0.16,0.0,0.28,0.51,3.04,0.25,1.17,1.78,1.37,0.19,0.6,0.0,0.26,0.17,0.0,0.0,0.0,0.0,0.0,0.0,1.0,1.0,0.0,1.0,1.0,1.0,0.0,1.0,0.0,0.0,0.0,0.0,0.0,0.0,0.18898115642341756,19.009471323527123,18.601075237738183
8159,326.32,0.98,1,-0.01,0.313,0.058,-0.018,-0.028,0.12,0.09,0.0,0.28,0.56,2.97,0.21,1.2,1.77,1.46,0.14,0.56,0.0,0.29,0.21,0.0,0.0,0.0,0.0,0.0,0.0,1.0,1.0,0.0,1.0,1.0,1.0,0.0,1.0,0.0,0.0,0.0,0.0,0.0,0.0,0.18251238287000876,20.100248754679537,19.300000000000182
8160,326.36,0.98,1,0.002,0.295,0.054,-0.018,-0.029,0.12,0.07,0.0,0.17,0.59,2.92,0.18,1.22,1.75,1.49,0.07,0.57,0.0,0.32,0.26,0.0,0.0,0.0,0.0,0.0,0.0,1.0,1.0,0.0,1.0,1.0,1.0,0.0,1.0,0.0,0.0,0.0,0.0,0.0,0.0,0.19006829006478485,19.804039991880398,20.20024752323599
8161,326.4,0.98,1,-0.002,0.281,0.052,-0.018,-0.028,0.05,0.0,0.0,0.04,0.58,2.7,0.14,1.21,1.76,1.49,0.05,0.58,0.0,0.37,0.29,0.0,0.0,0.0,0.0,0.0,0.0,1.0,1.0,0.0,1.0,1.0,1.0,0.0,1.0,0.0,0.0,0.0,0.0,0.0,0.0,0.19896238338990285,20.112185361118673,20.90000000000009
8162,326.44,0.98,1,0.003,0.286,0.054,-0.016,-0.027,0.11,0.0,0.0,0.04,0.56,2.67,0.11,1.22,1.78,1.5,0.01,0.6,0.0,0.34,0.33,0.0,0.0,0.0,0.0,0.0,0.0,1.0,1.0,0.0,1.0,1.0,1.0,0.0,1.0,0.0,0.0,0.0,0.0,0.0,0.0,0.2050752348990551,20.319940944796027,20.700000000000045
8163,326.48,0.98,1,-0.001,0.287,0.062,-0.018,-0.029,0.18,0.0,0.0,0.1,0.58,2.74,0.08,1.18,1.81,1.6,0.01,0.62,0.0,0.27,0.33,0.0,0.0,0.0,0.0,0.0,0.0,1.0,1.0,0.0,1.0,1.0,1.0,0.0,1.0,0.0,0.0,0.0,0.0,0.0,0.0,0.20501693088699513,20.62425756239496,21.000238093888363
8164,326.52,0.98,1,-0.002,0.292,0.069,-0.014,-0.036,0.16,0.0,0.0,0.08,0.62,2.75,0.13,1.13,1.84,1.65,0.0,0.7,0.0,0.2,0.37,0.0,0.0,0.0,0.0,0.0,0.0,1.0,1.0,0.0,1.0,1.0,1.0,0.0,1.0,0.0,0.0,0.0,0.0,0.0,0.0,0.2005113390962097,20.312065379965627,21.299999999999955
8165,326.56,0.98,1,-0.005,0.297,0.062,-0.024,-0.031,0.07,0.0,0.0,0.09,0.56,2.61,0.17,1.12,1.86,1.65,0.07,0.71,0.0,0.17,0.33,0.0,0.0,0.0,0.0,0.0,0.0,1.0,1.0,0.0,1.0,1.0,1.0,0.0,1.0,0.0,0.0,0.0,0.0,0.0,0.0,0.19344216783237705,21.119185590358263,21.30093894644079
8166,326.6,0.98,1,-0.004,0.299,0.065,-0.016,-0.037,0.01,0.0,0.0,0.06,0.56,2.39,0.2,1.15,1.85,1.56,0.07,0.67,0.0,0.13,0.34,0.0,0.0,0.0,0.0,0.0,0.0,1.0,1.0,0.0,1.0,1.0,1.0,0.0,1.0,0.0,0.0,0.0,0.0,0.0,0.0,0.19053904801705535,21.21508896988161,21.80091741188884
8167,326.64,0.98,1,-0.003,0.302,0.07,-0.013,-0.04,0.01,0.0,0.0,0.06,0.58,2.59,0.19,1.17,1.88,1.59,0.07,0.66,0.0,0.06,0.22,0.0,0.0,0.0,0.0,0.0,0.0,1.0,1.0,0.0,1.0,1.0,1.0,0.0,1.0,0.0,0.0,0.0,0.0,0.0,0.0,0.1913108972690476,21.11918559035827,21.402102700435858
8168,326.68,0.98,1,-0.001,0.307,0.071,-0.02,-0.041,0.05,0.0,0.0,0.15,0.59,2.58,0.11,1.27,1.87,1.53,0.1,0.44,0.0,0.01,0.52,0.05,0.0,0.0,0.0,0.0,0.0,1.0,1.0,0.0,1.0,1.0,1.0,0.0,1.0,0.0,0.0,0.0,0.0,0.0,0.0,0.19712065754209354,21.228518554058176,21.7020736336416
8169,326.72,0.98,1,0.011,0.293,0.093,-0.034,-0.043,0.14,0.08,0.0,0.2,0.6,2.81,0.06,1.45,1.82,1.36,0.23,0.22,0.0,0.0,1.08,0.32,0.03,0.0,0.0,0.0,0.0,1.0,1.0,0.0,1.0,1.0,1.0,0.0,0.0,0.0,0.0,1.0,0.0,0.0,0.0,0.23249057560795955,21.45250568115538,20.902152999152847
8170,326.76,0.98,1,0.002,0.297,0.093,-0.035,-0.042,0.28,0.13,0.0,0.2,0.49,2.63,0.0,1.56,1.74,1.22,0.27,0.0,0.0,0.0,1.77,0.67,0.31,0.0,0.0,0.0,0.0,1.0,1.0,0.0,1.0,1.0,1.0,0.0,0.0,0.0,0.0,1.0,1.0,0.0,0.0,0.2039947851627729,21.153250341259525,21.50209292138791
8171,326.8,0.98,1,-0.013,0.33,0.098,-0.044,-0.045,0.52,0.17,0.0,0.1,0.41,2.32,0.0,1.65,1.74,1.23,0.27,0.0,0.0,0.0,2.21,0.97,1.09,0.0,0.0,0.0,0.0,1.0,1.0,0.0,1.0,1.0,1.0,0.0,0.0,0.0,0.0,1.0,1.0,0.0,0.0,0.21856946836712143,17.800280896659984,18.339302058693686
8172,326.84,0.98,1,0.008,0.455,0.113,-0.055,-0.045,0.68,0.14,0.0,0.0,0.32,1.95,0.0,1.66,1.82,1.41,0.25,0.0,0.0,0.0,2.33,1.01,1.87,0.0,0.0,0.0,0.0,1.0,1.0,0.0,1.0,1.0,1.0,0.0,0.0,0.0,0.0,1.0,1.0,0.0,1.0,0.16198597281154584,16.207714212682845,18.921416437465638
8173,326.88,0.98,1,-0.032,0.457,0.107,-0.039,-0.046,0.64,0.17,0.0,0.0,0.38,1.8,0.05,1.76,1.9,1.52,0.3,0.0,0.0,0.0,2.4,0.87,2.3,0.0,0.0,0.0,0.0,1.0,1.0,0.0,1.0,1.0,1.0,0.0,0.0,0.0,0.0,1.0,1.0,0.0,1.0,0.154476130918404,16.201234520862954,18.24636950190371
8174,326.92,0.98,1,-0.024,0.399,0.08,-0.026,-0.049,0.5,0.2,0.0,0.0,0.54,2.28,0.14,1.58,2.01,1.61,0.2,0.0,0.0,0.0,2.35,0.63,2.07,0.0,0.0,0.0,0.0,1.0,1.0,0.0,1.0,1.0,1.0,0.0,0.0,0.0,0.0,1.0,1.0,0.0,1.0,0.16509374169868196,20.503902067655318,20.255616505058587
8175,326.96,0.98,1,-0.041,0.382,0.099,-0.008,-0.05,0.22,0.16,0.0,0.0,0.81,2.71,0.27,1.41,2.09,1.59,0.09,0.0,0.0,0.0,2.36,0.38,1.6,0.0,0.0,0.0,0.0,1.0,1.0,0.0,1.0,1.0,1.0,0.0,0.0,0.0,0.0,1.0,1.0,0.0,1.0,0.17167058792474665,17.20726590716845,20.670026608594302
8176,327.0,0.98,1,-0.03,0.376,0.118,-0.011,-0.037,0.13,0.08,0.0,0.0,0.96,3.08,0.27,1.17,2.26,1.55,0.0,0.05,0.0,0.0,2.29,0.24,1.05,0.0,0.0,0.0,0.0,1.0,1.0,0.0,1.0,1.0,1.0,0.0,0.0,0.0,0.0,1.0,1.0,0.0,1.0,0.15733373556152142,16.829735589129097,17.057549648176316
8177,327.04,0.98,1,-0.023,0.333,0.12,-0.014,-0.027,0.03,0.01,0.0,0.0,1.15,3.1,0.24,1.27,2.38,1.46,0.0,0.05,0.0,0.0,2.33,0.33,0.7,0.0,0.0,0.0,0.0,1.0,1.0,0.0,1.0,1.0,1.0,0.0,0.0,0.0,0.0,1.0,1.0,0.0,0.0,0.16615379850287937,19.802272596851054,17.11870322191505
8178,327.08,0.98,1,-0.023,0.374,0.135,-0.007,-0.044,0.03,0.01,0.0,0.0,1.13,2.99,0.11,1.34,2.42,1.36,0.0,0.05,0.0,0.0,2.55,0.79,0.38,0.0,0.0,0.0,0.0,1.0,1.0,0.0,1.0,1.0,1.0,0.0,0.0,0.0,0.0,1.0,1.0,0.0,0.0,0.16072756592071546,17.256882684888193,17.318487231857134
8179,327.12,0.98,1,-0.018,0.353,0.14,-0.013,-0.022,0.03,0.01,0.0,0.06,1.16,3.04,0.05,1.46,2.38,1.39,0.0,0.0,0.12,0.0,2.82,1.32,0.22,0.0,0.0,0.0,0.0,1.0,1.0,0.0,1.0,1.0,1.0,0.0,0.0,0.0,0.0,1.0,1.0,0.0,0.0,0.1632644425975021,18.704277585622002,18.009997223764362
8180,327.16,0.98,1,-0.03,0.345,0.145,-0.018,-0.012,0.01,0.03,0.0,0.06,1.06,3.14,0.0,1.35,2.32,1.35,0.0,0.04,0.12,0.0,2.89,1.65,0.08,0.0,0.0,0.0,0.0,1.0,1.0,0.0,1.0,1.0,1.0,0.0,0.0,0.0,0.0,1.0,1.0,0.0,0.0,0.17281147908148753,19.202343606966355,18.100276240985846
8181,327.2,0.98,1,-0.036,0.336,0.116,-0.011,-0.009,0.01,0.02,0.0,0.06,0.95,3.06,0.0,1.25,2.31,1.39,0.0,0.07,0.12,0.0,2.79,1.62,0.29,0.0,0.0,0.0,0.0,1.0,1.0,0.0,1.0,1.0,1.0,0.0,0.0,0.0,0.0,1.0,1.0,0.0,0.0,0.1673742018832225,19.104188022525232,17.9011172835665
8182,327.24,0.98,1,-0.022,0.381,0.093,-0.014,-0.006,0.1,0.06,0.0,0.0,0.87,2.78,0.0,1.25,2.36,1.3,0.0,0.07,0.0,0.0,2.69,1.44,0.63,0.0,0.0,0.0,0.0,1.0,1.0,0.0,1.0,1.0,1.0,0.0,0.0,0.0,0.0,1.0,1.0,0.0,0.0,0.16514392065490738,18.513238506539047,17.82806775845342
8183,327.28,0.98,1,-0.023,0.389,0.086,-0.017,-0.001,0.26,0.04,0.0,0.0,0.86,2.57,0.04,1.35,2.35,1.4,0.0,0.03,0.03,0.0,2.7,1.36,1.02,0.0,0.0,0.0,0.0,1.0,1.0,0.0,1.0,1.0,1.0,0.0,0.0,0.0,0.0,1.0,1.0,0.0,1.0,0.15945597204769504,17.318487231857127,18.353473785635195
8184,327.32,0.98,1,-0.025,0.404,0.095,-0.01,-0.02,0.4,0.08,0.0,0.0,0.87,2.57,0.09,1.39,2.29,1.24,0.0,0.0,0.03,0.0,2.77,1.32,1.16,0.0,0.0,0.0,0.0,1.0,1.0,0.0,1.0,1.0,1.0,0.0,0.0,0.0,0.0,1.0,1.0,0.0,1.0,0.15598108517488035,17.90446871593802,18.638669480410794
8185,327.36,0.98,1,-0.022,0.389,0.101,-0.019,-0.002,0.5,0.05,0.0,0.0,0.76,2.53,0.1,1.19,1.95,1.16,0.01,0.0,0.09,0.0,2.44,1.49,1.09,0.0,0.0,0.0,0.0,1.0,1.0,0.0,1.0,1.0,1.0,0.0,0.0,0.0,0.0,1.0,1.0,0.0,1.0,0.16791045450734213,17.30260096054921,18.844893207445008
8186,327.4,0.98,1,-0.018,0.373,0.078,-0.032,-0.02,0.54,0.14,0.0,0.0,0.46,2.62,0.06,0.67,1.52,0.85,0.1,0.11,0.07,0.0,1.56,1.47,0.86,0.0,0.0,0.0,0.0,1.0,1.0,0.0,0.0,1.0,1.0,0.0,0.0,0.0,0.0,1.0,1.0,0.0,1.0,0.1678867676816324,17.000294115102832,18.745132701584208
8187,327.44,0.98,1,-0.004,0.363,0.081,-0.029,-0.03,0.56,0.1,0.0,0.0,0.19,2.56,0.01,0.28,1.12,0.8,0.17,0.24,0.15,0.06,0.6,1.32,0.74,0.0,0.0,0.0,0.0,1.0,1.0,0.0,0.0,1.0,1.0,0.0,0.0,0.0,0.0,1.0,1.0,0.0,1.0,0.17716364057679496,17.500285711953392,17.747675904185364
8188,327.48,0.98,1,-0.005,0.361,0.085,-0.028,-0.037,0.68,0.34,0.0,0.0,0.12,2.69,0.0,0.15,1.05,0.81,0.18,0.32,0.15,0.06,0.16,1.15,0.71,0.0,0.0,0.0,0.0,1.0,1.0,0.0,0.0,1.0,1.0,0.0,0.0,0.0,0.0,1.0,1.0,0.0,1.0,0.1863835675386854,17.80449381476481,18.2463695019037
8189,327.52,0.98,1,-0.006,0.401,0.102,-0.013,-0.033,0.63,0.34,0.0,0.04,0.24,2.49,0.0,0.33,1.16,0.93,0.09,0.22,0.21,0.06,0.66,1.33,0.93,0.0,0.0,0.0,0.0,0.0,1.0,0.0,0.0,1.0,1.0,0.0,0.0,0.0,0.0,1.0,1.0,0.0,1.0,0.17226227073188533,17.004705231199985,18.0897761180176
8190,327.56,0.98,1,-0.019,0.389,0.11,-0.012,-0.008,0.61,0.33,0.0,0.08,0.32,2.51,0.0,0.55,1.3,1.06,0.03,0.18,0.25,0.0,1.14,1.68,0.99,0.0,0.0,0.0,0.0,0.0,1.0,0.0,0.0,1.0,1.0,0.0,0.0,0.0,0.0,0.0,1.0,0.0,1.0,0.1649325073189265,17.501142819827507,19.366207682455496
8191,327.6,0.98,1,-0.017,0.392,0.114,-0.021,0.006,0.37,0.09,0.0,0.11,0.27,2.33,0.0,0.63,1.33,1.26,0.21,0.3,0.34,0.0,1.09,1.73,0.95,0.0,0.0,0.0,0.0,1.0,1.0,0.0,0.0,1.0,1.0,0.0,0.0,0.0,0.0,1.0,1.0,0.0,1.0,0.1720050181259945,17.101169550647608,18.96760396043747
8192,327.64,0.98,1,-0.023,0.387,0.102,-0.029,-0.021,0.32,0.11,0.0,0.07,0.24,2.44,0.0,0.55,1.29,1.4,0.24,0.42,0.42,0.0,0.64,1.43,0.86,0.0,0.0,0.0,0.0,1.0,1.0,0.0,0.0,1.0,1.0,0.0,0.0,0.0,0.0,1.0,1.0,0.0,1.0,0.18716992832644652,17.402586014727902,18.461040057374746
8193,327.68,0.98,1,-0.003,0.383,0.104,-0.024,-0.026,0.37,0.11,0.0,0.03,0.27,2.46,0.0,0.51,1.27,1.54,0.34,0.34,0.42,0.0,0.49,1.3,0.82,0.0,0.0,0.0,0.0,1.0,1.0,0.0,0.0,1.0,1.0,0.0,0.0,0.0,0.0,1.0,1.0,0.0,1.0,0.17919628422372824,17.10263137648698,18.732325002519083
8194,327.72,0.98,1,-0.015,0.385,0.099,-0.018,-0.028,0.53,0.24,0.0,0.0,0.35,2.46,0.0,0.53,1.26,1.4,0.14,0.14,0.41,0.0,1.06,1.43,0.92,0.0,0.0,0.0,0.0,1.0,1.0,0.0,0.0,1.0,1.0,0.0,0.0,0.0,0.0,1.0,1.0,0.0,1.0,0.18379623654545196,17.30115603073986,18.333030300525834
8195,327.76,0.98,1,-0.026,0.377,0.102,-0.017,-0.031,0.53,0.13,0.0,0.0,0.38,2.58,0.0,0.57,1.21,1.16,0.11,0.0,0.27,0.0,1.73,1.81,0.86,1.0,0.0,0.0,0.0,1.0,1.0,0.0,0.0,1.0,1.0,0.0,0.0,0.0,0.0,1.0,1.0,0.0,1.0,0.1894331272365245,17.5025712396779,18.317477992344
8196,327.8,0.98,1,0.001,0.377,0.12,-0.016,-0.005,0.59,0.13,0.0,0.09,0.36,2.7,0.0,0.65,1.06,0.88,0.01,0.0,0.14,0.0,2.14,2.04,0.65,1.0,0.0,0.0,0.0,1.0,1.0,0.0,0.0,1.0,1.0,0.0,0.0,0.0,0.0,1.0,1.0,0.0,1.0,0.17092322879165506,18.52187895436097,18.938056922503815
8197,327.84,0.98,1,-0.012,0.385,0.108,-0.029,-0.022,0.61,0.0,0.0,0.17,0.24,2.79,0.0,0.59,0.76,0.54,0.07,0.03,0.04,0.0,2.05,2.25,0.5,1.0,0.0,0.0,0.0,1.0,1.0,0.0,0.0,1.0,1.0,0.0,0.0,0.0,0.0,1.0,1.0,0.0,1.0,0.17706626842274348,17.30260096054921,18.931983519958887
8198,327.88,0.98,1,-0.018,0.396,0.104,-0.028,-0.029,0.82,0.02,0.0,0.22,0.1,2.67,0.0,0.57,0.42,0.37,0.2,0.12,0.19,0.0,1.62,2.16,0.41,1.0,0.0,0.0,0.0,0.0,1.0,0.0,0.0,0.0,1.0,0.0,0.0,0.0,0.0,1.0,1.0,0.0,1.0,0.17978299290880106,16.801190434013847,19.175505208468348
8199,327.92,0.98,1,-0.009,0.396,0.094,-0.024,-0.034,0.9,0.07,0.0,0.13,0.0,2.57,0.0,0.39,0.14,0.19,0.35,0.25,0.27,0.0,1.06,1.99,0.56,1.0,0.0,0.0,0.0,0.0,1.0,0.0,0.0,0.0,1.0,0.0,0.0,0.0,0.0,1.0,1.0,0.0,1.0,0.17949539561283406,17.102631376487206,19.19426997830333
8200,327.96,0.98,1,-0.001,0.395,0.092,-0.026,-0.034,0.96,0.14,0.0,0.1,0.0,2.41,0.0,0.32,0.08,0.14,0.46,0.43,0.23,0.0,0.58,1.61,0.61,1.0,0.0,0.0,0.0,0.0,1.0,0.0,0.0,0.0,1.0,0.0,0.0,0.0,0.0,1.0,1.0,0.0,1.0,0.179725671656973,17.404597093871356,18.817545004596155
8201,328.0,0.98,1,-0.015,0.41,0.11,-0.022,-0.037,0.95,0.25,0.0,0.09,0.0,2.38,0.0,0.4,0.08,0.16,0.38,0.39,0.08,0.0,0.38,1.54,0.59,1.0,0.0,0.0,0.0,0.0,1.0,0.0,0.0,0.0,1.0,0.0,0.0,0.0,0.0,1.0,1.0,0.0,1.0,0.1793033749009769,17.799999999999955,18.51728921845744
8202,328.04,0.98,1,-0.014,0.403,0.104,-0.018,-0.038,0.83,0.2,0.0,0.11,0.0,2.36,0.0,0.51,0.23,0.15,0.28,0.47,0.0,0.0,0.51,1.61,0.52,1.0,0.0,0.0,0.0,0.0,1.0,0.0,0.0,0.0,1.0,0.0,0.0,0.0,0.0,1.0,1.0,0.0,1.0,0.17653564472970457,18.000277775634462,19.031815467789713
8203,328.08,0.98,1,-0.008,0.382,0.117,-0.028,-0.007,0.59,0.13,0.0,0.19,0.03,2.49,0.0,0.76,0.43,0.3,0.19,0.26,0.0,0.0,0.79,1.78,0.59,0.0,0.0,0.0,0.0,0.0,1.0,0.0,0.0,0.0,1.0,0.0,0.0,0.0,0.0,1.0,1.0,0.0,1.0,0.1775658615796497,18.91692363995804,18.25376673456746
8204,328.12,0.98,1,-0.005,0.396,0.106,-0.031,-0.025,0.45,0.0,0.0,0.15,0.03,2.5,0.03,0.83,0.58,0.41,0.23,0.23,0.0,0.0,1.08,1.8,0.46,0.0,0.0,0.0,0.0,0.0,1.0,0.0,0.0,1.0,1.0,0.0,0.0,0.0,0.0,1.0,1.0,0.0,1.0,0.18203275061048363,18.00444389588304,18.327302038216054
8205,328.16,0.98,1,0.001,0.385,0.105,-0.031,-0.032,0.39,0.0,0.0,0.12,0.07,2.52,0.03,0.97,0.69,0.55,0.24,0.02,0.0,0.0,1.34,1.66,0.62,0.0,0.0,0.0,0.0,0.0,1.0,0.0,0.0,1.0,1.0,0.0,0.0,0.0,0.0,1.0,1.0,0.0,1.0,0.18223991191945138,17.204650534085303,18.632498490540797
8206,328.2,0.98,1,-0.006,0.375,0.091,-0.027,-0.031,0.51,0.06,0.0,0.0,0.11,2.63,0.03,0.92,0.72,0.48,0.17,0.02,0.0,0.0,1.55,1.54,0.63,0.0,0.0,0.0,0.0,0.0,1.0,0.0,0.0,1.0,1.0,0.0,0.0,0.0,0.0,1.0,1.0,0.0,1.0,0.19576928771500185,18.301092863542284,19.044421755464253
8207,328.24,0.98,1,-0.014,0.372,0.09,-0.029,-0.032,0.6,0.09,0.0,0.0,0.11,2.16,0.01,0.98,0.86,0.53,0.17,0.03,0.0,0.0,1.76,1.35,1.18,0.0,0.0,0.0,0.0,0.0,1.0,0.0,0.0,1.0,1.0,0.0,0.0,0.0,0.0,1.0,1.0,0.0,1.0,0.2016348458290514,19.00236827345476,19.144189719076554
8208,328.28,0.98,1,0.035,0.433,0.087,-0.049,-0.03,0.75,0.09,0.0,0.0,0.08,1.52,0.07,1.12,1.01,0.7,0.31,0.03,0.0,0.0,1.67,1.11,1.67,0.0,0.0,0.0,0.0,0.0,1.0,0.0,0.0,1.0,1.0,0.0,0.0,0.0,0.0,1.0,0.0,0.0,1.0,0.19451861783155128,18.006943105369107,21.552262062252307
8209,328.32,0.98,1,-0.01,0.485,0.095,-0.047,-0.035,0.84,0.21,0.0,0.0,0.0,1.0,0.14,1.26,1.18,0.93,0.39,0.04,0.0,0.0,1.43,0.8,2.11,0.0,0.0,0.0,0.0,0.0,1.0,0.0,0.0,1.0,1.0,0.0,0.0,0.0,0.0,1.0,0.0,0.0,1.0,0.16397141961653086,15.155856953666365,19.825236442473976
8210,328.36,0.98,1,0.022,0.464,0.082,-0.042,-0.033,0.62,0.17,0.0,0.0,0.0,1.09,0.25,1.18,1.29,1.1,0.3,0.02,0.0,0.0,0.98,0.42,2.07,0.0,0.0,0.0,0.0,0.0,1.0,0.0,0.0,1.0,1.0,0.0,0.0,0.0,0.0,0.0,0.0,0.0,1.0,0.16558909213214756,18.03357978882729,22.507776433934875
8211,328.4,0.98,1,-0.001,0.398,0.066,-0.034,-0.032,0.4,0.24,0.0,0.0,0.11,1.74,0.31,1.0,1.33,1.18,0.08,0.02,0.0,0.0,0.68,0.22,1.65,0.0,0.0,0.0,0.0,0.0,1.0,0.0,0.0,1.0,1.0,0.0,0.0,0.0,0.0,0.0,0.0,0.0,1.0,0.1792812059186733,18.21345656376081,22.14429949219451
8212,328.44,0.98,1,0.003,0.342,0.075,-0.028,-0.036,0.2,0.06,0.0,0.0,0.24,2.15,0.37,0.92,1.41,1.34,0.0,0.0,0.0,0.0,0.58,0.06,1.18,0.0,0.0,0.0,0.0,0.0,1.0,0.0,0.0,1.0,1.0,0.0,0.0,0.0,0.0,0.0,0.0,0.0,1.0,0.1914486669587684,18.7096231923575,18.25376673456746
8213,328.48,0.98,1,0.004,0.347,0.084,-0.025,-0.036,0.16,0.06,0.0,0.0,0.41,2.6,0.38,1.01,1.45,1.29,0.0,0.0,0.0,0.0,0.73,0.08,0.67,0.0,0.0,0.0,0.0,1.0,1.0,0.0,0.0,1.0,1.0,0.0,0.0,0.0,0.0,0.0,0.0,0.0,1.0,0.18157574670582294,18.20247235954505,17.72822608159095
8214,328.52,0.98,1,-0.01,0.319,0.075,-0.029,-0.032,0.09,0.03,0.0,0.0,0.47,2.58,0.33,0.99,1.49,1.27,0.0,0.0,0.0,0.0,0.88,0.13,0.31,0.0,0.0,0.0,0.0,1.0,1.0,0.0,0.0,1.0,1.0,0.0,0.0,0.0,0.0,1.0,0.0,0.0,1.0,0.18563809845698234,18.200274723201343,18.900264548413162
8215,328.56,0.98,1,0.005,0.294,0.068,-0.03,-0.032,0.01,0.05,0.0,0.0,0.49,2.73,0.25,0.9,1.5,1.2,0.0,0.0,0.0,0.0,1.02,0.33,0.13,0.0,0.0,0.0,0.0,1.0,1.0,0.0,0.0,1.0,1.0,0.0,0.0,0.0,0.0,1.0,0.0,0.0,0.0,0.18485439266642167,18.100276240986073,18.501081049495458
8216,328.6,0.98,1,0.008,0.301,0.066,-0.028,-0.03,0.02,0.05,0.0,0.0,0.5,2.69,0.22,0.76,1.54,1.25,0.0,0.0,0.0,0.0,1.13,0.48,0.08,0.0,0.0,0.0,0.0,1.0,1.0,0.0,0.0,1.0,1.0,0.0,0.0,0.0,0.0,1.0,0.0,0.0,0.0,0.17628212837473442,18.804254837669006,18.900264548412935
8217,328.64,0.98,1,0.019,0.303,0.074,-0.026,-0.032,0.06,0.02,0.0,0.0,0.5,2.8,0.23,0.77,1.55,1.26,0.0,0.0,0.0,0.0,1.22,0.46,0.06,0.0,0.0,0.0,0.0,1.0,1.0,0.0,1.0,1.0,1.0,0.0,0.0,0.0,0.0,1.0,0.0,0.0,0.0,0.18503780535705772,18.800265955565582,18.60026881526192
8218,328.68,0.98,1,0.013,0.294,0.075,-0.024,-0.032,0.08,0.0,0.0,0.0,0.49,2.82,0.29,0.75,1.55,1.18,0.0,0.0,0.0,0.0,1.24,0.41,0.0,0.0,0.0,0.0,0.0,1.0,1.0,0.0,1.0,1.0,1.0,0.0,0.0,0.0,0.0,1.0,0.0,0.0,0.0,0.19422110495177414,19.00026315607234,19.00026315607234
8219,328.72,0.98,1,0.011,0.294,0.071,-0.022,-0.031,0.1,0.0,0.0,0.0,0.46,2.9,0.25,0.82,1.57,1.05,0.0,0.0,0.0,0.0,1.18,0.35,0.0,0.0,0.0,0.0,0.0,1.0,1.0,0.0,1.0,1.0,1.0,0.0,0.0,0.0,0.0,1.0,0.0,0.0,0.0,0.19638094718927088,19.206509313251114,19.300259065618736
8220,328.76,0.98,1,0.011,0.301,0.076,-0.028,-0.031,0.09,0.0,0.0,0.0,0.41,2.74,0.21,0.85,1.61,0.94,0.0,0.0,0.0,0.0,1.1,0.37,0.0,0.0,0.0,0.0,0.0,1.0,1.0,0.0,1.0,1.0,1.0,0.0,0.0,0.0,0.0,1.0,0.0,0.0,0.0,0.19265172239458933,19.30414463269477,19.00026315607234
8221,328.8,0.98,1,0.009,0.298,0.075,-0.027,-0.03,0.08,0.0,0.0,0.0,0.41,2.6,0.12,0.97,1.62,0.95,0.0,0.0,0.0,0.0,1.08,0.27,0.0,0.0,0.0,0.0,0.0,1.0,1.0,0.0,1.0,1.0,1.0,0.0,0.0,0.0,0.0,1.0,0.0,0.0,0.0,0.19711562812121877,19.504102132628407,19.40000000000009
8222,328.84,0.98,1,0.0,0.302,0.079,-0.03,-0.032,0.16,0.02,0.0,0.0,0.41,2.56,0.07,1.04,1.61,1.02,0.0,0.0,0.0,0.0,1.06,0.23,0.0,0.0,0.0,0.0,0.0,1.0,1.0,0.0,1.0,1.0,1.0,0.0,0.0,0.0,0.0,1.0,0.0,0.0,0.0,0.191175084915284,20.015993605114883,19.90100499974822
8223,328.88,0.98,1,-0.003,0.297,0.077,-0.026,-0.032,0.18,0.02,0.0,0.0,0.41,2.72,0.07,1.05,1.59,1.07,0.0,0.0,0.0,0.0,1.08,0.21,0.01,0.0,0.0,0.0,0.0,1.0,1.0,0.0,1.0,1.0,1.0,0.0,0.0,0.0,0.0,1.0,0.0,0.0,0.0,0.19718940393098444,19.809088823062968,21.000238093888363
8224,328.92,0.98,1,0.002,0.299,0.079,-0.026,-0.034,0.23,0.02,0.0,0.0,0.45,2.81,0.1,0.99,1.61,1.02,0.0,0.0,0.0,0.0,1.12,0.16,0.04,0.0,0.0,0.0,0.0,1.0,1.0,0.0,1.0,1.0,1.0,0.0,0.0,0.0,0.0,1.0,0.0,0.0,0.0,0.1942449294286263,19.909043171383065,20.59999999999991
8225,328.96,0.98,1,0.003,0.294,0.074,-0.025,-0.032,0.2,0.09,0.0,0.0,0.47,2.66,0.16,1.0,1.67,0.93,0.0,0.0,0.0,0.0,1.23,0.12,0.04,0.0,0.0,0.0,0.0,1.0,1.0,0.0,1.0,1.0,1.0,0.0,0.0,0.0,0.0,1.0,0.0,0.0,0.0,0.19973261670049935,19.812369873389663,21.70092163941435
8226,329.0,0.98,1,-0.006,0.305,0.07,-0.029,-0.03,0.14,0.09,0.0,0.0,0.55,2.49,0.21,1.04,1.7,0.9,0.0,0.0,0.0,0.0,1.39,0.03,0.03,0.0,0.0,0.0,0.0,1.0,1.0,0.0,1.0,1.0,1.0,0.0,0.0,0.0,0.0,1.0,0.0,0.0,0.0,0.19688573475672,19.90401969452411,21.500232556881798
8227,329.04,0.98,1,-0.009,0.314,0.079,-0.029,-0.031,0.2,0.09,0.0,0.0,0.58,2.46,0.23,1.12,1.71,0.98,0.0,0.0,0.0,0.0,1.55,0.08,0.0,0.0,0.0,0.0,0.0,1.0,1.0,0.0,1.0,1.0,1.0,0.0,0.0,0.0,0.0,1.0,0.0,0.0,0.0,0.20924405371881744,20.300246303924446,20.40882162203403
8228,329.08,0.98,1,-0.045,0.325,0.074,-0.025,-0.028,0.19,0.0,0.0,0.0,0.58,2.62,0.21,1.13,1.7,1.07,0.0,0.0,0.0,0.0,1.61,0.13,0.05,0.0,0.0,0.0,0.0,1.0,1.0,0.0,1.0,1.0,1.0,0.0,0.0,0.0,0.0,1.0,0.0,0.0,0.0,0.19545851989523322,21.1059233391957,19.601020381602723
8229,329.12,0.98,1,-0.051,0.345,0.08,-0.022,-0.03,0.23,0.0,0.0,0.0,0.56,2.58,0.11,1.15,1.73,1.12,0.0,0.0,0.0,0.0,1.59,0.14,0.17,0.0,0.0,0.0,0.0,1.0,1.0,0.0,1.0,1.0,1.0,0.0,0.0,0.0,0.0,1.0,0.0,0.0,0.0,0.16831096334705287,20.800240383226527,19.30233146539553
8230,329.16,0.98,1,-0.044,0.332,0.081,-0.029,-0.03,0.16,0.0,0.0,0.0,0.5,2.67,0.07,1.18,1.74,1.18,0.0,0.0,0.0,0.0,1.6,0.17,0.22,0.0,0.0,0.0,0.0,1.0,1.0,0.0,1.0,1.0,1.0,0.0,0.0,0.0,0.0,1.0,0.0,0.0,0.0,0.2095777043587727,19.59999999999991,19.500256408570632
8231,329.2,0.98,1,-0.05,0.349,0.082,-0.024,-0.03,0.19,0.0,0.0,0.13,0.48,2.6,0.01,1.15,1.74,1.18,0.01,0.0,0.0,0.0,1.65,0.16,0.23,0.0,0.0,0.0,0.0,1.0,1.0,0.0,1.0,1.0,1.0,0.0,0.0,0.0,0.0,1.0,0.0,0.0,0.0,0.17172046352400122,20.302216627748,19.401030900444304
8232,329.24,0.98,1,-0.04,0.325,0.088,-0.021,-0.03,0.15,0.0,0.0,0.13,0.46,2.67,0.04,1.12,1.76,1.2,0.03,0.0,0.0,0.0,1.63,0.27,0.21,0.0,0.0,0.0,0.0,1.0,1.0,0.0,1.0,1.0,1.0,0.0,0.0,0.0,0.0,1.0,0.0,0.0,0.0,0.20805445379733445,20.103979705521134,19.901004999747993
8233,329.28,0.98,1,-0.077,0.357,0.082,-0.021,-0.028,0.14,0.0,0.0,0.13,0.46,2.51,0.03,1.02,1.82,1.14,0.03,0.0,0.0,0.0,1.58,0.26,0.38,0.0,0.0,0.0,0.0,1.0,1.0,0.0,1.0,1.0,1.0,0.0,0.0,0.0,0.0,1.0,0.0,0.0,0.0,0.1781573113279724,19.200260414900672,17.902513789968246
8234,329.32,0.98,1,-0.079,0.338,0.079,-0.015,-0.03,0.06,0.0,0.0,0.05,0.5,2.45,0.03,1.01,1.86,1.1,0.03,0.0,0.0,0.0,1.5,0.28,0.58,0.0,0.0,0.0,0.0,1.0,1.0,0.0,1.0,1.0,1.0,0.0,0.0,0.0,0.0,1.0,0.0,0.0,1.0,0.1927325108000942,19.50230755577401,18.90952141118317
8235,329.36,0.98,1,-0.089,0.341,0.082,-0.014,-0.029,0.16,0.02,0.0,0.05,0.46,2.33,0.0,1.04,1.89,1.18,0.0,0.0,0.0,0.0,1.51,0.27,0.86,0.0,0.0,0.0,0.0,1.0,1.0,0.0,1.0,1.0,1.0,0.0,0.0,0.0,0.0,1.0,0.0,0.0,1.0,0.18776870389837155,19.60408120774846,18.30682932678399
8236,329.4,0.98,1,-0.088,0.345,0.085,-0.009,-0.033,0.12,0.02,0.0,0.05,0.43,2.3,0.05,0.96,1.87,1.16,0.0,0.01,0.0,0.0,1.56,0.43,0.91,0.0,0.0,0.0,0.0,1.0,1.0,0.0,1.0,1.0,1.0,0.0,0.0,0.0,0.0,1.0,0.0,0.0,1.0,0.18806614955486345,19.50640920313116,18.906612599828527
8237,329.44,0.98,1,-0.074,0.367,0.101,-0.016,-0.003,0.09,0.02,0.0,0.0,0.36,2.12,0.05,0.99,1.84,1.23,0.0,0.01,0.0,0.0,1.58,0.37,0.94,0.0,0.0,0.0,0.0,1.0,1.0,0.0,1.0,1.0,1.0,0.0,0.0,0.0,0.0,1.0,0.0,0.0,1.0,0.20166474206288987,18.302458851203525,18.106904760339265
8238,329.48,0.98,1,-0.087,0.343,0.076,-0.014,-0.02,0.16,0.08,0.0,0.06,0.37,2.17,0.08,0.9,1.85,1.15,0.0,0.01,0.0,0.0,1.57,0.28,0.96,0.0,0.0,0.0,0.0,1.0,1.0,0.0,0.0,1.0,1.0,0.0,0.0,0.0,0.0,1.0,0.0,0.0,1.0,0.19145048806858123,18.90105817143589,18.106904760339265
8239,329.52,0.98,1,-0.089,0.398,0.107,-0.011,-0.018,0.21,0.08,0.0,0.06,0.33,2.14,0.11,0.96,1.84,1.17,0.0,0.03,0.0,0.0,1.66,0.21,1.01,0.0,0.0,0.0,0.0,1.0,1.0,0.0,0.0,1.0,1.0,0.0,0.0,0.0,0.0,1.0,0.0,0.0,1.0,0.1921261712643857,18.10994202088998,18.800265955565582
8240,329.56,0.98,1,-0.076,0.402,0.105,-0.015,-0.002,0.34,0.22,0.0,0.06,0.33,2.22,0.16,0.91,1.89,1.22,0.0,0.04,0.0,0.0,1.77,0.3,1.06,0.0,0.0,0.0,0.0,1.0,1.0,0.0,0.0,1.0,1.0,0.0,0.0,0.0,0.0,1.0,0.0,0.0,1.0,0.17929053662839128,18.406792224610864,18.00444389588304
8241,329.6,0.98,1,-0.08,0.377,0.096,-0.015,-0.012,0.32,0.37,0.0,0.09,0.33,2.19,0.26,0.89,1.89,1.31,0.0,0.04,0.0,0.0,1.87,0.35,1.15,0.0,0.0,0.0,0.0,1.0,1.0,0.0,0.0,1.0,1.0,0.0,0.0,0.0,0.0,1.0,0.0,0.0,1.0,0.1954870110675746,18.00999722376436,18.400271737123976
8242,329.64,0.98,1,-0.089,0.396,0.099,-0.009,-0.018,0.28,0.36,0.0,0.09,0.33,2.2,0.21,0.84,1.89,1.34,0.0,0.02,0.0,0.0,1.81,0.4,1.36,0.0,0.0,0.0,0.0,0.0,1.0,0.0,0.0,1.0,1.0,0.0,0.0,0.0,0.0,1.0,0.0,0.0,1.0,0.1858988021797483,17.700282483621372,18.404347312523836
8243,329.68,0.98,1,-0.069,0.401,0.101,-0.018,-0.0,0.15,0.22,0.0,0.2,0.35,2.29,0.18,0.98,1.84,1.31,0.05,0.02,0.04,0.0,1.68,0.29,1.43,0.0,0.0,0.0,0.0,0.0,1.0,0.0,0.0,1.0,1.0,0.0,0.0,0.0,0.0,1.0,0.0,0.0,1.0,0.17850046286074744,17.904468715937796,17.81375872745554
8244,329.72,0.98,1,-0.094,0.35,0.065,-0.015,-0.02,0.09,0.0,0.0,0.1,0.25,2.04,0.06,1.07,1.82,1.28,0.14,0.02,0.04,0.0,1.63,0.26,1.6,0.0,0.0,0.0,0.0,0.0,1.0,0.0,0.0,1.0,1.0,0.0,0.0,0.0,0.0,1.0,0.0,0.0,1.0,0.18083881462955026,18.801063799689587,19.20234360696613
8245,329.76,0.98,1,-0.017,0.401,0.08,-0.025,-0.031,0.36,0.0,0.0,0.1,0.21,1.44,0.04,1.26,1.91,1.48,0.24,0.0,0.04,0.0,1.65,0.06,2.08,0.0,0.0,0.0,0.0,0.0,1.0,0.0,0.0,1.0,1.0,0.0,0.0,0.0,0.0,1.0,0.0,0.0,1.0,0.2045977324502885,18.7096231923575,23.100865784641194
8246,329.8,0.98,1,-0.008,0.447,0.079,-0.031,-0.032,0.62,0.12,0.0,0.0,0.11,1.1,0.05,1.12,2.06,1.55,0.19,0.0,0.0,0.0,1.81,0.06,2.59,0.0,0.0,0.0,0.0,0.0,1.0,0.0,1.0,1.0,1.0,0.0,0.0,0.0,0.0,1.0,0.0,0.0,1.0,0.16175734382636534,16.708381130438834,20.529490982486628
8247,329.84,0.98,1,-0.029,0.447,0.078,-0.018,-0.027,0.72,0.2,0.0,0.0,0.15,1.13,0.03,1.06,2.09,1.63,0.1,0.0,0.0,0.0,1.74,0.01,2.5,0.0,0.0,0.0,0.0,0.0,1.0,0.0,1.0,1.0,1.0,0.0,0.0,0.0,0.0,1.0,0.0,0.0,1.0,0.16001137455364348,16.64331697709337,19.550191814915777
8248,329.88,0.98,1,-0.002,0.409,0.069,-0.024,-0.029,0.53,0.25,0.0,0.0,0.25,1.66,0.07,0.91,2.02,1.44,0.0,0.0,0.0,0.0,1.57,0.0,1.83,0.0,0.0,0.0,0.0,0.0,1.0,0.0,1.0,1.0,1.0,0.0,0.0,0.0,0.0,1.0,0.0,0.0,1.0,0.17410104969747864,17.528548142958105,21.927608168699205
8249,329.92,0.98,1,-0.015,0.32,0.067,-0.018,-0.035,0.26,0.13,0.0,0.0,0.36,2.03,0.05,0.9,1.95,1.35,0.0,0.0,0.0,0.0,1.4,0.0,1.09,0.0,0.0,0.0,0.0,1.0,1.0,0.0,1.0,1.0,1.0,0.0,0.0,0.0,0.0,1.0,0.0,0.0,0.0,0.19156371291284865,17.400287353948936,19.331321734428773
8250,329.96,0.98,1,0.008,0.333,0.076,-0.024,-0.035,0.08,0.05,0.0,0.06,0.44,2.33,0.09,0.82,1.88,1.05,0.0,0.0,0.0,0.0,1.43,0.04,0.59,0.0,0.0,0.0,0.0,1.0,1.0,0.0,1.0,1.0,1.0,0.0,0.0,0.0,0.0,1.0,0.0,0.0,0.0,0.18159175323237697,18.200000000000045,18.127603261325117
8251,330.0,0.98,1,0.006,0.311,0.079,-0.02,-0.035,0.08,0.12,0.0,0.11,0.49,2.55,0.16,0.78,1.87,0.91,0.0,0.0,0.0,0.0,1.54,0.23,0.35,0.0,0.0,0.0,0.0,1.0,1.0,0.0,1.0,1.0,1.0,0.0,0.0,0.0,0.0,1.0,0.0,0.0,0.0,0.17545383981858176,19.399999999999864,18.50108104949546
8252,330.04,0.98,1,0.011,0.318,0.083,-0.007,-0.028,0.08,0.12,0.0,0.14,0.53,2.71,0.2,0.74,1.78,0.7,0.0,0.0,0.0,0.0,1.61,0.48,0.17,0.0,0.0,0.0,0.0,1.0,1.0,0.0,1.0,1.0,1.0,0.0,0.0,0.0,0.0,1.0,0.0,0.0,0.0,0.18095995859418784,20.000249998437518,19.101047091717387
8253,330.08,0.98,1,-0.003,0.308,0.077,-0.016,-0.004,0.14,0.12,0.0,0.09,0.56,2.84,0.26,0.81,1.77,0.73,0.0,0.0,0.0,0.0,1.44,0.58,0.1,0.0,0.0,0.0,0.0,1.0,1.0,0.0,1.0,1.0,1.0,0.0,0.0,0.0,0.0,1.0,0.0,0.0,0.0,0.20087609979794485,19.600255100380846,20.0
8254,330.12,0.98,1,0.002,0.318,0.077,-0.021,-0.026,0.13,0.03,0.0,0.06,0.55,2.88,0.2,0.86,1.75,0.84,0.01,0.02,0.0,0.0,1.29,0.48,0.0,0.0,0.0,0.0,0.0,1.0,1.0,0.0,1.0,1.0,1.0,0.0,0.0,0.0,0.0,1.0,0.0,0.0,0.0,0.20228672552667787,19.399999999999864,20.4009803685998
8255,330.16,0.98,1,0.006,0.303,0.077,-0.013,-0.034,0.13,0.03,0.0,0.03,0.52,2.96,0.22,0.78,1.73,0.83,0.06,0.07,0.0,0.0,1.33,0.43,0.0,0.0,0.0,0.0,0.0,1.0,1.0,0.0,1.0,1.0,1.0,0.0,0.0,0.0,0.0,1.0,0.0,0.0,0.0,0.2060041610488773,19.904019694523882,21.800229356591597
8256,330.2,0.98,1,-0.002,0.317,0.082,-0.021,-0.003,0.18,0.03,0.0,0.03,0.41,2.8,0.19,0.77,1.73,0.9,0.06,0.1,0.0,0.0,1.39,0.46,0.0,0.0,0.0,0.0,0.0,1.0,1.0,0.0,1.0,1.0,1.0,0.0,0.0,0.0,0.0,1.0,0.0,0.0,0.0,0.20603944194391174,20.020239758804088,22.50799857828323
8257,330.24,0.98,1,0.002,0.296,0.074,-0.019,-0.027,0.16,0.0,0.0,0.0,0.37,2.63,0.23,0.77,1.73,0.86,0.08,0.12,0.0,0.0,1.36,0.41,0.0,0.0,0.0,0.0,0.0,1.0,1.0,0.0,1.0,1.0,1.0,0.0,0.0,0.0,0.0,1.0,0.0,0.0,0.0,0.21318406826615716,20.608736011701353,22.600884938426546
8258,330.28,0.98,1,0.005,0.317,0.082,-0.017,-0.033,0.23,0.0,0.0,0.0,0.34,2.49,0.21,0.88,1.76,1.0,0.03,0.12,0.0,0.0,1.17,0.24,0.0,0.0,0.0,0.0,0.0,1.0,1.0,0.0,1.0,1.0,1.0,0.0,0.0,0.0,0.0,1.0,0.0,0.0,0.0,0.21890158585410252,19.616319736382906,22.50199991111901
8259,330.32,0.98,1,0.011,0.311,0.081,-0.019,-0.034,0.16,0.0,0.0,0.0,0.38,2.66,0.17,0.87,1.78,0.99,0.13,0.12,0.0,0.0,1.16,0.14,0.0,0.0,0.0,0.0,0.0,1.0,1.0,0.0,1.0,1.0,1.0,0.0,0.0,0.0,0.0,1.0,0.0,0.0,0.0,0.2190066184197336,20.406126531019904,22.40200883849491
8260,330.36,0.98,1,-0.002,0.304,0.079,-0.016,-0.035,0.14,0.0,0.0,0.0,0.37,2.81,0.13,0.87,1.76,0.94,0.18,0.1,0.0,0.0,1.16,0.11,0.0,0.0,0.0,0.0,0.0,1.0,1.0,0.0,1.0,1.0,1.0,0.0,0.0,0.0,0.0,1.0,0.0,0.0,0.0,0.21778144867386923,20.724140512938092,22.90087334579172
8261,330.4,0.98,1,-0.004,0.31,0.079,-0.017,-0.034,0.07,0.0,0.0,0.0,0.35,2.75,0.18,0.86,1.71,0.95,0.2,0.05,0.0,0.0,1.18,0.13,0.0,0.0,0.0,0.0,0.0,1.0,1.0,0.0,1.0,1.0,1.0,0.0,0.0,0.0,0.0,1.0,0.0,0.0,0.0,0.2166580231866712,20.91530540059108,22.799999999999955
8262,330.44,0.98,1,-0.005,0.309,0.082,-0.017,-0.036,0.04,0.0,0.0,0.0,0.37,2.76,0.24,0.88,1.67,0.93,0.14,0.03,0.0,0.0,1.2,0.09,0.0,0.0,0.0,0.0,0.0,1.0,1.0,0.0,1.0,1.0,1.0,0.0,0.0,0.0,0.0,1.0,0.0,0.0,0.0,0.21627560898362547,20.811775512915943,23.200215516240405
8263,330.48,0.98,1,-0.005,0.309,0.077,-0.016,-0.036,0.0,0.0,0.0,0.0,0.4,2.85,0.28,0.89,1.68,0.92,0.18,0.03,0.0,0.0,1.25,0.11,0.0,0.0,0.0,0.0,0.0,1.0,1.0,0.0,1.0,1.0,1.0,0.0,0.0,0.0,0.0,1.0,0.0,0.0,0.0,0.21738644012271616,20.915305400591304,23.200862052949713
8264,330.52,0.98,1,-0.006,0.309,0.079,-0.016,-0.037,0.0,0.0,0.0,0.0,0.45,2.9,0.25,0.91,1.71,0.86,0.19,0.03,0.0,0.0,1.27,0.15,0.0,0.0,0.0,0.0,0.0,1.0,1.0,0.0,1.0,1.0,1.0,0.0,0.0,0.0,0.0,1.0,0.0,0.0,0.0,0.2177445376073333,21.11516043036368,23.10021644920251
8265,330.56,0.98,1,-0.006,0.303,0.08,-0.016,-0.038,0.0,0.0,0.0,0.0,0.42,2.76,0.18,0.96,1.72,0.83,0.24,0.01,0.0,0.0,1.26,0.21,0.0,0.0,0.0,0.0,0.0,1.0,1.0,0.0,1.0,1.0,1.0,0.0,0.0,0.0,0.0,1.0,0.0,0.0,0.0,0.21879650587261024,21.428252378577305,22.899999999999864
8266,330.6,0.98,1,-0.006,0.303,0.077,-0.014,-0.038,0.03,0.0,0.0,0.0,0.42,2.67,0.19,0.92,1.72,0.95,0.13,0.0,0.0,0.0,1.39,0.29,0.0,0.0,0.0,0.0,0.0,1.0,1.0,0.0,1.0,1.0,1.0,0.0,0.0,0.0,0.0,1.0,0.0,0.0,0.0,0.2174671813626394,21.115160430363684,22.800219297190935
8267,330.64,0.98,1,0.005,0.299,0.084,-0.008,-0.029,0.03,0.0,0.0,0.0,0.37,2.48,0.21,0.86,1.7,1.02,0.09,0.16,0.0,0.0,1.41,0.4,0.0,0.0,0.0,0.0,0.0,1.0,1.0,0.0,0.0,1.0,1.0,0.0,0.0,0.0,0.0,1.0,0.0,0.0,0.0,0.21774276514664537,21.874185699129416,23.30193125043497
8268,330.68,0.98,1,-0.005,0.302,0.09,-0.019,-0.005,0.03,0.0,0.0,0.0,0.36,2.37,0.18,0.8,1.69,1.08,0.07,0.22,0.0,0.0,1.42,0.43,0.0,0.0,0.0,0.0,0.0,1.0,1.0,0.0,0.0,1.0,1.0,0.0,0.0,0.0,0.0,1.0,0.0,0.0,0.0,0.2163690295988086,21.328384842739453,23.200000000000045
8269,330.72,0.98,1,-0.011,0.295,0.077,-0.025,-0.021,0.0,0.0,0.0,0.0,0.28,2.06,0.09,0.8,1.67,1.11,0.14,0.29,0.0,0.0,1.29,0.37,0.0,0.0,0.0,0.0,0.0,1.0,1.0,0.0,0.0,1.0,1.0,0.0,0.0,0.0,0.0,1.0,0.0,0.0,0.0,0.22148748278047625,21.528121144215067,22.803508501982712
8270,330.76,0.98,1,-0.017,0.305,0.082,-0.019,-0.029,0.01,0.0,0.0,0.0,0.31,2.06,0.02,0.84,1.69,1.11,0.21,0.14,0.0,0.0,1.28,0.31,0.0,0.0,0.0,0.0,0.0,1.0,1.0,0.0,0.0,1.0,1.0,0.0,0.0,0.0,0.0,1.0,0.0,0.0,0.0,0.2175608497807695,21.3114992433662,22.70792813094145
8271,330.8,0.98,1,-0.018,0.304,0.082,-0.018,-0.031,0.01,0.0,0.0,0.08,0.36,2.17,0.03,0.89,1.7,1.11,0.24,0.09,0.0,0.0,1.31,0.27,0.0,0.0,0.0,0.0,0.0,1.0,1.0,0.0,0.0,1.0,1.0,0.0,0.0,0.0,0.0,1.0,0.0,0.0,0.0,0.21889185887633617,21.718655575334125,22.710790386950475
8272,330.84,0.98,1,-0.019,0.303,0.09,-0.02,-0.035,0.01,0.0,0.0,0.08,0.39,2.46,0.04,1.0,1.7,1.02,0.21,0.01,0.0,0.0,1.28,0.29,0.0,0.0,0.0,0.0,0.0,1.0,1.0,0.0,0.0,1.0,1.0,0.0,0.0,0.0,0.0,1.0,0.0,0.0,0.0,0.22344581277283068,22.232408776378733,23.007824755939012
8273,330.88,0.98,1,-0.025,0.305,0.086,-0.017,-0.035,0.0,0.0,0.0,0.08,0.35,2.59,0.02,0.97,1.69,1.01,0.2,0.01,0.0,0.0,1.24,0.32,0.0,0.0,0.0,0.0,0.0,1.0,1.0,0.0,0.0,1.0,1.0,0.0,0.0,0.0,0.0,1.0,0.0,0.0,0.0,0.21992571801865007,21.614809737769985,23.007824755939012
8274,330.92,0.98,1,-0.022,0.287,0.089,-0.018,-0.037,0.0,0.0,0.0,0.0,0.3,2.52,0.04,0.93,1.66,0.96,0.15,0.03,0.0,0.0,1.22,0.41,0.0,0.0,0.0,0.0,0.0,1.0,1.0,0.0,0.0,1.0,1.0,0.0,0.0,0.0,0.0,1.0,0.0,0.0,0.0,0.23487656833666753,21.618741869035674,23.013908837918
8275,330.96,0.98,1,-0.014,0.309,0.09,-0.017,-0.038,0.2,0.19,0.0,0.0,0.23,2.14,0.02,0.85,1.69,0.97,0.24,0.03,0.0,0.0,1.2,0.47,0.55,0.0,0.0,0.0,0.0,1.0,1.0,0.0,0.0,1.0,1.0,0.0,0.0,0.0,0.0,1.0,0.0,0.0,0.0,0.2143746363013198,20.634921855921725,22.40089283934915
8276,331.0,0.98,1,0.018,0.429,0.077,-0.02,-0.036,0.49,0.23,0.0,0.0,0.14,1.59,0.02,0.97,1.79,1.32,0.23,0.04,0.0,0.0,1.22,0.47,1.39,0.0,0.0,0.0,0.0,1.0,1.0,0.0,0.0,1.0,1.0,0.0,0.0,0.0,0.0,1.0,0.0,0.0,1.0,0.1833831573523107,17.70254219031836,20.535091916034858
8277,331.04,0.98,1,-0.069,0.477,0.088,-0.039,-0.033,0.69,0.32,0.0,0.0,0.07,1.24,0.03,1.1,1.88,1.62,0.24,0.01,0.0,0.0,1.26,0.3,2.22,0.0,0.0,0.0,0.0,1.0,1.0,0.0,0.0,1.0,1.0,0.0,0.0,0.0,0.0,1.0,0.0,0.0,1.0,0.16273700358073911,16.633099530754937,18.621761463406102
8278,331.08,0.98,1,-0.034,0.439,0.079,-0.034,-0.032,0.56,0.13,0.0,0.0,0.09,1.2,0.04,1.15,1.83,1.88,0.11,0.07,0.0,0.0,1.33,0.3,2.21,0.0,0.0,0.0,0.0,1.0,1.0,0.0,0.0,1.0,1.0,0.0,0.0,0.0,0.0,1.0,0.0,0.0,1.0,0.16700344258931527,19.11570035337445,19.121192431435773
8279,331.12,0.98,1,-0.011,0.397,0.069,-0.028,-0.026,0.3,0.09,0.0,0.0,0.2,1.72,0.04,1.02,1.74,1.73,0.05,0.14,0.0,0.0,1.25,0.32,1.68,0.0,0.0,0.0,0.0,1.0,1.0,0.0,0.0,1.0,1.0,0.0,0.0,0.0,0.0,1.0,0.0,0.0,1.0,0.17821474407117,18.62176146340633,21.54553317975677
8280,331.16,0.98,1,-0.006,0.32,0.071,-0.02,-0.031,0.1,0.0,0.0,0.0,0.32,2.14,0.01,0.96,1.66,1.66,0.08,0.24,0.0,0.0,1.24,0.43,0.94,0.0,0.0,0.0,0.0,1.0,1.0,0.0,0.0,1.0,1.0,0.0,0.0,0.0,0.0,1.0,0.0,0.0,1.0,0.18851025170609048,15.90125781188403,19.84943324127916
8281,331.2,0.98,1,0.003,0.347,0.085,-0.029,-0.03,0.03,0.0,0.0,0.0,0.39,2.56,0.0,0.98,1.68,1.52,0.1,0.33,0.0,0.0,1.18,0.49,0.4,0.0,0.0,0.0,0.0,1.0,1.0,0.0,0.0,1.0,1.0,0.0,0.0,0.0,0.0,1.0,0.0,0.0,0.0,0.1881171824243627,16.80743882928028,18.333030300525827
8282,331.24,0.98,1,0.003,0.332,0.092,-0.024,-0.034,0.0,0.0,0.0,0.0,0.42,2.58,0.0,1.05,1.67,1.42,0.11,0.35,0.0,0.0,1.25,0.51,0.09,0.0,0.0,0.0,0.0,1.0,1.0,0.0,0.0,1.0,1.0,0.0,0.0,0.0,0.0,1.0,0.0,0.0,0.0,0.1979313510583499,17.904468715938023,18.912958520548678
8283,331.28,0.98,1,0.01,0.33,0.086,-0.023,-0.032,0.0,0.0,0.0,0.0,0.42,2.61,0.0,1.08,1.62,1.32,0.05,0.28,0.0,0.0,1.28,0.58,0.0,0.0,0.0,0.0,0.0,1.0,1.0,0.0,0.0,1.0,1.0,0.0,0.0,0.0,0.0,1.0,0.0,0.0,0.0,0.1895691541982043,18.800265955565582,19.116746585127828
8284,331.32,0.98,1,0.009,0.31,0.084,-0.018,-0.036,0.03,0.01,0.0,0.0,0.39,2.49,0.01,1.03,1.57,1.33,0.01,0.17,0.0,0.0,1.24,0.57,0.0,0.0,0.0,0.0,0.0,1.0,1.0,0.0,0.0,1.0,1.0,0.0,0.0,0.0,0.0,1.0,0.0,0.0,0.0,0.20750065246219945,18.701069488133605,19.709134937891154
8285,331.36,0.98,1,0.008,0.323,0.083,-0.025,-0.033,0.03,0.01,0.0,0.0,0.33,2.28,0.01,1.01,1.55,1.3,0.01,0.07,0.0,0.0,1.22,0.5,0.0,0.0,0.0,0.0,0.0,1.0,1.0,0.0,0.0,1.0,1.0,0.0,0.0,0.0,0.0,1.0,0.0,0.0,0.0,0.2060459151534067,19.00947132352712,19.804039991880398
8286,331.4,0.98,1,0.015,0.302,0.074,-0.017,-0.035,0.1,0.01,0.0,0.0,0.3,2.12,0.02,0.95,1.56,1.24,0.01,0.07,0.0,0.0,1.11,0.5,0.0,0.0,0.0,0.0,0.0,1.0,1.0,0.0,0.0,1.0,1.0,0.0,0.0,0.0,0.0,1.0,0.0,0.0,0.0,0.2125218137472064,19.209372712298364,20.603883129157868
8287,331.44,0.98,1,0.009,0.316,0.084,-0.022,-0.036,0.07,0.0,0.0,0.0,0.23,2.02,0.02,0.9,1.56,1.15,0.01,0.04,0.0,0.0,1.15,0.5,0.0,0.0,0.0,0.0,0.0,1.0,1.0,0.0,0.0,1.0,1.0,0.0,0.0,0.0,0.0,1.0,0.0,0.0,0.0,0.20881908297972762,19.512560057562922,21.2058954067024
8288,331.48,0.98,1,0.014,0.299,0.075,-0.021,-0.033,0.14,0.0,0.0,0.0,0.25,2.28,0.02,0.9,1.55,1.12,0.07,0.03,0.0,0.0,1.16,0.5,0.0,0.0,0.0,0.0,0.0,1.0,1.0,0.0,0.0,1.0,1.0,0.0,0.0,0.0,0.0,1.0,0.0,0.0,0.0,0.21640892955701063,19.90226117806727,21.708293346092457
8289,331.52,0.98,1,0.021,0.315,0.08,-0.016,-0.036,0.1,0.0,0.0,0.0,0.22,2.31,0.01,0.87,1.56,1.2,0.08,0.06,0.0,0.0,1.16,0.55,0.0,0.0,0.0,0.0,0.0,1.0,1.0,0.0,0.0,1.0,1.0,0.0,0.0,0.0,0.0,1.0,0.0,0.0,0.0,0.21088232374060184,19.525624189766635,21.50581316760657
8290,331.56,0.98,1,0.032,0.305,0.076,-0.019,-0.033,0.11,0.0,0.0,0.0,0.23,2.34,0.02,0.89,1.58,1.26,0.08,0.06,0.0,0.0,1.11,0.56,0.0,0.0,0.0,0.0,0.0,1.0,1.0,0.0,0.0,1.0,1.0,0.0,0.0,0.0,0.0,1.0,0.0,0.0,0.0,0.21755960638835914,19.51640335717624,22.005681084665387
8291,331.6,0.98,1,0.028,0.314,0.08,-0.024,-0.028,0.06,0.0,0.0,0.0,0.18,2.39,0.02,0.89,1.58,1.31,0.02,0.06,0.0,0.0,1.15,0.65,0.0,0.0,0.0,0.0,0.0,1.0,1.0,0.0,0.0,1.0,1.0,0.0,0.0,0.0,0.0,1.0,0.0,0.0,0.0,0.2107088093576634,19.809088823062968,22.60553029681025
8292,331.64,0.98,1,0.031,0.309,0.08,-0.022,-0.027,0.04,0.0,0.0,0.0,0.19,2.44,0.02,0.93,1.6,1.26,0.06,0.0,0.0,0.0,1.24,0.63,0.0,0.0,0.0,0.0,0.0,1.0,1.0,0.0,0.0,1.0,1.0,0.0,0.0,0.0,0.0,1.0,0.0,0.0,0.0,0.21047477898898068,20.135789033459705,22.303587155433046
8293,331.68,0.98,1,0.027,0.308,0.08,-0.028,-0.026,0.03,0.0,0.0,0.0,0.25,2.49,0.0,0.95,1.6,1.14,0.05,0.0,0.0,0.0,1.4,0.67,0.0,0.0,0.0,0.0,0.0,1.0,1.0,0.0,1.0,1.0,1.0,0.0,0.0,0.0,0.0,1.0,0.0,0.0,0.0,0.21712573502537658,20.271408436514765,22.402008838494684
8294,331.72,0.98,1,0.022,0.314,0.075,-0.035,-0.021,0.0,0.0,0.0,0.0,0.27,2.3,0.0,1.0,1.61,1.18,0.04,0.0,0.0,0.0,1.47,0.76,0.0,0.0,0.0,0.0,0.0,1.0,1.0,0.0,1.0,1.0,1.0,0.0,0.0,0.0,0.0,1.0,0.0,0.0,0.0,0.21906619772996822,21.06086417980041,22.300896842952255
8295,331.76,0.98,1,0.031,0.324,0.085,-0.038,-0.022,0.05,0.0,0.0,0.0,0.26,2.4,0.0,0.97,1.63,1.16,0.0,0.0,0.0,0.0,1.44,0.8,0.0,0.0,0.0,0.0,0.0,1.0,1.0,0.0,1.0,1.0,1.0,0.0,0.0,0.0,0.0,1.0,0.0,0.0,0.0,0.22095638948756924,21.204244858046614,22.10814329607975
8296,331.8,0.98,1,0.029,0.323,0.084,-0.037,-0.022,0.09,0.0,0.0,0.0,0.23,2.41,0.0,0.99,1.63,1.21,0.0,0.0,0.0,0.0,1.4,0.87,0.0,0.0,0.0,0.0,0.0,1.0,1.0,0.0,1.0,1.0,1.0,0.0,0.0,0.0,0.0,1.0,0.0,0.0,0.0,0.22520611070049185,21.268051156605807,22.700000000000045
8297,331.84,0.98,1,0.032,0.327,0.09,-0.032,-0.026,0.16,0.05,0.0,0.0,0.24,2.54,0.0,0.98,1.65,1.18,0.0,0.02,0.0,0.0,1.38,0.76,0.0,0.0,0.0,0.0,0.0,1.0,1.0,0.0,1.0,1.0,1.0,0.0,0.0,0.0,0.0,1.0,0.0,0.0,0.0,0.22463427679362666,21.659178193089552,22.703523955544917
8298,331.88,0.98,1,0.025,0.314,0.091,-0.031,-0.027,0.22,0.11,0.0,0.0,0.25,2.47,0.0,0.98,1.66,1.17,0.04,0.02,0.0,0.0,1.38,0.76,0.0,0.0,0.0,0.0,0.0,1.0,1.0,0.0,1.0,1.0,1.0,0.0,0.0,0.0,0.0,1.0,0.0,0.0,0.0,0.2419838020244001,22.010224896624834,23.200862052949713
8299,331.92,0.98,1,0.018,0.315,0.087,-0.03,-0.027,0.23,0.12,0.0,0.0,0.24,2.37,0.0,0.98,1.71,1.22,0.09,0.02,0.0,0.0,1.39,0.63,0.0,0.0,0.0,0.0,0.0,1.0,1.0,0.0,1.0,1.0,1.0,0.0,0.0,0.0,0.0,1.0,1.0,0.0,0.0,0.22631375027045725,22.528204544526044,23.201939574096
8300,331.96,0.98,1,0.032,0.312,0.093,-0.027,-0.031,0.3,0.08,0.0,0.0,0.29,2.28,0.0,0.93,1.7,1.09,0.11,0.0,0.0,0.0,1.46,0.6,0.0,1.0,0.0,0.0,0.0,1.0,1.0,0.0,1.0,1.0,1.0,0.0,0.0,0.0,0.0,1.0,1.0,0.0,0.0,0.2428586306974988,22.37587987096824,23.700843866832916
8301,332.0,0.98,1,0.032,0.308,0.086,-0.023,-0.03,0.28,0.02,0.0,0.0,0.31,2.2,0.0,0.9,1.69,1.01,0.07,0.0,0.0,0.0,1.6,0.64,0.0,1.0,0.0,0.0,0.0,1.0,1.0,0.0,1.0,1.0,1.0,0.0,0.0,0.0,0.0,1.0,1.0,0.0,0.0,0.2369315194885857,22.597787502319783,24.300205760445685
8302,332.04,0.98,1,0.024,0.312,0.096,-0.023,-0.033,0.36,0.05,0.0,0.0,0.3,2.11,0.0,0.93,1.66,0.92,0.02,0.0,0.0,0.0,1.7,0.78,0.0,1.0,1.0,0.0,0.0,1.0,1.0,0.0,1.0,1.0,1.0,0.0,0.0,0.0,0.0,1.0,1.0,0.0,0.0,0.23353852066728503,23.124878378058565,23.401922997907537
8303,332.08,0.98,1,0.002,0.31,0.099,-0.025,-0.029,0.27,0.1,0.0,0.0,0.26,1.89,0.0,0.92,1.64,0.88,0.0,0.0,0.0,0.0,1.78,1.01,0.0,1.0,1.0,0.0,0.0,1.0,1.0,0.0,0.0,1.0,1.0,0.0,0.0,0.0,0.0,1.0,1.0,0.0,0.0,0.23068016680747908,22.539077177205016,23.421357774475933
8304,332.12,0.98,1,0.005,0.292,0.099,-0.025,-0.025,0.36,0.28,0.0,0.01,0.27,1.83,0.0,0.95,1.63,0.92,0.0,0.0,0.0,0.0,1.81,1.15,0.0,1.0,1.0,0.0,0.0,1.0,1.0,0.0,0.0,1.0,1.0,0.0,0.0,0.0,0.0,1.0,1.0,0.0,0.0,0.2622991389612037,23.234887561595727,23.11752581917009
8305,332.16,0.98,1,-0.0,0.316,0.108,-0.017,-0.026,0.54,0.57,0.0,0.13,0.3,2.09,0.0,0.88,1.69,0.9,0.0,0.0,0.0,0.0,1.94,1.2,0.0,1.0,1.0,0.0,0.0,1.0,1.0,0.0,0.0,1.0,1.0,0.0,0.0,0.0,0.0,1.0,1.0,0.0,0.0,0.2362080754931007,22.638462845343543,23.070327262524902
8306,332.2,0.98,1,0.002,0.308,0.129,-0.014,-0.021,0.62,0.63,0.0,0.25,0.26,2.37,0.0,0.8,1.75,0.87,0.01,0.0,0.0,0.0,2.08,1.22,0.0,1.0,1.0,0.0,0.0,1.0,1.0,0.0,0.0,1.0,1.0,0.0,0.0,0.0,0.0,1.0,1.0,0.0,0.0,0.2607100753899359,21.768095920406225,24.252834885843797
8307,332.24,0.98,1,-0.016,0.304,0.135,-0.031,0.007,0.7,0.69,0.0,0.24,0.17,2.33,0.0,0.77,1.86,0.83,0.03,0.0,0.0,0.0,2.16,1.17,0.0,1.0,1.0,0.0,0.0,1.0,1.0,0.0,0.0,1.0,1.0,0.0,0.0,0.0,0.0,1.0,1.0,0.0,0.0,0.26820880857434204,20.506096654410054,22.537524265100636
8308,332.28,0.98,1,-0.019,0.292,0.106,-0.024,-0.013,0.75,0.65,0.0,0.12,0.18,2.33,0.0,0.69,1.93,0.86,0.03,0.0,0.0,0.0,2.07,1.06,0.0,1.0,1.0,0.0,0.0,1.0,1.0,0.0,0.0,1.0,1.0,0.0,0.0,0.0,0.0,1.0,1.0,0.0,0.0,0.27623762474965274,23.334309503390113,24.274472187876764
8309,332.32,0.98,1,-0.021,0.298,0.132,-0.01,-0.014,0.84,0.73,0.0,0.0,0.15,2.12,0.0,0.81,1.93,0.94,0.09,0.0,0.0,0.0,1.91,0.99,0.0,1.0,1.0,0.0,0.0,0.0,1.0,0.0,0.0,1.0,1.0,0.0,0.0,0.0,0.0,1.0,1.0,0.0,0.0,0.25009690321328,21.51023012429198,23.547823678633232
8310,332.36,0.98,1,-0.04,0.295,0.122,-0.029,0.002,0.95,0.77,0.0,0.11,0.17,2.33,0.0,0.89,1.93,0.92,0.12,0.0,0.0,0.0,1.78,0.85,0.0,1.0,1.0,0.0,0.0,0.0,1.0,0.0,0.0,1.0,1.0,0.0,0.0,0.0,0.0,1.0,1.0,0.0,0.0,0.254456860146766,20.7171426601256,25.04495957273639
8311,332.4,0.98,1,-0.047,0.282,0.104,-0.024,-0.015,1.02,0.93,0.0,0.11,0.18,2.08,0.0,1.09,1.97,0.96,0.12,0.0,0.02,0.0,1.79,0.86,0.27,1.0,1.0,0.0,0.0,0.0,1.0,0.0,1.0,1.0,1.0,0.0,0.0,0.0,0.0,1.0,1.0,0.0,0.0,0.2908236176213624,22.661420961625513,24.408605040026316
8312,332.44,0.98,1,-0.052,0.343,0.088,-0.013,-0.018,1.71,1.22,0.0,0.11,0.19,1.83,0.0,1.11,2.08,1.12,0.05,0.0,0.05,0.0,1.96,0.74,1.15,1.0,1.0,0.0,0.0,0.0,1.0,0.0,1.0,1.0,1.0,0.0,0.0,0.0,0.0,1.0,1.0,0.0,1.0,0.19555182779902502,18.80106379968959,19.531000998412754
8313,332.48,0.98,1,-0.011,0.446,0.095,-0.023,-0.006,2.23,1.5,0.0,0.0,0.14,1.33,0.0,1.12,2.15,1.32,0.01,0.0,0.05,0.0,2.06,0.75,1.99,1.0,1.0,0.0,0.0,0.0,1.0,0.0,1.0,1.0,1.0,0.0,0.0,0.0,0.0,1.0,1.0,0.0,1.0,0.1791522457349506,16.676930173146285,20.424495097798715
8314,332.52,0.98,1,-0.023,0.423,0.071,-0.026,-0.011,2.75,1.69,0.0,0.0,0.12,1.24,0.0,0.94,2.11,1.3,0.01,0.0,0.02,0.0,2.13,0.72,2.27,1.0,1.0,0.0,0.0,0.0,1.0,0.0,1.0,1.0,1.0,0.0,0.0,0.0,0.0,1.0,1.0,0.0,1.0,0.17651940308228797,17.87176544161204,19.416487838947464
8315,332.56,0.98,1,-0.031,0.374,0.079,-0.003,-0.011,2.51,1.67,0.0,0.0,0.16,1.58,0.0,1.01,2.0,1.35,0.04,0.0,0.0,0.0,2.02,0.75,1.93,1.0,1.0,0.0,0.0,0.0,1.0,0.0,1.0,1.0,1.0,0.0,0.0,0.0,0.0,1.0,1.0,0.0,1.0,0.17662945978901085,17.410341754256155,20.840585404445775
8316,332.6,0.98,1,-0.049,0.35,0.083,-0.021,-0.001,2.47,1.59,0.0,0.0,0.22,2.07,0.0,0.89,1.88,1.27,0.06,0.0,0.0,0.0,1.98,0.83,1.4,1.0,1.0,0.0,0.0,0.0,1.0,0.0,1.0,1.0,1.0,0.0,0.0,0.0,0.0,1.0,1.0,0.0,1.0,0.1780139461926411,16.40274367293481,17.933767033169445
8317,332.64,0.98,1,-0.032,0.362,0.108,-0.009,-0.01,2.21,1.13,0.0,0.0,0.23,2.33,0.0,0.94,1.76,1.22,0.09,0.0,0.0,0.0,1.87,0.84,0.85,1.0,1.0,0.0,0.0,0.0,1.0,0.0,1.0,1.0,1.0,0.0,0.0,0.0,0.0,1.0,1.0,0.0,1.0,0.16541923476406656,18.704277585622002,17.10263137648698
8318,332.68,0.98,1,-0.033,0.334,0.089,-0.028,0.004,2.25,0.91,0.0,0.0,0.2,2.34,0.0,0.74,1.67,1.0,0.06,0.0,0.0,0.0,1.8,0.91,0.31,1.0,1.0,0.0,0.0,0.0,1.0,0.0,0.0,1.0,1.0,0.0,0.0,0.0,0.0,1.0,1.0,0.0,1.0,0.19145011189089672,19.500256408570632,18.40434731252361
8319,332.72,0.98,1,-0.041,0.331,0.085,-0.014,-0.014,2.15,0.85,0.0,0.0,0.16,2.43,0.0,0.62,1.61,0.81,0.03,0.0,0.0,0.0,1.79,0.87,0.06,1.0,1.0,0.0,0.0,0.0,1.0,0.0,0.0,1.0,1.0,0.0,0.0,0.0,0.0,1.0,1.0,0.0,0.0,0.19682799262939588,20.400980368600028,20.006249023742555
8320,332.76,0.98,1,-0.03,0.338,0.106,-0.011,-0.016,2.07,1.01,0.0,0.0,0.08,2.31,0.0,0.55,1.55,0.8,0.09,0.0,0.0,0.0,1.79,1.06,0.06,1.0,1.0,0.0,0.0,0.0,1.0,0.0,0.0,1.0,1.0,0.0,0.0,0.0,0.0,1.0,1.0,0.0,0.0,0.1933291401008059,21.905707018948146,20.606067067735083
8321,332.8,0.98,1,-0.043,0.322,0.091,-0.034,-0.001,1.87,1.03,0.0,0.0,0.08,2.36,0.0,0.61,1.52,0.81,0.18,0.0,0.0,0.0,1.76,1.11,0.06,1.0,1.0,0.0,0.0,0.0,1.0,0.0,0.0,1.0,1.0,0.0,0.0,0.0,0.0,1.0,1.0,0.0,0.0,0.20553972210136648,22.103619613086135,20.711832367030986
8322,332.84,0.98,1,-0.076,0.289,0.095,-0.027,-0.02,1.66,0.85,0.0,0.0,0.07,2.1,0.0,0.61,1.43,0.78,0.22,0.0,0.0,0.0,1.7,1.2,0.0,1.0,1.0,0.0,0.0,0.0,1.0,0.0,0.0,1.0,1.0,0.0,0.0,0.0,0.0,1.0,1.0,0.0,0.0,0.21696070983448656,21.02379604162864,21.908217636311587
8323,332.88,0.98,1,-0.068,0.281,0.09,-0.019,-0.03,1.66,0.75,0.0,0.07,0.07,2.04,0.0,0.49,1.39,0.5,0.3,0.0,0.0,0.0,1.83,1.26,0.0,1.0,1.0,0.0,0.0,0.0,1.0,0.0,0.0,1.0,1.0,0.0,0.0,0.0,0.0,1.0,1.0,0.0,0.0,0.2326041250946262,17.817968458833867,21.91118435867865
8324,332.92,0.98,1,-0.063,0.24,0.103,-0.026,-0.002,1.77,0.76,0.0,0.08,0.02,1.96,0.0,0.43,1.35,0.47,0.32,0.0,0.0,0.0,1.82,1.32,0.0,1.0,1.0,0.0,0.0,0.0,1.0,0.0,0.0,1.0,1.0,0.0,0.0,0.0,0.0,1.0,1.0,0.0,0.0,0.2904521698601058,19.275113488641303,22.936869882353268
8325,332.96,0.98,1,-0.065,0.281,0.096,-0.029,-0.017,1.69,0.84,0.0,0.15,0.09,2.19,0.0,0.44,1.35,0.44,0.35,0.0,0.0,0.0,1.96,1.42,0.0,1.0,1.0,0.0,0.0,0.0,1.0,0.0,0.0,1.0,1.0,0.0,0.0,0.0,0.0,1.0,1.0,0.0,0.0,0.2502125115652688,18.322117781522916,22.2272355456094
8326,333.0,0.98,1,-0.076,0.289,0.093,-0.024,-0.025,1.53,0.92,0.0,0.08,0.18,2.38,0.0,0.58,1.29,0.52,0.18,0.0,0.0,0.0,2.04,1.39,0.0,1.0,1.0,0.0,0.0,1.0,1.0,0.0,0.0,1.0,1.0,0.0,0.0,0.0,0.0,1.0,1.0,0.0,0.0,0.24712462799408988,21.5188289644209,22.450167037240366
8327,333.04,0.98,1,-0.048,0.29,0.123,-0.029,-0.028,1.45,0.98,0.0,0.1,0.26,2.58,0.0,0.61,1.24,0.38,0.15,0.0,0.0,0.0,2.29,1.44,0.0,1.0,1.0,0.0,0.0,1.0,1.0,0.0,0.0,1.0,1.0,0.0,0.0,0.0,0.0,1.0,1.0,0.0,0.0,0.23828979110181825,19.237463450257724,22.842942017174536
8328,333.08,0.98,1,0.02,0.285,0.123,-0.025,-0.029,1.55,0.97,0.0,0.03,0.25,2.56,0.0,0.63,1.17,0.31,0.12,0.0,0.0,0.0,2.38,1.42,0.0,1.0,1.0,0.0,0.0,1.0,1.0,0.0,0.0,1.0,1.0,0.0,0.0,0.0,0.0,1.0,1.0,0.0,0.0,0.26706264128461554,22.737853900489288,23.31051264987533
8329,333.12,0.98,1,0.013,0.259,0.104,-0.023,-0.027,1.79,1.12,0.0,0.1,0.27,2.54,0.0,0.58,1.23,0.38,0.18,0.0,0.0,0.0,2.31,1.54,0.0,1.0,1.0,0.0,0.0,1.0,1.0,0.0,0.0,1.0,1.0,0.0,0.0,0.0,0.0,1.0,1.0,0.0,0.0,0.27125394953582127,23.313729860320556,23.31051264987556
8330,333.16,0.98,1,0.012,0.263,0.093,-0.022,-0.021,1.89,1.06,0.0,0.1,0.28,2.55,0.0,0.6,1.28,0.42,0.18,0.0,0.0,0.0,2.11,1.54,0.0,1.0,1.0,0.0,0.0,1.0,1.0,0.0,0.0,1.0,1.0,0.0,0.0,0.0,0.0,1.0,1.0,0.0,0.0,0.27202066742975733,23.08679276123039,23.201939574096
8331,333.2,0.98,1,0.011,0.276,0.089,-0.013,-0.022,1.84,0.81,0.0,0.14,0.24,2.38,0.0,0.7,1.29,0.38,0.26,0.0,0.0,0.0,1.96,1.52,0.0,1.0,1.0,0.0,0.0,1.0,1.0,0.0,0.0,1.0,1.0,0.0,0.0,0.0,0.0,1.0,1.0,0.0,0.0,0.24179305062519835,22.372527796384517,23.899999999999864
8332,333.24,0.98,1,-0.003,0.269,0.085,-0.026,-0.013,1.66,0.41,0.0,0.07,0.13,2.3,0.0,0.79,1.15,0.38,0.39,0.0,0.0,0.0,1.75,1.22,0.0,1.0,1.0,0.0,0.0,0.0,1.0,0.0,0.0,1.0,1.0,0.0,0.0,0.0,0.0,1.0,1.0,0.0,0.0,0.2470881732618732,23.178006816807947,24.301851781294545
8333,333.28,0.98,1,0.011,0.262,0.081,-0.022,-0.031,1.65,0.33,0.0,0.04,0.12,2.27,0.0,0.76,1.06,0.36,0.35,0.0,0.0,0.0,1.68,1.0,0.0,1.0,1.0,0.0,0.0,0.0,1.0,0.0,0.0,1.0,1.0,0.0,0.0,0.0,0.0,1.0,1.0,0.0,0.0,0.24360383001964342,22.84928882919572,23.901882771028593
8334,333.32,0.98,1,0.008,0.281,0.09,-0.009,-0.032,1.69,0.41,0.0,0.0,0.07,2.2,0.0,0.74,0.93,0.44,0.36,0.0,0.0,0.0,1.55,0.89,0.0,1.0,1.0,0.0,0.0,0.0,1.0,0.0,0.0,1.0,1.0,0.0,0.0,0.0,0.0,1.0,1.0,0.0,0.0,0.2292587005396608,21.944703233354375,22.90545786488461
8335,333.36,0.98,1,-0.002,0.246,0.079,-0.025,-0.018,1.78,0.47,0.0,0.0,0.07,2.41,0.0,0.6,0.78,0.36,0.37,0.04,0.0,0.0,1.02,0.72,0.0,1.0,1.0,0.0,0.0,0.0,1.0,0.0,0.0,1.0,1.0,0.0,0.0,0.0,0.0,1.0,1.0,0.0,0.0,0.25506510950501554,22.2441003414389,23.700210969525187
8336,333.4,0.98,1,-0.009,0.235,0.074,-0.013,-0.034,1.79,0.48,0.0,0.0,0.0,2.32,0.0,0.38,0.59,0.24,0.51,0.14,0.0,0.09,0.48,0.44,0.0,1.0,1.0,0.0,0.0,0.0,1.0,0.0,0.0,1.0,1.0,0.0,0.0,0.0,0.0,0.0,1.0,0.0,0.0,0.2566656858341699,22.318154045530022,22.899999999999864
8337,333.44,0.98,1,-0.004,0.256,0.084,-0.014,-0.039,2.01,0.59,0.0,0.01,0.0,2.55,0.0,0.11,0.51,0.15,0.6,0.3,0.0,0.16,0.0,0.26,0.0,1.0,1.0,0.0,0.0,0.0,1.0,0.0,0.0,1.0,1.0,0.0,0.0,0.0,0.0,0.0,1.0,0.0,0.0,0.2600369753737881,21.918485349129487,22.90087334579195
8338,333.48,0.98,1,0.013,0.267,0.092,-0.019,-0.044,2.32,0.84,0.0,0.07,0.0,2.51,0.0,0.0,0.5,0.17,0.53,0.29,0.0,0.16,0.0,0.49,0.0,1.0,1.0,0.0,0.0,0.0,1.0,0.0,0.0,1.0,1.0,0.0,0.0,0.0,0.0,0.0,1.0,0.0,0.0,0.2670292865860804,22.357325421436443,22.701982292302183
8339,333.52,0.98,1,0.002,0.276,0.092,-0.017,-0.044,2.61,1.04,0.0,0.07,0.0,2.47,0.0,0.02,0.55,0.29,0.53,0.18,0.0,0.07,0.34,1.09,0.0,1.0,1.0,0.0,0.0,0.0,1.0,0.0,0.0,1.0,1.0,0.0,0.0,0.0,0.0,0.0,1.0,0.0,0.0,0.26319831968868923,22.34390297150451,23.09999999999991
8340,333.56,0.98,1,0.001,0.279,0.104,-0.022,-0.043,2.71,1.1,0.0,0.06,0.0,2.34,0.0,0.14,0.57,0.32,0.41,0.03,0.0,0.0,0.87,1.69,0.0,1.0,1.0,0.0,0.0,0.0,1.0,0.0,0.0,1.0,1.0,0.0,0.0,0.0,0.0,1.0,1.0,0.0,0.0,0.2616121280216065,22.350391495452556,23.200862052949713
8341,333.6,0.98,1,0.005,0.283,0.097,-0.025,-0.04,2.66,1.08,0.0,0.0,0.0,2.2,0.0,0.25,0.64,0.27,0.35,0.0,0.0,0.0,1.37,2.03,0.0,1.0,1.0,0.0,0.0,0.0,1.0,0.0,0.0,1.0,1.0,0.0,0.0,0.0,0.0,1.0,1.0,0.0,0.0,0.25574771201553687,22.763567382991667,23.6008474424118
8342,333.64,0.98,1,0.01,0.275,0.089,-0.024,-0.042,2.69,1.04,0.0,0.0,0.0,2.25,0.0,0.41,0.63,0.15,0.33,0.05,0.0,0.0,1.36,1.87,0.0,1.0,1.0,0.0,0.0,0.0,1.0,0.0,0.0,1.0,1.0,0.0,0.0,0.0,0.0,1.0,1.0,0.0,0.0,0.2603016506149562,21.958369702689772,23.400213674237968
8343,333.68,0.98,1,0.008,0.262,0.072,-0.03,-0.036,2.73,0.93,0.03,0.0,0.0,2.48,0.0,0.45,0.57,0.06,0.34,0.25,0.07,0.0,1.05,1.56,0.0,1.0,1.0,0.0,0.0,0.0,1.0,0.0,0.0,1.0,1.0,0.0,0.0,0.0,0.0,1.0,1.0,0.0,0.0,0.26317234691082825,22.380795338861347,23.10021644920251
8344,333.72,0.98,1,0.019,0.273,0.07,-0.042,-0.034,2.73,0.79,0.03,0.02,0.0,2.44,0.0,0.47,0.49,0.0,0.35,0.37,0.13,0.0,0.83,1.28,0.0,1.0,1.0,0.0,0.0,0.0,1.0,0.0,0.0,1.0,0.0,0.0,0.0,0.0,0.0,1.0,1.0,0.0,0.0,0.2581906296285196,22.357325421436215,23.40000000000009
8345,333.76,0.98,1,0.008,0.263,0.068,-0.056,-0.033,2.7,0.73,0.05,0.02,0.0,2.3,0.0,0.41,0.42,0.0,0.23,0.46,0.13,0.0,0.85,1.13,0.0,1.0,1.0,0.0,0.0,0.0,1.0,0.0,0.0,1.0,0.0,0.0,0.0,0.0,0.0,1.0,1.0,0.0,0.0,0.2443703080295283,22.23803048833242,22.801973598791793
8346,333.8,0.98,1,-0.002,0.252,0.07,-0.056,-0.033,2.71,0.79,0.05,0.02,0.0,2.16,0.0,0.36,0.42,0.0,0.22,0.37,0.06,0.0,0.95,0.99,0.0,1.0,1.0,1.0,0.0,0.0,0.0,0.0,0.0,0.0,0.0,1.0,0.0,0.0,0.0,1.0,1.0,0.0,0.0,0.25026173442147537,21.733154395991207,21.50581316760657
8347,333.84,0.98,1,0.001,0.259,0.081,-0.052,-0.036,2.84,0.8,0.15,0.0,0.0,1.94,0.0,0.39,0.46,0.0,0.26,0.37,0.0,0.0,0.99,0.89,0.65,1.0,1.0,1.0,0.0,0.0,0.0,0.0,0.0,0.0,0.0,1.0,0.0,0.0,0.0,1.0,1.0,0.0,0.0,0.23145902477236557,18.7130970178643,19.902261178067043
8348,333.88,0.98,1,0.041,0.395,0.065,-0.06,-0.031,3.08,0.81,0.17,0.0,0.0,1.66,0.0,0.46,0.53,0.0,0.41,0.3,0.0,0.0,1.11,0.75,1.5,1.0,1.0,1.0,0.0,0.0,0.0,0.0,0.0,0.0,0.0,0.0,0.0,0.0,0.0,1.0,0.0,0.0,1.0,0.18862792474588883,19.20416621465253,21.194574777522575
8349,333.92,0.98,1,0.016,0.448,0.065,-0.081,-0.024,3.18,0.76,0.31,0.0,0.0,1.19,0.0,0.48,0.56,0.0,0.52,0.31,0.0,0.0,1.14,0.59,2.38,1.0,1.0,1.0,0.0,0.0,0.0,0.0,0.0,0.0,0.0,0.0,0.0,0.0,0.0,1.0,0.0,0.0,1.0,0.18384676330625244,17.184295155751855,20.565018842685134
8350,333.96,0.98,1,0.014,0.412,0.047,-0.071,-0.019,3.24,0.64,0.39,0.0,0.0,1.16,0.0,0.54,0.58,0.0,0.5,0.3,0.0,0.0,1.07,0.56,2.15,1.0,1.0,1.0,0.0,0.0,0.0,0.0,0.0,1.0,0.0,0.0,0.0,0.0,0.0,1.0,0.0,0.0,1.0,0.17217522738815005,16.5215011424508,21.867327225795144
8351,334.0,0.98,1,0.021,0.372,0.052,-0.052,-0.02,3.15,0.65,0.61,0.05,0.0,1.42,0.0,0.48,0.62,0.0,0.4,0.22,0.0,0.0,0.93,0.72,1.6,1.0,1.0,1.0,0.0,0.0,0.0,0.0,0.0,1.0,1.0,0.0,0.0,0.0,0.0,1.0,0.0,0.0,1.0,0.18041750666414064,17.5410946066658,21.732924331529706
8352,334.04,0.98,1,0.03,0.286,0.067,-0.043,-0.028,3.13,0.51,0.75,0.05,0.0,1.7,0.0,0.52,0.67,0.0,0.31,0.13,0.0,0.0,1.02,1.03,0.83,1.0,1.0,1.0,0.0,0.0,0.0,0.0,0.0,1.0,1.0,0.0,0.0,0.0,0.0,1.0,0.0,0.0,1.0,0.2011649033186088,18.139735389470406,20.479257799051076
8353,334.08,0.98,1,0.007,0.296,0.072,-0.052,-0.025,2.98,0.58,0.7,0.05,0.02,2.06,0.0,0.38,0.73,0.0,0.26,0.02,0.0,0.0,1.31,1.24,0.51,1.0,1.0,1.0,0.0,0.0,0.0,0.0,0.0,1.0,1.0,0.0,0.0,0.0,0.0,1.0,1.0,0.0,1.0,0.1918616883560174,17.41407476726786,17.962739212046788
8354,334.12,0.98,1,0.003,0.292,0.085,-0.051,-0.024,2.87,0.48,0.71,0.0,0.08,2.42,0.0,0.26,0.84,0.13,0.17,0.02,0.0,0.0,1.46,1.47,0.23,1.0,1.0,1.0,0.0,0.0,1.0,0.0,0.0,1.0,1.0,0.0,0.0,0.0,0.0,1.0,1.0,0.0,0.0,0.20636394616498993,19.00657780874821,18.606719216455023
8355,334.16,0.98,1,-0.0,0.306,0.096,-0.052,-0.025,2.73,0.71,0.56,0.0,0.16,2.67,0.0,0.18,1.04,0.35,0.05,0.0,0.0,0.0,1.55,1.61,0.13,1.0,1.0,1.0,0.0,0.0,1.0,0.0,0.0,1.0,1.0,0.0,0.0,0.0,0.0,1.0,1.0,0.0,0.0,0.19941914900145524,19.40412327316013,19.10418802252546
8356,334.2,0.98,1,0.013,0.289,0.102,-0.034,-0.032,2.86,0.85,0.6,0.0,0.31,2.86,0.0,0.29,1.26,0.67,0.0,0.0,0.0,0.0,1.58,1.59,0.25,1.0,1.0,1.0,0.0,1.0,1.0,0.0,0.0,1.0,1.0,0.0,0.0,0.0,0.0,1.0,1.0,0.0,0.0,0.2067539252277537,19.200260414900672,18.304371062672388
8357,334.24,0.98,1,0.01,0.283,0.091,-0.025,-0.03,2.88,1.07,0.51,0.0,0.44,2.88,0.0,0.56,1.46,0.89,0.0,0.0,0.0,0.0,1.62,1.28,0.55,1.0,1.0,1.0,0.0,1.0,1.0,0.0,0.0,1.0,1.0,0.0,0.0,0.0,0.0,1.0,1.0,0.0,0.0,0.19822589747564262,19.30414463269477,18.713097017864296
8358,334.28,0.98,1,-0.003,0.288,0.082,-0.025,-0.026,3.01,0.98,0.51,0.0,0.59,2.99,0.0,0.79,1.64,1.01,0.0,0.0,0.0,0.0,1.62,1.09,0.63,1.0,1.0,1.0,0.0,1.0,1.0,0.0,0.0,1.0,1.0,0.0,0.0,0.0,0.0,1.0,1.0,0.0,0.0,0.18657136984789688,19.1002617783107,18.21345656376081
8359,334.32,0.98,1,-0.049,0.267,0.086,-0.031,-0.022,2.93,0.83,0.52,0.0,0.57,2.81,0.0,0.9,1.71,1.1,0.0,0.0,0.0,0.0,1.58,1.01,0.47,1.0,1.0,1.0,0.0,1.0,1.0,0.0,0.0,1.0,1.0,0.0,0.0,0.0,0.0,1.0,1.0,0.0,0.0,0.2035395287826945,21.005951537600005,17.710166571774575
8360,334.36,0.98,1,-0.056,0.283,0.1,-0.038,-0.023,2.87,0.54,0.47,0.0,0.43,2.71,0.0,0.78,1.47,0.87,0.02,0.05,0.0,0.0,1.39,1.32,0.15,1.0,1.0,1.0,0.0,1.0,1.0,0.0,0.0,1.0,1.0,0.0,0.0,0.0,0.0,1.0,1.0,0.0,0.0,0.20356668442399406,22.707928130941223,18.609674903124894
8361,334.4,0.98,1,-0.055,0.273,0.086,-0.042,-0.017,2.76,0.44,0.49,0.0,0.19,2.38,0.0,0.55,1.01,0.52,0.08,0.17,0.0,0.0,1.01,1.35,0.06,1.0,1.0,1.0,0.0,1.0,1.0,0.0,0.0,1.0,1.0,0.0,0.0,0.0,0.0,1.0,1.0,0.0,0.0,0.20360398747785097,24.01686907155052,19.10235587565043
8362,334.44,0.98,1,-0.058,0.254,0.082,-0.04,-0.018,2.63,0.26,0.46,0.0,0.04,2.39,0.0,0.41,0.64,0.12,0.15,0.23,0.0,0.0,0.6,1.22,0.0,1.0,1.0,1.0,0.0,1.0,1.0,0.0,0.0,1.0,1.0,0.0,0.0,0.0,0.0,1.0,1.0,0.0,0.0,0.22294527713978607,23.82099913941474,19.909043171383292
8363,334.48,0.98,1,-0.061,0.238,0.072,-0.031,-0.024,2.5,0.13,0.49,0.0,0.0,2.34,0.0,0.34,0.61,0.12,0.16,0.18,0.0,0.0,0.52,0.98,0.0,1.0,1.0,1.0,0.0,1.0,1.0,0.0,0.0,1.0,1.0,0.0,0.0,0.0,0.0,1.0,1.0,0.0,0.0,0.22607865301743763,23.610379073619207,19.40412327316013
8364,334.52,0.98,1,-0.064,0.255,0.089,-0.024,-0.033,2.46,0.23,0.44,0.05,0.09,2.32,0.0,0.38,0.81,0.26,0.11,0.06,0.0,0.0,0.92,1.1,0.0,1.0,1.0,1.0,0.0,1.0,1.0,0.0,0.0,1.0,1.0,0.0,0.0,0.0,0.0,1.0,1.0,0.0,0.0,0.22668468342247375,23.60762588656484,19.01289036417136
8365,334.56,0.98,1,-0.081,0.247,0.08,-0.021,-0.03,2.51,0.46,0.48,0.05,0.24,2.37,0.0,0.47,1.05,0.52,0.04,0.0,0.0,0.0,1.37,1.25,0.0,1.0,1.0,1.0,0.0,1.0,1.0,0.0,0.0,1.0,1.0,0.0,0.0,0.0,0.0,1.0,1.0,0.0,0.0,0.22052298787344032,24.607315985291763,19.30414463269477
8366,334.6,0.98,1,-0.072,0.279,0.083,-0.027,-0.027,2.5,0.57,0.47,0.05,0.39,2.51,0.0,0.64,1.13,0.49,0.0,0.0,0.0,0.0,1.71,1.36,0.0,1.0,1.0,1.0,0.0,1.0,1.0,0.0,0.0,1.0,1.0,0.0,0.0,0.0,0.0,1.0,1.0,0.0,0.0,0.20296504937396448,24.601829200284996,18.60430057809206
8367,334.64,0.98,1,-0.07,0.271,0.083,-0.032,-0.023,2.47,0.52,0.55,0.0,0.4,2.84,0.0,0.79,1.05,0.35,0.03,0.0,0.0,0.0,1.92,1.29,0.0,1.0,1.0,1.0,0.0,1.0,1.0,0.0,0.0,1.0,1.0,0.0,0.0,0.0,0.0,1.0,1.0,0.0,0.0,0.19594549248190368,24.70506021041038,18.909521411183174
8368,334.68,0.98,1,-0.057,0.278,0.096,-0.047,-0.026,2.66,0.74,0.63,0.0,0.24,2.47,0.0,0.75,0.77,0.09,0.13,0.06,0.0,0.0,1.79,1.26,0.75,1.0,1.0,1.0,0.0,1.0,1.0,0.0,0.0,1.0,1.0,0.0,0.0,0.0,0.0,1.0,1.0,0.0,0.0,0.1922194859305188,22.607963198837616,17.507141400011598
8369,334.72,0.98,1,0.045,0.387,0.072,-0.047,-0.023,2.98,1.01,0.73,0.0,0.1,1.89,0.0,0.65,0.53,0.0,0.47,0.25,0.0,0.0,1.25,1.19,1.61,1.0,1.0,1.0,0.0,0.0,0.0,0.0,0.0,0.0,1.0,0.0,0.0,0.0,0.0,1.0,1.0,0.0,1.0,0.18161870411453762,17.507141400011598,19.956452590578408
8370,334.76,0.98,1,-0.005,0.449,0.076,-0.054,-0.023,3.24,1.06,0.79,0.0,0.0,1.46,0.0,0.36,0.26,0.0,0.66,0.48,0.0,0.0,0.51,1.24,2.36,1.0,1.0,1.0,0.0,0.0,0.0,0.0,0.0,0.0,0.0,0.0,0.0,0.0,0.0,1.0,1.0,0.0,1.0,0.16726805518068177,17.15488268686208,19.383756085960172
8371,334.8,0.98,1,-0.004,0.426,0.08,-0.018,-0.03,3.2,1.03,0.9,0.0,0.0,1.69,0.0,0.15,0.11,0.0,0.67,0.77,0.0,0.0,0.07,1.47,2.14,1.0,1.0,1.0,0.0,0.0,0.0,0.0,0.0,0.0,0.0,0.0,0.0,0.0,0.0,1.0,1.0,0.0,1.0,0.17771867184551216,18.270194306574894,20.470710783947
8372,334.84,0.98,1,-0.048,0.369,0.087,-0.001,-0.027,3.14,0.76,1.1,0.03,0.0,2.22,0.0,0.06,0.04,0.0,0.39,0.88,0.0,0.0,0.33,2.14,1.63,1.0,1.0,1.0,0.0,0.0,0.0,0.0,0.0,0.0,0.0,0.0,0.0,0.0,0.0,1.0,1.0,0.0,1.0,0.1751087124582733,18.852055590836724,20.995475703112668
8373,334.88,0.98,1,-0.002,0.327,0.09,-0.006,-0.009,2.88,0.54,1.16,0.15,0.02,2.5,0.0,0.36,0.14,0.0,0.17,0.88,0.05,0.0,0.7,2.53,1.13,1.0,1.0,1.0,0.0,0.0,0.0,0.0,0.0,0.0,0.0,0.0,0.0,0.0,0.0,1.0,1.0,0.0,1.0,0.17166271689978824,18.951780918953325,20.82738581771611
8374,334.92,0.98,1,0.006,0.34,0.088,-0.039,-0.006,2.68,0.12,1.16,0.15,0.07,2.61,0.0,0.58,0.25,0.0,0.05,0.87,0.05,0.0,1.03,2.83,0.61,1.0,1.0,1.0,0.0,0.0,0.0,0.0,0.0,0.0,0.0,0.0,0.0,0.0,0.0,1.0,1.0,0.0,1.0,0.17968376467827513,17.423260314877787,19.964217991196005
8375,334.96,0.98,1,0.022,0.316,0.081,-0.057,-0.017,2.52,0.2,1.07,0.12,0.07,2.37,0.0,0.7,0.3,0.0,0.06,0.7,0.05,0.0,1.3,2.68,0.34,1.0,1.0,1.0,0.0,0.0,0.0,0.0,0.0,0.0,0.0,0.0,0.0,0.0,0.0,1.0,1.0,0.0,1.0,0.1985212788092064,19.525624189766635,20.255616505058587
8376,335.0,0.98,1,0.027,0.293,0.098,-0.064,-0.03,2.55,0.28,1.03,0.0,0.04,2.3,0.0,0.6,0.24,0.0,0.16,0.55,0.03,0.0,1.46,2.66,0.1,1.0,1.0,1.0,0.0,0.0,0.0,0.0,0.0,0.0,0.0,0.0,0.0,0.0,0.0,1.0,1.0,0.0,0.0,0.22960487596399415,19.112822920751306,19.636700333813636
8377,335.04,0.98,1,0.004,0.279,0.07,-0.063,-0.033,2.68,0.41,0.87,0.0,0.0,2.24,0.0,0.48,0.13,0.0,0.4,0.34,0.12,0.0,1.55,2.33,0.11,1.0,1.0,1.0,0.0,0.0,0.0,0.0,0.0,0.0,0.0,0.0,0.0,0.0,0.0,1.0,1.0,0.0,0.0,0.2323258700491183,19.800252523642172,20.23561217260308
8378,335.08,0.98,1,0.005,0.28,0.061,-0.057,-0.035,2.7,0.36,0.68,0.0,0.0,2.15,0.0,0.37,0.05,0.0,0.59,0.43,0.27,0.0,1.04,1.94,0.04,1.0,1.0,1.0,0.0,0.0,0.0,0.0,0.0,0.0,0.0,0.0,0.0,0.0,0.0,1.0,1.0,0.0,0.0,0.22962396212175312,19.902261178067043,20.306156701847797
8379,335.12,0.98,1,0.014,0.274,0.052,-0.055,-0.033,2.71,0.33,0.41,0.0,0.0,2.25,0.0,0.25,0.02,0.0,0.6,0.54,0.26,0.0,0.54,1.3,0.04,1.0,1.0,1.0,0.0,0.0,1.0,0.0,0.0,0.0,0.0,0.0,0.0,0.0,0.0,0.0,1.0,0.0,0.0,0.22250023514696088,19.806312125178636,19.61631973638267
8380,335.16,0.98,1,0.022,0.285,0.046,-0.057,-0.036,2.56,0.35,0.29,0.0,0.0,2.19,0.0,0.39,0.05,0.0,0.58,0.62,0.17,0.0,0.11,0.7,0.02,1.0,1.0,1.0,0.0,0.0,1.0,0.0,0.0,0.0,0.0,0.0,0.0,0.0,0.0,0.0,0.0,0.0,0.0,0.21508656265668397,20.002249873451735,19.316573195057096
8381,335.2,0.98,1,0.015,0.287,0.041,-0.056,-0.042,2.58,0.54,0.28,0.0,0.0,2.33,0.0,0.52,0.1,0.0,0.49,0.44,0.02,0.0,0.21,0.34,0.35,1.0,1.0,1.0,0.0,0.0,1.0,0.0,0.0,0.0,0.0,0.0,0.0,0.0,0.0,0.0,0.0,0.0,0.0,0.21069768188332744,19.600255100380846,18.609674903124898
8382,335.24,0.98,1,-0.041,0.334,0.043,-0.04,-0.049,2.72,0.88,0.3,0.0,0.0,2.22,0.02,0.73,0.18,0.0,0.38,0.26,0.0,0.0,0.65,0.18,0.78,1.0,1.0,1.0,0.0,0.0,1.0,0.0,0.0,0.0,0.0,0.0,0.0,0.0,0.0,0.0,0.0,0.0,1.0,0.18243501170346743,18.602419197513132,18.38831150486652
8383,335.28,0.98,1,-0.016,0.337,0.051,-0.038,-0.054,2.83,1.04,0.23,0.05,0.0,2.33,0.02,0.86,0.32,0.0,0.25,0.06,0.0,0.0,1.3,0.25,1.13,1.0,1.0,1.0,0.0,0.0,1.0,0.0,1.0,0.0,1.0,0.0,0.0,0.0,0.0,1.0,0.0,0.0,1.0,0.17609812161982538,18.801063799689814,18.19945054115659
8384,335.32,0.98,1,-0.017,0.343,0.059,-0.036,-0.052,2.73,0.96,0.14,0.05,0.02,2.46,0.05,1.0,0.45,0.0,0.16,0.01,0.0,0.0,1.94,0.2,1.02,1.0,1.0,1.0,0.0,0.0,1.0,0.0,1.0,1.0,1.0,0.0,0.0,0.0,0.0,1.0,1.0,0.0,1.0,0.17312512925547346,17.90446871593802,18.189282558693876
8385,335.36,0.98,1,-0.019,0.36,0.077,-0.035,-0.051,2.57,0.87,0.16,0.14,0.05,2.43,0.03,1.11,0.69,0.13,0.16,0.0,0.0,0.0,2.27,0.43,0.94,1.0,1.0,1.0,0.0,0.0,1.0,0.0,1.0,1.0,1.0,0.0,0.0,0.0,0.0,1.0,1.0,0.0,1.0,0.17186763584169099,17.500285711953392,17.880995498014034
8386,335.4,0.98,1,-0.03,0.391,0.085,-0.023,-0.046,2.41,0.82,0.26,0.16,0.16,2.52,0.03,1.03,0.88,0.35,0.08,0.0,0.0,0.0,2.4,0.88,0.88,1.0,1.0,1.0,0.0,0.0,1.0,0.0,1.0,1.0,1.0,0.0,0.0,0.0,0.0,1.0,1.0,0.0,1.0,0.1820449273472524,19.212756179163705,17.747675904185357
8387,335.44,0.98,1,-0.026,0.385,0.101,-0.027,-0.047,2.33,0.83,0.2,0.17,0.19,2.48,0.0,0.94,1.12,0.57,0.0,0.0,0.0,0.0,2.24,1.33,0.96,1.0,0.0,1.0,0.0,1.0,1.0,0.0,1.0,1.0,1.0,0.0,0.0,0.0,0.0,1.0,1.0,0.0,1.0,0.18678005156124966,18.213456563760804,17.763445611705
8388,335.48,0.98,1,-0.025,0.385,0.081,-0.017,-0.045,2.15,0.82,0.12,0.08,0.22,2.63,0.0,0.67,1.28,0.75,0.0,0.04,0.0,0.0,1.72,1.29,0.87,1.0,0.0,1.0,0.0,1.0,1.0,0.0,1.0,1.0,1.0,0.0,0.0,0.0,0.0,1.0,1.0,0.0,0.0,0.1888453971797276,19.206509313251114,17.618172436436105
8389,335.52,0.98,1,-0.019,0.364,0.068,-0.019,-0.048,2.05,0.84,0.02,0.07,0.23,2.49,0.0,0.61,1.44,0.93,0.0,0.04,0.0,0.0,1.1,0.87,0.94,1.0,0.0,1.0,0.0,1.0,1.0,0.0,0.0,1.0,1.0,0.0,0.0,0.0,0.0,1.0,1.0,0.0,0.0,0.19461858100510718,18.717104476921687,18.13339460773975
8390,335.56,0.98,1,-0.017,0.32,0.056,-0.021,-0.042,1.87,0.85,0.02,0.16,0.28,2.42,0.0,0.61,1.51,1.07,0.01,0.04,0.0,0.0,0.63,0.63,0.98,1.0,0.0,1.0,0.0,1.0,1.0,0.0,0.0,1.0,1.0,0.0,0.0,0.0,0.0,1.0,1.0,0.0,0.0,0.19222391495486885,18.101104938649375,17.840403582878906
8391,335.6,0.98,1,-0.016,0.346,0.067,-0.026,-0.044,1.75,0.71,0.02,0.16,0.25,2.39,0.0,0.67,1.35,0.92,0.03,0.0,0.04,0.0,0.76,0.83,1.02,1.0,0.0,1.0,0.0,1.0,1.0,0.0,0.0,1.0,1.0,0.0,0.0,0.0,0.0,1.0,1.0,0.0,0.0,0.18570637337070522,17.80449381476481,18.027756377319946
8392,335.64,0.98,1,-0.013,0.349,0.077,-0.031,-0.044,1.7,0.77,0.0,0.13,0.13,2.18,0.0,0.66,1.04,0.62,0.18,0.0,0.04,0.0,1.07,1.21,0.97,1.0,0.0,1.0,0.0,1.0,1.0,0.0,0.0,1.0,1.0,0.0,0.0,0.0,0.0,1.0,1.0,0.0,0.0,0.1875580158159502,17.60113632695335,17.72822608159095
8393,335.68,0.98,1,-0.017,0.357,0.076,-0.036,-0.04,1.62,0.72,0.0,0.03,0.03,2.03,0.0,0.63,0.71,0.26,0.43,0.0,0.04,0.0,1.28,1.25,0.83,1.0,1.0,1.0,0.0,0.0,1.0,0.0,0.0,1.0,1.0,0.0,0.0,0.0,0.0,1.0,1.0,0.0,1.0,0.19224562416150023,17.81796845883386,18.033579788827282
8394,335.72,0.98,1,-0.018,0.338,0.06,-0.031,-0.037,1.68,0.93,0.0,0.03,0.0,1.69,0.0,0.58,0.54,0.09,0.53,0.05,0.0,0.0,1.15,0.96,1.02,1.0,1.0,1.0,0.0,0.0,0.0,0.0,0.0,1.0,1.0,0.0,0.0,0.0,0.0,1.0,1.0,0.0,1.0,0.1921966629678363,18.001111076819672,18.25376673456746
8395,335.76,0.98,1,-0.013,0.342,0.056,-0.038,-0.036,1.77,0.98,0.0,0.0,0.0,1.18,0.0,0.69,0.56,0.0,0.52,0.1,0.0,0.0,1.0,0.53,1.51,1.0,1.0,1.0,0.0,0.0,0.0,0.0,0.0,1.0,1.0,0.0,0.0,0.0,0.0,1.0,0.0,0.0,1.0,0.22124046979927814,19.606376513777484,17.55591068557823
8396,335.8,0.98,1,0.001,0.449,0.051,-0.06,-0.031,1.97,1.04,0.0,0.0,0.0,0.63,0.0,0.84,0.55,0.0,0.38,0.14,0.0,0.0,1.08,0.22,2.06,1.0,1.0,1.0,0.0,0.0,0.0,0.0,0.0,1.0,1.0,0.0,0.0,0.0,0.0,1.0,0.0,0.0,1.0,0.16451494212044981,14.786818454285381,18.876705220985947
8397,335.84,0.98,1,0.026,0.467,0.058,-0.05,-0.034,1.89,0.81,0.08,0.0,0.0,0.36,0.0,1.05,0.46,0.0,0.34,0.08,0.0,0.0,1.35,0.09,2.15,1.0,1.0,1.0,0.0,0.0,0.0,0.0,0.0,0.0,1.0,0.0,0.0,0.0,0.0,1.0,0.0,0.0,1.0,0.1569552784754676,18.587361297397763,19.158809983921145
8398,335.88,0.98,1,0.027,0.397,0.041,-0.056,-0.03,1.7,0.58,0.09,0.0,0.0,0.77,0.0,1.03,0.32,0.0,0.2,0.04,0.0,0.0,1.54,0.07,1.6,1.0,1.0,1.0,0.0,0.0,0.0,0.0,0.0,0.0,1.0,0.0,0.0,0.0,0.0,1.0,0.0,0.0,1.0,0.18073945441867897,16.724233913695464,22.244100341438894
8399,335.92,0.98,1,0.031,0.298,0.043,-0.05,-0.032,1.36,0.3,0.09,0.0,0.0,1.28,0.0,0.99,0.23,0.0,0.17,0.06,0.0,0.0,1.69,0.14,0.99,1.0,0.0,1.0,0.0,0.0,0.0,0.0,0.0,0.0,1.0,0.0,0.0,0.0,0.0,1.0,0.0,0.0,1.0,0.2030185792537638,17.24905794529085,20.8693555243088
8400,335.96,0.98,1,0.022,0.301,0.054,-0.059,-0.035,1.16,0.16,0.01,0.0,0.0,1.68,0.0,0.98,0.3,0.0,0.1,0.06,0.0,0.0,1.7,0.11,0.54,1.0,0.0,0.0,0.0,0.0,0.0,0.0,0.0,0.0,1.0,0.0,0.0,0.0,0.0,1.0,0.0,0.0,1.0,0.1996424994819907,16.9002958553986,18.062391868188442
8401,336.0,0.98,1,0.018,0.291,0.056,-0.054,-0.034,0.92,0.01,0.0,0.0,0.0,1.82,0.0,1.08,0.35,0.0,0.1,0.07,0.0,0.0,1.68,0.17,0.31,1.0,0.0,0.0,0.0,0.0,0.0,0.0,0.0,1.0,1.0,0.0,0.0,0.0,0.0,1.0,0.0,0.0,1.0,0.20721482134119446,18.501081049495458,18.701069488133605
8402,336.04,0.98,1,0.026,0.305,0.062,-0.054,-0.034,0.84,0.0,0.0,0.0,0.0,1.88,0.0,1.0,0.38,0.0,0.0,0.01,0.0,0.0,1.51,0.17,0.2,1.0,0.0,0.0,0.0,0.0,0.0,0.0,0.0,1.0,1.0,0.0,0.0,0.0,0.0,1.0,0.0,0.0,1.0,0.1986792352938364,19.20234360696636,19.206509313251114
8403,336.08,0.98,1,0.024,0.3,0.056,-0.05,-0.033,0.68,0.0,0.0,0.0,0.0,1.72,0.0,0.86,0.34,0.0,0.05,0.06,0.0,0.0,1.32,0.27,0.14,1.0,0.0,0.0,0.0,0.0,0.0,0.0,0.0,1.0,1.0,0.0,0.0,0.0,0.0,1.0,0.0,0.0,0.0,0.2119087943270242,19.1002617783107,19.20104163841123
8404,336.12,0.98,1,0.028,0.302,0.048,-0.048,-0.031,0.68,0.01,0.0,0.0,0.0,1.82,0.0,0.62,0.35,0.0,0.05,0.16,0.0,0.0,0.97,0.19,0.19,1.0,0.0,0.0,0.0,0.0,0.0,0.0,0.0,1.0,1.0,0.0,0.0,0.0,0.0,1.0,0.0,0.0,0.0,0.20865551865050375,19.40927613281842,19.402319448972968
8405,336.16,0.98,1,0.026,0.301,0.046,-0.042,-0.031,0.64,0.01,0.0,0.0,0.0,1.88,0.0,0.4,0.36,0.0,0.05,0.27,0.0,0.0,0.55,0.12,0.15,1.0,0.0,0.0,0.0,0.0,0.0,0.0,0.0,1.0,1.0,0.0,0.0,0.0,0.0,1.0,0.0,0.0,0.0,0.21749940328721518,19.70025380547169,20.103979705520906
8406,336.2,0.98,1,0.014,0.296,0.043,-0.041,-0.031,0.58,0.01,0.0,0.0,0.0,2.11,0.0,0.2,0.41,0.0,0.06,0.37,0.0,0.03,0.17,0.02,0.09,1.0,0.0,0.0,0.0,0.0,1.0,0.0,0.0,1.0,1.0,0.0,0.0,0.0,0.0,0.0,0.0,0.0,0.0,0.22386708793427756,20.303940504246906,20.20618717126024
8407,336.24,0.98,1,0.008,0.294,0.046,-0.034,-0.033,0.44,0.0,0.0,0.0,0.0,2.01,0.0,0.1,0.45,0.01,0.11,0.44,0.0,0.14,0.03,0.0,0.0,1.0,0.0,0.0,0.0,0.0,1.0,0.0,0.0,1.0,1.0,0.0,0.0,0.0,0.0,0.0,0.0,0.0,0.0,0.23425945602954973,20.120139164528794,20.500975586542218
8408,336.28,0.98,1,0.007,0.294,0.05,-0.032,-0.031,0.31,0.0,0.0,0.0,0.0,2.15,0.0,0.1,0.49,0.01,0.21,0.58,0.0,0.25,0.0,0.0,0.0,1.0,0.0,0.0,0.0,0.0,1.0,0.0,0.0,1.0,1.0,0.0,0.0,0.0,0.0,0.0,0.0,0.0,0.0,0.2235529661615453,21.539266468475667,20.600970850908855
8409,336.32,0.98,1,0.005,0.287,0.054,-0.028,-0.034,0.37,0.0,0.0,0.0,0.0,2.27,0.0,0.1,0.55,0.11,0.25,0.61,0.0,0.35,0.0,0.0,0.0,1.0,0.0,0.0,0.0,0.0,1.0,0.0,0.0,1.0,1.0,0.0,0.0,0.0,0.0,0.0,0.0,0.0,0.0,0.2210438076249549,21.35275157912905,20.900956915892497
8410,336.36,0.98,1,0.007,0.279,0.054,-0.03,-0.032,0.51,0.01,0.0,0.02,0.0,2.48,0.0,0.04,0.53,0.18,0.26,0.62,0.0,0.41,0.0,0.0,0.0,1.0,0.0,0.0,0.0,0.0,1.0,0.0,0.0,1.0,1.0,0.0,1.0,0.0,0.0,0.0,0.0,0.0,0.0,0.23543460354947168,21.37592103278823,21.30023474049072
8411,336.4,0.98,1,0.008,0.286,0.052,-0.027,-0.033,0.69,0.04,0.0,0.02,0.0,2.45,0.0,0.02,0.52,0.38,0.32,0.59,0.0,0.5,0.0,0.0,0.0,1.0,0.0,0.0,0.0,0.0,1.0,0.0,0.0,1.0,1.0,0.0,1.0,0.0,0.0,0.0,0.0,0.0,0.0,0.23653019317612034,21.339634486092017,21.59999999999991
8412,336.44,0.98,1,0.008,0.298,0.058,-0.031,-0.032,0.72,0.09,0.0,0.02,0.0,2.31,0.0,0.0,0.45,0.38,0.36,0.64,0.0,0.59,0.0,0.0,0.0,1.0,0.0,0.0,0.0,0.0,1.0,0.0,0.0,1.0,1.0,0.0,1.0,0.0,0.0,0.0,0.0,0.0,0.0,0.24151345692653087,21.65202069091927,21.800000000000182
8413,336.48,0.98,1,0.01,0.296,0.056,-0.035,-0.03,0.64,0.08,0.0,0.0,0.0,2.13,0.0,0.0,0.4,0.37,0.36,0.61,0.0,0.64,0.0,0.07,0.0,1.0,0.0,0.0,0.0,0.0,1.0,0.0,0.0,1.0,1.0,0.0,1.0,0.0,0.0,0.0,0.0,0.0,0.0,0.2478457768762605,21.758906222510404,21.600000000000136
8414,336.52,0.98,1,0.02,0.293,0.064,-0.035,-0.034,0.71,0.05,0.0,0.0,0.0,1.78,0.0,0.0,0.32,0.25,0.32,0.57,0.02,0.74,0.0,0.22,0.0,1.0,0.0,0.0,0.0,0.0,0.0,0.0,0.0,1.0,1.0,0.0,1.0,0.0,0.0,0.0,0.0,0.0,0.0,0.25439880816129357,21.683403791840338,21.900228309312077
8415,336.56,0.98,1,0.014,0.302,0.074,-0.04,-0.032,0.69,0.0,0.0,0.0,0.0,1.75,0.0,0.0,0.26,0.26,0.3,0.61,0.08,0.91,0.0,0.38,0.0,1.0,0.0,0.0,0.0,0.0,0.0,0.0,0.0,0.0,1.0,0.0,1.0,0.0,0.0,0.0,1.0,0.0,0.0,0.2642162767027918,21.882641522448754,22.402008838494684
8416,336.6,0.98,1,0.012,0.296,0.082,-0.048,-0.034,0.75,0.03,0.0,0.05,0.0,1.63,0.0,0.0,0.2,0.33,0.34,0.66,0.26,1.05,0.0,0.51,0.0,1.0,0.0,0.0,0.0,0.0,0.0,0.0,0.0,0.0,1.0,0.0,1.0,0.0,0.0,0.0,1.0,0.0,0.0,0.27433784179456977,22.010224896624845,22.40200883849491
8417,336.64,0.98,1,0.004,0.291,0.08,-0.044,-0.039,0.64,0.04,0.0,0.05,0.0,1.83,0.0,0.0,0.23,0.43,0.27,0.7,0.44,1.08,0.0,0.48,0.0,1.0,0.0,0.0,0.0,0.0,0.0,0.0,0.0,0.0,1.0,0.0,1.0,1.0,0.0,0.0,1.0,0.0,0.0,0.2756285644582953,22.01022489662462,23.0
8418,336.68,0.98,1,-0.005,0.275,0.076,-0.042,-0.041,0.58,0.04,0.0,0.05,0.0,1.69,0.0,0.0,0.3,0.59,0.2,0.74,0.55,1.04,0.0,0.54,0.0,1.0,0.0,0.0,0.0,0.0,0.0,0.0,0.0,0.0,1.0,0.0,1.0,1.0,0.0,0.0,1.0,0.0,0.0,0.28158736838737525,22.21936092690351,22.303587155433046
8419,336.72,0.98,1,0.001,0.27,0.078,-0.044,-0.044,0.51,0.0,0.0,0.0,0.0,1.67,0.0,0.0,0.44,0.82,0.17,0.79,0.57,0.98,0.0,0.47,0.0,1.0,0.0,0.0,0.0,0.0,0.0,0.0,0.0,0.0,1.0,0.0,1.0,1.0,0.0,0.0,1.0,0.0,0.0,0.27977921758451774,21.910727965998703,22.208106627985917
8420,336.76,0.98,1,0.016,0.276,0.079,-0.044,-0.045,0.45,0.0,0.0,0.0,0.0,1.58,0.0,0.0,0.58,1.03,0.19,0.84,0.56,1.0,0.0,0.41,0.0,1.0,1.0,0.0,0.0,0.0,0.0,0.0,0.0,0.0,1.0,0.0,1.0,1.0,0.0,0.0,1.0,0.0,0.0,0.28026978259934726,21.910727965998703,23.30085835328814
8421,336.8,0.98,1,0.021,0.259,0.077,-0.036,-0.046,0.42,0.0,0.0,0.1,0.0,1.62,0.0,0.0,0.66,1.18,0.14,0.89,0.62,1.0,0.0,0.36,0.0,1.0,1.0,0.0,0.0,0.0,0.0,0.0,0.0,1.0,1.0,0.0,1.0,1.0,0.0,0.0,1.0,0.0,0.0,0.2778938617177579,21.484180226389924,22.601991062735955
8422,336.84,0.98,1,0.028,0.26,0.071,-0.048,-0.041,0.36,0.0,0.0,0.15,0.0,1.7,0.0,0.0,0.71,1.25,0.07,0.97,0.59,0.99,0.0,0.34,0.0,1.0,1.0,0.0,0.0,0.0,0.0,0.0,0.0,1.0,1.0,0.0,1.0,1.0,0.0,0.0,1.0,0.0,0.0,0.2785537931316975,21.393690658696503,23.10346294389644
8423,336.88,0.98,1,0.015,0.269,0.082,-0.048,-0.043,0.33,0.0,0.0,0.15,0.0,1.95,0.0,0.0,0.74,1.28,0.01,0.99,0.64,0.99,0.0,0.46,0.0,1.0,1.0,0.0,0.0,0.0,0.0,0.0,0.0,1.0,1.0,0.0,1.0,1.0,0.0,0.0,1.0,0.0,0.0,0.2883131412537564,22.119900542271893,22.907858913482162
8424,336.92,0.98,1,0.017,0.282,0.079,-0.049,-0.043,0.45,0.0,0.0,0.05,0.0,2.02,0.0,0.0,0.79,1.23,0.07,0.94,0.63,0.91,0.0,0.39,0.41,1.0,1.0,0.0,0.0,0.0,0.0,0.0,0.0,1.0,1.0,0.0,1.0,0.0,0.0,0.0,1.0,0.0,0.0,0.27251541169777566,21.393690658696503,22.20202693449411
8425,336.96,0.98,1,-0.003,0.32,0.072,-0.038,-0.042,0.82,0.2,0.0,0.0,0.0,1.64,0.0,0.07,0.85,1.31,0.06,0.79,0.67,0.76,0.0,0.48,1.17,1.0,1.0,0.0,0.0,0.0,0.0,0.0,0.0,0.0,1.0,0.0,1.0,0.0,0.0,0.0,1.0,0.0,1.0,0.22787871104863633,17.707060738586787,17.45222048909531
8426,337.0,0.98,1,0.012,0.464,0.084,-0.057,-0.039,1.09,0.36,0.0,0.0,0.0,1.09,0.0,0.07,0.89,1.35,0.06,0.75,0.53,0.48,0.0,0.49,1.71,1.0,1.0,0.0,0.0,0.0,0.0,0.0,0.0,1.0,1.0,0.0,1.0,0.0,0.0,0.0,1.0,0.0,1.0,0.17673030194911854,15.81455026233757,18.00055554698252
8427,337.04,0.98,1,0.017,0.447,0.083,-0.049,-0.035,1.18,0.44,0.05,0.0,0.0,0.82,0.0,0.07,0.81,1.32,0.0,0.59,0.4,0.32,0.0,0.47,1.73,1.0,1.0,0.0,0.0,0.0,0.0,0.0,0.0,1.0,1.0,0.0,1.0,0.0,0.0,0.0,1.0,0.0,1.0,0.1742259531303389,16.32298992219238,17.68191166135599
8428,337.08,0.98,1,0.027,0.392,0.066,-0.046,-0.031,0.97,0.36,0.05,0.0,0.0,1.12,0.0,0.0,0.76,1.13,0.0,0.55,0.27,0.42,0.0,0.5,1.25,1.0,1.0,0.0,0.0,0.0,0.0,0.0,0.0,0.0,1.0,0.0,0.0,0.0,0.0,0.0,1.0,0.0,1.0,0.18473750294295083,16.949926253526748,19.60229578391266
8429,337.12,0.98,1,0.044,0.323,0.09,-0.051,-0.039,0.87,0.26,0.07,0.0,0.05,1.64,0.0,0.0,0.71,1.03,0.0,0.43,0.38,0.56,0.0,0.59,0.82,1.0,1.0,0.0,0.0,0.0,0.0,0.0,0.0,0.0,1.0,0.0,0.0,0.0,0.0,0.0,1.0,0.0,1.0,0.2050661597196602,17.55591068557823,20.35411506305302
8430,337.16,0.98,1,0.034,0.314,0.091,-0.057,-0.033,0.77,0.19,0.02,0.0,0.08,2.0,0.0,0.01,0.72,1.03,0.0,0.41,0.34,0.63,0.04,0.85,0.43,1.0,1.0,0.0,0.0,0.0,0.0,0.0,0.0,0.0,1.0,0.0,0.0,0.0,0.0,0.0,1.0,0.0,1.0,0.19533163148913502,18.12760326132489,18.332484828849616
8431,337.2,0.98,1,0.024,0.327,0.101,-0.059,-0.032,0.75,0.07,0.01,0.01,0.08,2.05,0.0,0.01,0.7,1.0,0.05,0.38,0.42,0.57,0.11,0.99,0.16,1.0,1.0,0.0,0.0,0.0,0.0,0.0,0.0,0.0,1.0,0.0,0.0,0.0,0.0,0.0,1.0,0.0,1.0,0.20187707324119658,17.906981878585658,17.947144619687975
8432,337.24,0.98,1,0.033,0.284,0.1,-0.051,-0.031,0.71,0.13,0.0,0.01,0.02,1.92,0.0,0.01,0.63,0.89,0.05,0.46,0.41,0.62,0.11,1.04,0.05,1.0,1.0,0.0,0.0,0.0,0.0,0.0,0.0,1.0,1.0,0.0,0.0,0.0,0.0,0.0,1.0,0.0,0.0,0.23497713721106273,19.209372712298592,18.21345656376081
8433,337.28,0.98,1,0.036,0.27,0.09,-0.043,-0.024,0.8,0.14,0.0,0.04,0.0,1.8,0.0,0.0,0.64,0.9,0.06,0.62,0.7,0.69,0.07,0.99,0.0,1.0,1.0,0.0,0.0,0.0,0.0,0.0,0.0,1.0,1.0,0.0,0.0,0.0,0.0,0.0,1.0,0.0,0.0,0.24069863367252248,20.106217943710984,18.10994202088998
8434,337.32,0.98,1,0.046,0.268,0.088,-0.047,-0.025,0.72,0.14,0.0,0.03,0.0,1.82,0.0,0.0,0.64,0.93,0.02,0.71,0.75,0.71,0.0,0.93,0.0,1.0,1.0,0.0,0.0,0.0,0.0,0.0,0.0,1.0,1.0,0.0,0.0,0.0,0.0,0.0,1.0,0.0,0.0,0.24441698180825272,21.323461257497527,19.004210059878837
8435,337.36,0.98,1,0.032,0.284,0.093,-0.042,-0.024,0.63,0.1,0.0,0.09,0.03,1.87,0.0,0.0,0.68,0.98,0.02,0.77,0.71,0.73,0.0,0.9,0.0,1.0,1.0,0.0,0.0,0.0,0.0,0.0,0.0,1.0,1.0,0.0,0.0,0.0,0.0,0.0,1.0,0.0,0.0,0.23756971210636496,21.614809737770212,19.516403357176237
8436,337.4,0.93,1,0.021,0.283,0.095,-0.041,-0.023,0.57,0.16,0.0,0.09,0.06,1.83,0.0,0.0,0.69,0.95,0.0,0.61,0.68,0.73,0.02,0.93,0.0,1.0,1.0,0.0,0.0,0.0,0.0,0.0,0.0,1.0,1.0,0.0,0.0,0.0,0.0,0.0,1.0,0.0,0.0,0.2503747110200132,19.799999999999955,19.90904317138306
8437,337.44,0.98,1,0.016,0.264,0.1,-0.042,-0.027,0.63,0.22,0.0,0.09,0.11,1.81,0.0,0.16,0.75,0.92,0.0,0.43,0.76,0.58,0.25,0.94,0.0,1.0,1.0,0.0,0.0,0.0,0.0,0.0,0.0,1.0,1.0,0.0,0.0,0.0,0.0,1.0,1.0,0.0,0.0,0.2599038485326649,19.800252523642172,19.601020381602723
8438,337.48,0.98,1,0.015,0.281,0.109,-0.061,-0.029,0.64,0.13,0.0,0.06,0.13,1.77,0.0,0.4,0.84,0.85,0.0,0.17,0.72,0.32,0.51,0.97,0.0,1.0,1.0,0.0,0.0,0.0,0.0,0.0,0.0,1.0,1.0,0.0,0.0,0.0,0.0,1.0,1.0,0.0,0.0,0.2634560564861326,20.20618717126024,19.90100499974822
8439,337.52,0.98,1,0.021,0.278,0.099,-0.061,-0.028,0.61,0.06,0.0,0.03,0.15,2.1,0.0,0.6,0.92,0.76,0.06,0.05,0.43,0.07,0.73,0.94,0.0,1.0,1.0,0.0,0.0,0.0,1.0,0.0,0.0,1.0,1.0,0.0,0.0,0.0,0.0,1.0,1.0,0.0,0.0,0.2608918032404991,20.611889772652976,20.102238681301056
8440,337.56,0.98,1,0.027,0.293,0.088,-0.052,-0.029,0.58,0.0,0.0,0.03,0.11,2.31,0.0,0.64,0.94,0.72,0.12,0.18,0.15,0.0,0.63,0.86,0.0,1.0,1.0,0.0,0.0,0.0,1.0,0.0,0.0,1.0,1.0,0.0,0.0,0.0,0.0,1.0,1.0,0.0,0.0,0.24757756666466837,19.90904317138306,20.40392119177105
8441,337.6,0.98,1,0.022,0.329,0.077,-0.045,-0.033,0.62,0.14,0.0,0.0,0.07,2.29,0.0,0.61,0.94,0.72,0.16,0.23,0.0,0.0,0.59,0.89,0.0,1.0,1.0,0.0,0.0,0.0,1.0,0.0,0.0,1.0,1.0,0.0,0.0,0.0,0.0,1.0,1.0,0.0,0.0,0.21603201269297156,19.70228413154175,20.306156701847797
8442,337.64,0.98,1,0.015,0.288,0.068,-0.041,-0.033,0.66,0.2,0.0,0.0,0.03,2.37,0.0,0.66,0.94,0.73,0.25,0.28,0.0,0.0,0.57,0.99,0.0,1.0,1.0,0.0,0.0,0.0,1.0,0.0,0.0,1.0,1.0,0.0,0.0,0.0,0.0,1.0,1.0,0.0,0.0,0.2456302528769622,20.20618717126024,19.700253805471462
8443,337.68,0.98,1,0.01,0.331,0.077,-0.035,-0.032,0.73,0.2,0.0,0.0,0.01,2.29,0.0,0.67,0.99,0.74,0.37,0.12,0.0,0.0,0.78,1.05,0.36,1.0,1.0,0.0,0.0,0.0,1.0,0.0,0.0,1.0,1.0,0.0,0.0,0.0,0.0,1.0,1.0,0.0,0.0,0.21223435526456982,19.50230755577401,20.500975586542218
8444,337.72,0.98,1,0.011,0.316,0.071,-0.037,-0.027,0.98,0.23,0.0,0.0,0.0,1.99,0.0,0.71,1.1,0.89,0.39,0.14,0.0,0.0,0.96,0.96,1.31,1.0,1.0,0.0,0.0,0.0,1.0,0.0,0.0,1.0,1.0,0.0,0.0,0.0,0.0,1.0,1.0,0.0,1.0,0.22255136528418012,18.202472359545055,18.786431273661368
8445,337.76,0.98,1,0.019,0.445,0.071,-0.054,-0.023,1.27,0.39,0.0,0.0,0.0,1.33,0.0,0.77,1.16,1.02,0.32,0.11,0.0,0.0,1.22,0.8,2.18,1.0,1.0,0.0,0.0,0.0,1.0,0.0,0.0,1.0,1.0,0.0,0.0,0.0,0.0,1.0,1.0,0.0,1.0,0.1756753420583432,15.482893786369605,19.343732835210428
8446,337.8,0.98,1,0.003,0.452,0.08,-0.053,-0.024,1.38,0.58,0.0,0.0,0.0,0.96,0.0,0.88,1.11,1.1,0.22,0.16,0.0,0.0,1.28,0.76,2.48,1.0,1.0,0.0,0.0,0.0,1.0,0.0,0.0,1.0,1.0,0.0,0.0,0.0,0.0,1.0,1.0,0.0,1.0,0.17747087115214616,15.871042813879804,18.445866745696804
8447,337.84,0.98,1,-0.001,0.42,0.059,-0.034,-0.021,1.34,0.71,0.0,0.0,0.0,1.29,0.0,0.88,1.03,0.89,0.17,0.08,0.0,0.0,1.34,0.9,1.89,1.0,1.0,0.0,0.0,0.0,1.0,0.0,0.0,1.0,1.0,0.0,0.0,0.0,0.0,1.0,1.0,0.0,1.0,0.17556434517421085,17.61022430294415,21.03425777154973
8448,337.88,0.98,1,-0.023,0.362,0.076,-0.026,-0.031,1.3,0.8,0.0,0.0,0.04,1.7,0.0,0.8,1.01,0.69,0.11,0.04,0.0,0.0,1.38,1.13,1.29,1.0,1.0,0.0,0.0,0.0,1.0,0.0,0.0,1.0,1.0,0.0,0.0,0.0,0.0,1.0,1.0,0.0,1.0,0.19470275748378904,17.00735135169495,21.04661492972208
8449,337.92,0.98,1,-0.0,0.32,0.078,-0.025,-0.037,1.32,0.82,0.0,0.0,0.07,2.05,0.0,0.72,1.07,0.53,0.05,0.0,0.0,0.0,1.55,1.31,0.72,1.0,1.0,0.0,0.0,0.0,1.0,0.0,0.0,1.0,1.0,0.0,0.0,0.0,0.0,1.0,1.0,0.0,1.0,0.20152409395090576,17.80112356004526,17.066048165876012
8450,337.96,0.98,1,-0.001,0.314,0.075,-0.036,-0.034,1.22,0.62,0.0,0.0,0.12,2.24,0.0,0.78,1.06,0.54,0.1,0.0,0.0,0.0,1.58,1.41,0.41,1.0,1.0,0.0,0.0,0.0,1.0,0.0,0.0,1.0,1.0,0.0,0.0,0.0,0.0,1.0,1.0,0.0,0.0,0.21245357697799455,17.802527910384143,17.722866585290358
8451,338.0,0.98,1,0.01,0.322,0.087,-0.033,-0.036,1.09,0.32,0.0,0.0,0.14,2.36,0.0,0.77,1.01,0.55,0.09,0.0,0.0,0.0,1.62,1.46,0.14,1.0,1.0,0.0,0.0,1.0,1.0,0.0,0.0,1.0,1.0,0.0,0.0,0.0,0.0,1.0,1.0,0.0,0.0,0.21814081756810338,18.704277585622002,18.40679222461109
8452,338.04,0.98,1,0.007,0.311,0.084,-0.034,-0.035,1.09,0.09,0.0,0.0,0.16,2.46,0.0,0.74,0.93,0.51,0.1,0.0,0.0,0.0,1.52,1.57,0.05,1.0,1.0,0.0,0.0,1.0,1.0,0.0,0.0,1.0,1.0,0.0,0.0,0.0,0.0,1.0,1.0,0.0,0.0,0.22267302200017075,18.90000000000009,18.60026881526192
8453,338.08,0.98,1,0.012,0.306,0.078,-0.032,-0.033,1.07,0.0,0.0,0.0,0.14,2.36,0.0,0.59,0.87,0.46,0.09,0.0,0.0,0.0,1.43,1.67,0.0,1.0,1.0,0.0,0.0,1.0,1.0,0.0,0.0,1.0,1.0,0.0,0.0,0.0,0.0,1.0,1.0,0.0,0.0,0.21808893799565912,19.00026315607234,18.5024322725419
8454,338.12,0.98,1,0.02,0.298,0.074,-0.037,-0.034,1.0,0.0,0.0,0.0,0.09,2.39,0.0,0.59,0.77,0.34,0.14,0.06,0.0,0.0,1.24,1.75,0.0,1.0,1.0,0.0,0.0,1.0,1.0,0.0,0.0,1.0,1.0,0.0,0.0,0.0,0.0,1.0,1.0,0.0,0.0,0.2261401862588457,20.000249998437518,19.402319448972968
8455,338.16,0.98,1,0.014,0.312,0.068,-0.04,-0.029,0.95,0.11,0.0,0.0,0.03,2.34,0.0,0.43,0.71,0.29,0.24,0.19,0.0,0.0,0.9,1.57,0.0,1.0,1.0,0.0,0.0,0.0,1.0,0.0,0.0,1.0,1.0,0.0,0.0,0.0,0.0,1.0,1.0,0.0,0.0,0.20201414464765743,20.400980368600028,19.199999999999818
8456,338.2,0.98,1,0.004,0.3,0.058,-0.041,-0.028,1.02,0.38,0.0,0.0,0.0,2.38,0.0,0.36,0.67,0.39,0.31,0.43,0.0,0.03,0.49,1.1,0.0,1.0,1.0,0.0,0.0,0.0,1.0,0.0,0.0,1.0,1.0,0.0,0.0,0.0,0.0,1.0,1.0,0.0,0.0,0.23710870753771648,20.908610666421712,20.60218435020899
8457,338.24,0.98,1,0.013,0.288,0.055,-0.037,-0.032,1.13,0.53,0.0,0.0,0.0,2.21,0.0,0.18,0.69,0.54,0.4,0.59,0.0,0.13,0.14,0.72,0.0,1.0,0.0,0.0,0.0,0.0,1.0,0.0,0.0,1.0,1.0,0.0,0.0,0.0,0.0,0.0,0.0,0.0,0.0,0.2422357584376566,20.711832367031217,20.80384579831353
8458,338.28,0.98,1,0.017,0.31,0.06,-0.035,-0.03,1.11,0.42,0.0,0.0,0.0,2.06,0.0,0.17,0.71,0.58,0.42,0.7,0.0,0.26,0.0,0.53,0.0,1.0,1.0,0.0,0.0,0.0,1.0,0.0,0.0,1.0,1.0,0.0,1.0,0.0,0.0,0.0,0.0,0.0,0.0,0.2175774868998338,20.81537893001225,21.418916872708664
8459,338.32,0.98,1,0.018,0.306,0.057,-0.042,-0.026,0.97,0.15,0.0,0.0,0.0,1.9,0.0,0.29,0.76,0.5,0.41,0.75,0.0,0.35,0.0,0.44,0.0,1.0,1.0,0.0,0.0,0.0,1.0,0.0,0.0,1.0,1.0,0.0,1.0,0.0,0.0,0.0,0.0,0.0,0.0,0.23754405638555637,21.246176126541027,21.708293346092457
8460,338.36,0.98,1,0.019,0.301,0.061,-0.04,-0.031,0.81,0.07,0.0,0.0,0.0,1.91,0.0,0.33,0.73,0.31,0.32,0.76,0.0,0.4,0.0,0.26,0.0,1.0,1.0,0.0,0.0,0.0,1.0,0.0,0.0,1.0,1.0,0.0,1.0,0.0,0.0,0.0,0.0,0.0,0.0,0.23745074148562917,21.393690658696503,22.40022321317366
8461,338.4,0.98,1,0.02,0.298,0.044,-0.035,-0.027,0.82,0.07,0.0,0.0,0.0,1.97,0.0,0.38,0.73,0.27,0.17,0.79,0.0,0.43,0.0,0.09,0.0,1.0,1.0,0.0,0.0,0.0,1.0,0.0,0.0,1.0,1.0,0.0,1.0,0.0,0.0,0.0,0.0,0.0,0.0,0.21867875406288018,21.758906222510397,22.127358631341338
8462,338.44,0.98,1,0.025,0.291,0.043,-0.033,-0.027,0.8,0.07,0.0,0.01,0.0,2.0,0.0,0.32,0.63,0.23,0.07,0.68,0.0,0.42,0.0,0.03,0.0,1.0,1.0,0.0,0.0,0.0,1.0,0.0,0.0,1.0,1.0,0.0,1.0,0.0,0.0,0.0,0.0,0.0,0.0,0.221149882006847,21.493254755853147,22.42231031807392
8463,338.48,0.98,1,0.021,0.3,0.05,-0.038,-0.025,0.77,0.0,0.0,0.01,0.0,1.99,0.0,0.24,0.62,0.19,0.1,0.54,0.0,0.31,0.03,0.12,0.0,1.0,1.0,0.0,0.0,0.0,1.0,0.0,0.0,1.0,1.0,0.0,0.0,0.0,0.0,0.0,0.0,0.0,0.0,0.2232827808627183,21.79197099851232,22.510886255321005
8464,338.52,0.98,1,0.018,0.295,0.062,-0.046,-0.024,0.66,0.05,0.0,0.01,0.0,1.88,0.0,0.15,0.59,0.24,0.16,0.29,0.0,0.14,0.17,0.36,0.0,1.0,1.0,0.0,0.0,0.0,1.0,0.0,0.0,1.0,1.0,0.0,0.0,0.0,0.0,0.0,0.0,0.0,0.0,0.2518371112184872,22.299103120977804,23.300858353288373
8465,338.56,0.98,1,0.023,0.307,0.074,-0.046,-0.026,0.66,0.12,0.0,0.0,0.0,1.93,0.0,0.07,0.63,0.19,0.24,0.16,0.0,0.03,0.41,0.7,0.2,1.0,1.0,0.0,0.0,0.0,0.0,0.0,0.0,1.0,1.0,0.0,0.0,0.0,0.0,1.0,1.0,0.0,0.0,0.2412847973640614,21.910727965998717,22.800219297190935
8466,338.6,0.98,1,0.02,0.316,0.072,-0.039,-0.03,0.91,0.2,0.0,0.0,0.0,1.39,0.0,0.1,0.61,0.35,0.34,0.09,0.0,0.0,0.69,0.95,1.02,1.0,1.0,0.0,0.0,0.0,0.0,0.0,0.0,1.0,1.0,0.0,0.0,0.0,0.0,1.0,1.0,0.0,1.0,0.21343689665515825,18.002499826412997,18.940168953839827
8467,338.64,0.98,1,0.047,0.432,0.057,-0.058,-0.024,1.24,0.19,0.0,0.0,0.0,1.15,0.0,0.2,0.58,0.39,0.45,0.17,0.0,0.0,0.85,1.02,1.78,1.0,1.0,0.0,0.0,0.0,0.0,0.0,0.0,1.0,1.0,0.0,0.0,0.0,0.0,1.0,1.0,0.0,1.0,0.17901800216509964,19.303885619221663,20.816579930430493
8468,338.68,0.98,1,0.032,0.433,0.061,-0.047,-0.027,1.45,0.19,0.0,0.0,0.0,0.77,0.0,0.24,0.51,0.38,0.48,0.17,0.0,0.0,0.92,1.06,2.06,1.0,1.0,0.0,0.0,0.0,0.0,0.0,0.0,1.0,1.0,0.0,0.0,0.0,0.0,1.0,1.0,0.0,1.0,0.17921196342921752,16.876018487783146,20.29876843554805
8469,338.72,0.98,1,0.033,0.382,0.057,-0.035,-0.031,1.4,0.11,0.0,0.0,0.0,1.3,0.0,0.26,0.52,0.3,0.34,0.25,0.0,0.0,0.81,1.15,1.49,1.0,1.0,0.0,0.0,0.0,0.0,0.0,0.0,1.0,1.0,0.0,0.0,0.0,0.0,1.0,1.0,0.0,1.0,0.19272430382104397,18.301092863542284,18.22141597132355
8470,338.76,0.98,1,0.015,0.319,0.071,-0.041,-0.038,1.28,0.17,0.0,0.0,0.0,1.78,0.0,0.31,0.56,0.25,0.35,0.22,0.0,0.0,0.67,1.21,0.95,1.0,1.0,0.0,0.0,0.0,0.0,0.0,0.0,1.0,1.0,0.0,0.0,0.0,0.0,1.0,1.0,0.0,1.0,0.2145808952964232,17.202616080119952,18.288794383446973
8471,338.8,0.98,1,0.01,0.309,0.068,-0.039,-0.038,1.19,0.26,0.0,0.0,0.0,2.2,0.0,0.3,0.65,0.31,0.33,0.26,0.0,0.0,0.56,1.24,0.62,1.0,1.0,0.0,0.0,0.0,1.0,0.0,0.0,1.0,1.0,0.0,0.0,0.0,0.0,1.0,1.0,0.0,1.0,0.2029671389172717,18.002499826412997,18.24636950190371
8472,338.84,0.98,1,0.021,0.306,0.076,-0.04,-0.042,1.17,0.36,0.0,0.0,0.0,2.31,0.0,0.33,0.66,0.38,0.47,0.23,0.0,0.0,0.56,1.22,0.37,1.0,1.0,0.0,0.0,0.0,1.0,0.0,0.0,1.0,1.0,0.0,0.0,0.0,0.0,1.0,1.0,0.0,0.0,0.22374121611360442,18.104419349981836,18.106904760339493
8473,338.88,0.98,1,0.013,0.293,0.067,-0.042,-0.04,1.08,0.43,0.0,0.0,0.0,2.31,0.0,0.3,0.66,0.39,0.46,0.28,0.0,0.0,0.67,1.23,0.16,1.0,1.0,0.0,0.0,0.0,1.0,0.0,0.0,1.0,1.0,0.0,0.0,0.0,0.0,1.0,1.0,0.0,0.0,0.24191639026001752,18.301092863542284,19.212756179163698
8474,338.92,0.98,1,0.015,0.309,0.067,-0.045,-0.041,0.92,0.36,0.0,0.0,0.0,2.15,0.0,0.28,0.64,0.36,0.49,0.28,0.0,0.0,0.7,1.18,0.0,1.0,1.0,0.0,0.0,0.0,1.0,0.0,0.0,1.0,1.0,0.0,0.0,0.0,0.0,1.0,1.0,0.0,0.0,0.23661487748452065,19.30414463269477,19.10942175995928
8475,338.96,0.98,1,0.011,0.314,0.062,-0.042,-0.041,0.71,0.31,0.0,0.0,0.0,2.1,0.0,0.24,0.66,0.32,0.38,0.2,0.0,0.0,0.77,1.14,0.0,1.0,1.0,0.0,0.0,0.0,1.0,0.0,0.0,1.0,1.0,0.0,0.0,0.0,0.0,1.0,1.0,0.0,0.0,0.22977427217223498,19.304144632694996,19.809088823062968
8476,339.0,0.98,1,0.011,0.308,0.063,-0.042,-0.042,0.65,0.28,0.0,0.0,0.0,2.05,0.0,0.13,0.68,0.26,0.26,0.1,0.0,0.0,0.71,1.12,0.0,1.0,1.0,0.0,0.0,0.0,1.0,0.0,0.0,1.0,1.0,0.0,0.0,0.0,0.0,1.0,1.0,0.0,0.0,0.22810092949883087,20.819462048765992,20.508778608196053
8477,339.04,0.98,1,0.012,0.308,0.066,-0.041,-0.042,0.67,0.25,0.0,0.0,0.0,2.12,0.0,0.11,0.71,0.23,0.3,0.05,0.0,0.0,0.68,1.13,0.0,1.0,1.0,0.0,0.0,0.0,1.0,0.0,0.0,1.0,1.0,0.0,0.0,0.0,0.0,1.0,1.0,0.0,0.0,0.2421312799946277,20.75427666771362,20.799999999999955
8478,339.08,0.98,1,0.013,0.309,0.068,-0.041,-0.043,0.69,0.21,0.0,0.0,0.0,2.0,0.0,0.13,0.69,0.2,0.34,0.11,0.0,0.0,0.67,1.09,0.0,1.0,1.0,0.0,0.0,0.0,1.0,0.0,0.0,1.0,1.0,0.0,0.0,0.0,0.0,1.0,1.0,0.0,0.0,0.24322972259091336,20.961154548354305,20.900239233080654
8479,339.12,0.98,1,0.008,0.311,0.069,-0.042,-0.041,0.63,0.13,0.0,0.0,0.0,1.91,0.0,0.2,0.68,0.2,0.43,0.17,0.0,0.0,0.74,1.0,0.0,1.0,1.0,0.0,0.0,0.0,1.0,0.0,0.0,1.0,1.0,0.0,0.0,0.0,0.0,1.0,1.0,0.0,0.0,0.2441460451483019,20.946837470128855,21.200000000000045
8480,339.16,0.98,1,0.005,0.305,0.063,-0.04,-0.04,0.57,0.14,0.0,0.0,0.0,1.76,0.0,0.18,0.65,0.16,0.4,0.19,0.0,0.0,0.77,0.98,0.0,1.0,1.0,0.0,0.0,0.0,1.0,0.0,0.0,1.0,1.0,0.0,0.0,0.0,0.0,1.0,1.0,0.0,0.0,0.23655372274858416,21.36000936329401,21.299999999999955
8481,339.2,0.98,1,-0.013,0.309,0.071,-0.04,-0.042,0.59,0.28,0.0,0.0,0.0,1.82,0.0,0.2,0.63,0.16,0.35,0.16,0.0,0.0,0.79,0.96,0.0,1.0,1.0,0.0,0.0,0.0,1.0,0.0,0.0,1.0,1.0,0.0,0.0,0.0,0.0,1.0,1.0,0.0,0.0,0.23737878713896743,21.659178193089325,21.303755537463523
8482,339.24,0.98,1,-0.016,0.297,0.063,-0.037,-0.041,0.57,0.25,0.0,0.0,0.0,1.95,0.0,0.22,0.6,0.11,0.27,0.1,0.0,0.0,0.78,0.98,0.0,1.0,1.0,0.0,0.0,0.0,1.0,0.0,0.0,1.0,1.0,0.0,0.0,0.0,0.0,1.0,1.0,0.0,0.0,0.24151380097160297,22.2272355456094,20.60218435020899
8483,339.28,0.98,1,-0.017,0.292,0.065,-0.038,-0.039,0.56,0.26,0.0,0.0,0.0,2.09,0.0,0.3,0.63,0.09,0.29,0.03,0.0,0.0,0.84,1.03,0.0,1.0,1.0,0.0,0.0,0.0,1.0,0.0,0.0,1.0,1.0,0.0,0.0,0.0,0.0,1.0,1.0,0.0,0.0,0.23602596774254742,22.157842855296092,21.100947846009102
8484,339.32,0.98,1,-0.012,0.301,0.072,-0.038,-0.04,0.57,0.24,0.0,0.0,0.0,2.16,0.0,0.33,0.66,0.04,0.23,0.04,0.0,0.0,0.79,1.08,0.0,1.0,1.0,0.0,0.0,0.0,1.0,0.0,0.0,1.0,1.0,0.0,0.0,0.0,0.0,1.0,1.0,0.0,0.0,0.22948500777664022,22.372527796384517,21.800229356591597
8485,339.36,0.98,1,-0.012,0.318,0.067,-0.035,-0.04,0.67,0.23,0.0,0.0,0.0,2.06,0.0,0.35,0.72,0.02,0.16,0.04,0.0,0.0,0.76,1.07,0.24,1.0,1.0,0.0,0.0,0.0,1.0,0.0,0.0,1.0,1.0,0.0,0.0,0.0,0.0,1.0,0.0,0.0,0.0,0.21218621772691307,21.938550544646382,21.600231480241042
8486,339.4,0.98,1,-0.024,0.329,0.063,-0.036,-0.04,0.88,0.22,0.0,0.0,0.0,2.11,0.0,0.26,0.71,0.02,0.02,0.05,0.0,0.0,0.7,1.0,0.5,1.0,1.0,0.0,0.0,0.0,1.0,0.0,0.0,1.0,1.0,0.0,0.0,0.0,0.0,1.0,0.0,0.0,1.0,0.21779259136644366,19.800252523642172,19.200260414900672
8487,339.44,0.98,1,-0.036,0.32,0.052,-0.031,-0.036,1.03,0.27,0.0,0.0,0.0,2.22,0.0,0.13,0.72,0.01,0.0,0.09,0.0,0.0,0.68,0.94,0.78,1.0,1.0,0.0,0.0,0.0,1.0,0.0,0.0,1.0,1.0,0.0,0.0,0.0,0.0,1.0,0.0,0.0,1.0,0.21193968068072297,19.900251254695117,18.00444389588304
8488,339.48,0.98,1,-0.036,0.33,0.058,-0.034,-0.035,1.08,0.44,0.0,0.0,0.0,2.35,0.0,0.01,0.69,0.01,0.03,0.11,0.0,0.0,0.57,0.86,0.86,1.0,1.0,0.0,0.0,0.0,1.0,0.0,0.0,1.0,1.0,0.0,0.0,0.0,0.0,0.0,0.0,0.0,1.0,0.21333224544619317,19.202343606966355,17.900279327429594
8489,339.52,0.98,1,-0.043,0.336,0.061,-0.034,-0.035,1.07,0.56,0.0,0.0,0.0,2.32,0.0,0.08,0.7,0.08,0.05,0.16,0.0,0.0,0.51,0.83,0.86,1.0,1.0,0.0,0.0,0.0,1.0,0.0,0.0,1.0,1.0,0.0,0.0,0.0,0.0,0.0,0.0,0.0,1.0,0.217079856499234,19.401030900444532,18.101104938649602
8490,339.56,0.98,1,-0.03,0.333,0.062,-0.036,-0.038,1.09,0.54,0.0,0.0,0.0,2.21,0.0,0.13,0.67,0.12,0.1,0.2,0.0,0.0,0.46,0.83,0.93,1.0,1.0,0.0,0.0,0.0,1.0,0.0,0.0,1.0,1.0,0.0,0.0,0.0,0.0,0.0,0.0,0.0,1.0,0.2196166524677912,19.700000000000045,17.507141400011598
8491,339.6,0.98,1,-0.036,0.331,0.061,-0.031,-0.038,1.14,0.5,0.0,0.01,0.0,2.2,0.0,0.21,0.67,0.14,0.16,0.21,0.0,0.0,0.42,0.78,1.04,1.0,1.0,0.0,0.0,0.0,1.0,0.0,0.0,1.0,1.0,0.0,0.0,0.0,0.0,0.0,0.0,0.0,1.0,0.21830540897974993,19.70025380547169,17.810109488714502
8492,339.64,0.98,1,-0.034,0.341,0.063,-0.031,-0.039,1.2,0.52,0.0,0.02,0.0,2.24,0.0,0.22,0.68,0.13,0.18,0.21,0.0,0.0,0.29,0.67,1.19,1.0,1.0,0.0,0.0,0.0,1.0,0.0,0.0,1.0,1.0,0.0,0.0,0.0,0.0,0.0,0.0,0.0,0.0,0.22032839907694204,19.500256408570632,18.006943105369107
8493,339.68,0.98,1,-0.018,0.339,0.063,-0.031,-0.038,1.19,0.59,0.0,0.05,0.0,2.09,0.0,0.24,0.67,0.17,0.18,0.18,0.0,0.0,0.22,0.62,1.23,1.0,1.0,0.0,0.0,0.0,1.0,0.0,0.0,1.0,1.0,0.0,0.0,0.0,0.0,0.0,0.0,0.0,0.0,0.21612616087280784,19.60408120774846,18.13973538947018
8494,339.72,0.98,1,-0.018,0.336,0.062,-0.032,-0.035,1.23,0.68,0.0,0.11,0.0,1.96,0.0,0.18,0.7,0.17,0.13,0.16,0.0,0.0,0.22,0.64,1.17,1.0,1.0,0.0,0.0,0.0,1.0,0.0,0.0,1.0,1.0,0.0,0.0,0.0,0.0,0.0,0.0,0.0,0.0,0.2134903857066902,19.200260414900672,18.906612599828755
8495,339.76,0.98,1,-0.02,0.325,0.062,-0.032,-0.034,1.16,0.6,0.0,0.1,0.0,1.75,0.0,0.17,0.73,0.18,0.12,0.18,0.0,0.0,0.3,0.7,1.1,1.0,1.0,0.0,0.0,0.0,1.0,0.0,0.0,1.0,1.0,0.0,0.0,0.0,0.0,0.0,0.0,0.0,0.0,0.22325549202984102,19.100261778310927,19.00236827345476
8496,339.8,0.98,1,-0.021,0.33,0.06,-0.032,-0.033,1.01,0.42,0.0,0.07,0.0,1.68,0.0,0.19,0.75,0.11,0.11,0.16,0.0,0.0,0.34,0.69,1.1,1.0,1.0,0.0,0.0,0.0,0.0,0.0,0.0,1.0,1.0,0.0,0.0,0.0,0.0,0.0,0.0,0.0,1.0,0.2205547372717946,19.200260414900672,18.50108104949546
8497,339.84,0.98,1,-0.018,0.342,0.06,-0.033,-0.032,1.04,0.29,0.0,0.0,0.0,1.34,0.0,0.22,0.75,0.21,0.19,0.17,0.0,0.0,0.38,0.61,1.37,1.0,1.0,0.0,0.0,0.0,0.0,0.0,0.0,1.0,1.0,0.0,0.0,0.0,0.0,0.0,0.0,0.0,1.0,0.21070507511860603,18.799999999999955,17.813758727455536
8498,339.88,0.98,1,0.047,0.422,0.069,-0.046,-0.034,1.19,0.21,0.0,0.0,0.0,0.81,0.0,0.34,0.8,0.36,0.24,0.12,0.0,0.0,0.41,0.47,1.87,1.0,1.0,0.0,0.0,0.0,0.0,0.0,0.0,1.0,1.0,0.0,0.0,0.0,0.0,0.0,0.0,0.0,1.0,0.21518123044578608,19.331321734428773,23.676359517459737
8499,339.92,0.98,1,0.034,0.461,0.067,-0.054,-0.032,1.39,0.27,0.0,0.0,0.0,0.57,0.0,0.38,0.81,0.58,0.29,0.11,0.0,0.0,0.46,0.38,2.24,1.0,1.0,0.0,0.0,0.0,0.0,0.0,0.0,1.0,1.0,0.0,0.0,0.0,0.0,0.0,0.0,0.0,1.0,0.18406939609492778,16.410362579784728,21.575217264259468
8500,339.96,0.98,1,0.029,0.428,0.056,-0.043,-0.031,1.26,0.18,0.0,0.0,0.0,0.75,0.0,0.41,0.81,0.59,0.16,0.2,0.0,0.0,0.53,0.53,1.91,1.0,1.0,0.0,0.0,0.0,0.0,0.0,0.0,1.0,1.0,0.0,0.0,0.0,0.0,0.0,0.0,0.0,1.0,0.18299426998645746,17.46453549339355,21.79197099851232
8501,340.0,0.98,1,0.033,0.358,0.052,-0.037,-0.033,1.05,0.2,0.0,0.0,0.0,1.42,0.0,0.41,0.81,0.54,0.16,0.31,0.0,0.0,0.47,0.7,1.2,1.0,1.0,0.0,0.0,0.0,1.0,0.0,0.0,1.0,1.0,0.0,0.0,0.0,0.0,0.0,0.0,0.0,1.0,0.1935176122939885,19.15124016872005,19.890952717253317
8502,340.04,0.98,1,0.013,0.323,0.069,-0.036,-0.036,0.83,0.15,0.0,0.0,0.0,1.74,0.0,0.46,0.84,0.48,0.08,0.33,0.0,0.0,0.45,0.84,0.44,1.0,1.0,0.0,0.0,0.0,1.0,0.0,0.0,1.0,1.0,0.0,0.0,0.0,0.0,0.0,0.0,0.0,1.0,0.20931163091468524,17.507141400011598,17.66380479964622
8503,340.08,0.98,1,0.022,0.301,0.07,-0.038,-0.034,0.68,0.14,0.0,0.0,0.0,1.88,0.0,0.49,0.89,0.45,0.08,0.25,0.0,0.0,0.36,0.74,0.13,1.0,1.0,0.0,0.0,0.0,1.0,0.0,0.0,1.0,1.0,0.0,0.0,0.0,0.0,0.0,0.0,0.0,0.0,0.2159570749598148,19.309324172533803,18.421997720116973
8504,340.12,0.98,1,0.016,0.295,0.068,-0.033,-0.037,0.55,0.08,0.0,0.0,0.0,1.81,0.0,0.42,0.86,0.44,0.04,0.17,0.0,0.0,0.32,0.82,0.0,1.0,1.0,0.0,0.0,0.0,1.0,0.0,0.0,1.0,1.0,0.0,0.0,0.0,0.0,0.0,0.0,0.0,0.0,0.2354729022956587,20.000249998437518,19.70025380547169
8505,340.16,0.98,1,0.006,0.301,0.065,-0.038,-0.035,0.51,0.03,0.0,0.0,0.0,1.87,0.0,0.34,0.83,0.5,0.06,0.2,0.0,0.0,0.21,0.79,0.0,1.0,1.0,0.0,0.0,0.0,1.0,0.0,0.0,1.0,1.0,0.0,0.0,0.0,0.0,0.0,0.0,0.0,0.0,0.24696635000495631,19.70634415613413,21.105923339195474
8506,340.2,0.98,1,0.012,0.29,0.064,-0.032,-0.037,0.5,0.03,0.0,0.0,0.0,1.88,0.0,0.33,0.78,0.49,0.06,0.19,0.0,0.0,0.18,0.91,0.0,1.0,0.0,0.0,0.0,0.0,1.0,0.0,0.0,1.0,1.0,0.0,0.0,0.0,0.0,0.0,0.0,0.0,0.0,0.24799765985179795,20.928927349484578,20.900239233080427
8507,340.24,0.98,1,0.011,0.296,0.067,-0.034,-0.037,0.46,0.01,0.0,0.0,0.0,1.8,0.0,0.3,0.77,0.45,0.03,0.19,0.0,0.0,0.21,0.83,0.0,1.0,0.0,0.0,0.0,0.0,1.0,0.0,0.0,1.0,1.0,0.0,0.0,0.0,0.0,0.0,0.0,0.0,0.0,0.25365541740769737,20.500975586542218,21.20094337523691
8508,340.28,0.98,1,0.006,0.29,0.068,-0.033,-0.04,0.37,0.0,0.0,0.0,0.0,1.78,0.0,0.26,0.77,0.36,0.01,0.17,0.0,0.0,0.25,0.89,0.0,1.0,0.0,0.0,0.0,0.0,1.0,0.0,0.0,1.0,1.0,0.0,0.0,0.0,0.0,0.0,0.0,0.0,0.0,0.252602626236011,21.927608168698978,22.600884938426546
8509,340.32,0.98,1,0.008,0.296,0.071,-0.039,-0.038,0.34,0.0,0.0,0.0,0.0,1.88,0.0,0.32,0.77,0.41,0.04,0.19,0.0,0.0,0.3,0.79,0.0,1.0,0.0,0.0,0.0,0.0,1.0,0.0,0.0,1.0,1.0,0.0,0.0,0.0,0.0,0.0,0.0,0.0,0.0,0.2547650180859197,22.643321311150356,22.901964981197665
8510,340.36,0.98,1,0.003,0.31,0.078,-0.032,-0.042,0.39,0.0,0.0,0.0,0.0,2.03,0.0,0.37,0.79,0.49,0.04,0.23,0.0,0.0,0.28,0.72,0.0,1.0,0.0,0.0,0.0,0.0,1.0,0.0,0.0,1.0,1.0,0.0,0.0,0.0,0.0,0.0,0.0,0.0,0.0,0.23443670678714174,22.408257406590057,22.805481797146886
8511,340.4,0.98,1,0.005,0.311,0.075,-0.031,-0.042,0.38,0.0,0.0,0.0,0.0,1.99,0.0,0.44,0.84,0.56,0.03,0.15,0.0,0.0,0.43,0.65,0.0,1.0,0.0,0.0,0.0,0.0,1.0,0.0,0.0,1.0,1.0,0.0,0.0,0.0,0.0,0.0,0.0,0.0,0.0,0.21734136696659284,22.75631780407371,22.90545786488438
8512,340.44,0.98,1,0.014,0.309,0.084,-0.034,-0.042,0.43,0.0,0.0,0.0,0.0,1.99,0.0,0.53,0.95,0.7,0.04,0.09,0.0,0.0,0.76,0.7,0.0,1.0,0.0,0.0,0.0,0.0,1.0,0.0,0.0,1.0,1.0,0.0,0.0,0.0,0.0,1.0,0.0,0.0,0.0,0.2349035685447364,22.157842855296092,23.005434140654682
8513,340.48,0.98,1,0.009,0.319,0.093,-0.029,-0.047,0.51,0.12,0.0,0.0,0.09,1.97,0.0,0.76,1.14,0.81,0.07,0.0,0.0,0.0,1.22,0.91,0.0,1.0,1.0,0.0,0.0,0.0,1.0,0.0,0.0,1.0,1.0,0.0,0.0,0.0,0.0,1.0,1.0,0.0,0.0,0.22523880518280032,21.77452640127914,22.700000000000045
8514,340.52,0.98,1,0.008,0.316,0.093,-0.029,-0.045,0.8,0.35,0.0,0.0,0.12,2.21,0.0,1.03,1.22,0.94,0.15,0.0,0.0,0.0,1.68,0.96,0.0,1.0,1.0,0.0,0.0,0.0,1.0,0.0,1.0,1.0,1.0,0.0,0.0,0.0,0.0,1.0,1.0,0.0,0.0,0.2239907945255642,21.559452683219945,23.000217390276987
8515,340.56,0.98,1,-0.002,0.282,0.1,-0.035,-0.048,1.09,0.62,0.0,0.0,0.12,2.26,0.0,1.2,1.13,0.8,0.26,0.0,0.0,0.0,1.85,0.88,0.0,1.0,1.0,0.0,0.0,0.0,1.0,0.0,1.0,1.0,1.0,0.0,0.0,0.0,0.0,1.0,1.0,0.0,0.0,0.2692930284511259,21.268051156605807,22.118318200080356
8516,340.6,0.98,1,0.004,0.337,0.108,-0.038,-0.048,1.47,0.68,0.0,0.0,0.04,2.1,0.0,1.36,0.87,0.64,0.39,0.0,0.0,0.0,1.97,0.58,0.41,1.0,1.0,0.0,0.0,0.0,1.0,0.0,1.0,1.0,1.0,0.0,0.0,0.0,0.0,1.0,1.0,0.0,0.0,0.2018574018238028,20.824024587000423,21.203773249117535
8517,340.64,0.98,1,0.011,0.36,0.096,-0.05,-0.048,1.79,0.6,0.0,0.0,0.0,1.69,0.0,1.32,0.6,0.35,0.45,0.08,0.0,0.0,1.79,0.5,0.87,1.0,1.0,0.0,0.0,0.0,0.0,0.0,1.0,1.0,1.0,0.0,0.0,0.0,0.0,1.0,1.0,0.0,1.0,0.20738307195222516,17.102631376487206,19.112822920751537
8518,340.68,0.98,1,0.081,0.377,0.075,-0.071,-0.042,1.96,0.35,0.0,0.0,0.0,1.24,0.0,1.37,0.5,0.36,0.49,0.17,0.0,0.0,1.8,0.48,1.34,1.0,1.0,0.0,0.0,0.0,0.0,0.0,1.0,0.0,1.0,0.0,0.0,0.0,0.0,1.0,0.0,0.0,1.0,0.1935714792690172,17.41407476726809,21.567104580819375
8519,340.72,0.98,1,0.053,0.416,0.084,-0.093,-0.041,1.89,0.19,0.0,0.0,0.0,0.9,0.0,1.29,0.42,0.27,0.46,0.27,0.0,0.0,1.7,0.55,1.51,1.0,1.0,0.0,0.0,0.0,0.0,0.0,0.0,0.0,1.0,0.0,0.0,0.0,0.0,1.0,0.0,0.0,1.0,0.18076179936660589,15.82024020045203,20.84706214314137
8520,340.76,0.98,1,0.055,0.421,0.079,-0.114,-0.034,1.85,0.2,0.0,0.0,0.0,0.7,0.0,1.22,0.51,0.31,0.35,0.21,0.0,0.0,1.71,0.48,1.79,1.0,1.0,0.0,0.0,0.0,0.0,0.0,0.0,0.0,1.0,0.0,0.0,0.0,0.0,1.0,0.0,0.0,1.0,0.18152225193977442,16.64331697709337,21.63908500838254
8521,340.8,0.98,1,0.052,0.446,0.09,-0.104,-0.035,1.91,0.37,0.0,0.0,0.0,0.59,0.0,0.92,0.62,0.23,0.23,0.12,0.0,0.0,1.64,0.45,2.03,1.0,1.0,0.0,0.0,0.0,0.0,0.0,0.0,0.0,1.0,0.0,0.0,0.0,0.0,1.0,0.0,0.0,1.0,0.17323850817505365,17.85497129653247,18.062391868188442
8522,340.84,0.98,1,0.027,0.464,0.104,-0.092,-0.037,2.0,0.58,0.0,0.0,0.0,0.74,0.0,0.7,0.88,0.39,0.11,0.02,0.0,0.0,1.66,0.55,2.23,1.0,1.0,0.0,0.0,0.0,0.0,0.0,0.0,1.0,1.0,0.0,0.0,0.0,0.0,1.0,1.0,0.0,1.0,0.17776596977120454,15.838244852255524,17.89077974823921
8523,340.88,0.98,1,0.029,0.453,0.095,-0.077,-0.03,1.71,0.46,0.09,0.0,0.03,0.98,0.0,0.65,1.12,0.62,0.08,0.0,0.0,0.0,1.78,0.74,2.08,1.0,1.0,0.0,0.0,0.0,0.0,0.0,0.0,1.0,1.0,0.0,0.0,0.0,0.0,1.0,1.0,0.0,1.0,0.17412278228414146,17.41522322567237,18.487833837418684
8524,340.92,0.98,1,0.001,0.426,0.082,-0.069,-0.019,1.5,0.37,0.1,0.0,0.18,1.39,0.0,0.68,1.32,0.86,0.0,0.0,0.0,0.0,1.97,1.12,1.84,1.0,1.0,0.0,0.0,0.0,0.0,0.0,0.0,1.0,1.0,0.0,0.0,0.0,0.0,1.0,1.0,0.0,1.0,0.17550686571074608,17.456230979223523,21.53346233191495
8525,340.96,0.98,1,0.017,0.386,0.114,-0.051,-0.03,1.24,0.43,0.1,0.0,0.31,1.86,0.0,0.72,1.48,0.81,0.0,0.0,0.0,0.0,1.88,1.44,1.22,1.0,1.0,0.0,0.0,1.0,1.0,0.0,0.0,1.0,1.0,0.0,0.0,0.0,0.0,1.0,1.0,0.0,1.0,0.19188312487222045,17.20726590716845,19.80126258600703
8526,341.0,0.98,1,0.073,0.325,0.08,-0.034,-0.038,1.29,0.53,0.01,0.0,0.43,2.38,0.0,0.73,1.55,0.78,0.0,0.1,0.06,0.02,1.54,1.4,0.69,1.0,1.0,0.0,0.0,1.0,1.0,0.0,0.0,1.0,1.0,0.0,0.0,0.0,0.0,1.0,1.0,0.0,1.0,0.20148606457147653,18.013605968822567,19.872845795205023
8527,341.04,0.98,1,0.074,0.292,0.074,-0.037,-0.042,1.15,0.58,0.0,0.0,0.38,2.52,0.0,0.75,1.61,0.77,0.0,0.15,0.07,0.02,1.11,1.21,0.22,1.0,1.0,0.0,0.0,1.0,1.0,0.0,0.0,1.0,1.0,0.0,0.0,0.0,0.0,1.0,1.0,0.0,0.0,0.22028014254994235,19.50230755577401,20.578872661057016
8528,341.08,0.98,1,0.087,0.306,0.084,-0.041,-0.048,1.15,0.47,0.0,0.0,0.41,2.55,0.0,0.87,1.67,0.91,0.0,0.15,0.07,0.02,1.01,1.13,0.05,1.0,1.0,0.0,0.0,1.0,1.0,0.0,0.0,1.0,1.0,0.0,0.0,0.0,0.0,1.0,1.0,0.0,0.0,0.2541366011282188,19.573962296888173,21.95836970268976
8529,341.12,0.98,1,0.083,0.315,0.09,-0.037,-0.05,0.95,0.44,0.0,0.0,0.41,2.24,0.0,0.93,1.71,0.88,0.0,0.04,0.01,0.0,1.29,1.42,0.0,1.0,1.0,0.0,0.0,1.0,1.0,0.0,0.0,1.0,1.0,0.0,0.0,0.0,0.0,1.0,1.0,0.0,0.0,0.21424190180308483,20.271408436514527,21.168372634664337
8530,341.16,0.98,1,0.088,0.318,0.101,-0.044,-0.046,0.8,0.4,0.0,0.02,0.47,2.18,0.0,0.99,1.77,0.83,0.0,0.0,0.0,0.0,1.55,1.64,0.0,1.0,1.0,0.0,0.0,1.0,1.0,0.0,0.0,1.0,1.0,0.0,0.0,0.0,0.0,1.0,1.0,0.0,0.0,0.22383132506016407,19.872845795205034,21.75178153623266
8531,341.2,0.98,1,0.094,0.309,0.106,-0.043,-0.046,0.62,0.22,0.0,0.02,0.4,2.05,0.0,0.96,1.67,0.8,0.0,0.0,0.0,0.0,1.66,1.53,0.0,1.0,1.0,0.0,0.0,1.0,1.0,0.0,0.0,1.0,1.0,0.0,0.0,0.0,0.0,1.0,1.0,0.0,0.0,0.2671899875414101,20.4298800779642,22.257582977493357
8532,341.24,0.98,1,0.053,0.318,0.099,-0.038,-0.046,0.57,0.12,0.0,0.02,0.25,1.95,0.0,0.95,1.58,0.76,0.13,0.0,0.0,0.0,1.64,1.34,0.0,1.0,1.0,0.0,0.0,1.0,1.0,0.0,0.0,1.0,1.0,0.0,0.0,0.0,0.0,1.0,1.0,0.0,0.0,0.2191389710314735,20.180436070610707,23.010649708341568
8533,341.28,0.98,1,0.064,0.289,0.087,-0.046,-0.042,0.67,0.03,0.0,0.0,0.09,1.83,0.0,0.97,1.36,0.68,0.2,0.0,0.0,0.0,1.65,1.2,0.0,1.0,0.0,0.0,0.0,0.0,1.0,0.0,0.0,1.0,1.0,0.0,0.0,0.0,0.0,1.0,1.0,0.0,0.0,0.27077994815319023,20.640009689920202,23.4136712200371
8534,341.32,0.98,1,0.059,0.317,0.095,-0.043,-0.046,0.66,0.06,0.0,0.1,0.01,1.85,0.0,0.93,1.26,0.56,0.3,0.0,0.0,0.0,1.71,1.12,0.0,1.0,0.0,0.0,0.0,0.0,1.0,0.0,0.0,1.0,1.0,0.0,0.0,0.0,0.0,1.0,1.0,0.0,0.0,0.22018384159567328,20.99547570311289,23.010649708341568
8535,341.36,0.98,1,0.07,0.29,0.104,-0.049,-0.049,0.65,0.06,0.0,0.1,0.02,1.93,0.0,0.98,1.1,0.42,0.25,0.0,0.0,0.0,1.77,1.19,0.0,1.0,0.0,0.0,0.0,0.0,1.0,0.0,0.0,1.0,1.0,0.0,0.0,0.0,0.0,1.0,1.0,0.0,0.0,0.2807884146122762,20.80312476528457,23.80189068120425
8536,341.4,0.98,1,0.058,0.311,0.093,-0.053,-0.044,0.64,0.07,0.0,0.1,0.02,2.01,0.0,0.96,0.99,0.41,0.25,0.0,0.0,0.0,1.67,1.12,0.0,1.0,0.0,0.0,0.0,0.0,1.0,0.0,0.0,1.0,1.0,0.0,0.0,0.0,0.0,1.0,1.0,0.0,0.0,0.22640684219851986,20.92677710494375,22.605530296810024
8537,341.44,0.98,1,0.04,0.301,0.096,-0.046,-0.049,0.63,0.05,0.0,0.0,0.01,2.08,0.0,1.01,0.89,0.44,0.24,0.0,0.0,0.0,1.46,1.01,0.0,1.0,0.0,0.0,0.0,0.0,1.0,0.0,0.0,1.0,1.0,0.0,0.0,0.0,0.0,1.0,1.0,0.0,0.0,0.2573606979092311,21.768095920406,23.703375287076778
8538,341.48,0.98,1,-0.022,0.307,0.088,-0.036,-0.046,0.65,0.08,0.0,0.02,0.0,2.37,0.0,1.05,0.85,0.42,0.28,0.0,0.0,0.0,1.22,0.66,0.0,1.0,0.0,0.0,0.0,0.0,1.0,0.0,0.0,1.0,1.0,0.0,0.0,0.0,0.0,1.0,1.0,0.0,0.0,0.21779008409918904,22.528204544526044,23.40192299790776
8539,341.52,0.98,1,-0.019,0.3,0.086,-0.046,-0.042,0.55,0.04,0.0,0.02,0.0,2.37,0.0,1.15,0.74,0.26,0.36,0.04,0.0,0.0,0.92,0.54,0.0,1.0,0.0,0.0,0.0,0.0,1.0,0.0,0.0,1.0,1.0,0.0,0.0,0.0,0.0,1.0,1.0,0.0,0.0,0.23575457523891027,22.276669409945608,23.80336110720496
8540,341.56,0.98,1,-0.016,0.306,0.086,-0.052,-0.041,0.57,0.11,0.0,0.02,0.0,2.2,0.0,1.02,0.61,0.13,0.4,0.11,0.0,0.0,0.54,0.51,0.0,1.0,0.0,0.0,0.0,0.0,1.0,0.0,0.0,1.0,1.0,0.0,0.0,0.0,0.0,1.0,1.0,0.0,0.0,0.23535416588872893,21.595601403989743,23.700843866832916
8541,341.6,0.98,1,-0.013,0.315,0.103,-0.046,-0.043,0.53,0.19,0.0,0.0,0.0,1.84,0.0,0.92,0.55,0.14,0.39,0.13,0.0,0.0,0.38,0.66,0.0,1.0,0.0,0.0,0.0,0.0,1.0,0.0,0.0,1.0,1.0,0.0,0.0,0.0,0.0,1.0,1.0,0.0,0.0,0.24943498263259503,22.06581065811981,23.605296015936897
8542,341.64,0.98,1,-0.013,0.322,0.106,-0.039,-0.038,0.51,0.23,0.0,0.05,0.0,1.87,0.0,0.77,0.64,0.38,0.27,0.09,0.0,0.0,0.63,0.78,0.0,1.0,0.0,0.0,0.0,0.0,1.0,0.0,0.0,1.0,1.0,0.0,0.0,0.0,0.0,1.0,1.0,0.0,0.0,0.22214162122379655,20.60728026693478,23.4136712200371
8543,341.68,0.98,1,-0.019,0.323,0.114,-0.039,-0.033,0.33,0.15,0.0,0.05,0.04,1.94,0.0,0.86,0.82,0.65,0.14,0.01,0.0,0.0,1.11,0.96,0.0,1.0,0.0,0.0,0.0,0.0,1.0,0.0,0.0,1.0,1.0,0.0,0.0,0.0,0.0,1.0,1.0,0.0,0.0,0.22538314333122111,20.7963939181773,23.62117693934821
8544,341.72,0.98,1,-0.013,0.322,0.096,-0.038,-0.026,0.24,0.03,0.0,0.15,0.06,2.06,0.0,0.89,1.05,0.91,0.02,0.0,0.0,0.0,1.4,1.04,0.0,1.0,0.0,0.0,0.0,0.0,1.0,0.0,0.0,1.0,1.0,0.0,0.0,0.0,0.0,1.0,1.0,0.0,0.0,0.2161022305385351,21.79197099851232,22.62211307548449
8545,341.76,0.98,1,0.008,0.298,0.102,-0.046,-0.027,0.23,0.18,0.0,0.16,0.07,2.06,0.0,0.97,1.25,0.99,0.03,0.0,0.0,0.0,1.57,1.02,0.0,1.0,0.0,0.0,0.0,0.0,1.0,0.0,0.0,1.0,1.0,0.0,0.0,0.0,0.0,1.0,1.0,0.0,0.0,0.24673020030854698,20.90574083834385,23.14238535674329
8546,341.8,0.98,1,0.007,0.282,0.098,-0.05,-0.021,0.32,0.18,0.0,0.16,0.08,2.22,0.0,0.99,1.33,1.09,0.02,0.0,0.0,0.0,1.61,0.94,0.0,1.0,0.0,0.0,0.0,0.0,1.0,0.0,0.0,1.0,1.0,0.0,0.0,0.0,0.0,1.0,1.0,0.0,0.0,0.2833996298444944,20.763429389193053,23.64762144487254
8547,341.84,0.98,1,-0.015,0.32,0.106,-0.044,-0.022,0.59,0.29,0.0,0.06,0.06,2.3,0.0,0.93,1.3,1.07,0.05,0.0,0.0,0.0,1.56,0.97,0.22,1.0,0.0,0.0,0.0,0.0,1.0,0.0,0.0,1.0,1.0,0.0,0.0,0.0,0.0,1.0,1.0,0.0,0.0,0.22524046219200386,20.986185932655896,23.031283073246264
8548,341.88,0.98,1,-0.025,0.351,0.085,-0.033,-0.019,0.92,0.24,0.0,0.0,0.05,1.92,0.0,1.06,1.28,1.21,0.15,0.0,0.0,0.0,1.49,0.99,1.01,1.0,0.0,0.0,0.0,0.0,1.0,0.0,0.0,1.0,1.0,0.0,0.0,0.0,0.0,1.0,1.0,0.0,1.0,0.20284305635766464,19.03785702225962,18.12760326132489
8549,341.92,0.98,1,-0.007,0.457,0.088,-0.061,-0.015,1.1,0.24,0.0,0.0,0.0,1.33,0.0,1.12,1.22,1.17,0.34,0.0,0.0,0.0,1.41,0.98,1.67,1.0,1.0,0.0,0.0,0.0,1.0,0.0,0.0,1.0,1.0,0.0,0.0,0.0,0.0,1.0,1.0,0.0,1.0,0.1662273874020687,17.194475857088424,18.61719635176029
8550,341.96,0.98,1,-0.017,0.435,0.074,-0.056,-0.016,1.01,0.16,0.0,0.0,0.0,1.22,0.0,0.95,1.06,1.14,0.34,0.02,0.03,0.0,1.08,1.0,1.83,1.0,0.0,0.0,0.0,0.0,1.0,0.0,0.0,1.0,1.0,0.0,0.0,0.0,0.0,1.0,1.0,0.0,1.0,0.17554283115461533,17.256882684888414,19.62549362436513
8551,342.0,0.98,1,0.01,0.373,0.071,-0.028,-0.023,0.7,0.11,0.0,0.0,0.0,1.6,0.0,0.5,0.85,0.93,0.22,0.18,0.09,0.13,0.57,0.84,1.33,1.0,0.0,0.0,0.0,0.0,1.0,0.0,0.0,1.0,1.0,0.0,0.0,0.0,0.0,0.0,1.0,0.0,1.0,0.17421387105221192,16.767229944149808,20.31575743111731
8552,342.04,0.98,1,0.0,0.33,0.08,-0.041,-0.023,0.43,0.17,0.0,0.0,0.0,2.2,0.0,0.27,0.71,0.86,0.14,0.45,0.09,0.3,0.13,0.69,0.93,1.0,0.0,0.0,0.0,0.0,1.0,0.0,0.0,1.0,1.0,0.0,0.0,0.0,0.0,0.0,0.0,0.0,1.0,0.1960545120422575,16.501212076693033,18.469434208984406
8553,342.08,0.98,1,-0.001,0.343,0.101,-0.044,-0.028,0.26,0.14,0.0,0.0,0.0,2.35,0.0,0.2,0.76,0.99,0.16,0.71,0.06,0.46,0.0,0.37,0.65,1.0,0.0,0.0,0.0,0.0,1.0,0.0,0.0,1.0,1.0,0.0,0.0,0.0,0.0,0.0,0.0,0.0,1.0,0.20180919641771877,17.802527910383915,17.528548142958105
8554,342.12,0.98,1,-0.005,0.311,0.097,-0.039,-0.027,0.2,0.09,0.0,0.0,0.0,2.46,0.0,0.28,0.81,1.06,0.25,0.79,0.0,0.6,0.0,0.3,0.37,1.0,0.0,0.0,0.0,0.0,1.0,0.0,0.0,1.0,1.0,0.0,0.0,0.0,0.0,0.0,0.0,0.0,0.0,0.2284228838058685,19.30414463269477,18.41331040307536
8555,342.16,0.98,1,0.008,0.299,0.095,-0.032,-0.028,0.33,0.06,0.0,0.0,0.0,2.39,0.0,0.29,0.88,0.98,0.23,0.68,0.0,0.6,0.0,0.26,0.12,1.0,0.0,0.0,0.0,0.0,1.0,0.0,0.0,1.0,1.0,0.0,0.0,0.0,0.0,0.0,0.0,0.0,0.0,0.25415084411306843,19.0,19.306475597581198
8556,342.2,0.98,1,-0.012,0.293,0.092,-0.031,-0.03,0.45,0.15,0.0,0.0,0.02,2.25,0.0,0.41,1.0,0.8,0.21,0.4,0.0,0.44,0.17,0.55,0.02,1.0,0.0,0.0,0.0,0.0,1.0,0.0,0.0,1.0,1.0,0.0,0.0,0.0,0.0,0.0,0.0,0.0,0.0,0.2556145839252465,19.50640920313116,19.70634415613413
8557,342.24,0.98,1,-0.002,0.289,0.103,-0.031,-0.034,0.49,0.28,0.0,0.1,0.11,2.14,0.0,0.5,1.19,0.87,0.13,0.15,0.0,0.17,0.74,0.95,0.0,1.0,0.0,0.0,0.0,1.0,1.0,0.0,0.0,1.0,1.0,0.0,0.0,0.0,0.0,1.0,1.0,0.0,0.0,0.25903095354535693,20.20222759994555,19.93037882229045
8558,342.28,0.98,1,-0.006,0.293,0.119,-0.036,-0.039,0.45,0.4,0.0,0.1,0.22,2.28,0.0,0.56,1.4,0.95,0.03,0.0,0.0,0.0,1.32,1.27,0.0,1.0,0.0,0.0,0.0,1.0,1.0,0.0,0.0,1.0,1.0,0.0,0.0,0.0,0.0,1.0,1.0,0.0,0.0,0.26355139403647854,20.402205763103257,21.01927686672403
8559,342.32,0.98,1,-0.015,0.283,0.104,-0.021,-0.046,0.44,0.4,0.0,0.13,0.34,2.6,0.0,0.62,1.47,1.08,0.0,0.0,0.0,0.0,1.64,1.28,0.0,1.0,0.0,0.0,0.0,1.0,1.0,0.0,0.0,1.0,1.0,0.0,0.0,0.0,0.0,1.0,1.0,0.0,0.0,0.2556193580288302,20.408821622033802,20.33543704964312
8560,342.36,0.98,1,-0.019,0.312,0.107,-0.018,-0.049,0.43,0.25,0.0,0.05,0.28,2.77,0.0,0.73,1.39,0.88,0.04,0.0,0.0,0.0,1.55,0.93,0.0,1.0,0.0,0.0,0.0,1.0,1.0,0.0,0.0,1.0,1.0,0.0,0.0,0.0,0.0,1.0,1.0,0.0,0.0,0.23295757708665008,21.202122535255803,21.115160430363684
8561,342.4,0.98,1,-0.017,0.328,0.118,-0.028,-0.051,0.44,0.15,0.0,0.05,0.16,2.57,0.0,0.83,1.05,0.63,0.06,0.07,0.0,0.0,1.19,0.7,0.0,1.0,0.0,0.0,0.0,0.0,1.0,0.0,0.0,1.0,1.0,0.0,0.0,0.0,0.0,1.0,1.0,0.0,0.0,0.21865207126405894,22.457070156189204,21.80091741188884
8562,342.44,0.98,1,-0.018,0.325,0.105,-0.039,-0.047,0.38,0.05,0.0,0.01,0.02,2.36,0.0,0.89,0.76,0.42,0.19,0.22,0.0,0.0,0.74,0.54,0.0,1.0,0.0,0.0,0.0,0.0,1.0,0.0,0.0,1.0,1.0,0.0,0.0,0.0,0.0,1.0,1.0,0.0,0.0,0.2240098453829239,21.85154456783314,21.80825531765432
8563,342.48,0.98,1,-0.021,0.326,0.111,-0.041,-0.045,0.33,0.05,0.0,0.0,0.0,2.26,0.0,0.91,0.58,0.3,0.26,0.29,0.0,0.0,0.52,0.74,0.0,0.0,0.0,0.0,0.0,0.0,1.0,0.0,0.0,1.0,1.0,0.0,0.0,0.0,0.0,1.0,1.0,0.0,0.0,0.21682552138694644,21.633307652784076,22.008180297334896
8564,342.52,0.98,1,-0.014,0.319,0.128,-0.043,-0.044,0.28,0.0,0.0,0.0,0.05,2.47,0.0,0.96,0.73,0.46,0.27,0.22,0.0,0.0,0.8,0.86,0.0,0.0,0.0,0.0,0.0,0.0,1.0,0.0,0.0,1.0,1.0,0.0,0.0,0.0,0.0,1.0,1.0,0.0,0.0,0.2253364814639927,21.367732682715737,22.31434516180114
8565,342.56,0.98,1,-0.021,0.331,0.127,-0.034,-0.043,0.28,0.0,0.0,0.04,0.18,2.48,0.0,1.12,0.97,0.65,0.14,0.07,0.0,0.0,1.36,0.96,0.0,0.0,0.0,0.0,0.0,1.0,1.0,0.0,1.0,1.0,1.0,0.0,0.0,0.0,0.0,1.0,1.0,0.0,0.0,0.20275053771899576,22.437691503361123,22.208106627986144
8566,342.6,0.98,1,-0.024,0.318,0.123,-0.032,-0.039,0.21,0.0,0.0,0.04,0.34,2.46,0.0,1.31,1.34,0.92,0.03,0.0,0.0,0.0,1.72,0.87,0.0,0.0,0.0,0.0,0.0,1.0,1.0,0.0,1.0,1.0,1.0,0.0,0.0,0.0,0.0,1.0,1.0,0.0,0.0,0.21642076503312452,22.118318200080356,21.908217636311814
8567,342.64,0.98,1,-0.032,0.319,0.116,-0.032,-0.037,0.21,0.11,0.0,0.04,0.43,2.27,0.0,1.39,1.59,1.15,0.0,0.0,0.0,0.0,1.89,0.78,0.0,0.0,0.0,0.0,0.0,1.0,1.0,0.0,1.0,1.0,1.0,0.0,0.0,0.0,0.0,1.0,1.0,0.0,0.0,0.2060633753747359,22.018401395196705,22.414281161794904
8568,342.68,0.98,1,-0.015,0.294,0.116,-0.033,-0.035,0.27,0.14,0.0,0.0,0.38,2.07,0.0,1.43,1.74,1.26,0.0,0.0,0.0,0.0,1.82,0.7,0.71,0.0,0.0,0.0,0.0,1.0,1.0,0.0,1.0,1.0,1.0,0.0,0.0,0.0,0.0,1.0,1.0,0.0,0.0,0.25006388707420335,20.31575743111731,20.529490982486635
8569,342.72,0.98,1,0.028,0.419,0.101,-0.032,-0.034,0.54,0.18,0.0,0.0,0.21,1.71,0.0,1.4,1.79,1.45,0.09,0.02,0.0,0.0,1.79,0.5,1.46,0.0,0.0,0.0,0.0,0.0,1.0,0.0,1.0,1.0,1.0,0.0,0.0,0.0,0.0,1.0,1.0,0.0,1.0,0.18640381644441967,18.80106379968959,21.702073633641604
8570,342.76,0.98,1,-0.024,0.466,0.104,-0.036,-0.038,0.83,0.33,0.0,0.0,0.09,1.33,0.04,1.26,1.81,1.37,0.09,0.02,0.0,0.0,1.71,0.3,2.31,0.0,0.0,0.0,0.0,0.0,1.0,0.0,1.0,1.0,1.0,0.0,0.0,0.0,0.0,1.0,0.0,0.0,1.0,0.16688073993520308,17.801685313475055,21.384573879317724
8571,342.8,0.98,1,-0.051,0.461,0.094,-0.013,-0.041,0.67,0.3,0.0,0.0,0.02,0.93,0.09,1.17,1.78,1.38,0.08,0.02,0.0,0.0,1.84,0.18,2.25,0.0,0.0,0.0,0.0,0.0,1.0,0.0,1.0,1.0,1.0,0.0,0.0,0.0,0.0,1.0,0.0,0.0,1.0,0.16902286122826468,18.509727172489605,21.284971223847165
8572,342.84,0.98,1,0.007,0.436,0.078,-0.039,-0.026,0.44,0.26,0.0,0.0,0.06,1.02,0.09,1.1,1.74,1.25,0.0,0.0,0.0,0.0,1.74,0.14,1.99,0.0,0.0,0.0,0.0,0.0,1.0,0.0,1.0,1.0,1.0,0.0,0.0,0.0,0.0,1.0,0.0,0.0,1.0,0.16688246105937365,16.344112089679225,21.745114393812745
8573,342.88,0.98,1,-0.003,0.385,0.073,-0.024,-0.042,0.05,0.02,0.0,0.0,0.19,1.38,0.05,1.11,1.71,1.26,0.0,0.0,0.0,0.0,1.6,0.18,1.56,0.0,0.0,0.0,0.0,0.0,1.0,0.0,1.0,1.0,1.0,0.0,0.0,0.0,0.0,1.0,0.0,0.0,1.0,0.176944796204484,17.734147850968245,20.670026608594302
8574,342.92,0.98,1,0.003,0.315,0.072,-0.015,-0.046,0.18,0.11,0.0,0.0,0.4,2.09,0.02,1.13,1.76,1.19,0.0,0.0,0.0,0.0,1.63,0.26,1.11,0.0,0.0,0.0,0.0,1.0,1.0,0.0,1.0,1.0,1.0,0.0,0.0,0.0,0.0,1.0,0.0,0.0,1.0,0.18966132496272117,18.501081049495458,19.35071058126802
8575,342.96,0.98,1,0.01,0.36,0.114,-0.009,-0.043,0.14,0.11,0.0,0.0,0.6,2.48,0.03,1.15,1.8,1.06,0.02,0.0,0.0,0.0,1.79,0.48,0.82,0.0,0.0,0.0,0.0,1.0,1.0,0.0,1.0,1.0,1.0,0.0,0.0,0.0,0.0,1.0,1.0,0.0,1.0,0.1782680407961793,17.000294115102832,17.548219282878815
8576,343.0,0.98,1,-0.003,0.317,0.091,-0.027,-0.02,0.27,0.11,0.0,0.0,0.58,2.66,0.03,1.19,1.68,0.96,0.02,0.0,0.0,0.0,1.85,0.79,0.4,0.0,0.0,0.0,0.0,1.0,1.0,0.0,1.0,1.0,1.0,0.0,0.0,0.0,0.0,1.0,1.0,0.0,1.0,0.1806735948544271,17.30462365958874,18.50108104949546
8577,343.04,0.98,1,0.009,0.346,0.105,-0.019,-0.037,0.12,0.02,0.0,0.0,0.43,2.67,0.01,0.96,1.48,0.86,0.1,0.11,0.0,0.0,1.17,0.97,0.23,0.0,0.0,0.0,0.0,1.0,1.0,0.0,0.0,1.0,1.0,0.0,0.0,0.0,0.0,1.0,1.0,0.0,0.0,0.19363531558983296,18.706683297688066,19.40000000000009
8578,343.08,0.98,1,0.016,0.353,0.111,-0.027,-0.026,0.18,0.02,0.0,0.0,0.21,2.59,0.0,0.73,1.24,0.81,0.12,0.29,0.0,0.15,0.51,0.8,0.02,0.0,0.0,0.0,0.0,1.0,1.0,0.0,0.0,1.0,1.0,0.0,0.0,0.0,0.0,0.0,1.0,0.0,0.0,0.20417230738809433,19.00026315607234,18.400271737123976
8579,343.12,0.98,1,0.035,0.322,0.092,-0.021,-0.04,0.16,0.0,0.0,0.0,0.08,2.36,0.0,0.52,1.09,0.78,0.24,0.48,0.0,0.28,0.0,0.54,0.02,0.0,0.0,0.0,0.0,1.0,1.0,0.0,0.0,1.0,1.0,0.0,0.0,0.0,0.0,0.0,0.0,0.0,0.0,0.2191309723350996,18.300273222004044,18.909521411183402
8580,343.16,0.98,1,0.028,0.32,0.091,-0.022,-0.051,0.27,0.0,0.0,0.0,0.02,2.26,0.0,0.55,1.04,0.89,0.24,0.59,0.0,0.32,0.0,0.37,0.03,0.0,0.0,0.0,0.0,1.0,1.0,0.0,0.0,1.0,1.0,0.0,0.0,0.0,0.0,0.0,0.0,0.0,0.0,0.21757058278736777,19.016834647227707,19.912307751739966
8581,343.2,0.98,1,0.029,0.321,0.09,-0.03,-0.057,0.28,0.0,0.0,0.0,0.01,2.32,0.0,0.56,1.07,0.91,0.3,0.59,0.0,0.19,0.0,0.43,0.03,0.0,0.0,0.0,0.0,1.0,1.0,0.0,0.0,1.0,1.0,0.0,0.0,0.0,0.0,0.0,0.0,0.0,0.0,0.22429905105761216,19.657314160383063,20.006249023742555
8582,343.24,0.98,1,0.023,0.312,0.08,-0.024,-0.061,0.22,0.0,0.0,0.0,0.01,2.56,0.0,0.66,1.11,1.03,0.25,0.57,0.0,0.07,0.0,0.4,0.09,0.0,0.0,0.0,0.0,0.0,1.0,0.0,0.0,1.0,1.0,0.0,0.0,0.0,0.0,0.0,0.0,0.0,0.0,0.2146869691206584,19.565530915362356,20.829066229670453
8583,343.28,0.98,1,0.022,0.325,0.089,-0.026,-0.066,0.21,0.0,0.0,0.0,0.01,2.48,0.0,0.67,1.12,0.94,0.32,0.49,0.0,0.02,0.0,0.34,0.11,0.0,0.0,0.0,0.0,0.0,1.0,0.0,0.0,1.0,1.0,0.0,0.0,0.0,0.0,0.0,0.0,0.0,0.0,0.21644404777335471,19.76486782146526,21.128653530218063
8584,343.32,0.98,1,0.033,0.328,0.099,-0.023,-0.071,0.27,0.0,0.0,0.0,0.03,2.66,0.01,0.74,1.12,0.98,0.21,0.43,0.0,0.0,0.05,0.33,0.11,0.0,0.0,0.0,0.0,0.0,1.0,0.0,0.0,1.0,1.0,0.0,0.0,0.0,0.0,0.0,0.0,0.0,0.0,0.22177906014521903,19.47434209415054,21.52812114421507
8585,343.36,0.98,1,0.017,0.34,0.111,-0.019,-0.065,0.23,0.0,0.0,0.0,0.02,2.42,0.01,0.76,1.13,0.74,0.17,0.46,0.0,0.0,0.26,0.51,0.06,0.0,0.0,0.0,0.0,0.0,1.0,0.0,0.0,1.0,1.0,0.0,0.0,0.0,0.0,0.0,0.0,0.0,0.0,0.20492084582695042,19.649936386665388,21.02379604162864
8586,343.4,0.98,1,0.001,0.322,0.119,-0.031,-0.043,0.13,0.0,0.0,0.0,0.05,2.45,0.07,0.86,1.12,0.77,0.15,0.38,0.0,0.0,0.49,0.68,0.0,0.0,0.0,0.0,0.0,0.0,1.0,0.0,0.0,1.0,1.0,0.0,0.0,0.0,0.0,1.0,0.0,0.0,0.0,0.21616751847972487,20.324615617521484,20.40612653102013
8587,343.44,0.98,1,0.004,0.325,0.112,-0.033,-0.066,0.1,0.0,0.0,0.0,0.03,2.22,0.08,1.0,1.06,0.77,0.29,0.29,0.0,0.0,0.74,0.79,0.0,0.0,0.0,0.0,0.0,0.0,1.0,0.0,0.0,1.0,1.0,0.0,0.0,0.0,0.0,1.0,0.0,0.0,0.0,0.20552550139449544,20.00224987345174,20.611889772652972
8588,343.48,0.98,1,-0.001,0.322,0.122,-0.033,-0.071,0.1,0.0,0.0,0.0,0.08,2.38,0.12,1.02,0.96,0.85,0.35,0.1,0.0,0.0,0.83,0.89,0.0,0.0,0.0,0.0,0.0,0.0,1.0,0.0,0.0,1.0,1.0,0.0,0.0,0.0,0.0,1.0,0.0,0.0,0.0,0.20790266090227771,20.006249023742555,20.50877860819605
8589,343.52,0.98,1,-0.009,0.336,0.13,-0.037,-0.067,0.1,0.05,0.0,0.0,0.05,2.34,0.05,0.84,0.86,0.79,0.43,0.21,0.0,0.01,0.6,0.86,0.0,0.0,0.0,0.0,0.0,0.0,1.0,0.0,0.0,1.0,1.0,0.0,0.0,0.0,0.0,1.0,1.0,0.0,0.0,0.20036713623695218,20.11591409804676,21.008569680013917
8590,343.56,0.98,1,0.0,0.301,0.112,-0.032,-0.058,0.16,0.13,0.0,0.0,0.05,2.44,0.04,0.5,0.83,0.71,0.42,0.27,0.0,0.08,0.3,0.8,0.0,0.0,0.0,0.0,0.0,0.0,1.0,0.0,0.0,1.0,1.0,0.0,0.0,0.0,0.0,1.0,1.0,0.0,0.0,0.2299303515574516,19.916073910286503,20.902152999153074
8591,343.6,0.98,1,-0.008,0.297,0.118,-0.039,-0.051,0.17,0.13,0.0,0.0,0.06,2.32,0.0,0.41,0.88,0.75,0.43,0.32,0.0,0.08,0.27,0.89,0.0,0.0,0.0,0.0,0.0,1.0,1.0,0.0,0.0,1.0,1.0,0.0,0.0,0.0,0.0,1.0,1.0,0.0,0.0,0.2351052741158431,20.106217943710757,21.0
8592,343.64,0.98,1,0.007,0.311,0.126,-0.037,-0.044,0.15,0.08,0.0,0.0,0.08,2.4,0.0,0.42,0.95,0.73,0.32,0.23,0.0,0.07,0.37,0.95,0.0,0.0,0.0,0.0,0.0,1.0,1.0,0.0,0.0,1.0,1.0,0.0,0.0,0.0,0.0,1.0,1.0,0.0,0.0,0.22149376553112637,19.904019694523882,21.09999999999991
8593,343.68,0.98,1,0.017,0.307,0.114,-0.03,-0.041,0.01,0.0,0.0,0.0,0.17,2.46,0.0,0.58,1.01,0.84,0.19,0.23,0.0,0.07,0.37,1.0,0.0,0.0,0.0,0.0,0.0,1.0,1.0,0.0,0.0,1.0,1.0,0.0,0.0,0.0,0.0,1.0,1.0,0.0,0.0,0.2204632362650708,19.806312125178636,22.103619613086135
8594,343.72,0.98,1,0.013,0.31,0.115,-0.033,-0.043,0.0,0.0,0.0,0.0,0.2,2.64,0.03,0.75,1.08,0.91,0.13,0.21,0.0,0.07,0.35,0.87,0.0,0.0,0.0,0.0,0.0,1.0,1.0,0.0,0.0,1.0,1.0,0.0,0.0,0.0,0.0,1.0,1.0,0.0,0.0,0.21973456921393908,20.200990074746382,22.102036105300254
8595,343.76,0.98,1,0.011,0.305,0.116,-0.039,-0.042,0.11,0.0,0.0,0.0,0.3,2.77,0.1,1.06,1.14,0.91,0.07,0.19,0.0,0.07,0.66,0.81,0.0,0.0,0.0,0.0,0.0,1.0,1.0,0.0,0.0,1.0,1.0,0.0,0.0,0.0,0.0,1.0,1.0,0.0,0.0,0.21594910309477927,20.500243900988107,21.500232556881798
8596,343.8,0.98,1,0.019,0.307,0.126,-0.041,-0.047,0.15,0.0,0.0,0.0,0.33,2.7,0.19,1.38,1.13,0.8,0.11,0.1,0.0,0.0,1.33,0.86,0.0,0.0,0.0,0.0,0.0,1.0,1.0,0.0,0.0,1.0,1.0,0.0,0.0,0.0,0.0,1.0,1.0,0.0,0.0,0.21056286107457095,20.103979705520906,20.8002403832263
8597,343.84,0.98,1,0.019,0.301,0.119,-0.045,-0.047,0.15,0.0,0.0,0.0,0.28,2.58,0.26,1.64,1.01,0.64,0.07,0.18,0.0,0.0,1.67,0.73,0.0,0.0,0.0,0.0,0.0,1.0,1.0,0.0,0.0,1.0,1.0,0.0,0.0,0.0,0.0,1.0,1.0,0.0,0.0,0.20876371031327987,19.909043171383292,20.900239233080427
8598,343.88,0.98,1,0.028,0.298,0.115,-0.048,-0.048,0.04,0.0,0.0,0.0,0.15,2.3,0.19,1.55,0.8,0.44,0.07,0.2,0.0,0.0,1.65,0.81,0.0,0.0,0.0,0.0,0.0,0.0,1.0,0.0,0.0,1.0,1.0,0.0,0.0,0.0,0.0,1.0,1.0,0.0,0.0,0.207307545906251,19.906280415989187,20.799999999999955
8599,343.92,0.98,1,0.028,0.292,0.116,-0.055,-0.044,0.03,0.0,0.0,0.0,0.04,2.06,0.1,1.18,0.57,0.3,0.15,0.48,0.0,0.08,0.98,0.79,0.0,0.0,0.0,0.0,0.0,0.0,1.0,0.0,0.0,1.0,1.0,0.0,0.0,0.0,0.0,1.0,1.0,0.0,0.0,0.21539182616636343,20.300246303924446,21.300938946441015
8600,343.96,0.98,1,0.009,0.294,0.11,-0.047,-0.039,0.03,0.0,0.0,0.0,0.0,2.08,0.0,0.68,0.49,0.22,0.15,0.64,0.0,0.3,0.4,0.79,0.0,0.0,0.0,0.0,0.0,0.0,1.0,0.0,0.0,1.0,1.0,0.0,0.0,0.0,0.0,1.0,1.0,0.0,0.0,0.2198432607268536,19.90100499974822,21.005951537600005
8601,344.0,0.98,1,0.003,0.283,0.102,-0.046,-0.03,0.03,0.0,0.0,0.0,0.06,2.17,0.0,0.56,0.6,0.43,0.21,0.54,0.0,0.31,0.24,0.89,0.0,0.0,0.0,0.0,0.0,0.0,1.0,0.0,0.0,1.0,1.0,0.0,0.0,0.0,0.0,1.0,1.0,0.0,0.0,0.21601554489059496,20.20396000787969,20.900239233080427
8602,344.04,0.98,1,0.004,0.281,0.114,-0.046,-0.03,0.0,0.0,0.0,0.0,0.22,2.42,0.0,0.6,0.83,0.54,0.09,0.26,0.0,0.23,0.79,1.05,0.0,0.0,0.0,0.0,0.0,1.0,1.0,0.0,0.0,1.0,1.0,0.0,0.0,0.0,0.0,1.0,1.0,0.0,0.0,0.21692967101190097,20.408821622033802,21.30023474049049
8603,344.08,0.98,1,0.006,0.311,0.132,-0.05,-0.029,0.0,0.0,0.0,0.0,0.37,2.39,0.0,0.7,0.92,0.56,0.09,0.0,0.0,0.01,1.54,1.33,0.0,0.0,0.0,0.0,0.0,1.0,1.0,0.0,0.0,1.0,1.0,0.0,0.0,0.0,0.0,1.0,1.0,0.0,0.0,0.20014527690097428,20.00224987345174,21.202122535255803
8604,344.12,0.98,1,0.03,0.323,0.167,-0.064,-0.025,0.0,0.0,0.0,0.0,0.39,2.48,0.0,0.63,0.85,0.38,0.07,0.0,0.0,0.0,1.76,1.65,0.0,0.0,0.0,0.0,0.0,1.0,1.0,0.0,0.0,1.0,1.0,0.0,0.0,0.0,0.0,1.0,1.0,0.0,0.0,0.23120191166728785,19.704060495238075,20.50219500443794
8605,344.16,0.98,1,0.007,0.289,0.123,-0.061,-0.013,0.0,0.0,0.0,0.0,0.23,2.4,0.0,0.5,0.67,0.33,0.14,0.12,0.0,0.3,1.21,1.69,0.0,0.0,0.0,0.0,0.0,1.0,1.0,0.0,0.0,1.0,1.0,0.0,0.0,0.0,0.0,1.0,1.0,0.0,0.0,0.22537095409987312,20.015993605114883,21.602083232873767
8606,344.2,0.98,1,0.014,0.282,0.097,-0.056,-0.013,0.0,0.0,0.0,0.0,0.08,2.34,0.0,0.41,0.52,0.37,0.15,0.38,0.0,0.51,0.45,1.5,0.0,0.0,0.0,0.0,0.0,1.0,1.0,0.0,0.0,1.0,1.0,0.0,0.0,0.0,0.0,1.0,1.0,0.0,0.0,0.23347246743038333,20.006249023742555,20.702173798903388
8607,344.24,0.98,1,-0.005,0.266,0.104,-0.054,-0.019,0.0,0.0,0.0,0.1,0.03,2.14,0.0,0.46,0.53,0.53,0.17,0.55,0.0,0.55,0.0,0.97,0.0,0.0,0.0,0.0,0.0,1.0,1.0,0.0,0.0,1.0,1.0,0.0,0.0,0.0,0.0,1.0,1.0,0.0,0.0,0.24420309916264532,20.212125073826172,21.303755537463296
8608,344.28,0.98,1,-0.001,0.277,0.1,-0.058,-0.02,0.0,0.0,0.0,0.1,0.13,1.98,0.0,0.68,0.61,0.64,0.12,0.47,0.0,0.25,0.18,0.82,0.0,0.0,0.0,0.0,0.0,1.0,1.0,0.0,0.0,1.0,1.0,0.0,0.0,0.0,0.0,1.0,1.0,0.0,0.0,0.23070124687459392,20.412006270820214,21.508370463612533
8609,344.32,0.98,1,-0.0,0.283,0.113,-0.056,-0.024,0.0,0.0,0.0,0.1,0.22,1.95,0.0,0.91,0.73,0.74,0.11,0.21,0.0,0.03,0.86,1.05,0.0,0.0,0.0,0.0,0.0,1.0,1.0,0.0,0.0,1.0,1.0,0.0,0.0,0.0,0.0,1.0,1.0,0.0,0.0,0.22831635919869897,20.706037766796474,21.803669415949187
8610,344.36,0.98,1,0.01,0.289,0.126,-0.058,-0.025,0.0,0.0,0.0,0.02,0.36,2.0,0.0,0.95,0.83,0.82,0.01,0.04,0.0,0.0,1.62,1.27,0.0,0.0,0.0,0.0,0.0,1.0,1.0,0.0,1.0,1.0,1.0,0.0,0.0,0.0,0.0,1.0,1.0,0.0,0.0,0.2260850879580591,20.300246303924673,21.200943375236914
8611,344.4,0.98,1,0.001,0.296,0.134,-0.057,-0.022,0.0,0.0,0.0,0.02,0.49,2.02,0.0,0.93,0.96,0.89,0.0,0.0,0.03,0.0,2.18,1.36,0.0,0.0,0.0,0.0,0.0,1.0,1.0,0.0,1.0,1.0,1.0,0.0,0.0,0.0,0.0,1.0,1.0,0.0,0.0,0.21967673276854335,20.503902067655318,21.900913222968445
8612,344.44,0.98,1,0.006,0.298,0.126,-0.051,-0.022,0.0,0.0,0.0,0.02,0.59,2.15,0.0,1.02,1.11,0.95,0.0,0.0,0.03,0.0,2.28,1.4,0.0,0.0,0.0,0.0,0.0,1.0,1.0,0.0,1.0,1.0,1.0,0.0,0.0,0.0,0.0,1.0,1.0,0.0,0.0,0.21076873858638334,20.199999999999818,21.30211257129203
8613,344.48,0.98,1,0.007,0.29,0.118,-0.046,-0.023,0.0,0.0,0.0,0.0,0.67,2.27,0.0,1.18,1.23,0.95,0.0,0.0,0.03,0.0,2.13,1.43,0.0,0.0,0.0,0.0,0.0,1.0,1.0,0.0,1.0,1.0,1.0,0.0,0.0,0.0,0.0,1.0,1.0,0.0,0.0,0.2075153492087611,20.400980368600028,22.002045359466017
8614,344.52,0.98,1,0.011,0.296,0.114,-0.048,-0.024,0.0,0.0,0.0,0.0,0.67,2.29,0.0,1.27,1.35,0.98,0.0,0.0,0.0,0.0,1.97,1.53,0.0,0.0,0.0,0.0,0.0,1.0,1.0,0.0,1.0,1.0,1.0,0.0,0.0,0.0,0.0,1.0,1.0,0.0,0.0,0.20564929636604495,20.206187171260012,22.2009008826219
8615,344.56,0.98,1,0.008,0.313,0.12,-0.05,-0.025,0.0,0.0,0.0,0.0,0.73,2.23,0.0,1.17,1.44,1.07,0.0,0.0,0.0,0.0,1.88,1.46,0.0,0.0,0.0,0.0,0.0,1.0,1.0,0.0,0.0,1.0,1.0,0.0,0.0,0.0,0.0,1.0,1.0,0.0,0.0,0.1950342120263533,20.400245096566717,21.700230413523308
8616,344.6,0.98,1,0.012,0.311,0.131,-0.049,-0.029,0.0,0.0,0.0,0.04,0.72,2.32,0.0,0.99,1.43,0.99,0.0,0.0,0.0,0.0,1.96,1.4,0.0,0.0,0.0,0.0,0.0,1.0,1.0,0.0,0.0,1.0,1.0,0.0,0.0,0.0,0.0,1.0,1.0,0.0,0.0,0.21014181478516702,20.20024752323599,22.200000000000045
8617,344.64,0.98,1,0.022,0.304,0.123,-0.059,-0.028,0.0,0.0,0.0,0.04,0.72,2.41,0.0,0.88,1.26,0.86,0.0,0.0,0.03,0.0,2.03,1.32,0.0,0.0,0.0,0.0,0.0,1.0,1.0,0.0,0.0,1.0,1.0,0.0,0.0,0.0,0.0,1.0,1.0,0.0,0.0,0.20938104918616704,20.00099997500125,21.70023041352308
8618,344.68,0.98,1,0.022,0.309,0.129,-0.063,-0.028,0.0,0.0,0.0,0.08,0.65,2.22,0.0,0.81,1.02,0.65,0.01,0.0,0.03,0.0,1.94,1.4,0.0,0.0,0.0,0.0,0.0,1.0,1.0,0.0,0.0,1.0,1.0,0.0,0.0,0.0,0.0,1.0,1.0,0.0,0.0,0.21301927852955146,20.00099997500125,22.0
8619,344.72,0.98,1,0.015,0.311,0.113,-0.068,-0.029,0.0,0.0,0.0,0.04,0.44,1.88,0.0,0.86,0.81,0.54,0.11,0.0,0.03,0.0,1.69,1.48,0.0,0.0,0.0,0.0,0.0,1.0,1.0,0.0,0.0,1.0,1.0,0.0,0.0,0.0,0.0,1.0,1.0,0.0,0.0,0.2144351119926355,20.299999999999955,21.900228309312304
8620,344.76,0.98,1,0.012,0.297,0.106,-0.061,-0.034,0.0,0.0,0.0,0.04,0.2,1.81,0.0,0.82,0.67,0.37,0.11,0.01,0.0,0.0,1.33,1.33,0.0,0.0,0.0,0.0,0.0,0.0,1.0,0.0,0.0,1.0,1.0,0.0,0.0,0.0,0.0,1.0,1.0,0.0,0.0,0.22101612039401575,20.600242717016847,22.405579662217935
8621,344.8,0.98,1,0.01,0.29,0.096,-0.065,-0.034,0.0,0.0,0.0,0.0,0.02,1.87,0.0,0.68,0.6,0.29,0.11,0.09,0.0,0.0,0.89,0.84,0.0,0.0,0.0,0.0,0.0,0.0,1.0,0.0,0.0,1.0,1.0,0.0,0.0,0.0,0.0,1.0,0.0,0.0,0.0,0.2273763712132652,20.303940504246906,22.102036105300254
8622,344.84,0.98,1,0.009,0.28,0.089,-0.066,-0.039,0.0,0.0,0.0,0.0,0.0,1.87,0.02,0.66,0.6,0.26,0.0,0.17,0.0,0.0,0.63,0.47,0.0,0.0,0.0,0.0,0.0,0.0,1.0,0.0,0.0,1.0,1.0,0.0,0.0,0.0,0.0,1.0,0.0,0.0,0.0,0.23069201887129387,20.40220576310303,22.0
8623,344.88,0.98,1,0.023,0.276,0.085,-0.074,-0.039,0.0,0.0,0.0,0.0,0.0,1.87,0.06,0.82,0.66,0.36,0.0,0.23,0.0,0.0,0.5,0.29,0.16,0.0,0.0,0.0,0.0,0.0,1.0,0.0,0.0,1.0,1.0,0.0,0.0,0.0,0.0,1.0,0.0,0.0,0.0,0.24132315648590277,20.10895322984258,21.202122535255803
8624,344.92,0.98,1,0.02,0.317,0.072,-0.076,-0.04,0.06,0.0,0.0,0.0,0.0,1.59,0.08,1.08,0.79,0.51,0.0,0.15,0.0,0.0,0.65,0.28,0.82,0.0,0.0,0.0,0.0,0.0,1.0,0.0,0.0,1.0,1.0,0.0,0.0,0.0,0.0,1.0,0.0,0.0,1.0,0.2147282189814009,17.404597093871583,18.327302038216054
8625,344.96,0.98,1,0.052,0.434,0.079,-0.095,-0.038,0.27,0.11,0.0,0.0,0.0,1.37,0.06,1.1,0.8,0.63,0.01,0.07,0.0,0.0,0.96,0.36,1.41,0.0,0.0,0.0,0.0,0.0,1.0,0.0,0.0,1.0,1.0,0.0,0.0,0.0,0.0,1.0,0.0,0.0,1.0,0.1710422731916501,15.56309737809283,20.462648899885725
8626,345.0,0.98,1,0.027,0.454,0.088,-0.089,-0.036,0.34,0.11,0.0,0.0,0.0,1.28,0.01,1.03,0.69,0.67,0.01,0.0,0.0,0.0,1.25,0.54,1.63,0.0,0.0,0.0,0.0,0.0,1.0,0.0,0.0,1.0,1.0,0.0,0.0,0.0,0.0,1.0,1.0,0.0,1.0,0.16156825190359858,18.233211456021575,18.826576959181885
8627,345.04,0.98,1,0.039,0.464,0.088,-0.07,-0.036,0.47,0.16,0.0,0.0,0.0,1.57,0.0,0.91,0.55,0.57,0.01,0.0,0.0,0.0,1.48,0.82,1.38,0.0,0.0,0.0,0.0,0.0,1.0,0.0,0.0,1.0,1.0,0.0,0.0,0.0,0.0,1.0,1.0,0.0,1.0,0.16013388750158614,16.601204775557843,23.255106965997857
8628,345.08,0.98,1,0.043,0.353,0.083,-0.069,-0.035,0.32,0.06,0.0,0.0,0.0,1.88,0.0,0.88,0.5,0.61,0.0,0.0,0.0,0.0,1.37,1.0,0.97,0.0,0.0,0.0,0.0,0.0,1.0,0.0,0.0,1.0,1.0,0.0,0.0,0.0,0.0,1.0,1.0,0.0,1.0,0.17269086210535084,20.02023975880409,19.26655132606771
8629,345.12,0.98,1,0.025,0.31,0.078,-0.073,-0.035,0.25,0.06,0.0,0.0,0.03,2.0,0.0,0.89,0.55,0.64,0.0,0.07,0.0,0.0,1.15,0.99,0.79,0.0,0.0,0.0,0.0,0.0,1.0,0.0,0.0,1.0,1.0,0.0,0.0,0.0,0.0,1.0,1.0,0.0,1.0,0.19293926417915092,15.80284784461328,19.14418971907679
8630,345.16,0.98,1,0.03,0.299,0.058,-0.073,-0.034,0.17,0.07,0.0,0.0,0.06,2.24,0.0,0.93,0.55,0.65,0.05,0.14,0.0,0.0,0.82,0.8,0.55,0.0,0.0,0.0,0.0,0.0,1.0,0.0,0.0,1.0,1.0,0.0,0.0,0.0,0.0,1.0,0.0,0.0,1.0,0.19906907526578554,15.702865980450877,17.94714461968821
8631,345.2,0.98,1,0.043,0.333,0.058,-0.064,-0.036,0.15,0.07,0.0,0.0,0.06,2.38,0.01,0.92,0.61,0.55,0.07,0.15,0.0,0.0,0.67,0.59,0.48,0.0,0.0,0.0,0.0,0.0,1.0,0.0,0.0,1.0,1.0,0.0,0.0,0.0,0.0,1.0,0.0,0.0,1.0,0.18172994424195635,16.80267835792849,17.840403582878906
8632,345.24,0.98,1,0.046,0.324,0.062,-0.064,-0.037,0.16,0.1,0.0,0.0,0.04,2.49,0.01,0.92,0.68,0.46,0.07,0.09,0.0,0.0,0.7,0.45,0.49,0.0,0.0,0.0,0.0,0.0,1.0,0.0,0.0,1.0,1.0,0.0,0.0,0.0,0.0,1.0,0.0,0.0,1.0,0.18916305286431995,16.302760502442478,17.847408775505713
8633,345.28,0.98,1,0.043,0.303,0.056,-0.067,-0.032,0.07,0.04,0.0,0.0,0.0,2.28,0.02,0.84,0.74,0.35,0.01,0.02,0.0,0.0,0.93,0.48,0.34,0.0,0.0,0.0,0.0,0.0,1.0,0.0,0.0,1.0,1.0,0.0,0.0,0.0,0.0,1.0,0.0,0.0,1.0,0.1999473908791612,16.59999999999991,18.4219977201172
8634,345.32,0.98,1,0.03,0.294,0.06,-0.068,-0.032,0.02,0.04,0.0,0.01,0.0,2.3,0.01,0.78,0.76,0.32,0.0,0.01,0.0,0.0,1.15,0.5,0.31,0.0,0.0,0.0,0.0,0.0,1.0,0.0,0.0,1.0,1.0,0.0,0.0,0.0,0.0,1.0,0.0,0.0,1.0,0.20557728794884123,17.302600960549434,18.200274723201343
8635,345.36,0.98,1,0.043,0.315,0.068,-0.07,-0.031,0.02,0.0,0.0,0.06,0.0,2.25,0.02,0.81,0.79,0.32,0.0,0.0,0.0,0.0,1.18,0.55,0.1,0.0,0.0,0.0,0.0,0.0,1.0,0.0,0.0,1.0,1.0,0.0,0.0,0.0,0.0,1.0,0.0,0.0,1.0,0.21139706098780311,17.800280896659984,18.701069488133605
8636,345.4,0.98,1,0.039,0.322,0.066,-0.068,-0.034,0.0,0.0,0.0,0.06,0.03,2.4,0.01,0.88,0.83,0.38,0.0,0.0,0.0,0.0,1.09,0.56,0.08,0.0,0.0,0.0,0.0,0.0,1.0,0.0,0.0,1.0,1.0,0.0,0.0,0.0,0.0,1.0,1.0,0.0,1.0,0.1971645746679902,18.301092863542284,19.10235587565043
8637,345.44,0.98,1,0.041,0.321,0.062,-0.066,-0.037,0.0,0.0,0.0,0.07,0.03,2.49,0.01,0.95,0.86,0.38,0.0,0.0,0.0,0.0,1.09,0.68,0.0,0.0,0.0,0.0,0.0,0.0,1.0,0.0,0.0,1.0,1.0,0.0,0.0,0.0,0.0,1.0,1.0,0.0,1.0,0.1865159036281711,18.5,19.30414463269477
8638,345.48,0.98,1,0.043,0.316,0.066,-0.072,-0.039,0.04,0.0,0.0,0.11,0.05,2.52,0.0,0.86,0.86,0.39,0.0,0.0,0.0,0.0,1.25,0.75,0.0,0.0,0.0,0.0,0.0,0.0,1.0,0.0,0.0,1.0,1.0,0.0,0.0,0.0,0.0,1.0,1.0,0.0,1.0,0.20066691710362333,18.706683297688066,19.601020381602495
8639,345.52,0.98,1,0.059,0.313,0.066,-0.064,-0.042,0.09,0.0,0.0,0.11,0.03,2.59,0.0,0.83,0.83,0.36,0.0,0.0,0.0,0.0,1.37,0.95,0.0,0.0,0.0,0.0,0.0,0.0,1.0,0.0,0.0,1.0,1.0,0.0,0.0,0.0,0.0,1.0,1.0,0.0,1.0,0.19711160231841823,18.702406262296886,19.809088823062968
8640,345.56,0.98,1,0.059,0.301,0.064,-0.066,-0.042,0.23,0.0,0.0,0.09,0.06,2.62,0.0,0.87,0.82,0.38,0.0,0.0,0.0,0.0,1.38,1.05,0.0,0.0,0.0,0.0,0.0,0.0,1.0,0.0,0.0,1.0,1.0,0.0,0.0,0.0,0.0,1.0,1.0,0.0,1.0,0.1981080854211314,18.706683297688066,19.716236963477634
8641,345.6,0.98,1,0.065,0.311,0.068,-0.071,-0.043,0.36,0.0,0.0,0.0,0.04,2.83,0.0,0.88,0.76,0.29,0.0,0.0,0.0,0.0,1.28,1.19,0.0,0.0,0.0,0.0,0.0,0.0,1.0,0.0,0.0,1.0,1.0,0.0,0.0,0.0,0.0,1.0,1.0,0.0,0.0,0.19278317257070468,19.004210059878837,19.51640335717624
8642,345.64,0.98,1,0.068,0.316,0.069,-0.07,-0.047,0.41,0.0,0.0,0.0,0.04,2.74,0.0,0.74,0.7,0.37,0.0,0.1,0.0,0.03,0.81,1.03,0.0,0.0,0.0,0.0,0.0,0.0,1.0,0.0,0.0,1.0,1.0,0.0,0.0,0.0,0.0,1.0,1.0,0.0,0.0,0.20265769793387683,18.909521411183402,20.519746587129188
8643,345.68,0.98,1,0.063,0.32,0.063,-0.077,-0.047,0.27,0.0,0.0,0.0,0.0,2.71,0.0,0.55,0.6,0.4,0.0,0.34,0.0,0.16,0.37,0.79,0.0,0.0,0.0,0.0,0.0,0.0,1.0,0.0,0.0,1.0,1.0,0.0,0.0,0.0,0.0,1.0,0.0,0.0,0.0,0.2322760023658167,19.316573195057092,21.02379604162864
8644,345.72,0.98,1,0.064,0.335,0.068,-0.086,-0.045,0.1,0.0,0.0,0.0,0.0,2.51,0.0,0.44,0.55,0.47,0.0,0.53,0.0,0.18,0.0,0.54,0.0,0.0,0.0,0.0,0.0,0.0,1.0,0.0,0.0,1.0,1.0,0.0,0.0,0.0,0.0,1.0,0.0,0.0,0.0,0.21486526180732446,19.520758181996925,21.33377603707319
8645,345.76,0.98,1,0.068,0.329,0.066,-0.089,-0.044,0.02,0.0,0.0,0.0,0.0,2.38,0.0,0.54,0.58,0.44,0.06,0.44,0.0,0.15,0.12,0.54,0.0,0.0,0.0,0.0,0.0,0.0,1.0,0.0,0.0,1.0,1.0,0.0,0.0,0.0,0.0,1.0,0.0,0.0,0.0,0.22085605054696117,19.026297590440446,20.6118897726532
8646,345.8,0.98,1,0.069,0.324,0.068,-0.085,-0.043,0.02,0.0,0.0,0.0,0.0,2.13,0.0,0.75,0.69,0.39,0.06,0.2,0.0,0.02,0.38,0.59,0.0,0.0,0.0,0.0,0.0,0.0,1.0,0.0,0.0,1.0,1.0,0.0,0.0,0.0,0.0,0.0,0.0,0.0,0.0,0.21077389786953832,19.112822920751306,20.919369015340653
8647,345.84,0.98,1,0.065,0.336,0.073,-0.096,-0.046,0.02,0.0,0.0,0.0,0.0,2.04,0.01,0.97,0.77,0.28,0.06,0.01,0.0,0.0,0.7,0.56,0.0,0.0,0.0,0.0,0.0,0.0,1.0,0.0,0.0,1.0,1.0,0.0,0.0,0.0,0.0,0.0,0.0,0.0,0.0,0.20340785941154899,19.209372712298592,20.711832367031217
8648,345.88,0.98,1,0.074,0.331,0.069,-0.095,-0.044,0.0,0.0,0.0,0.0,0.0,2.16,0.01,1.11,0.78,0.25,0.0,0.1,0.0,0.0,0.71,0.34,0.0,0.0,0.0,0.0,0.0,0.0,1.0,0.0,0.0,1.0,1.0,0.0,0.0,0.0,0.0,0.0,0.0,0.0,0.0,0.2053714111627077,19.216659439142724,21.414948050368793
8649,345.92,0.98,1,0.085,0.327,0.057,-0.103,-0.04,0.0,0.0,0.0,0.0,0.0,2.31,0.07,1.24,0.7,0.13,0.0,0.31,0.0,0.0,0.53,0.12,0.0,0.0,0.0,0.0,0.0,0.0,1.0,0.0,0.0,1.0,1.0,0.0,0.0,0.0,0.0,0.0,0.0,0.0,0.0,0.20336971459224695,19.620652384668468,21.5188289644209
8650,345.96,0.98,1,0.08,0.322,0.048,-0.111,-0.035,0.0,0.0,0.0,0.09,0.01,2.36,0.11,1.42,0.7,0.1,0.0,0.47,0.0,0.0,0.28,0.0,0.0,0.0,0.0,0.0,0.0,0.0,1.0,0.0,0.0,1.0,1.0,0.0,0.0,0.0,0.0,0.0,0.0,0.0,0.0,0.2049997337149989,19.82044399099067,21.618741869035674
8651,346.0,0.98,1,0.08,0.313,0.052,-0.105,-0.039,0.0,0.0,0.0,0.17,0.03,2.2,0.14,1.56,0.7,0.11,0.03,0.61,0.0,0.0,0.31,0.0,0.0,0.0,0.0,0.0,0.0,0.0,1.0,0.0,0.0,1.0,1.0,0.0,0.0,0.0,0.0,0.0,0.0,0.0,0.0,0.2038702492873564,20.348218595248266,21.811235636708158
8652,346.04,0.98,1,0.084,0.321,0.064,-0.112,-0.037,0.0,0.0,0.0,0.22,0.03,2.12,0.2,1.6,0.75,0.17,0.03,0.56,0.0,0.0,0.48,0.0,0.0,0.0,0.0,0.0,0.0,0.0,1.0,0.0,0.0,1.0,1.0,0.0,0.0,0.0,0.0,0.0,0.0,0.0,0.0,0.20392351503251827,19.916073910286723,21.40840956259955
8653,346.08,0.98,1,0.081,0.317,0.071,-0.109,-0.037,0.0,0.0,0.0,0.25,0.02,2.04,0.19,1.59,0.75,0.25,0.03,0.49,0.0,0.0,0.67,0.0,0.0,0.0,0.0,0.0,0.0,0.0,1.0,0.0,0.0,1.0,1.0,0.0,0.0,0.0,0.0,0.0,0.0,0.0,0.0,0.20987182933069948,19.925109786397528,21.30023474049049
8654,346.12,0.98,1,0.077,0.321,0.07,-0.103,-0.035,0.0,0.0,0.0,0.24,0.0,2.13,0.17,1.45,0.77,0.15,0.01,0.26,0.0,0.0,0.84,0.0,0.0,0.0,0.0,0.0,0.0,0.0,1.0,0.0,1.0,1.0,1.0,0.0,0.0,0.0,0.0,0.0,0.0,0.0,0.0,0.2098018132208307,19.6163197363829,21.61480973776998
8655,346.16,0.98,1,0.076,0.317,0.073,-0.099,-0.036,0.0,0.0,0.0,0.26,0.0,1.99,0.07,1.38,0.76,0.09,0.05,0.12,0.0,0.0,0.89,0.0,0.0,0.0,0.0,0.0,0.0,0.0,1.0,0.0,0.0,1.0,1.0,0.0,0.0,0.0,0.0,0.0,0.0,0.0,0.0,0.21798048247993743,19.630843079195692,21.40584032454681
8656,346.2,0.98,1,0.072,0.326,0.075,-0.105,-0.032,0.0,0.0,0.0,0.13,0.0,2.01,0.05,1.26,0.78,0.11,0.1,0.03,0.0,0.0,0.88,0.03,0.0,0.0,0.0,0.0,0.0,0.0,1.0,0.0,0.0,1.0,1.0,0.0,0.0,0.0,0.0,0.0,0.0,0.0,0.0,0.21905984501339543,20.16358103115606,21.00380917833715
8657,346.24,0.98,1,0.08,0.332,0.083,-0.106,-0.03,0.0,0.0,0.0,0.1,0.01,2.18,0.05,1.24,0.78,0.24,0.16,0.02,0.0,0.0,1.06,0.16,0.0,0.0,0.0,0.0,0.0,0.0,1.0,0.0,0.0,1.0,1.0,0.0,0.0,0.0,0.0,1.0,0.0,0.0,0.0,0.2189628973055585,20.05617112013158,21.002142747824568
8658,346.28,0.98,1,0.069,0.338,0.099,-0.116,-0.022,0.0,0.0,0.0,0.19,0.01,2.25,0.05,1.2,0.79,0.32,0.11,0.0,0.0,0.0,1.26,0.39,0.0,0.0,0.0,0.0,0.0,0.0,1.0,0.0,0.0,1.0,1.0,0.0,0.0,0.0,0.0,1.0,0.0,0.0,0.0,0.2229139282094047,20.56234422433396,21.800229356591597
8659,346.32,0.98,1,0.089,0.329,0.108,-0.12,-0.02,0.0,0.0,0.0,0.29,0.06,2.26,0.06,1.13,0.77,0.3,0.06,0.0,0.0,0.0,1.42,0.55,0.0,0.0,0.0,0.0,0.0,0.0,1.0,0.0,0.0,1.0,1.0,0.0,0.0,0.0,0.0,1.0,0.0,0.0,0.0,0.2444917733636327,20.607280266934794,21.70092163941435
8660,346.36,0.98,1,0.077,0.34,0.108,-0.121,-0.018,0.0,0.0,0.0,0.28,0.08,2.14,0.07,1.11,0.78,0.24,0.0,0.12,0.0,0.0,1.17,0.54,0.0,0.0,0.0,0.0,0.0,0.0,1.0,0.0,0.0,1.0,1.0,0.0,0.0,0.0,0.0,1.0,0.0,0.0,0.0,0.2351805094808393,20.778113485107404,21.700000000000045
8661,346.4,0.98,1,0.053,0.355,0.099,-0.119,-0.017,0.09,0.14,0.0,0.14,0.08,1.72,0.07,1.05,0.78,0.42,0.01,0.35,0.0,0.0,0.84,0.33,0.49,0.0,0.0,0.0,0.0,0.0,1.0,0.0,0.0,1.0,1.0,0.0,0.0,0.0,0.0,1.0,0.0,0.0,1.0,0.19416992256086757,16.00281225285106,19.749683541768277
8662,346.44,0.98,1,0.084,0.417,0.083,-0.14,-0.01,0.24,0.19,0.0,0.03,0.03,1.04,0.04,0.94,0.83,0.64,0.01,0.53,0.0,0.0,0.45,0.15,1.02,1.0,0.0,0.0,0.0,0.0,0.0,0.0,0.0,1.0,1.0,0.0,0.0,0.0,0.0,0.0,0.0,0.0,1.0,0.19578419982702766,14.467895493125548,19.4435079139543
8663,346.48,0.98,1,0.031,0.429,0.079,-0.128,-0.01,0.42,0.29,0.0,0.0,0.0,0.45,0.0,0.75,0.86,0.97,0.01,0.65,0.0,0.0,0.19,0.02,1.53,1.0,0.0,0.0,0.0,0.0,0.0,0.0,0.0,1.0,1.0,0.0,0.0,0.0,0.0,0.0,0.0,0.0,1.0,0.18556033306300734,17.67766952966369,22.065584062063714
8664,346.52,0.98,1,0.05,0.423,0.071,-0.121,-0.013,0.38,0.18,0.0,0.0,0.0,0.61,0.0,0.51,0.87,1.07,0.0,0.66,0.0,0.0,0.02,0.0,1.42,1.0,0.0,0.0,0.0,0.0,0.0,0.0,0.0,1.0,1.0,0.0,0.0,0.0,0.0,0.0,0.0,0.0,1.0,0.17905095039680766,16.20030863903515,20.419843290290054
8665,346.56,0.98,1,0.059,0.379,0.072,-0.107,-0.017,0.23,0.18,0.0,0.0,0.0,1.16,0.0,0.44,0.84,1.05,0.0,0.74,0.0,0.0,0.0,0.0,1.01,1.0,0.0,0.0,0.0,0.0,0.0,0.0,0.0,1.0,1.0,0.0,0.0,0.0,0.0,0.0,0.0,0.0,1.0,0.17862253847211995,17.46453549339355,18.5779439120695
8666,346.6,0.98,1,0.056,0.326,0.076,-0.097,-0.021,0.05,0.09,0.0,0.0,0.0,1.73,0.0,0.43,0.82,0.99,0.0,0.77,0.0,0.0,0.0,0.0,0.52,1.0,0.0,0.0,0.0,0.0,1.0,0.0,0.0,1.0,1.0,0.0,0.0,0.0,0.0,0.0,0.0,0.0,1.0,0.20537611414879015,14.912075643585059,16.86683135624467
8667,346.64,0.98,1,0.072,0.329,0.086,-0.106,-0.021,0.0,0.05,0.0,0.0,0.0,2.01,0.0,0.52,0.79,0.83,0.02,0.8,0.0,0.0,0.0,0.0,0.14,0.0,0.0,0.0,0.0,0.0,1.0,0.0,0.0,1.0,1.0,0.0,0.0,0.0,0.0,0.0,0.0,0.0,0.0,0.21198335775819763,15.301307133705885,16.966437457521927
8668,346.68,0.98,1,0.086,0.322,0.083,-0.101,-0.024,0.1,0.0,0.0,0.1,0.0,2.17,0.0,0.53,0.81,0.87,0.02,0.72,0.0,0.0,0.0,0.0,0.09,0.0,0.0,0.0,0.0,0.0,1.0,0.0,0.0,1.0,1.0,0.0,0.0,0.0,0.0,0.0,0.0,0.0,0.0,0.2143789101923655,16.407620180879462,17.93376703316967
8669,346.72,0.98,1,0.09,0.32,0.089,-0.1,-0.028,0.1,0.0,0.0,0.1,0.0,2.2,0.0,0.65,0.87,0.82,0.05,0.68,0.0,0.02,0.0,0.0,0.07,0.0,0.0,0.0,0.0,0.0,1.0,0.0,0.0,1.0,1.0,0.0,0.0,0.0,0.0,0.0,0.0,0.0,0.0,0.22125890699669037,17.00264685276972,18.417383093154232
8670,346.76,0.98,1,0.066,0.349,0.086,-0.119,-0.022,0.1,0.0,0.0,0.1,0.0,2.12,0.0,0.66,0.89,0.85,0.03,0.55,0.0,0.06,0.0,0.0,0.07,0.0,0.0,0.0,0.0,0.0,1.0,0.0,0.0,1.0,1.0,0.0,0.0,0.0,0.0,0.0,0.0,0.0,0.0,0.2109675208264453,17.507141400011598,17.80702108720036
8671,346.8,0.98,1,0.084,0.341,0.085,-0.109,-0.028,0.0,0.0,0.0,0.0,0.0,1.98,0.0,0.63,0.9,0.8,0.03,0.52,0.0,0.09,0.0,0.0,0.0,0.0,0.0,0.0,0.0,0.0,1.0,0.0,0.0,1.0,1.0,0.0,0.0,0.0,0.0,0.0,0.0,0.0,0.0,0.2120026119903276,17.7002824836216,19.212756179163698
8672,346.84,0.98,1,0.088,0.337,0.084,-0.109,-0.03,0.0,0.0,0.0,0.0,0.0,1.74,0.0,0.55,0.88,0.75,0.0,0.43,0.0,0.11,0.0,0.0,0.0,0.0,0.0,0.0,0.0,0.0,1.0,0.0,0.0,1.0,1.0,0.0,0.0,0.0,0.0,0.0,0.0,0.0,0.0,0.21670951951483708,18.00444389588304,19.806312125178636
8673,346.88,0.98,1,0.077,0.333,0.082,-0.112,-0.027,0.0,0.0,0.0,0.0,0.0,1.82,0.0,0.55,0.92,0.86,0.0,0.52,0.0,0.13,0.0,0.0,0.0,0.0,0.0,0.0,0.0,0.0,1.0,0.0,0.0,1.0,1.0,0.0,0.0,0.0,0.0,0.0,0.0,0.0,0.0,0.22440664086953777,18.70026737776767,19.70634415613413
8674,346.92,0.98,1,0.092,0.346,0.079,-0.114,-0.026,0.0,0.0,0.0,0.0,0.0,1.9,0.0,0.61,0.96,0.88,0.07,0.61,0.0,0.17,0.0,0.0,0.0,0.0,0.0,0.0,0.0,0.0,1.0,0.0,0.0,1.0,1.0,0.0,0.0,0.0,0.0,0.0,0.0,0.0,0.0,0.21266563542751404,18.200274723201343,19.920341362537027
8675,346.96,0.98,1,0.099,0.343,0.086,-0.112,-0.028,0.0,0.0,0.0,0.12,0.0,2.06,0.0,0.69,0.99,0.95,0.07,0.69,0.0,0.14,0.0,0.0,0.0,0.0,0.0,0.0,0.0,0.0,1.0,0.0,0.0,1.0,1.0,0.0,0.0,0.0,0.0,0.0,0.0,0.0,0.0,0.22146457535915176,18.71309701786407,20.124860247962108
8676,347.0,0.98,1,0.122,0.338,0.085,-0.118,-0.029,0.0,0.0,0.0,0.12,0.0,2.07,0.0,0.72,1.06,0.85,0.06,0.65,0.0,0.17,0.0,0.0,0.0,0.0,0.0,0.0,0.0,0.0,1.0,0.0,0.0,1.0,1.0,0.0,0.0,0.0,0.0,0.0,0.0,0.0,0.0,0.2212417856471539,19.450449866262822,21.42335174523361
8677,347.04,0.98,1,0.118,0.334,0.084,-0.114,-0.032,0.0,0.0,0.0,0.12,0.0,1.97,0.0,0.77,1.07,0.78,0.08,0.57,0.0,0.19,0.0,0.0,0.0,0.0,0.0,0.0,0.0,0.0,1.0,0.0,0.0,1.0,1.0,0.0,0.0,0.0,0.0,0.0,0.0,0.0,0.0,0.2266905495160308,19.483326204732183,22.03837562072123
8678,347.08,0.98,1,0.109,0.335,0.077,-0.111,-0.034,0.0,0.0,0.0,0.0,0.0,1.92,0.0,0.83,1.06,0.76,0.08,0.62,0.0,0.25,0.0,0.0,0.0,0.0,0.0,0.0,0.0,0.0,1.0,0.0,0.0,1.0,1.0,0.0,0.0,0.0,0.0,0.0,0.0,0.0,0.0,0.22379503266579404,19.592345444075853,20.75427666771339
8679,347.12,0.98,1,0.117,0.332,0.078,-0.116,-0.032,0.0,0.0,0.0,0.0,0.0,2.04,0.0,0.89,1.04,0.71,0.08,0.64,0.0,0.22,0.0,0.0,0.0,0.0,0.0,0.0,0.0,0.0,1.0,0.0,0.0,1.0,1.0,0.0,0.0,0.0,0.0,0.0,0.0,0.0,0.0,0.22774678693984216,19.691876497683133,21.45250568115538
8680,347.16,0.98,1,0.114,0.328,0.075,-0.113,-0.033,0.0,0.0,0.0,0.0,0.0,2.19,0.0,0.9,1.06,0.73,0.0,0.67,0.0,0.18,0.0,0.0,0.0,0.0,0.0,0.0,0.0,0.0,1.0,0.0,0.0,1.0,1.0,0.0,0.0,0.0,0.0,0.0,0.0,0.0,0.0,0.2229636309445266,19.782062582046436,21.0535032714273
8681,347.2,0.98,1,0.105,0.337,0.077,-0.108,-0.033,0.0,0.0,0.0,0.0,0.0,2.3,0.0,0.84,1.05,0.67,0.0,0.54,0.0,0.12,0.0,0.0,0.0,0.0,0.0,0.0,0.0,0.0,1.0,0.0,0.0,1.0,1.0,0.0,0.0,0.0,0.0,0.0,0.0,0.0,0.0,0.22574410262096067,19.88164983093702,22.357325421436215
8682,347.24,0.98,1,0.106,0.324,0.075,-0.113,-0.033,0.0,0.0,0.0,0.0,0.0,2.18,0.0,0.83,1.04,0.65,0.0,0.49,0.0,0.1,0.0,0.0,0.0,0.0,0.0,0.0,0.0,0.0,1.0,0.0,0.0,1.0,1.0,0.0,0.0,0.0,0.0,0.0,0.0,0.0,0.0,0.23289436377046482,19.85673689204745,21.14639449173301
8683,347.28,0.98,1,0.096,0.329,0.072,-0.106,-0.032,0.0,0.0,0.0,0.0,0.0,2.13,0.0,0.79,0.99,0.59,0.0,0.48,0.0,0.08,0.0,0.0,0.0,0.0,0.0,0.0,0.0,0.0,1.0,0.0,0.0,1.0,1.0,0.0,0.0,0.0,0.0,0.0,0.0,0.0,0.0,0.2341148794686686,19.972481067709236,21.459729728027888
8684,347.32,0.98,1,0.094,0.326,0.076,-0.105,-0.029,0.0,0.0,0.0,0.0,0.0,2.05,0.0,0.81,0.99,0.51,0.09,0.41,0.0,0.08,0.0,0.0,0.0,0.0,0.0,0.0,0.0,0.0,1.0,0.0,0.0,1.0,1.0,0.0,0.0,0.0,0.0,0.0,0.0,0.0,0.0,0.2346960088228508,20.26326725876165,20.63492185592196
8685,347.36,0.98,1,0.088,0.326,0.078,-0.104,-0.025,0.0,0.0,0.0,0.0,0.0,2.14,0.0,0.7,0.96,0.43,0.16,0.39,0.0,0.13,0.0,0.0,0.0,0.0,0.0,0.0,0.0,0.0,1.0,0.0,0.0,1.0,1.0,0.0,0.0,0.0,0.0,0.0,0.0,0.0,0.0,0.23588473029288903,20.04220546746291,21.83300254202357
8686,347.4,0.98,1,0.082,0.328,0.075,-0.099,-0.022,0.0,0.0,0.0,0.0,0.0,2.26,0.0,0.64,0.95,0.39,0.16,0.31,0.0,0.12,0.01,0.0,0.0,0.0,0.0,0.0,0.0,0.0,1.0,0.0,0.0,1.0,1.0,0.0,0.0,0.0,0.0,0.0,0.0,0.0,0.0,0.23572088231923397,20.28003944769343,21.14639449173301
8687,347.44,0.98,1,0.081,0.33,0.08,-0.102,-0.022,0.0,0.0,0.0,0.0,0.0,2.38,0.0,0.55,0.93,0.39,0.07,0.32,0.0,0.12,0.01,0.0,0.0,0.0,0.0,0.0,0.0,0.0,1.0,0.0,0.0,1.0,1.0,0.0,0.0,0.0,0.0,0.0,0.0,0.0,0.0,0.2406468921660989,20.042205467462903,20.83458662896885
8688,347.48,0.98,1,0.082,0.329,0.083,-0.103,-0.023,0.0,0.0,0.0,0.06,0.0,2.34,0.0,0.55,0.93,0.59,0.01,0.23,0.0,0.05,0.01,0.0,0.0,0.0,0.0,0.0,0.0,0.0,1.0,0.0,0.0,1.0,1.0,0.0,0.0,0.0,0.0,0.0,0.0,0.0,0.0,0.2489037289750975,20.255616505058587,20.030227157973023
8689,347.52,0.98,1,0.08,0.315,0.083,-0.106,-0.024,0.0,0.0,0.0,0.06,0.0,2.31,0.0,0.59,0.94,0.73,0.07,0.25,0.0,0.1,0.0,0.0,0.0,0.0,0.0,0.0,0.0,0.0,1.0,0.0,0.0,1.0,1.0,0.0,0.0,0.0,0.0,0.0,0.0,0.0,0.0,0.2478520717360548,20.362956563328378,18.538878067455972
8690,347.56,0.98,1,0.092,0.325,0.082,-0.105,-0.025,0.0,0.0,0.0,0.13,0.0,2.29,0.0,0.57,0.89,0.87,0.11,0.36,0.0,0.16,0.0,0.0,0.0,0.0,0.0,0.0,0.0,0.0,1.0,0.0,0.0,1.0,1.0,0.0,0.0,0.0,0.0,0.0,0.0,0.0,0.0,0.24327862945536285,20.26326725876165,20.241788458533055
8691,347.6,0.98,1,0.088,0.319,0.078,-0.103,-0.027,0.0,0.0,0.0,0.1,0.0,2.33,0.0,0.61,0.85,0.99,0.15,0.48,0.0,0.2,0.0,0.0,0.0,0.0,0.0,0.0,0.0,0.0,1.0,0.0,0.0,1.0,1.0,0.0,0.0,0.0,0.0,0.0,0.0,0.0,0.0,0.2416945305710999,20.271408436514765,18.951780918953098
8692,347.64,0.98,1,0.088,0.317,0.079,-0.104,-0.03,0.0,0.0,0.0,0.1,0.0,2.35,0.0,0.55,0.85,1.1,0.09,0.59,0.0,0.19,0.0,0.0,0.0,0.0,0.0,0.0,0.0,0.0,1.0,0.0,0.0,1.0,1.0,0.0,0.0,0.0,0.0,0.0,0.0,0.0,0.0,0.23911348022733162,19.900753754569152,19.749683541768512
8693,347.68,0.98,1,0.095,0.326,0.082,-0.107,-0.031,0.0,0.0,0.0,0.04,0.0,2.28,0.0,0.59,0.87,1.16,0.05,0.59,0.01,0.13,0.0,0.0,0.0,0.0,0.0,0.0,0.0,0.0,1.0,0.0,0.0,1.0,1.0,0.0,0.0,0.0,0.0,0.0,0.0,0.0,0.0,0.23659842962442784,19.691876497682905,20.840585404445775
8694,347.72,0.98,1,0.094,0.323,0.082,-0.102,-0.036,0.0,0.0,0.0,0.08,0.0,2.31,0.0,0.6,0.88,1.09,0.09,0.64,0.01,0.22,0.0,0.0,0.0,0.0,0.0,0.0,0.0,0.0,1.0,0.0,0.0,1.0,1.0,0.0,0.0,0.0,0.0,0.0,0.0,0.0,0.0,0.24024183354310022,19.990497742677732,20.734753434753017
8695,347.76,0.98,1,0.095,0.33,0.074,-0.101,-0.032,0.0,0.0,0.0,0.08,0.0,2.36,0.0,0.6,0.83,1.02,0.09,0.62,0.01,0.2,0.0,0.0,0.0,0.0,0.0,0.0,0.0,0.0,1.0,0.0,0.0,1.0,1.0,0.0,0.0,0.0,0.0,0.0,0.0,0.0,0.0,0.23707865027038744,20.41886382735333,22.43211982849601
8696,347.8,0.98,1,0.094,0.324,0.081,-0.101,-0.038,0.0,0.0,0.0,0.06,0.0,2.37,0.0,0.58,0.77,0.96,0.09,0.69,0.0,0.28,0.0,0.0,0.0,0.0,0.0,0.0,0.0,0.0,1.0,0.0,0.0,1.0,1.0,0.0,0.0,0.0,0.0,0.0,0.0,0.0,0.0,0.24319073293195032,19.712178976460123,22.2272355456094
8697,347.84,0.98,1,0.093,0.327,0.081,-0.108,-0.033,0.0,0.0,0.0,0.0,0.0,2.27,0.0,0.52,0.73,0.89,0.09,0.67,0.0,0.25,0.0,0.0,0.0,0.0,0.0,0.0,0.0,0.0,1.0,0.0,0.0,1.0,1.0,0.0,0.0,0.0,0.0,0.0,0.0,0.0,0.0,0.24587869049411187,20.209403751719286,22.626754075651146
8698,347.88,0.98,1,0.098,0.325,0.08,-0.104,-0.033,0.0,0.0,0.0,0.0,0.0,2.19,0.0,0.48,0.72,0.7,0.14,0.75,0.0,0.35,0.0,0.0,0.0,0.0,0.0,0.0,0.0,0.0,1.0,0.0,0.0,1.0,1.0,0.0,0.0,0.0,0.0,0.0,0.0,0.0,0.0,0.24595204674240928,20.308865059377442,22.332263655975584
8699,347.92,0.98,1,0.099,0.319,0.077,-0.106,-0.035,0.0,0.0,0.0,0.06,0.0,2.17,0.0,0.46,0.74,0.6,0.18,0.71,0.0,0.35,0.0,0.0,0.0,0.0,0.0,0.0,0.0,0.0,1.0,0.0,0.0,1.0,1.0,0.0,0.0,0.0,0.0,0.0,0.0,0.0,0.0,0.24517135642467192,20.34207462379395,22.05810508633958
8700,347.96,0.98,1,0.102,0.31,0.074,-0.105,-0.035,0.0,0.0,0.0,0.11,0.0,2.23,0.0,0.46,0.78,0.56,0.09,0.76,0.0,0.36,0.0,0.0,0.0,0.0,0.0,0.0,0.0,0.0,1.0,0.0,0.0,1.0,1.0,0.0,0.0,0.0,0.0,0.0,0.0,0.0,0.0,0.2543410381617235,20.010497245196174,22.543513479491168
8701,348.0,0.98,1,0.087,0.321,0.079,-0.109,-0.034,0.0,0.0,0.0,0.11,0.0,2.14,0.0,0.48,0.82,0.66,0.04,0.79,0.0,0.35,0.0,0.0,0.0,0.0,0.0,0.0,0.0,0.0,1.0,0.0,0.0,1.0,1.0,0.0,0.0,0.0,0.0,0.0,0.0,0.0,0.0,0.2458996217284256,20.441379601191393,22.52687284112022
8702,348.04,0.98,1,0.078,0.303,0.066,-0.099,-0.036,0.0,0.0,0.0,0.08,0.0,2.03,0.0,0.5,0.78,0.66,0.04,0.84,0.0,0.39,0.0,0.0,0.0,0.0,0.0,0.0,0.0,0.0,1.0,0.0,0.0,1.0,1.0,0.0,0.0,0.0,0.0,0.0,0.0,0.0,0.0,0.2596769673042298,20.37105790085528,22.703523955544917
8703,348.08,0.98,1,0.071,0.313,0.066,-0.106,-0.035,0.0,0.0,0.0,0.03,0.0,1.95,0.0,0.54,0.75,0.71,0.09,0.89,0.0,0.4,0.0,0.0,0.0,0.0,0.0,0.0,0.0,0.0,1.0,0.0,0.0,1.0,1.0,0.0,0.0,0.0,0.0,0.0,0.0,0.0,0.0,0.24194378521336796,20.570367036103168,22.02271554554524
8704,348.12,0.98,1,0.074,0.315,0.065,-0.104,-0.034,0.0,0.0,0.0,0.09,0.0,2.04,0.0,0.58,0.74,0.61,0.21,0.85,0.0,0.39,0.0,0.0,0.0,0.0,0.0,0.0,0.0,0.0,1.0,0.0,0.0,1.0,1.0,0.0,0.0,0.0,0.0,0.0,0.0,0.0,0.0,0.2394923469197447,20.462648899885945,22.71783440383352
8705,348.16,0.98,1,0.068,0.321,0.068,-0.09,-0.041,0.0,0.0,0.0,0.09,0.0,2.1,0.0,0.55,0.77,0.56,0.19,0.79,0.0,0.35,0.0,0.0,0.0,0.0,0.0,0.0,0.0,0.0,1.0,0.0,0.0,1.0,1.0,0.0,0.0,0.0,0.0,0.0,0.0,0.0,0.0,0.230015331961926,20.854016399724973,22.526872841120227
8706,348.2,0.98,1,0.072,0.318,0.065,-0.094,-0.04,0.0,0.0,0.0,0.12,0.0,1.95,0.0,0.47,0.75,0.44,0.14,0.75,0.0,0.29,0.0,0.0,0.0,0.0,0.0,0.0,0.0,0.0,1.0,0.0,0.0,1.0,1.0,0.0,0.0,0.0,0.0,0.0,0.0,0.0,0.0,0.233788246203667,20.95375861271658,22.622113075484258
8707,348.24,0.98,1,0.066,0.312,0.065,-0.093,-0.038,0.0,0.0,0.0,0.15,0.0,1.75,0.0,0.49,0.72,0.51,0.04,0.78,0.0,0.31,0.0,0.0,0.0,0.0,0.0,0.0,0.0,0.0,1.0,0.0,0.0,1.0,1.0,0.0,0.0,0.0,0.0,0.0,0.0,0.0,0.0,0.2333882494201478,20.654539452624103,22.41428116179513
8708,348.28,0.98,1,0.069,0.321,0.064,-0.083,-0.04,0.0,0.0,0.0,0.12,0.0,1.67,0.0,0.53,0.65,0.45,0.05,0.84,0.0,0.34,0.0,0.0,0.0,0.0,0.0,0.0,0.0,0.0,1.0,0.0,0.0,1.0,1.0,0.0,0.0,0.0,0.0,0.0,0.0,0.0,0.0,0.2251424080449971,20.840585404445775,22.222511109233174
8709,348.32,0.98,1,0.075,0.317,0.064,-0.077,-0.041,0.0,0.0,0.0,0.1,0.0,1.69,0.0,0.63,0.62,0.44,0.05,0.82,0.0,0.32,0.0,0.0,0.0,0.0,0.0,0.0,0.0,0.0,1.0,0.0,0.0,1.0,1.0,0.0,0.0,0.0,0.0,0.0,0.0,0.0,0.0,0.223933767952487,20.524375751773793,22.717834403833525
8710,348.36,0.98,1,0.074,0.319,0.066,-0.078,-0.04,0.0,0.0,0.0,0.0,0.0,1.94,0.0,0.61,0.6,0.38,0.02,0.77,0.0,0.23,0.0,0.0,0.0,0.0,0.0,0.0,0.0,0.0,1.0,0.0,0.0,1.0,1.0,0.0,0.0,0.0,0.0,0.0,0.0,0.0,0.0,0.22017444176874734,20.130076999356103,22.214409737825626
8711,348.4,0.98,1,0.08,0.315,0.066,-0.076,-0.041,0.0,0.0,0.0,0.0,0.0,2.13,0.0,0.62,0.63,0.5,0.0,0.71,0.0,0.1,0.0,0.0,0.0,0.0,0.0,0.0,0.0,0.0,1.0,0.0,0.0,1.0,1.0,0.0,0.0,0.0,0.0,0.0,0.0,0.0,0.0,0.2337552984355362,19.736514383243883,20.14199592890428
8712,348.44,0.98,1,0.066,0.316,0.063,-0.078,-0.036,0.0,0.0,0.0,0.0,0.0,2.25,0.0,0.59,0.66,0.59,0.09,0.69,0.0,0.05,0.0,0.0,0.0,0.0,0.0,0.0,0.0,0.0,1.0,0.0,0.0,1.0,1.0,0.0,0.0,0.0,0.0,0.0,0.0,0.0,0.0,0.23383272883779616,20.435263639111767,21.040199618824918
8713,348.48,0.98,1,0.068,0.315,0.058,-0.082,-0.034,0.0,0.0,0.0,0.0,0.0,2.0,0.0,0.63,0.71,0.63,0.19,0.69,0.0,0.11,0.0,0.0,0.0,0.0,0.0,0.0,0.0,0.0,1.0,0.0,0.0,1.0,1.0,0.0,0.0,0.0,0.0,0.0,0.0,0.0,0.0,0.23463226837851864,20.54117815511077,21.32838484273945
8714,348.52,0.98,1,0.061,0.317,0.058,-0.077,-0.034,0.0,0.0,0.0,0.0,0.0,1.79,0.0,0.61,0.72,0.59,0.31,0.69,0.0,0.19,0.0,0.0,0.0,0.0,0.0,0.0,0.0,0.0,1.0,0.0,0.0,1.0,1.0,0.0,0.0,0.0,0.0,0.0,0.0,0.0,0.0,0.22225344058337543,20.535091916034858,20.734753434753017
8715,348.56,0.98,1,0.071,0.315,0.056,-0.077,-0.034,0.0,0.0,0.0,0.05,0.0,1.69,0.0,0.59,0.69,0.56,0.23,0.63,0.0,0.18,0.0,0.0,0.0,0.0,0.0,0.0,0.0,0.0,1.0,0.0,0.0,1.0,1.0,0.0,0.0,0.0,0.0,0.0,0.0,0.0,0.0,0.22328509860321089,20.14199592890428,21.822923727126895
8716,348.6,0.98,1,0.072,0.316,0.06,-0.079,-0.037,0.0,0.0,0.0,0.13,0.0,1.83,0.0,0.53,0.67,0.61,0.17,0.61,0.0,0.09,0.0,0.0,0.0,0.0,0.0,0.0,0.0,0.0,1.0,0.0,0.0,1.0,1.0,0.0,0.0,0.0,0.0,0.0,0.0,0.0,0.0,0.22201961423281982,20.37105790085528,22.214409737825626
8717,348.64,0.98,1,0.067,0.315,0.054,-0.078,-0.04,0.0,0.0,0.0,0.13,0.0,1.93,0.0,0.59,0.68,0.64,0.08,0.61,0.0,0.06,0.0,0.0,0.0,0.0,0.0,0.0,0.0,0.0,1.0,0.0,0.0,1.0,1.0,0.0,0.0,0.0,0.0,0.0,0.0,0.0,0.0,0.22323711964409132,20.24845673131663,22.027482833950867
8718,348.68,0.98,1,0.062,0.316,0.058,-0.081,-0.04,0.0,0.0,0.0,0.08,0.0,1.97,0.0,0.6,0.71,0.61,0.07,0.65,0.0,0.1,0.0,0.0,0.0,0.0,0.0,0.0,0.0,0.0,1.0,0.0,0.0,1.0,1.0,0.0,0.0,0.0,0.0,0.0,0.0,0.0,0.0,0.22237470602552417,20.654539452623876,21.627991122616915
8719,348.72,0.98,1,0.067,0.312,0.055,-0.075,-0.041,0.0,0.0,0.0,0.07,0.0,2.04,0.0,0.57,0.7,0.47,0.03,0.59,0.0,0.13,0.0,0.0,0.0,0.0,0.0,0.0,0.0,0.0,1.0,0.0,0.0,1.0,1.0,0.0,0.0,0.0,0.0,0.0,0.0,0.0,0.0,0.22300712752484717,20.37105790085528,21.34595980507805
8720,348.76,0.98,1,0.066,0.307,0.055,-0.074,-0.041,0.0,0.0,0.0,0.11,0.0,2.02,0.0,0.48,0.69,0.34,0.01,0.59,0.0,0.18,0.0,0.0,0.0,0.0,0.0,0.0,0.0,0.0,1.0,0.0,0.0,1.0,1.0,0.0,0.0,0.0,0.0,0.0,0.0,0.0,0.0,0.23173250408366775,20.04220546746291,20.654539452623876
8721,348.8,0.98,1,0.064,0.3,0.051,-0.072,-0.039,0.0,0.0,0.0,0.19,0.0,2.22,0.0,0.49,0.69,0.41,0.02,0.56,0.0,0.2,0.0,0.0,0.0,0.0,0.0,0.0,0.0,0.0,1.0,0.0,0.0,1.0,1.0,0.0,0.0,0.0,0.0,0.0,0.0,0.0,0.0,0.24454868629437082,20.171762441591593,21.140009460735726
8722,348.84,0.98,1,0.061,0.304,0.051,-0.068,-0.044,0.0,0.0,0.0,0.18,0.0,2.29,0.0,0.55,0.69,0.46,0.07,0.66,0.0,0.2,0.0,0.0,0.0,0.0,0.0,0.0,0.0,0.0,1.0,0.0,0.0,1.0,1.0,0.0,0.0,0.0,0.0,0.0,0.0,0.0,0.0,0.22788165607407435,20.578872661057016,20.32978111047923
8723,348.88,0.98,1,0.068,0.308,0.051,-0.072,-0.047,0.0,0.0,0.0,0.14,0.0,2.43,0.0,0.64,0.7,0.57,0.06,0.66,0.0,0.17,0.0,0.0,0.0,0.0,0.0,0.0,0.0,0.0,1.0,0.0,0.0,1.0,1.0,0.0,0.0,0.0,0.0,0.0,0.0,0.0,0.0,0.22465666153154282,20.371057900855497,21.533462331914944
8724,348.92,0.98,1,0.069,0.3,0.047,-0.071,-0.05,0.0,0.0,0.0,0.06,0.0,2.3,0.0,0.68,0.67,0.55,0.12,0.7,0.0,0.2,0.0,0.0,0.0,0.0,0.0,0.0,0.0,0.0,1.0,0.0,0.0,1.0,1.0,0.0,0.0,0.0,0.0,0.0,0.0,0.0,0.0,0.22281840784153212,20.063897926375127,21.146394491733016
8725,348.96,0.98,1,0.073,0.286,0.046,-0.072,-0.054,0.0,0.0,0.0,0.0,0.0,2.28,0.0,0.73,0.66,0.57,0.18,0.61,0.0,0.29,0.0,0.0,0.0,0.0,0.0,0.0,0.0,0.0,1.0,0.0,0.0,1.0,1.0,0.0,0.0,0.0,0.0,0.0,0.0,0.0,0.0,0.2395126925676881,19.872845795205034,21.128653530218063
8726,349.0,0.98,1,0.086,0.303,0.042,-0.069,-0.06,0.0,0.0,0.0,0.0,0.0,2.26,0.0,0.74,0.7,0.49,0.21,0.56,0.0,0.3,0.0,0.0,0.0,0.0,0.0,0.0,0.0,0.0,1.0,0.0,0.0,1.0,1.0,0.0,0.0,0.0,0.0,0.0,0.0,0.0,0.0,0.21864143092736893,19.026297590440446,21.36000936329401
8727,349.04,0.98,1,0.076,0.3,0.041,-0.071,-0.064,0.0,0.0,0.0,0.0,0.0,2.32,0.0,0.71,0.74,0.46,0.2,0.54,0.0,0.28,0.0,0.0,0.0,0.0,0.0,0.0,0.0,0.0,1.0,0.0,0.0,1.0,1.0,0.0,0.0,0.0,0.0,0.0,0.0,0.0,0.0,0.21333213032935547,18.938056922503822,20.84706214314138
8728,349.08,0.98,1,0.077,0.29,0.041,-0.076,-0.067,0.0,0.0,0.0,0.0,0.0,2.35,0.0,0.62,0.76,0.46,0.11,0.54,0.0,0.24,0.0,0.0,0.0,0.0,0.0,0.0,0.0,0.0,1.0,0.0,0.0,1.0,1.0,0.0,0.0,0.0,0.0,0.0,0.0,0.0,0.0,0.21845659516399552,19.343732835210428,20.64751801064732
8729,349.12,0.98,1,0.077,0.294,0.044,-0.074,-0.067,0.0,0.0,0.0,0.0,0.0,2.46,0.0,0.53,0.73,0.42,0.1,0.59,0.0,0.22,0.0,0.0,0.0,0.0,0.0,0.0,0.0,0.0,1.0,0.0,0.0,1.0,1.0,0.0,0.0,0.0,0.0,0.0,0.0,0.0,0.0,0.22104663813034747,19.258504614844885,21.046614929722068
8730,349.16,0.98,1,0.073,0.299,0.047,-0.074,-0.069,0.0,0.0,0.0,0.0,0.0,2.47,0.0,0.57,0.76,0.42,0.04,0.5,0.0,0.21,0.0,0.05,0.0,0.0,0.0,0.0,0.0,0.0,1.0,0.0,0.0,1.0,1.0,0.0,0.0,0.0,0.0,0.0,0.0,0.0,0.0,0.21720325776583793,18.85974549138981,21.252999788265004
8731,349.2,0.98,1,0.072,0.304,0.05,-0.081,-0.068,0.0,0.0,0.0,0.0,0.0,2.42,0.0,0.56,0.78,0.41,0.01,0.35,0.0,0.13,0.04,0.1,0.0,0.0,0.0,0.0,0.0,0.0,1.0,0.0,0.0,1.0,1.0,0.0,0.0,0.0,0.0,0.0,0.0,0.0,0.0,0.21861468450683877,18.859745491390036,21.260291625469346
8732,349.24,0.98,1,0.076,0.305,0.058,-0.08,-0.071,0.0,0.0,0.0,0.0,0.0,2.4,0.0,0.56,0.75,0.53,0.0,0.16,0.0,0.08,0.13,0.22,0.0,0.0,0.0,0.0,0.0,0.0,1.0,0.0,0.0,1.0,1.0,0.0,0.0,0.0,0.0,0.0,0.0,0.0,0.0,0.22626427260343135,19.16689854932209,22.05810508633958
8733,349.28,0.98,1,0.084,0.302,0.05,-0.088,-0.066,0.03,0.0,0.0,0.0,0.0,2.4,0.0,0.47,0.74,0.47,0.0,0.15,0.0,0.01,0.27,0.28,0.0,0.0,0.0,0.0,0.0,0.0,1.0,0.0,0.0,1.0,1.0,0.0,0.0,0.0,0.0,0.0,0.0,0.0,0.0,0.21736935326381052,19.358202395883723,21.751781536232887
8734,349.32,0.98,1,0.092,0.298,0.055,-0.091,-0.068,0.05,0.0,0.0,0.0,0.0,2.29,0.0,0.48,0.73,0.51,0.0,0.26,0.0,0.01,0.31,0.3,0.0,0.0,0.0,0.0,0.0,0.0,1.0,0.0,0.0,1.0,1.0,0.0,0.0,0.0,0.0,0.0,0.0,0.0,0.0,0.2142445152784309,18.117670931993352,20.729206448873096
8735,349.36,0.98,1,0.081,0.292,0.049,-0.093,-0.067,0.06,0.0,0.0,0.0,0.0,2.15,0.0,0.48,0.81,0.5,0.07,0.36,0.0,0.0,0.28,0.32,0.0,0.0,0.0,0.0,0.0,0.0,1.0,0.0,0.0,1.0,1.0,0.0,0.0,0.0,0.0,0.0,0.0,0.0,0.0,0.20660273220016642,17.600284088616206,20.341583025910428
8736,349.4,0.98,1,0.088,0.281,0.046,-0.09,-0.069,0.03,0.0,0.0,0.0,0.0,1.99,0.0,0.48,0.82,0.53,0.15,0.36,0.0,0.0,0.22,0.32,0.0,0.0,0.0,0.0,0.0,0.0,1.0,0.0,0.0,1.0,1.0,0.0,0.0,0.0,0.0,0.0,0.0,0.0,0.0,0.2102939580477487,18.00444389588304,19.616319736382906
8737,349.44,0.98,1,0.09,0.27,0.047,-0.09,-0.068,0.01,0.0,0.0,0.0,0.0,2.01,0.0,0.49,0.82,0.47,0.18,0.31,0.0,0.0,0.2,0.35,0.0,0.0,0.0,0.0,0.0,0.0,1.0,0.0,0.0,1.0,1.0,0.0,0.0,0.0,0.0,0.0,0.0,0.0,0.0,0.20775299891310056,18.5,19.820443990990896
8738,349.48,0.98,1,0.081,0.277,0.046,-0.088,-0.066,0.0,0.0,0.0,0.0,0.0,2.02,0.0,0.46,0.78,0.44,0.1,0.21,0.0,0.0,0.27,0.3,0.0,0.0,0.0,0.0,0.0,0.0,1.0,0.0,0.0,1.0,1.0,0.0,0.0,0.0,0.0,0.0,0.0,0.0,0.0,0.21535575662415413,18.604300578092065,20.324615617521484
8739,349.52,0.98,1,0.077,0.268,0.044,-0.087,-0.059,0.0,0.0,0.0,0.0,0.0,1.99,0.0,0.57,0.78,0.3,0.07,0.12,0.0,0.0,0.36,0.32,0.0,0.0,0.0,0.0,0.0,0.0,1.0,0.0,0.0,1.0,1.0,0.0,0.0,0.0,0.0,0.0,0.0,0.0,0.0,0.2161075745540912,18.5024322725419,20.511947737842938
8740,349.56,0.98,1,0.085,0.282,0.053,-0.096,-0.051,0.0,0.0,0.0,0.13,0.0,2.02,0.0,0.64,0.8,0.32,0.13,0.06,0.0,0.0,0.44,0.22,0.0,0.0,0.0,0.0,0.0,0.0,1.0,0.0,0.0,1.0,1.0,0.0,0.0,0.0,0.0,0.0,0.0,0.0,0.0,0.22075876592651084,18.5,19.812369873389663
8741,349.6,0.98,1,0.09,0.299,0.057,-0.103,-0.053,0.0,0.0,0.0,0.13,0.0,1.98,0.0,0.75,0.81,0.31,0.13,0.13,0.0,0.0,0.44,0.22,0.0,0.0,0.0,0.0,0.0,0.0,1.0,0.0,0.0,1.0,1.0,0.0,0.0,0.0,0.0,0.0,0.0,0.0,0.0,0.21865294063655716,18.50027026829608,19.516403357176237
8742,349.64,0.98,1,0.089,0.296,0.057,-0.101,-0.055,0.0,0.0,0.0,0.25,0.0,2.08,0.0,0.7,0.8,0.4,0.09,0.16,0.0,0.0,0.43,0.13,0.0,0.0,0.0,0.0,0.0,0.0,1.0,0.0,0.0,1.0,1.0,0.0,0.0,0.0,0.0,0.0,0.0,0.0,0.0,0.2201842951456633,18.50027026829608,19.9160739102865
8743,349.68,0.98,1,0.101,0.29,0.056,-0.099,-0.058,0.0,0.07,0.0,0.13,0.0,2.07,0.0,0.71,0.81,0.43,0.07,0.22,0.0,0.0,0.37,0.15,0.0,0.0,0.0,0.0,0.0,0.0,1.0,0.0,0.0,1.0,1.0,0.0,0.0,0.0,0.0,0.0,0.0,0.0,0.0,0.22405446313250993,18.106904760339493,21.03425777154973
8744,349.72,0.98,1,0.106,0.288,0.058,-0.103,-0.06,0.0,0.07,0.0,0.13,0.0,2.13,0.0,0.72,0.8,0.41,0.13,0.26,0.0,0.0,0.3,0.06,0.0,0.0,0.0,0.0,0.0,0.0,1.0,0.0,0.0,1.0,1.0,0.0,0.0,0.0,0.0,0.0,0.0,0.0,0.0,0.22086715724037465,18.50108104949546,21.65202069091927
8745,349.76,0.98,1,0.111,0.28,0.053,-0.1,-0.058,0.0,0.07,0.0,0.02,0.0,2.07,0.0,0.73,0.8,0.37,0.14,0.35,0.0,0.0,0.25,0.05,0.0,0.0,0.0,0.0,0.0,0.0,1.0,0.0,0.0,1.0,1.0,0.0,0.0,0.0,0.0,0.0,0.0,0.0,0.0,0.22897193944656324,17.81375872745554,21.53346233191495
8746,349.8,0.98,1,0.116,0.283,0.052,-0.106,-0.058,0.0,0.0,0.0,0.0,0.0,2.05,0.0,0.69,0.79,0.28,0.11,0.4,0.0,0.0,0.22,0.09,0.0,0.0,0.0,0.0,0.0,0.0,1.0,0.0,0.0,1.0,1.0,0.0,0.0,0.0,0.0,0.0,0.0,0.0,0.0,0.22715402588910882,17.81375872745554,21.63908500838231
8747,349.84,0.98,1,0.114,0.279,0.051,-0.104,-0.059,0.0,0.0,0.0,0.0,0.0,1.93,0.0,0.67,0.79,0.28,0.05,0.32,0.0,0.0,0.23,0.15,0.13,0.0,0.0,0.0,0.0,0.0,1.0,0.0,0.0,1.0,1.0,0.0,0.0,0.0,0.0,0.0,0.0,0.0,0.0,0.23131757952104218,17.910053042914058,21.43944961980144
8748,349.88,0.98,1,0.088,0.3,0.05,-0.1,-0.061,0.12,0.01,0.0,0.0,0.0,1.51,0.0,0.77,0.81,0.38,0.05,0.32,0.0,0.0,0.25,0.12,0.75,0.0,0.0,0.0,0.0,0.0,1.0,0.0,0.0,1.0,1.0,0.0,0.0,0.0,0.0,0.0,0.0,0.0,1.0,0.19811843903636236,15.800316452527099,19.12694434560836
8749,349.92,0.98,1,0.093,0.39,0.033,-0.118,-0.058,0.28,0.04,0.0,0.0,0.0,1.12,0.0,0.76,0.84,0.51,0.02,0.28,0.0,0.0,0.29,0.06,1.38,0.0,1.0,0.0,0.0,0.0,1.0,0.0,0.0,1.0,1.0,0.0,0.0,0.0,0.0,0.0,0.0,0.0,1.0,0.18078607573193928,16.676930173146285,19.647137196039527
8750,349.96,0.98,1,0.066,0.385,0.034,-0.112,-0.056,0.28,0.05,0.0,0.0,0.0,0.99,0.0,0.71,0.85,0.46,0.02,0.28,0.0,0.0,0.3,0.02,1.55,0.0,1.0,0.0,0.0,0.0,1.0,0.0,0.0,1.0,1.0,0.0,0.0,0.0,0.0,0.0,0.0,0.0,1.0,0.17046089868643996,17.17469068134844,19.43656348226193
8751,350.0,0.98,1,0.084,0.333,0.032,-0.103,-0.059,0.15,0.03,0.0,0.0,0.0,1.29,0.0,0.49,0.79,0.3,0.01,0.25,0.0,0.0,0.28,0.02,1.14,0.0,1.0,0.0,0.0,0.0,1.0,0.0,0.0,1.0,1.0,0.0,0.0,0.0,0.0,0.0,0.0,0.0,1.0,0.18083981605885494,16.866831356244898,18.767258723639024
8752,350.04,0.98,1,0.09,0.292,0.037,-0.1,-0.063,0.0,0.01,0.0,0.0,0.0,1.8,0.0,0.45,0.73,0.2,0.01,0.28,0.0,0.0,0.17,0.02,0.61,0.0,1.0,0.0,0.0,0.0,1.0,0.0,0.0,1.0,1.0,0.0,0.0,0.0,0.0,0.0,0.0,0.0,1.0,0.18189139887799483,16.600301202086573,18.531055015837687
8753,350.08,0.98,1,0.103,0.331,0.047,-0.11,-0.06,0.0,0.0,0.0,0.0,0.0,2.02,0.0,0.49,0.71,0.23,0.01,0.36,0.0,0.06,0.08,0.0,0.31,0.0,0.0,0.0,0.0,0.0,1.0,0.0,0.0,1.0,1.0,0.0,0.0,0.0,0.0,0.0,0.0,0.0,1.0,0.1795420372758466,14.301398533010634,18.607794065928395
8754,350.12,0.98,1,0.105,0.316,0.051,-0.103,-0.067,0.0,0.0,0.0,0.0,0.0,2.23,0.0,0.63,0.76,0.35,0.06,0.55,0.0,0.09,0.0,0.0,0.12,0.0,0.0,0.0,0.0,0.0,1.0,0.0,0.0,1.0,1.0,0.0,0.0,0.0,0.0,0.0,0.0,0.0,1.0,0.1950485737567076,15.111915828246401,19.12694434560836
8755,350.16,0.98,1,0.111,0.318,0.053,-0.112,-0.068,0.0,0.0,0.0,0.0,0.0,2.22,0.0,0.62,0.8,0.33,0.05,0.66,0.0,0.12,0.0,0.0,0.0,0.0,0.0,0.0,0.0,0.0,1.0,0.0,0.0,1.0,1.0,0.0,0.0,0.0,0.0,0.0,0.0,0.0,0.0,0.19040678645668807,17.20116275139566,19.403350226185122
8756,350.2,0.98,1,0.115,0.302,0.046,-0.108,-0.072,0.0,0.0,0.0,0.0,0.0,2.25,0.0,0.57,0.8,0.38,0.09,0.68,0.0,0.08,0.0,0.0,0.0,0.0,0.0,0.0,0.0,0.0,1.0,0.0,0.0,1.0,1.0,0.0,0.0,0.0,0.0,0.0,0.0,0.0,0.0,0.20200248713740965,16.899999999999864,19.99049774267751
8757,350.24,0.98,1,0.129,0.313,0.048,-0.112,-0.078,0.0,0.0,0.0,0.0,0.0,2.14,0.0,0.54,0.78,0.37,0.17,0.65,0.0,0.1,0.0,0.0,0.0,0.0,0.0,0.0,0.0,0.0,1.0,0.0,0.0,1.0,1.0,0.0,1.0,0.0,0.0,0.0,0.0,0.0,0.0,0.20354836235575918,17.61022430294415,20.398284241573048
8758,350.28,0.98,1,0.123,0.31,0.045,-0.108,-0.082,0.0,0.0,0.0,0.03,0.0,1.93,0.0,0.54,0.75,0.31,0.27,0.69,0.0,0.15,0.0,0.0,0.0,0.0,0.0,0.0,0.0,0.0,1.0,0.0,0.0,1.0,1.0,0.0,1.0,0.0,0.0,0.0,0.0,0.0,0.0,0.21502395687787096,17.43473544393477,19.972481067709225
8759,350.32,0.98,1,0.135,0.293,0.044,-0.108,-0.081,0.0,0.0,0.0,0.06,0.0,1.85,0.0,0.6,0.77,0.26,0.36,0.78,0.0,0.16,0.0,0.0,0.0,0.0,0.0,0.0,0.0,0.0,1.0,0.0,0.0,1.0,1.0,0.0,1.0,0.0,0.0,0.0,0.0,0.0,0.0,0.23060575182293694,17.02380685980665,20.398284241573048
8760,350.36,0.98,1,0.132,0.312,0.043,-0.115,-0.077,0.0,0.0,0.0,0.07,0.0,1.76,0.0,0.62,0.77,0.36,0.27,0.85,0.0,0.13,0.0,0.0,0.0,1.0,0.0,0.0,0.0,0.0,1.0,0.0,0.0,1.0,1.0,0.0,1.0,0.0,0.0,0.0,0.0,0.0,0.0,0.2182393829139606,17.640861656960098,20.09975124224178
8761,350.4,0.98,1,0.138,0.304,0.044,-0.118,-0.079,0.0,0.0,0.0,0.04,0.0,1.81,0.0,0.61,0.77,0.47,0.18,0.92,0.0,0.05,0.0,0.0,0.0,1.0,0.0,0.0,0.0,0.0,1.0,0.0,0.0,1.0,1.0,0.0,1.0,0.0,0.0,0.0,0.0,0.0,0.0,0.23110769870408687,18.25376673456747,20.388722372919755
8762,350.44,0.98,1,0.141,0.296,0.046,-0.12,-0.083,0.0,0.0,0.0,0.01,0.0,1.81,0.0,0.57,0.78,0.49,0.06,0.91,0.0,0.02,0.0,0.0,0.0,1.0,0.0,0.0,0.0,0.0,1.0,0.0,0.0,1.0,1.0,0.0,1.0,0.0,0.0,0.0,0.0,0.0,0.0,0.24500079636965685,19.094763680129688,21.874185699129416
8763,350.48,0.98,1,0.149,0.3,0.044,-0.115,-0.087,0.0,0.0,0.0,0.0,0.0,1.88,0.0,0.55,0.75,0.44,0.02,0.89,0.0,0.01,0.0,0.0,0.0,0.0,0.0,0.0,0.0,0.0,1.0,0.0,0.0,1.0,1.0,0.0,1.0,0.0,0.0,0.0,0.0,0.0,0.0,0.24035238831975192,19.11570035337445,22.130521909796883
8764,350.52,0.98,1,0.147,0.297,0.044,-0.115,-0.088,0.0,0.0,0.0,0.0,0.0,1.88,0.0,0.59,0.75,0.39,0.03,0.85,0.0,0.01,0.0,0.0,0.0,0.0,0.0,0.0,0.0,0.0,1.0,0.0,0.0,1.0,1.0,0.0,1.0,0.0,0.0,0.0,0.0,0.0,0.0,0.24030047731780413,19.077997798511117,21.732924331529706
8765,350.56,0.98,1,0.142,0.305,0.048,-0.112,-0.089,0.0,0.0,0.0,0.0,0.0,1.91,0.0,0.62,0.76,0.37,0.01,0.86,0.0,0.01,0.0,0.0,0.0,0.0,0.0,0.0,0.0,0.0,1.0,0.0,0.0,1.0,1.0,0.0,0.0,0.0,0.0,0.0,0.0,0.0,0.0,0.23656224191225397,19.375241933973413,21.602314690791818
8766,350.6,0.98,1,0.139,0.298,0.041,-0.105,-0.088,0.0,0.0,0.0,0.0,0.0,2.18,0.0,0.58,0.74,0.25,0.01,0.84,0.0,0.03,0.0,0.0,0.0,0.0,0.0,0.0,0.0,0.0,1.0,0.0,0.0,1.0,1.0,0.0,0.0,0.0,0.0,0.0,0.0,0.0,0.0,0.23409422028189564,19.190883252211197,21.434784813475467
8767,350.64,0.98,1,0.141,0.291,0.042,-0.1,-0.086,0.0,0.0,0.0,0.0,0.0,2.28,0.0,0.56,0.72,0.23,0.02,0.72,0.0,0.08,0.01,0.0,0.0,0.0,0.0,0.0,0.0,0.0,1.0,0.0,0.0,1.0,1.0,0.0,0.0,0.0,0.0,0.0,0.0,0.0,0.0,0.23792930250334104,18.86637220029335,21.236054247434858
8768,350.68,0.98,1,0.124,0.304,0.04,-0.107,-0.081,0.0,0.0,0.0,0.0,0.0,2.44,0.0,0.51,0.65,0.19,0.02,0.66,0.0,0.08,0.01,0.0,0.0,0.0,0.0,0.0,0.0,0.0,1.0,0.0,0.0,1.0,1.0,0.0,0.0,0.0,0.0,0.0,0.0,0.0,0.0,0.2254847239434925,19.226284092356398,21.172859986312673
8769,350.72,0.98,1,0.13,0.312,0.047,-0.107,-0.079,0.0,0.0,0.0,0.0,0.0,2.24,0.0,0.54,0.67,0.24,0.02,0.58,0.0,0.07,0.01,0.0,0.0,0.0,0.0,0.0,0.0,0.0,1.0,0.0,0.0,1.0,1.0,0.0,0.0,0.0,0.0,0.0,0.0,0.0,0.0,0.2218635440937734,19.413912537147127,21.413313615599243
8770,350.76,0.98,1,0.13,0.314,0.051,-0.111,-0.073,0.0,0.0,0.0,0.0,0.0,2.12,0.0,0.53,0.69,0.3,0.03,0.56,0.0,0.02,0.0,0.0,0.0,0.0,0.0,0.0,0.0,0.0,1.0,0.0,0.0,1.0,1.0,0.0,0.0,0.0,0.0,0.0,0.0,0.0,0.0,0.22319838028097103,19.746392075516106,21.711747972008062
8771,350.8,0.98,1,0.125,0.313,0.053,-0.112,-0.071,0.0,0.0,0.0,0.01,0.0,1.92,0.0,0.57,0.73,0.37,0.08,0.61,0.0,0.02,0.0,0.0,0.0,0.0,0.0,0.0,0.0,0.0,1.0,0.0,0.0,1.0,1.0,0.0,0.0,0.0,0.0,0.0,0.0,0.0,0.0,0.2243320682411899,19.635172522796935,22.289908030317264
8772,350.84,0.98,1,0.126,0.317,0.056,-0.111,-0.069,0.0,0.0,0.0,0.01,0.0,1.84,0.0,0.57,0.7,0.31,0.08,0.71,0.0,0.04,0.0,0.0,0.0,0.0,0.0,0.0,0.0,0.0,1.0,0.0,0.0,1.0,1.0,0.0,0.0,0.0,0.0,0.0,0.0,0.0,0.0,0.22101398801463223,19.911052207254087,21.7745264012789
8773,350.88,0.98,1,0.116,0.313,0.059,-0.108,-0.068,0.0,0.0,0.0,0.01,0.0,1.93,0.0,0.58,0.66,0.31,0.06,0.87,0.0,0.06,0.0,0.0,0.0,0.0,0.0,0.0,0.0,0.0,1.0,0.0,0.0,1.0,1.0,0.0,0.0,0.0,0.0,0.0,0.0,0.0,0.0,0.2273732425251204,20.01049724519595,21.575217264259468
8774,350.92,0.98,1,0.118,0.316,0.063,-0.109,-0.07,0.0,0.0,0.0,0.0,0.0,2.05,0.0,0.55,0.66,0.38,0.07,0.89,0.0,0.06,0.0,0.0,0.0,0.0,0.0,0.0,0.0,0.0,1.0,0.0,0.0,1.0,1.0,0.0,0.0,0.0,0.0,0.0,0.0,0.0,0.0,0.22710290037468123,20.13181561608392,21.276277869965707
8775,350.96,0.98,1,0.117,0.319,0.066,-0.108,-0.07,0.0,0.0,0.0,0.0,0.0,2.12,0.0,0.55,0.67,0.39,0.07,0.8,0.0,0.02,0.0,0.0,0.0,0.0,0.0,0.0,0.0,0.0,1.0,0.0,0.0,1.0,1.0,0.0,0.0,0.0,0.0,0.0,0.0,0.0,0.0,0.2280790754301336,20.12063617284504,21.85154456783314
8776,351.0,0.98,1,0.114,0.322,0.058,-0.105,-0.066,0.0,0.0,0.0,0.0,0.0,2.13,0.0,0.49,0.67,0.4,0.05,0.59,0.0,0.0,0.0,0.0,0.0,0.0,0.0,0.0,0.0,0.0,1.0,0.0,0.0,1.0,1.0,0.0,0.0,0.0,0.0,0.0,0.0,0.0,0.0,0.2212453965668216,20.189601283829404,21.484180226389924
8777,351.04,0.98,1,0.109,0.318,0.054,-0.105,-0.064,0.0,0.0,0.0,0.0,0.0,1.55,0.0,0.38,0.63,0.28,0.01,0.47,0.0,0.0,0.0,0.0,0.45,0.0,0.0,0.0,0.0,0.0,1.0,0.0,0.0,1.0,1.0,0.0,0.0,0.0,0.0,0.0,0.0,0.0,0.0,0.21433468337175082,18.645374761586222,20.362956563328368
8778,351.08,0.98,1,0.097,0.358,0.04,-0.107,-0.057,0.0,0.0,0.0,0.0,0.0,1.13,0.0,0.34,0.62,0.37,0.02,0.35,0.0,0.0,0.0,0.0,1.13,0.0,0.0,0.0,0.0,0.0,0.0,0.0,0.0,1.0,1.0,0.0,0.0,0.0,0.0,0.0,0.0,0.0,1.0,0.19178261304779096,17.99027515075862,18.677526602845592
8779,351.12,0.98,1,0.049,0.396,0.032,-0.109,-0.048,0.0,0.0,0.0,0.0,0.0,0.83,0.0,0.32,0.59,0.3,0.03,0.44,0.0,0.0,0.0,0.0,1.6,0.0,0.0,0.0,0.0,0.0,0.0,0.0,0.0,1.0,1.0,0.0,0.0,0.0,0.0,0.0,0.0,0.0,1.0,0.17208224069978925,17.713271860387533,19.483326204732172
8780,351.16,0.98,1,0.064,0.343,0.028,-0.094,-0.045,0.02,0.0,0.0,0.0,0.0,1.22,0.0,0.41,0.57,0.24,0.03,0.43,0.0,0.0,0.0,0.0,1.37,0.0,0.0,0.0,0.0,0.0,0.0,0.0,0.0,1.0,1.0,0.0,0.0,0.0,0.0,0.0,0.0,0.0,1.0,0.17756285233727753,16.885792844874008,17.184295155751865
8781,351.2,0.98,1,0.06,0.287,0.027,-0.079,-0.045,0.02,0.0,0.0,0.0,0.0,1.66,0.0,0.52,0.56,0.24,0.01,0.56,0.0,0.0,0.0,0.0,0.82,0.0,0.0,0.0,0.0,0.0,0.0,0.0,0.0,1.0,1.0,0.0,0.0,0.0,0.0,0.0,0.0,0.0,1.0,0.18312100687335914,16.269296235547316,18.49783771147306
8782,351.24,0.98,1,0.079,0.306,0.03,-0.087,-0.042,0.02,0.0,0.0,0.04,0.0,1.93,0.0,0.66,0.61,0.27,0.05,0.55,0.0,0.0,0.0,0.0,0.38,0.0,0.0,0.0,0.0,0.0,1.0,0.0,0.0,1.0,1.0,0.0,0.0,0.0,0.0,0.0,0.0,0.0,1.0,0.17670646911860044,16.929559947027656,16.98528775146311
8783,351.28,0.98,1,0.08,0.315,0.033,-0.086,-0.04,0.02,0.0,0.0,0.04,0.0,2.04,0.0,0.74,0.61,0.26,0.05,0.69,0.0,0.0,0.0,0.0,0.17,0.0,0.0,0.0,0.0,0.0,1.0,0.0,0.0,1.0,1.0,0.0,0.0,0.0,0.0,0.0,0.0,0.0,1.0,0.1829417554154372,16.91892431568872,17.44133022449822
8784,351.32,0.98,1,0.073,0.312,0.03,-0.09,-0.04,0.02,0.0,0.0,0.04,0.0,2.04,0.0,0.71,0.61,0.11,0.05,0.56,0.0,0.0,0.0,0.0,0.04,0.0,0.0,0.0,0.0,0.0,1.0,0.0,0.0,1.0,1.0,0.0,0.0,0.0,0.0,0.0,0.0,0.0,0.0,0.18540458301666213,18.333030300525834,18.23951753747894
8785,351.36,0.98,1,0.061,0.31,0.024,-0.081,-0.043,0.02,0.0,0.0,0.0,0.0,2.12,0.0,0.64,0.58,0.0,0.0,0.53,0.0,0.0,0.0,0.0,0.06,0.0,0.0,0.0,0.0,0.0,1.0,0.0,0.0,1.0,1.0,0.0,0.0,0.0,0.0,0.0,0.0,0.0,0.0,0.1874275416307185,18.333030300525834,18.127603261325117
8786,351.4,0.98,1,0.065,0.311,0.024,-0.073,-0.05,0.01,0.0,0.0,0.0,0.0,2.13,0.0,0.58,0.61,0.0,0.04,0.41,0.0,0.0,0.0,0.0,0.11,0.0,0.0,0.0,0.0,0.0,1.0,0.0,0.0,1.0,1.0,0.0,0.0,0.0,0.0,0.0,0.0,0.0,0.0,0.18815846531672614,19.037857022259626,18.527007313648905
8787,351.44,0.98,1,0.064,0.306,0.022,-0.067,-0.058,0.03,0.0,0.0,0.0,0.0,2.17,0.0,0.52,0.6,0.0,0.04,0.35,0.0,0.0,0.0,0.0,0.15,0.0,0.0,0.0,0.0,0.0,1.0,0.0,0.0,1.0,1.0,0.0,0.0,0.0,0.0,0.0,0.0,0.0,0.0,0.19049538344627448,19.630843079195465,19.026297590440446
8788,351.48,0.98,1,0.074,0.302,0.025,-0.056,-0.064,0.03,0.0,0.0,0.0,0.0,2.05,0.0,0.5,0.62,0.0,0.09,0.24,0.0,0.0,0.0,0.0,0.09,0.0,0.0,0.0,0.0,0.0,1.0,0.0,0.0,1.0,1.0,0.0,0.0,0.0,0.0,0.0,0.0,0.0,0.0,0.18968791553659867,19.520758181996925,18.821530224718664
8789,351.52,0.98,1,0.062,0.303,0.026,-0.054,-0.068,0.02,0.0,0.0,0.0,0.0,1.99,0.0,0.41,0.61,0.0,0.05,0.13,0.0,0.0,0.0,0.0,0.04,0.0,0.0,0.0,0.0,0.0,1.0,0.0,0.0,1.0,1.0,0.0,0.0,0.0,0.0,0.0,0.0,0.0,0.0,0.1909902126272096,19.206509313251114,18.926436537288122
8790,351.56,0.98,1,0.056,0.295,0.021,-0.055,-0.067,0.0,0.0,0.0,0.0,0.0,1.97,0.0,0.34,0.62,0.0,0.07,0.12,0.0,0.0,0.0,0.0,0.0,0.0,1.0,0.0,0.0,0.0,1.0,0.0,0.0,1.0,1.0,0.0,0.0,0.0,0.0,0.0,0.0,0.0,0.0,0.19611131412611427,19.004210059878837,19.12616009553421
8791,351.6,0.98,1,0.055,0.297,0.021,-0.056,-0.064,0.0,0.0,0.0,0.0,0.0,2.06,0.0,0.22,0.6,0.0,0.05,0.1,0.0,0.0,0.0,0.0,0.0,0.0,1.0,0.0,0.0,0.0,1.0,0.0,0.0,1.0,1.0,0.0,0.0,0.0,0.0,0.0,0.0,0.0,0.0,0.1976039709083769,18.901058171435665,19.416487838947692
8792,351.64,0.98,1,0.058,0.283,0.018,-0.056,-0.064,0.02,0.0,0.0,0.0,0.0,2.21,0.0,0.2,0.57,0.0,0.05,0.11,0.0,0.01,0.0,0.0,0.0,0.0,1.0,0.0,0.0,0.0,1.0,0.0,0.0,1.0,1.0,0.0,0.0,0.0,0.0,0.0,0.0,0.0,0.0,0.20510105324227856,18.701069488133605,19.412624758131077
8793,351.68,0.98,1,0.062,0.279,0.017,-0.056,-0.062,0.02,0.0,0.0,0.0,0.0,2.21,0.0,0.13,0.57,0.0,0.03,0.18,0.0,0.02,0.0,0.0,0.0,0.0,1.0,0.0,0.0,0.0,1.0,0.0,0.0,1.0,1.0,0.0,0.0,0.0,0.0,0.0,0.0,0.0,0.0,0.20731541148835064,19.1002617783107,19.309324172533803
8794,351.72,0.98,1,0.058,0.291,0.023,-0.061,-0.062,0.02,0.09,0.0,0.01,0.0,2.1,0.0,0.13,0.53,0.0,0.0,0.25,0.0,0.03,0.0,0.0,0.0,0.0,1.0,0.0,0.0,0.0,1.0,0.0,0.0,1.0,1.0,0.0,0.0,0.0,0.0,0.0,0.0,0.0,0.0,0.20638090047759078,19.1002617783107,19.812369873389663
8795,351.76,0.98,1,0.059,0.28,0.025,-0.052,-0.067,0.0,0.09,0.0,0.01,0.0,2.02,0.0,0.09,0.52,0.0,0.0,0.36,0.0,0.02,0.0,0.0,0.01,0.0,1.0,0.0,0.0,0.0,1.0,0.0,0.0,1.0,1.0,0.0,0.0,0.0,0.0,0.0,0.0,0.0,0.0,0.20454609185308475,19.001052602421794,19.509228585466932
8796,351.8,0.98,1,0.051,0.278,0.022,-0.048,-0.068,0.0,0.09,0.0,0.01,0.0,2.07,0.0,0.09,0.47,0.0,0.0,0.44,0.0,0.06,0.0,0.0,0.14,0.0,0.0,0.0,0.0,0.0,1.0,0.0,0.0,1.0,1.0,0.0,0.0,0.0,0.0,0.0,0.0,0.0,0.0,0.2112240952065044,18.800265955565582,19.509228585466932
8797,351.84,0.98,1,0.047,0.273,0.025,-0.044,-0.069,0.0,0.0,0.0,0.0,0.0,2.12,0.01,0.03,0.46,0.0,0.0,0.48,0.0,0.06,0.0,0.0,0.25,0.0,0.0,0.0,0.0,0.0,1.0,0.0,0.0,1.0,1.0,0.0,0.0,0.0,0.0,0.0,0.0,0.0,0.0,0.21092160837054197,18.506755523321747,19.812369873389663
8798,351.88,0.98,1,0.046,0.282,0.027,-0.041,-0.068,0.0,0.0,0.0,0.0,0.0,2.06,0.01,0.0,0.46,0.0,0.01,0.44,0.0,0.08,0.0,0.0,0.37,0.0,0.0,0.0,0.0,0.0,1.0,0.0,0.0,1.0,1.0,0.0,0.0,0.0,0.0,0.0,0.0,0.0,0.0,0.2111727148702492,18.7096231923575,19.809088823063195
8799,351.92,0.98,1,0.04,0.278,0.024,-0.036,-0.065,0.0,0.0,0.0,0.0,0.0,2.07,0.01,0.0,0.48,0.0,0.01,0.38,0.0,0.03,0.0,0.0,0.24,0.0,0.0,0.0,0.0,0.0,1.0,0.0,0.0,1.0,1.0,0.0,0.0,0.0,0.0,0.0,0.0,0.0,0.0,0.20827396553659708,18.902380802427903,19.906280415989187
8800,351.96,0.98,1,0.031,0.278,0.021,-0.032,-0.066,0.03,0.0,0.0,0.03,0.0,2.02,0.0,0.0,0.49,0.04,0.02,0.37,0.0,0.03,0.0,0.0,0.13,0.0,1.0,0.0,0.0,0.0,1.0,0.0,0.0,1.0,1.0,0.0,0.0,0.0,0.0,0.0,0.0,0.0,0.0,0.20759949579848658,19.20234360696636,19.806312125178863
8801,352.0,0.98,1,0.038,0.281,0.021,-0.029,-0.064,0.06,0.0,0.0,0.05,0.0,1.87,0.0,0.0,0.5,0.04,0.03,0.44,0.0,0.01,0.0,0.0,0.0,0.0,1.0,0.0,0.0,0.0,1.0,0.0,0.0,1.0,1.0,0.0,0.0,0.0,0.0,0.0,0.0,0.0,0.0,0.2033692314100864,20.09999999999991,20.511947737842934
8802,352.04,0.98,1,0.032,0.283,0.022,-0.024,-0.068,0.1,0.02,0.0,0.05,0.0,1.9,0.0,0.0,0.45,0.04,0.04,0.45,0.0,0.0,0.0,0.0,0.03,0.0,1.0,0.0,0.0,0.0,1.0,0.0,0.0,1.0,1.0,0.0,0.0,0.0,0.0,0.0,0.0,0.0,0.0,0.20369521200507162,19.70025380547169,20.819462048765768
8803,352.08,0.98,1,0.031,0.286,0.026,-0.015,-0.074,0.08,0.02,0.0,0.02,0.0,1.98,0.0,0.0,0.42,0.0,0.03,0.48,0.0,0.0,0.0,0.05,0.03,0.0,1.0,0.0,0.0,0.0,1.0,0.0,0.0,1.0,1.0,0.0,0.0,0.0,0.0,0.0,0.0,0.0,0.0,0.1992255080401516,20.300985197768068,20.519746587129188
8804,352.12,0.98,1,0.025,0.276,0.014,-0.01,-0.058,0.05,0.02,0.0,0.0,0.0,2.24,0.0,0.0,0.33,0.0,0.07,0.57,0.0,0.03,0.0,0.22,0.03,0.0,0.0,0.0,0.0,0.0,1.0,0.0,0.0,1.0,1.0,0.0,0.0,0.0,0.0,0.0,0.0,0.0,0.0,0.1924010194347996,20.500243900988107,20.335437049643126
8805,352.16,0.98,1,0.013,0.297,0.03,-0.021,-0.036,0.0,0.0,0.0,0.0,0.0,2.2,0.0,0.0,0.29,0.0,0.16,0.74,0.0,0.03,0.0,0.32,0.0,0.0,0.0,0.0,0.0,0.0,1.0,0.0,0.0,0.0,1.0,0.0,0.0,0.0,0.0,0.0,0.0,0.0,0.0,0.19188441335080708,20.20024752323599,20.834586628968626
8806,352.2,0.98,1,0.001,0.278,0.026,-0.008,-0.051,0.0,0.0,0.0,0.0,0.0,2.13,0.0,0.0,0.24,0.0,0.21,0.84,0.0,0.11,0.05,0.53,0.0,0.0,0.0,0.0,0.0,0.0,1.0,0.0,0.0,0.0,1.0,0.0,1.0,0.0,0.0,0.0,0.0,0.0,0.0,0.19777275877518946,20.30098519776829,21.33377603707319
8807,352.24,0.98,1,0.01,0.291,0.033,-0.009,-0.036,0.0,0.0,0.0,0.0,0.0,2.04,0.0,0.0,0.25,0.0,0.16,0.94,0.0,0.17,0.09,0.7,0.0,0.0,0.0,0.0,0.0,0.0,0.0,0.0,0.0,0.0,1.0,0.0,1.0,0.0,0.0,0.0,0.0,0.0,1.0,0.1911993807320494,20.200000000000045,20.829066229670453
8808,352.28,0.98,1,0.01,0.301,0.03,-0.007,-0.034,0.0,0.07,0.0,0.0,0.0,1.88,0.0,0.0,0.25,0.0,0.05,0.98,0.0,0.27,0.18,0.89,0.0,0.0,0.0,0.0,0.0,0.0,0.0,0.0,0.0,0.0,1.0,0.0,1.0,0.0,0.0,0.0,0.0,0.0,1.0,0.18809921796383977,19.900251254695345,21.140009460735733
8809,352.32,0.98,1,0.006,0.303,0.027,0.001,-0.039,0.0,0.07,0.0,0.0,0.0,1.85,0.0,0.0,0.23,0.0,0.0,1.04,0.0,0.29,0.24,0.95,0.01,0.0,0.0,0.0,0.0,0.0,0.0,0.0,0.0,0.0,1.0,0.0,1.0,0.0,0.0,0.0,0.0,0.0,1.0,0.18445741761665296,19.802272596851054,21.45250568115538
8810,352.36,0.98,1,0.004,0.294,0.027,0.005,-0.045,0.0,0.07,0.0,0.0,0.0,1.74,0.0,0.0,0.19,0.0,0.0,0.92,0.0,0.26,0.39,0.96,0.08,0.0,0.0,0.0,0.0,0.0,0.0,0.0,0.0,0.0,1.0,0.0,1.0,0.0,0.0,0.0,0.0,0.0,1.0,0.18666935016552322,20.506096654409877,21.360009363293784
8811,352.4,0.98,1,0.003,0.302,0.032,0.006,-0.046,0.0,0.0,0.0,0.0,0.0,1.85,0.0,0.0,0.17,0.0,0.0,0.7,0.0,0.16,0.53,1.07,0.17,0.0,0.0,0.0,0.0,0.0,0.0,0.0,0.0,0.0,1.0,0.0,1.0,0.0,0.0,0.0,0.0,0.0,1.0,0.1829935405712226,20.306156701847797,22.073513539987246
8812,352.44,0.98,1,0.009,0.303,0.039,0.007,-0.051,0.0,0.06,0.0,0.0,0.0,1.93,0.0,0.0,0.2,0.0,0.0,0.49,0.0,0.06,0.72,1.23,0.24,0.0,0.0,0.0,0.0,0.0,0.0,0.0,0.0,0.0,1.0,0.0,0.0,0.0,0.0,0.0,0.0,0.0,1.0,0.18138559522538217,20.511947737842934,21.068697159530302
8813,352.48,0.98,1,0.009,0.287,0.036,0.005,-0.057,0.0,0.1,0.0,0.0,0.0,2.07,0.0,0.0,0.22,0.0,0.0,0.37,0.0,0.0,0.78,1.36,0.18,0.0,0.0,0.0,0.0,0.0,0.0,0.0,0.0,0.0,1.0,0.0,0.0,0.0,0.0,0.0,0.0,0.0,1.0,0.18280569871912467,20.708693826506824,21.68340379184045
8814,352.52,0.98,1,0.009,0.281,0.034,0.002,-0.062,0.0,0.1,0.0,0.0,0.0,2.06,0.0,0.0,0.18,0.0,0.0,0.4,0.0,0.0,0.84,1.5,0.19,0.0,0.0,0.0,0.0,0.0,0.0,0.0,0.0,0.0,1.0,0.0,0.0,0.0,0.0,0.0,0.0,0.0,0.0,0.18582636118742124,20.708693826506824,21.891550881561542
8815,352.56,0.98,1,0.011,0.279,0.031,0.001,-0.068,0.0,0.04,0.0,0.0,0.0,2.14,0.0,0.0,0.16,0.0,0.0,0.33,0.0,0.0,0.79,1.57,0.12,0.0,0.0,0.0,0.0,0.0,0.0,0.0,0.0,0.0,1.0,0.0,0.0,0.0,0.0,0.0,0.0,0.0,0.0,0.18833811301869757,20.419843290289826,21.910727965998717
8816,352.6,0.98,1,0.008,0.274,0.024,-0.0,-0.074,0.0,0.0,0.0,0.0,0.0,1.98,0.0,0.0,0.15,0.0,0.0,0.29,0.0,0.0,0.83,1.61,0.1,0.0,0.0,0.0,0.0,0.0,0.0,0.0,0.0,0.0,1.0,0.0,0.0,0.0,0.0,0.0,0.0,0.0,0.0,0.1901075666056396,20.42963533693136,21.722108553268967
8817,352.64,0.98,1,0.015,0.277,0.02,-0.004,-0.081,0.0,0.01,0.0,0.0,0.0,2.06,0.0,0.0,0.18,0.0,0.1,0.25,0.0,0.0,0.84,1.62,0.0,0.0,0.0,0.0,0.0,0.0,0.0,0.0,0.0,0.0,1.0,0.0,0.0,0.0,0.0,0.0,0.0,0.0,0.0,0.18687535309879447,20.042205467462903,22.031114361284562
8818,352.68,0.98,1,0.023,0.277,0.016,-0.009,-0.082,0.0,0.01,0.0,0.0,0.0,1.84,0.0,0.0,0.21,0.0,0.1,0.33,0.0,0.03,0.82,1.58,0.03,0.0,0.0,0.0,0.0,0.0,0.0,0.0,0.0,0.0,1.0,0.0,0.0,0.0,0.0,0.0,0.0,0.0,0.0,0.1893431483242336,20.74728897952698,21.33541656495138
8819,352.72,0.98,1,0.025,0.264,0.008,-0.018,-0.081,0.0,0.01,0.0,0.0,0.0,1.88,0.0,0.0,0.22,0.0,0.12,0.33,0.0,0.04,0.72,1.56,0.03,0.0,0.0,0.0,0.0,0.0,0.0,0.0,0.0,0.0,1.0,0.0,0.0,0.0,0.0,0.0,0.0,0.0,0.0,0.1871428433275722,20.640978658968574,22.05379785887227
8820,352.76,0.98,1,0.024,0.257,0.006,-0.029,-0.081,0.0,0.0,0.0,0.0,0.0,1.61,0.0,0.0,0.22,0.0,0.04,0.33,0.0,0.08,0.64,1.55,0.03,0.0,0.0,0.0,0.0,0.0,0.0,0.0,0.0,0.0,1.0,0.0,0.0,0.0,0.0,0.0,0.0,0.0,0.0,0.18764173122347966,21.33963448609179,22.240953216982426
8821,352.8,0.98,1,0.035,0.257,0.002,-0.042,-0.088,0.0,0.0,0.0,0.0,0.0,1.68,0.0,0.0,0.21,0.0,0.09,0.18,0.0,0.06,0.48,1.29,0.08,0.0,0.0,0.0,0.0,0.0,0.0,0.0,0.0,0.0,1.0,0.0,0.0,0.0,0.0,0.0,0.0,0.0,0.0,0.1905985618760831,21.42335174523361,22.130521909796883
8822,352.84,0.98,1,0.049,0.264,0.016,-0.032,-0.119,0.0,0.0,0.0,0.0,0.0,1.79,0.0,0.0,0.21,0.0,0.14,0.25,0.0,0.14,0.38,1.14,0.25,0.0,0.0,0.0,0.0,0.0,1.0,0.0,0.0,0.0,1.0,0.0,0.0,0.0,0.0,0.0,0.0,0.0,0.0,0.18760635831459466,20.829066229670453,22.76071176391473
8823,352.88,0.98,1,0.049,0.259,0.014,-0.049,-0.103,0.07,0.0,0.0,0.0,0.0,1.98,0.0,0.0,0.24,0.1,0.19,0.24,0.0,0.11,0.19,0.73,0.3,0.0,0.0,0.0,0.0,0.0,1.0,0.0,0.0,0.0,1.0,0.0,0.0,0.0,0.0,0.0,0.0,0.0,0.0,0.1889432147708195,21.614809737769985,22.34032228952846
8824,352.92,0.98,1,0.05,0.265,0.017,-0.046,-0.121,0.1,0.0,0.0,0.0,0.0,2.19,0.0,0.0,0.28,0.22,0.16,0.27,0.0,0.12,0.13,0.6,0.25,0.0,0.0,0.0,0.0,0.0,1.0,0.0,0.0,0.0,1.0,0.0,0.0,0.0,0.0,0.0,0.0,0.0,0.0,0.18866894366385983,21.418916872708664,22.6497240601293
8825,352.96,0.98,1,0.056,0.268,0.017,-0.054,-0.121,0.1,0.0,0.0,0.0,0.0,2.26,0.0,0.0,0.41,0.4,0.24,0.26,0.0,0.03,0.02,0.34,0.16,0.0,0.0,0.0,0.0,0.0,1.0,0.0,0.0,0.0,1.0,0.0,0.0,0.0,0.0,0.0,0.0,0.0,0.0,0.18952353852447235,21.11516043036368,22.130521909796897
8826,353.0,0.98,1,0.058,0.279,0.024,-0.055,-0.119,0.03,0.12,0.0,0.0,0.0,2.27,0.0,0.0,0.5,0.43,0.17,0.32,0.0,0.09,0.0,0.29,0.1,0.0,0.0,0.0,0.0,0.0,1.0,0.0,0.0,1.0,1.0,0.0,0.0,0.0,0.0,0.0,0.0,0.0,0.0,0.19441684819073773,21.21155345560532,21.413313615599016
8827,353.04,0.98,1,0.056,0.273,0.021,-0.067,-0.108,0.06,0.16,0.0,0.0,0.0,2.16,0.0,0.0,0.57,0.48,0.15,0.46,0.0,0.22,0.0,0.16,0.12,0.0,0.0,0.0,0.0,0.0,1.0,0.0,0.0,1.0,1.0,0.0,0.0,0.0,0.0,0.0,0.0,0.0,0.0,0.20240179822364923,21.01523257068548,21.294130646729908
8828,353.08,0.98,1,0.062,0.281,0.026,-0.064,-0.107,0.06,0.16,0.0,0.0,0.0,1.95,0.0,0.0,0.59,0.44,0.02,0.49,0.0,0.45,0.0,0.1,0.05,0.0,0.0,0.0,0.0,0.0,1.0,0.0,0.0,1.0,1.0,0.0,0.0,0.0,0.0,0.0,0.0,0.0,0.0,0.2008478304373174,20.611889772652976,20.488289338058323
8829,353.12,0.98,1,0.059,0.278,0.021,-0.07,-0.102,0.06,0.04,0.0,0.0,0.0,1.87,0.0,0.0,0.59,0.5,0.01,0.52,0.0,0.58,0.0,0.02,0.17,0.0,0.0,0.0,0.0,0.0,1.0,0.0,0.0,1.0,1.0,0.0,0.0,0.0,0.0,0.0,0.0,0.0,0.0,0.2074133710742725,20.215835377248247,20.916022566444312
8830,353.16,0.98,1,0.054,0.289,0.024,-0.077,-0.1,0.08,0.0,0.0,0.0,0.0,1.31,0.0,0.0,0.59,0.65,0.15,0.54,0.0,0.44,0.0,0.02,0.84,0.0,0.0,0.0,0.0,0.0,1.0,0.0,0.0,1.0,1.0,0.0,0.0,0.0,0.0,0.0,0.0,0.0,1.0,0.19212976743060095,17.90446871593802,18.357559750685862
8831,353.2,0.98,1,0.069,0.382,0.015,-0.093,-0.089,0.24,0.05,0.0,0.0,0.0,0.9,0.0,0.02,0.58,0.82,0.27,0.63,0.0,0.21,0.0,0.0,1.49,0.0,0.0,0.0,0.0,0.0,1.0,0.0,0.0,1.0,1.0,0.0,0.0,0.0,0.0,0.0,0.0,0.0,1.0,0.18522915736953138,15.226621424334464,20.81730049742272
8832,353.24,0.98,1,0.051,0.38,0.013,-0.088,-0.083,0.31,0.05,0.0,0.0,0.0,0.62,0.0,0.02,0.58,0.9,0.36,0.71,0.0,0.09,0.0,0.0,1.91,0.0,0.0,0.0,0.0,0.0,1.0,0.0,0.0,1.0,1.0,0.0,0.0,0.0,0.0,0.0,0.0,0.0,1.0,0.1699792102722666,18.298907071188747,18.443969204051445
8833,353.28,0.98,1,0.064,0.34,0.01,-0.078,-0.079,0.3,0.05,0.0,0.0,0.0,1.14,0.0,0.02,0.59,0.74,0.3,0.74,0.0,0.25,0.0,0.0,1.52,0.0,1.0,0.0,0.0,0.0,1.0,0.0,0.0,1.0,1.0,0.0,0.0,0.0,0.0,0.0,0.0,0.0,1.0,0.18072662654895155,16.315023751131918,19.053870997778862
8834,353.32,0.98,1,0.052,0.277,0.011,-0.068,-0.075,0.16,0.0,0.0,0.0,0.0,1.8,0.0,0.11,0.63,0.61,0.18,0.67,0.0,0.41,0.0,0.0,1.06,0.0,1.0,0.0,0.0,0.0,1.0,0.0,0.0,1.0,1.0,0.0,0.0,0.0,0.0,0.0,0.0,0.0,1.0,0.1820575598550691,18.217573932881447,20.02123872291609
8835,353.36,0.98,1,0.053,0.305,0.022,-0.074,-0.07,0.09,0.0,0.0,0.0,0.0,2.17,0.0,0.19,0.65,0.38,0.11,0.58,0.0,0.51,0.0,0.0,0.54,0.0,1.0,0.0,0.0,0.0,1.0,0.0,0.0,1.0,1.0,0.0,0.0,0.0,0.0,0.0,0.0,0.0,1.0,0.17397882746314283,15.700000000000045,20.056420418409754
8836,353.4,0.98,1,0.052,0.296,0.029,-0.071,-0.067,0.01,0.0,0.0,0.0,0.0,2.2,0.0,0.27,0.67,0.33,0.06,0.52,0.0,0.49,0.0,0.0,0.3,0.0,1.0,0.0,0.0,0.0,1.0,0.0,0.0,1.0,1.0,0.0,0.0,0.0,0.0,0.0,0.0,0.0,1.0,0.17577837631830562,18.001111076819672,19.26655132606772
8837,353.44,0.98,1,0.047,0.283,0.031,-0.07,-0.066,0.0,0.0,0.0,0.0,0.0,2.12,0.0,0.21,0.68,0.22,0.04,0.5,0.0,0.51,0.0,0.02,0.12,0.0,1.0,0.0,0.0,0.0,1.0,0.0,0.0,1.0,1.0,0.0,0.0,0.0,0.0,0.0,0.0,0.0,0.0,0.19798516322650042,18.101104938649602,19.864541273334208
8838,353.48,0.98,1,0.038,0.276,0.034,-0.067,-0.067,0.0,0.0,0.0,0.0,0.0,2.39,0.0,0.23,0.68,0.3,0.07,0.5,0.0,0.48,0.0,0.04,0.11,0.0,1.0,0.0,0.0,0.0,1.0,0.0,0.0,1.0,1.0,0.0,0.0,0.0,0.0,0.0,0.0,0.0,0.0,0.20253789501768632,19.126160095533983,19.520758181996925
8839,353.52,0.98,1,0.044,0.276,0.03,-0.064,-0.064,0.0,0.0,0.0,0.0,0.0,2.42,0.0,0.22,0.68,0.3,0.05,0.51,0.0,0.58,0.0,0.04,0.02,0.0,1.0,0.0,0.0,0.0,1.0,0.0,0.0,1.0,1.0,0.0,0.0,0.0,0.0,0.0,0.0,0.0,0.0,0.20990012044575856,19.00236827345476,19.830532015051897
8840,353.56,0.98,1,0.043,0.27,0.029,-0.064,-0.061,0.0,0.0,0.0,0.02,0.0,2.46,0.0,0.24,0.67,0.36,0.05,0.5,0.0,0.6,0.0,0.02,0.0,0.0,1.0,0.0,0.0,0.0,1.0,0.0,0.0,1.0,1.0,0.0,0.0,0.0,0.0,0.0,0.0,0.0,0.0,0.2146009944821608,19.200260414900672,19.41262475813085
8841,353.6,0.98,1,0.048,0.271,0.032,-0.063,-0.059,0.0,0.0,0.0,0.02,0.0,2.12,0.0,0.18,0.7,0.35,0.0,0.5,0.0,0.57,0.0,0.0,0.0,0.0,1.0,0.0,0.0,0.0,1.0,0.0,0.0,1.0,1.0,0.0,0.0,0.0,0.0,0.0,0.0,0.0,0.0,0.22459472333771008,18.906612599828527,19.91230775173997
8842,353.64,0.98,1,0.035,0.259,0.034,-0.063,-0.057,0.0,0.0,0.0,0.02,0.0,2.15,0.0,0.14,0.71,0.39,0.0,0.49,0.0,0.5,0.0,0.01,0.0,0.0,1.0,0.0,0.0,0.0,1.0,0.0,0.0,1.0,1.0,0.0,0.0,0.0,0.0,0.0,0.0,0.0,0.0,0.24170500941004264,19.60408120774846,20.706037766796246
8843,353.68,0.98,1,0.046,0.273,0.033,-0.058,-0.052,0.0,0.0,0.0,0.0,0.0,2.06,0.0,0.18,0.72,0.42,0.0,0.5,0.0,0.5,0.0,0.03,0.0,0.0,0.0,0.0,0.0,0.0,1.0,0.0,0.0,1.0,1.0,0.0,0.0,0.0,0.0,0.0,0.0,0.0,0.0,0.23209379430608135,19.90226117806727,21.01523257068548
8844,353.72,0.98,1,0.048,0.278,0.031,-0.056,-0.051,0.0,0.0,0.0,0.0,0.0,2.05,0.0,0.2,0.73,0.37,0.0,0.51,0.0,0.54,0.0,0.03,0.0,0.0,0.0,0.0,0.0,0.0,1.0,0.0,0.0,1.0,1.0,0.0,0.0,0.0,0.0,0.0,0.0,0.0,0.0,0.22264416959671995,20.10895322984258,20.908610666421712
8845,353.76,0.98,1,0.043,0.27,0.034,-0.054,-0.053,0.02,0.0,0.0,0.0,0.0,1.93,0.0,0.29,0.73,0.42,0.04,0.51,0.0,0.6,0.0,0.03,0.0,0.0,0.0,0.0,0.0,0.0,1.0,0.0,0.0,1.0,1.0,0.0,0.0,0.0,0.0,0.0,0.0,0.0,0.0,0.2315470503564021,20.21583537724825,21.005951537600005
8846,353.8,0.98,1,0.046,0.259,0.036,-0.05,-0.051,0.02,0.0,0.0,0.0,0.0,1.99,0.0,0.3,0.77,0.48,0.06,0.54,0.0,0.55,0.0,0.01,0.0,0.0,0.0,0.0,0.0,0.0,1.0,0.0,0.0,1.0,1.0,0.0,0.0,0.0,0.0,0.0,0.0,0.0,0.0,0.24334365507444575,19.916073910286723,21.8146739604331
8847,353.84,0.98,1,0.046,0.275,0.038,-0.048,-0.053,0.02,0.0,0.0,0.0,0.0,2.15,0.0,0.32,0.77,0.62,0.07,0.52,0.05,0.52,0.0,0.01,0.0,0.0,0.0,0.0,0.0,0.0,1.0,0.0,0.0,1.0,1.0,0.0,0.0,0.0,0.0,0.0,0.0,0.0,0.0,0.2365280720090859,20.429635336931586,21.605786262017777
8848,353.88,0.98,1,0.042,0.25,0.036,-0.047,-0.05,0.0,0.0,0.0,0.0,0.0,2.22,0.0,0.32,0.77,0.52,0.05,0.49,0.05,0.4,0.0,0.0,0.0,0.0,0.0,0.0,0.0,0.0,1.0,0.0,0.0,1.0,1.0,0.0,0.0,0.0,0.0,0.0,0.0,0.0,0.0,0.25086148821750953,20.62934802653725,21.500930212434994
8849,353.92,0.98,1,0.034,0.276,0.034,-0.048,-0.046,0.0,0.0,0.0,0.0,0.0,2.16,0.0,0.28,0.76,0.44,0.02,0.41,0.05,0.39,0.0,0.0,0.0,0.0,0.0,0.0,0.0,0.0,1.0,0.0,0.0,1.0,1.0,0.0,0.0,0.0,0.0,0.0,0.0,0.0,0.0,0.22531240388093665,20.715453169071683,21.800229356591597
8850,353.96,0.98,1,0.038,0.275,0.037,-0.046,-0.046,0.0,0.0,0.0,0.0,0.0,2.24,0.0,0.26,0.76,0.35,0.05,0.48,0.04,0.42,0.0,0.0,0.0,0.0,0.0,0.0,0.0,0.0,1.0,0.0,0.0,1.0,1.0,0.0,0.0,0.0,0.0,0.0,0.0,0.0,0.0,0.22875358393423192,21.11516043036391,22.102036105300254
8851,354.0,0.98,1,0.031,0.271,0.046,-0.041,-0.048,0.0,0.0,0.0,0.0,0.0,2.32,0.0,0.22,0.76,0.44,0.04,0.62,0.04,0.46,0.0,0.0,0.0,0.0,0.0,0.0,0.0,0.0,1.0,0.0,0.0,1.0,1.0,0.0,0.0,0.0,0.0,0.0,0.0,0.0,0.0,0.2318087885228548,21.002142747824564,21.414948050368793
8852,354.04,0.98,1,0.03,0.29,0.043,-0.042,-0.047,0.0,0.0,0.0,0.0,0.0,2.44,0.0,0.21,0.73,0.5,0.04,0.76,0.04,0.48,0.0,0.0,0.0,0.0,0.0,0.0,0.0,0.0,1.0,0.0,0.0,1.0,1.0,0.0,1.0,0.0,0.0,0.0,0.0,0.0,0.0,0.2290304725026503,20.919369015340873,21.408409562599324
8853,354.08,0.98,1,0.015,0.286,0.046,-0.038,-0.048,0.0,0.0,0.0,0.0,0.0,2.45,0.0,0.23,0.71,0.61,0.06,0.87,0.0,0.55,0.0,0.02,0.0,0.0,0.0,0.0,0.0,0.0,1.0,0.0,0.0,1.0,1.0,0.0,1.0,0.0,0.0,0.0,0.0,0.0,0.0,0.2160968870546049,20.915305400591077,21.108529081866546
8854,354.12,0.98,1,0.011,0.27,0.044,-0.035,-0.045,0.0,0.0,0.0,0.01,0.0,2.42,0.0,0.26,0.66,0.56,0.21,0.86,0.0,0.59,0.0,0.02,0.0,0.0,0.0,0.0,0.0,0.0,1.0,0.0,0.0,1.0,1.0,0.0,1.0,0.0,0.0,0.0,0.0,0.0,0.0,0.22542592322850502,21.11918559035849,21.403737991294747
8855,354.16,0.98,1,0.012,0.27,0.045,-0.036,-0.046,0.0,0.0,0.0,0.01,0.0,2.46,0.0,0.28,0.67,0.55,0.28,0.88,0.0,0.63,0.0,0.02,0.0,0.0,0.0,0.0,0.0,0.0,1.0,0.0,0.0,1.0,1.0,0.0,1.0,0.0,0.0,0.0,0.0,0.0,0.0,0.23092701679194844,21.015232570685487,21.80825531765432
8856,354.2,0.98,1,0.016,0.272,0.044,-0.031,-0.048,0.0,0.0,0.0,0.01,0.0,2.27,0.0,0.23,0.67,0.51,0.32,0.74,0.0,0.56,0.0,0.0,0.0,0.0,0.0,0.0,0.0,0.0,1.0,0.0,0.0,1.0,1.0,0.0,1.0,0.0,0.0,0.0,0.0,0.0,0.0,0.22371622172271208,21.219095173922987,22.011133546457803
8857,354.24,0.98,1,0.021,0.257,0.036,-0.033,-0.047,0.02,0.0,0.0,0.06,0.0,2.24,0.0,0.14,0.75,0.5,0.2,0.76,0.0,0.56,0.0,0.01,0.0,0.0,0.0,0.0,0.0,0.0,1.0,0.0,0.0,1.0,1.0,0.0,1.0,0.0,0.0,0.0,0.0,0.0,0.0,0.23881415086044516,21.123683390923947,22.108143296079977
8858,354.28,0.98,1,0.007,0.267,0.038,-0.034,-0.045,0.01,0.0,0.0,0.09,0.0,2.11,0.0,0.03,0.77,0.42,0.21,0.71,0.02,0.55,0.0,0.05,0.0,0.0,0.0,0.0,0.0,0.0,1.0,0.0,0.0,1.0,1.0,0.0,1.0,0.0,0.0,0.0,0.0,0.0,0.0,0.2363539357870856,20.819462048765768,21.7020736336416
8859,354.32,0.98,1,0.002,0.254,0.037,-0.035,-0.046,0.01,0.0,0.0,0.09,0.0,2.23,0.0,0.03,0.8,0.35,0.16,0.66,0.02,0.57,0.0,0.05,0.0,0.0,0.0,0.0,0.0,0.0,1.0,0.0,0.0,1.0,1.0,0.0,1.0,0.0,0.0,0.0,0.0,0.0,0.0,0.23776424627629672,21.02878978923894,21.503720608304043
8860,354.36,0.98,1,0.01,0.263,0.03,-0.029,-0.047,0.0,0.0,0.0,0.02,0.0,2.19,0.0,0.02,0.78,0.34,0.15,0.55,0.02,0.59,0.0,0.06,0.0,0.0,0.0,0.0,0.0,0.0,1.0,0.0,0.0,1.0,1.0,0.0,0.0,0.0,0.0,0.0,0.0,0.0,0.0,0.21694883736844592,20.919369015340873,22.111083193729023
8861,354.4,0.98,1,0.006,0.252,0.033,-0.032,-0.048,0.0,0.0,0.0,0.0,0.0,2.19,0.0,0.04,0.8,0.37,0.09,0.52,0.0,0.58,0.0,0.01,0.0,0.0,0.0,0.0,0.0,0.0,1.0,0.0,0.0,1.0,1.0,0.0,0.0,0.0,0.0,0.0,0.0,0.0,0.0,0.2331041963093483,20.824024587000423,21.80573319106693
8862,354.44,0.98,1,0.008,0.26,0.032,-0.03,-0.048,0.0,0.0,0.0,0.0,0.0,2.11,0.0,0.04,0.79,0.4,0.07,0.54,0.0,0.55,0.0,0.01,0.0,0.0,0.0,0.0,0.0,0.0,1.0,0.0,0.0,1.0,1.0,0.0,0.0,0.0,0.0,0.0,0.0,0.0,0.0,0.23022412290130606,21.323461257497527,22.0111335464578
8863,354.48,0.98,1,0.009,0.245,0.035,-0.029,-0.049,0.0,0.0,0.0,0.0,0.0,2.13,0.0,0.06,0.78,0.39,0.1,0.54,0.0,0.51,0.0,0.0,0.0,0.0,0.0,0.0,0.0,0.0,1.0,0.0,0.0,1.0,1.0,0.0,0.0,0.0,0.0,0.0,0.0,0.0,0.0,0.23838434608591166,21.028789789238942,21.703686322834702
8864,354.52,0.98,1,0.001,0.259,0.032,-0.026,-0.047,0.08,0.0,0.0,0.0,0.0,2.16,0.0,0.07,0.79,0.45,0.14,0.5,0.0,0.47,0.0,0.0,0.0,0.0,0.0,0.0,0.0,0.0,1.0,0.0,0.0,1.0,1.0,0.0,0.0,0.0,0.0,0.0,0.0,0.0,0.0,0.2305896250107138,20.81537893001225,21.80206412246322
8865,354.56,0.98,1,0.001,0.253,0.031,-0.026,-0.043,0.08,0.0,0.0,0.0,0.0,2.16,0.0,0.05,0.78,0.48,0.18,0.54,0.0,0.5,0.0,0.0,0.0,0.0,0.0,0.0,0.0,0.0,1.0,0.0,0.0,1.0,1.0,0.0,0.0,0.0,0.0,0.0,0.0,0.0,0.0,0.23254167059626218,21.511392330576836,21.60208323287354
8866,354.6,0.98,1,0.014,0.25,0.039,-0.028,-0.044,0.1,0.0,0.0,0.0,0.0,2.16,0.0,0.12,0.81,0.48,0.14,0.48,0.0,0.5,0.0,0.0,0.0,0.0,0.0,0.0,0.0,0.0,1.0,0.0,0.0,1.0,1.0,0.0,0.0,0.0,0.0,0.0,0.0,0.0,0.0,0.23738400554191785,21.311499243366196,21.80573319106693
8867,354.64,0.98,1,0.01,0.248,0.029,-0.022,-0.04,0.02,0.0,0.0,0.0,0.0,1.98,0.0,0.09,0.81,0.39,0.1,0.46,0.0,0.52,0.0,0.0,0.0,0.0,0.0,0.0,0.0,0.0,1.0,0.0,0.0,1.0,1.0,0.0,0.0,0.0,0.0,0.0,0.0,0.0,0.0,0.2332419253028477,20.408821622033802,22.305604676851914
8868,354.68,0.98,1,0.011,0.232,0.04,-0.027,-0.042,0.02,0.0,0.0,0.0,0.0,1.84,0.0,0.09,0.81,0.33,0.12,0.46,0.0,0.46,0.0,0.0,0.0,0.0,0.0,0.0,0.0,0.0,1.0,0.0,0.0,1.0,1.0,0.0,0.0,0.0,0.0,0.0,0.0,0.0,0.0,0.24670625003709545,21.01927686672403,22.205629916757413
8869,354.72,0.98,1,-0.0,0.245,0.035,-0.027,-0.039,0.0,0.0,0.0,0.02,0.0,1.78,0.0,0.0,0.79,0.31,0.12,0.48,0.0,0.46,0.0,0.0,0.0,0.0,0.0,0.0,0.0,0.0,1.0,0.0,0.0,1.0,1.0,0.0,0.0,0.0,0.0,0.0,0.0,0.0,0.0,0.23981266382387542,21.414948050368793,21.7036863228347
8870,354.76,0.98,1,0.007,0.235,0.042,-0.023,-0.043,0.01,0.0,0.0,0.08,0.0,1.9,0.0,0.0,0.76,0.4,0.14,0.51,0.0,0.47,0.0,0.0,0.0,0.0,0.0,0.0,0.0,0.0,1.0,0.0,0.0,1.0,1.0,0.0,0.0,0.0,0.0,0.0,0.0,0.0,0.0,0.23693852652580377,21.605786262017777,21.603703386225153
8871,354.8,0.98,1,0.01,0.245,0.041,-0.016,-0.042,0.15,0.0,0.0,0.16,0.0,2.03,0.0,0.0,0.75,0.47,0.08,0.53,0.0,0.53,0.01,0.0,0.0,0.0,0.0,0.0,0.0,0.0,1.0,0.0,0.0,1.0,1.0,0.0,0.0,0.0,0.0,0.0,0.0,0.0,0.0,0.230384387731198,20.808652046684767,21.708293346092457
8872,354.84,0.98,1,0.012,0.226,0.039,-0.014,-0.04,0.16,0.0,0.0,0.14,0.0,2.11,0.0,0.04,0.74,0.53,0.13,0.5,0.0,0.55,0.01,0.0,0.0,0.0,0.0,0.0,0.0,0.0,1.0,0.0,0.0,1.0,1.0,0.0,0.0,0.0,0.0,0.0,0.0,0.0,0.0,0.24269163372901748,21.21155345560532,21.905707018948146
8873,354.88,0.98,1,0.002,0.241,0.039,-0.011,-0.038,0.15,0.0,0.0,0.13,0.0,2.11,0.0,0.04,0.7,0.52,0.09,0.44,0.0,0.57,0.01,0.0,0.0,0.0,0.0,0.0,0.0,0.0,1.0,0.0,0.0,1.0,1.0,0.0,0.0,0.0,0.0,0.0,0.0,0.0,0.0,0.23348398244116467,21.399999999999864,22.205629916757644
8874,354.92,0.98,1,0.01,0.25,0.044,-0.014,-0.036,0.01,0.0,0.0,0.11,0.0,2.13,0.0,0.04,0.67,0.52,0.07,0.35,0.0,0.54,0.0,0.0,0.0,0.0,0.0,0.0,0.0,0.0,1.0,0.0,0.0,1.0,1.0,0.0,0.0,0.0,0.0,0.0,0.0,0.0,0.0,0.23340215674153497,21.6113396160443,22.011133546457803
8875,354.96,0.98,1,0.01,0.256,0.05,-0.013,-0.035,0.01,0.0,0.0,0.14,0.0,2.09,0.0,0.0,0.66,0.46,0.02,0.39,0.0,0.52,0.0,0.0,0.0,0.0,0.0,0.0,0.0,0.0,1.0,0.0,0.0,1.0,1.0,0.0,0.0,0.0,0.0,0.0,0.0,0.0,0.0,0.2317662030661758,21.605786262017777,22.0081802973349
8876,355.0,0.98,1,0.007,0.258,0.051,-0.011,-0.031,0.01,0.0,0.0,0.14,0.0,2.25,0.0,0.0,0.65,0.43,0.02,0.32,0.01,0.42,0.0,0.0,0.0,0.0,0.0,0.0,0.0,0.0,1.0,0.0,0.0,1.0,1.0,0.0,0.0,0.0,0.0,0.0,0.0,0.0,0.0,0.23315999049963762,21.10094784600933,21.60370338622538
8877,355.04,0.98,1,0.007,0.256,0.055,-0.007,-0.038,0.01,0.0,0.0,0.08,0.0,2.39,0.0,0.0,0.62,0.24,0.0,0.37,0.03,0.43,0.0,0.22,0.0,0.0,0.0,0.0,0.0,0.0,1.0,0.0,0.0,1.0,1.0,0.0,0.0,0.0,0.0,0.0,0.0,0.0,0.0,0.2343960236926158,21.40584032454681,22.105655384991326
8878,355.08,0.98,1,-0.001,0.274,0.063,-0.02,-0.019,0.0,0.0,0.0,0.05,0.0,2.41,0.0,0.0,0.55,0.14,0.03,0.35,0.06,0.37,0.0,0.48,0.0,0.0,0.0,0.0,0.0,0.0,1.0,0.0,0.0,1.0,1.0,0.0,0.0,0.0,0.0,0.0,0.0,0.0,0.0,0.23855531497013577,21.208488866489105,21.803669415949187
8879,355.12,0.98,1,0.012,0.278,0.06,-0.013,-0.038,0.0,0.0,0.0,0.0,0.0,2.35,0.0,0.01,0.51,0.0,0.04,0.47,0.05,0.29,0.24,1.01,0.0,0.0,0.0,0.0,0.0,0.0,1.0,0.0,0.0,1.0,1.0,0.0,0.0,0.0,0.0,0.0,0.0,0.0,0.0,0.2351541796674687,21.81467396043333,21.605786262018004
8880,355.16,0.98,1,-0.012,0.286,0.06,-0.019,-0.007,0.0,0.0,0.0,0.0,0.0,2.19,0.0,0.02,0.49,0.01,0.1,0.28,0.03,0.12,0.38,1.19,0.0,0.0,0.0,0.0,0.0,0.0,1.0,0.0,0.0,1.0,1.0,0.0,0.0,0.0,0.0,0.0,0.0,0.0,0.0,0.21164216773089262,21.623135757794152,22.805481797146886
8881,355.2,0.98,1,0.003,0.277,0.064,-0.014,-0.035,0.08,0.0,0.0,0.0,0.0,1.99,0.0,0.02,0.47,0.01,0.07,0.33,0.0,0.0,0.7,1.35,0.47,0.0,0.0,0.0,0.0,0.0,1.0,0.0,0.0,1.0,1.0,0.0,0.0,0.0,0.0,1.0,0.0,0.0,0.0,0.22646207348175013,20.811775512915712,21.80825531765432
8882,355.24,0.98,1,0.014,0.36,0.044,-0.026,-0.005,0.32,0.0,0.0,0.0,0.0,1.41,0.0,0.1,0.52,0.12,0.24,0.16,0.0,0.0,0.69,1.09,1.14,0.0,0.0,0.0,0.0,0.0,1.0,0.0,0.0,1.0,1.0,0.0,0.0,0.0,0.0,1.0,0.0,0.0,1.0,0.18288927321682658,16.814577009249994,18.5779439120695
8883,355.28,0.98,1,-0.012,0.425,0.053,-0.036,-0.026,0.53,0.06,0.0,0.0,0.0,1.06,0.0,0.08,0.48,0.15,0.18,0.27,0.0,0.0,0.86,1.0,1.69,0.0,0.0,0.0,0.0,0.0,1.0,0.0,0.0,1.0,1.0,0.0,0.0,0.0,0.0,1.0,0.0,0.0,1.0,0.17196910051262126,16.292943257741896,21.068697159530302
8884,355.32,0.98,1,0.008,0.381,0.032,-0.016,-0.022,0.5,0.06,0.0,0.0,0.0,1.14,0.0,0.08,0.51,0.2,0.18,0.17,0.0,0.0,0.76,0.94,1.53,0.0,0.0,0.0,0.0,0.0,1.0,0.0,0.0,0.0,1.0,0.0,0.0,0.0,0.0,1.0,0.0,0.0,1.0,0.16415058543072233,18.944656238633716,21.35275157912905
8885,355.36,0.98,1,-0.022,0.338,0.042,-0.015,-0.022,0.26,0.06,0.0,0.0,0.0,1.7,0.0,0.04,0.49,0.14,0.01,0.32,0.0,0.0,0.76,1.14,1.19,0.0,0.0,0.0,0.0,0.0,1.0,0.0,0.0,0.0,1.0,0.0,0.0,0.0,0.0,1.0,0.0,0.0,1.0,0.18535000710596028,17.328877632437667,19.942417105255917
8886,355.4,0.98,1,0.01,0.332,0.049,-0.033,-0.015,0.06,0.02,0.0,0.0,0.0,2.13,0.0,0.08,0.53,0.11,0.01,0.32,0.0,0.0,0.69,1.27,0.8,0.0,0.0,0.0,0.0,0.0,1.0,0.0,0.0,0.0,1.0,0.0,0.0,0.0,0.0,1.0,0.0,0.0,1.0,0.17373197967335935,17.604544867732447,18.189282558693865
8887,355.44,0.98,1,0.002,0.305,0.051,-0.025,-0.024,0.0,0.02,0.0,0.0,0.0,2.4,0.0,0.11,0.54,0.19,0.13,0.29,0.0,0.0,0.58,1.27,0.64,0.0,0.0,0.0,0.0,0.0,1.0,0.0,0.0,0.0,1.0,0.0,0.0,0.0,0.0,1.0,0.0,0.0,1.0,0.17558456884830553,18.609674903125125,17.940178371465628
8888,355.48,0.98,1,-0.001,0.3,0.053,-0.029,-0.042,0.13,0.06,0.0,0.0,0.0,2.49,0.0,0.08,0.52,0.14,0.14,0.24,0.0,0.0,0.57,1.18,0.31,0.0,0.0,0.0,0.0,0.0,1.0,0.0,0.0,0.0,1.0,0.0,0.0,0.0,0.0,0.0,0.0,0.0,1.0,0.19591802482094112,19.004210059878837,18.617196351760292
8889,355.52,0.98,1,0.002,0.277,0.044,-0.019,-0.038,0.13,0.04,0.0,0.0,0.0,2.5,0.0,0.05,0.49,0.12,0.16,0.21,0.0,0.01,0.5,1.16,0.15,0.0,0.0,0.0,0.0,0.0,1.0,0.0,0.0,0.0,1.0,0.0,0.0,0.0,0.0,0.0,0.0,0.0,0.0,0.19625716559714906,20.615528128088215,18.804254837669234
8890,355.56,0.98,1,0.004,0.278,0.043,-0.033,-0.032,0.13,0.04,0.0,0.0,0.0,2.47,0.0,0.02,0.46,0.06,0.18,0.21,0.01,0.01,0.55,1.19,0.0,0.0,0.0,0.0,0.0,0.0,1.0,0.0,0.0,0.0,1.0,0.0,0.0,0.0,0.0,0.0,0.0,0.0,0.0,0.18910392798273618,20.606067067735083,20.012246250733575
8891,355.6,0.98,1,0.017,0.264,0.045,-0.027,-0.05,0.0,0.0,0.0,0.0,0.0,2.29,0.0,0.08,0.44,0.06,0.26,0.1,0.01,0.01,0.58,1.15,0.0,0.0,0.0,0.0,0.0,0.0,1.0,0.0,0.0,1.0,1.0,0.0,0.0,0.0,0.0,0.0,0.0,0.0,0.0,0.20298908194692628,20.303940504246906,19.809088823062968
8892,355.64,0.98,1,0.007,0.257,0.038,-0.026,-0.052,0.0,0.0,0.0,0.0,0.0,2.06,0.0,0.08,0.47,0.08,0.31,0.06,0.01,0.0,0.58,1.01,0.0,0.0,0.0,0.0,0.0,0.0,1.0,0.0,0.0,1.0,1.0,0.0,0.0,0.0,0.0,0.0,0.0,0.0,0.0,0.20780793632096833,20.8002403832263,19.906280415989414
8893,355.68,0.98,1,0.019,0.265,0.043,-0.029,-0.056,0.0,0.0,0.0,0.02,0.0,1.99,0.0,0.08,0.49,0.02,0.25,0.04,0.0,0.0,0.54,0.82,0.0,0.0,0.0,0.0,0.0,0.0,1.0,0.0,0.0,1.0,1.0,0.0,0.0,0.0,0.0,0.0,0.0,0.0,0.0,0.22117314593873533,19.70025380547169,19.716236963477638
8894,355.72,0.98,1,0.021,0.271,0.046,-0.025,-0.058,0.0,0.0,0.0,0.02,0.0,1.96,0.0,0.01,0.49,0.02,0.17,0.04,0.0,0.0,0.43,0.76,0.0,0.0,0.0,0.0,0.0,0.0,1.0,0.0,0.0,1.0,1.0,0.0,0.0,0.0,0.0,0.0,0.0,0.0,0.0,0.2115554810686447,20.0,19.716236963477407
8895,355.76,0.98,1,0.024,0.273,0.041,-0.023,-0.055,0.04,0.05,0.0,0.02,0.0,2.12,0.0,0.01,0.49,0.0,0.12,0.01,0.0,0.0,0.44,0.63,0.0,0.0,0.0,0.0,0.0,0.0,1.0,0.0,0.0,1.0,1.0,0.0,0.0,0.0,0.0,0.0,0.0,0.0,0.0,0.20927377299438557,20.5,19.906280415989187
8896,355.8,0.98,1,0.039,0.28,0.044,-0.024,-0.055,0.05,0.1,0.0,0.0,0.0,2.14,0.0,0.0,0.51,0.03,0.04,0.02,0.0,0.0,0.36,0.58,0.0,0.0,0.0,0.0,0.0,0.0,1.0,0.0,0.0,1.0,1.0,0.0,0.0,0.0,0.0,0.0,0.0,0.0,0.0,0.21926233494628128,20.10397970552113,20.112185361118676
8897,355.84,0.98,1,0.051,0.267,0.052,-0.023,-0.059,0.05,0.1,0.0,0.0,0.0,2.12,0.0,0.0,0.56,0.07,0.02,0.05,0.0,0.0,0.23,0.46,0.0,0.0,0.0,0.0,0.0,0.0,1.0,0.0,0.0,1.0,1.0,0.0,0.0,0.0,0.0,0.0,0.0,0.0,0.0,0.23690500194504838,20.212125073826396,20.40612653102013
8898,355.88,0.98,1,0.032,0.259,0.046,-0.027,-0.054,0.02,0.05,0.0,0.0,0.0,2.18,0.0,0.0,0.58,0.21,0.13,0.14,0.0,0.09,0.06,0.34,0.0,0.0,0.0,0.0,0.0,0.0,1.0,0.0,0.0,1.0,1.0,0.0,0.0,0.0,0.0,0.0,0.0,0.0,0.0,0.23941356805291605,20.503902067655318,21.30586773637718
8899,355.92,0.98,1,0.017,0.272,0.047,-0.028,-0.052,0.0,0.0,0.0,0.0,0.0,2.24,0.0,0.0,0.61,0.35,0.17,0.25,0.0,0.2,0.0,0.19,0.0,0.0,0.0,0.0,0.0,0.0,1.0,0.0,0.0,1.0,1.0,0.0,0.0,0.0,0.0,0.0,0.0,0.0,0.0,0.23556127072457167,20.20222759994555,22.005681084665387
8900,355.96,0.98,1,0.025,0.272,0.045,-0.029,-0.055,0.03,0.0,0.0,0.0,0.0,2.27,0.0,0.04,0.56,0.43,0.23,0.48,0.0,0.36,0.0,0.06,0.0,0.0,0.0,0.0,0.0,0.0,1.0,0.0,0.0,1.0,1.0,0.0,0.0,0.0,0.0,0.0,0.0,0.0,0.0,0.23690643137616757,20.2121250738264,21.818570072303043
8901,356.0,0.98,1,0.03,0.292,0.043,-0.029,-0.054,0.03,0.0,0.0,0.0,0.0,2.27,0.0,0.04,0.51,0.3,0.11,0.75,0.0,0.51,0.0,0.03,0.0,0.0,0.0,0.0,0.0,0.0,1.0,0.0,0.0,1.0,1.0,0.0,0.0,0.0,0.0,0.0,0.0,0.0,0.0,0.2173254524307437,20.506096654409877,22.12261286557255
8902,356.04,0.98,1,0.032,0.274,0.031,-0.037,-0.046,0.03,0.0,0.0,0.0,0.0,2.19,0.0,0.04,0.46,0.21,0.18,0.8,0.0,0.57,0.0,0.03,0.0,0.0,0.0,0.0,0.0,0.0,1.0,0.0,0.0,1.0,1.0,0.0,0.0,0.0,0.0,0.0,0.0,0.0,0.0,0.21898922298665507,20.506096654409877,22.011133546457803
8903,356.08,0.98,1,0.027,0.276,0.04,-0.032,-0.049,0.0,0.0,0.0,0.0,0.0,2.15,0.0,0.02,0.47,0.17,0.21,0.7,0.0,0.6,0.0,0.01,0.0,0.0,0.0,0.0,0.0,0.0,1.0,0.0,0.0,1.0,1.0,0.0,0.0,0.0,0.0,0.0,0.0,0.0,0.0,0.22247598578023148,20.808652046684767,22.014540649307218
8904,356.12,0.98,1,0.031,0.262,0.03,-0.037,-0.041,0.0,0.0,0.0,0.0,0.0,2.12,0.0,0.06,0.44,0.22,0.23,0.57,0.02,0.57,0.0,0.0,0.0,0.0,0.0,0.0,0.0,0.0,1.0,0.0,0.0,1.0,1.0,0.0,0.0,0.0,0.0,0.0,0.0,0.0,0.0,0.22710499234758302,21.108529081866546,22.0081802973349
8905,356.16,0.98,1,0.026,0.26,0.031,-0.042,-0.039,0.03,0.0,0.0,0.0,0.0,1.82,0.0,0.09,0.42,0.2,0.1,0.58,0.04,0.49,0.0,0.0,0.3,0.0,0.0,0.0,0.0,0.0,1.0,0.0,0.0,1.0,1.0,0.0,0.0,0.0,0.0,0.0,0.0,0.0,0.0,0.22213426502088207,20.802163349036515,21.305867736377408
8906,356.2,0.98,1,0.011,0.291,0.029,-0.041,-0.038,0.25,0.0,0.0,0.0,0.0,1.34,0.0,0.2,0.49,0.36,0.07,0.67,0.09,0.3,0.0,0.0,0.98,0.0,0.0,0.0,0.0,0.0,1.0,0.0,0.0,1.0,1.0,0.0,0.0,0.0,0.0,0.0,0.0,0.0,1.0,0.22091914053092632,18.80106379968959,18.36137249771918
8907,356.24,0.98,1,0.02,0.405,0.029,-0.062,-0.037,0.5,0.0,0.0,0.0,0.0,0.94,0.0,0.22,0.56,0.5,0.13,0.58,0.07,0.09,0.0,0.0,1.62,1.0,0.0,0.0,0.0,0.0,1.0,0.0,0.0,1.0,1.0,0.0,0.0,0.0,0.0,0.0,0.0,0.0,1.0,0.17307195455237362,15.938946012832787,22.351733713517437
8908,356.28,0.98,1,0.03,0.393,0.02,-0.047,-0.039,0.5,0.0,0.0,0.0,0.0,1.01,0.0,0.23,0.58,0.54,0.27,0.63,0.05,0.04,0.0,0.0,1.75,1.0,0.0,0.0,0.0,0.0,1.0,0.0,0.0,1.0,1.0,0.0,0.0,0.0,0.0,0.0,0.0,0.0,1.0,0.1750305237711802,15.845504094221763,20.80624906127969
8909,356.32,0.98,1,0.007,0.333,0.01,-0.043,-0.039,0.38,0.0,0.0,0.0,0.0,1.45,0.0,0.1,0.46,0.43,0.22,0.55,0.0,0.15,0.0,0.0,1.34,1.0,0.0,0.0,0.0,0.0,1.0,0.0,0.0,1.0,1.0,0.0,0.0,0.0,0.0,0.0,0.0,0.0,1.0,0.18495525185449924,20.255616505058587,21.005237442123892
8910,356.36,0.98,1,0.014,0.271,0.008,-0.036,-0.045,0.13,0.0,0.0,0.0,0.0,1.69,0.0,0.07,0.42,0.35,0.21,0.66,0.0,0.21,0.0,0.0,0.99,1.0,0.0,0.0,0.0,0.0,1.0,0.0,0.0,0.0,1.0,0.0,0.0,0.0,0.0,0.0,0.0,0.0,1.0,0.18506536059515216,18.03357978882729,20.072119967756265
8911,356.4,0.98,1,0.033,0.272,0.007,-0.039,-0.051,0.13,0.0,0.0,0.0,0.0,1.84,0.0,0.08,0.39,0.41,0.07,0.63,0.0,0.25,0.0,0.0,0.69,1.0,0.0,0.0,0.0,0.0,1.0,0.0,0.0,0.0,1.0,0.0,0.0,0.0,0.0,0.0,0.0,0.0,1.0,0.18914324244219932,17.906981878585885,18.68689380287683
8912,356.44,0.98,1,0.036,0.282,0.01,-0.039,-0.056,0.03,0.0,0.0,0.0,0.0,2.02,0.0,0.07,0.39,0.31,0.07,0.54,0.0,0.22,0.0,0.01,0.42,1.0,0.0,0.0,0.0,0.0,1.0,0.0,0.0,0.0,1.0,0.0,0.0,0.0,0.0,0.0,0.0,0.0,1.0,0.1825249000494386,17.301156030739634,18.270194306574886
8913,356.48,0.98,1,0.029,0.278,0.01,-0.038,-0.057,0.06,0.0,0.0,0.0,0.0,2.2,0.0,0.07,0.35,0.3,0.06,0.45,0.0,0.27,0.0,0.01,0.13,1.0,0.0,0.0,0.0,0.0,1.0,0.0,0.0,0.0,1.0,0.0,0.0,0.0,0.0,0.0,0.0,0.0,1.0,0.1905267105454911,16.9002958553986,18.469434208984406
8914,356.52,0.98,1,0.034,0.273,0.009,-0.039,-0.056,0.03,0.0,0.0,0.0,0.0,2.28,0.0,0.04,0.34,0.15,0.12,0.43,0.0,0.28,0.0,0.01,0.01,0.0,0.0,0.0,0.0,0.0,1.0,0.0,0.0,0.0,1.0,0.0,0.0,0.0,0.0,0.0,0.0,0.0,0.0,0.18995534768480343,18.00444389588304,18.209887424144107
8915,356.56,0.98,1,0.023,0.277,0.015,-0.041,-0.059,0.03,0.0,0.0,0.0,0.0,2.3,0.0,0.12,0.37,0.13,0.18,0.56,0.06,0.3,0.0,0.07,0.01,0.0,0.0,0.0,0.0,0.0,1.0,0.0,0.0,0.0,1.0,0.0,0.0,0.0,0.0,0.0,0.0,0.0,0.0,0.2008273484261958,17.300289014926843,18.609674903124898
8916,356.6,0.98,1,0.019,0.282,0.014,-0.04,-0.059,0.02,0.05,0.0,0.0,0.0,2.22,0.0,0.14,0.4,0.05,0.21,0.65,0.1,0.28,0.0,0.09,0.1,0.0,0.0,0.0,0.0,0.0,1.0,0.0,0.0,0.0,1.0,0.0,0.0,0.0,0.0,0.0,0.0,0.0,0.0,0.18989552903634122,18.000277775634462,18.906612599828527
8917,356.64,0.98,1,0.032,0.278,0.011,-0.041,-0.059,0.02,0.05,0.0,0.0,0.0,2.3,0.0,0.16,0.44,0.13,0.19,0.66,0.1,0.2,0.0,0.09,0.08,0.0,0.0,0.0,0.0,0.0,1.0,0.0,0.0,0.0,1.0,0.0,0.0,0.0,0.0,0.0,0.0,0.0,0.0,0.20075075901888645,18.899999999999864,18.906612599828755
8918,356.68,0.98,1,0.037,0.279,0.015,-0.043,-0.063,0.02,0.05,0.0,0.0,0.0,2.29,0.0,0.1,0.44,0.18,0.12,0.61,0.04,0.15,0.0,0.03,0.08,0.0,0.0,0.0,0.0,0.0,1.0,0.0,0.0,0.0,1.0,0.0,0.0,0.0,0.0,0.0,0.0,0.0,0.0,0.1990916328706046,19.301036241611442,19.309324172533803
8919,356.72,0.98,1,0.037,0.266,0.007,-0.042,-0.061,0.05,0.0,0.0,0.0,0.0,2.29,0.0,0.11,0.45,0.15,0.06,0.44,0.0,0.2,0.0,0.0,0.0,0.0,0.0,0.0,0.0,0.0,1.0,0.0,0.0,1.0,1.0,0.0,0.0,0.0,0.0,0.0,0.0,0.0,0.0,0.1992388409533578,19.704060495238075,19.704060495238075
8920,356.76,0.98,1,0.039,0.259,-0.003,-0.049,-0.058,0.05,0.0,0.0,0.0,0.0,2.21,0.0,0.09,0.42,0.07,0.02,0.38,0.0,0.3,0.0,0.0,0.0,0.0,0.0,0.0,0.0,0.0,1.0,0.0,0.0,1.0,1.0,0.0,0.0,0.0,0.0,0.0,0.0,0.0,0.0,0.2094291365983228,20.00399960007998,19.609181522950042
8921,356.8,0.98,1,0.036,0.261,0.002,-0.047,-0.061,0.05,0.0,0.0,0.0,0.0,2.24,0.0,0.07,0.43,0.02,0.02,0.33,0.01,0.36,0.0,0.0,0.0,0.0,0.0,0.0,0.0,0.0,1.0,0.0,0.0,1.0,1.0,0.0,0.0,0.0,0.0,0.0,0.0,0.0,0.0,0.2144253197574712,19.60229578391257,19.81615502563497
8922,356.84,0.98,1,0.046,0.257,0.005,-0.045,-0.064,0.01,0.0,0.0,0.0,0.0,2.37,0.0,0.1,0.41,0.03,0.08,0.41,0.04,0.28,0.0,0.0,0.0,0.0,1.0,0.0,0.0,0.0,1.0,0.0,0.0,1.0,1.0,0.0,0.0,0.0,0.0,0.0,0.0,0.0,0.0,0.21756567916351133,19.50640920313116,20.11591409804676
8923,356.88,0.98,1,0.039,0.273,0.013,-0.045,-0.062,0.12,0.0,0.0,0.0,0.0,1.9,0.0,0.09,0.43,0.06,0.1,0.35,0.07,0.19,0.0,0.0,0.42,1.0,1.0,0.0,0.0,0.0,1.0,0.0,0.0,1.0,1.0,0.0,0.0,0.0,0.0,0.0,0.0,0.0,0.0,0.2111013019915422,18.906612599828527,20.11591409804676
8924,356.92,0.98,1,0.053,0.327,0.007,-0.045,-0.057,0.4,0.03,0.0,0.0,0.0,1.17,0.0,0.19,0.55,0.13,0.18,0.33,0.07,0.08,0.0,0.0,1.11,1.0,1.0,0.0,0.0,0.0,1.0,0.0,0.0,1.0,1.0,0.0,0.0,0.0,0.0,0.0,0.0,0.0,1.0,0.21076485016192625,18.002499826412997,21.375921032788447
8925,356.96,0.98,1,0.046,0.396,0.008,-0.066,-0.053,0.46,0.03,0.0,0.0,0.0,0.42,0.0,0.13,0.59,0.19,0.11,0.32,0.03,0.03,0.0,0.0,1.79,1.0,1.0,0.0,0.0,0.0,1.0,0.0,0.0,0.0,1.0,0.0,0.0,0.0,0.0,0.0,0.0,0.0,1.0,0.1716383628284603,17.69208862740632,18.92828571212931
8926,357.0,0.98,1,0.046,0.372,-0.004,-0.057,-0.049,0.38,0.03,0.0,0.0,0.0,0.54,0.0,0.13,0.58,0.16,0.13,0.37,0.01,0.0,0.0,0.0,1.82,1.0,1.0,0.0,0.0,0.0,1.0,0.0,0.0,0.0,1.0,0.0,0.0,0.0,0.0,0.0,0.0,0.0,1.0,0.17953277774544266,17.105846953600395,21.22498527679127
8927,357.04,0.98,1,0.025,0.305,-0.003,-0.048,-0.048,0.1,0.0,0.0,0.0,0.0,1.14,0.0,0.02,0.46,0.09,0.05,0.38,0.0,0.06,0.0,0.0,1.37,1.0,1.0,0.0,0.0,0.0,1.0,0.0,0.0,0.0,1.0,0.0,0.0,0.0,0.0,0.0,0.0,0.0,1.0,0.18979908354431996,17.35655495770996,20.16829194552677
8928,357.08,0.98,1,0.03,0.292,0.005,-0.047,-0.047,0.04,0.0,0.0,0.0,0.0,1.86,0.0,0.03,0.43,0.0,0.05,0.37,0.0,0.16,0.0,0.0,0.84,0.0,1.0,0.0,0.0,0.0,1.0,0.0,0.0,0.0,1.0,0.0,0.0,0.0,0.0,0.0,0.0,0.0,1.0,0.18056577645889826,17.142053552593886,18.30956034425736
8929,357.12,0.98,1,0.039,0.289,0.009,-0.044,-0.046,0.0,0.0,0.0,0.0,0.0,2.24,0.0,0.09,0.43,0.01,0.01,0.38,0.0,0.23,0.0,0.0,0.39,0.0,0.0,0.0,0.0,0.0,1.0,0.0,0.0,0.0,1.0,0.0,0.0,0.0,0.0,0.0,0.0,0.0,1.0,0.18659121404959744,17.613914953808443,18.054362353736007
8930,357.16,0.98,1,0.034,0.279,0.007,-0.044,-0.041,0.0,0.0,0.0,0.0,0.0,2.32,0.0,0.13,0.43,0.01,0.01,0.41,0.0,0.22,0.0,0.0,0.15,0.0,0.0,0.0,0.0,0.0,1.0,0.0,0.0,0.0,1.0,0.0,0.0,0.0,0.0,0.0,0.0,0.0,1.0,0.20201486395959575,17.504570831642805,18.916923639957815
8931,357.2,0.98,1,0.036,0.287,0.015,-0.044,-0.043,0.0,0.0,0.0,0.03,0.0,2.43,0.0,0.11,0.45,0.01,0.01,0.42,0.0,0.19,0.0,0.0,0.01,0.0,0.0,0.0,0.0,0.0,1.0,0.0,0.0,1.0,1.0,0.0,0.0,0.0,0.0,0.0,0.0,0.0,0.0,0.2055003991683787,18.50108104949546,19.206509313251114
8932,357.24,0.98,1,0.04,0.279,0.017,-0.044,-0.041,0.0,0.0,0.0,0.04,0.0,2.39,0.0,0.09,0.45,0.0,0.0,0.38,0.0,0.16,0.0,0.0,0.0,0.0,0.0,0.0,0.0,0.0,1.0,0.0,0.0,1.0,1.0,0.0,0.0,0.0,0.0,0.0,0.0,0.0,0.0,0.20758184708841904,19.30103624161144,20.00399960007998
8933,357.28,0.98,1,0.038,0.27,0.013,-0.04,-0.039,0.02,0.0,0.0,0.04,0.0,2.22,0.0,0.08,0.47,0.0,0.0,0.36,0.0,0.19,0.0,0.0,0.0,0.0,0.0,0.0,0.0,0.0,1.0,0.0,0.0,1.0,1.0,0.0,0.0,0.0,0.0,0.0,0.0,0.0,0.0,0.21133881956937486,19.200000000000045,20.40882162203403
8934,357.32,0.98,1,0.034,0.272,0.011,-0.042,-0.035,0.03,0.0,0.0,0.01,0.0,1.89,0.0,0.15,0.44,0.0,0.0,0.34,0.0,0.22,0.0,0.0,0.0,0.0,0.0,0.0,0.0,0.0,1.0,0.0,0.0,1.0,1.0,0.0,0.0,0.0,0.0,0.0,0.0,0.0,0.0,0.21083495672619776,19.601020381602723,20.40612653102013
8935,357.36,0.98,1,0.024,0.273,0.008,-0.046,-0.031,0.03,0.0,0.0,0.0,0.0,1.82,0.0,0.16,0.48,0.0,0.0,0.36,0.0,0.29,0.0,0.0,0.0,0.0,0.0,0.0,0.0,0.0,1.0,0.0,0.0,1.0,1.0,0.0,0.0,0.0,0.0,0.0,0.0,0.0,0.0,0.21283170305794524,19.706344156133902,20.50219500443794
8936,357.4,0.98,1,0.023,0.273,0.007,-0.044,-0.031,0.01,0.0,0.0,0.0,0.0,1.97,0.0,0.26,0.48,0.0,0.0,0.36,0.0,0.34,0.0,0.0,0.0,0.0,0.0,0.0,0.0,0.0,1.0,0.0,0.0,1.0,1.0,0.0,0.0,0.0,0.0,0.0,0.0,0.0,0.0,0.2134666113784801,20.00399960007998,20.702173798903388
8937,357.44,0.98,1,0.027,0.27,0.008,-0.045,-0.032,0.0,0.0,0.0,0.0,0.0,2.12,0.0,0.3,0.49,0.0,0.0,0.3,0.0,0.34,0.0,0.0,0.0,0.0,0.0,0.0,0.0,0.0,1.0,0.0,0.0,1.0,1.0,0.0,0.0,0.0,0.0,0.0,0.0,0.0,0.0,0.21128590485607784,19.80227259685128,19.902261178067043
8938,357.48,0.98,1,0.023,0.275,0.008,-0.044,-0.03,0.0,0.0,0.0,0.01,0.0,1.99,0.0,0.35,0.45,0.0,0.0,0.27,0.0,0.33,0.0,0.0,0.0,0.0,0.0,0.0,0.0,0.0,1.0,0.0,0.0,1.0,1.0,0.0,0.0,0.0,0.0,0.0,0.0,0.0,0.0,0.20655005587474376,19.704060495238075,19.902261178067043
8939,357.52,0.98,1,0.026,0.274,0.015,-0.046,-0.029,0.0,0.0,0.0,0.01,0.0,1.88,0.0,0.3,0.41,0.0,0.0,0.15,0.0,0.25,0.0,0.04,0.0,0.0,0.0,0.0,0.0,0.0,1.0,0.0,0.0,1.0,1.0,0.0,0.0,0.0,0.0,0.0,0.0,0.0,0.0,0.21242692041117617,19.90100499974822,20.10397970552113
8940,357.56,0.98,1,0.031,0.278,0.018,-0.046,-0.029,0.0,0.0,0.0,0.01,0.0,1.82,0.0,0.2,0.4,0.0,0.0,0.13,0.0,0.22,0.0,0.2,0.0,0.0,0.0,0.0,0.0,0.0,1.0,0.0,0.0,1.0,1.0,0.0,0.0,0.0,0.0,0.0,0.0,0.0,0.0,0.22160256923457186,19.701015202268177,20.012246250733575
8941,357.6,0.98,1,0.03,0.288,0.025,-0.047,-0.032,0.0,0.0,0.0,0.0,0.0,1.97,0.0,0.24,0.38,0.0,0.0,0.03,0.0,0.12,0.03,0.41,0.0,0.0,0.0,0.0,0.0,0.0,1.0,0.0,0.0,1.0,1.0,0.0,0.0,0.0,0.0,0.0,0.0,0.0,0.0,0.21548870121178038,20.0,20.519746587129188
8942,357.64,0.98,1,0.034,0.284,0.018,-0.046,-0.034,0.0,0.0,0.0,0.0,0.0,2.21,0.0,0.25,0.36,0.0,0.0,0.03,0.0,0.07,0.17,0.61,0.0,0.0,0.0,0.0,0.0,0.0,1.0,0.0,0.0,1.0,1.0,0.0,0.0,0.0,0.0,0.0,0.0,0.0,0.0,0.21348284977516224,20.100248754679537,20.40882162203403
8943,357.68,0.98,1,0.04,0.297,0.02,-0.051,-0.034,0.0,0.0,0.0,0.0,0.0,2.48,0.0,0.34,0.33,0.0,0.0,0.0,0.0,0.01,0.32,0.68,0.0,0.0,0.0,0.0,0.0,0.0,1.0,0.0,0.0,1.0,1.0,0.0,0.0,0.0,0.0,0.0,0.0,0.0,0.0,0.21128947272263776,19.801010075246115,19.90904317138329
8944,357.72,0.98,1,0.037,0.284,0.02,-0.043,-0.038,0.0,0.0,0.0,0.0,0.0,2.57,0.0,0.33,0.37,0.0,0.01,0.0,0.0,0.0,0.44,0.69,0.0,1.0,1.0,0.0,0.0,0.0,1.0,0.0,0.0,1.0,1.0,0.0,0.0,0.0,0.0,0.0,0.0,0.0,0.0,0.2068181854177406,20.300985197768068,20.20222759994555
8945,357.76,0.98,1,0.047,0.288,0.023,-0.048,-0.039,0.05,0.0,0.0,0.0,0.0,2.05,0.0,0.34,0.43,0.0,0.06,0.0,0.0,0.0,0.46,0.71,0.23,1.0,1.0,0.0,0.0,0.0,1.0,0.0,0.0,1.0,1.0,0.0,0.0,0.0,0.0,0.0,0.0,0.0,0.0,0.211882183849266,20.102238681301053,19.81615502563497
8946,357.8,0.98,1,0.033,0.291,0.019,-0.055,-0.039,0.3,0.03,0.0,0.0,0.0,1.33,0.0,0.32,0.48,0.0,0.19,0.0,0.0,0.0,0.48,0.72,0.83,1.0,1.0,0.0,0.0,0.0,1.0,0.0,0.0,1.0,1.0,0.0,0.0,0.0,0.0,0.0,0.0,0.0,1.0,0.22319754814174464,17.72822608159095,17.141761869772903
8947,357.84,0.98,1,0.05,0.384,0.003,-0.072,-0.034,0.6,0.03,0.0,0.0,0.0,0.89,0.0,0.28,0.47,0.0,0.18,0.02,0.0,0.0,0.47,0.63,1.46,1.0,1.0,0.0,0.0,0.0,1.0,0.0,0.0,1.0,1.0,0.0,0.0,0.0,0.0,0.0,0.0,0.0,1.0,0.17140586249144524,16.574679484080615,21.44621178670019
8948,357.88,0.98,1,0.029,0.387,0.007,-0.064,-0.037,0.65,0.03,0.0,0.0,0.0,0.88,0.0,0.24,0.47,0.0,0.13,0.09,0.0,0.0,0.46,0.6,1.61,1.0,1.0,0.0,0.0,0.0,0.0,0.0,0.0,1.0,1.0,0.0,0.0,0.0,0.0,0.0,0.0,0.0,1.0,0.1763934794526188,16.100931650062982,19.782062582046436
8949,357.92,0.98,1,0.035,0.328,0.007,-0.054,-0.04,0.47,0.01,0.0,0.09,0.0,1.19,0.0,0.21,0.46,0.0,0.0,0.13,0.0,0.0,0.35,0.51,1.27,1.0,1.0,0.0,0.0,0.0,0.0,0.0,0.0,1.0,1.0,0.0,0.0,0.0,0.0,0.0,0.0,0.0,1.0,0.1870887689231609,18.951780918953325,20.640009689920202
8950,357.96,0.98,1,-0.006,0.288,0.01,-0.053,-0.04,0.16,0.0,0.0,0.09,0.0,1.42,0.0,0.19,0.49,0.0,0.0,0.17,0.0,0.0,0.32,0.53,0.75,1.0,1.0,0.0,0.0,0.0,1.0,0.0,0.0,1.0,1.0,0.0,0.0,0.0,0.0,0.0,0.0,0.0,1.0,0.18555282785505406,17.149344010777703,17.672577627499756
8951,358.0,0.98,1,-0.0,0.285,0.011,-0.045,-0.041,0.06,0.0,0.0,0.12,0.0,1.68,0.0,0.16,0.52,0.0,0.0,0.15,0.0,0.0,0.27,0.49,0.45,0.0,1.0,0.0,0.0,0.0,1.0,0.0,0.0,1.0,1.0,0.0,0.0,0.0,0.0,0.0,0.0,0.0,1.0,0.1796611860245008,17.70706073858656,17.149344010777696
8952,358.04,0.98,1,0.018,0.282,0.016,-0.046,-0.041,0.0,0.0,0.0,0.03,0.0,1.88,0.0,0.13,0.5,0.0,0.0,0.15,0.0,0.0,0.33,0.52,0.2,0.0,1.0,0.0,0.0,0.0,1.0,0.0,0.0,1.0,1.0,0.0,0.0,0.0,0.0,0.0,0.0,0.0,1.0,0.1857522703552926,18.85974549138981,17.828067758453198
8953,358.08,0.98,1,0.008,0.275,0.018,-0.043,-0.041,0.0,0.0,0.0,0.03,0.0,2.01,0.0,0.14,0.5,0.0,0.0,0.18,0.0,0.0,0.4,0.54,0.08,0.0,0.0,0.0,0.0,0.0,1.0,0.0,0.0,1.0,1.0,0.0,0.0,0.0,0.0,0.0,0.0,0.0,0.0,0.19459116835737428,18.959430371190045,18.027756377319946
8954,358.12,0.98,1,0.008,0.266,0.018,-0.047,-0.04,0.0,0.0,0.0,0.0,0.0,2.05,0.0,0.2,0.49,0.0,0.04,0.2,0.0,0.0,0.41,0.56,0.0,0.0,0.0,0.0,0.0,0.0,1.0,0.0,0.0,1.0,1.0,0.0,0.0,0.0,0.0,0.0,0.0,0.0,0.0,0.21316302923161423,19.044421755464246,18.709623192357498
8955,358.16,0.98,1,0.006,0.273,0.019,-0.044,-0.037,0.0,0.0,0.0,0.04,0.0,2.1,0.0,0.24,0.46,0.0,0.06,0.24,0.0,0.0,0.43,0.65,0.0,0.0,0.0,0.0,0.0,0.0,1.0,0.0,0.0,1.0,1.0,0.0,0.0,0.0,0.0,0.0,0.0,0.0,0.0,0.21000525287739558,19.343732835210428,19.104188022525232
8956,358.2,0.98,1,0.014,0.278,0.021,-0.043,-0.033,0.0,0.0,0.0,0.06,0.0,2.12,0.0,0.19,0.45,0.03,0.06,0.31,0.0,0.03,0.37,0.77,0.0,0.0,0.0,0.0,0.0,0.0,1.0,0.0,0.0,1.0,1.0,0.0,0.0,0.0,0.0,0.0,0.0,0.0,0.0,0.20492791013805176,19.730686759461815,18.9129585205489
8957,358.24,0.98,1,0.042,0.28,0.022,-0.05,-0.029,0.0,0.0,0.0,0.06,0.0,2.23,0.0,0.15,0.48,0.22,0.02,0.48,0.09,0.13,0.36,0.89,0.0,0.0,0.0,0.0,0.0,0.0,1.0,0.0,0.0,1.0,1.0,0.0,0.0,0.0,0.0,0.0,0.0,0.0,0.0,0.2107102218603646,18.200274723201343,20.100248754679537
8958,358.28,0.98,1,0.03,0.296,0.028,-0.054,-0.025,0.0,0.0,0.0,0.03,0.03,2.28,0.0,0.13,0.56,0.52,0.0,0.7,0.14,0.29,0.23,0.9,0.0,0.0,0.0,0.0,0.0,0.0,1.0,0.0,0.0,1.0,1.0,0.0,0.0,0.0,0.0,0.0,0.0,0.0,0.0,0.20199016133158723,19.802272596851054,21.01523257068548
8959,358.32,0.98,1,0.039,0.299,0.04,-0.045,-0.03,0.0,0.0,0.0,0.0,0.11,2.41,0.0,0.21,0.6,0.87,0.0,0.86,0.28,0.36,0.12,0.74,0.0,0.0,0.0,0.0,0.0,1.0,1.0,0.0,0.0,0.0,1.0,0.0,0.0,0.0,0.0,0.0,0.0,0.0,0.0,0.19326530994056712,19.40025773024687,20.806008747475033
8960,358.36,0.98,1,0.036,0.303,0.043,-0.048,-0.033,0.0,0.0,0.0,0.0,0.12,2.45,0.0,0.25,0.61,1.07,0.0,0.99,0.28,0.46,0.02,0.49,0.0,0.0,0.0,0.0,0.0,1.0,1.0,0.0,0.0,1.0,1.0,0.0,1.0,0.0,0.0,0.0,0.0,0.0,0.0,0.2026605444079016,20.500975586542218,21.20377324911776
8961,358.4,0.98,1,0.032,0.3,0.037,-0.05,-0.031,0.0,0.0,0.0,0.0,0.1,2.27,0.0,0.28,0.55,1.19,0.0,1.1,0.24,0.51,0.0,0.42,0.0,0.0,0.0,0.0,0.0,1.0,1.0,0.0,0.0,0.0,1.0,0.0,1.0,0.0,0.0,0.0,0.0,0.0,0.0,0.2029172536633665,19.90401969452411,20.811775512915716
8962,358.44,0.98,1,0.031,0.3,0.034,-0.051,-0.028,0.0,0.0,0.0,0.0,0.02,2.11,0.0,0.28,0.51,1.13,0.03,1.02,0.13,0.63,0.0,0.53,0.0,0.0,0.0,0.0,0.0,1.0,1.0,0.0,0.0,0.0,1.0,0.0,1.0,0.0,0.0,0.0,0.0,0.0,0.0,0.2048850823234804,20.40220576310303,20.715453169071683
8963,358.48,0.98,1,0.027,0.306,0.041,-0.054,-0.03,0.0,0.0,0.0,0.0,0.0,1.99,0.0,0.18,0.38,0.97,0.03,0.87,0.06,0.6,0.0,0.56,0.0,0.0,0.0,0.0,0.0,0.0,1.0,0.0,0.0,0.0,1.0,0.0,1.0,0.0,0.0,0.0,0.0,0.0,0.0,0.1999944687532877,20.10099500024803,21.323461257497527
8964,358.52,0.98,1,0.03,0.315,0.046,-0.047,-0.034,0.0,0.0,0.0,0.0,0.0,2.04,0.0,0.09,0.26,0.73,0.03,0.65,0.07,0.62,0.0,0.6,0.0,0.0,0.0,0.0,0.0,0.0,1.0,0.0,0.0,0.0,1.0,0.0,1.0,0.0,0.0,0.0,0.0,0.0,0.0,0.19626860791171893,19.701015202267946,21.428252378577074
8965,358.56,0.98,1,0.026,0.312,0.047,-0.042,-0.034,0.0,0.0,0.0,0.0,0.0,2.05,0.0,0.0,0.15,0.55,0.0,0.6,0.04,0.55,0.0,0.51,0.0,0.0,0.0,0.0,0.0,0.0,1.0,0.0,0.0,0.0,1.0,0.0,0.0,0.0,0.0,0.0,1.0,0.0,0.0,0.20203634878841598,19.40025773024687,21.93855054464638
8966,358.6,0.98,1,0.03,0.316,0.054,-0.04,-0.035,0.0,0.0,0.0,0.0,0.0,2.26,0.0,0.0,0.12,0.47,0.05,0.52,0.02,0.53,0.0,0.58,0.0,1.0,0.0,0.0,0.0,0.0,1.0,0.0,0.0,0.0,1.0,0.0,0.0,0.0,0.0,0.0,1.0,0.0,0.0,0.20255597629761324,19.50102561405425,22.2272355456094
8967,358.64,0.98,1,0.032,0.313,0.049,-0.04,-0.031,0.0,0.0,0.0,0.0,0.0,2.46,0.0,0.01,0.12,0.51,0.09,0.53,0.0,0.44,0.0,0.56,0.0,1.0,0.0,0.0,0.0,0.0,1.0,0.0,0.0,0.0,1.0,0.0,0.0,0.0,0.0,0.0,1.0,0.0,0.0,0.20221485635834813,19.30233146539553,21.52812114421507
8968,358.68,0.98,1,0.026,0.314,0.046,-0.041,-0.028,0.02,0.0,0.0,0.02,0.0,2.62,0.0,0.06,0.14,0.59,0.1,0.51,0.02,0.38,0.0,0.59,0.0,1.0,0.0,0.0,0.0,0.0,1.0,0.0,0.0,0.0,1.0,0.0,0.0,0.0,0.0,0.0,1.0,0.0,0.0,0.20218513545217734,19.604081207748692,21.718655575334353
8969,358.72,0.98,1,0.028,0.307,0.047,-0.051,-0.025,0.02,0.0,0.0,0.02,0.0,2.57,0.0,0.11,0.19,0.55,0.11,0.59,0.03,0.42,0.0,0.52,0.0,1.0,0.0,0.0,0.0,0.0,1.0,0.0,0.0,0.0,1.0,0.0,0.0,0.0,0.0,0.0,0.0,0.0,0.0,0.2218394105541289,20.103979705520903,22.114474897677223
8970,358.76,0.98,1,0.023,0.309,0.046,-0.053,-0.023,0.02,0.0,0.0,0.02,0.0,2.45,0.0,0.21,0.22,0.45,0.09,0.66,0.11,0.43,0.0,0.45,0.0,0.0,0.0,0.0,0.0,0.0,1.0,0.0,0.0,0.0,1.0,0.0,0.0,0.0,0.0,0.0,0.0,0.0,0.0,0.21561390321220536,20.408821622033802,22.11831820008013
8971,358.8,0.98,1,0.028,0.304,0.039,-0.053,-0.023,0.0,0.0,0.0,0.0,0.0,2.27,0.0,0.25,0.21,0.29,0.12,0.67,0.13,0.46,0.0,0.31,0.0,0.0,0.0,0.0,0.0,0.0,1.0,0.0,0.0,0.0,1.0,0.0,0.0,0.0,0.0,0.0,0.0,0.0,0.0,0.21004392118715426,19.904019694523882,21.818570072303043
8972,358.84,0.98,1,0.031,0.307,0.046,-0.057,-0.025,0.0,0.0,0.0,0.0,0.0,2.06,0.0,0.3,0.24,0.33,0.06,0.67,0.13,0.42,0.0,0.21,0.0,0.0,0.0,0.0,0.0,0.0,1.0,0.0,0.0,0.0,1.0,0.0,0.0,0.0,0.0,0.0,0.0,0.0,0.0,0.20846979722948866,20.50877860819605,21.92281916177762
8973,358.88,0.98,1,0.039,0.297,0.034,-0.048,-0.026,0.0,0.0,0.0,0.06,0.0,2.03,0.0,0.27,0.27,0.32,0.07,0.59,0.14,0.39,0.0,0.18,0.0,0.0,0.0,0.0,0.0,0.0,1.0,0.0,0.0,0.0,1.0,0.0,0.0,0.0,0.0,0.0,0.0,0.0,0.0,0.20386825506730705,19.801010075246115,21.927608168698978
8974,358.92,0.98,1,0.033,0.3,0.043,-0.057,-0.03,0.0,0.0,0.0,0.18,0.0,2.14,0.0,0.26,0.31,0.38,0.03,0.57,0.15,0.36,0.0,0.18,0.0,0.0,0.0,0.0,0.0,0.0,1.0,0.0,0.0,0.0,1.0,0.0,0.0,0.0,0.0,0.0,0.0,0.0,0.0,0.2152989195928593,20.20618717126024,22.0111335464578
8975,358.96,0.98,1,0.044,0.277,0.034,-0.047,-0.033,0.0,0.0,0.0,0.18,0.0,2.15,0.0,0.18,0.32,0.34,0.03,0.56,0.23,0.38,0.0,0.15,0.0,0.0,0.0,0.0,0.0,0.0,1.0,0.0,0.0,0.0,1.0,0.0,0.0,0.0,0.0,0.0,0.0,0.0,0.0,0.20696231865557535,19.401030900444304,21.00380917833715
8976,359.0,0.98,1,0.036,0.27,0.037,-0.05,-0.036,0.0,0.0,0.0,0.12,0.0,2.09,0.0,0.1,0.32,0.35,0.0,0.55,0.18,0.4,0.0,0.06,0.0,0.0,0.0,0.0,0.0,0.0,1.0,0.0,0.0,0.0,1.0,0.0,0.0,0.0,0.0,0.0,0.0,0.0,0.0,0.20035754664438055,19.100261778310927,20.406126531019904
8977,359.04,0.98,1,0.048,0.252,0.037,-0.046,-0.037,0.0,0.0,0.0,0.0,0.0,2.03,0.0,0.07,0.35,0.35,0.0,0.64,0.18,0.48,0.0,0.0,0.0,0.0,0.0,0.0,0.0,0.0,1.0,0.0,0.0,0.0,1.0,0.0,0.0,0.0,0.0,0.0,0.0,0.0,0.0,0.19954682794759093,18.702406262296655,20.511947737842938
8978,359.08,0.98,1,0.036,0.254,0.035,-0.046,-0.037,0.0,0.0,0.0,0.0,0.0,2.01,0.0,0.12,0.41,0.46,0.0,0.66,0.15,0.54,0.0,0.05,0.0,0.0,0.0,0.0,0.0,0.0,1.0,0.0,0.0,0.0,1.0,0.0,0.0,0.0,0.0,0.0,0.0,0.0,0.0,0.2039335293452933,19.302331465395525,19.90401969452411
8979,359.12,0.98,1,0.043,0.26,0.04,-0.051,-0.035,0.0,0.0,0.0,0.0,0.0,2.01,0.0,0.14,0.51,0.61,0.0,0.81,0.11,0.65,0.0,0.05,0.0,0.0,0.0,0.0,0.0,0.0,1.0,0.0,0.0,1.0,1.0,0.0,0.0,0.0,0.0,0.0,0.0,0.0,0.0,0.19695976833225684,19.200260414900445,20.90598000573028
8980,359.16,0.98,1,0.049,0.252,0.042,-0.05,-0.034,0.0,0.0,0.0,0.0,0.0,1.99,0.0,0.22,0.66,0.73,0.0,0.86,0.08,0.68,0.0,0.05,0.0,0.0,0.0,0.0,0.0,0.0,1.0,0.0,0.0,1.0,1.0,0.0,0.0,0.0,0.0,0.0,0.0,0.0,0.0,0.20270325213255402,19.101047091717387,20.006249023742555
8981,359.2,0.98,1,0.024,0.277,0.037,-0.06,-0.034,0.2,0.0,0.0,0.0,0.0,1.56,0.0,0.28,0.77,0.83,0.0,0.84,0.13,0.46,0.0,0.0,0.54,1.0,0.0,0.0,0.0,0.0,1.0,0.0,0.0,1.0,1.0,0.0,0.0,0.0,0.0,0.0,0.0,0.0,0.0,0.18968214549152607,18.01776900728833,19.643064933965785
8982,359.24,0.98,1,0.046,0.382,0.039,-0.071,-0.034,0.36,0.0,0.0,0.0,0.0,1.05,0.0,0.42,0.88,1.01,0.0,0.71,0.22,0.21,0.0,0.0,1.31,1.0,0.0,0.0,0.0,0.0,1.0,0.0,0.0,1.0,1.0,0.0,0.0,0.0,0.0,0.0,0.0,0.0,1.0,0.1849220178243777,16.236378906640397,20.398284241572824
8983,359.28,0.98,1,0.013,0.406,0.041,-0.076,-0.036,0.43,0.0,0.0,0.0,0.0,0.73,0.0,0.5,0.9,1.2,0.03,0.65,0.19,0.0,0.0,0.0,1.89,1.0,0.0,0.0,0.0,0.0,1.0,0.0,0.0,1.0,1.0,0.0,1.0,0.0,0.0,0.0,0.0,0.0,1.0,0.16866392140033537,17.031735084834963,20.09975124224178
8984,359.32,0.98,1,0.031,0.375,0.032,-0.069,-0.037,0.28,0.0,0.0,0.0,0.0,1.08,0.0,0.49,0.88,1.26,0.03,0.84,0.1,0.06,0.0,0.0,1.57,1.0,0.0,0.0,0.0,0.0,1.0,0.0,0.0,1.0,1.0,0.0,1.0,0.0,0.0,0.0,0.0,0.0,1.0,0.17312090310669964,19.215098230298103,20.4792577990513
8985,359.36,0.98,1,0.049,0.319,0.035,-0.067,-0.042,0.12,0.0,0.0,0.0,0.0,1.5,0.0,0.5,0.84,1.29,0.03,0.95,0.02,0.13,0.0,0.0,0.98,1.0,0.0,0.0,0.0,0.0,1.0,0.0,0.0,1.0,1.0,0.0,0.0,0.0,0.0,0.0,0.0,0.0,1.0,0.18075707933894086,17.24905794529085,20.308865059377442
8986,359.4,0.98,1,0.056,0.315,0.043,-0.072,-0.043,0.05,0.0,0.0,0.0,0.02,1.65,0.0,0.53,0.84,1.28,0.0,1.01,0.02,0.23,0.0,0.0,0.43,1.0,0.0,0.0,0.0,0.0,1.0,0.0,0.0,1.0,1.0,0.0,0.0,0.0,0.0,0.0,0.0,0.0,1.0,0.1687306165101944,16.337074401495464,17.46453549339355
8987,359.44,0.98,1,0.044,0.316,0.049,-0.073,-0.043,0.0,0.0,0.0,0.0,0.02,1.71,0.0,0.52,0.87,1.3,0.0,0.87,0.0,0.26,0.0,0.0,0.2,1.0,0.0,0.0,0.0,0.0,1.0,0.0,0.0,1.0,1.0,0.0,0.0,0.0,0.0,0.0,0.0,0.0,1.0,0.17388701950743018,16.107762104029135,17.44133022449822
8988,359.48,0.98,1,0.062,0.306,0.048,-0.077,-0.042,0.0,0.0,0.0,0.0,0.02,1.72,0.0,0.47,0.84,1.23,0.0,0.83,0.0,0.29,0.0,0.0,0.02,1.0,0.0,0.0,0.0,0.0,1.0,0.0,0.0,1.0,1.0,0.0,1.0,0.0,0.0,0.0,0.0,0.0,0.0,0.19108927082299926,16.600301202086573,18.538878067455965
8989,359.52,0.98,1,0.058,0.302,0.047,-0.077,-0.043,0.0,0.0,0.0,0.0,0.0,1.84,0.0,0.39,0.82,1.24,0.05,0.71,0.01,0.33,0.0,0.0,0.0,1.0,0.0,0.0,0.0,0.0,1.0,0.0,0.0,1.0,1.0,0.0,1.0,0.0,0.0,0.0,0.0,0.0,0.0,0.19604517326960552,17.30462365958874,19.250974001333077
8990,359.56,0.98,1,0.059,0.288,0.043,-0.076,-0.041,0.03,0.0,0.0,0.0,0.0,1.94,0.0,0.34,0.77,1.18,0.05,0.71,0.03,0.41,0.0,0.0,0.0,1.0,0.0,0.0,0.0,0.0,1.0,0.0,0.0,1.0,1.0,0.0,0.0,0.0,0.0,0.0,0.0,0.0,0.0,0.2036336957409857,17.507141400011598,19.53100099841275
8991,359.6,0.98,1,0.056,0.286,0.042,-0.07,-0.041,0.03,0.0,0.0,0.0,0.0,2.05,0.0,0.38,0.79,1.04,0.05,0.75,0.06,0.47,0.0,0.0,0.0,1.0,0.0,0.0,0.0,0.0,1.0,0.0,0.0,1.0,1.0,0.0,0.0,0.0,0.0,0.0,0.0,0.0,0.0,0.20753210696035768,18.006943105369107,19.504102132628407
8992,359.64,0.98,1,0.053,0.289,0.035,-0.072,-0.04,0.03,0.0,0.0,0.0,0.0,2.08,0.0,0.3,0.8,0.81,0.0,0.75,0.05,0.49,0.0,0.0,0.0,1.0,0.0,0.0,0.0,0.0,1.0,0.0,0.0,1.0,1.0,0.0,0.0,0.0,0.0,0.0,0.0,0.0,0.0,0.20835940237989925,18.106904760339265,19.609181522950042
8993,359.68,0.98,1,0.057,0.286,0.037,-0.073,-0.039,0.0,0.0,0.0,0.0,0.0,2.14,0.0,0.4,0.8,0.77,0.01,0.79,0.03,0.51,0.0,0.0,0.0,1.0,0.0,0.0,0.0,0.0,1.0,0.0,0.0,1.0,1.0,0.0,0.0,0.0,0.0,0.0,0.0,0.0,0.0,0.2133675680569949,18.204395073717592,20.30886505937735
8994,359.72,0.98,1,0.054,0.284,0.039,-0.071,-0.039,0.0,0.0,0.0,0.0,0.0,2.15,0.0,0.29,0.81,0.76,0.01,0.81,0.0,0.52,0.0,0.0,0.0,1.0,0.0,0.0,0.0,0.0,1.0,0.0,0.0,1.0,1.0,0.0,1.0,0.0,0.0,0.0,0.0,0.0,0.0,0.21686561814623773,19.1002617783107,20.615528128088215
8995,359.76,0.98,1,0.052,0.289,0.039,-0.074,-0.04,0.0,0.0,0.0,0.0,0.0,2.09,0.0,0.36,0.78,0.8,0.01,0.83,0.05,0.53,0.0,0.0,0.0,0.0,0.0,0.0,0.0,0.0,1.0,0.0,0.0,1.0,1.0,0.0,1.0,0.0,0.0,0.0,0.0,0.0,0.0,0.213311230570719,19.602295783912567,20.724140512938092
8996,359.8,0.98,1,0.05,0.285,0.035,-0.068,-0.042,0.0,0.0,0.0,0.0,0.0,1.98,0.0,0.31,0.75,0.82,0.11,0.87,0.05,0.59,0.0,0.0,0.0,0.0,0.0,0.0,0.0,0.0,1.0,0.0,0.0,1.0,1.0,0.0,1.0,0.0,0.0,0.0,0.0,0.0,0.0,0.21265211556002006,19.70025380547169,20.51560381758236
8997,359.84,0.98,1,0.052,0.284,0.034,-0.079,-0.037,0.0,0.0,0.0,0.0,0.0,1.88,0.0,0.3,0.71,0.83,0.11,0.86,0.05,0.63,0.0,0.0,0.0,0.0,0.0,0.0,0.0,0.0,1.0,0.0,0.0,1.0,1.0,0.0,1.0,0.0,0.0,0.0,0.0,0.0,0.0,0.21292198628667208,20.100248754679537,20.915305400591304
8998,359.88,0.98,1,0.058,0.29,0.037,-0.083,-0.04,0.0,0.0,0.0,0.0,0.0,2.02,0.0,0.21,0.7,0.74,0.15,0.96,0.0,0.63,0.0,0.0,0.0,0.0,0.0,0.0,0.0,0.0,1.0,0.0,0.0,1.0,1.0,0.0,1.0,0.0,0.0,0.0,0.0,0.0,0.0,0.21360861435247464,20.103979705520903,20.611889772653203
8999,359.92,0.98,1,0.066,0.289,0.039,-0.081,-0.042,0.0,0.0,0.0,0.0,0.0,2.13,0.0,0.18,0.73,0.65,0.05,0.9,0.05,0.54,0.0,0.0,0.0,0.0,0.0,0.0,0.0,0.0,1.0,0.0,0.0,1.0,1.0,0.0,0.0,0.0,0.0,0.0,0.0,0.0,0.0,0.2159063478917392,20.10099500024826,20.908610666421485
9000,359.96,0.98,1,0.071,0.303,0.043,-0.088,-0.037,0.0,0.0,0.0,0.0,0.05,2.13,0.0,0.27,0.77,0.6,0.05,0.85,0.16,0.46,0.0,0.0,0.0,0.0,0.0,0.0,0.0,0.0,1.0,0.0,0.0,1.0,1.0,0.0,0.0,0.0,0.0,0.0,0.0,0.0,0.0,0.2126178413214848,19.906280415989414,20.719555979798226
9001,360.0,0.98,1,0.053,0.307,0.045,-0.089,-0.041,0.0,0.0,0.0,0.0,0.05,1.96,0.0,0.36,0.81,0.6,0.0,0.74,0.17,0.47,0.0,0.0,0.0,0.0,0.0,0.0,0.0,0.0,1.0,0.0,0.0,1.0,1.0,0.0,0.0,0.0,0.0,0.0,0.0,0.0,0.0,0.20403179720675,20.00099997500125,21.119185590358263
9002,360.04,0.98,1,0.049,0.31,0.042,-0.092,-0.04,0.0,0.0,0.0,0.0,0.05,1.63,0.0,0.41,0.84,0.62,0.0,0.73,0.11,0.49,0.0,0.0,0.0,0.0,0.0,0.0,0.0,0.0,1.0,0.0,0.0,1.0,1.0,0.0,0.0,0.0,0.0,0.0,0.0,0.0,0.0,0.21038070410622872,20.00399960007998,21.62313575779438
9003,360.08,0.98,1,0.028,0.297,0.051,-0.097,-0.044,0.0,0.0,0.0,0.0,0.0,1.6,0.0,0.4,0.84,0.64,0.04,0.78,0.01,0.6,0.0,0.0,0.0,0.0,0.0,0.0,0.0,0.0,1.0,0.0,0.0,1.0,1.0,0.0,0.0,0.0,0.0,0.0,0.0,0.0,0.0,0.22895679936939628,19.204166214652535,20.120139164528794
9004,360.12,0.98,1,0.025,0.295,0.057,-0.091,-0.044,0.0,0.0,0.0,0.05,0.0,1.78,0.0,0.29,0.82,0.68,0.06,0.83,0.0,0.64,0.0,0.0,0.0,0.0,0.0,0.0,0.0,0.0,1.0,0.0,0.0,1.0,1.0,0.0,0.0,0.0,0.0,0.0,0.0,0.0,0.0,0.22057635099130146,20.402205763103254,20.212125073826172
9005,360.16,0.98,1,0.011,0.304,0.062,-0.089,-0.046,0.0,0.0,0.0,0.08,0.0,1.93,0.0,0.27,0.73,0.6,0.09,0.78,0.0,0.68,0.0,0.0,0.0,0.0,0.0,0.0,0.0,0.0,0.0,0.0,0.0,1.0,1.0,0.0,0.0,0.0,0.0,0.0,0.0,0.0,0.0,0.21685790217375644,19.41262475813085,20.312065379965624
9006,360.2,0.98,1,0.016,0.304,0.066,-0.086,-0.048,0.0,0.0,0.0,0.13,0.0,2.06,0.0,0.15,0.62,0.63,0.05,0.75,0.0,0.69,0.0,0.0,0.0,0.0,0.0,0.0,0.0,0.0,0.0,0.0,0.0,0.0,1.0,0.0,0.0,0.0,0.0,0.0,0.0,0.0,0.0,0.22032078183398326,20.324615617521484,20.829066229670453
9007,360.24,0.98,1,0.02,0.305,0.076,-0.085,-0.049,0.0,0.0,0.0,0.07,0.0,1.95,0.0,0.12,0.47,0.73,0.04,0.73,0.07,0.74,0.0,0.08,0.0,0.0,0.0,0.0,0.0,0.0,0.0,0.0,0.0,0.0,1.0,0.0,0.0,0.0,0.0,0.0,0.0,0.0,0.0,0.23092832478777292,19.531000998412754,21.11918559035849
9008,360.28,0.98,1,0.011,0.315,0.088,-0.084,-0.045,0.0,0.0,0.0,0.05,0.0,1.91,0.0,0.1,0.34,0.76,0.0,0.82,0.11,0.84,0.0,0.25,0.0,0.0,0.0,0.0,0.0,0.0,0.0,0.0,0.0,0.0,1.0,0.0,1.0,0.0,0.0,0.0,1.0,0.0,0.0,0.2228824426834521,18.417383093154008,20.919369015340653
9009,360.32,0.98,1,0.014,0.311,0.086,-0.088,-0.04,0.01,0.0,0.0,0.0,0.0,1.73,0.0,0.1,0.27,0.71,0.0,0.87,0.26,0.85,0.0,0.5,0.15,0.0,0.0,0.0,0.0,0.0,0.0,0.0,0.0,0.0,1.0,0.0,1.0,0.0,0.0,0.0,1.0,0.0,0.0,0.22337695921442943,18.122361876974118,20.71183236703099
9010,360.36,0.98,1,0.015,0.322,0.083,-0.092,-0.033,0.25,0.12,0.0,0.0,0.0,1.14,0.0,0.08,0.3,0.81,0.0,0.95,0.31,0.7,0.0,0.6,0.56,1.0,1.0,0.0,0.0,0.0,0.0,0.0,0.0,0.0,1.0,0.0,1.0,0.0,0.0,0.0,1.0,0.0,1.0,0.22338009108722134,16.604818577750393,18.14634949514641
9011,360.4,0.98,1,0.051,0.405,0.065,-0.114,-0.023,0.44,0.12,0.0,0.0,0.0,0.68,0.0,0.05,0.36,1.04,0.0,0.98,0.59,0.5,0.0,0.65,1.09,1.0,1.0,0.0,0.0,0.0,0.0,0.0,0.0,0.0,1.0,0.0,1.0,0.0,0.0,0.0,1.0,0.0,1.0,0.1806316688652853,15.628499608087784,21.13669794457024
9012,360.44,0.98,1,0.054,0.42,0.064,-0.108,-0.018,0.63,0.25,0.0,0.0,0.0,0.31,0.0,0.12,0.41,1.21,0.0,1.07,0.59,0.43,0.0,0.48,1.39,1.0,1.0,0.0,0.0,0.0,0.0,0.0,0.0,0.0,1.0,0.0,1.0,0.0,0.0,0.0,1.0,0.0,1.0,0.16770568704633304,16.150541786577943,20.90574083834386
9013,360.48,0.98,1,0.074,0.39,0.055,-0.098,-0.018,0.53,0.12,0.01,0.0,0.0,0.56,0.0,0.2,0.49,1.23,0.0,1.16,0.7,0.55,0.0,0.44,1.19,1.0,1.0,0.0,0.0,0.0,0.0,0.0,0.0,0.0,1.0,0.0,1.0,0.0,0.0,0.0,1.0,0.0,1.0,0.17965536705550356,16.112417571550207,19.483326204732183
9014,360.52,0.98,1,0.073,0.328,0.065,-0.097,-0.021,0.37,0.12,0.01,0.0,0.01,1.2,0.0,0.31,0.62,1.27,0.0,1.32,0.63,0.76,0.0,0.36,0.7,1.0,1.0,0.0,0.0,0.0,0.0,0.0,0.0,0.0,1.0,0.0,1.0,0.0,0.0,0.0,1.0,0.0,1.0,0.19797898416316853,15.671949463930682,18.07097119692243
9015,360.56,0.98,1,0.088,0.347,0.074,-0.101,-0.021,0.17,0.0,0.01,0.0,0.01,1.63,0.0,0.36,0.74,1.41,0.0,1.42,0.62,0.88,0.0,0.46,0.26,1.0,0.0,0.0,0.0,0.0,0.0,0.0,0.0,0.0,1.0,0.0,1.0,0.0,0.0,0.0,1.0,0.0,1.0,0.1864028793305828,15.047923444781338,17.880995498014045
9016,360.6,0.98,1,0.093,0.354,0.085,-0.102,-0.022,0.03,0.0,0.0,0.0,0.01,1.8,0.0,0.45,0.76,1.46,0.0,1.46,0.63,0.85,0.0,0.44,0.05,1.0,0.0,0.0,0.0,0.0,0.0,0.0,0.0,0.0,1.0,0.0,1.0,0.0,0.0,0.0,1.0,0.0,0.0,0.19099767914418203,17.87176544161204,18.83825894290654
9017,360.64,0.98,1,0.104,0.339,0.08,-0.102,-0.022,0.0,0.0,0.0,0.0,0.03,1.52,0.0,0.42,0.78,1.58,0.0,1.44,0.55,0.77,0.0,0.49,0.0,1.0,0.0,0.0,0.0,0.0,0.0,0.0,0.0,0.0,1.0,0.0,1.0,0.0,0.0,0.0,1.0,0.0,0.0,0.20348495532277033,18.7216452268491,19.044421755464246
9018,360.68,0.98,1,0.105,0.344,0.084,-0.097,-0.024,0.0,0.0,0.0,0.06,0.03,1.48,0.0,0.32,0.8,1.53,0.0,1.39,0.56,0.71,0.0,0.45,0.0,1.0,0.0,0.0,0.0,0.0,0.0,0.0,0.0,0.0,1.0,0.0,1.0,0.0,0.0,0.0,1.0,0.0,0.0,0.20522315494210594,18.613167382259398,19.543285291884786
9019,360.72,0.98,1,0.102,0.342,0.087,-0.097,-0.025,0.0,0.0,0.0,0.06,0.05,1.61,0.0,0.23,0.82,1.43,0.0,1.29,0.43,0.78,0.0,0.48,0.0,1.0,0.0,0.0,0.0,0.0,0.0,0.0,0.0,0.0,1.0,0.0,1.0,0.0,0.0,0.0,0.0,0.0,0.0,0.21726279495220108,18.102486017119215,19.63670033381363
9020,360.76,0.98,1,0.102,0.333,0.08,-0.095,-0.025,0.03,0.0,0.0,0.08,0.05,1.93,0.0,0.12,0.82,1.35,0.0,1.27,0.42,0.78,0.0,0.45,0.0,1.0,0.0,0.0,0.0,0.0,0.0,0.0,0.0,0.0,1.0,0.0,1.0,0.0,0.0,0.0,0.0,0.0,0.0,0.21707292972799908,17.802527910383915,19.13765920900455
9021,360.8,0.98,1,0.103,0.343,0.087,-0.097,-0.027,0.03,0.0,0.0,0.02,0.05,1.93,0.0,0.16,0.84,1.4,0.0,1.27,0.43,0.73,0.0,0.46,0.0,1.0,0.0,0.0,0.0,0.0,0.0,0.0,0.0,1.0,1.0,0.0,1.0,0.0,0.0,0.0,0.0,0.0,0.0,0.22480293428246195,18.799999999999955,19.636700333813636
9022,360.84,0.98,1,0.109,0.353,0.092,-0.101,-0.029,0.03,0.0,0.0,0.02,0.03,1.91,0.0,0.09,0.9,1.57,0.0,1.41,0.58,0.63,0.0,0.37,0.0,1.0,0.0,0.0,0.0,0.0,0.0,0.0,0.0,1.0,1.0,0.0,1.0,0.0,0.0,0.0,0.0,1.0,0.0,0.21528153062250027,19.200260414900672,19.43116054176885
9023,360.88,0.98,1,0.105,0.36,0.099,-0.109,-0.03,0.0,0.0,0.0,0.07,0.02,1.72,0.0,0.15,0.96,1.59,0.0,1.42,0.65,0.54,0.0,0.35,0.0,1.0,0.0,0.0,0.0,0.0,0.0,0.0,0.0,1.0,1.0,0.0,1.0,0.0,0.0,0.0,0.0,0.0,0.0,0.22582273001843628,18.204395073717823,19.42575609854079
9024,360.92,0.98,1,0.111,0.363,0.097,-0.109,-0.033,0.0,0.0,0.0,0.07,0.04,1.66,0.0,0.19,0.95,1.62,0.0,1.45,0.66,0.6,0.0,0.22,0.0,1.0,0.0,0.0,0.0,0.0,0.0,0.0,0.0,1.0,1.0,0.0,1.0,0.0,0.0,0.0,0.0,0.0,0.0,0.22102646900102627,19.309324172533803,19.720547659738102
9025,360.96,0.98,1,0.11,0.358,0.092,-0.119,-0.029,0.0,0.0,0.0,0.07,0.08,1.72,0.0,0.31,0.9,1.55,0.0,1.36,0.65,0.52,0.17,0.29,0.0,1.0,0.0,0.0,0.0,0.0,0.0,0.0,0.0,1.0,1.0,0.0,1.0,0.0,0.0,0.0,0.0,0.0,0.0,0.22074070447083188,19.906280415989187,20.715453169071456
9026,361.0,0.98,1,0.1,0.362,0.091,-0.112,-0.027,0.0,0.0,0.0,0.11,0.09,1.88,0.0,0.32,0.87,1.5,0.0,1.25,0.71,0.57,0.24,0.33,0.0,1.0,0.0,0.0,0.0,0.0,0.0,0.0,0.0,1.0,1.0,0.0,1.0,0.0,0.0,0.0,1.0,0.0,0.0,0.22331533006184912,19.525624189766635,21.23982109152528
9027,361.04,0.98,1,0.094,0.367,0.107,-0.112,-0.026,0.0,0.0,0.0,0.18,0.12,2.23,0.0,0.31,0.95,1.34,0.0,1.04,0.78,0.46,0.42,0.53,0.0,1.0,0.0,0.0,0.0,0.0,0.0,0.0,0.0,1.0,1.0,0.0,1.0,0.0,0.0,0.0,1.0,0.0,0.0,0.21960421254705628,19.531000998412754,21.733154395991434
9028,361.08,0.98,1,0.096,0.372,0.116,-0.12,-0.026,0.0,0.0,0.0,0.31,0.16,2.29,0.0,0.31,1.01,1.34,0.0,0.91,0.74,0.49,0.47,0.56,0.0,1.0,0.0,0.0,0.0,0.0,0.0,0.0,0.0,1.0,1.0,0.0,0.0,0.0,0.0,0.0,1.0,1.0,0.0,0.22144181925080858,19.836330305779796,21.639085008382537
9029,361.12,0.98,1,0.098,0.36,0.113,-0.121,-0.022,0.02,0.0,0.0,0.3,0.17,2.44,0.0,0.32,0.92,1.26,0.0,0.69,0.68,0.45,0.39,0.51,0.0,1.0,0.0,0.0,0.0,0.0,0.0,0.0,0.0,1.0,1.0,0.0,0.0,0.0,0.0,0.0,1.0,1.0,0.0,0.22968084832638,19.237463450257497,21.439449619801213
9030,361.16,0.98,1,0.079,0.349,0.107,-0.107,-0.022,0.02,0.0,0.0,0.23,0.13,2.3,0.0,0.39,0.72,1.05,0.0,0.64,0.57,0.41,0.21,0.4,0.0,1.0,0.0,0.0,0.0,0.0,0.0,0.0,0.0,1.0,1.0,0.0,0.0,0.0,0.0,0.0,1.0,1.0,0.0,0.22589778277278255,19.331321734428773,21.323461257497755
9031,361.2,0.93,1,0.091,0.351,0.099,-0.11,-0.021,0.02,0.0,0.0,0.13,0.12,2.38,0.0,0.42,0.61,0.79,0.0,0.62,0.56,0.46,0.0,0.34,0.0,1.0,0.0,0.0,0.0,0.0,0.0,0.0,0.0,1.0,1.0,0.0,0.0,0.0,0.0,0.0,1.0,1.0,0.0,0.2337410330752709,19.812369873389656,21.418916872708436
9032,361.24,0.93,1,0.082,0.356,0.103,-0.109,-0.023,0.0,0.0,0.0,0.14,0.14,2.29,0.0,0.53,0.68,0.72,0.0,0.86,0.54,0.38,0.03,0.38,0.0,1.0,1.0,0.0,0.0,0.0,0.0,0.0,0.0,1.0,1.0,0.0,0.0,0.0,0.0,0.0,1.0,1.0,0.0,0.22930268693931394,19.406442229321776,21.046614929722068
9033,361.28,0.93,1,0.084,0.335,0.101,-0.12,-0.023,0.0,0.0,0.0,0.26,0.23,2.45,0.0,0.66,0.8,0.86,0.0,0.98,0.69,0.45,0.03,0.38,0.0,1.0,1.0,0.0,0.0,0.0,0.0,0.0,0.0,1.0,1.0,0.0,0.0,0.0,0.0,0.0,1.0,1.0,0.0,0.24008521868803584,19.6163197363829,20.424495097798488
9034,361.32,0.93,1,0.092,0.341,0.109,-0.124,-0.027,0.0,0.0,0.0,0.32,0.22,2.44,0.0,0.79,0.86,0.96,0.0,1.09,0.68,0.31,0.32,0.45,0.0,1.0,1.0,0.0,0.0,0.0,0.0,0.0,0.0,1.0,1.0,0.0,0.0,0.0,0.0,0.0,1.0,0.0,0.0,0.22542872648127704,20.09975124224178,21.93855054464638
9035,361.36,0.93,1,0.095,0.342,0.106,-0.131,-0.029,0.0,0.0,0.0,0.29,0.22,2.54,0.0,0.91,0.86,0.84,0.0,0.97,0.68,0.28,0.55,0.31,0.0,1.0,1.0,0.0,0.0,0.0,0.0,0.0,0.0,1.0,1.0,0.0,0.0,0.0,0.0,1.0,1.0,0.0,0.0,0.22372905730992793,20.28915966717208,21.718655575334356
9036,361.4,0.98,1,0.091,0.342,0.106,-0.131,-0.031,0.0,0.0,0.0,0.17,0.15,2.22,0.0,1.02,0.8,0.68,0.0,0.87,0.53,0.12,0.77,0.3,0.0,1.0,1.0,0.0,0.0,0.0,0.0,0.0,0.0,1.0,1.0,0.0,0.0,0.0,0.0,1.0,1.0,0.0,0.0,0.2224696672790164,20.09004728715191,21.215088969881833
9037,361.44,0.98,1,0.103,0.329,0.102,-0.136,-0.032,0.0,0.0,0.0,0.09,0.14,1.81,0.0,1.21,0.79,0.58,0.0,0.71,0.55,0.08,0.84,0.17,0.0,1.0,1.0,0.0,0.0,0.0,0.0,0.0,0.0,1.0,1.0,0.0,0.0,0.0,0.0,1.0,1.0,0.0,0.0,0.23745218328850273,20.408331631958507,21.319005605327796
9038,361.48,0.98,1,0.094,0.339,0.093,-0.132,-0.035,0.0,0.0,0.0,0.07,0.07,1.44,0.0,1.33,0.81,0.66,0.0,0.67,0.51,0.01,0.83,0.32,0.0,1.0,1.0,0.0,0.0,0.0,0.0,0.0,0.0,1.0,1.0,0.0,0.0,0.0,0.0,1.0,1.0,0.0,0.0,0.2255037433223948,20.50780339285499,21.922819161777394
9039,361.52,0.98,1,0.12,0.31,0.102,-0.142,-0.036,0.0,0.0,0.0,0.14,0.04,1.64,0.0,1.37,0.89,0.82,0.0,0.72,0.59,0.0,0.81,0.29,0.0,1.0,0.0,0.0,0.0,0.0,0.0,0.0,0.0,1.0,1.0,0.0,0.0,0.0,0.0,1.0,1.0,0.0,0.0,0.2666846038701255,19.20442657305853,21.700000000000045
9040,361.56,0.98,1,0.111,0.331,0.097,-0.135,-0.036,0.0,0.0,0.0,0.17,0.01,2.07,0.0,1.21,0.97,1.0,0.0,0.75,0.56,0.0,0.7,0.29,0.0,1.0,1.0,0.0,0.0,0.0,0.0,0.0,0.0,1.0,1.0,0.0,0.0,0.0,0.0,1.0,0.0,0.0,0.0,0.23055960336913428,17.734147850968245,22.032702966272662
9041,361.6,0.98,1,0.127,0.319,0.098,-0.137,-0.039,0.0,0.0,0.0,0.12,0.07,2.31,0.0,1.08,1.01,1.18,0.0,0.81,0.53,0.0,0.63,0.14,0.0,1.0,0.0,0.0,0.0,0.0,0.0,0.0,0.0,1.0,1.0,0.0,0.0,0.0,0.0,1.0,0.0,0.0,0.0,0.2605753084925807,18.039955654047493,21.8146739604331
9042,361.64,0.98,1,0.101,0.331,0.095,-0.118,-0.045,0.0,0.0,0.0,0.15,0.09,2.07,0.0,0.97,1.03,1.23,0.0,0.81,0.5,0.0,0.66,0.05,0.0,1.0,0.0,0.0,0.0,0.0,0.0,0.0,0.0,1.0,1.0,0.0,0.0,0.0,0.0,1.0,0.0,0.0,0.0,0.22781182461769106,19.284190415985663,22.132555207205428
9043,361.68,0.98,1,0.116,0.327,0.093,-0.121,-0.047,0.0,0.0,0.0,0.18,0.12,2.11,0.0,1.03,1.06,1.31,0.0,0.83,0.55,0.0,0.53,0.01,0.0,1.0,0.0,0.0,0.0,0.0,1.0,0.0,0.0,1.0,1.0,0.0,0.0,0.0,0.0,1.0,0.0,0.0,0.0,0.23472357505543773,19.701776569639513,21.315018179678095
9044,361.72,0.98,1,0.118,0.332,0.095,-0.124,-0.044,0.0,0.0,0.0,0.22,0.09,2.11,0.0,1.07,1.06,1.41,0.0,0.82,0.74,0.05,0.45,0.02,0.0,1.0,0.0,0.0,0.0,0.0,1.0,0.0,0.0,1.0,1.0,0.0,0.0,0.0,0.0,0.0,0.0,0.0,0.0,0.22587878315117457,18.353473785635202,21.2058954067024
9045,361.76,0.98,1,0.108,0.33,0.09,-0.12,-0.046,0.0,0.0,0.0,0.2,0.12,2.4,0.0,1.08,1.1,1.6,0.0,0.94,0.79,0.19,0.33,0.1,0.0,1.0,0.0,0.0,0.0,0.0,1.0,0.0,0.0,1.0,1.0,0.0,0.0,0.0,0.0,0.0,0.0,0.0,0.0,0.22571132861317794,19.474342094150305,21.11516043036391
9046,361.8,0.98,1,0.118,0.328,0.091,-0.117,-0.043,0.0,0.0,0.0,0.12,0.13,2.29,0.0,1.03,1.11,1.61,0.0,1.06,0.78,0.25,0.36,0.26,0.0,1.0,0.0,0.0,0.0,0.0,1.0,0.0,0.0,1.0,1.0,0.0,1.0,0.0,0.0,0.0,0.0,0.0,0.0,0.22931679501423363,18.288794383446984,20.706037766796246
9047,361.84,0.98,1,0.106,0.34,0.091,-0.113,-0.046,0.0,0.0,0.0,0.15,0.18,2.36,0.0,0.99,1.16,1.54,0.0,1.23,0.68,0.28,0.38,0.39,0.0,1.0,0.0,0.0,0.0,0.0,1.0,0.0,0.0,1.0,1.0,0.0,1.0,0.0,0.0,0.0,0.0,0.0,0.0,0.2182142855425163,19.085072700935676,20.315757431117312
9048,361.88,0.98,1,0.101,0.341,0.082,-0.108,-0.048,0.0,0.0,0.0,0.1,0.18,2.29,0.0,0.99,1.19,1.43,0.0,1.24,0.62,0.18,0.48,0.4,0.0,1.0,0.0,0.0,0.0,0.0,1.0,0.0,0.0,1.0,1.0,0.0,1.0,0.0,0.0,0.0,0.0,0.0,0.0,0.212017193793305,19.964217991196016,20.529490982486635
9049,361.92,0.98,1,0.108,0.342,0.082,-0.111,-0.048,0.0,0.0,0.0,0.1,0.19,2.29,0.0,0.94,1.17,1.45,0.0,1.18,0.55,0.11,0.52,0.3,0.04,1.0,1.0,0.0,0.0,0.0,1.0,0.0,0.0,1.0,1.0,0.0,1.0,0.0,0.0,0.0,0.0,0.0,0.0,0.2201760510896989,19.964217991196243,21.228518554058176
9050,361.96,0.98,1,0.09,0.334,0.068,-0.108,-0.052,0.09,0.0,0.0,0.02,0.12,1.75,0.0,0.89,1.22,1.5,0.0,0.91,0.43,0.02,0.61,0.18,0.4,1.0,1.0,0.0,0.0,0.0,1.0,0.0,0.0,1.0,1.0,0.0,0.0,0.0,0.0,0.0,0.0,0.0,0.0,0.20262200005089767,17.500285711953392,19.921847303902275
9051,362.0,0.98,1,0.038,0.382,0.04,-0.114,-0.053,0.23,0.16,0.0,0.0,0.07,1.2,0.0,0.93,1.24,1.51,0.0,0.61,0.26,0.0,0.63,0.16,0.77,1.0,1.0,0.0,0.0,0.0,1.0,0.0,0.0,1.0,1.0,0.0,0.0,0.0,0.0,0.0,0.0,0.0,1.0,0.19017166010246128,16.831518053936822,22.408257406590046
9052,362.04,0.98,1,0.042,0.377,0.029,-0.112,-0.049,0.36,0.21,0.0,0.0,0.0,0.85,0.0,1.03,1.16,1.43,0.0,0.53,0.19,0.0,0.65,0.21,0.97,1.0,1.0,0.0,0.0,0.0,1.0,0.0,0.0,1.0,1.0,0.0,0.0,0.0,0.0,0.0,0.0,0.0,1.0,0.17136224189350663,17.055790805471403,22.5621364236633
9053,362.08,0.98,1,0.077,0.343,0.027,-0.107,-0.048,0.33,0.21,0.0,0.0,0.0,1.22,0.0,1.0,0.94,1.3,0.0,0.63,0.16,0.0,0.54,0.25,0.74,1.0,1.0,0.0,0.0,0.0,1.0,0.0,0.0,1.0,1.0,0.0,0.0,0.0,0.0,0.0,0.0,0.0,1.0,0.17376475890276388,15.85339080449349,18.298907071188747
9054,362.12,0.98,1,0.126,0.31,0.041,-0.115,-0.053,0.24,0.06,0.0,0.0,0.0,1.72,0.0,0.85,0.71,1.19,0.0,0.91,0.24,0.03,0.31,0.18,0.36,1.0,1.0,0.0,0.0,0.0,1.0,0.0,0.0,0.0,1.0,0.0,0.0,0.0,0.0,0.0,0.0,0.0,1.0,0.20386950563006534,15.526107045875987,18.72965562950919
9055,362.16,0.98,1,0.113,0.313,0.043,-0.113,-0.05,0.2,0.0,0.0,0.0,0.0,1.89,0.0,0.87,0.6,1.06,0.0,1.04,0.14,0.03,0.11,0.07,0.13,1.0,0.0,0.0,0.0,0.0,1.0,0.0,0.0,0.0,1.0,0.0,0.0,0.0,0.0,0.0,0.0,0.0,1.0,0.1819608234433654,16.207714212682845,18.047160441465675
9056,362.2,0.98,1,0.142,0.322,0.051,-0.127,-0.048,0.14,0.0,0.0,0.0,0.0,1.81,0.0,0.92,0.57,0.96,0.02,1.09,0.09,0.05,0.0,0.0,0.0,1.0,0.0,0.0,0.0,0.0,1.0,0.0,0.0,0.0,1.0,0.0,0.0,0.0,0.0,0.0,0.0,0.0,0.0,0.1957665152187243,15.907859692617448,18.199450541156363
9057,362.24,0.98,1,0.16,0.33,0.059,-0.132,-0.047,0.09,0.0,0.0,0.0,0.0,1.7,0.0,1.11,0.57,0.93,0.02,1.08,0.04,0.03,0.0,0.12,0.0,0.0,0.0,0.0,0.0,0.0,1.0,0.0,0.0,0.0,1.0,0.0,1.0,0.0,0.0,0.0,0.0,0.0,0.0,0.2056093870167392,16.0003124969483,17.74964788383129
9058,362.28,0.98,1,0.172,0.347,0.074,-0.14,-0.044,0.0,0.0,0.0,0.0,0.0,1.72,0.0,1.11,0.55,0.75,0.02,1.13,0.1,0.03,0.0,0.18,0.0,0.0,0.0,0.0,0.0,0.0,1.0,0.0,0.0,0.0,1.0,0.0,1.0,0.0,0.0,0.0,0.0,0.0,0.0,0.21588435988438437,16.302760502442478,18.32075325962341
9059,362.32,0.98,1,0.176,0.351,0.081,-0.15,-0.041,0.0,0.0,0.0,0.0,0.0,1.64,0.0,1.26,0.57,0.75,0.03,1.24,0.16,0.07,0.02,0.21,0.0,0.0,0.0,0.0,0.0,0.0,1.0,0.0,0.0,0.0,1.0,0.0,1.0,0.0,0.0,0.0,0.0,0.0,0.0,0.22314445295740193,16.61083983427703,18.332484828849392
9060,362.36,0.98,1,0.194,0.353,0.088,-0.174,-0.04,0.0,0.0,0.0,0.01,0.0,1.62,0.0,1.23,0.53,0.61,0.04,1.25,0.18,0.14,0.05,0.09,0.0,0.0,0.0,0.0,0.0,0.0,1.0,0.0,0.0,0.0,1.0,0.0,1.0,0.0,0.0,0.0,0.0,0.0,0.0,0.2315423698927037,16.83597339033315,17.31184565550413
9061,362.4,0.98,1,0.198,0.345,0.098,-0.182,-0.043,0.0,0.0,0.0,0.01,0.0,1.4,0.0,1.27,0.48,0.69,0.04,1.25,0.19,0.27,0.05,0.05,0.0,0.0,0.0,0.0,0.0,0.0,0.0,0.0,0.0,0.0,1.0,0.0,1.0,0.0,0.0,0.0,0.0,0.0,0.0,0.25240555863441455,17.383325343558365,18.073737853581786
9062,362.44,0.98,1,0.198,0.342,0.103,-0.189,-0.043,0.0,0.0,0.0,0.01,0.0,1.4,0.0,1.2,0.4,0.67,0.09,1.34,0.13,0.34,0.04,0.03,0.0,0.0,0.0,0.0,0.0,0.0,0.0,0.0,0.0,0.0,1.0,0.0,1.0,0.0,0.0,0.0,0.0,0.0,0.0,0.2541316220402101,16.633099530754922,18.66815470259447
9063,362.48,0.98,1,0.188,0.343,0.107,-0.191,-0.042,0.0,0.0,0.0,0.0,0.0,1.43,0.0,1.12,0.37,0.64,0.1,1.47,0.1,0.39,0.01,0.03,0.0,0.0,0.0,0.0,0.0,0.0,0.0,0.0,0.0,0.0,1.0,0.0,1.0,0.0,0.0,0.0,0.0,0.0,0.0,0.2575680988760104,17.083910559353882,17.65049574374613
9064,362.52,0.98,1,0.194,0.344,0.107,-0.193,-0.044,0.0,0.0,0.0,0.0,0.0,1.57,0.0,0.96,0.34,0.66,0.1,1.55,0.11,0.41,0.0,0.01,0.0,0.0,0.0,0.0,0.0,0.0,0.0,0.0,0.0,0.0,1.0,0.0,1.0,0.0,0.0,0.0,0.0,0.0,0.0,0.25533812105256726,17.707060738586748,16.348700254148696
9065,362.56,0.98,1,0.19,0.341,0.105,-0.192,-0.047,0.0,0.0,0.0,0.0,0.0,1.6,0.0,0.8,0.34,0.57,0.03,1.51,0.26,0.45,0.0,0.0,0.0,0.0,0.0,0.0,0.0,0.0,0.0,0.0,0.0,0.0,1.0,0.0,1.0,0.0,0.0,0.0,0.0,0.0,0.0,0.2588056340236714,18.498108011361555,16.277899127344337
9066,362.6,0.98,1,0.195,0.336,0.106,-0.192,-0.052,0.0,0.0,0.0,0.0,0.0,1.47,0.0,0.75,0.39,0.65,0.03,1.42,0.38,0.44,0.0,0.0,0.0,0.0,0.0,0.0,0.0,0.0,0.0,0.0,0.0,0.0,1.0,0.0,1.0,0.0,0.0,0.0,0.0,0.0,0.0,0.2601478684679759,18.18680840609479,16.194134740701646
9067,362.64,0.98,1,0.196,0.343,0.106,-0.197,-0.055,0.0,0.0,0.0,0.0,0.0,1.4,0.0,0.74,0.46,0.71,0.03,1.43,0.3,0.5,0.0,0.0,0.0,0.0,0.0,0.0,0.0,0.0,0.0,0.0,0.0,0.0,1.0,0.0,1.0,0.0,0.0,0.0,0.0,0.0,0.0,0.25241229073899313,18.780841301709483,16.659531806146305
9068,362.68,0.98,1,0.208,0.337,0.104,-0.192,-0.058,0.0,0.0,0.0,0.0,0.0,1.3,0.0,0.78,0.46,0.76,0.02,1.48,0.15,0.56,0.0,0.0,0.0,0.0,0.0,0.0,0.0,0.0,1.0,0.0,0.0,0.0,1.0,0.0,1.0,0.0,0.0,0.0,0.0,0.0,0.0,0.25236103501212537,18.824717793369345,17.197674261364533
9069,362.72,0.98,1,0.208,0.331,0.101,-0.189,-0.059,0.0,0.0,0.0,0.0,0.0,1.28,0.0,0.73,0.4,0.75,0.0,1.52,0.02,0.71,0.0,0.0,0.0,0.0,0.0,0.0,0.0,0.0,1.0,0.0,0.0,0.0,1.0,0.0,1.0,0.0,0.0,0.0,0.0,0.0,0.0,0.25536557270411764,19.38298222668525,17.72258446164102
9070,362.76,0.98,1,0.201,0.325,0.091,-0.174,-0.066,0.0,0.0,0.0,0.0,0.0,1.39,0.0,0.63,0.35,0.8,0.0,1.54,0.07,0.76,0.0,0.0,0.0,0.0,0.0,0.0,0.0,0.0,1.0,0.0,0.0,0.0,1.0,0.0,1.0,0.0,0.0,0.0,0.0,0.0,0.0,0.24984395497721323,19.152545522723475,17.575551200460218
9071,362.8,0.98,1,0.202,0.324,0.093,-0.176,-0.068,0.0,0.0,0.0,0.0,0.0,1.51,0.0,0.55,0.34,0.89,0.06,1.51,0.1,0.76,0.0,0.0,0.0,0.0,0.0,0.0,0.0,0.0,1.0,0.0,0.0,0.0,1.0,0.0,1.0,0.0,0.0,0.0,0.0,0.0,0.0,0.2482975523453962,18.042727066605025,17.37872262279357
9072,362.84,0.98,1,0.193,0.331,0.091,-0.169,-0.067,0.0,0.0,0.0,0.0,0.0,1.52,0.0,0.5,0.36,0.95,0.06,1.58,0.08,0.7,0.0,0.0,0.0,0.0,0.0,0.0,0.0,0.0,1.0,0.0,0.0,0.0,1.0,0.0,1.0,0.0,0.0,0.0,0.0,0.0,0.0,0.2424229719169196,18.533483212823263,17.245579143653014
9073,362.88,0.98,1,0.194,0.323,0.092,-0.168,-0.065,0.0,0.0,0.0,0.0,0.0,1.53,0.0,0.52,0.4,0.92,0.06,1.55,0.07,0.62,0.0,0.0,0.0,0.0,0.0,0.0,0.0,0.0,1.0,0.0,0.0,0.0,1.0,0.0,1.0,0.0,0.0,0.0,0.0,0.0,0.0,0.25154209342620637,18.41656862719016,17.114321488157096
9074,362.92,0.98,1,0.19,0.324,0.094,-0.171,-0.063,0.0,0.0,0.0,0.0,0.0,1.41,0.0,0.56,0.41,0.91,0.0,1.6,0.04,0.6,0.0,0.0,0.0,0.0,0.0,0.0,0.0,0.0,1.0,0.0,0.0,0.0,1.0,0.0,1.0,0.0,0.0,0.0,0.0,0.0,0.0,0.25321017016316066,18.462123388169676,16.77259669818591
9075,362.96,0.98,1,0.214,0.334,0.095,-0.173,-0.058,0.0,0.0,0.04,0.0,0.0,1.34,0.0,0.63,0.47,0.96,0.0,1.57,0.04,0.6,0.0,0.0,0.0,0.0,0.0,0.0,0.0,0.0,1.0,0.0,0.0,0.0,1.0,0.0,1.0,0.0,0.0,0.0,0.0,0.0,0.0,0.2502374327948695,18.21647605877713,16.36245702820948
9076,363.0,0.98,1,0.207,0.342,0.094,-0.178,-0.054,0.0,0.0,0.04,0.0,0.0,1.0,0.0,0.71,0.48,1.01,0.0,1.58,0.0,0.65,0.0,0.03,0.0,0.0,0.0,0.0,0.0,0.0,0.0,0.0,0.0,0.0,1.0,0.0,1.0,0.0,0.0,0.0,0.0,0.0,0.0,0.24674619863162178,17.861970775925077,17.67766952966369
9077,363.04,0.98,1,0.204,0.34,0.098,-0.184,-0.051,0.0,0.0,0.04,0.0,0.0,1.05,0.0,0.74,0.47,0.93,0.01,1.56,0.0,0.61,0.0,0.1,0.0,0.0,0.0,0.0,0.0,0.0,0.0,0.0,0.0,0.0,1.0,0.0,1.0,0.0,0.0,0.0,0.0,0.0,0.0,0.24982078742916983,18.414125013152322,16.999999999999957
9078,363.08,0.98,1,0.208,0.332,0.105,-0.185,-0.053,0.0,0.0,0.0,0.0,0.0,1.13,0.0,0.76,0.46,0.85,0.05,1.58,0.02,0.55,0.0,0.1,0.0,0.0,0.0,0.0,0.0,0.0,0.0,0.0,0.0,0.0,1.0,0.0,1.0,0.0,0.0,0.0,0.0,0.0,0.0,0.2670327383064457,18.08535318980522,17.410628937519782
9079,363.12,0.98,1,0.182,0.344,0.101,-0.169,-0.052,0.0,0.0,0.0,0.0,0.0,1.31,0.0,0.72,0.42,0.78,0.05,1.46,0.02,0.32,0.0,0.07,0.45,0.0,0.0,0.0,0.0,0.0,0.0,0.0,0.0,0.0,1.0,0.0,1.0,0.0,0.0,0.0,0.0,0.0,0.0,0.2297467530892453,17.971366113904725,18.06792738528685
9080,363.16,0.98,1,0.092,0.4,0.092,-0.185,-0.043,0.0,0.0,0.0,0.0,0.0,1.3,0.0,0.61,0.41,0.91,0.04,1.36,0.02,0.15,0.0,0.0,0.67,0.0,0.0,0.0,0.0,0.0,0.0,0.0,0.0,0.0,1.0,0.0,1.0,0.0,0.0,0.0,0.0,0.0,0.0,0.21210586710860607,15.42627628431446,22.00045454075902
9081,363.2,0.98,1,0.086,0.388,0.081,-0.154,-0.045,0.0,0.0,0.0,0.0,0.0,1.31,0.0,0.56,0.39,1.04,0.0,1.22,0.0,0.04,0.0,0.0,0.75,0.0,0.0,0.0,0.0,0.0,0.0,0.0,0.0,0.0,1.0,0.0,0.0,0.0,0.0,0.0,0.0,0.0,0.0,0.19224875064871208,16.102794788483056,22.457070156189204
9082,363.24,0.98,1,0.129,0.348,0.095,-0.143,-0.049,0.0,0.0,0.0,0.0,0.0,1.25,0.0,0.48,0.39,1.02,0.0,1.14,0.0,0.14,0.0,0.0,0.3,0.0,0.0,0.0,0.0,0.0,0.0,0.0,0.0,0.0,1.0,0.0,0.0,0.0,0.0,0.0,0.0,0.0,0.0,0.21032945413685178,14.408677940740992,22.065810658120046
9083,363.28,0.98,1,0.15,0.344,0.096,-0.142,-0.043,0.0,0.0,0.0,0.0,0.0,1.14,0.0,0.54,0.44,0.92,0.0,1.06,0.0,0.29,0.0,0.01,0.08,0.0,0.0,0.0,0.0,0.0,0.0,0.0,0.0,0.0,1.0,0.0,0.0,0.0,0.0,0.0,0.0,0.0,0.0,0.21205527479912986,16.819036833302864,18.754199529705474
9084,363.32,0.98,1,0.162,0.344,0.103,-0.147,-0.039,0.0,0.0,0.0,0.0,0.0,1.18,0.0,0.54,0.44,0.85,0.0,1.06,0.0,0.37,0.0,0.01,0.0,0.0,0.0,0.0,0.0,0.0,0.0,0.0,0.0,0.0,1.0,0.0,0.0,0.0,0.0,0.0,0.0,0.0,0.0,0.24019443939093355,18.469434208984172,19.436563482261946
9085,363.36,0.98,1,0.163,0.351,0.108,-0.151,-0.042,0.0,0.0,0.0,0.0,0.0,1.2,0.0,0.59,0.43,0.86,0.0,1.1,0.0,0.35,0.0,0.01,0.0,0.0,0.0,0.0,0.0,0.0,0.0,0.0,0.0,0.0,1.0,0.0,0.0,0.0,0.0,0.0,0.0,0.0,0.0,0.24688325917341564,18.080099557248012,19.52434377898512
9086,363.4,0.98,1,0.165,0.355,0.113,-0.153,-0.045,0.0,0.0,0.0,0.0,0.0,1.32,0.0,0.56,0.42,0.8,0.0,1.08,0.04,0.3,0.0,0.0,0.0,0.0,0.0,0.0,0.0,0.0,0.0,0.0,0.0,0.0,1.0,0.0,0.0,0.0,0.0,0.0,0.0,0.0,0.0,0.2432938534448888,18.57794391206949,20.607280266934794
9087,363.44,0.98,1,0.161,0.363,0.11,-0.144,-0.053,0.0,0.0,0.0,0.0,0.0,1.37,0.0,0.51,0.45,0.69,0.0,1.02,0.04,0.26,0.0,0.0,0.0,0.0,0.0,0.0,0.0,0.0,0.0,0.0,0.0,0.0,1.0,0.0,0.0,0.0,0.0,0.0,0.0,0.0,0.0,0.2327246923029167,19.28419041598589,20.418863827353558
9088,363.48,0.98,1,0.167,0.35,0.109,-0.147,-0.062,0.0,0.0,0.0,0.0,0.0,1.41,0.0,0.43,0.48,0.69,0.0,0.99,0.04,0.33,0.0,0.0,0.0,0.0,0.0,0.0,0.0,0.0,0.0,0.0,0.0,0.0,1.0,0.0,0.0,0.0,0.0,0.0,0.0,0.0,0.0,0.2360296594419614,19.11570035337445,20.607280266934794
9089,363.52,0.98,1,0.162,0.345,0.103,-0.146,-0.067,0.0,0.0,0.0,0.0,0.0,1.45,0.0,0.28,0.46,0.76,0.0,1.08,0.02,0.44,0.0,0.0,0.0,0.0,0.0,0.0,0.0,0.0,0.0,0.0,0.0,0.0,1.0,0.0,0.0,0.0,0.0,0.0,0.0,0.0,0.0,0.2448385981726495,19.375241933973413,20.961870145576174
9090,363.56,0.98,1,0.154,0.341,0.098,-0.141,-0.073,0.0,0.0,0.0,0.0,0.0,1.4,0.0,0.2,0.42,0.77,0.0,1.09,0.02,0.59,0.0,0.0,0.0,0.0,0.0,0.0,0.0,0.0,0.0,0.0,0.0,0.0,1.0,0.0,0.0,0.0,0.0,0.0,0.0,0.0,0.0,0.24064740392245826,19.647137196039527,21.557365330670496
9091,363.6,0.98,1,0.147,0.324,0.09,-0.14,-0.077,0.0,0.0,0.0,0.0,0.0,1.48,0.0,0.17,0.43,0.72,0.02,1.05,0.02,0.62,0.0,0.0,0.0,0.0,0.0,0.0,0.0,0.0,0.0,0.0,0.0,0.0,1.0,0.0,0.0,0.0,0.0,0.0,0.0,0.0,0.0,0.2507077107641931,19.60102038160267,21.920994502987273
9092,363.64,0.98,1,0.141,0.331,0.089,-0.131,-0.082,0.0,0.0,0.0,0.0,0.0,1.51,0.0,0.19,0.43,0.71,0.02,0.98,0.0,0.58,0.0,0.0,0.0,0.0,0.0,0.0,0.0,0.0,0.0,0.0,0.0,0.0,1.0,0.0,0.0,0.0,0.0,0.0,0.0,0.0,0.0,0.25088137351692846,20.12486024796206,22.451057881534183
9093,363.68,0.98,1,0.136,0.324,0.089,-0.13,-0.085,0.0,0.0,0.0,0.0,0.0,1.62,0.0,0.2,0.47,0.68,0.02,0.96,0.0,0.5,0.0,0.0,0.0,0.0,0.0,0.0,0.0,0.0,0.0,0.0,0.0,0.0,1.0,0.0,0.0,0.0,0.0,0.0,0.0,0.0,0.0,0.2539785302633487,20.421557237390147,22.884492565927737
9094,363.72,0.98,1,0.136,0.321,0.084,-0.124,-0.086,0.0,0.0,0.0,0.0,0.0,1.69,0.0,0.2,0.45,0.63,0.01,0.95,0.0,0.48,0.0,0.0,0.0,0.0,0.0,0.0,0.0,0.0,0.0,0.0,0.0,0.0,1.0,0.0,0.0,0.0,0.0,0.0,0.0,0.0,0.0,0.2538274435276011,20.421557237390147,22.959311836376923
9095,363.76,0.98,1,0.15,0.315,0.085,-0.125,-0.088,0.0,0.0,0.0,0.0,0.0,1.69,0.0,0.2,0.47,0.6,0.02,1.01,0.0,0.49,0.0,0.0,0.0,0.0,0.0,0.0,0.0,0.0,0.0,0.0,0.0,0.0,1.0,0.0,0.0,0.0,0.0,0.0,0.0,0.0,0.0,0.25397642499724826,20.74825293850062,22.897379762758927
9096,363.8,0.98,1,0.154,0.312,0.085,-0.122,-0.09,0.0,0.0,0.0,0.0,0.0,1.48,0.0,0.12,0.46,0.64,0.01,1.06,0.0,0.51,0.0,0.0,0.0,0.0,0.0,0.0,0.0,0.0,0.0,0.0,0.0,0.0,1.0,0.0,1.0,0.0,0.0,0.0,0.0,0.0,0.0,0.25351637777820923,20.436486977952008,22.065810658119823
9097,363.84,0.98,1,0.153,0.311,0.083,-0.122,-0.091,0.0,0.0,0.0,0.0,0.0,1.34,0.0,0.13,0.45,0.71,0.01,1.15,0.0,0.58,0.0,0.0,0.0,0.0,0.0,0.0,0.0,0.0,0.0,0.0,0.0,0.0,1.0,0.0,1.0,0.0,0.0,0.0,0.0,0.0,0.0,0.2510763652978666,20.634194920083583,22.264321233758636
9098,363.88,0.98,1,0.15,0.317,0.078,-0.117,-0.091,0.0,0.0,0.0,0.0,0.0,1.19,0.0,0.17,0.46,0.75,0.0,1.11,0.0,0.49,0.0,0.0,0.22,0.0,0.0,0.0,0.0,0.0,0.0,0.0,0.0,0.0,1.0,0.0,1.0,0.0,0.0,0.0,0.0,0.0,0.0,0.23755471975857453,20.238824076511957,21.966565503054824
9099,363.92,0.98,1,0.135,0.331,0.07,-0.108,-0.094,0.0,0.0,0.0,0.0,0.0,0.89,0.0,0.22,0.49,0.82,0.03,1.06,0.0,0.3,0.0,0.0,0.95,0.0,0.0,0.0,0.0,0.0,0.0,0.0,0.0,0.0,1.0,0.0,1.0,0.0,0.0,0.0,0.0,0.0,0.0,0.20625230266020614,18.170580618131194,18.330848316430874
9100,363.96,0.98,1,0.097,0.402,0.054,-0.121,-0.089,0.0,0.0,0.0,0.0,0.0,0.81,0.0,0.18,0.59,0.88,0.03,0.91,0.0,0.16,0.0,0.0,1.54,0.0,0.0,0.0,0.0,0.0,0.0,0.0,0.0,0.0,1.0,0.0,0.0,0.0,0.0,0.0,0.0,0.0,0.0,0.18221828425532988,15.508062419270823,19.48794499171237
9101,364.0,0.98,1,0.077,0.405,0.047,-0.115,-0.086,0.0,0.0,0.0,0.0,0.0,0.87,0.0,0.12,0.58,0.82,0.03,0.77,0.06,0.24,0.0,0.0,1.71,0.0,0.0,0.0,0.0,0.0,0.0,0.0,0.0,0.0,1.0,0.0,0.0,0.0,0.0,0.0,0.0,0.0,0.0,0.18252997916186303,18.20439507371782,22.572992712531452
9102,364.04,0.98,1,0.104,0.329,0.041,-0.098,-0.088,0.0,0.0,0.0,0.0,0.0,1.43,0.0,0.1,0.57,0.72,0.0,0.68,0.06,0.47,0.0,0.0,1.1,0.0,0.0,0.0,0.0,0.0,0.0,0.0,0.0,0.0,1.0,0.0,0.0,0.0,0.0,0.0,0.0,0.0,0.0,0.18812856484775314,17.802527910383915,20.35313243704752
9103,364.08,0.98,1,0.12,0.299,0.052,-0.097,-0.09,0.0,0.0,0.0,0.0,0.0,1.7,0.0,0.08,0.5,0.61,0.09,0.67,0.06,0.64,0.0,0.0,0.64,0.0,0.0,0.0,0.0,0.0,1.0,0.0,0.0,0.0,1.0,0.0,0.0,0.0,0.0,0.0,0.0,0.0,0.0,0.20703558355640866,16.697305171793346,19.563486396856717
9104,364.12,0.98,1,0.131,0.279,0.054,-0.092,-0.093,0.0,0.0,0.0,0.0,0.0,2.0,0.0,0.06,0.5,0.57,0.16,0.66,0.0,0.72,0.0,0.0,0.25,0.0,0.0,0.0,0.0,0.0,1.0,0.0,0.0,0.0,1.0,0.0,0.0,0.0,0.0,0.0,0.0,0.0,0.0,0.2157132443294225,18.626862323000218,20.11019641873255
9105,364.16,0.98,1,0.127,0.289,0.043,-0.088,-0.095,0.0,0.0,0.0,0.0,0.0,1.92,0.0,0.04,0.5,0.59,0.29,0.73,0.0,0.79,0.0,0.0,0.14,0.0,0.0,0.0,0.0,0.0,1.0,0.0,0.0,0.0,1.0,0.0,0.0,0.0,0.0,0.0,0.0,0.0,0.0,0.21415943421538547,19.94241710525591,20.20915634062936
9106,364.2,0.98,1,0.125,0.278,0.047,-0.088,-0.097,0.0,0.0,0.0,0.0,0.0,1.99,0.0,0.06,0.52,0.55,0.39,0.72,0.0,0.86,0.0,0.0,0.0,0.0,0.0,0.0,0.0,0.0,1.0,0.0,0.0,1.0,1.0,0.0,0.0,0.0,0.0,0.0,0.0,0.0,0.0,0.22965887413556435,19.366207682455496,19.448650338776677
9107,364.24,0.98,1,0.125,0.304,0.054,-0.089,-0.098,0.0,0.0,0.0,0.0,0.0,1.83,0.0,0.07,0.53,0.59,0.42,0.72,0.0,0.92,0.0,0.0,0.0,0.0,0.0,0.0,0.0,0.0,1.0,0.0,0.0,1.0,1.0,0.0,0.0,0.0,0.0,0.0,0.0,0.0,0.0,0.2197656495475213,18.853381659532637,20.120636172845025
9108,364.28,0.98,1,0.123,0.298,0.053,-0.092,-0.098,0.0,0.0,0.0,0.0,0.0,1.93,0.0,0.06,0.52,0.57,0.39,0.68,0.0,0.93,0.0,0.0,0.0,0.0,0.0,0.0,0.0,0.0,1.0,0.0,0.0,1.0,1.0,0.0,0.0,0.0,0.0,0.0,0.0,0.0,0.0,0.23977247686747014,19.94241710525587,20.816579930430493
9109,364.32,0.98,1,0.111,0.292,0.05,-0.09,-0.102,0.0,0.0,0.0,0.0,0.0,2.02,0.0,0.02,0.46,0.57,0.27,0.64,0.0,0.95,0.0,0.0,0.0,0.0,0.0,0.0,0.0,0.0,1.0,0.0,0.0,1.0,1.0,0.0,0.0,0.0,0.0,0.0,0.0,0.0,0.0,0.23741818985453367,20.634194920083374,20.8273858177161
9110,364.36,0.98,1,0.102,0.301,0.052,-0.082,-0.101,0.0,0.0,0.0,0.0,0.0,2.08,0.0,0.0,0.42,0.48,0.23,0.61,0.0,0.96,0.0,0.0,0.0,0.0,0.0,0.0,0.0,0.0,1.0,0.0,0.0,1.0,1.0,0.0,0.0,0.0,0.0,0.0,0.0,0.0,0.0,0.2266135493331054,20.68139260301381,22.528204544526044
9111,364.4,0.98,1,0.093,0.284,0.043,-0.073,-0.097,0.0,0.0,0.0,0.0,0.0,2.15,0.0,0.0,0.36,0.39,0.25,0.54,0.0,0.96,0.0,0.0,0.0,0.0,0.0,0.0,0.0,0.0,1.0,0.0,0.0,1.0,1.0,0.0,0.0,0.0,0.0,0.0,0.0,0.0,0.0,0.24230375656698727,20.554318281081507,23.13547060251855
9112,364.44,0.98,1,0.094,0.292,0.043,-0.065,-0.091,0.0,0.0,0.0,0.0,0.0,2.2,0.0,0.0,0.3,0.33,0.22,0.65,0.0,0.9,0.0,0.0,0.0,0.0,0.0,0.0,0.0,0.0,1.0,0.0,0.0,0.0,1.0,0.0,0.0,0.0,0.0,0.0,0.0,0.0,0.0,0.2245289856244101,20.286941612771496,22.607299706068396
9113,364.48,0.98,1,0.091,0.303,0.049,-0.07,-0.086,0.0,0.0,0.0,0.0,0.0,2.34,0.0,0.0,0.3,0.37,0.28,0.66,0.0,0.81,0.0,0.0,0.03,0.0,0.0,0.0,0.0,0.0,1.0,0.0,0.0,0.0,1.0,0.0,0.0,0.0,0.0,0.0,0.0,0.0,0.0,0.2286854640148916,20.6341949200836,22.706827167176087
9114,364.52,0.98,1,0.084,0.308,0.055,-0.062,-0.082,0.0,0.0,0.0,0.0,0.0,2.32,0.0,0.0,0.31,0.32,0.19,0.68,0.0,0.74,0.0,0.0,0.03,0.0,0.0,0.0,0.0,0.0,1.0,0.0,0.0,0.0,1.0,0.0,1.0,0.0,0.0,0.0,0.0,0.0,0.0,0.2253429709669728,20.308126452235946,23.214219780126275
9115,364.56,0.98,1,0.074,0.291,0.056,-0.06,-0.079,0.0,0.0,0.0,0.0,0.0,2.27,0.0,0.0,0.36,0.35,0.2,0.6,0.0,0.67,0.0,0.0,0.03,0.0,0.0,0.0,0.0,0.0,1.0,0.0,0.0,0.0,1.0,0.0,1.0,0.0,0.0,0.0,0.0,0.0,0.0,0.24739760636743977,21.158922467838355,23.49404179786876
9116,364.6,0.98,1,0.07,0.298,0.051,-0.047,-0.083,0.0,0.0,0.0,0.0,0.0,2.12,0.0,0.0,0.36,0.26,0.22,0.61,0.06,0.64,0.0,0.0,0.0,0.0,0.0,0.0,0.0,0.0,1.0,0.0,0.0,0.0,1.0,0.0,1.0,0.0,0.0,0.0,0.0,0.0,0.0,0.23571262702866347,20.80312476528457,23.941595602632624
9117,364.64,0.98,1,0.051,0.296,0.06,-0.044,-0.084,0.0,0.0,0.0,0.0,0.0,2.01,0.0,0.0,0.42,0.3,0.36,0.61,0.1,0.52,0.0,0.0,0.0,0.0,0.0,0.0,0.0,0.0,1.0,0.0,0.0,1.0,1.0,0.0,1.0,0.0,0.0,0.0,0.0,0.0,0.0,0.24103126488528334,20.78942038634066,23.910876186371706
9118,364.68,0.98,1,0.051,0.297,0.068,-0.031,-0.091,0.0,0.0,0.0,0.0,0.0,1.82,0.0,0.0,0.46,0.29,0.47,0.61,0.1,0.47,0.0,0.01,0.0,0.0,0.0,0.0,0.0,0.0,1.0,0.0,0.0,1.0,1.0,0.0,1.0,0.0,0.0,0.0,0.0,0.0,0.0,0.23815392323375423,20.13181561608392,23.512762491889475
9119,364.72,0.98,1,0.04,0.285,0.067,-0.027,-0.092,0.0,0.0,0.0,0.0,0.0,1.9,0.0,0.0,0.48,0.42,0.54,0.7,0.09,0.38,0.0,0.01,0.0,0.0,0.0,0.0,0.0,0.0,1.0,0.0,0.0,1.0,1.0,0.0,1.0,0.0,0.0,0.0,0.0,0.0,0.0,0.24885869893463974,19.612750954417375,23.811341835352156
9120,364.76,0.98,1,0.031,0.307,0.08,-0.02,-0.096,0.03,0.0,0.0,0.0,0.0,2.07,0.0,0.0,0.52,0.38,0.51,0.8,0.07,0.29,0.0,0.01,0.0,0.0,0.0,0.0,0.0,0.0,1.0,0.0,0.0,1.0,1.0,0.0,1.0,0.0,0.0,0.0,0.0,0.0,0.0,0.24086723365189408,19.592345444075853,23.901464390283653
9121,364.8,0.98,1,0.028,0.319,0.09,-0.012,-0.086,0.03,0.0,0.0,0.0,0.0,2.14,0.0,0.0,0.55,0.25,0.4,0.91,0.07,0.29,0.0,0.17,0.0,0.0,0.0,0.0,0.0,0.0,1.0,0.0,0.0,1.0,1.0,0.0,1.0,0.0,0.0,0.0,0.0,0.0,0.0,0.22015657813520859,19.98124120268817,22.89650628371058
9122,364.84,0.98,1,0.018,0.306,0.083,-0.017,-0.058,0.03,0.0,0.0,0.0,0.0,2.15,0.0,0.0,0.6,0.17,0.24,0.92,0.02,0.3,0.0,0.21,0.0,0.0,0.0,0.0,0.0,0.0,1.0,0.0,0.0,1.0,1.0,0.0,1.0,0.0,0.0,0.0,0.0,0.0,0.0,0.21312105963600564,20.570367036103175,22.54994456755936
9123,364.88,0.98,1,0.014,0.309,0.087,-0.012,-0.061,0.0,0.0,0.0,0.0,0.0,1.96,0.0,0.0,0.56,0.16,0.22,0.99,0.0,0.39,0.0,0.35,0.0,0.0,0.0,0.0,0.0,0.0,1.0,0.0,0.0,1.0,1.0,0.0,1.0,0.0,0.0,0.0,0.0,0.0,0.0,0.22175620180403685,20.778113485107394,22.663847863943932
9124,364.92,0.98,1,-0.009,0.302,0.093,-0.025,-0.038,0.0,0.0,0.0,0.0,0.0,2.0,0.0,0.0,0.54,0.27,0.26,0.96,0.0,0.32,0.0,0.22,0.0,0.0,0.0,0.0,0.0,0.0,1.0,0.0,0.0,1.0,1.0,0.0,1.0,0.0,0.0,0.0,0.0,0.0,0.0,0.23948148507028305,20.62425756239473,21.93855054464615
9125,364.96,0.98,1,-0.001,0.328,0.096,-0.022,-0.049,0.0,0.0,0.0,0.0,0.0,2.03,0.0,0.0,0.53,0.18,0.22,1.01,0.0,0.37,0.0,0.32,0.0,0.0,0.0,0.0,0.0,0.0,1.0,0.0,0.0,1.0,1.0,0.0,1.0,0.0,0.0,0.0,0.0,0.0,0.0,0.22018972247301194,20.734753434753017,21.140009460735953
9126,365.0,0.98,1,0.01,0.322,0.087,-0.037,-0.03,0.0,0.0,0.0,0.0,0.0,2.13,0.0,0.0,0.55,0.17,0.24,0.86,0.0,0.38,0.0,0.22,0.0,0.0,0.0,0.0,0.0,0.0,1.0,0.0,0.0,1.0,1.0,0.0,1.0,0.0,0.0,0.0,0.0,0.0,0.0,0.22234939266451634,21.02878978923894,20.524375751773793
9127,365.04,0.98,1,0.02,0.336,0.083,-0.037,-0.061,0.0,0.0,0.0,0.0,0.0,2.2,0.0,0.0,0.58,0.13,0.18,0.72,0.0,0.35,0.0,0.35,0.0,0.0,0.0,0.0,0.0,0.0,1.0,0.0,0.0,1.0,1.0,0.0,1.0,0.0,0.0,0.0,0.0,0.0,0.0,0.2141858984335395,21.140009460735953,21.459729728027888
9128,365.08,0.98,1,0.041,0.32,0.081,-0.034,-0.066,0.0,0.0,0.0,0.0,0.0,2.2,0.0,0.0,0.53,0.12,0.19,0.75,0.0,0.33,0.0,0.43,0.0,0.0,0.0,0.0,0.0,0.0,1.0,0.0,0.0,1.0,1.0,0.0,1.0,0.0,0.0,0.0,0.0,0.0,0.0,0.22744047944622303,21.260291625469346,21.345959805077822
9129,365.12,0.98,1,0.044,0.315,0.077,-0.045,-0.058,0.0,0.0,0.0,0.0,0.0,2.13,0.0,0.0,0.5,0.09,0.07,0.77,0.0,0.28,0.0,0.49,0.02,0.0,0.0,0.0,0.0,0.0,1.0,0.0,0.0,1.0,1.0,0.0,1.0,0.0,0.0,0.0,0.0,0.0,0.0,0.2128499539406104,21.176638071233253,21.874185699129423
9130,365.16,0.98,1,0.052,0.323,0.084,-0.042,-0.084,0.0,0.0,0.0,0.0,0.0,2.08,0.0,0.01,0.43,0.02,0.17,1.01,0.06,0.4,0.0,0.51,0.02,0.0,0.0,0.0,0.0,0.0,1.0,0.0,0.0,0.0,1.0,0.0,1.0,0.0,0.0,0.0,0.0,0.0,0.0,0.21603124138259344,21.214381914163713,21.80137610335646
9131,365.2,0.98,1,0.048,0.312,0.073,-0.049,-0.081,0.0,0.0,0.0,0.0,0.0,1.97,0.0,0.01,0.44,0.06,0.2,0.94,0.06,0.38,0.0,0.41,0.02,0.0,0.0,0.0,0.0,0.0,0.0,0.0,0.0,0.0,1.0,0.0,1.0,0.0,0.0,0.0,0.0,0.0,0.0,0.20668179901893352,21.780725424099074,22.94776677587598
9132,365.24,0.98,1,0.039,0.3,0.072,-0.037,-0.103,0.0,0.0,0.0,0.0,0.0,1.87,0.0,0.01,0.41,0.12,0.25,1.06,0.06,0.46,0.0,0.49,0.0,0.0,0.0,0.0,0.0,0.0,0.0,0.0,0.0,0.0,1.0,0.0,1.0,0.0,0.0,0.0,0.0,0.0,0.0,0.21329892243523124,22.05379785887216,23.195258136093273
9133,365.28,0.98,1,0.026,0.286,0.065,-0.04,-0.097,0.0,0.0,0.0,0.0,0.0,1.67,0.0,0.0,0.35,0.12,0.18,1.03,0.0,0.5,0.0,0.5,0.0,0.0,0.0,0.0,0.0,0.0,0.0,0.0,0.0,0.0,1.0,0.0,1.0,0.0,0.0,0.0,0.0,0.0,0.0,0.21617645088346282,21.843534512528002,22.727076362787987
9134,365.32,0.98,1,0.03,0.298,0.061,-0.037,-0.094,0.0,0.0,0.0,0.0,0.0,1.43,0.0,0.0,0.29,0.06,0.17,1.04,0.0,0.6,0.0,0.55,0.0,0.0,0.0,0.0,0.0,0.0,0.0,0.0,0.0,0.0,1.0,0.0,1.0,0.0,0.0,0.0,0.0,0.0,0.0,0.20683960624296843,21.569654610123088,23.124878378058675
9135,365.36,0.98,1,0.027,0.296,0.058,-0.037,-0.088,0.0,0.0,0.0,0.0,0.0,1.46,0.0,0.0,0.29,0.09,0.16,0.9,0.0,0.54,0.0,0.45,0.0,0.0,0.0,0.0,0.0,0.0,0.0,0.0,0.0,0.0,1.0,0.0,1.0,0.0,0.0,0.0,0.0,0.0,0.0,0.2122907707674807,21.24758809841733,22.42877615921125
9136,365.4,0.98,1,0.04,0.311,0.063,-0.029,-0.118,0.0,0.0,0.0,0.0,0.0,1.66,0.0,0.0,0.35,0.22,0.19,0.76,0.0,0.52,0.0,0.37,0.0,0.0,0.0,0.0,0.0,0.0,0.0,0.0,0.0,0.0,1.0,0.0,0.0,0.0,0.0,0.0,0.0,0.0,0.0,0.20865028359076107,21.25958607311054,22.70682716717598
9137,365.44,0.98,1,0.027,0.3,0.063,-0.039,-0.103,0.0,0.0,0.0,0.0,0.0,1.76,0.0,0.0,0.38,0.36,0.3,0.58,0.0,0.45,0.0,0.25,0.0,0.0,0.0,0.0,0.0,0.0,1.0,0.0,0.0,1.0,1.0,0.0,0.0,0.0,0.0,0.0,0.0,0.0,0.0,0.22419689435353699,21.20424485804684,22.779376637651925
9138,365.48,0.98,1,0.029,0.302,0.057,-0.035,-0.111,0.0,0.0,0.0,0.0,0.0,1.83,0.0,0.0,0.38,0.51,0.38,0.51,0.0,0.48,0.0,0.19,0.0,0.0,0.0,0.0,0.0,0.0,1.0,0.0,0.0,1.0,1.0,0.0,0.0,0.0,0.0,0.0,0.0,0.0,0.0,0.21814400974093057,21.294130646729908,22.20923231451295
9139,365.52,0.98,1,0.025,0.296,0.056,-0.038,-0.107,0.0,0.0,0.0,0.0,0.0,1.79,0.0,0.0,0.39,0.55,0.45,0.37,0.0,0.45,0.0,0.07,0.0,0.0,0.0,0.0,0.0,0.0,1.0,0.0,0.0,1.0,1.0,0.0,0.0,0.0,0.0,0.0,0.0,0.0,0.0,0.22471000041864364,21.592822881689184,22.15784285529632
9140,365.56,0.98,1,0.022,0.293,0.056,-0.04,-0.105,0.0,0.0,0.0,0.0,0.0,2.05,0.0,0.0,0.4,0.5,0.41,0.35,0.0,0.46,0.0,0.07,0.0,0.0,0.0,0.0,0.0,0.0,1.0,0.0,0.0,1.0,1.0,0.0,0.0,0.0,0.0,0.0,0.0,0.0,0.0,0.22888927717931634,21.592822881689184,23.036709834522814
9141,365.6,0.98,1,0.031,0.29,0.054,-0.045,-0.102,0.0,0.0,0.0,0.0,0.0,2.12,0.0,0.0,0.41,0.43,0.4,0.38,0.0,0.51,0.0,0.14,0.0,0.0,0.0,0.0,0.0,0.0,1.0,0.0,0.0,1.0,1.0,0.0,0.0,0.0,0.0,0.0,0.0,0.0,0.0,0.23346450390348483,21.50279051658188,22.94275484766387
9142,365.64,0.98,1,0.036,0.289,0.052,-0.048,-0.097,0.0,0.0,0.0,0.0,0.0,2.32,0.0,0.0,0.4,0.47,0.36,0.49,0.0,0.57,0.0,0.14,0.0,0.0,0.0,0.0,0.0,0.0,1.0,0.0,0.0,1.0,1.0,0.0,0.0,0.0,0.0,0.0,0.0,0.0,0.0,0.22974683653896005,21.701843239688102,23.04886114323222
9143,365.68,0.98,1,0.036,0.286,0.048,-0.047,-0.093,0.0,0.0,0.0,0.0,0.0,2.26,0.0,0.0,0.41,0.47,0.3,0.52,0.0,0.65,0.0,0.1,0.0,0.0,0.0,0.0,0.0,0.0,1.0,0.0,0.0,1.0,1.0,0.0,0.0,0.0,0.0,0.0,0.0,0.0,0.0,0.22525480800453473,21.711747972008062,23.031283073246268
9144,365.72,0.98,1,0.035,0.283,0.048,-0.045,-0.088,0.0,0.0,0.0,0.0,0.0,2.26,0.0,0.0,0.45,0.34,0.24,0.55,0.0,0.64,0.0,0.0,0.0,0.0,0.0,0.0,0.0,0.0,1.0,0.0,0.0,1.0,1.0,0.0,0.0,0.0,0.0,0.0,0.0,0.0,0.0,0.22673074774816787,22.22993477273372,22.821919288263157
9145,365.76,0.98,1,0.036,0.284,0.051,-0.049,-0.085,0.13,0.15,0.0,0.0,0.0,1.94,0.0,0.01,0.54,0.36,0.36,0.5,0.0,0.41,0.01,0.0,0.7,0.0,0.0,0.0,0.0,0.0,1.0,0.0,0.0,1.0,1.0,0.0,0.0,0.0,0.0,0.0,0.0,0.0,0.0,0.22875526726366585,20.263267258761424,22.264994947226054
9146,365.8,0.98,1,0.079,0.388,0.051,-0.061,-0.076,0.31,0.23,0.0,0.0,0.0,1.64,0.0,0.09,0.62,0.53,0.52,0.46,0.0,0.18,0.02,0.0,1.48,0.0,0.0,0.0,0.0,0.0,1.0,0.0,0.0,1.0,1.0,0.0,0.0,0.0,0.0,0.0,0.0,0.0,1.0,0.19261546305972008,16.09999999999991,20.54069132234829
9147,365.84,0.98,1,0.045,0.423,0.045,-0.064,-0.073,0.35,0.24,0.0,0.0,0.0,1.4,0.0,0.15,0.6,0.71,0.56,0.47,0.0,0.04,0.02,0.0,2.07,0.0,0.0,0.0,0.0,0.0,1.0,0.0,0.0,1.0,1.0,0.0,0.0,0.0,0.0,0.0,0.0,0.0,1.0,0.1733264050245088,16.015305179733538,20.379646709401076
9148,365.88,0.98,1,0.032,0.354,0.028,-0.059,-0.066,0.21,0.1,0.0,0.0,0.0,1.53,0.0,0.14,0.55,0.62,0.38,0.49,0.0,0.09,0.0,0.0,1.67,0.0,0.0,0.0,0.0,0.0,1.0,0.0,0.0,1.0,1.0,0.0,0.0,0.0,0.0,0.0,0.0,0.0,1.0,0.18271242062297938,17.400287353949164,21.656638705025305
9149,365.92,0.98,1,0.033,0.288,0.03,-0.053,-0.068,0.04,0.01,0.0,0.0,0.0,1.77,0.0,0.05,0.48,0.55,0.32,0.57,0.0,0.18,0.0,0.0,1.1,0.0,0.0,0.0,0.0,0.0,1.0,0.0,0.0,1.0,1.0,0.0,0.0,0.0,0.0,0.0,0.0,0.0,1.0,0.1997593185039498,17.02380685980665,19.56041921841154
9150,365.96,0.98,1,0.035,0.277,0.031,-0.057,-0.065,0.0,0.0,0.0,0.0,0.0,1.95,0.0,0.0,0.47,0.48,0.23,0.52,0.0,0.24,0.0,0.07,0.67,0.0,0.0,0.0,0.0,0.0,1.0,0.0,0.0,0.0,1.0,0.0,0.0,0.0,0.0,0.0,0.0,0.0,1.0,0.2023970048306536,17.00264685276972,18.519449235870788
9151,366.0,0.98,1,0.028,0.301,0.034,-0.059,-0.066,0.0,0.0,0.0,0.0,0.0,2.04,0.0,0.0,0.49,0.41,0.27,0.58,0.0,0.29,0.0,0.07,0.51,0.0,0.0,0.0,0.0,0.0,1.0,0.0,0.0,1.0,1.0,0.0,0.0,0.0,0.0,0.0,0.0,0.0,0.0,0.19494464791017913,17.7002824836216,19.215098230298103
9152,366.04,0.98,1,0.03,0.287,0.033,-0.05,-0.073,0.0,0.0,0.0,0.0,0.0,2.09,0.0,0.0,0.45,0.27,0.2,0.49,0.0,0.39,0.0,0.08,0.5,0.0,0.0,0.0,0.0,0.0,1.0,0.0,0.0,1.0,1.0,0.0,0.0,0.0,0.0,0.0,0.0,0.0,0.0,0.2007776695211009,19.100261778310927,18.859745491390036
9153,366.08,0.98,1,0.037,0.279,0.019,-0.05,-0.067,0.0,0.0,0.0,0.0,0.0,2.23,0.0,0.0,0.5,0.19,0.22,0.45,0.0,0.39,0.0,0.1,0.38,0.0,0.0,0.0,0.0,0.0,1.0,0.0,0.0,1.0,1.0,0.0,0.0,0.0,0.0,0.0,0.0,0.0,0.0,0.21033053831694537,18.50432381904294,20.241788458533048
9154,366.12,0.98,1,0.048,0.274,0.033,-0.048,-0.074,0.0,0.0,0.0,0.0,0.0,2.18,0.0,0.0,0.45,0.19,0.16,0.36,0.0,0.44,0.0,0.12,0.26,0.0,0.0,0.0,0.0,0.0,1.0,0.0,0.0,1.0,1.0,0.0,0.0,0.0,0.0,0.0,0.0,0.0,0.0,0.21852694882211426,19.60408120774846,20.3415830259102
9155,366.16,0.98,1,0.038,0.269,0.019,-0.052,-0.069,0.0,0.0,0.0,0.0,0.0,2.16,0.0,0.0,0.47,0.21,0.08,0.41,0.0,0.37,0.0,0.16,0.07,0.0,0.0,0.0,0.0,0.0,1.0,0.0,0.0,1.0,1.0,0.0,0.0,0.0,0.0,0.0,0.0,0.0,0.0,0.22535317185380094,19.609181522950042,21.040199618824918
9156,366.2,0.98,1,0.05,0.259,0.013,-0.056,-0.065,0.0,0.0,0.0,0.0,0.0,2.14,0.0,0.0,0.45,0.21,0.03,0.47,0.05,0.37,0.0,0.12,0.03,0.0,0.0,0.0,0.0,0.0,1.0,0.0,0.0,1.0,1.0,0.0,0.0,0.0,0.0,0.0,0.0,0.0,0.0,0.23047287487927387,19.409276132818416,20.819462048765768
9157,366.24,0.98,1,0.041,0.266,0.018,-0.053,-0.063,0.0,0.0,0.0,0.0,0.0,2.04,0.0,0.0,0.5,0.25,0.0,0.49,0.05,0.3,0.0,0.16,0.0,0.0,0.0,0.0,0.0,0.0,1.0,0.0,0.0,1.0,1.0,0.0,0.0,0.0,0.0,0.0,0.0,0.0,0.0,0.23667973652801683,19.70634415613413,21.927608168698978
9158,366.28,0.98,1,0.035,0.257,0.014,-0.057,-0.062,0.0,0.0,0.0,0.0,0.0,2.06,0.0,0.0,0.51,0.22,0.01,0.42,0.05,0.25,0.0,0.12,0.0,0.0,0.0,0.0,0.0,0.0,1.0,0.0,0.0,1.0,1.0,0.0,0.0,0.0,0.0,0.0,0.0,0.0,0.0,0.24213878811142686,20.13578903345994,21.608331726443065
9159,366.32,0.98,1,0.044,0.258,0.015,-0.053,-0.062,0.0,0.0,0.0,0.0,0.0,1.89,0.0,0.0,0.48,0.14,0.03,0.33,0.0,0.19,0.0,0.06,0.0,0.0,0.0,0.0,0.0,0.0,1.0,0.0,0.0,1.0,1.0,0.0,0.0,0.0,0.0,0.0,0.0,0.0,0.0,0.24605904533208633,20.74078108461689,21.708293346092454
9160,366.36,0.98,1,0.051,0.251,0.011,-0.052,-0.068,0.01,0.0,0.0,0.0,0.0,1.84,0.0,0.0,0.47,0.1,0.08,0.33,0.0,0.18,0.0,0.0,0.0,0.0,0.0,0.0,0.0,0.0,1.0,0.0,0.0,1.0,1.0,0.0,0.0,0.0,0.0,0.0,0.0,0.0,0.0,0.24967390961515767,21.146394491733236,21.40840956259955
9161,366.4,0.98,1,0.042,0.25,0.014,-0.046,-0.068,0.01,0.0,0.0,0.02,0.0,1.7,0.0,0.0,0.48,0.09,0.11,0.39,0.0,0.18,0.0,0.06,0.0,0.0,0.0,0.0,0.0,0.0,1.0,0.0,0.0,1.0,1.0,0.0,0.0,0.0,0.0,0.0,0.0,0.0,0.0,0.2508414597651394,21.252999788265004,21.50581316760657
9162,366.44,0.98,1,0.047,0.272,0.013,-0.046,-0.069,0.01,0.0,0.0,0.02,0.0,1.77,0.0,0.0,0.49,0.13,0.09,0.4,0.0,0.25,0.0,0.06,0.0,0.0,0.0,0.0,0.0,0.0,1.0,0.0,0.0,1.0,1.0,0.0,0.0,0.0,0.0,0.0,0.0,0.0,0.0,0.22098503395345756,21.2461761265408,22.610838109189938
9163,366.48,0.98,1,0.048,0.272,0.014,-0.046,-0.071,0.0,0.0,0.0,0.02,0.0,1.92,0.0,0.0,0.46,0.14,0.04,0.35,0.0,0.3,0.0,0.08,0.0,0.0,0.0,0.0,0.0,0.0,1.0,0.0,0.0,1.0,1.0,0.0,0.0,0.0,0.0,0.0,0.0,0.0,0.0,0.21133965933913887,21.260291625469346,22.31434516180114
9164,366.52,0.98,1,0.047,0.278,0.017,-0.052,-0.068,0.0,0.0,0.0,0.0,0.0,2.04,0.0,0.0,0.45,0.22,0.0,0.3,0.0,0.34,0.0,0.02,0.0,0.0,0.0,0.0,0.0,0.0,1.0,0.0,0.0,1.0,1.0,0.0,0.0,0.0,0.0,0.0,0.0,0.0,0.0,0.21719241224312874,21.783020910792008,22.318154045529795
9165,366.56,0.98,1,0.046,0.274,0.021,-0.055,-0.064,0.0,0.0,0.0,0.0,0.0,1.95,0.0,0.0,0.46,0.23,0.02,0.32,0.0,0.38,0.0,0.06,0.0,0.0,0.0,0.0,0.0,0.0,1.0,0.0,0.0,1.0,1.0,0.0,0.0,0.0,0.0,0.0,0.0,0.0,0.0,0.23280226012350272,22.020445045457272,22.405579662218162
9166,366.6,0.98,1,0.045,0.278,0.022,-0.056,-0.058,0.0,0.0,0.0,0.0,0.0,1.88,0.0,0.0,0.48,0.15,0.02,0.34,0.0,0.48,0.0,0.06,0.0,0.0,0.0,0.0,0.0,0.0,1.0,0.0,0.0,1.0,1.0,0.0,0.0,0.0,0.0,0.0,0.0,0.0,0.0,0.22758275615865056,21.711747972008062,22.71783440383352
9167,366.64,0.98,1,0.044,0.271,0.015,-0.054,-0.056,0.0,0.0,0.0,0.0,0.0,1.87,0.0,0.05,0.49,0.05,0.08,0.4,0.0,0.51,0.0,0.06,0.0,0.0,0.0,0.0,0.0,0.0,1.0,0.0,0.0,1.0,1.0,0.0,0.0,0.0,0.0,0.0,0.0,0.0,0.0,0.2231579443324547,21.39369065869673,22.705505940189745
9168,366.68,0.98,1,0.048,0.275,0.018,-0.056,-0.057,0.0,0.0,0.0,0.02,0.0,2.05,0.0,0.12,0.51,0.0,0.13,0.41,0.0,0.47,0.0,0.02,0.0,0.0,0.0,0.0,0.0,0.0,1.0,0.0,0.0,1.0,1.0,0.0,0.0,0.0,0.0,0.0,0.0,0.0,0.0,0.22213761049649394,21.28497122384695,23.525730594393877
9169,366.72,0.98,1,0.051,0.28,0.027,-0.06,-0.062,0.0,0.0,0.0,0.03,0.0,2.1,0.0,0.12,0.56,0.04,0.13,0.41,0.0,0.38,0.0,0.0,0.0,0.0,0.0,0.0,0.0,0.0,1.0,0.0,0.0,1.0,1.0,0.0,0.0,0.0,0.0,0.0,0.0,0.0,0.0,0.22631522911140572,21.732924331529933,23.607625886564616
9170,366.76,0.98,1,0.047,0.282,0.023,-0.064,-0.06,0.0,0.0,0.0,0.03,0.0,2.17,0.0,0.13,0.6,0.04,0.08,0.43,0.0,0.37,0.0,0.0,0.0,0.0,0.0,0.0,0.0,0.0,1.0,0.0,0.0,1.0,1.0,0.0,0.0,0.0,0.0,0.0,0.0,0.0,0.0,0.2286678748769031,21.602314690791818,22.200900882621905
9171,366.8,0.98,1,0.049,0.289,0.028,-0.064,-0.064,0.0,0.0,0.0,0.02,0.0,2.23,0.0,0.12,0.58,0.04,0.0,0.5,0.0,0.37,0.0,0.0,0.0,0.0,0.0,0.0,0.0,0.0,1.0,0.0,0.0,1.0,1.0,0.0,0.0,0.0,0.0,0.0,0.0,0.0,0.0,0.22380503207502317,21.176638071233253,22.20360331117456
9172,366.84,0.98,1,0.058,0.282,0.027,-0.063,-0.068,0.0,0.0,0.0,0.0,0.0,2.24,0.0,0.24,0.54,0.0,0.0,0.57,0.0,0.36,0.0,0.0,0.0,0.0,0.0,0.0,0.0,0.0,1.0,0.0,0.0,1.0,1.0,0.0,0.0,0.0,0.0,0.0,0.0,0.0,0.0,0.22280737532645273,21.413313615599243,23.026289323293057
9173,366.88,0.98,1,0.051,0.276,0.026,-0.06,-0.067,0.0,0.0,0.0,0.0,0.0,2.0,0.0,0.29,0.49,0.0,0.0,0.66,0.0,0.35,0.0,0.0,0.0,0.0,0.0,0.0,0.0,0.0,1.0,0.0,0.0,1.0,1.0,0.0,0.0,0.0,0.0,0.0,0.0,0.0,0.0,0.2264716942515722,21.523243250030745,22.803508501982712
9174,366.92,0.98,1,0.051,0.281,0.026,-0.061,-0.067,0.0,0.0,0.0,0.0,0.0,1.77,0.0,0.36,0.48,0.0,0.0,0.65,0.0,0.32,0.0,0.0,0.0,0.0,0.0,0.0,0.0,0.0,1.0,0.0,0.0,1.0,1.0,0.0,0.0,0.0,0.0,0.0,0.0,0.0,0.0,0.22144130772284112,21.692394980730136,23.003477997902838
9175,366.96,0.98,1,0.053,0.284,0.028,-0.066,-0.067,0.0,0.0,0.0,0.0,0.0,1.68,0.0,0.35,0.51,0.0,0.0,0.58,0.0,0.3,0.0,0.0,0.12,0.0,0.0,0.0,0.0,0.0,1.0,0.0,0.0,1.0,1.0,0.0,0.0,0.0,0.0,0.0,0.0,0.0,0.0,0.22728083434655055,21.71174797200805,23.221541723150125
9176,367.0,0.98,1,0.046,0.291,0.013,-0.066,-0.062,0.0,0.0,0.0,0.0,0.0,1.48,0.0,0.33,0.54,0.0,0.0,0.42,0.0,0.18,0.0,0.0,0.48,0.0,0.0,0.0,0.0,0.0,0.0,0.0,0.0,1.0,1.0,0.0,0.0,0.0,0.0,0.0,0.0,0.0,1.0,0.1968717591758482,19.206509313251114,20.362956563328368
9177,367.04,0.98,1,0.013,0.311,0.012,-0.067,-0.063,0.0,0.0,0.0,0.0,0.0,1.49,0.0,0.27,0.61,0.05,0.0,0.38,0.0,0.1,0.0,0.0,0.8,0.0,0.0,0.0,0.0,0.0,0.0,0.0,0.0,1.0,1.0,0.0,0.0,0.0,0.0,0.0,0.0,0.0,1.0,0.1924631590187245,18.202472359545055,17.961069010501525
9178,367.08,0.98,1,0.004,0.321,0.017,-0.067,-0.063,0.01,0.0,0.0,0.0,0.0,1.33,0.0,0.2,0.61,0.07,0.0,0.45,0.0,0.01,0.0,0.0,0.85,0.0,1.0,0.0,0.0,0.0,0.0,0.0,0.0,1.0,1.0,0.0,0.0,0.0,0.0,0.0,0.0,0.0,1.0,0.18347475515765,18.100000000000136,17.637743619862498
9179,367.12,0.98,1,-0.003,0.32,0.015,-0.069,-0.064,0.01,0.0,0.0,0.0,0.0,1.46,0.0,0.24,0.63,0.08,0.02,0.52,0.0,0.01,0.0,0.01,0.79,0.0,1.0,0.0,0.0,0.0,0.0,0.0,0.0,1.0,1.0,0.0,0.0,0.0,0.0,0.0,0.0,0.0,1.0,0.18773376496228153,18.201098867925346,18.022763384120744
9180,367.16,0.98,1,-0.02,0.315,0.012,-0.065,-0.065,0.09,0.0,0.0,0.05,0.0,1.41,0.0,0.25,0.6,0.08,0.02,0.49,0.0,0.02,0.05,0.01,0.73,0.0,1.0,0.0,0.0,0.0,0.0,0.0,0.0,1.0,1.0,0.0,0.0,0.0,0.0,0.0,0.0,0.0,1.0,0.19114730370288538,18.40000000000009,19.413912537147127
9181,367.2,0.98,1,-0.024,0.315,0.013,-0.064,-0.066,0.22,0.0,0.0,0.05,0.0,1.55,0.0,0.31,0.58,0.12,0.02,0.5,0.0,0.08,0.05,0.01,0.75,0.0,0.0,0.0,0.0,0.0,1.0,0.0,0.0,1.0,1.0,0.0,0.0,0.0,0.0,0.0,0.0,0.0,1.0,0.19518573607808254,18.101104938649375,19.513328778042837
9182,367.24,0.98,1,-0.024,0.318,0.021,-0.064,-0.068,0.23,0.0,0.0,0.09,0.0,1.7,0.0,0.2,0.54,0.13,0.01,0.47,0.0,0.15,0.05,0.0,0.55,0.0,0.0,0.0,0.0,0.0,1.0,0.0,0.0,1.0,1.0,0.0,0.0,0.0,0.0,0.0,0.0,0.0,1.0,0.19312605197800986,18.201098867925577,19.30388561922189
9183,367.28,0.98,1,-0.016,0.306,0.018,-0.057,-0.068,0.14,0.0,0.0,0.04,0.0,1.79,0.0,0.21,0.52,0.09,0.01,0.53,0.0,0.24,0.0,0.0,0.33,0.0,0.0,0.0,0.0,0.0,1.0,0.0,0.0,1.0,1.0,0.0,0.0,0.0,0.0,0.0,0.0,0.0,1.0,0.19821449846868078,19.00026315607234,19.374725804511588
9184,367.32,0.98,1,-0.013,0.3,0.017,-0.057,-0.066,0.01,0.0,0.0,0.14,0.0,1.82,0.0,0.18,0.48,0.03,0.04,0.52,0.0,0.25,0.0,0.0,0.23,0.0,0.0,0.0,0.0,0.0,0.0,0.0,0.0,1.0,1.0,0.0,0.0,0.0,0.0,0.0,0.0,0.0,1.0,0.2015018808843286,19.601020381602495,19.275113488641303
9185,367.36,0.98,1,-0.013,0.305,0.02,-0.056,-0.065,0.0,0.0,0.0,0.1,0.0,1.65,0.0,0.3,0.46,0.0,0.03,0.57,0.0,0.28,0.0,0.0,0.3,0.0,0.0,0.0,0.0,0.0,0.0,0.0,0.0,1.0,1.0,0.0,0.0,0.0,0.0,0.0,0.0,0.0,1.0,0.19687317387111683,20.000249998437518,19.28419041598588
9186,367.4,0.98,1,-0.023,0.31,0.015,-0.06,-0.064,0.1,0.0,0.0,0.09,0.0,1.26,0.0,0.28,0.51,0.06,0.07,0.6,0.0,0.17,0.03,0.0,0.87,0.0,0.0,0.0,0.0,0.0,0.0,0.0,0.0,1.0,1.0,0.0,0.0,0.0,0.0,0.0,0.0,0.0,1.0,0.19321233161720414,18.602419197512905,18.876705220985947
9187,367.44,0.98,1,0.071,0.36,0.01,-0.079,-0.059,0.25,0.0,0.0,0.0,0.0,0.76,0.0,0.32,0.62,0.06,0.13,0.53,0.0,0.1,0.08,0.0,1.52,0.0,1.0,0.0,0.0,0.0,0.0,0.0,0.0,1.0,1.0,0.0,0.0,0.0,0.0,0.0,0.0,0.0,1.0,0.2097946638152518,17.404597093871583,21.633538776631063
9188,367.48,0.98,1,0.077,0.4,0.011,-0.094,-0.057,0.41,0.0,0.0,0.0,0.0,0.34,0.0,0.24,0.68,0.07,0.22,0.46,0.02,0.0,0.08,0.0,2.02,0.0,1.0,0.0,0.0,0.0,0.0,0.0,0.0,1.0,1.0,0.0,0.0,0.0,0.0,0.0,0.0,0.0,1.0,0.18600099962112612,15.008331019803506,20.00024999843761
9189,367.52,0.98,1,0.057,0.378,0.011,-0.08,-0.056,0.32,0.0,0.0,0.0,0.0,0.15,0.0,0.17,0.59,0.06,0.19,0.48,0.02,0.0,0.04,0.0,1.92,0.0,1.0,0.0,0.0,0.0,0.0,0.0,0.0,1.0,1.0,0.0,0.0,0.0,0.0,0.0,0.0,0.0,1.0,0.17674360626376134,16.796725871431068,20.36663938896158
9190,367.56,0.98,1,0.039,0.34,0.004,-0.07,-0.054,0.17,0.0,0.0,0.0,0.0,0.41,0.0,0.11,0.47,0.08,0.09,0.56,0.02,0.06,0.0,0.0,1.5,0.0,1.0,0.0,0.0,0.0,0.0,0.0,0.0,1.0,1.0,0.0,0.0,0.0,0.0,0.0,0.0,0.0,1.0,0.1850844029449059,18.233211456021493,20.342074623793962
9191,367.6,0.98,1,0.042,0.28,0.006,-0.07,-0.054,0.0,0.0,0.0,0.03,0.0,0.96,0.0,0.2,0.44,0.16,0.01,0.64,0.0,0.16,0.0,0.0,1.01,0.0,1.0,0.0,0.0,0.0,0.0,0.0,0.0,1.0,1.0,0.0,0.0,0.0,0.0,0.0,0.0,0.0,1.0,0.18691162395462413,16.002812252851058,17.613914953808536
9192,367.64,0.98,1,0.036,0.298,0.017,-0.062,-0.058,0.0,0.0,0.0,0.03,0.0,1.41,0.0,0.32,0.45,0.21,0.01,0.62,0.0,0.2,0.0,0.0,0.49,0.0,1.0,0.0,0.0,0.0,0.0,0.0,0.0,1.0,1.0,0.0,0.0,0.0,0.0,0.0,0.0,0.0,1.0,0.17024200564070627,17.504570831642805,18.062391868188442
9193,367.68,0.98,1,0.027,0.284,0.017,-0.069,-0.059,0.0,0.0,0.0,0.03,0.0,1.59,0.0,0.37,0.49,0.28,0.01,0.67,0.0,0.17,0.0,0.0,0.17,0.0,1.0,0.0,0.0,0.0,1.0,0.0,0.0,1.0,1.0,0.0,0.0,0.0,0.0,0.0,0.0,0.0,1.0,0.19579126507831385,18.413310403075133,18.66038584810092
9194,367.72,0.98,1,0.029,0.294,0.028,-0.069,-0.06,0.0,0.0,0.0,0.0,0.0,1.62,0.0,0.32,0.47,0.3,0.02,0.65,0.0,0.13,0.0,0.0,0.0,0.0,0.0,0.0,0.0,0.0,1.0,0.0,0.0,1.0,1.0,0.0,0.0,0.0,0.0,0.0,0.0,0.0,0.0,0.1963460217240532,19.004210059878837,19.325889371514013
9195,367.76,0.98,1,0.03,0.278,0.021,-0.067,-0.061,0.04,0.0,0.0,0.0,0.0,1.76,0.0,0.25,0.49,0.21,0.02,0.62,0.0,0.15,0.0,0.0,0.0,0.0,0.0,0.0,0.0,0.0,1.0,0.0,0.0,1.0,1.0,0.0,0.0,0.0,0.0,0.0,0.0,0.0,0.0,0.21778886500036124,19.704060495238075,20.030227157973023
9196,367.8,0.98,1,0.023,0.279,0.027,-0.063,-0.064,0.05,0.0,0.0,0.0,0.0,1.91,0.0,0.18,0.5,0.2,0.02,0.56,0.0,0.18,0.0,0.0,0.0,0.0,0.0,0.0,0.0,0.0,1.0,0.0,0.0,1.0,1.0,0.0,0.0,0.0,0.0,0.0,0.0,0.0,0.0,0.22511942056166695,20.400245096566945,20.619650821485706
9197,367.84,0.98,1,0.022,0.278,0.024,-0.06,-0.064,0.05,0.0,0.0,0.03,0.0,1.89,0.0,0.13,0.5,0.15,0.0,0.56,0.0,0.15,0.0,0.0,0.0,0.0,0.0,0.0,0.0,0.0,1.0,0.0,0.0,1.0,1.0,0.0,0.0,0.0,0.0,0.0,0.0,0.0,0.0,0.2294180701584361,20.399999999999864,20.824024587000423
9198,367.88,0.98,1,0.036,0.264,0.023,-0.061,-0.064,0.01,0.0,0.0,0.11,0.0,1.75,0.0,0.14,0.46,0.2,0.03,0.57,0.0,0.13,0.0,0.0,0.0,0.0,0.0,0.0,0.0,0.0,1.0,0.0,0.0,1.0,1.0,0.0,0.0,0.0,0.0,0.0,0.0,0.0,0.0,0.2397293352866313,20.306156701847797,21.922819161777394
9199,367.92,0.98,1,0.043,0.282,0.024,-0.068,-0.064,0.0,0.0,0.0,0.11,0.0,1.56,0.0,0.25,0.4,0.15,0.03,0.55,0.0,0.09,0.0,0.0,0.0,0.0,0.0,0.0,0.0,0.0,1.0,0.0,0.0,1.0,1.0,0.0,0.0,0.0,0.0,0.0,0.0,0.0,0.0,0.2298752135593597,21.23393510397924,22.322410264127125
9200,367.96,0.98,1,0.046,0.291,0.027,-0.064,-0.065,0.0,0.0,0.0,0.08,0.0,1.64,0.0,0.31,0.43,0.1,0.04,0.58,0.0,0.11,0.0,0.0,0.0,0.0,0.0,0.0,0.0,0.0,1.0,0.0,0.0,1.0,1.0,0.0,0.0,0.0,0.0,0.0,0.0,0.0,0.0,0.21995576986274176,21.123683390923947,22.332263655975364
9201,368.0,0.98,1,0.036,0.287,0.031,-0.066,-0.068,0.0,0.0,0.0,0.0,0.0,1.85,0.0,0.38,0.48,0.03,0.01,0.55,0.0,0.16,0.0,0.0,0.0,0.0,0.0,0.0,0.0,0.0,1.0,0.0,0.0,1.0,1.0,0.0,0.0,0.0,0.0,0.0,0.0,0.0,0.0,0.22752070349819511,21.367732682715737,22.222511109233174
9202,368.04,0.98,1,0.037,0.284,0.026,-0.071,-0.063,0.0,0.0,0.0,0.0,0.0,2.03,0.0,0.4,0.54,0.0,0.06,0.65,0.0,0.22,0.0,0.0,0.0,0.0,0.0,0.0,0.0,0.0,1.0,0.0,0.0,1.0,1.0,0.0,0.0,0.0,0.0,0.0,0.0,0.0,0.0,0.22811505484208877,21.384573879317724,22.837031330713675
9203,368.08,0.98,1,0.036,0.28,0.023,-0.064,-0.065,0.0,0.0,0.0,0.0,0.0,2.14,0.0,0.44,0.51,0.0,0.05,0.69,0.0,0.31,0.0,0.0,0.0,0.0,0.0,0.0,0.0,0.0,1.0,0.0,0.0,1.0,1.0,0.0,0.0,0.0,0.0,0.0,0.0,0.0,0.0,0.22520220241866779,21.268051156605818,22.322410264127125
9204,368.12,0.98,1,0.034,0.291,0.026,-0.065,-0.063,0.0,0.0,0.0,0.0,0.0,2.15,0.0,0.46,0.53,0.0,0.05,0.74,0.0,0.4,0.0,0.0,0.0,0.0,0.0,0.0,0.0,0.0,1.0,0.0,0.0,1.0,1.0,0.0,0.0,0.0,0.0,0.0,0.0,0.0,0.0,0.22276903435460915,21.484180226389935,22.318154045529795
9205,368.16,0.98,1,0.035,0.28,0.021,-0.065,-0.061,0.0,0.0,0.0,0.0,0.0,2.14,0.0,0.45,0.53,0.05,0.0,0.74,0.0,0.43,0.0,0.0,0.0,0.0,0.0,0.0,0.0,0.0,1.0,0.0,0.0,1.0,1.0,0.0,1.0,0.0,0.0,0.0,0.0,0.0,0.0,0.2278170768161708,21.260291625469346,22.607963198837616
9206,368.2,0.98,1,0.032,0.284,0.024,-0.072,-0.06,0.0,0.0,0.0,0.0,0.0,1.98,0.0,0.52,0.55,0.05,0.02,0.72,0.0,0.41,0.0,0.0,0.0,0.0,0.0,0.0,0.0,0.0,1.0,0.0,0.0,1.0,1.0,0.0,1.0,0.0,0.0,0.0,0.0,0.0,0.0,0.2283548523936647,21.811235636708016,22.605530296810024
9207,368.24,0.98,1,0.03,0.276,0.025,-0.071,-0.059,0.0,0.0,0.0,0.0,0.0,2.08,0.0,0.52,0.54,0.05,0.07,0.76,0.0,0.33,0.0,0.01,0.0,0.0,0.0,0.0,0.0,0.0,1.0,0.0,0.0,1.0,1.0,0.0,1.0,0.0,0.0,0.0,0.0,0.0,0.0,0.2322416860708416,21.89155088156177,22.699999999999818
9208,368.28,0.98,1,0.029,0.283,0.024,-0.071,-0.059,0.0,0.0,0.0,0.0,0.0,2.09,0.0,0.44,0.54,0.0,0.08,0.73,0.0,0.31,0.0,0.01,0.0,0.0,0.0,0.0,0.0,0.0,1.0,0.0,0.0,1.0,1.0,0.0,1.0,0.0,0.0,0.0,0.0,0.0,0.0,0.22409777410123038,21.882641522448743,21.911184358678653
9209,368.32,0.98,1,0.031,0.28,0.028,-0.071,-0.06,0.0,0.0,0.0,0.0,0.0,2.23,0.0,0.34,0.52,0.02,0.1,0.77,0.0,0.3,0.0,0.01,0.0,0.0,0.0,0.0,0.0,0.0,1.0,0.0,0.0,1.0,1.0,0.0,1.0,0.0,0.0,0.0,0.0,0.0,0.0,0.23000219030095226,22.109726366465964,22.111083193728792
9210,368.36,0.98,1,0.028,0.29,0.03,-0.071,-0.058,0.0,0.0,0.0,0.0,0.0,2.12,0.0,0.27,0.5,0.02,0.12,0.78,0.0,0.33,0.0,0.0,0.0,0.0,0.0,0.0,0.0,0.0,1.0,0.0,0.0,1.0,1.0,0.0,1.0,0.0,0.0,0.0,0.0,0.0,0.0,0.22005854778403305,22.389506470666298,21.905707018948146
9211,368.4,0.98,1,0.032,0.288,0.032,-0.062,-0.059,0.0,0.0,0.0,0.0,0.0,2.09,0.0,0.27,0.48,0.02,0.17,0.83,0.0,0.34,0.0,0.0,0.0,0.0,0.0,0.0,0.0,0.0,1.0,0.0,0.0,1.0,1.0,0.0,1.0,0.0,0.0,0.0,0.0,0.0,0.0,0.21897645746376132,21.874185699129416,22.005681084665387
9212,368.44,0.98,1,0.037,0.29,0.029,-0.065,-0.057,0.0,0.0,0.0,0.0,0.0,1.72,0.0,0.21,0.51,0.03,0.14,0.73,0.0,0.27,0.0,0.0,0.15,0.0,0.0,0.0,0.0,0.0,1.0,0.0,0.0,1.0,1.0,0.0,1.0,0.0,0.0,0.0,0.0,0.0,0.0,0.2192962547213954,21.246176126541027,21.818570072303043
9213,368.48,0.98,1,0.044,0.276,0.029,-0.071,-0.057,0.13,0.0,0.0,0.0,0.0,1.19,0.0,0.2,0.57,0.2,0.11,0.69,0.01,0.15,0.05,0.0,0.81,0.0,0.0,0.0,0.0,0.0,1.0,0.0,0.0,1.0,1.0,0.0,0.0,0.0,0.0,0.0,0.0,0.0,1.0,0.22585405899694097,17.500285711953392,18.92828571212931
9214,368.52,0.98,1,0.08,0.394,0.016,-0.092,-0.047,0.23,0.0,0.0,0.0,0.0,0.8,0.0,0.27,0.63,0.33,0.05,0.58,0.04,0.03,0.05,0.0,1.52,1.0,0.0,0.0,0.0,0.0,1.0,0.0,0.0,1.0,1.0,0.0,0.0,0.0,0.0,0.0,0.0,0.0,1.0,0.18036409820787871,15.902201105507551,20.93800372528403
9215,368.56,0.98,1,0.047,0.401,0.018,-0.084,-0.05,0.23,0.0,0.0,0.0,0.0,0.7,0.0,0.4,0.6,0.44,0.11,0.65,0.04,0.0,0.05,0.0,1.88,1.0,0.0,0.0,0.0,0.0,1.0,0.0,0.0,1.0,1.0,0.0,0.0,0.0,0.0,0.0,0.0,0.0,1.0,0.17534445368856888,16.335544068074427,19.325630649476913
9216,368.6,0.98,1,0.048,0.352,0.006,-0.081,-0.044,0.1,0.0,0.0,0.0,0.0,1.06,0.0,0.42,0.56,0.28,0.07,0.64,0.03,0.0,0.0,0.0,1.62,0.0,0.0,0.0,0.0,0.0,1.0,0.0,0.0,1.0,1.0,0.0,0.0,0.0,0.0,0.0,0.0,0.0,1.0,0.190816338447395,16.750522379914056,19.57345140745504
9217,368.64,0.98,1,0.054,0.292,0.008,-0.07,-0.051,0.0,0.0,0.0,0.0,0.0,1.44,0.0,0.42,0.53,0.18,0.12,0.63,0.0,0.0,0.0,0.0,1.08,0.0,0.0,0.0,0.0,0.0,1.0,0.0,0.0,1.0,1.0,0.0,0.0,0.0,0.0,0.0,0.0,0.0,1.0,0.19234864800664733,18.027756377319946,18.398369492974275
9218,368.68,0.98,1,0.037,0.283,0.017,-0.072,-0.051,0.0,0.0,0.0,0.0,0.0,1.79,0.0,0.42,0.56,0.05,0.1,0.6,0.0,0.05,0.0,0.0,0.56,0.0,0.0,0.0,0.0,0.0,1.0,0.0,0.0,1.0,1.0,0.0,0.0,0.0,0.0,0.0,0.0,0.0,1.0,0.19394527715427293,17.822738285684338,18.00055554698252
9219,368.72,0.98,1,0.029,0.286,0.018,-0.065,-0.052,0.0,0.0,0.0,0.0,0.0,1.89,0.0,0.55,0.56,0.06,0.12,0.51,0.0,0.12,0.0,0.0,0.16,0.0,0.0,0.0,0.0,0.0,1.0,0.0,0.0,1.0,1.0,0.0,0.0,0.0,0.0,0.0,0.0,0.0,1.0,0.18721259330484988,17.00470523119998,18.346116755324495
9220,368.76,0.98,1,0.016,0.262,0.013,-0.066,-0.048,0.0,0.0,0.0,0.0,0.0,1.93,0.0,0.5,0.56,0.02,0.1,0.51,0.0,0.14,0.0,0.0,0.0,0.0,0.0,0.0,0.0,0.0,1.0,0.0,0.0,1.0,1.0,0.0,0.0,0.0,0.0,0.0,0.0,0.0,0.0,0.2116748268801315,17.902513789968022,19.22108217556966
9221,368.8,0.98,1,0.022,0.265,0.017,-0.066,-0.049,0.0,0.0,0.0,0.0,0.0,2.15,0.0,0.4,0.55,0.04,0.06,0.51,0.0,0.11,0.0,0.0,0.0,0.0,0.0,0.0,0.0,0.0,1.0,0.0,0.0,1.0,1.0,0.0,0.0,0.0,0.0,0.0,0.0,0.0,0.0,0.2257959882140798,19.204166214652304,19.312690128513903
9222,368.84,0.98,1,0.028,0.277,0.026,-0.058,-0.052,0.01,0.0,0.0,0.0,0.0,2.29,0.0,0.16,0.53,0.03,0.04,0.5,0.0,0.09,0.0,0.0,0.0,0.0,0.0,0.0,0.0,0.0,1.0,0.0,0.0,1.0,1.0,0.0,0.0,0.0,0.0,0.0,0.0,0.0,0.0,0.22043127559970757,19.802272596851054,20.115914098046762
9223,368.88,0.98,1,0.024,0.26,0.021,-0.053,-0.052,0.01,0.0,0.0,0.0,0.0,2.4,0.0,0.1,0.51,0.03,0.0,0.46,0.0,0.1,0.0,0.0,0.0,0.0,0.0,0.0,0.0,0.0,1.0,0.0,0.0,1.0,1.0,0.0,0.0,0.0,0.0,0.0,0.0,0.0,0.0,0.2335570989055281,19.906280415989414,19.904019694523882
9224,368.92,0.98,1,0.02,0.27,0.024,-0.057,-0.053,0.03,0.0,0.0,0.05,0.0,2.22,0.0,0.1,0.45,0.0,0.0,0.36,0.0,0.12,0.0,0.0,0.0,0.0,0.0,0.0,0.0,0.0,1.0,0.0,0.0,1.0,1.0,0.0,0.0,0.0,0.0,0.0,0.0,0.0,0.0,0.2325290080843888,20.002249873451735,20.20618717126024
9225,368.96,0.98,1,0.024,0.256,0.027,-0.049,-0.055,0.02,0.0,0.0,0.05,0.0,2.17,0.0,0.13,0.45,0.0,0.0,0.45,0.0,0.07,0.0,0.0,0.0,0.0,0.0,0.0,0.0,0.0,1.0,0.0,0.0,1.0,1.0,0.0,0.0,0.0,0.0,0.0,0.0,0.0,0.0,0.2414078044886256,20.002249873451735,20.608736011701357
9226,369.0,0.98,1,0.025,0.267,0.023,-0.057,-0.051,0.02,0.0,0.0,0.07,0.0,2.17,0.0,0.11,0.44,0.0,0.0,0.46,0.0,0.04,0.0,0.0,0.0,0.0,0.0,0.0,0.0,0.0,1.0,0.0,0.0,1.0,1.0,0.0,0.0,0.0,0.0,0.0,0.0,0.0,0.0,0.23600696963389856,21.202122535255803,21.00095235935742
9227,369.04,0.98,1,0.028,0.273,0.025,-0.063,-0.049,0.0,0.0,0.0,0.13,0.0,2.22,0.0,0.06,0.5,0.0,0.0,0.55,0.0,0.02,0.0,0.0,0.0,0.0,0.0,0.0,0.0,0.0,1.0,0.0,0.0,1.0,1.0,0.0,0.0,0.0,0.0,0.0,0.0,0.0,0.0,0.2398552929870952,21.208488866489333,21.40584032454681
9228,369.08,0.98,1,0.028,0.281,0.03,-0.059,-0.052,0.0,0.0,0.0,0.15,0.0,2.23,0.0,0.03,0.46,0.09,0.0,0.55,0.0,0.04,0.0,0.0,0.0,0.0,0.0,0.0,0.0,0.0,1.0,0.0,0.0,1.0,1.0,0.0,0.0,0.0,0.0,0.0,0.0,0.0,0.0,0.23818162584304375,20.715453169071456,21.508370463612533
9229,369.12,0.98,1,0.033,0.278,0.03,-0.059,-0.053,0.0,0.0,0.0,0.14,0.0,2.13,0.0,0.06,0.46,0.13,0.0,0.6,0.0,0.08,0.0,0.0,0.0,0.0,0.0,0.0,0.0,0.0,1.0,0.0,0.0,1.0,1.0,0.0,0.0,0.0,0.0,0.0,0.0,0.0,0.0,0.2376868416060414,21.011663427725086,21.50581316760657
9230,369.16,0.98,1,0.035,0.276,0.029,-0.057,-0.052,0.0,0.0,0.0,0.04,0.0,2.09,0.0,0.08,0.43,0.21,0.0,0.65,0.0,0.08,0.0,0.0,0.0,0.0,0.0,0.0,0.0,0.0,1.0,0.0,0.0,1.0,1.0,0.0,0.0,0.0,0.0,0.0,0.0,0.0,0.0,0.23727785465836898,21.30586773637718,21.605786262017777
9231,369.2,0.98,1,0.037,0.278,0.03,-0.062,-0.051,0.0,0.0,0.0,0.02,0.0,1.99,0.0,0.12,0.49,0.22,0.0,0.73,0.0,0.08,0.0,0.0,0.0,0.0,0.0,0.0,0.0,0.0,1.0,0.0,0.0,1.0,1.0,0.0,0.0,0.0,0.0,0.0,0.0,0.0,0.0,0.23985593412402073,21.42335174523361,21.711287386979194
9232,369.24,0.98,1,0.036,0.277,0.03,-0.063,-0.05,0.0,0.0,0.0,0.13,0.0,1.95,0.0,0.06,0.51,0.19,0.0,0.73,0.0,0.15,0.0,0.0,0.0,0.0,0.0,0.0,0.0,0.0,1.0,0.0,0.0,1.0,1.0,0.0,0.0,0.0,0.0,0.0,0.0,0.0,0.0,0.24304196786766363,21.614809737770212,21.80573319106693
9233,369.28,0.98,1,0.034,0.279,0.034,-0.06,-0.048,0.0,0.0,0.0,0.16,0.0,1.94,0.0,0.03,0.51,0.11,0.0,0.65,0.0,0.22,0.0,0.0,0.0,0.0,0.0,0.0,0.0,0.0,1.0,0.0,0.0,1.0,1.0,0.0,0.0,0.0,0.0,0.0,0.0,0.0,0.0,0.23160113475079558,21.70575960430784,21.91460700081122
9234,369.32,0.98,1,0.03,0.282,0.036,-0.058,-0.049,0.0,0.0,0.0,0.18,0.0,2.1,0.0,0.0,0.51,0.02,0.0,0.61,0.0,0.27,0.0,0.0,0.0,0.0,0.0,0.0,0.0,0.0,1.0,0.0,0.0,1.0,1.0,0.0,0.0,0.0,0.0,0.0,0.0,0.0,0.0,0.23640373758703676,21.311499243366196,22.205629916757644
9235,369.36,0.98,1,0.021,0.276,0.031,-0.055,-0.048,0.0,0.0,0.0,0.08,0.0,2.28,0.0,0.08,0.51,0.0,0.0,0.6,0.01,0.27,0.0,0.0,0.0,0.0,0.0,0.0,0.0,0.0,1.0,0.0,0.0,1.0,1.0,0.0,0.0,0.0,0.0,0.0,0.0,0.0,0.0,0.2306401264172636,21.215088969881833,21.80573319106693
9236,369.4,0.98,1,0.02,0.276,0.035,-0.05,-0.049,0.0,0.0,0.0,0.03,0.0,2.4,0.0,0.15,0.52,0.0,0.0,0.6,0.01,0.27,0.0,0.0,0.0,0.0,0.0,0.0,0.0,0.0,1.0,0.0,0.0,1.0,1.0,0.0,0.0,0.0,0.0,0.0,0.0,0.0,0.0,0.2296652259913835,21.403737991294975,21.605786262018004
9237,369.44,0.98,1,0.022,0.273,0.032,-0.054,-0.049,0.0,0.0,0.0,0.1,0.0,2.32,0.0,0.15,0.51,0.0,0.0,0.6,0.01,0.28,0.0,0.0,0.0,0.0,0.0,0.0,0.0,0.0,1.0,0.0,0.0,1.0,1.0,0.0,0.0,0.0,0.0,0.0,0.0,0.0,0.0,0.2352505622264119,21.5188289644209,21.90365266342566
9238,369.48,0.98,1,0.029,0.278,0.031,-0.057,-0.049,0.0,0.0,0.0,0.09,0.0,2.27,0.0,0.14,0.52,0.0,0.0,0.61,0.0,0.28,0.0,0.0,0.0,0.0,0.0,0.0,0.0,0.0,1.0,0.0,0.0,1.0,1.0,0.0,0.0,0.0,0.0,0.0,0.0,0.0,0.0,0.23523863435116943,21.533462331914944,21.80573319106693
9239,369.52,0.98,1,0.014,0.286,0.032,-0.054,-0.046,0.0,0.0,0.0,0.13,0.0,2.2,0.0,0.13,0.53,0.0,0.0,0.61,0.0,0.31,0.0,0.0,0.0,0.0,0.0,0.0,0.0,0.0,1.0,0.0,0.0,1.0,1.0,0.0,0.0,0.0,0.0,0.0,0.0,0.0,0.0,0.22404611050963513,21.323461257497527,21.400233643584453
9240,369.56,0.98,1,0.016,0.275,0.026,-0.051,-0.048,0.0,0.0,0.0,0.04,0.0,2.19,0.0,0.19,0.51,0.0,0.0,0.57,0.0,0.34,0.0,0.0,0.0,0.0,0.0,0.0,0.0,0.0,1.0,0.0,0.0,1.0,1.0,0.0,0.0,0.0,0.0,0.0,0.0,0.0,0.0,0.21956349407063658,21.20377324911776,21.60092590608088
9241,369.6,0.98,1,0.016,0.281,0.032,-0.053,-0.052,0.0,0.0,0.0,0.04,0.0,2.18,0.0,0.16,0.48,0.0,0.0,0.55,0.0,0.38,0.0,0.0,0.0,0.0,0.0,0.0,0.0,0.0,1.0,0.0,0.0,1.0,1.0,0.0,0.0,0.0,0.0,0.0,0.0,0.0,0.0,0.22052461767529152,21.523243250030884,21.5
9242,369.64,0.98,1,0.022,0.271,0.03,-0.052,-0.051,0.0,0.0,0.0,0.01,0.0,2.2,0.0,0.17,0.46,0.0,0.0,0.58,0.0,0.37,0.0,0.0,0.0,0.0,0.0,0.0,0.0,0.0,1.0,0.0,0.0,1.0,1.0,0.0,0.0,0.0,0.0,0.0,0.0,0.0,0.0,0.23234063160739749,21.30844902849567,22.000909072126998
9243,369.68,0.98,1,0.044,0.281,0.035,-0.057,-0.051,0.0,0.0,0.0,0.01,0.0,2.18,0.0,0.15,0.47,0.0,0.0,0.57,0.0,0.37,0.0,0.0,0.0,0.0,0.0,0.0,0.0,0.0,1.0,0.0,0.0,1.0,1.0,0.0,0.0,0.0,0.0,0.0,0.0,0.0,0.0,0.24340640881892345,20.934421415458417,21.818570072303046
9244,369.72,0.98,1,0.059,0.262,0.032,-0.055,-0.05,0.0,0.0,0.0,0.0,0.0,2.2,0.0,0.19,0.48,0.02,0.0,0.58,0.0,0.4,0.0,0.0,0.0,0.0,0.0,0.0,0.0,0.0,1.0,0.0,0.0,1.0,1.0,0.0,0.0,0.0,0.0,0.0,0.0,0.0,0.0,0.24191731605561784,20.324615617521708,23.117525819170094
9245,369.76,0.98,1,0.055,0.264,0.03,-0.054,-0.05,0.0,0.0,0.0,0.0,0.0,2.23,0.0,0.16,0.46,0.02,0.0,0.55,0.0,0.4,0.0,0.0,0.0,0.0,0.0,0.0,0.0,0.0,1.0,0.0,0.0,1.0,1.0,0.0,0.0,0.0,0.0,0.0,0.0,0.0,0.0,0.2403539766957059,20.2121250738264,22.821919288263157
9246,369.8,0.98,1,0.064,0.249,0.029,-0.058,-0.05,0.0,0.0,0.0,0.05,0.0,2.08,0.0,0.14,0.45,0.02,0.0,0.55,0.0,0.4,0.0,0.0,0.0,0.0,0.0,0.0,0.0,0.0,1.0,0.0,0.0,1.0,1.0,0.0,0.0,0.0,0.0,0.0,0.0,0.0,0.0,0.2590427978285927,20.020239758804088,22.91396953825339
9247,369.84,0.98,1,0.053,0.248,0.024,-0.055,-0.049,0.0,0.0,0.0,0.11,0.0,1.87,0.0,0.13,0.39,0.0,0.0,0.53,0.0,0.4,0.0,0.0,0.0,0.0,0.0,0.0,0.0,0.0,1.0,0.0,0.0,1.0,1.0,0.0,0.0,0.0,0.0,0.0,0.0,0.0,0.0,0.26037418606676893,20.030227157973023,23.207757323791586
9248,369.88,0.98,1,0.058,0.241,0.022,-0.055,-0.046,0.0,0.0,0.0,0.13,0.0,1.74,0.0,0.29,0.38,0.0,0.03,0.44,0.0,0.44,0.0,0.0,0.0,0.0,0.0,0.0,0.0,0.0,1.0,0.0,0.0,1.0,1.0,0.0,0.0,0.0,0.0,0.0,0.0,0.0,0.0,0.2631555421879054,19.716236963477634,23.10541062175711
9249,369.92,0.98,1,0.06,0.25,0.026,-0.056,-0.048,0.0,0.0,0.0,0.08,0.0,1.94,0.0,0.42,0.38,0.0,0.03,0.4,0.0,0.44,0.0,0.0,0.0,0.0,1.0,0.0,0.0,0.0,0.0,0.0,0.0,1.0,1.0,0.0,0.0,0.0,0.0,0.0,0.0,0.0,0.0,0.2531301485421913,19.712432625122702,22.5055548698538
9250,369.96,0.98,1,0.054,0.251,0.025,-0.056,-0.048,0.05,0.0,0.0,0.02,0.0,1.86,0.0,0.51,0.41,0.0,0.08,0.36,0.0,0.28,0.0,0.0,0.39,0.0,1.0,0.0,0.0,0.0,0.0,0.0,0.0,1.0,1.0,0.0,0.0,0.0,0.0,0.0,0.0,0.0,0.0,0.24616145390069682,19.606376513777484,21.40840956259955
9251,370.0,0.98,1,0.069,0.315,0.009,-0.063,-0.046,0.2,0.08,0.0,0.0,0.0,1.21,0.0,0.47,0.47,0.07,0.05,0.33,0.0,0.12,0.0,0.0,1.04,0.0,1.0,0.0,0.0,0.0,0.0,0.0,0.0,0.0,1.0,0.0,0.0,0.0,0.0,0.0,0.0,0.0,1.0,0.20587927928114533,18.613167382259167,19.085072700935676
9252,370.04,0.98,1,0.06,0.356,-0.018,-0.08,-0.034,0.33,0.14,0.0,0.0,0.0,0.59,0.0,0.47,0.49,0.12,0.05,0.46,0.0,0.0,0.0,0.0,1.62,0.0,1.0,0.0,0.0,0.0,0.0,0.0,0.0,0.0,1.0,0.0,0.0,0.0,0.0,0.0,0.0,0.0,1.0,0.17831878444718596,18.117670931993313,18.43908891458586
9253,370.08,0.98,1,0.048,0.362,-0.017,-0.08,-0.032,0.35,0.19,0.0,0.0,0.0,0.36,0.0,0.4,0.47,0.15,0.0,0.5,0.0,0.0,0.0,0.0,1.68,0.0,1.0,0.0,0.0,0.0,0.0,0.0,0.0,0.0,1.0,0.0,0.0,0.0,0.0,0.0,0.0,0.0,1.0,0.1752052997116117,16.21172415260031,20.69685966517617
9254,370.12,0.98,1,0.022,0.325,-0.01,-0.066,-0.036,0.22,0.11,0.0,0.0,0.0,0.95,0.0,0.3,0.39,0.08,0.0,0.66,0.0,0.0,0.0,0.0,1.31,0.0,1.0,0.0,0.0,0.0,0.0,0.0,0.0,0.0,1.0,0.0,0.0,0.0,0.0,0.0,0.0,0.0,1.0,0.1796370330746489,17.564168070250297,20.131815616083905
9255,370.16,0.98,1,0.01,0.29,-0.006,-0.059,-0.041,0.14,0.05,0.0,0.02,0.0,1.5,0.0,0.18,0.33,0.02,0.0,0.54,0.0,0.01,0.0,0.0,0.91,0.0,1.0,0.0,0.0,0.0,1.0,0.0,0.0,0.0,1.0,0.0,0.0,0.0,0.0,0.0,0.0,0.0,1.0,0.1987488139604699,15.200328943808897,19.573962296888183
9256,370.2,0.98,1,0.005,0.275,0.0,-0.056,-0.041,0.13,0.0,0.0,0.09,0.0,2.02,0.0,0.15,0.31,0.01,0.0,0.56,0.0,0.05,0.0,0.0,0.56,0.0,1.0,0.0,0.0,0.0,1.0,0.0,0.0,0.0,1.0,0.0,0.0,0.0,0.0,0.0,0.0,0.0,1.0,0.20492557967038758,17.223530416264882,17.68191166135598
9257,370.24,0.98,1,0.005,0.25,-0.009,-0.054,-0.038,0.12,0.0,0.0,0.09,0.0,2.13,0.0,0.1,0.32,0.03,0.0,0.49,0.0,0.09,0.0,0.0,0.32,0.0,1.0,0.0,0.0,0.0,1.0,0.0,0.0,0.0,1.0,0.0,0.0,0.0,0.0,0.0,0.0,0.0,0.0,0.1949522741080565,17.622996340009742,16.519382555047272
9258,370.28,0.98,1,0.014,0.276,0.002,-0.049,-0.039,0.07,0.0,0.0,0.07,0.0,2.06,0.0,0.07,0.33,0.03,0.0,0.54,0.0,0.19,0.0,0.0,0.23,0.0,1.0,0.0,0.0,0.0,1.0,0.0,0.0,0.0,1.0,0.0,0.0,0.0,0.0,0.0,0.0,0.0,0.0,0.18767703546863207,17.513994404475525,17.12366783139631
9259,370.32,0.98,1,0.013,0.273,0.0,-0.051,-0.035,0.01,0.0,0.0,0.0,0.0,1.74,0.0,0.0,0.35,0.09,0.02,0.61,0.0,0.21,0.0,0.0,0.13,0.0,1.0,0.0,0.0,0.0,1.0,0.0,0.0,0.0,1.0,0.0,0.0,0.0,0.0,0.0,0.0,0.0,0.0,0.18610433799547896,18.439088914585636,17.613914953808443
9260,370.36,0.98,1,0.015,0.275,0.003,-0.052,-0.037,0.0,0.0,0.0,0.0,0.0,1.5,0.0,0.0,0.32,0.08,0.02,0.71,0.0,0.26,0.0,0.0,0.2,0.0,1.0,0.0,0.0,0.0,1.0,0.0,0.0,0.0,1.0,0.0,0.0,0.0,0.0,0.0,0.0,0.0,0.0,0.18677547842128195,19.76486782146548,18.52187895436097
9261,370.4,0.98,1,0.01,0.265,0.004,-0.053,-0.037,0.02,0.0,0.0,0.0,0.0,1.49,0.0,0.0,0.29,0.08,0.02,0.71,0.0,0.2,0.0,0.0,0.22,0.0,1.0,0.0,0.0,0.0,1.0,0.0,0.0,0.0,1.0,0.0,0.0,0.0,0.0,0.0,0.0,0.0,0.0,0.18658654876973713,20.255616505058587,18.30983342360051
9262,370.44,0.98,1,0.018,0.298,0.005,-0.044,-0.042,0.14,0.05,0.0,0.0,0.0,1.39,0.0,0.0,0.25,0.0,0.0,0.6,0.0,0.14,0.0,0.0,0.5,0.0,1.0,0.0,0.0,0.0,1.0,0.0,0.0,0.0,1.0,0.0,0.0,0.0,0.0,0.0,0.0,0.0,1.0,0.16922332918513538,19.41262475813085,18.01776900728833
9263,370.48,0.98,1,-0.023,0.336,0.005,-0.038,-0.043,0.24,0.11,0.0,0.0,0.0,1.25,0.0,0.0,0.26,0.0,0.0,0.51,0.0,0.05,0.0,0.0,0.76,1.0,1.0,0.0,0.0,0.0,1.0,0.0,0.0,0.0,1.0,0.0,0.0,0.0,0.0,0.0,0.0,0.0,1.0,0.18508086361954387,17.810109488714502,18.08977611801761
9264,370.52,0.98,1,-0.019,0.34,0.013,-0.035,-0.043,0.34,0.14,0.0,0.0,0.0,1.12,0.0,0.0,0.27,0.03,0.0,0.47,0.0,0.0,0.0,0.0,0.87,1.0,1.0,0.0,0.0,0.0,1.0,0.0,0.0,0.0,1.0,0.0,0.0,0.0,0.0,0.0,0.0,0.0,1.0,0.19086979030204537,18.52187895436097,18.221415971323328
9265,370.56,0.98,1,-0.023,0.338,0.019,-0.029,-0.043,0.37,0.14,0.0,0.0,0.0,1.27,0.0,0.0,0.3,0.07,0.0,0.48,0.05,0.0,0.0,0.0,0.86,1.0,1.0,0.0,0.0,0.0,1.0,0.0,0.0,0.0,1.0,0.0,0.0,0.0,0.0,0.0,0.0,0.0,1.0,0.20089075222073433,18.726718879718405,18.408965207202666
9266,370.6,0.98,1,-0.034,0.342,0.02,-0.027,-0.037,0.35,0.08,0.0,0.0,0.0,1.47,0.0,0.0,0.34,0.16,0.0,0.5,0.05,0.0,0.0,0.0,0.77,1.0,1.0,0.0,0.0,0.0,1.0,0.0,0.0,0.0,1.0,0.0,0.0,0.0,0.0,0.0,0.0,0.0,1.0,0.19617191372021284,18.527007313648905,18.080099557248012
9267,370.64,0.98,1,-0.017,0.351,0.022,-0.028,-0.032,0.35,0.05,0.0,0.0,0.0,1.59,0.0,0.0,0.38,0.22,0.03,0.59,0.05,0.0,0.0,0.0,0.78,1.0,1.0,0.0,0.0,0.0,1.0,0.0,0.0,0.0,1.0,0.0,0.0,0.0,0.0,0.0,0.0,0.0,1.0,0.1837257411050024,17.204650534085303,17.880995498014272
9268,370.68,0.98,1,0.012,0.35,0.023,-0.028,-0.03,0.22,0.0,0.0,0.05,0.0,1.62,0.0,0.02,0.4,0.25,0.06,0.71,0.0,0.03,0.0,0.0,0.72,1.0,1.0,0.0,0.0,0.0,1.0,0.0,0.0,0.0,1.0,0.0,0.0,0.0,0.0,0.0,0.0,0.0,1.0,0.18696456713175202,18.013605968822567,19.085072700935665
9269,370.72,0.98,1,0.041,0.329,0.016,-0.034,-0.023,0.18,0.0,0.0,0.07,0.0,1.75,0.0,0.02,0.41,0.16,0.06,0.71,0.01,0.06,0.0,0.0,0.72,1.0,1.0,0.0,0.0,0.0,1.0,0.0,0.0,0.0,1.0,0.0,0.0,0.0,0.0,0.0,0.0,0.0,1.0,0.20055731998901277,16.219741058352362,18.461040057374973
9270,370.76,0.98,1,0.042,0.337,0.017,-0.035,-0.017,0.16,0.0,0.0,0.07,0.0,1.81,0.0,0.02,0.38,0.18,0.04,0.64,0.01,0.15,0.0,0.0,0.72,1.0,1.0,0.0,0.0,0.0,1.0,0.0,0.0,0.0,1.0,0.0,0.0,0.0,0.0,0.0,0.0,0.0,1.0,0.18945541484112546,16.90473306503227,19.450449866262595
9271,370.8,0.98,1,0.051,0.322,0.02,-0.036,-0.016,0.27,0.0,0.0,0.02,0.0,1.7,0.0,0.0,0.36,0.24,0.0,0.54,0.01,0.12,0.0,0.0,0.9,1.0,1.0,0.0,0.0,0.0,1.0,0.0,0.0,0.0,1.0,0.0,0.0,0.0,0.0,0.0,0.0,0.0,1.0,0.19559054896564926,16.601204775557616,19.366207682455496
9272,370.84,0.98,1,0.061,0.324,0.022,-0.047,-0.013,0.35,0.0,0.0,0.0,0.0,1.28,0.0,0.0,0.36,0.33,0.0,0.46,0.0,0.09,0.0,0.0,1.26,1.0,1.0,0.0,0.0,0.0,1.0,0.0,0.0,0.0,1.0,0.0,0.0,0.0,0.0,0.0,0.0,0.0,1.0,0.2113517549088809,17.407182425654163,18.170580618130966
9273,370.88,0.98,1,0.018,0.404,0.027,-0.06,-0.015,0.43,0.0,0.0,0.0,0.0,0.93,0.0,0.0,0.39,0.29,0.02,0.44,0.02,0.01,0.0,0.0,1.64,0.0,1.0,0.0,0.0,0.0,1.0,0.0,0.0,0.0,1.0,0.0,0.0,0.0,0.0,0.0,0.0,0.0,1.0,0.18192784384651572,17.76288264893952,18.439088914585643
9274,370.92,0.98,1,0.005,0.394,0.026,-0.05,-0.02,0.37,0.0,0.0,0.0,0.0,0.92,0.0,0.0,0.37,0.2,0.02,0.47,0.02,0.0,0.0,0.0,1.83,0.0,1.0,0.0,0.0,0.0,0.0,0.0,0.0,0.0,1.0,0.0,0.0,0.0,0.0,0.0,0.0,0.0,1.0,0.18171835783790863,17.228464818433615,19.84263087395415
9275,370.96,0.98,1,0.018,0.331,0.022,-0.04,-0.024,0.26,0.0,0.0,0.0,0.0,1.2,0.0,0.02,0.33,0.1,0.02,0.58,0.02,0.06,0.0,0.0,1.38,0.0,1.0,0.0,0.0,0.0,0.0,0.0,0.0,0.0,1.0,0.0,0.0,0.0,0.0,0.0,0.0,0.0,1.0,0.1978406061272656,16.72991332912402,20.66204249342271
9276,371.0,0.98,1,0.008,0.288,0.022,-0.041,-0.028,0.07,0.0,0.0,0.0,0.0,1.47,0.0,0.02,0.31,0.08,0.0,0.64,0.0,0.14,0.03,0.0,0.91,0.0,1.0,0.0,0.0,0.0,0.0,0.0,0.0,0.0,1.0,0.0,0.0,0.0,0.0,0.0,0.0,0.0,1.0,0.1959827283543703,17.510282693320512,17.85497129653247
9277,371.04,0.98,1,0.02,0.294,0.027,-0.04,-0.033,0.0,0.0,0.0,0.0,0.0,1.43,0.0,0.02,0.34,0.12,0.0,0.71,0.0,0.26,0.05,0.0,0.34,0.0,0.0,0.0,0.0,0.0,0.0,0.0,0.0,0.0,1.0,0.0,0.0,0.0,0.0,0.0,0.0,0.0,1.0,0.19228447026056786,20.462648899885945,18.322117781522916
9278,371.08,0.98,1,0.01,0.294,0.029,-0.045,-0.032,0.0,0.0,0.0,0.0,0.0,1.31,0.0,0.0,0.36,0.15,0.0,0.7,0.0,0.34,0.05,0.0,0.16,0.0,0.0,0.0,0.0,0.0,0.0,0.0,0.0,0.0,1.0,0.0,0.0,0.0,0.0,0.0,0.0,0.0,0.0,0.2006845028586733,19.836330305779803,19.20416621465253
9279,371.12,0.98,1,-0.001,0.286,0.025,-0.047,-0.032,0.0,0.0,0.0,0.0,0.0,1.12,0.0,0.0,0.36,0.15,0.0,0.71,0.0,0.39,0.02,0.0,0.0,0.0,0.0,0.0,0.0,0.0,0.0,0.0,0.0,0.0,1.0,0.0,0.0,0.0,0.0,0.0,0.0,0.0,0.0,0.21181835507746316,20.012246250733575,19.900251254695117
9280,371.16,0.98,1,0.002,0.286,0.021,-0.049,-0.031,0.0,0.0,0.0,0.0,0.0,1.13,0.0,0.0,0.36,0.15,0.0,0.66,0.0,0.37,0.0,0.0,0.0,0.0,0.0,0.0,0.0,0.0,0.0,0.0,0.0,0.0,1.0,0.0,0.0,0.0,0.0,0.0,0.0,0.0,0.0,0.21723882267369699,20.403921191771047,21.005951537600005
9281,371.2,0.98,1,0.001,0.287,0.027,-0.054,-0.034,0.0,0.0,0.0,0.0,0.0,1.23,0.0,0.02,0.28,0.13,0.02,0.68,0.0,0.31,0.0,0.0,0.0,0.0,0.0,0.0,0.0,0.0,0.0,0.0,0.0,0.0,1.0,0.0,0.0,0.0,0.0,0.0,0.0,0.0,0.0,0.2271965429335167,21.299999999999955,21.10094784600933
9282,371.24,0.98,1,-0.0,0.282,0.024,-0.051,-0.035,0.0,0.0,0.0,0.0,0.0,1.45,0.0,0.02,0.27,0.08,0.02,0.71,0.0,0.24,0.0,0.0,0.0,0.0,0.0,0.0,0.0,0.0,0.0,0.0,0.0,0.0,1.0,0.0,0.0,0.0,0.0,0.0,0.0,0.0,0.0,0.22517484390201925,21.80091741188884,21.5
9283,371.28,0.98,1,0.003,0.279,0.015,-0.044,-0.036,0.0,0.0,0.0,0.0,0.0,1.59,0.0,0.07,0.25,0.01,0.07,0.7,0.0,0.25,0.0,0.0,0.0,0.0,0.0,0.0,0.0,0.0,0.0,0.0,0.0,0.0,1.0,0.0,0.0,0.0,0.0,0.0,0.0,0.0,0.0,0.2218033458290936,22.002045359466013,21.80206412246322
9284,371.32,0.98,1,0.0,0.287,0.018,-0.044,-0.035,0.01,0.0,0.0,0.0,0.0,1.75,0.0,0.08,0.23,0.0,0.14,0.6,0.0,0.31,0.0,0.0,0.0,0.0,0.0,0.0,0.0,0.0,0.0,0.0,0.0,0.0,1.0,0.0,0.0,0.0,0.0,0.0,0.0,0.0,0.0,0.21805268288327223,22.0081802973349,21.803669415949415
9285,371.36,0.98,1,0.003,0.279,0.01,-0.048,-0.031,0.01,0.0,0.0,0.0,0.0,1.75,0.0,0.08,0.16,0.0,0.19,0.54,0.0,0.34,0.0,0.0,0.0,0.0,0.0,0.0,0.0,0.0,0.0,0.0,0.0,0.0,1.0,0.0,0.0,0.0,0.0,0.0,0.0,0.0,0.0,0.2226584042217779,21.818570072303274,22.203603311174337
9286,371.4,0.98,1,0.01,0.28,0.015,-0.051,-0.033,0.01,0.0,0.0,0.04,0.0,1.79,0.0,0.03,0.11,0.0,0.19,0.45,0.0,0.36,0.0,0.0,0.0,0.0,0.0,0.0,0.0,0.0,0.0,0.0,0.0,0.0,1.0,0.0,0.0,0.0,0.0,0.0,0.0,0.0,0.0,0.21803224863447968,21.91848534912926,22.10814329607975
9287,371.44,0.98,1,0.005,0.283,0.012,-0.053,-0.033,0.0,0.0,0.0,0.09,0.0,1.77,0.0,0.01,0.11,0.0,0.09,0.48,0.0,0.34,0.0,0.0,0.0,0.0,0.0,0.0,0.0,0.0,0.0,0.0,0.0,0.0,1.0,0.0,0.0,0.0,0.0,0.0,0.0,0.0,0.0,0.21973796674864232,22.005681084665387,22.305604676851914
9288,371.48,0.98,1,0.002,0.272,0.011,-0.053,-0.034,0.19,0.0,0.0,0.09,0.0,1.47,0.0,0.04,0.19,0.0,0.05,0.4,0.0,0.24,0.0,0.0,0.35,0.0,1.0,0.0,0.0,0.0,0.0,0.0,0.0,0.0,1.0,0.0,0.0,0.0,0.0,0.0,0.0,0.0,0.0,0.22782515587901053,21.905707018948373,22.102036105300254
9289,371.52,0.98,1,0.039,0.334,0.011,-0.04,-0.036,0.24,0.0,0.0,0.05,0.0,0.92,0.0,0.1,0.23,0.0,0.01,0.36,0.05,0.12,0.07,0.0,1.14,1.0,1.0,0.0,0.0,0.0,0.0,0.0,0.0,0.0,1.0,0.0,0.0,0.0,0.0,0.0,0.0,0.0,1.0,0.2187537263065026,19.22108217556966,20.33543704964312
9290,371.56,0.98,1,0.019,0.378,-0.014,-0.071,-0.024,0.38,0.0,0.0,0.0,0.0,0.47,0.0,0.09,0.29,0.0,0.01,0.23,0.05,0.0,0.15,0.0,1.69,1.0,1.0,0.0,0.0,0.0,0.0,0.0,0.0,0.0,1.0,0.0,0.0,0.0,0.0,0.0,0.0,0.0,1.0,0.17866102238059645,16.688319268278637,20.31944881142185
9291,371.6,0.98,1,0.026,0.383,-0.004,-0.055,-0.027,0.25,0.0,0.0,0.0,0.0,0.3,0.0,0.06,0.25,0.0,0.01,0.26,0.05,0.0,0.15,0.0,1.77,1.0,1.0,0.0,0.0,0.0,0.0,0.0,0.0,0.0,1.0,0.0,0.0,0.0,0.0,0.0,0.0,0.0,1.0,0.18059205410142204,16.943435306926567,19.782062582046436
9292,371.64,0.98,1,0.03,0.327,-0.002,-0.046,-0.033,0.27,0.0,0.0,0.0,0.0,0.95,0.0,0.0,0.23,0.0,0.0,0.38,0.0,0.0,0.08,0.0,1.07,1.0,1.0,0.0,0.0,0.0,0.0,0.0,0.0,0.0,1.0,0.0,0.0,0.0,0.0,0.0,0.0,0.0,1.0,0.1861572779188403,19.204426573058754,19.822462006521842
9293,371.68,0.98,1,-0.016,0.311,0.006,-0.04,-0.038,0.19,0.0,0.0,0.06,0.0,1.47,0.0,0.0,0.2,0.0,0.07,0.46,0.0,0.0,0.0,0.0,0.7,0.0,1.0,0.0,0.0,0.0,0.0,0.0,0.0,0.0,1.0,0.0,0.0,0.0,0.0,0.0,0.0,0.0,1.0,0.18154420608538346,15.116216457831106,19.231484602079004
9294,371.72,0.98,1,0.006,0.292,0.013,-0.033,-0.04,0.22,0.01,0.0,0.06,0.0,1.95,0.0,0.0,0.23,0.0,0.07,0.51,0.0,0.0,0.0,0.0,0.37,0.0,1.0,0.0,0.0,0.0,0.0,0.0,0.0,0.0,1.0,0.0,0.0,0.0,0.0,0.0,0.0,0.0,1.0,0.18391913177525787,17.341568556506253,17.971366113904732
9295,371.76,0.98,1,-0.006,0.294,0.025,-0.033,-0.043,0.19,0.01,0.0,0.06,0.0,2.03,0.0,0.0,0.25,0.0,0.11,0.31,0.0,0.0,0.0,0.12,0.32,0.0,1.0,0.0,0.0,0.0,0.0,0.0,0.0,0.0,1.0,0.0,0.0,0.0,0.0,0.0,0.0,0.0,0.0,0.1916838552603242,18.322117781522916,17.933767033169445
9296,371.8,0.98,1,-0.002,0.287,0.025,-0.03,-0.041,0.17,0.01,0.0,0.0,0.0,2.02,0.0,0.0,0.24,0.0,0.1,0.23,0.0,0.0,0.11,0.36,0.23,0.0,1.0,0.0,0.0,0.0,0.0,0.0,0.0,0.0,1.0,0.0,0.0,0.0,0.0,0.0,0.0,0.0,0.0,0.19367560428090347,19.237463450257497,18.52187895436097
9297,371.84,0.98,1,0.002,0.298,0.036,-0.027,-0.048,0.08,0.0,0.0,0.0,0.0,2.06,0.0,0.0,0.25,0.0,0.14,0.13,0.0,0.0,0.24,0.65,0.22,0.0,0.0,0.0,0.0,0.0,0.0,0.0,0.0,0.0,1.0,0.0,0.0,0.0,0.0,0.0,0.0,0.0,0.0,0.197952663410594,20.248456731316402,19.212756179163705
9298,371.88,0.98,1,0.005,0.287,0.032,-0.025,-0.05,0.06,0.0,0.0,0.0,0.0,2.0,0.0,0.0,0.25,0.0,0.14,0.16,0.0,0.0,0.43,0.86,0.21,0.0,0.0,0.0,0.0,0.0,0.0,0.0,0.0,0.0,1.0,0.0,0.0,0.0,0.0,0.0,0.0,0.0,0.0,0.1980169270057489,19.920341362537027,19.825236442473976
9299,371.92,0.98,1,0.007,0.287,0.035,-0.022,-0.054,0.03,0.0,0.0,0.0,0.0,2.02,0.0,0.0,0.28,0.0,0.08,0.14,0.0,0.0,0.48,0.9,0.22,0.0,0.0,0.0,0.0,0.0,0.0,0.0,0.0,0.0,1.0,0.0,0.0,0.0,0.0,0.0,0.0,0.0,0.0,0.2053215736828213,20.106217943710757,19.825236442473976
9300,371.96,0.98,1,0.005,0.284,0.032,-0.017,-0.056,0.1,0.0,0.0,0.03,0.0,2.01,0.0,0.0,0.3,0.0,0.05,0.08,0.0,0.0,0.55,0.91,0.14,0.0,0.0,0.0,0.0,0.0,0.0,0.0,0.0,1.0,1.0,0.0,0.0,0.0,0.0,0.0,0.0,0.0,0.0,0.20654181044092598,20.402205763103254,20.519746587129188
9301,372.0,0.98,1,0.0,0.279,0.032,-0.019,-0.057,0.19,0.04,0.0,0.03,0.0,1.99,0.0,0.0,0.37,0.0,0.09,0.09,0.0,0.0,0.54,0.84,0.08,0.0,0.0,0.0,0.0,0.0,0.0,0.0,0.0,1.0,1.0,0.0,0.0,0.0,0.0,0.0,0.0,0.0,0.0,0.22236950243462023,19.600255100380846,20.500975586542218
9302,372.04,0.98,1,0.001,0.275,0.034,-0.018,-0.056,0.31,0.1,0.0,0.03,0.0,1.89,0.0,0.0,0.41,0.01,0.11,0.11,0.0,0.0,0.62,0.82,0.0,0.0,0.0,0.0,0.0,0.0,0.0,0.0,0.0,1.0,1.0,0.0,0.0,0.0,0.0,0.0,0.0,0.0,0.0,0.22964940142099938,19.406442229321776,20.202227599945324
9303,372.08,0.98,1,-0.003,0.272,0.034,-0.017,-0.058,0.28,0.1,0.0,0.0,0.0,1.81,0.0,0.0,0.41,0.01,0.11,0.11,0.0,0.0,0.61,0.8,0.0,0.0,0.0,0.0,0.0,0.0,0.0,0.0,0.0,1.0,1.0,0.0,0.0,0.0,0.0,0.0,0.0,0.0,0.0,0.2305943940974141,20.00099997500125,20.40000000000009
9304,372.12,0.98,1,0.001,0.278,0.036,-0.025,-0.052,0.24,0.06,0.0,0.0,0.0,1.68,0.0,0.0,0.38,0.01,0.03,0.15,0.0,0.0,0.68,0.84,0.0,0.0,0.0,0.0,0.0,0.0,0.0,0.0,0.0,1.0,1.0,0.0,0.0,0.0,0.0,0.0,0.0,0.0,0.0,0.23600332096863208,19.90226117806727,20.802163349036515
9305,372.16,0.98,1,0.007,0.281,0.036,-0.024,-0.054,0.22,0.07,0.0,0.0,0.0,1.72,0.0,0.0,0.36,0.0,0.0,0.16,0.0,0.0,0.74,0.84,0.0,0.0,0.0,0.0,0.0,0.0,0.0,0.0,0.0,1.0,1.0,0.0,0.0,0.0,0.0,0.0,0.0,0.0,0.0,0.23869466715178292,20.30221662774777,21.402102700435858
9306,372.2,0.98,1,-0.0,0.272,0.037,-0.023,-0.057,0.19,0.07,0.0,0.0,0.0,1.78,0.0,0.0,0.33,0.0,0.0,0.17,0.0,0.0,0.76,0.84,0.0,0.0,0.0,0.0,0.0,0.0,0.0,0.0,0.0,1.0,1.0,0.0,0.0,0.0,0.0,0.0,0.0,0.0,0.0,0.24082993620760507,20.50219500443794,20.603883129157868
9307,372.24,0.98,1,0.007,0.275,0.038,-0.024,-0.056,0.18,0.07,0.0,0.0,0.0,1.91,0.0,0.0,0.29,0.0,0.0,0.08,0.0,0.0,0.73,0.8,0.0,0.0,0.0,0.0,0.0,0.0,0.0,0.0,0.0,1.0,1.0,0.0,0.0,0.0,0.0,0.0,0.0,0.0,0.0,0.23713504396197282,20.908610666421712,21.900913222968445
9308,372.28,0.98,1,0.012,0.278,0.039,-0.022,-0.059,0.12,0.0,0.0,0.0,0.0,1.81,0.0,0.0,0.25,0.0,0.0,0.03,0.0,0.0,0.62,0.78,0.0,0.0,0.0,0.0,0.0,0.0,0.0,0.0,0.0,1.0,1.0,0.0,0.0,0.0,0.0,0.0,0.0,0.0,0.0,0.23681004408400458,21.61480973776998,21.800000000000182
9309,372.32,0.98,1,0.014,0.284,0.044,-0.018,-0.061,0.17,0.0,0.0,0.0,0.0,1.92,0.0,0.0,0.23,0.0,0.06,0.0,0.0,0.0,0.5,0.7,0.0,0.0,0.0,0.0,0.0,0.0,0.0,0.0,0.0,0.0,1.0,0.0,0.0,0.0,0.0,0.0,0.0,0.0,0.0,0.22707018717108932,21.514878572745882,22.100904958847185
9310,372.36,0.98,1,0.01,0.29,0.043,-0.015,-0.063,0.11,0.0,0.0,0.02,0.0,1.75,0.0,0.0,0.22,0.0,0.11,0.03,0.0,0.0,0.44,0.55,0.0,0.0,0.0,0.0,0.0,0.0,0.0,0.0,0.0,0.0,1.0,0.0,0.0,0.0,0.0,0.0,0.0,0.0,0.0,0.21969990933917175,21.523243250030884,22.000909072126998
9311,372.4,0.98,1,0.007,0.3,0.048,-0.012,-0.065,0.1,0.0,0.0,0.02,0.0,1.68,0.0,0.0,0.22,0.0,0.11,0.06,0.0,0.0,0.35,0.5,0.0,0.0,0.0,0.0,0.0,0.0,0.0,0.0,0.0,0.0,1.0,0.0,0.0,0.0,0.0,0.0,0.0,0.0,0.0,0.2145105416768886,21.618741869035674,22.203603311174334
9312,372.44,0.98,1,0.003,0.302,0.045,-0.01,-0.066,0.2,0.0,0.0,0.04,0.0,1.57,0.0,0.0,0.25,0.0,0.1,0.09,0.0,0.0,0.4,0.48,0.0,0.0,0.0,0.0,0.0,0.0,0.0,0.0,0.0,0.0,1.0,0.0,0.0,0.0,0.0,0.0,0.0,0.0,0.0,0.2198216475727171,21.53346233191495,22.40022321317366
9313,372.48,0.98,1,0.002,0.284,0.043,-0.014,-0.066,0.28,0.0,0.0,0.02,0.0,1.9,0.0,0.0,0.28,0.0,0.08,0.08,0.0,0.0,0.4,0.61,0.0,0.0,0.0,0.0,0.0,0.0,1.0,0.0,0.0,0.0,1.0,0.0,0.0,0.0,0.0,0.0,0.0,0.0,0.0,0.24188770700599435,21.52812114421507,23.000217390276987
9314,372.52,0.98,1,0.013,0.312,0.059,-0.01,-0.069,0.29,0.0,0.0,0.13,0.0,2.01,0.0,0.0,0.32,0.0,0.13,0.05,0.0,0.0,0.45,0.59,0.0,0.0,0.0,0.0,0.0,0.0,1.0,0.0,0.0,0.0,1.0,0.0,0.0,0.0,0.0,0.0,0.0,0.0,0.0,0.22338024257288322,21.927608168699205,22.59999999999991
9315,372.56,0.98,1,0.004,0.284,0.049,-0.01,-0.067,0.16,0.0,0.0,0.14,0.0,2.13,0.0,0.0,0.3,0.0,0.16,0.04,0.0,0.0,0.43,0.6,0.0,0.0,0.0,0.0,0.0,0.0,1.0,0.0,0.0,0.0,1.0,0.0,0.0,0.0,0.0,0.0,0.0,0.0,0.0,0.23620902143117145,21.52812114421507,23.000217390276987
9316,372.6,0.98,1,0.011,0.295,0.052,-0.013,-0.064,0.12,0.0,0.0,0.14,0.0,1.91,0.0,0.0,0.28,0.0,0.15,0.06,0.0,0.0,0.42,0.58,0.0,0.0,0.0,0.0,0.0,0.0,1.0,0.0,0.0,0.0,1.0,0.0,0.0,0.0,0.0,0.0,0.0,0.0,0.0,0.2299456538012169,22.337860237721916,23.400213674237968
9317,372.64,0.98,1,0.012,0.283,0.04,-0.016,-0.058,0.11,0.04,0.0,0.06,0.0,2.01,0.0,0.0,0.26,0.0,0.11,0.06,0.0,0.0,0.42,0.65,0.0,0.0,0.0,0.0,0.0,0.0,1.0,0.0,0.0,0.0,1.0,0.0,0.0,0.0,0.0,0.0,0.0,0.0,0.0,0.2301572761989789,22.537524265100636,23.500212764994277
9318,372.68,0.98,1,0.008,0.291,0.046,-0.016,-0.059,0.15,0.07,0.0,0.22,0.0,2.13,0.0,0.0,0.27,0.0,0.1,0.06,0.0,0.0,0.46,0.69,0.0,0.0,0.0,0.0,0.0,0.0,1.0,0.0,0.0,0.0,1.0,0.0,0.0,0.0,0.0,0.0,0.0,0.0,0.0,0.23065930451378858,22.337860237721916,23.60021186345594
9319,372.72,0.98,1,0.011,0.285,0.043,-0.015,-0.06,0.12,0.07,0.0,0.22,0.0,2.2,0.0,0.0,0.27,0.0,0.11,0.05,0.0,0.0,0.43,0.68,0.0,0.0,0.0,0.0,0.0,0.0,1.0,0.0,0.0,0.0,1.0,0.0,0.0,0.0,0.0,0.0,0.0,0.0,0.0,0.23250455055803743,22.43769150336113,23.600211863455712
9320,372.76,0.98,1,0.009,0.283,0.04,-0.014,-0.058,0.12,0.08,0.0,0.18,0.0,2.12,0.0,0.0,0.28,0.0,0.11,0.05,0.0,0.0,0.46,0.69,0.0,0.0,1.0,0.0,0.0,0.0,1.0,0.0,0.0,0.0,1.0,0.0,0.0,0.0,0.0,0.0,0.0,0.0,0.0,0.2279154280838059,22.238030488332193,23.800840321299535
9321,372.8,0.98,1,0.014,0.278,0.043,-0.017,-0.058,0.19,0.05,0.0,0.0,0.0,1.7,0.0,0.0,0.3,0.0,0.1,0.05,0.0,0.0,0.42,0.74,0.28,0.0,1.0,0.0,0.0,0.0,1.0,0.0,0.0,0.0,1.0,0.0,0.0,0.0,0.0,0.0,0.0,0.0,0.0,0.24030207211280932,22.02748283395086,22.799999999999955
9322,372.84,0.98,1,-0.006,0.296,0.033,-0.017,-0.057,0.49,0.24,0.0,0.0,0.0,1.22,0.0,0.05,0.42,0.07,0.17,0.02,0.0,0.0,0.58,0.7,1.08,1.0,1.0,0.0,0.0,0.0,0.0,0.0,0.0,0.0,1.0,0.0,0.0,0.0,0.0,0.0,0.0,0.0,1.0,0.22626891039405622,19.116746585128055,18.34475401851966
9323,372.88,0.98,1,0.017,0.426,0.036,-0.037,-0.053,0.66,0.26,0.0,0.0,0.0,0.79,0.0,0.1,0.45,0.09,0.18,0.02,0.0,0.0,0.69,0.64,1.79,1.0,1.0,0.0,0.0,0.0,0.0,0.0,0.0,0.0,1.0,0.0,0.0,0.0,0.0,0.0,0.0,0.0,1.0,0.17440854495731614,16.13722404876378,20.199257412093058
9324,372.92,0.98,1,0.016,0.417,0.027,-0.026,-0.051,0.62,0.26,0.0,0.0,0.0,0.81,0.0,0.1,0.45,0.09,0.12,0.06,0.0,0.0,0.76,0.66,1.94,1.0,1.0,0.0,0.0,0.0,0.0,0.0,0.0,0.0,1.0,0.0,0.0,0.0,0.0,0.0,0.0,0.0,1.0,0.17342099298359895,16.487874332369323,21.194574777522803
9325,372.96,0.98,1,-0.003,0.339,0.025,-0.022,-0.048,0.44,0.09,0.0,0.0,0.0,1.3,0.0,0.06,0.4,0.09,0.03,0.06,0.0,0.0,0.67,0.69,1.38,1.0,1.0,0.0,0.0,0.0,0.0,0.0,0.0,0.0,1.0,0.0,0.0,0.0,0.0,0.0,0.0,0.0,1.0,0.18682103944740547,18.68689380287683,21.335416564951156
9326,373.0,0.98,1,0.013,0.317,0.035,-0.02,-0.048,0.28,0.03,0.0,0.0,0.0,1.78,0.0,0.08,0.45,0.23,0.04,0.12,0.0,0.0,0.51,0.7,0.87,0.0,0.0,0.0,0.0,0.0,0.0,0.0,0.0,0.0,1.0,0.0,0.0,0.0,0.0,0.0,0.0,0.0,1.0,0.20421002699583113,16.401219466856816,18.607794065928395
9327,373.04,0.98,1,0.021,0.331,0.04,-0.018,-0.048,0.21,0.03,0.0,0.0,0.0,1.86,0.0,0.08,0.48,0.27,0.04,0.11,0.0,0.0,0.45,0.57,0.43,0.0,0.0,0.0,0.0,0.0,0.0,0.0,0.0,0.0,1.0,0.0,0.0,0.0,0.0,0.0,0.0,0.0,1.0,0.17830602880478946,16.601204775557616,18.261708572858172
9328,373.08,0.98,1,0.022,0.3,0.035,-0.016,-0.05,0.11,0.0,0.0,0.0,0.0,1.79,0.0,0.08,0.43,0.25,0.04,0.13,0.0,0.0,0.46,0.51,0.27,0.0,0.0,0.0,0.0,0.0,0.0,0.0,0.0,0.0,1.0,0.0,0.0,0.0,0.0,0.0,0.0,0.0,0.0,0.1832872207323138,18.80425483766901,19.358202395883946
9329,373.12,0.98,1,0.015,0.301,0.042,-0.018,-0.053,0.05,0.08,0.0,0.0,0.0,1.68,0.0,0.0,0.37,0.15,0.0,0.12,0.0,0.0,0.41,0.44,0.08,0.0,0.0,0.0,0.0,0.0,0.0,0.0,0.0,0.0,1.0,0.0,0.0,0.0,0.0,0.0,0.0,0.0,0.0,0.19314213685690024,20.702173798903384,19.42086506827138
9330,373.16,0.98,1,0.017,0.294,0.04,-0.018,-0.053,0.07,0.12,0.0,0.0,0.0,1.75,0.0,0.0,0.35,0.14,0.01,0.14,0.0,0.0,0.43,0.48,0.08,0.0,0.0,0.0,0.0,0.0,0.0,0.0,0.0,0.0,1.0,0.0,0.0,0.0,0.0,0.0,0.0,0.0,0.0,0.2047882990479082,20.711832367030986,20.220039564748454
9331,373.2,0.98,1,0.021,0.291,0.039,-0.018,-0.054,0.11,0.23,0.0,0.0,0.0,1.75,0.0,0.0,0.39,0.09,0.01,0.12,0.0,0.0,0.42,0.44,0.0,0.0,0.0,0.0,0.0,0.0,0.0,0.0,0.0,0.0,1.0,0.0,0.0,0.0,0.0,0.0,0.0,0.0,0.0,0.21192164978151146,21.40840956259932,20.62934802653748
9332,373.24,0.98,1,0.018,0.292,0.042,-0.017,-0.058,0.16,0.15,0.0,0.0,0.0,1.78,0.0,0.0,0.43,0.05,0.01,0.07,0.0,0.0,0.57,0.47,0.0,0.0,0.0,0.0,0.0,0.0,0.0,0.0,0.0,1.0,1.0,0.0,0.0,0.0,0.0,0.0,0.0,0.0,0.0,0.21041115477144207,19.906280415989414,20.62425756239473
9333,373.28,0.98,1,0.021,0.279,0.041,-0.014,-0.058,0.21,0.1,0.0,0.0,0.0,1.7,0.0,0.12,0.46,0.0,0.0,0.01,0.0,0.0,0.62,0.45,0.0,0.0,0.0,0.0,0.0,0.0,0.0,0.0,0.0,1.0,1.0,0.0,0.0,0.0,0.0,0.0,0.0,0.0,0.0,0.21718589533876564,21.10379112861018,20.524375751773793
9334,373.32,0.98,1,0.006,0.275,0.036,-0.015,-0.056,0.23,0.0,0.0,0.0,0.0,1.64,0.0,0.12,0.49,0.0,0.0,0.0,0.0,0.0,0.59,0.6,0.0,1.0,0.0,0.0,0.0,0.0,0.0,0.0,0.0,1.0,1.0,0.0,0.0,0.0,0.0,0.0,0.0,0.0,0.0,0.2267887974611243,20.70096616102741,20.306156701847797
9335,373.36,0.98,1,0.012,0.267,0.038,-0.017,-0.057,0.28,0.06,0.0,0.0,0.0,1.49,0.0,0.14,0.5,0.05,0.01,0.0,0.0,0.0,0.53,0.65,0.0,1.0,0.0,0.0,0.0,0.0,0.0,0.0,0.0,1.0,1.0,0.0,0.0,0.0,0.0,0.0,0.0,0.0,0.0,0.2308154589997452,20.000249998437518,20.506096654409877
9336,373.4,0.98,1,0.009,0.274,0.039,-0.019,-0.055,0.27,0.06,0.0,0.0,0.0,1.41,0.0,0.02,0.51,0.06,0.01,0.03,0.0,0.0,0.48,0.7,0.0,1.0,0.0,0.0,0.0,0.0,0.0,0.0,0.0,1.0,1.0,0.0,0.0,0.0,0.0,0.0,0.0,0.0,0.0,0.23641456326144153,19.70025380547169,20.508778608196053
9337,373.44,0.98,1,0.011,0.268,0.042,-0.024,-0.053,0.23,0.06,0.0,0.0,0.0,1.41,0.0,0.02,0.52,0.12,0.06,0.06,0.0,0.0,0.53,0.62,0.0,1.0,0.0,0.0,0.0,0.0,0.0,0.0,0.0,1.0,1.0,0.0,0.0,0.0,0.0,0.0,0.0,0.0,0.0,0.23865662759641015,20.90861066642171,20.708693826506824
9338,373.48,0.98,1,0.019,0.272,0.037,-0.025,-0.057,0.28,0.0,0.0,0.0,0.0,1.45,0.0,0.0,0.53,0.18,0.05,0.08,0.0,0.0,0.58,0.7,0.0,1.0,0.0,0.0,0.0,0.0,0.0,0.0,0.0,1.0,1.0,0.0,0.0,0.0,0.0,0.0,0.0,0.0,0.0,0.23707891241377477,21.20094337523691,20.81537893001226
9339,373.52,0.98,1,0.018,0.271,0.035,-0.028,-0.057,0.38,0.0,0.0,0.0,0.0,1.43,0.0,0.0,0.48,0.25,0.05,0.04,0.0,0.0,0.66,0.69,0.0,1.0,0.0,0.0,0.0,0.0,0.0,0.0,0.0,1.0,1.0,0.0,0.0,0.0,0.0,0.0,0.0,0.0,0.0,0.23837843513749446,20.20099007474615,20.603883129158095
9340,373.56,0.98,1,0.009,0.278,0.039,-0.029,-0.059,0.44,0.0,0.0,0.0,0.0,1.32,0.0,0.0,0.45,0.2,0.0,0.03,0.0,0.0,0.74,0.74,0.0,1.0,0.0,0.0,0.0,0.0,0.0,0.0,0.0,1.0,1.0,0.0,0.0,0.0,0.0,0.0,0.0,0.0,0.0,0.24286808167152002,20.100248754679765,20.400980368600028
9341,373.6,0.98,1,0.019,0.286,0.043,-0.03,-0.061,0.43,0.02,0.0,0.0,0.0,1.34,0.0,0.0,0.43,0.17,0.0,0.06,0.0,0.0,0.66,0.66,0.0,1.0,0.0,0.0,0.0,0.0,0.0,0.0,0.0,1.0,1.0,0.0,0.0,0.0,0.0,0.0,0.0,0.0,0.0,0.2402242968433853,20.40612653102013,21.40840956259955
9342,373.64,0.98,1,0.003,0.286,0.037,-0.023,-0.06,0.41,0.04,0.0,0.0,0.0,1.49,0.0,0.0,0.45,0.13,0.0,0.08,0.0,0.0,0.57,0.68,0.0,1.0,0.0,0.0,0.0,0.0,0.0,0.0,0.0,1.0,1.0,0.0,0.0,0.0,0.0,0.0,0.0,0.0,0.0,0.24198501755067853,19.70406049523808,21.30023474049049
9343,373.68,0.98,1,0.018,0.279,0.046,-0.022,-0.061,0.33,0.04,0.0,0.0,0.0,1.47,0.0,0.0,0.48,0.16,0.0,0.09,0.0,0.0,0.44,0.69,0.0,1.0,0.0,0.0,0.0,0.0,0.0,0.0,0.0,1.0,1.0,0.0,0.0,0.0,0.0,0.0,0.0,0.0,0.0,0.23893547723686046,20.802163349036743,21.303755537463296
9344,373.72,0.98,1,0.012,0.273,0.043,-0.022,-0.06,0.29,0.02,0.0,0.0,0.0,1.53,0.0,0.0,0.45,0.08,0.0,0.09,0.0,0.0,0.47,0.7,0.0,1.0,0.0,0.0,0.0,0.0,0.0,0.0,0.0,1.0,1.0,0.0,0.0,0.0,0.0,0.0,0.0,0.0,0.0,0.23466145613209774,21.60023148024127,21.20094337523691
9345,373.76,0.98,1,0.011,0.275,0.034,-0.023,-0.057,0.21,0.01,0.0,0.0,0.0,1.32,0.0,0.0,0.43,0.04,0.0,0.12,0.0,0.0,0.47,0.68,0.01,1.0,0.0,0.0,0.0,0.0,0.0,0.0,0.0,1.0,1.0,0.0,0.0,0.0,0.0,0.0,0.0,0.0,0.0,0.2332340618922723,21.5,21.7036863228347
9346,373.8,0.98,1,0.01,0.274,0.038,-0.025,-0.057,0.21,0.06,0.0,0.0,0.0,1.34,0.0,0.0,0.4,0.0,0.0,0.09,0.0,0.0,0.53,0.64,0.01,0.0,0.0,0.0,0.0,0.0,0.0,0.0,0.0,1.0,1.0,0.0,0.0,0.0,0.0,0.0,0.0,0.0,0.0,0.23686747314949652,21.200000000000045,21.00095235935742
9347,373.84,0.98,1,0.017,0.276,0.037,-0.027,-0.058,0.14,0.14,0.0,0.0,0.0,1.26,0.0,0.0,0.4,0.0,0.0,0.08,0.0,0.0,0.58,0.59,0.01,0.0,1.0,0.0,0.0,0.0,0.0,0.0,0.0,1.0,1.0,0.0,0.0,0.0,0.0,0.0,0.0,0.0,0.0,0.22846923129384125,20.700241544484495,21.00380917833715
9348,373.88,0.98,1,0.017,0.284,0.036,-0.03,-0.06,0.11,0.14,0.0,0.0,0.0,1.39,0.0,0.02,0.43,0.0,0.01,0.05,0.0,0.0,0.59,0.52,0.06,0.0,1.0,0.0,0.0,0.0,0.0,0.0,0.0,1.0,1.0,0.0,0.0,0.0,0.0,0.0,0.0,0.0,0.0,0.23609945368522747,21.200235847744757,21.303755537463296
9349,373.92,0.98,1,0.017,0.271,0.031,-0.025,-0.06,0.17,0.11,0.0,0.0,0.0,1.49,0.0,0.02,0.44,0.0,0.01,0.09,0.0,0.0,0.52,0.57,0.15,0.0,1.0,0.0,0.0,0.0,0.0,0.0,0.0,1.0,1.0,0.0,0.0,0.0,0.0,0.0,0.0,0.0,0.0,0.21945452180674296,22.005681084665387,21.005951537600005
9350,373.96,0.98,1,0.023,0.293,0.035,-0.029,-0.063,0.17,0.03,0.0,0.0,0.0,1.64,0.0,0.02,0.47,0.0,0.01,0.07,0.0,0.0,0.52,0.59,0.19,0.0,1.0,0.0,0.0,0.0,0.0,0.0,0.0,1.0,1.0,0.0,0.0,0.0,0.0,0.0,0.0,0.0,0.0,0.22220047291700556,20.700241544484495,21.21155345560509
9351,374.0,0.98,1,0.02,0.298,0.034,-0.022,-0.064,0.26,0.03,0.0,0.0,0.0,1.9,0.0,0.0,0.45,0.0,0.0,0.04,0.0,0.0,0.57,0.63,0.16,0.0,1.0,0.0,0.0,0.0,1.0,0.0,0.0,1.0,1.0,0.0,0.0,0.0,0.0,0.0,0.0,0.0,0.0,0.21517995962655773,20.303940504246906,20.515603817582363
9352,374.04,0.98,1,0.029,0.303,0.038,-0.021,-0.063,0.18,0.0,0.0,0.0,0.0,2.15,0.0,0.0,0.45,0.0,0.0,0.0,0.0,0.0,0.63,0.57,0.08,0.0,1.0,0.0,0.0,0.0,1.0,0.0,0.0,1.0,1.0,0.0,0.0,0.0,0.0,0.0,0.0,0.0,0.0,0.214204841100243,20.100248754679537,20.62425756239473
9353,374.08,0.98,1,0.022,0.302,0.029,-0.023,-0.062,0.19,0.0,0.0,0.0,0.0,2.13,0.0,0.0,0.47,0.0,0.0,0.0,0.0,0.0,0.61,0.57,0.03,0.0,1.0,0.0,0.0,0.0,1.0,0.0,0.0,1.0,1.0,0.0,0.0,0.0,0.0,0.0,0.0,0.0,0.0,0.20761206508830582,19.799999999999955,21.323461257497527
9354,374.12,0.98,1,0.02,0.304,0.033,-0.022,-0.064,0.09,0.0,0.0,0.0,0.0,1.93,0.0,0.04,0.51,0.0,0.02,0.0,0.0,0.0,0.6,0.62,0.05,0.0,1.0,0.0,0.0,0.0,1.0,0.0,0.0,1.0,1.0,0.0,0.0,0.0,0.0,0.0,0.0,0.0,0.0,0.21286134453485003,20.002249873451735,20.915305400591308
9355,374.16,0.98,1,0.015,0.312,0.037,-0.02,-0.065,0.13,0.0,0.0,0.0,0.0,1.66,0.0,0.15,0.54,0.0,0.05,0.0,0.0,0.0,0.64,0.63,0.05,0.0,1.0,0.0,0.0,0.0,1.0,0.0,0.0,1.0,1.0,0.0,0.0,0.0,0.0,0.0,0.0,0.0,0.0,0.21031674439466158,19.902261178067043,21.108529081866546
9356,374.2,0.98,1,0.018,0.305,0.039,-0.02,-0.067,0.2,0.0,0.0,0.0,0.0,1.68,0.0,0.15,0.51,0.0,0.06,0.0,0.0,0.0,0.62,0.64,0.05,0.0,1.0,0.0,0.0,0.0,1.0,0.0,0.0,1.0,1.0,0.0,0.0,0.0,0.0,0.0,0.0,0.0,0.0,0.21922588551570424,20.70096616102741,21.011663427725086
9357,374.24,0.98,1,0.01,0.309,0.036,-0.014,-0.067,0.24,0.02,0.0,0.0,0.0,1.67,0.0,0.13,0.48,0.0,0.06,0.01,0.0,0.0,0.54,0.61,0.0,0.0,1.0,0.0,0.0,0.0,1.0,0.0,0.0,1.0,1.0,0.0,0.0,0.0,0.0,0.0,0.0,0.0,0.0,0.21023551042176042,20.600970850909082,21.323461257497755
9358,374.28,0.98,1,-0.002,0.294,0.042,-0.008,-0.074,0.18,0.02,0.0,0.0,0.0,1.82,0.0,0.06,0.47,0.0,0.16,0.01,0.0,0.0,0.5,0.64,0.0,0.0,1.0,0.0,0.0,0.0,1.0,0.0,0.0,1.0,1.0,0.0,0.0,0.0,0.0,0.0,0.0,0.0,0.0,0.19142412962287378,20.300246303924673,20.715453169071683
9359,374.32,0.98,1,-0.001,0.299,0.041,-0.007,-0.073,0.12,0.03,0.0,0.0,0.0,1.86,0.0,0.07,0.48,0.0,0.24,0.01,0.0,0.0,0.5,0.61,0.0,0.0,1.0,0.0,0.0,0.0,1.0,0.0,0.0,1.0,1.0,0.0,0.0,0.0,0.0,0.0,0.0,0.0,0.0,0.19389569545337557,20.20024752323599,20.324615617521484
9360,374.36,0.98,1,0.005,0.287,0.04,-0.009,-0.077,0.11,0.01,0.0,0.0,0.0,1.93,0.0,0.11,0.49,0.0,0.32,0.0,0.0,0.0,0.57,0.59,0.0,0.0,1.0,0.0,0.0,0.0,1.0,0.0,0.0,1.0,1.0,0.0,0.0,0.0,0.0,0.0,0.0,0.0,0.0,0.20324093730603762,20.603883129157868,20.911719202399496
9361,374.4,0.98,1,-0.001,0.286,0.039,-0.008,-0.076,0.22,0.01,0.0,0.0,0.0,1.81,0.0,0.1,0.48,0.0,0.22,0.0,0.0,0.0,0.61,0.59,0.0,0.0,1.0,0.0,0.0,0.0,1.0,0.0,0.0,1.0,1.0,0.0,0.0,0.0,0.0,0.0,0.0,0.0,0.0,0.20367598952142318,20.50219500443794,21.203773249117532
9362,374.44,0.98,1,-0.003,0.301,0.041,-0.003,-0.074,0.18,0.08,0.0,0.0,0.0,1.86,0.02,0.09,0.41,0.0,0.13,0.09,0.0,0.0,0.72,0.87,0.26,0.0,1.0,0.0,0.0,0.0,1.0,0.0,0.0,1.0,1.0,0.0,0.0,0.0,0.0,0.0,0.0,0.0,0.0,0.199463388004135,20.70096616102741,21.918485349129263
9363,374.48,0.98,1,-0.025,0.333,0.045,-0.002,-0.035,0.13,0.25,0.0,0.0,0.0,1.72,0.16,0.03,0.34,0.0,0.03,0.09,0.0,0.0,0.82,1.18,0.82,0.0,0.0,0.0,0.0,0.0,1.0,0.0,0.0,0.0,1.0,0.0,0.0,0.0,0.0,1.0,0.0,0.0,1.0,0.15732650639760754,18.931983519959115,17.69180601295404
9364,374.52,0.98,1,-0.072,0.37,0.058,0.032,-0.013,0.07,0.33,0.0,0.0,0.0,1.71,0.23,0.0,0.24,0.0,0.0,0.09,0.0,0.0,0.89,1.53,1.48,0.0,0.0,0.0,0.0,0.0,1.0,0.0,0.0,0.0,1.0,0.0,0.0,0.0,0.0,1.0,0.0,0.0,1.0,0.18471592653040075,17.30462365958874,18.253766734567233
9365,374.56,0.98,1,-0.13,0.379,0.051,0.105,0.008,0.32,0.26,0.0,0.0,0.0,1.61,0.22,0.0,0.18,0.01,0.0,0.0,0.0,0.0,0.95,1.69,1.68,0.0,0.0,0.0,0.0,0.0,1.0,0.0,0.0,0.0,1.0,0.0,0.0,0.0,0.0,1.0,0.0,0.0,1.0,0.18452149925096695,18.439088914585636,20.100995000248258
9366,374.6,0.98,1,-0.245,0.339,0.053,0.186,0.015,0.77,0.32,0.0,0.0,0.0,1.64,0.08,0.0,0.14,0.04,0.0,0.06,0.0,0.0,1.18,1.76,1.3,0.0,0.0,0.0,0.0,0.0,0.0,0.0,0.0,0.0,1.0,0.0,0.0,0.0,0.0,1.0,1.0,0.0,1.0,0.19233207115432716,16.065490966665248,21.683403791840576
9367,374.64,0.98,1,-0.337,0.32,0.057,0.244,0.026,0.99,0.52,0.0,0.0,0.0,1.4,0.01,0.0,0.14,0.04,0.0,0.06,0.0,0.0,1.5,1.69,0.75,0.0,0.0,0.0,0.0,0.0,0.0,0.0,0.0,0.0,1.0,0.0,0.0,0.0,0.0,1.0,1.0,0.0,0.0,0.21494973464025524,16.560495161679054,27.665321252427223
9368,374.68,0.98,1,-0.383,0.333,0.067,0.272,0.07,1.13,0.97,0.0,0.1,0.0,1.26,0.0,0.0,0.15,0.03,0.0,0.07,0.0,0.02,1.83,1.63,0.3,1.0,0.0,0.0,0.0,0.0,0.0,0.0,0.0,0.0,1.0,0.0,0.0,0.0,0.0,1.0,1.0,0.0,0.0,0.23612133009607222,17.373830895919244,27.712993342473762
9369,374.72,0.98,1,-0.408,0.327,0.065,0.289,0.092,1.09,1.22,0.0,0.15,0.0,1.05,0.0,0.0,0.17,0.0,0.0,0.01,0.0,0.12,2.05,1.74,0.22,1.0,0.0,0.0,0.0,0.0,0.0,0.0,0.0,0.0,1.0,0.0,0.0,0.0,0.0,1.0,1.0,0.0,0.0,0.24492251063388326,18.46943420898418,23.561409125941466
9370,374.76,0.98,1,-0.428,0.339,0.065,0.294,0.106,1.28,1.5,0.0,0.33,0.0,0.84,0.0,0.01,0.17,0.05,0.0,0.01,0.0,0.31,2.2,1.89,0.16,1.0,0.0,0.0,0.0,0.0,0.0,0.0,0.0,0.0,1.0,0.0,0.0,0.0,0.0,1.0,1.0,0.0,0.0,0.242846335306987,19.19426997830334,23.693459012984952
9371,374.8,0.98,1,-0.435,0.33,0.063,0.298,0.115,1.29,1.59,0.0,0.33,0.0,0.69,0.0,0.07,0.19,0.08,0.0,0.05,0.0,0.53,2.23,1.92,0.16,1.0,0.0,0.0,0.0,0.0,0.0,0.0,0.0,0.0,1.0,0.0,0.0,0.0,0.0,1.0,1.0,0.0,0.0,0.2426355382945966,19.573962296888183,23.651638421048055
9372,374.84,0.98,1,-0.443,0.325,0.064,0.3,0.118,1.3,1.58,0.0,0.31,0.0,0.52,0.0,0.18,0.2,0.13,0.0,0.06,0.0,0.68,2.16,1.79,0.05,1.0,0.0,0.0,0.0,0.0,0.0,0.0,0.0,0.0,1.0,0.0,0.0,0.0,0.0,1.0,1.0,0.0,0.0,0.2403602224231573,18.852055590836724,25.143189932862466
9373,374.88,0.98,1,-0.443,0.27,0.058,0.305,0.12,1.31,1.62,0.0,0.33,0.0,0.74,0.0,0.3,0.18,0.15,0.0,0.06,0.0,0.69,2.04,1.66,0.02,1.0,0.0,0.0,0.0,0.0,0.0,0.0,0.0,0.0,1.0,0.0,0.0,0.0,0.0,1.0,1.0,0.0,0.0,0.24268060415749598,18.985520798756173,26.283454871839076
9374,374.92,0.98,1,-0.464,0.281,0.053,0.313,0.121,1.48,1.66,0.0,0.35,0.0,0.69,0.0,0.41,0.17,0.23,0.0,0.01,0.0,0.67,1.97,1.6,0.02,1.0,0.0,0.0,0.0,0.0,0.0,0.0,0.0,0.0,1.0,0.0,0.0,0.0,0.0,1.0,1.0,0.0,0.0,0.2519767505415251,18.745132701584208,22.726416347501864
9375,374.96,0.98,1,-0.448,0.256,0.051,0.32,0.119,1.68,1.75,0.02,0.36,0.0,0.67,0.0,0.48,0.19,0.28,0.0,0.05,0.0,0.53,1.98,1.63,0.02,1.0,0.0,0.0,0.0,0.0,0.0,0.0,0.0,0.0,1.0,0.0,0.0,0.0,0.0,1.0,1.0,0.0,0.0,0.2537558923452755,19.383756085960172,25.80271303564806
9376,375.0,0.98,1,-0.475,0.297,0.072,0.344,0.114,1.76,1.71,0.02,0.22,0.0,0.55,0.0,0.53,0.2,0.32,0.0,0.08,0.0,0.52,1.98,1.69,0.0,1.0,0.0,0.0,0.0,0.0,0.0,0.0,0.0,0.0,1.0,0.0,0.0,0.0,0.0,1.0,1.0,0.0,0.0,0.25272501093007005,18.607794065928395,25.00559937294052
9377,375.04,0.98,1,-0.481,0.263,0.06,0.327,0.119,1.72,1.61,0.04,0.21,0.0,0.52,0.0,0.56,0.2,0.42,0.0,0.19,0.0,0.48,1.97,1.69,0.0,1.0,0.0,0.0,0.0,0.0,0.0,0.0,0.0,0.0,1.0,0.0,0.0,0.0,0.0,1.0,1.0,0.0,0.0,0.2520544158758202,20.35411506305302,22.716733920174377
9378,375.08,0.98,1,-0.469,0.28,0.067,0.333,0.115,1.7,1.6,0.03,0.28,0.0,0.64,0.0,0.53,0.15,0.4,0.0,0.19,0.0,0.61,1.91,1.68,0.02,1.0,0.0,0.0,0.0,0.0,0.0,0.0,0.0,0.0,1.0,0.0,0.0,0.0,0.0,1.0,1.0,0.0,0.0,0.2470432409032457,20.03247363657328,23.853301658260996
9379,375.12,0.98,1,-0.48,0.278,0.061,0.325,0.113,1.76,1.59,0.03,0.26,0.0,0.84,0.0,0.54,0.14,0.39,0.0,0.16,0.0,0.69,1.9,1.68,0.02,1.0,0.0,0.0,0.0,0.0,0.0,0.0,0.0,0.0,1.0,0.0,0.0,0.0,0.0,1.0,1.0,0.0,0.0,0.24683992818640865,20.961870145576185,21.25958607311067
9380,375.16,0.98,1,-0.458,0.28,0.063,0.32,0.106,1.75,1.54,0.01,0.15,0.0,1.01,0.0,0.45,0.14,0.26,0.0,0.08,0.0,0.72,1.93,1.79,0.07,1.0,0.0,0.0,0.0,0.0,0.0,0.0,0.0,0.0,1.0,0.0,0.0,0.0,0.0,1.0,1.0,0.0,0.0,0.25107741838824327,21.807338214463407,22.671788636982274
9381,375.2,0.98,1,-0.418,0.316,0.06,0.308,0.101,1.54,1.35,0.0,0.05,0.0,1.04,0.0,0.3,0.14,0.18,0.0,0.04,0.0,0.48,2.05,2.0,0.76,1.0,0.0,0.0,0.0,0.0,0.0,0.0,0.0,0.0,1.0,0.0,0.0,0.0,0.0,1.0,1.0,0.0,0.0,0.24874677485810412,18.613167382259434,26.122786987609032
9382,375.24,0.98,1,-0.333,0.4,0.07,0.303,0.089,1.2,1.24,0.09,0.0,0.0,0.82,0.0,0.11,0.16,0.08,0.0,0.14,0.15,0.21,1.97,2.2,1.7,1.0,0.0,0.0,0.0,0.0,0.0,0.0,0.0,0.0,1.0,0.0,0.0,0.0,0.0,1.0,1.0,0.0,1.0,0.21056265745265312,19.710149669649855,20.280039447693326
9383,375.28,0.98,1,-0.203,0.49,0.082,0.238,0.08,0.81,0.85,0.3,0.0,0.0,0.53,0.0,0.0,0.18,0.05,0.0,0.4,0.42,0.11,1.65,2.37,2.64,0.0,1.0,0.0,0.0,0.0,0.0,0.0,0.0,0.0,1.0,0.0,0.0,0.0,0.0,1.0,1.0,0.0,1.0,0.1723646087914394,19.304144632694943,17.722866585290245
9384,375.32,0.98,1,-0.13,0.46,0.093,0.146,0.071,0.53,0.53,0.54,0.0,0.0,0.51,0.0,0.0,0.22,0.05,0.0,0.73,0.65,0.15,1.09,2.22,2.79,0.0,1.0,0.0,0.0,0.0,0.0,0.0,0.0,0.0,1.0,0.0,0.0,0.0,0.0,1.0,1.0,0.0,1.0,0.17223981705218777,18.7672587236388,19.60637651377737
9385,375.36,0.98,1,-0.066,0.461,0.084,0.054,0.041,0.27,0.09,0.53,0.0,0.0,0.9,0.0,0.0,0.3,0.06,0.0,1.14,0.61,0.35,0.74,2.06,2.26,0.0,1.0,0.0,0.0,0.0,0.0,0.0,0.0,0.0,1.0,0.0,0.0,0.0,0.0,1.0,1.0,0.0,1.0,0.16952276093016522,19.131649170941987,19.306475597581198
9386,375.4,0.98,1,0.015,0.392,0.081,-0.033,0.026,0.14,0.04,0.32,0.0,0.0,1.42,0.0,0.05,0.4,0.02,0.03,1.27,0.38,0.54,0.56,1.82,1.53,0.0,1.0,0.0,0.0,0.0,0.0,0.0,0.0,0.0,1.0,0.0,0.0,0.0,0.0,1.0,1.0,0.0,1.0,0.18767099703058354,21.002142747824564,21.367732682715737
9387,375.44,0.98,1,0.105,0.336,0.059,-0.108,-0.012,0.04,0.0,0.08,0.0,0.0,1.71,0.0,0.33,0.53,0.02,0.03,1.3,0.15,0.65,0.59,1.55,0.77,0.0,1.0,0.0,0.0,0.0,0.0,0.0,0.0,0.0,1.0,0.0,0.0,0.0,0.0,0.0,0.0,0.0,1.0,0.17255460014740714,19.10235587565043,19.226284092356387
9388,375.48,0.98,1,0.13,0.338,0.044,-0.143,-0.05,0.0,0.0,0.0,0.0,0.0,1.9,0.0,0.67,0.63,0.07,0.03,1.03,0.04,0.45,0.65,1.21,0.48,0.0,1.0,0.0,0.0,0.0,0.0,0.0,0.0,0.0,1.0,0.0,0.0,0.0,0.0,0.0,0.0,0.0,1.0,0.1861160367449796,17.92791120013693,18.51944923587101
9389,375.52,0.98,1,0.165,0.345,0.052,-0.176,-0.084,0.12,0.07,0.0,0.0,0.0,1.64,0.0,1.02,0.69,0.29,0.01,0.9,0.0,0.16,0.78,0.93,0.44,0.0,1.0,0.0,0.0,0.0,0.0,0.0,0.0,0.0,1.0,0.0,0.0,0.0,0.0,0.0,0.0,0.0,1.0,0.1999564112166467,17.149344010777696,18.456706098326396
9390,375.56,0.98,1,0.16,0.343,0.059,-0.196,-0.107,0.31,0.28,0.0,0.0,0.0,1.33,0.0,1.13,0.73,0.3,0.01,0.73,0.0,0.0,0.89,0.85,0.73,1.0,1.0,0.0,0.0,0.0,1.0,0.0,0.0,0.0,1.0,0.0,0.0,0.0,0.0,0.0,0.0,0.0,1.0,0.2327722607238376,15.273833834371821,19.235384061671343
9391,375.6,0.98,1,0.166,0.372,0.048,-0.223,-0.116,0.5,0.59,0.0,0.0,0.0,0.87,0.0,1.22,0.73,0.3,0.02,0.78,0.0,0.0,0.97,0.86,0.72,1.0,1.0,0.0,0.0,0.0,1.0,0.0,0.0,1.0,0.0,0.0,0.0,0.0,0.0,0.0,0.0,0.0,1.0,0.15078603162582632,13.605881081355868,21.181123671797916
9392,375.64,0.98,1,0.197,0.322,0.063,-0.251,-0.132,0.41,0.65,0.0,0.0,0.0,1.06,0.0,1.28,0.62,0.08,0.01,0.74,0.0,0.0,0.93,0.88,0.5,1.0,1.0,0.0,0.0,0.0,1.0,0.0,0.0,1.0,0.0,0.0,0.0,0.0,0.0,0.0,0.0,0.0,1.0,0.21001296322522717,11.672617529928882,17.279178221200315
9393,375.68,0.98,1,0.311,0.334,0.065,-0.274,-0.137,0.25,0.52,0.07,0.03,0.0,1.34,0.0,1.2,0.48,0.13,0.11,0.81,0.0,0.0,0.82,0.85,0.1,1.0,1.0,0.0,0.0,0.0,1.0,0.0,0.0,0.0,0.0,0.0,0.0,0.0,0.0,0.0,0.0,0.0,0.0,0.23924138800868883,18.75153327064229,14.624978632462847
9394,375.72,0.98,1,0.293,0.27,0.04,-0.303,-0.142,0.18,0.32,0.13,0.06,0.0,1.53,0.0,1.21,0.33,0.06,0.33,0.75,0.0,0.0,0.67,0.87,0.0,1.0,0.0,1.0,0.0,0.0,1.0,0.0,0.0,0.0,0.0,0.0,0.0,0.0,0.0,0.0,0.0,0.0,0.0,0.33023228042885544,19.136614120580607,14.945233353815611
9395,375.76,0.98,1,0.231,0.253,0.033,-0.317,-0.148,0.36,0.33,0.19,0.11,0.0,1.34,0.0,1.05,0.25,0.06,0.52,0.88,0.0,0.0,0.66,0.91,0.0,1.0,0.0,1.0,0.0,0.0,1.0,0.0,0.0,0.0,0.0,0.0,0.0,0.0,0.0,0.0,0.0,0.0,0.0,0.3447907646926285,13.595955280891529,16.112417571550203
9396,375.8,0.98,1,0.273,0.25,0.043,-0.321,-0.154,0.48,0.39,0.26,0.16,0.0,1.06,0.0,1.07,0.2,0.0,0.57,0.97,0.0,0.0,0.7,1.04,0.0,1.0,0.0,1.0,1.0,0.0,1.0,0.0,0.0,0.0,0.0,0.0,0.0,0.0,0.0,0.0,0.0,0.0,0.0,0.34497092573641447,19.91004771465896,15.814550262337384
9397,375.84,0.98,1,0.336,0.241,0.037,-0.337,-0.161,0.67,0.72,0.51,0.41,0.0,1.15,0.0,0.9,0.12,0.0,0.53,1.13,0.0,0.0,0.82,1.13,0.0,1.0,0.0,1.0,1.0,0.0,1.0,0.0,0.0,0.0,0.0,0.0,0.0,0.0,0.0,0.0,0.0,0.0,0.0,0.3585060928249336,19.572685048301352,16.308280105516943
9398,375.88,0.98,1,0.318,0.236,0.041,-0.323,-0.169,0.76,0.94,0.6,0.63,0.0,1.32,0.0,0.8,0.1,0.0,0.46,0.99,0.0,0.0,0.83,1.14,0.0,1.0,0.0,1.0,1.0,0.0,1.0,0.0,0.0,0.0,0.0,0.0,0.0,0.0,0.0,0.0,0.0,0.0,0.0,0.3247584057000438,20.426698215815566,15.993123522314276
9399,375.92,0.98,1,0.326,0.216,0.04,-0.325,-0.18,0.91,1.27,0.57,0.84,0.0,1.5,0.0,0.68,0.05,0.0,0.37,0.81,0.0,0.0,0.92,1.18,0.0,1.0,0.0,1.0,1.0,0.0,1.0,0.0,0.0,1.0,0.0,0.0,0.0,0.0,0.0,0.0,0.0,0.0,0.0,0.36292589734804015,18.298907071188562,15.41557653803455
9400,375.96,0.98,1,0.339,0.2,0.044,-0.322,-0.184,0.78,1.16,0.47,0.67,0.0,1.26,0.0,0.56,0.06,0.0,0.18,0.65,0.0,0.04,0.94,1.21,0.0,1.0,0.0,1.0,1.0,0.0,1.0,0.0,0.0,1.0,0.0,0.0,0.0,0.0,0.0,0.0,0.0,0.0,0.0,0.3409043779723252,20.30024630392453,15.179591562357757
9401,376.0,0.98,1,0.336,0.218,0.041,-0.315,-0.185,0.73,0.99,0.53,0.76,0.0,0.89,0.0,0.46,0.03,0.0,0.06,0.59,0.0,0.11,1.0,1.32,0.0,1.0,0.0,1.0,1.0,0.0,1.0,0.0,0.0,1.0,0.0,0.0,0.0,0.0,0.0,0.0,1.0,0.0,0.0,0.36206193834716793,20.277327240048262,15.508062419270823
9402,376.04,0.98,1,0.347,0.222,0.045,-0.315,-0.189,0.71,1.0,0.67,0.6,0.0,0.71,0.0,0.3,0.02,0.0,0.0,0.57,0.0,0.19,0.91,1.34,0.0,1.0,0.0,1.0,1.0,0.0,1.0,0.0,0.0,1.0,0.0,0.0,0.0,0.0,0.0,0.0,1.0,0.0,0.0,0.3602988442844159,19.669773765856927,16.420109622045633
9403,376.08,0.98,1,0.358,0.23,0.047,-0.319,-0.192,0.86,1.06,0.81,0.61,0.0,0.64,0.0,0.29,0.0,0.0,0.1,0.65,0.0,0.27,0.87,1.32,0.0,1.0,0.0,1.0,1.0,0.0,1.0,0.0,0.0,1.0,0.0,0.0,0.0,0.0,0.0,0.0,1.0,0.0,0.0,0.3693535874345406,19.453791404248097,15.600000000000085
9404,376.12,0.98,1,0.351,0.225,0.035,-0.324,-0.19,0.97,1.3,0.9,0.45,0.0,0.72,0.0,0.39,0.0,0.0,0.33,0.76,0.0,0.39,0.82,1.28,0.0,1.0,0.0,1.0,1.0,0.0,1.0,0.0,0.0,1.0,0.0,0.0,0.0,0.0,0.0,0.0,1.0,0.0,0.0,0.35909122862145565,20.31797233977849,16.79434428609807
9405,376.16,0.98,1,0.348,0.22,0.034,-0.343,-0.182,1.11,1.54,1.08,0.37,0.0,1.03,0.0,0.51,0.0,0.0,0.58,0.92,0.0,0.44,0.81,1.32,0.0,1.0,0.0,1.0,1.0,0.0,1.0,0.0,0.0,1.0,0.0,0.0,0.0,0.0,0.0,0.0,1.0,0.0,0.0,0.35739677995124464,19.670536342458938,16.06393476082364
9406,376.2,0.98,1,0.306,0.244,0.034,-0.339,-0.18,1.28,2.14,1.15,0.24,0.0,1.27,0.0,0.6,0.09,0.0,0.5,0.81,0.0,0.32,0.9,1.45,0.12,1.0,0.0,1.0,0.0,0.0,1.0,0.0,0.0,1.0,0.0,0.0,0.0,0.0,0.0,0.0,1.0,0.0,0.0,0.3119179751119783,18.21675053350639,15.211837495845085
9407,376.24,0.98,1,0.283,0.311,0.039,-0.348,-0.183,1.35,2.44,0.99,0.04,0.0,1.41,0.0,0.38,0.18,0.0,0.4,0.75,0.0,0.13,1.09,1.51,0.38,1.0,0.0,1.0,0.0,0.0,1.0,0.0,0.0,1.0,0.0,0.0,0.0,0.0,0.0,0.0,1.0,0.0,0.0,0.2899627878902494,16.001562423713363,17.472263734273188
9408,376.28,0.98,1,0.236,0.333,0.032,-0.297,-0.18,1.22,2.22,0.72,0.0,0.0,1.32,0.0,0.33,0.3,0.0,0.21,0.58,0.0,0.0,1.25,1.5,0.69,1.0,0.0,1.0,0.0,0.0,1.0,0.0,0.0,0.0,0.0,0.0,0.0,0.0,0.0,0.0,1.0,0.0,0.0,0.21573143241564652,11.710678887237966,17.126879458908864
9409,376.32,0.98,1,0.186,0.363,0.066,-0.255,-0.158,0.81,1.56,0.33,0.0,0.0,1.47,0.0,0.23,0.35,0.0,0.25,0.51,0.0,0.0,1.11,1.39,0.7,1.0,0.0,1.0,0.0,0.0,1.0,0.0,0.0,0.0,0.0,0.0,0.0,0.0,0.0,0.0,1.0,0.0,0.0,0.1888166503676661,10.604244433244551,18.710959355415184
9410,376.36,0.98,1,0.165,0.334,0.082,-0.227,-0.142,0.45,0.99,0.18,0.0,0.0,1.78,0.0,0.39,0.42,0.0,0.12,0.38,0.0,0.0,0.88,1.32,0.44,0.0,0.0,0.0,0.0,0.0,1.0,0.0,0.0,0.0,0.0,0.0,0.0,0.0,0.0,0.0,1.0,0.0,0.0,0.21919564896130772,13.138112497615387,19.349935400408878
9411,376.4,0.98,1,0.111,0.33,0.08,-0.186,-0.121,0.16,0.47,0.02,0.0,0.0,2.08,0.0,0.39,0.44,0.02,0.06,0.3,0.0,0.0,0.72,1.23,0.13,0.0,0.0,0.0,0.0,0.0,1.0,0.0,0.0,0.0,1.0,0.0,0.0,0.0,0.0,0.0,1.0,0.0,0.0,0.22627454248479886,16.200308639035377,19.79898987322346
9412,376.44,0.98,1,0.089,0.297,0.09,-0.167,-0.102,0.08,0.15,0.0,0.0,0.0,2.06,0.0,0.37,0.44,0.12,0.0,0.29,0.0,0.0,0.61,0.98,0.0,0.0,0.0,0.0,0.0,0.0,1.0,0.0,0.0,0.0,1.0,0.0,0.0,0.0,0.0,0.0,0.0,0.0,0.0,0.26481133524768297,16.487874332369312,20.41886382735333
9413,376.48,0.98,1,0.084,0.303,0.092,-0.149,-0.086,0.01,0.07,0.0,0.15,0.0,1.88,0.0,0.32,0.53,0.21,0.0,0.31,0.0,0.0,0.4,0.66,0.0,0.0,0.0,0.0,0.0,0.0,0.0,0.0,0.0,0.0,1.0,0.0,0.0,0.0,0.0,0.0,0.0,0.0,0.0,0.25725136009696475,16.75052237991405,20.8693555243088
9414,376.52,0.98,1,0.067,0.282,0.092,-0.138,-0.075,0.03,0.08,0.0,0.21,0.0,1.72,0.0,0.27,0.59,0.23,0.03,0.39,0.0,0.0,0.18,0.4,0.0,0.0,0.0,0.0,0.0,0.0,0.0,0.0,0.0,0.0,1.0,0.0,0.0,0.0,0.0,0.0,0.0,0.0,0.0,0.29126056295837477,16.858232410309167,21.459729728027664
9415,376.56,0.98,1,0.04,0.281,0.091,-0.116,-0.067,0.03,0.08,0.0,0.22,0.0,1.65,0.0,0.25,0.68,0.2,0.03,0.39,0.0,0.0,0.05,0.35,0.0,0.0,0.0,0.0,0.0,0.0,0.0,0.0,0.0,0.0,1.0,0.0,0.0,0.0,0.0,0.0,0.0,0.0,0.0,0.27485206413383356,17.229045243425237,21.83300254202335
9416,376.6,0.98,1,0.039,0.275,0.095,-0.115,-0.056,0.03,0.0,0.0,0.07,0.0,1.75,0.0,0.14,0.63,0.2,0.06,0.38,0.0,0.0,0.07,0.45,0.0,0.0,0.0,0.0,0.0,0.0,0.0,0.0,0.0,0.0,1.0,0.0,0.0,0.0,0.0,0.0,0.0,0.0,0.0,0.30204567285443235,17.548219282878822,23.899999999999864
9417,376.64,0.98,1,0.034,0.277,0.099,-0.107,-0.049,0.06,0.0,0.0,0.0,0.0,1.71,0.0,0.06,0.56,0.16,0.03,0.43,0.0,0.0,0.14,0.52,0.0,0.0,0.0,0.0,0.0,0.0,0.0,0.0,0.0,0.0,1.0,0.0,0.0,0.0,0.0,0.0,0.0,0.0,0.0,0.3021648908536657,17.927911200137157,23.207757323791586
9418,376.68,0.98,1,0.031,0.27,0.095,-0.101,-0.044,0.06,0.0,0.0,0.0,0.0,1.53,0.0,0.0,0.48,0.17,0.05,0.47,0.0,0.0,0.19,0.61,0.0,0.0,0.0,0.0,0.0,0.0,0.0,0.0,0.0,0.0,1.0,0.0,0.0,0.0,0.0,0.0,0.0,0.0,0.0,0.3054485844169119,17.747675904185357,23.71033529918949
9419,376.72,0.98,1,0.015,0.275,0.09,-0.085,-0.046,0.06,0.0,0.0,0.0,0.0,1.27,0.0,0.02,0.47,0.19,0.07,0.46,0.0,0.0,0.23,0.58,0.0,0.0,0.0,0.0,0.0,0.0,0.0,0.0,0.0,0.0,1.0,0.0,0.0,0.0,0.0,0.0,0.0,0.0,0.0,0.2761322787078977,17.64086165695987,23.10541062175711
9420,376.76,0.98,1,0.024,0.249,0.092,-0.081,-0.051,0.0,0.0,0.0,0.0,0.0,1.2,0.0,0.02,0.51,0.28,0.07,0.45,0.0,0.0,0.22,0.68,0.0,0.0,0.0,0.0,0.0,0.0,0.0,0.0,0.0,0.0,1.0,0.0,0.0,0.0,0.0,0.0,0.0,0.0,0.0,0.3179447801341241,17.473408368146245,24.416592718886747
9421,376.8,0.98,1,0.028,0.281,0.09,-0.07,-0.056,0.0,0.0,0.0,0.0,0.0,1.32,0.0,0.02,0.54,0.32,0.08,0.36,0.0,0.0,0.37,0.64,0.0,0.0,0.0,0.0,0.0,0.0,0.0,0.0,0.0,1.0,1.0,0.0,0.0,0.0,0.0,0.0,0.0,0.0,0.0,0.2599838824386943,17.4562309792233,23.603389587090998
9422,376.84,0.98,1,0.037,0.243,0.087,-0.07,-0.057,0.02,0.0,0.0,0.0,0.0,1.41,0.0,0.0,0.57,0.29,0.03,0.32,0.0,0.0,0.43,0.66,0.0,0.0,0.0,0.0,0.0,0.0,0.0,0.0,0.0,1.0,1.0,0.0,0.0,0.0,0.0,0.0,0.0,0.0,0.0,0.3123584874036452,17.702259742755913,24.4100389184451
9423,376.88,0.98,1,0.037,0.241,0.089,-0.073,-0.056,0.03,0.0,0.0,0.0,0.0,1.58,0.0,0.0,0.57,0.25,0.07,0.25,0.0,0.0,0.5,0.67,0.0,0.0,0.0,0.0,0.0,0.0,0.0,0.0,0.0,1.0,1.0,0.0,0.0,0.0,0.0,0.0,0.0,0.0,0.0,0.31565728297680007,17.28380745090623,24.616457909293263
9424,376.92,0.98,1,0.035,0.234,0.084,-0.072,-0.052,0.03,0.0,0.0,0.01,0.0,1.58,0.0,0.0,0.53,0.14,0.05,0.29,0.0,0.0,0.46,0.73,0.0,0.0,1.0,0.0,0.0,0.0,0.0,0.0,0.0,1.0,1.0,0.0,0.0,0.0,0.0,0.0,0.0,0.0,0.0,0.3178661945233099,17.681911661356207,24.420483205702634
9425,376.96,0.98,1,0.031,0.227,0.079,-0.077,-0.047,0.01,0.0,0.0,0.01,0.0,1.54,0.0,0.0,0.51,0.14,0.05,0.35,0.0,0.0,0.48,0.71,0.0,0.0,1.0,0.0,0.0,0.0,0.0,0.0,0.0,1.0,1.0,0.0,0.0,0.0,0.0,0.0,0.0,0.0,0.0,0.32743084284720747,17.473408368146018,24.824383174612773
9426,377.0,0.98,1,0.022,0.231,0.077,-0.073,-0.043,0.01,0.0,0.0,0.01,0.0,1.33,0.0,0.0,0.55,0.22,0.0,0.45,0.0,0.0,0.46,0.62,0.0,0.0,1.0,0.0,0.0,0.0,0.0,0.0,0.0,1.0,1.0,0.0,0.0,0.0,0.0,0.0,0.0,0.0,0.0,0.3222966730922414,17.36490714055213,24.329611587528433
9427,377.04,0.98,1,0.029,0.228,0.077,-0.078,-0.043,0.07,0.0,0.0,0.0,0.0,1.36,0.0,0.0,0.57,0.23,0.0,0.44,0.0,0.0,0.4,0.61,0.0,0.0,1.0,0.0,0.0,0.0,0.0,0.0,0.0,1.0,1.0,0.0,0.0,0.0,0.0,0.0,0.0,0.0,0.0,0.31640626398481236,17.36490714055213,24.44606307772285
9428,377.08,0.98,1,0.022,0.232,0.079,-0.074,-0.043,0.14,0.0,0.0,0.05,0.0,1.53,0.0,0.01,0.56,0.28,0.0,0.46,0.0,0.0,0.38,0.63,0.0,1.0,1.0,0.0,0.0,0.0,0.0,0.0,0.0,1.0,1.0,0.0,0.0,0.0,0.0,0.0,0.0,0.0,0.0,0.32326889231039346,17.58237754116319,24.72448179436734
9429,377.12,0.98,1,0.031,0.241,0.086,-0.077,-0.047,0.19,0.0,0.0,0.05,0.0,1.55,0.0,0.01,0.55,0.27,0.03,0.39,0.0,0.0,0.46,0.65,0.0,1.0,1.0,0.0,0.0,0.0,0.0,0.0,0.0,1.0,1.0,0.0,0.0,0.0,0.0,1.0,0.0,0.0,0.0,0.31661911815018584,17.572990639046047,24.32961158752843
9430,377.16,0.98,1,0.022,0.241,0.08,-0.071,-0.047,0.21,0.0,0.0,0.09,0.0,1.54,0.0,0.01,0.55,0.36,0.03,0.35,0.0,0.0,0.57,0.6,0.0,1.0,1.0,0.0,0.0,0.0,0.0,0.0,0.0,1.0,1.0,0.0,0.0,0.0,0.0,1.0,0.0,0.0,0.0,0.32099052099222947,17.5823775411632,24.33474881727768
9431,377.2,0.98,1,0.024,0.238,0.083,-0.075,-0.048,0.15,0.0,0.0,0.05,0.0,1.36,0.0,0.01,0.57,0.23,0.05,0.27,0.0,0.0,0.62,0.62,0.0,0.0,1.0,0.0,0.0,0.0,0.0,0.0,0.0,1.0,1.0,0.0,0.0,0.0,0.0,1.0,0.0,0.0,0.0,0.31482746127179306,17.592327873252028,24.12509067340464
9432,377.24,0.98,1,0.025,0.237,0.084,-0.075,-0.047,0.21,0.0,0.0,0.16,0.0,1.38,0.0,0.02,0.56,0.21,0.07,0.26,0.0,0.0,0.62,0.68,0.0,0.0,1.0,0.0,0.0,0.0,0.0,0.0,0.0,1.0,1.0,0.0,0.0,0.0,0.0,1.0,0.0,0.0,0.0,0.31735827947492645,17.492855684536,23.940969069776692
9433,377.28,0.98,1,0.028,0.233,0.08,-0.077,-0.044,0.22,0.0,0.0,0.11,0.0,1.26,0.0,0.02,0.59,0.2,0.07,0.23,0.0,0.0,0.68,0.78,0.0,0.0,1.0,0.0,0.0,0.0,0.0,0.0,0.0,1.0,1.0,0.0,0.0,0.0,0.0,1.0,0.0,0.0,0.0,0.3208482686209344,17.383325343558592,24.14062965210302
9434,377.32,0.98,1,0.027,0.239,0.084,-0.074,-0.047,0.26,0.0,0.0,0.11,0.0,1.38,0.0,0.01,0.62,0.28,0.05,0.17,0.0,0.0,0.73,0.78,0.0,0.0,1.0,0.0,0.0,0.0,0.0,0.0,0.0,1.0,1.0,0.0,0.0,0.0,0.0,1.0,0.0,0.0,0.0,0.31000995299677303,17.274258305351395,24.329611587528433
9435,377.36,0.98,1,0.029,0.244,0.085,-0.074,-0.047,0.27,0.0,0.0,0.0,0.0,1.52,0.0,0.09,0.63,0.23,0.0,0.11,0.0,0.0,0.78,0.75,0.0,0.0,1.0,0.0,0.0,0.0,0.0,0.0,0.0,1.0,1.0,0.0,0.0,0.0,0.0,1.0,0.0,0.0,0.0,0.31075074742704367,16.957889019568533,24.429490375363816
9436,377.4,0.98,1,0.03,0.244,0.084,-0.074,-0.045,0.28,0.0,0.0,0.0,0.0,1.71,0.0,0.11,0.64,0.24,0.0,0.12,0.0,0.0,0.71,0.62,0.0,0.0,1.0,0.0,0.0,0.0,0.0,0.0,0.0,1.0,1.0,0.0,0.0,0.0,0.0,1.0,0.0,0.0,0.0,0.31367544967929356,17.5823775411632,23.730360300677937
9437,377.44,0.98,1,0.026,0.248,0.089,-0.074,-0.047,0.25,0.0,0.0,0.0,0.0,1.77,0.0,0.13,0.64,0.26,0.0,0.13,0.0,0.0,0.69,0.58,0.0,0.0,1.0,0.0,0.0,0.0,0.0,0.0,0.0,1.0,1.0,0.0,0.0,0.0,0.0,1.0,0.0,0.0,0.0,0.3162252369932234,17.801685313475282,23.94096906977647
9438,377.48,0.98,1,0.031,0.245,0.084,-0.072,-0.05,0.18,0.0,0.0,0.0,0.0,1.62,0.0,0.1,0.66,0.27,0.03,0.09,0.0,0.0,0.71,0.55,0.0,0.0,1.0,0.0,0.0,0.0,0.0,0.0,0.0,1.0,1.0,0.0,0.0,0.0,0.0,1.0,0.0,0.0,0.0,0.30824063618365766,17.572990639046047,24.452402744924765
9439,377.52,0.98,1,0.029,0.253,0.081,-0.068,-0.049,0.08,0.0,0.0,0.0,0.0,1.57,0.0,0.15,0.64,0.25,0.06,0.18,0.0,0.0,0.72,0.66,0.0,0.0,1.0,0.0,0.0,0.0,0.0,0.0,0.0,1.0,1.0,0.0,0.0,0.0,0.0,1.0,0.0,0.0,0.0,0.3018211152475629,17.60284067984484,24.410038918444872
9440,377.56,0.98,1,0.023,0.282,0.087,-0.062,-0.054,0.15,0.09,0.0,0.0,0.0,1.5,0.0,0.15,0.58,0.14,0.14,0.23,0.0,0.0,0.77,0.7,0.0,0.0,1.0,0.0,0.0,0.0,0.0,0.0,0.0,1.0,1.0,0.0,0.0,0.0,0.0,1.0,0.0,0.0,0.0,0.2570133700372038,17.68191166135598,24.600812994695836
9441,377.6,0.98,1,0.019,0.243,0.076,-0.065,-0.052,0.14,0.09,0.0,0.0,0.0,1.45,0.0,0.13,0.52,0.08,0.17,0.3,0.0,0.0,0.84,0.74,0.0,0.0,1.0,0.0,1.0,0.0,0.0,0.0,0.0,1.0,1.0,0.0,0.0,0.0,0.0,1.0,0.0,0.0,0.0,0.31529470016021466,18.344754018519897,23.725513693068944
9442,377.64,0.98,1,0.025,0.245,0.079,-0.068,-0.053,0.26,0.09,0.0,0.0,0.0,1.42,0.0,0.06,0.5,0.0,0.23,0.21,0.0,0.0,0.89,0.69,0.0,0.0,1.0,0.0,1.0,0.0,0.0,0.0,0.0,1.0,1.0,0.0,0.0,0.0,0.0,1.0,0.0,0.0,0.0,0.31832943028228855,18.02276338412073,23.721087664776295
9443,377.68,0.98,1,0.028,0.247,0.078,-0.066,-0.053,0.29,0.09,0.0,0.03,0.0,1.41,0.0,0.07,0.51,0.02,0.22,0.27,0.0,0.0,0.87,0.69,0.0,1.0,1.0,0.0,1.0,0.0,0.0,0.0,0.0,1.0,1.0,0.0,0.0,0.0,0.0,1.0,0.0,0.0,0.0,0.31368741365575287,18.780841301709483,24.013329631685817
9444,377.72,0.98,1,0.029,0.243,0.074,-0.058,-0.054,0.42,0.22,0.0,0.03,0.0,1.53,0.0,0.08,0.51,0.08,0.26,0.19,0.0,0.0,0.77,0.7,0.0,1.0,1.0,0.0,1.0,0.0,0.0,0.0,0.0,1.0,1.0,0.0,0.0,0.0,0.0,1.0,0.0,0.0,0.0,0.3079960721482269,18.519449235870788,24.809877065394694
9445,377.76,0.98,1,0.025,0.253,0.085,-0.055,-0.054,0.43,0.29,0.0,0.11,0.0,1.42,0.0,0.12,0.5,0.13,0.26,0.22,0.0,0.0,0.74,0.75,0.0,1.0,1.0,0.0,1.0,0.0,0.0,0.0,0.0,1.0,1.0,0.0,0.0,0.0,0.0,1.0,0.0,0.0,0.0,0.3081410326500094,18.23321145602159,24.51305774480205
9446,377.8,0.98,1,0.03,0.252,0.083,-0.058,-0.051,0.44,0.32,0.0,0.07,0.0,1.41,0.0,0.11,0.49,0.1,0.24,0.13,0.0,0.0,0.72,0.75,0.0,1.0,1.0,0.0,1.0,0.0,0.0,0.0,0.0,1.0,1.0,0.0,0.0,0.0,0.0,1.0,0.0,0.0,0.0,0.3086800215523072,18.12208597264675,24.620316813558812
9447,377.84,0.98,1,0.028,0.251,0.082,-0.06,-0.05,0.33,0.19,0.0,0.08,0.0,1.22,0.0,0.08,0.48,0.1,0.22,0.19,0.0,0.0,0.66,0.76,0.0,0.0,1.0,0.0,1.0,0.0,0.0,0.0,0.0,1.0,1.0,0.0,0.0,0.0,0.0,1.0,0.0,0.0,0.0,0.30890916421809045,18.110770276274835,24.720234626718295
9448,377.88,0.98,1,0.014,0.244,0.08,-0.054,-0.053,0.29,0.25,0.0,0.09,0.0,1.16,0.0,0.03,0.47,0.05,0.21,0.18,0.0,0.0,0.7,0.74,0.0,0.0,1.0,0.0,1.0,0.0,0.0,0.0,0.0,1.0,1.0,0.0,0.0,0.0,0.0,1.0,0.0,0.0,0.0,0.30161977057772893,17.57299063904604,23.93010656056494
9449,377.92,0.98,1,0.009,0.249,0.082,-0.054,-0.051,0.25,0.17,0.0,0.22,0.0,1.06,0.0,0.0,0.46,0.06,0.22,0.21,0.0,0.0,0.66,0.74,0.0,0.0,1.0,0.0,1.0,0.0,0.0,0.0,0.0,1.0,1.0,0.0,0.0,0.0,0.0,1.0,0.0,0.0,0.0,0.30209742316032107,17.473408368146018,24.035182545593447
9450,377.96,0.98,1,-0.001,0.234,0.074,-0.052,-0.05,0.36,0.23,0.0,0.21,0.0,1.39,0.0,0.1,0.48,0.11,0.19,0.22,0.0,0.0,0.6,0.71,0.14,0.0,1.0,0.0,0.0,0.0,0.0,0.0,0.0,1.0,1.0,0.0,0.0,0.0,0.0,1.0,0.0,0.0,0.0,0.3018284660742359,17.473408368146245,23.94702486740272
9451,378.0,0.98,1,-0.006,0.324,0.079,-0.046,-0.05,0.74,0.28,0.0,0.13,0.0,1.29,0.0,0.34,0.58,0.27,0.22,0.15,0.0,0.0,0.55,0.62,0.84,1.0,1.0,0.0,0.0,0.0,0.0,0.0,0.0,1.0,1.0,0.0,0.0,0.0,0.0,1.0,0.0,0.0,0.0,0.2282259127430797,20.400245096566945,20.14869722835712
9452,378.04,0.98,1,0.043,0.421,0.065,-0.057,-0.046,1.04,0.4,0.0,0.0,0.0,1.15,0.0,0.47,0.64,0.41,0.23,0.15,0.0,0.0,0.56,0.6,1.63,1.0,1.0,0.0,0.0,0.0,0.0,0.0,0.0,1.0,1.0,0.0,0.0,0.0,0.0,0.0,0.0,0.0,1.0,0.184620399774938,16.16972479666853,20.59732992404598
9453,378.08,0.98,1,0.021,0.421,0.055,-0.055,-0.045,1.24,0.49,0.0,0.0,0.0,0.97,0.0,0.48,0.65,0.4,0.25,0.14,0.0,0.0,0.57,0.58,2.07,1.0,1.0,0.0,0.0,0.0,0.0,0.0,0.0,0.0,1.0,0.0,0.0,0.0,0.0,0.0,0.0,0.0,1.0,0.17779501077667859,17.24905794529085,21.194574777522575
9454,378.12,0.98,1,0.018,0.374,0.057,-0.037,-0.053,1.0,0.45,0.0,0.0,0.0,1.46,0.0,0.29,0.58,0.37,0.22,0.14,0.0,0.0,0.51,0.62,1.77,1.0,1.0,0.0,0.0,0.0,0.0,0.0,0.0,0.0,1.0,0.0,0.0,0.0,0.0,0.0,0.0,0.0,1.0,0.18173241205928015,18.027756377319946,20.04894012161241
9455,378.16,0.98,1,0.007,0.341,0.073,-0.042,-0.054,0.78,0.31,0.0,0.0,0.0,1.78,0.0,0.17,0.53,0.34,0.18,0.15,0.0,0.0,0.48,0.66,1.12,1.0,1.0,0.0,0.0,0.0,1.0,0.0,0.0,0.0,1.0,0.0,0.0,0.0,0.0,0.0,0.0,0.0,1.0,0.20394808130860193,17.400287353948936,19.612750954417375
9456,378.2,0.98,1,0.012,0.326,0.065,-0.04,-0.05,0.55,0.14,0.0,0.0,0.0,1.9,0.0,0.11,0.52,0.38,0.1,0.14,0.0,0.0,0.52,0.72,0.56,0.0,1.0,0.0,0.0,0.0,1.0,0.0,0.0,1.0,1.0,0.0,0.0,0.0,0.0,0.0,0.0,0.0,1.0,0.19780273947736388,16.399999999999864,17.564168070250297
9457,378.24,0.98,1,0.003,0.305,0.069,-0.04,-0.054,0.52,0.0,0.0,0.0,0.0,1.83,0.0,0.11,0.55,0.29,0.12,0.19,0.0,0.0,0.54,0.77,0.16,0.0,1.0,0.0,0.0,0.0,1.0,0.0,0.0,1.0,1.0,0.0,0.0,0.0,0.0,0.0,0.0,0.0,0.0,0.20772716428471655,19.704060495238075,17.640861656960098
9458,378.28,0.98,1,-0.005,0.296,0.07,-0.04,-0.054,0.52,0.0,0.0,0.0,0.0,1.78,0.0,0.13,0.56,0.18,0.18,0.21,0.0,0.0,0.52,0.7,0.01,0.0,1.0,0.0,0.0,0.0,1.0,0.0,0.0,1.0,1.0,0.0,0.0,0.0,0.0,0.0,0.0,0.0,0.0,0.2269719863427562,19.606376513777256,19.221082175569666
9459,378.32,0.98,1,-0.006,0.298,0.071,-0.042,-0.054,0.66,0.1,0.0,0.0,0.0,1.68,0.0,0.13,0.57,0.05,0.27,0.23,0.0,0.0,0.56,0.62,0.0,0.0,1.0,0.0,0.0,0.0,1.0,0.0,0.0,1.0,1.0,0.0,0.0,0.0,0.0,0.0,0.0,0.0,0.0,0.23559209521171895,19.90000000000009,19.316573195057092
9460,378.36,0.98,1,-0.006,0.287,0.069,-0.041,-0.055,0.63,0.18,0.0,0.0,0.0,1.64,0.0,0.15,0.58,0.03,0.28,0.27,0.0,0.0,0.55,0.63,0.0,0.0,1.0,0.0,0.0,0.0,1.0,0.0,0.0,1.0,1.0,0.0,0.0,0.0,0.0,0.0,0.0,0.0,0.0,0.24739679805275225,19.500256408570632,19.206509313250887
9461,378.4,0.98,1,0.001,0.307,0.074,-0.043,-0.055,0.68,0.3,0.0,0.03,0.0,1.63,0.0,0.15,0.6,0.03,0.29,0.32,0.0,0.0,0.53,0.69,0.0,0.0,1.0,0.0,0.0,0.0,1.0,0.0,0.0,1.0,1.0,0.0,0.0,0.0,0.0,0.0,0.0,0.0,0.0,0.2453796963814387,19.40025773024687,19.912307751739743
9462,378.44,0.98,1,0.001,0.305,0.077,-0.044,-0.056,0.58,0.29,0.0,0.03,0.0,1.73,0.0,0.16,0.63,0.03,0.3,0.31,0.0,0.0,0.46,0.74,0.0,0.0,1.0,0.0,0.0,0.0,1.0,0.0,0.0,1.0,1.0,0.0,0.0,0.0,0.0,0.0,0.0,0.0,0.0,0.25718971914371425,20.108953229842808,20.112185361118904
9463,378.48,0.98,1,-0.017,0.293,0.07,-0.044,-0.055,0.63,0.42,0.0,0.03,0.0,1.68,0.0,0.14,0.61,0.05,0.36,0.33,0.0,0.0,0.45,0.78,0.0,0.0,1.0,0.0,0.0,0.0,0.0,0.0,0.0,1.0,1.0,0.0,0.0,0.0,0.0,0.0,0.0,0.0,0.0,0.2555101452967332,20.60218435020899,20.300246303924673
9464,378.52,0.98,1,-0.011,0.315,0.075,-0.045,-0.051,0.58,0.47,0.0,0.0,0.0,1.68,0.0,0.1,0.59,0.05,0.35,0.3,0.0,0.0,0.45,0.85,0.0,0.0,1.0,0.0,0.0,0.0,0.0,0.0,0.0,1.0,1.0,0.0,0.0,0.0,0.0,0.0,0.0,0.0,0.0,0.25959749485266936,20.60218435020899,21.20377324911776
9465,378.56,0.98,1,0.0,0.3,0.069,-0.041,-0.054,0.53,0.5,0.0,0.0,0.0,1.6,0.0,0.1,0.55,0.1,0.36,0.44,0.0,0.0,0.46,0.87,0.0,0.0,1.0,0.0,0.0,0.0,0.0,0.0,0.0,1.0,1.0,0.0,0.0,0.0,0.0,0.0,0.0,0.0,0.0,0.2559599978866376,19.50230755577401,22.005681084665387
9466,378.6,0.98,1,0.004,0.303,0.068,-0.044,-0.052,0.4,0.32,0.0,0.0,0.0,1.51,0.0,0.05,0.55,0.07,0.31,0.36,0.0,0.0,0.51,0.81,0.0,0.0,1.0,0.0,0.0,0.0,0.0,0.0,0.0,1.0,1.0,0.0,0.0,0.0,0.0,0.0,0.0,0.0,0.0,0.25164444010648007,20.312065379965627,22.403571143904806
9467,378.64,0.98,1,-0.009,0.306,0.067,-0.04,-0.053,0.4,0.24,0.0,0.0,0.0,1.49,0.0,0.05,0.55,0.04,0.27,0.36,0.0,0.0,0.53,0.77,0.13,0.0,1.0,0.0,0.0,0.0,0.0,0.0,0.0,1.0,1.0,0.0,0.0,0.0,0.0,0.0,0.0,0.0,0.0,0.24411240769345038,20.312065379965624,21.903652663425888
9468,378.68,0.98,1,-0.033,0.343,0.058,-0.033,-0.054,0.54,0.26,0.0,0.0,0.0,1.63,0.0,0.07,0.58,0.04,0.19,0.28,0.0,0.0,0.49,0.78,0.41,0.0,1.0,0.0,0.0,0.0,0.0,0.0,0.0,1.0,1.0,0.0,0.0,0.0,0.0,0.0,0.0,0.0,0.0,0.2082470309441257,19.299999999999955,19.41648783894769
9469,378.72,0.98,1,-0.024,0.362,0.064,-0.035,-0.053,0.71,0.29,0.0,0.0,0.0,1.64,0.0,0.12,0.59,0.12,0.14,0.34,0.0,0.0,0.46,0.79,0.78,1.0,1.0,0.0,0.0,0.0,0.0,0.0,0.0,1.0,1.0,0.0,0.0,0.0,0.0,0.0,0.0,0.0,0.0,0.19952150575826955,18.300000000000182,19.443507913954306
9470,378.76,0.98,1,-0.024,0.357,0.063,-0.035,-0.053,0.79,0.35,0.0,0.0,0.0,1.77,0.0,0.19,0.64,0.17,0.12,0.3,0.0,0.0,0.45,0.75,1.0,1.0,1.0,0.0,0.0,0.0,0.0,0.0,0.0,1.0,1.0,0.0,0.0,0.0,0.0,0.0,0.0,0.0,0.0,0.2038872621223804,18.401086924418212,19.42575609854102
9471,378.8,0.98,1,-0.02,0.359,0.063,-0.036,-0.052,0.74,0.27,0.0,0.0,0.0,1.79,0.0,0.18,0.62,0.2,0.13,0.3,0.0,0.0,0.44,0.77,1.01,1.0,1.0,0.0,0.0,0.0,0.0,0.0,0.0,1.0,1.0,0.0,0.0,0.0,0.0,0.0,0.0,0.0,1.0,0.20312466707660087,18.601075237738183,19.636700333813863
9472,378.84,0.98,1,-0.024,0.368,0.072,-0.034,-0.055,0.76,0.29,0.0,0.0,0.0,1.86,0.0,0.19,0.61,0.17,0.14,0.28,0.0,0.0,0.37,0.8,0.95,1.0,1.0,0.0,0.0,0.0,0.0,0.0,0.0,1.0,1.0,0.0,0.0,0.0,0.0,0.0,0.0,0.0,0.0,0.20177910401347188,18.401086924418443,19.531000998412754
9473,378.88,0.98,1,-0.025,0.358,0.064,-0.033,-0.052,0.82,0.2,0.0,0.0,0.0,1.9,0.0,0.15,0.58,0.16,0.23,0.3,0.0,0.0,0.35,0.8,0.9,1.0,1.0,0.0,0.0,0.0,0.0,0.0,0.0,1.0,1.0,0.0,0.0,0.0,0.0,0.0,0.0,0.0,0.0,0.20527105731262923,18.20247235954505,19.936148073286468
9474,378.92,0.98,1,-0.026,0.362,0.067,-0.039,-0.051,0.89,0.23,0.0,0.0,0.0,1.82,0.0,0.13,0.56,0.12,0.31,0.26,0.0,0.0,0.42,0.76,0.85,1.0,1.0,0.0,0.0,0.0,0.0,0.0,0.0,1.0,1.0,0.0,0.0,0.0,0.0,0.0,0.0,0.0,0.0,0.20388844910237852,18.301092863542284,19.925109786397755
9475,378.96,0.98,1,-0.026,0.357,0.066,-0.035,-0.053,0.92,0.23,0.0,0.0,0.0,1.87,0.0,0.1,0.51,0.08,0.27,0.18,0.0,0.0,0.48,0.81,0.65,1.0,1.0,0.0,0.0,0.0,0.0,0.0,0.0,1.0,1.0,0.0,0.0,0.0,0.0,0.0,0.0,0.0,0.0,0.20311411439550286,18.201098867925573,19.925109786397528
9476,379.0,0.98,1,-0.01,0.335,0.062,-0.036,-0.053,0.92,0.28,0.0,0.0,0.0,1.99,0.0,0.15,0.47,0.12,0.25,0.08,0.0,0.0,0.56,0.84,0.5,1.0,1.0,0.0,0.0,0.0,0.0,0.0,0.0,1.0,1.0,0.0,0.0,0.0,0.0,0.0,0.0,0.0,0.0,0.21045705681961288,18.100276240985846,18.117670931993345
9477,379.04,0.98,1,-0.014,0.357,0.068,-0.032,-0.052,0.89,0.37,0.0,0.0,0.0,1.99,0.0,0.16,0.48,0.18,0.14,0.0,0.0,0.0,0.49,0.88,0.44,1.0,1.0,0.0,0.0,0.0,0.0,0.0,0.0,1.0,1.0,0.0,0.0,0.0,0.0,0.0,0.0,0.0,0.0,0.2148220472816313,17.801123560045486,19.258504614844885
9478,379.08,0.98,1,-0.015,0.338,0.058,-0.031,-0.047,0.87,0.33,0.0,0.0,0.0,1.96,0.0,0.15,0.55,0.32,0.11,0.04,0.0,0.0,0.49,0.9,0.46,1.0,1.0,0.0,0.0,0.0,1.0,0.0,0.0,1.0,1.0,0.0,0.0,0.0,0.0,0.0,0.0,0.0,0.0,0.21257981288935093,18.20439507371782,18.826576959181885
9479,379.12,0.98,1,-0.018,0.337,0.062,-0.031,-0.046,0.88,0.29,0.0,0.0,0.0,1.73,0.0,0.08,0.65,0.34,0.01,0.1,0.0,0.0,0.49,0.97,0.59,1.0,1.0,0.0,0.0,0.0,1.0,0.0,0.0,1.0,1.0,0.0,0.0,0.0,0.0,0.0,0.0,0.0,0.0,0.21471720004365058,18.00444389588304,18.613167382259398
9480,379.16,0.98,1,-0.022,0.345,0.064,-0.034,-0.044,0.95,0.13,0.0,0.0,0.0,1.73,0.0,0.03,0.7,0.37,0.0,0.14,0.0,0.0,0.61,1.01,0.61,1.0,1.0,0.0,0.0,0.0,1.0,0.0,0.0,1.0,1.0,0.0,0.0,0.0,0.0,0.0,0.0,0.0,0.0,0.2150641017844464,17.9011172835665,18.213456563760804
9481,379.2,0.98,1,-0.022,0.339,0.063,-0.031,-0.045,0.96,0.15,0.0,0.0,0.0,1.67,0.0,0.01,0.73,0.35,0.0,0.15,0.0,0.0,0.7,1.02,0.73,1.0,1.0,0.0,0.0,0.0,1.0,0.0,0.0,1.0,1.0,0.0,0.0,0.0,0.0,0.0,0.0,0.0,0.0,0.2147220980153361,18.001111076819676,19.01289036417136
9482,379.24,0.98,1,-0.021,0.355,0.062,-0.035,-0.044,0.9,0.17,0.0,0.0,0.0,1.87,0.0,0.03,0.76,0.44,0.0,0.1,0.0,0.0,0.75,1.04,0.73,1.0,1.0,0.0,0.0,0.0,0.0,0.0,0.0,1.0,1.0,0.0,0.0,0.0,0.0,0.0,0.0,0.0,0.0,0.21009117794337362,17.90446871593802,19.03785702225962
9483,379.28,0.98,1,-0.029,0.35,0.073,-0.03,-0.049,0.87,0.19,0.0,0.0,0.0,1.87,0.0,0.03,0.75,0.45,0.01,0.08,0.0,0.0,0.72,1.04,0.83,1.0,1.0,0.0,0.0,0.0,0.0,0.0,0.0,1.0,1.0,0.0,0.0,0.0,0.0,0.0,0.0,0.0,0.0,0.21868358400405788,18.506755523321747,19.11674658512806
9484,379.32,0.98,1,-0.009,0.338,0.06,-0.03,-0.045,0.84,0.22,0.0,0.0,0.0,1.93,0.0,0.11,0.76,0.48,0.01,0.06,0.0,0.0,0.71,1.03,0.79,1.0,1.0,0.0,0.0,0.0,1.0,0.0,0.0,1.0,1.0,0.0,0.0,0.0,0.0,0.0,0.0,0.0,0.0,0.21081703660604584,18.509727172489605,19.4435079139543
9485,379.36,0.98,1,-0.012,0.34,0.057,-0.034,-0.044,0.93,0.33,0.0,0.0,0.0,1.83,0.0,0.11,0.77,0.47,0.06,0.07,0.0,0.0,0.71,1.02,0.87,1.0,1.0,0.0,0.0,0.0,1.0,0.0,0.0,1.0,1.0,0.0,0.0,0.0,0.0,0.0,0.0,0.0,0.0,0.21170917929787103,18.7096231923575,18.826576959182113
9486,379.4,0.98,1,-0.011,0.345,0.065,-0.031,-0.047,0.97,0.5,0.0,0.0,0.0,1.93,0.0,0.17,0.8,0.53,0.06,0.05,0.0,0.0,0.77,1.01,0.74,1.0,1.0,0.0,0.0,0.0,1.0,0.0,0.0,1.0,1.0,0.0,0.0,0.0,0.0,0.0,0.0,0.0,0.0,0.21214229153267758,18.30983342360051,19.02130384595126
9487,379.44,0.98,1,-0.011,0.333,0.057,-0.031,-0.045,0.94,0.52,0.0,0.0,0.0,1.93,0.0,0.15,0.8,0.51,0.06,0.05,0.0,0.0,0.74,1.0,0.67,1.0,1.0,0.0,0.0,0.0,1.0,0.0,0.0,1.0,1.0,0.0,0.0,0.0,0.0,0.0,0.0,0.0,0.0,0.2121519805397914,18.506755523321747,19.016834647227707
9488,379.48,0.98,1,-0.005,0.323,0.051,-0.033,-0.041,0.86,0.52,0.0,0.01,0.0,1.93,0.0,0.18,0.82,0.5,0.0,0.09,0.0,0.0,0.73,0.94,0.4,1.0,1.0,0.0,0.0,0.0,1.0,0.0,0.0,1.0,1.0,0.0,0.0,0.0,0.0,0.0,0.0,0.0,0.0,0.2128070008663418,19.11282292075131,19.0168346472277
9489,379.52,0.98,1,-0.011,0.333,0.061,-0.03,-0.044,0.84,0.37,0.0,0.01,0.0,1.99,0.0,0.15,0.83,0.47,0.0,0.15,0.0,0.0,0.74,0.99,0.39,1.0,1.0,0.0,0.0,0.0,1.0,0.0,0.0,1.0,1.0,0.0,0.0,0.0,0.0,0.0,0.0,0.0,0.0,0.2129227893464007,19.309324172533803,19.126160095533983
9490,379.56,0.98,1,-0.009,0.329,0.054,-0.034,-0.04,0.87,0.3,0.0,0.01,0.0,2.09,0.0,0.15,0.83,0.48,0.01,0.14,0.0,0.0,0.77,0.97,0.43,1.0,1.0,0.0,0.0,0.0,1.0,0.0,0.0,1.0,1.0,0.0,0.0,0.0,0.0,0.0,0.0,0.0,0.0,0.21247980929376076,19.00657780874821,19.0168346472277
9491,379.6,0.98,1,-0.02,0.33,0.061,-0.032,-0.043,0.81,0.19,0.0,0.0,0.0,2.03,0.0,0.12,0.81,0.43,0.02,0.15,0.0,0.0,0.82,0.99,0.48,1.0,1.0,0.0,0.0,0.0,1.0,0.0,0.0,1.0,1.0,0.0,0.0,0.0,0.0,0.0,0.0,0.0,0.0,0.21477416832081458,19.10942175995928,19.016834647227707
9492,379.64,0.98,1,-0.013,0.345,0.064,-0.036,-0.042,0.74,0.34,0.0,0.0,0.0,1.8,0.0,0.21,0.82,0.41,0.02,0.13,0.0,0.0,0.79,0.9,0.86,1.0,1.0,0.0,0.0,0.0,0.0,0.0,0.0,1.0,1.0,0.0,0.0,0.0,0.0,0.0,0.0,0.0,0.0,0.21228165243134905,19.11674658512783,19.22602402994446
9493,379.68,0.98,1,-0.005,0.358,0.061,-0.037,-0.041,0.96,0.5,0.0,0.0,0.0,1.21,0.0,0.31,0.86,0.42,0.16,0.1,0.0,0.0,0.9,0.8,1.54,1.0,1.0,0.0,0.0,0.0,0.0,0.0,0.0,1.0,1.0,0.0,0.0,0.0,0.0,0.0,0.0,0.0,1.0,0.2211713828611903,19.101047091717387,17.901117283566585
9494,379.72,0.98,1,0.016,0.433,0.062,-0.054,-0.04,1.13,0.67,0.0,0.0,0.0,0.71,0.0,0.33,0.89,0.46,0.19,0.04,0.0,0.0,0.85,0.69,2.14,1.0,1.0,0.0,0.0,0.0,0.0,0.0,0.0,1.0,1.0,0.0,0.0,0.0,0.0,0.0,0.0,0.0,1.0,0.1814330347285513,19.87083289648428,20.97736875778284
9495,379.76,0.98,1,0.029,0.423,0.052,-0.047,-0.041,1.09,0.69,0.0,0.0,0.0,0.79,0.0,0.28,0.86,0.43,0.2,0.03,0.0,0.0,0.71,0.56,2.11,1.0,1.0,0.0,0.0,0.0,0.0,0.0,0.0,1.0,1.0,0.0,0.0,0.0,0.0,0.0,0.0,0.0,1.0,0.17155509984694406,17.066048165876012,20.38872237291974
9496,379.8,0.98,1,0.015,0.352,0.046,-0.034,-0.046,0.8,0.48,0.0,0.0,0.0,1.59,0.0,0.16,0.82,0.49,0.07,0.14,0.0,0.0,0.5,0.63,1.32,1.0,1.0,0.0,0.0,0.0,1.0,0.0,0.0,1.0,1.0,0.0,0.0,0.0,0.0,0.0,0.0,0.0,1.0,0.18973090499297307,17.513994404475522,19.730686759461815
9497,379.84,0.98,1,0.021,0.329,0.071,-0.038,-0.046,0.59,0.25,0.0,0.0,0.0,2.25,0.0,0.16,0.78,0.59,0.07,0.25,0.0,0.0,0.44,0.69,0.56,1.0,1.0,0.0,0.0,0.0,1.0,0.0,0.0,1.0,1.0,0.0,0.0,0.0,0.0,0.0,0.0,0.0,0.0,0.20178619192449965,17.402586014727902,18.027756377319946
9498,379.88,0.98,1,0.023,0.312,0.067,-0.034,-0.045,0.59,0.03,0.0,0.0,0.0,2.47,0.0,0.11,0.76,0.58,0.06,0.34,0.0,0.0,0.53,0.87,0.07,1.0,1.0,0.0,0.0,0.0,1.0,0.0,0.0,1.0,1.0,0.0,0.0,0.0,0.0,0.0,0.0,0.0,0.0,0.21971337499789467,20.708693826506824,20.008997975910738
9499,379.92,0.98,1,0.008,0.292,0.065,-0.026,-0.043,0.52,0.03,0.0,0.0,0.0,2.32,0.0,0.13,0.73,0.56,0.1,0.29,0.0,0.0,0.6,0.92,0.0,1.0,1.0,0.0,0.0,0.0,1.0,0.0,0.0,1.0,1.0,0.0,0.0,0.0,0.0,0.0,0.0,0.0,0.0,0.2206437191564254,21.30023474049072,22.000227271553356
9500,379.96,0.98,1,-0.007,0.294,0.071,-0.029,-0.046,0.49,0.12,0.0,0.0,0.0,2.28,0.0,0.11,0.7,0.4,0.09,0.28,0.0,0.0,0.58,0.83,0.0,1.0,1.0,0.0,0.0,0.0,1.0,0.0,0.0,1.0,1.0,0.0,0.0,0.0,0.0,0.0,0.0,0.0,0.0,0.22999306041937767,21.822923727126895,22.607963198837844
9501,380.0,0.98,1,-0.01,0.294,0.071,-0.029,-0.045,0.39,0.19,0.0,0.0,0.0,2.05,0.0,0.08,0.71,0.31,0.13,0.26,0.0,0.0,0.54,0.61,0.0,1.0,1.0,0.0,0.0,0.0,1.0,0.0,0.0,1.0,1.0,0.0,0.0,0.0,0.0,0.0,0.0,0.0,0.0,0.22910330190153688,22.34390297150451,23.70527367485982
9502,380.04,0.98,1,-0.005,0.289,0.067,-0.028,-0.045,0.36,0.29,0.0,0.0,0.0,2.0,0.0,0.03,0.69,0.12,0.13,0.29,0.0,0.0,0.52,0.5,0.0,1.0,1.0,0.0,0.0,0.0,1.0,0.0,0.0,1.0,1.0,0.0,0.0,0.0,0.0,0.0,0.0,0.0,0.0,0.23226699023789196,22.250617968946436,23.51042322035058
9503,380.08,0.98,1,-0.011,0.291,0.068,-0.034,-0.043,0.38,0.28,0.0,0.0,0.0,2.06,0.0,0.01,0.73,0.03,0.09,0.3,0.0,0.0,0.53,0.47,0.0,0.0,1.0,0.0,0.0,0.0,1.0,0.0,0.0,1.0,1.0,0.0,0.0,0.0,0.0,0.0,0.0,0.0,0.0,0.23379119029251805,22.53752426510064,23.510423220350585
9504,380.12,0.98,1,-0.002,0.289,0.069,-0.032,-0.044,0.35,0.26,0.0,0.0,0.0,2.21,0.0,0.01,0.67,0.01,0.06,0.33,0.0,0.0,0.65,0.54,0.0,0.0,1.0,0.0,0.0,0.0,1.0,0.0,0.0,1.0,1.0,0.0,0.0,0.0,0.0,0.0,0.0,0.0,0.0,0.23221054040233474,22.350391495452556,23.21745033374663
9505,380.16,0.98,1,0.001,0.285,0.067,-0.034,-0.044,0.26,0.15,0.0,0.0,0.0,2.24,0.0,0.04,0.67,0.0,0.01,0.34,0.0,0.0,0.68,0.51,0.0,0.0,1.0,0.0,0.0,0.0,1.0,0.0,0.0,1.0,1.0,0.0,0.0,0.0,0.0,1.0,0.0,0.0,0.0,0.24684659216035032,22.68832298782781,23.41367122003733
9506,380.2,0.98,1,0.001,0.287,0.071,-0.03,-0.047,0.15,0.1,0.0,0.0,0.0,2.17,0.0,0.03,0.6,0.04,0.01,0.32,0.0,0.0,0.72,0.58,0.0,0.0,1.0,0.0,1.0,0.0,1.0,0.0,0.0,1.0,1.0,0.0,0.0,0.0,0.0,1.0,0.0,0.0,0.0,0.2403295073223965,22.996086623597368,24.020824298928627
9507,380.24,0.98,1,0.003,0.278,0.067,-0.03,-0.045,0.15,0.05,0.0,0.08,0.0,1.95,0.0,0.06,0.65,0.1,0.02,0.3,0.0,0.0,0.68,0.6,0.0,0.0,1.0,0.0,1.0,0.0,1.0,0.0,0.0,1.0,1.0,0.0,0.0,0.0,0.0,1.0,0.0,0.0,0.0,0.24063733039607776,22.91571513176051,24.129857024027444
9508,380.28,0.98,1,-0.002,0.283,0.072,-0.023,-0.047,0.25,0.05,0.0,0.14,0.0,1.74,0.0,0.16,0.68,0.17,0.08,0.3,0.0,0.0,0.63,0.63,0.0,0.0,1.0,0.0,1.0,0.0,0.0,0.0,0.0,1.0,1.0,0.0,0.0,0.0,0.0,1.0,0.0,0.0,0.0,0.24025604379904647,22.94776677587599,24.240462041801152
9509,380.32,0.98,1,-0.015,0.288,0.079,-0.023,-0.046,0.29,0.0,0.0,0.31,0.0,1.65,0.0,0.26,0.71,0.21,0.13,0.23,0.0,0.0,0.57,0.49,0.0,0.0,0.0,0.0,1.0,0.0,0.0,0.0,0.0,1.0,1.0,0.0,0.0,0.0,0.0,1.0,0.0,0.0,0.0,0.24909299125413548,22.6497240601293,23.953496613229653
9510,380.36,0.98,1,-0.006,0.285,0.085,-0.024,-0.046,0.26,0.0,0.0,0.41,0.0,1.71,0.0,0.28,0.71,0.21,0.18,0.27,0.0,0.0,0.54,0.52,0.0,0.0,0.0,0.0,1.0,0.0,0.0,0.0,0.0,1.0,1.0,0.0,0.0,0.0,0.0,1.0,0.0,0.0,0.0,0.2623593528545561,22.52820454452606,24.352617929085113
9511,380.4,0.98,1,-0.005,0.287,0.085,-0.024,-0.047,0.28,0.0,0.0,0.39,0.0,1.8,0.0,0.29,0.7,0.33,0.21,0.16,0.0,0.0,0.53,0.55,0.0,0.0,0.0,0.0,1.0,0.0,0.0,0.0,0.0,1.0,1.0,0.0,0.0,0.0,0.0,1.0,0.0,0.0,0.0,0.26652794611141495,22.627637967759703,24.46630335788375
9512,380.44,0.98,1,0.001,0.295,0.081,-0.022,-0.045,0.29,0.0,0.0,0.24,0.0,1.82,0.0,0.27,0.73,0.42,0.24,0.18,0.0,0.0,0.54,0.7,0.0,0.0,0.0,0.0,1.0,0.0,0.0,0.0,0.0,1.0,1.0,0.0,0.0,0.0,0.0,1.0,0.0,0.0,0.0,0.2515814664809992,23.52275494069529,24.452402744924544
9513,380.48,0.98,1,0.004,0.287,0.085,-0.022,-0.047,0.34,0.0,0.0,0.11,0.0,1.81,0.0,0.26,0.68,0.54,0.22,0.06,0.0,0.0,0.5,0.74,0.0,0.0,0.0,0.0,1.0,0.0,0.0,0.0,0.0,1.0,1.0,0.0,0.0,0.0,0.0,1.0,0.0,0.0,0.0,0.25744196263580005,22.826519664635736,24.459149617269883
9514,380.52,0.98,1,-0.005,0.282,0.082,-0.022,-0.048,0.37,0.11,0.0,0.23,0.0,1.9,0.0,0.12,0.67,0.44,0.14,0.16,0.0,0.0,0.5,0.74,0.0,0.0,0.0,0.0,1.0,0.0,0.0,0.0,0.0,1.0,1.0,0.0,0.0,0.0,0.0,1.0,0.0,0.0,0.0,0.25784251191158314,21.843534512527775,24.266849816158718
9515,380.56,0.98,1,0.005,0.284,0.094,-0.022,-0.04,0.31,0.11,0.0,0.2,0.0,1.72,0.0,0.07,0.68,0.4,0.13,0.13,0.0,0.0,0.49,0.82,0.0,0.0,0.0,0.0,0.0,0.0,0.0,0.0,0.0,1.0,1.0,0.0,0.0,0.0,0.0,1.0,0.0,0.0,0.0,0.2531464794575034,22.869411885748086,23.913385373050055
9516,380.6,0.98,1,-0.014,0.251,0.081,-0.026,-0.045,0.26,0.11,0.0,0.15,0.0,1.58,0.0,0.07,0.73,0.37,0.16,0.15,0.0,0.0,0.51,0.85,0.0,0.0,0.0,0.0,0.0,0.0,0.0,0.0,0.0,1.0,1.0,0.0,0.0,0.0,0.0,0.0,0.0,0.0,0.0,0.28714499001377497,22.586943130933054,25.20515820224098
9517,380.64,0.98,1,-0.021,0.254,0.077,-0.028,-0.044,0.2,0.0,0.0,0.0,0.0,1.42,0.0,0.09,0.72,0.39,0.2,0.08,0.0,0.0,0.53,0.83,0.0,0.0,0.0,0.0,0.0,0.0,0.0,0.0,0.0,1.0,1.0,0.0,0.0,0.0,0.0,0.0,0.0,0.0,0.0,0.2992901580403964,22.971286424577915,24.69817807045685
9518,380.68,0.98,1,-0.019,0.257,0.076,-0.025,-0.05,0.23,0.0,0.0,0.22,0.0,1.47,0.0,0.11,0.72,0.36,0.29,0.07,0.0,0.0,0.53,0.74,0.0,0.0,0.0,0.0,0.0,0.0,0.0,0.0,0.0,1.0,1.0,0.0,0.0,0.0,0.0,0.0,0.0,0.0,0.0,0.28801600863379634,22.32935287911412,24.16712643240804
9519,380.72,0.98,1,-0.014,0.251,0.076,-0.024,-0.051,0.33,0.04,0.0,0.22,0.0,1.6,0.0,0.07,0.74,0.26,0.24,0.08,0.0,0.0,0.54,0.7,0.0,0.0,0.0,0.0,0.0,0.0,0.0,0.0,0.0,1.0,1.0,0.0,0.0,0.0,0.0,0.0,0.0,0.0,0.0,0.29236794184992165,22.363586474445498,24.182845159327215
9520,380.76,0.98,1,-0.006,0.265,0.084,-0.023,-0.039,0.39,0.17,0.0,0.22,0.0,1.75,0.0,0.16,0.79,0.29,0.28,0.14,0.0,0.0,0.48,0.78,0.38,0.0,1.0,0.0,0.0,0.0,0.0,0.0,0.0,1.0,1.0,0.0,0.0,0.0,0.0,0.0,0.0,0.0,0.0,0.2853331548663295,22.897379762758927,23.325951213187377
9521,380.8,0.98,1,-0.015,0.313,0.067,-0.021,-0.044,0.76,0.32,0.0,0.0,0.0,1.44,0.0,0.21,0.84,0.45,0.28,0.32,0.0,0.0,0.5,0.71,1.3,0.0,1.0,0.0,0.0,0.0,1.0,0.0,0.0,1.0,1.0,0.0,0.0,0.0,0.0,0.0,0.0,0.0,1.0,0.22198552917946224,18.916923639957815,17.980545041794574
9522,380.84,0.98,1,0.031,0.433,0.068,-0.037,-0.039,1.08,0.51,0.0,0.0,0.0,1.21,0.0,0.33,0.81,0.63,0.38,0.31,0.0,0.0,0.53,0.56,1.92,0.0,1.0,0.0,0.0,0.0,1.0,0.0,0.0,1.0,1.0,0.0,0.0,0.0,0.0,0.0,0.0,0.0,1.0,0.17741137989710096,18.531055015837687,20.042205467462903
9523,380.88,0.98,1,0.028,0.418,0.057,-0.028,-0.039,1.27,0.51,0.0,0.0,0.0,1.19,0.0,0.27,0.76,0.66,0.36,0.29,0.0,0.0,0.51,0.46,2.01,0.0,1.0,0.0,0.0,0.0,1.0,0.0,0.0,1.0,1.0,0.0,0.0,0.0,0.0,0.0,0.0,0.0,1.0,0.1775948611303324,16.609033686521318,22.18152384305474
9524,380.92,0.98,1,-0.0,0.364,0.053,-0.019,-0.042,1.03,0.51,0.0,0.0,0.0,1.69,0.0,0.25,0.69,0.5,0.22,0.19,0.0,0.0,0.43,0.58,1.31,1.0,1.0,0.0,0.0,0.0,1.0,0.0,0.0,1.0,1.0,0.0,0.0,0.0,0.0,0.0,0.0,0.0,1.0,0.1893194359044545,17.904468715937792,19.95645259057818
9525,380.96,0.98,1,0.017,0.311,0.062,-0.026,-0.046,0.65,0.42,0.0,0.0,0.0,2.18,0.0,0.22,0.73,0.47,0.15,0.2,0.0,0.0,0.39,0.69,0.83,1.0,1.0,0.0,0.0,0.0,1.0,0.0,0.0,1.0,1.0,0.0,0.0,0.0,0.0,0.0,0.0,0.0,1.0,0.21438488054456317,17.5025712396779,18.777113729218392
9526,381.0,0.98,1,0.01,0.315,0.078,-0.026,-0.046,0.48,0.55,0.0,0.0,0.0,2.25,0.0,0.23,0.75,0.45,0.1,0.15,0.0,0.0,0.42,0.77,0.44,1.0,1.0,0.0,0.0,0.0,1.0,0.0,0.0,1.0,1.0,0.0,0.0,0.0,0.0,0.0,0.0,0.0,0.0,0.21535562278596604,18.80664776083199,19.306475597581198
9527,381.04,0.98,1,0.025,0.289,0.071,-0.017,-0.048,0.33,0.47,0.0,0.0,0.0,2.3,0.0,0.19,0.79,0.45,0.14,0.08,0.0,0.0,0.42,0.76,0.21,1.0,1.0,0.0,0.0,0.0,1.0,0.0,0.0,1.0,1.0,0.0,0.0,0.0,0.0,0.0,0.0,0.0,0.0,0.23446004748861501,18.904232330353825,20.602184350209217
9528,381.08,0.98,1,0.008,0.293,0.071,-0.02,-0.047,0.38,0.44,0.0,0.0,0.0,2.21,0.0,0.12,0.79,0.46,0.17,0.1,0.0,0.0,0.29,0.82,0.07,1.0,1.0,0.0,0.0,0.0,1.0,0.0,0.0,1.0,1.0,0.0,0.0,0.0,0.0,0.0,0.0,0.0,0.0,0.24419497133590728,20.020239758804088,21.30586773637718
9529,381.12,0.98,1,0.002,0.276,0.066,-0.021,-0.047,0.37,0.37,0.0,0.0,0.0,2.16,0.0,0.08,0.78,0.52,0.2,0.14,0.0,0.0,0.29,0.77,0.0,1.0,1.0,0.0,0.0,0.0,1.0,0.0,0.0,1.0,1.0,0.0,0.0,0.0,0.0,0.0,0.0,0.0,0.0,0.253179383122279,20.70096616102741,20.900239233080654
9530,381.16,0.98,1,0.018,0.283,0.068,-0.021,-0.044,0.44,0.39,0.0,0.0,0.0,2.03,0.0,0.18,0.75,0.61,0.27,0.14,0.0,0.0,0.25,0.71,0.0,1.0,1.0,0.0,0.0,0.0,1.0,0.0,0.0,1.0,1.0,0.0,0.0,0.0,0.0,0.0,0.0,0.0,0.0,0.2632203570787398,21.30023474049072,21.405840324547036
9531,381.2,0.98,1,0.013,0.283,0.067,-0.024,-0.043,0.35,0.28,0.0,0.03,0.0,1.8,0.0,0.31,0.75,0.59,0.3,0.08,0.0,0.0,0.22,0.61,0.0,1.0,1.0,0.0,0.0,0.0,1.0,0.0,0.0,1.0,1.0,0.0,0.0,0.0,0.0,0.0,0.0,0.0,0.0,0.247782710187541,21.00380917833715,21.80206412246345
9532,381.24,0.98,1,0.019,0.285,0.069,-0.029,-0.044,0.21,0.09,0.0,0.06,0.0,1.65,0.0,0.43,0.77,0.57,0.41,0.01,0.0,0.0,0.14,0.54,0.0,1.0,1.0,0.0,0.0,0.0,1.0,0.0,0.0,1.0,1.0,0.0,0.0,0.0,0.0,0.0,0.0,0.0,0.0,0.2613075424982255,21.65202069091927,22.299999999999955
9533,381.28,0.98,1,0.018,0.29,0.073,-0.029,-0.048,0.2,0.01,0.0,0.06,0.0,1.6,0.0,0.41,0.8,0.55,0.35,0.06,0.0,0.01,0.07,0.47,0.0,1.0,1.0,0.0,0.0,0.0,1.0,0.0,0.0,1.0,1.0,0.0,0.0,0.0,0.0,0.0,0.0,0.0,0.0,0.2619440755317944,22.05810508633958,22.70088104017115
9534,381.32,0.98,1,0.015,0.296,0.069,-0.023,-0.046,0.32,0.01,0.0,0.04,0.0,1.76,0.0,0.26,0.8,0.58,0.24,0.17,0.0,0.15,0.05,0.28,0.0,1.0,1.0,0.0,0.0,0.0,1.0,0.0,0.0,1.0,1.0,0.0,0.0,0.0,0.0,0.0,0.0,0.0,0.0,0.23005581946507647,22.127358631341338,23.30085835328814
9535,381.36,0.98,1,0.016,0.289,0.057,-0.021,-0.043,0.47,0.06,0.0,0.0,0.0,1.94,0.0,0.12,0.84,0.53,0.12,0.39,0.0,0.32,0.0,0.16,0.0,1.0,1.0,0.0,0.0,0.0,1.0,0.0,0.0,1.0,1.0,0.0,0.0,0.0,0.0,0.0,0.0,0.0,0.0,0.2322989950997177,21.718655575334353,22.50022222112484
9536,381.4,0.98,1,0.018,0.293,0.069,-0.024,-0.048,0.44,0.05,0.0,0.02,0.0,1.88,0.0,0.02,0.92,0.54,0.1,0.55,0.0,0.47,0.0,0.03,0.0,1.0,1.0,0.0,0.0,0.0,1.0,0.0,0.0,1.0,1.0,0.0,1.0,0.0,0.0,0.0,0.0,0.0,0.0,0.2313064323297586,21.922819161777394,23.000217390276987
9537,381.44,0.98,1,0.014,0.291,0.063,-0.024,-0.047,0.36,0.05,0.0,0.02,0.0,1.83,0.0,0.02,0.97,0.54,0.18,0.73,0.0,0.48,0.0,0.03,0.0,1.0,1.0,0.0,0.0,0.0,1.0,0.0,0.0,1.0,1.0,0.0,1.0,0.0,0.0,0.0,0.0,0.0,0.0,0.2334197812934617,22.150846484954158,22.700220263248593
9538,381.48,0.98,1,0.015,0.285,0.064,-0.024,-0.046,0.33,0.18,0.0,0.02,0.0,1.64,0.0,0.02,0.99,0.64,0.21,0.71,0.0,0.47,0.0,0.01,0.0,1.0,1.0,0.0,0.0,0.0,1.0,0.0,0.0,1.0,1.0,0.0,1.0,0.0,0.0,0.0,0.0,0.0,0.0,0.23453762658336103,21.83300254202335,23.601906702637304
9539,381.52,0.98,1,0.015,0.293,0.064,-0.025,-0.045,0.34,0.18,0.0,0.0,0.0,1.74,0.0,0.01,0.97,0.7,0.19,0.64,0.0,0.48,0.0,0.02,0.0,1.0,1.0,0.0,0.0,0.0,1.0,0.0,0.0,1.0,1.0,0.0,1.0,0.0,0.0,0.0,0.0,0.0,0.0,0.23461736167707262,21.74511439381251,23.40192299790776
9540,381.56,0.98,1,0.015,0.285,0.056,-0.023,-0.043,0.33,0.24,0.0,0.0,0.0,1.65,0.0,0.02,0.97,0.65,0.14,0.5,0.0,0.5,0.0,0.01,0.0,1.0,1.0,0.0,0.0,0.0,1.0,0.0,0.0,1.0,1.0,0.0,0.0,0.0,0.0,0.0,0.0,0.0,0.0,0.2306941307289888,21.951309755912153,23.401922997907533
9541,381.6,0.98,1,0.003,0.286,0.056,-0.025,-0.044,0.22,0.07,0.0,0.0,0.0,1.69,0.0,0.03,0.95,0.56,0.08,0.38,0.0,0.5,0.0,0.01,0.0,1.0,1.0,0.0,0.0,0.0,1.0,0.0,0.0,1.0,1.0,0.0,0.0,0.0,0.0,0.0,0.0,0.0,0.0,0.22798293957861543,22.132555207205428,23.6008474424118
9542,381.64,0.98,1,-0.004,0.278,0.051,-0.022,-0.044,0.2,0.07,0.0,0.0,0.0,1.74,0.0,0.01,0.93,0.42,0.04,0.4,0.0,0.48,0.0,0.0,0.0,1.0,1.0,0.0,0.0,0.0,1.0,0.0,0.0,1.0,1.0,0.0,0.0,0.0,0.0,0.0,0.0,0.0,0.0,0.22773517151503997,22.032702966272655,23.11060362690676
9543,381.68,0.98,1,-0.007,0.293,0.06,-0.026,-0.046,0.21,0.02,0.0,0.0,0.0,1.83,0.0,0.01,0.92,0.53,0.0,0.37,0.0,0.39,0.0,0.0,0.0,1.0,1.0,0.0,0.0,0.0,1.0,0.0,0.0,1.0,1.0,0.0,0.0,0.0,0.0,0.0,0.0,0.0,0.0,0.222492539138366,22.250617968946436,23.613555429032612
9544,381.72,0.98,1,-0.008,0.287,0.056,-0.024,-0.048,0.29,0.1,0.0,0.0,0.0,1.92,0.0,0.04,0.94,0.59,0.0,0.45,0.0,0.34,0.0,0.0,0.0,1.0,1.0,0.0,0.0,0.0,1.0,0.0,0.0,1.0,1.0,0.0,0.0,0.0,0.0,0.0,0.0,0.0,0.0,0.23599489983151573,22.044500447957542,23.31051264987556
9545,381.76,0.98,1,-0.01,0.295,0.063,-0.024,-0.049,0.32,0.23,0.0,0.0,0.0,1.95,0.0,0.04,0.93,0.69,0.0,0.44,0.0,0.35,0.0,0.0,0.0,1.0,1.0,0.0,0.0,0.0,1.0,0.0,0.0,1.0,1.0,0.0,0.0,0.0,0.0,0.0,0.0,0.0,0.0,0.23895503417801228,22.357325421436215,24.010206163213176
9546,381.8,0.98,1,-0.0,0.29,0.057,-0.023,-0.049,0.38,0.21,0.0,0.0,0.0,1.93,0.0,0.05,0.94,0.68,0.05,0.5,0.0,0.34,0.0,0.0,0.0,1.0,1.0,0.0,0.0,0.0,1.0,0.0,0.0,1.0,1.0,0.0,0.0,0.0,0.0,0.0,0.0,0.0,0.0,0.2338608819052183,22.150846484954158,23.707593720156463
9547,381.84,0.98,1,-0.018,0.319,0.053,-0.026,-0.049,0.41,0.24,0.0,0.0,0.0,1.92,0.0,0.05,0.94,0.66,0.05,0.44,0.0,0.22,0.0,0.0,0.08,1.0,1.0,0.0,0.0,0.0,1.0,0.0,0.0,1.0,1.0,0.0,0.0,0.0,0.0,0.0,0.0,0.0,0.0,0.21540784866616386,21.523243250030884,23.100865784641194
9548,381.88,0.98,1,-0.025,0.327,0.051,-0.022,-0.047,0.49,0.11,0.0,0.0,0.0,1.91,0.0,0.08,0.92,0.64,0.09,0.46,0.0,0.1,0.0,0.0,0.24,1.0,1.0,0.0,0.0,0.0,1.0,0.0,0.0,1.0,1.0,0.0,0.0,0.0,0.0,0.0,0.0,0.0,0.0,0.22120266481217257,18.80026595556581,19.402319448973195
9549,381.92,0.98,1,-0.025,0.331,0.051,-0.026,-0.044,0.54,0.1,0.0,0.0,0.0,1.82,0.0,0.1,0.9,0.67,0.1,0.39,0.0,0.04,0.0,0.0,0.28,0.0,1.0,0.0,0.0,0.0,1.0,0.0,0.0,1.0,1.0,0.0,0.0,0.0,0.0,0.0,0.0,0.0,0.0,0.21614228532577828,18.800265955565582,19.01289036417136
9550,381.96,0.98,1,-0.031,0.328,0.047,-0.027,-0.043,0.58,0.06,0.0,0.0,0.0,1.87,0.0,0.1,0.89,0.69,0.13,0.33,0.0,0.06,0.0,0.0,0.2,0.0,1.0,0.0,0.0,0.0,1.0,0.0,0.0,1.0,1.0,0.0,0.0,0.0,0.0,0.0,0.0,0.0,0.0,0.21550380193775776,18.904232330354052,19.1002617783107
9551,382.0,0.98,1,-0.029,0.338,0.051,-0.028,-0.043,0.51,0.06,0.0,0.0,0.0,1.82,0.0,0.08,0.9,0.68,0.09,0.24,0.0,0.06,0.0,0.0,0.2,1.0,1.0,0.0,0.0,0.0,1.0,0.0,0.0,1.0,1.0,0.0,0.0,0.0,0.0,0.0,0.0,0.0,0.0,0.2297701223718403,20.100248754679537,19.802272596851054
9552,382.04,0.98,1,-0.032,0.336,0.049,-0.034,-0.042,0.55,0.09,0.0,0.0,0.0,1.84,0.0,0.09,0.91,0.66,0.08,0.17,0.0,0.1,0.0,0.0,0.32,1.0,1.0,0.0,0.0,0.0,1.0,0.0,0.0,1.0,1.0,0.0,0.0,0.0,0.0,0.0,0.0,0.0,0.0,0.21895711202024398,18.70026737776767,19.50410213262841
9553,382.08,0.98,1,-0.024,0.339,0.053,-0.028,-0.048,0.55,0.24,0.0,0.12,0.0,1.78,0.0,0.12,0.93,0.66,0.08,0.15,0.0,0.08,0.0,0.0,0.49,1.0,1.0,0.0,0.0,0.0,1.0,0.0,0.0,1.0,1.0,0.0,0.0,0.0,0.0,0.0,0.0,0.0,0.0,0.224643677251266,19.40412327316036,19.40412327316036
9554,382.12,0.98,1,-0.027,0.338,0.049,-0.027,-0.046,0.67,0.38,0.0,0.24,0.0,1.76,0.0,0.11,0.91,0.63,0.08,0.19,0.01,0.06,0.0,0.0,0.57,1.0,1.0,0.0,0.0,0.0,1.0,0.0,0.0,1.0,1.0,0.0,0.0,0.0,0.0,0.0,0.0,0.0,0.0,0.21987053226524567,18.40027173712375,19.70634415613413
9555,382.16,0.98,1,-0.021,0.345,0.052,-0.028,-0.045,0.62,0.42,0.0,0.24,0.0,1.74,0.0,0.06,0.85,0.55,0.03,0.24,0.01,0.07,0.0,0.0,0.65,1.0,1.0,0.0,0.0,0.0,1.0,0.0,0.0,1.0,1.0,0.0,0.0,0.0,0.0,0.0,0.0,0.0,0.0,0.2259702000095287,19.402319448973195,18.91295852054891
9556,382.2,0.98,1,-0.016,0.344,0.049,-0.026,-0.044,0.62,0.37,0.0,0.13,0.0,1.75,0.0,0.0,0.77,0.49,0.0,0.35,0.01,0.11,0.0,0.0,0.66,1.0,1.0,0.0,0.0,0.0,1.0,0.0,0.0,1.0,1.0,0.0,0.0,0.0,0.0,0.0,0.0,0.0,0.0,0.22204696999978166,19.401030900444304,19.412624758131077
9557,382.24,0.98,1,-0.02,0.344,0.049,-0.024,-0.042,0.56,0.34,0.0,0.01,0.0,1.65,0.0,0.08,0.73,0.44,0.0,0.37,0.0,0.15,0.0,0.0,0.63,1.0,1.0,0.0,0.0,0.0,1.0,0.0,0.0,1.0,1.0,0.0,0.0,0.0,0.0,0.0,0.0,0.0,0.0,0.22090258178061412,19.299999999999955,19.016834647227707
9558,382.28,0.98,1,-0.026,0.341,0.047,-0.032,-0.038,0.61,0.36,0.0,0.01,0.0,1.73,0.0,0.1,0.71,0.5,0.02,0.36,0.0,0.11,0.0,0.0,0.6,1.0,1.0,0.0,0.0,0.0,1.0,0.0,0.0,1.0,1.0,0.0,0.0,0.0,0.0,0.0,0.0,0.0,0.0,0.21677310498695784,19.200260414900672,18.9129585205489
9559,382.32,0.98,1,-0.027,0.346,0.05,-0.03,-0.039,0.63,0.4,0.0,0.01,0.0,1.7,0.0,0.16,0.7,0.58,0.02,0.3,0.0,0.08,0.0,0.0,0.65,1.0,1.0,0.0,0.0,0.0,1.0,0.0,0.0,1.0,1.0,0.0,0.0,0.0,0.0,0.0,0.0,0.0,0.0,0.2158198806024917,19.104188022525232,19.012890364171355
9560,382.36,0.98,1,-0.022,0.333,0.041,-0.029,-0.036,0.67,0.37,0.0,0.01,0.0,1.93,0.0,0.19,0.7,0.69,0.1,0.23,0.0,0.07,0.0,0.0,0.68,1.0,1.0,0.0,0.0,0.0,1.0,0.0,0.0,1.0,1.0,0.0,0.0,0.0,0.0,0.0,0.0,0.0,0.0,0.21610669534507626,18.5024322725419,19.00657780874821
9561,382.4,0.98,1,-0.019,0.333,0.05,-0.029,-0.04,0.65,0.4,0.0,0.0,0.0,2.03,0.0,0.17,0.7,0.67,0.08,0.27,0.0,0.1,0.0,0.0,0.64,1.0,1.0,0.0,0.0,0.0,1.0,0.0,0.0,1.0,1.0,0.0,0.0,0.0,0.0,0.0,0.0,0.0,0.0,0.20461308776433462,19.10235587565043,18.809572031282325
9562,382.44,0.98,1,-0.015,0.325,0.042,-0.029,-0.038,0.64,0.2,0.0,0.09,0.0,1.96,0.0,0.15,0.69,0.68,0.15,0.28,0.0,0.12,0.0,0.0,0.54,1.0,1.0,0.0,0.0,0.0,1.0,0.0,0.0,1.0,1.0,0.0,0.0,0.0,0.0,0.0,0.0,0.0,0.0,0.20616617136464752,18.809572031282325,19.00657780874821
9563,382.48,0.98,1,-0.018,0.333,0.049,-0.027,-0.041,0.59,0.12,0.0,0.1,0.0,1.79,0.0,0.04,0.68,0.57,0.07,0.26,0.0,0.15,0.0,0.0,0.5,1.0,1.0,0.0,0.0,0.0,1.0,0.0,0.0,1.0,1.0,0.0,0.0,0.0,0.0,0.0,0.0,0.0,0.0,0.21069446280115128,18.4024454896626,18.909521411183174
9564,382.52,0.98,1,-0.014,0.341,0.043,-0.025,-0.038,0.72,0.11,0.0,0.1,0.0,1.18,0.0,0.13,0.77,0.58,0.09,0.22,0.0,0.1,0.0,0.0,1.06,1.0,1.0,0.0,0.0,0.0,1.0,0.0,0.0,1.0,1.0,0.0,0.0,0.0,0.0,0.0,0.0,0.0,0.0,0.19517828161863404,16.902662512160486,18.046883387443934
9565,382.56,0.98,1,0.029,0.417,0.046,-0.049,-0.035,0.79,0.23,0.0,0.01,0.0,0.82,0.0,0.17,0.85,0.56,0.1,0.2,0.02,0.07,0.0,0.0,1.7,1.0,1.0,0.0,0.0,0.0,1.0,0.0,0.0,1.0,1.0,0.0,0.0,0.0,0.0,0.0,0.0,0.0,1.0,0.20090016122564147,16.052725625263765,21.30375553746339
9566,382.6,0.98,1,0.018,0.42,0.045,-0.051,-0.036,0.87,0.37,0.0,0.0,0.0,0.53,0.0,0.19,0.88,0.69,0.12,0.29,0.05,0.0,0.0,0.0,2.07,1.0,1.0,0.0,0.0,0.0,1.0,0.0,0.0,1.0,1.0,0.0,0.0,0.0,0.0,0.0,0.0,0.0,1.0,0.18124400262325113,16.189502771858194,22.32935287911412
9567,382.64,0.98,1,0.024,0.394,0.03,-0.04,-0.036,0.58,0.28,0.0,0.0,0.0,1.04,0.0,0.1,0.78,0.56,0.1,0.28,0.05,0.04,0.0,0.02,1.77,1.0,1.0,0.0,0.0,0.0,1.0,0.0,0.0,1.0,1.0,0.0,0.0,0.0,0.0,0.0,0.0,0.0,1.0,0.1800421684885336,16.144658559412065,21.982265579325393
9568,382.68,0.98,1,0.013,0.314,0.036,-0.036,-0.042,0.28,0.16,0.0,0.0,0.0,1.56,0.0,0.04,0.66,0.5,0.12,0.39,0.03,0.1,0.0,0.02,1.14,1.0,1.0,0.0,0.0,0.0,1.0,0.0,0.0,1.0,1.0,0.0,0.0,0.0,0.0,0.0,0.0,0.0,1.0,0.19533384489333155,15.900314462299256,18.88597363124302
9569,382.72,0.98,1,0.018,0.325,0.048,-0.036,-0.047,0.11,0.08,0.0,0.0,0.0,2.02,0.0,0.02,0.6,0.44,0.09,0.4,0.0,0.1,0.0,0.02,0.56,0.0,1.0,0.0,0.0,0.0,1.0,0.0,0.0,1.0,1.0,0.0,0.0,0.0,0.0,0.0,0.0,0.0,0.0,0.18741575947998246,16.600301202086804,17.66380479964599
9570,382.76,0.98,1,0.008,0.312,0.057,-0.035,-0.051,0.12,0.07,0.0,0.0,0.0,2.05,0.0,0.03,0.59,0.51,0.15,0.43,0.0,0.08,0.0,0.0,0.15,0.0,1.0,0.0,0.0,0.0,1.0,0.0,0.0,1.0,1.0,0.0,0.0,0.0,0.0,0.0,0.0,0.0,0.0,0.20005873448798128,18.409780009549362,19.420865068271386
9571,382.8,0.98,1,0.004,0.299,0.051,-0.029,-0.049,0.13,0.08,0.0,0.02,0.0,2.01,0.0,0.01,0.6,0.49,0.12,0.43,0.0,0.08,0.0,0.0,0.0,0.0,1.0,0.0,0.0,0.0,1.0,0.0,0.0,1.0,1.0,0.0,0.0,0.0,0.0,0.0,0.0,0.0,0.0,0.22187149129260234,18.399999999999864,20.208908926510652
9572,382.84,0.98,1,0.021,0.305,0.051,-0.032,-0.049,0.1,0.03,0.0,0.02,0.0,1.89,0.0,0.02,0.62,0.38,0.2,0.37,0.0,0.15,0.01,0.0,0.0,0.0,1.0,0.0,0.0,0.0,1.0,0.0,0.0,1.0,1.0,0.0,0.0,0.0,0.0,0.0,0.0,0.0,0.0,0.2290832296934138,19.10418802252546,21.605786262018004
9573,382.88,0.98,1,0.018,0.293,0.047,-0.033,-0.048,0.09,0.03,0.0,0.02,0.0,1.88,0.0,0.01,0.61,0.36,0.18,0.39,0.0,0.2,0.01,0.0,0.0,0.0,1.0,0.0,0.0,0.0,1.0,0.0,0.0,1.0,1.0,0.0,0.0,0.0,0.0,0.0,0.0,0.0,0.0,0.24229079472105586,19.516403357176237,22.205629916757413
9574,382.92,0.98,1,0.03,0.294,0.043,-0.034,-0.046,0.14,0.01,0.0,0.0,0.0,1.9,0.0,0.04,0.6,0.31,0.17,0.34,0.0,0.2,0.01,0.0,0.0,0.0,1.0,0.0,0.0,0.0,1.0,0.0,0.0,1.0,1.0,0.0,0.0,0.0,0.0,0.0,0.0,0.0,0.0,0.21699950577587654,19.736514383244117,22.41807306616704
9575,382.96,0.98,1,0.019,0.286,0.044,-0.035,-0.05,0.17,0.0,0.0,0.0,0.0,1.95,0.0,0.03,0.63,0.32,0.09,0.33,0.0,0.27,0.0,0.0,0.0,0.0,1.0,0.0,0.0,0.0,1.0,0.0,0.0,1.0,1.0,0.0,0.0,0.0,0.0,0.0,0.0,0.0,0.0,0.24158376331392292,20.362956563328378,22.102036105300254
9576,383.0,0.98,1,0.002,0.294,0.053,-0.031,-0.054,0.18,0.02,0.0,0.0,0.0,1.97,0.0,0.03,0.64,0.24,0.09,0.28,0.0,0.29,0.0,0.0,0.0,0.0,1.0,0.0,0.0,0.0,1.0,0.0,0.0,1.0,1.0,0.0,0.0,0.0,0.0,0.0,0.0,0.0,0.0,0.22121294571000777,21.302112571292035,22.20202693449411
9577,383.04,0.98,1,-0.0,0.292,0.063,-0.03,-0.058,0.16,0.02,0.0,0.02,0.0,2.05,0.0,0.0,0.65,0.2,0.04,0.22,0.0,0.29,0.0,0.0,0.0,0.0,1.0,0.0,0.0,0.0,1.0,0.0,0.0,1.0,1.0,0.0,0.0,0.0,0.0,0.0,0.0,0.0,0.0,0.23512963054775532,21.814673960433105,22.500888871331284
9578,383.08,0.98,1,-0.002,0.284,0.06,-0.024,-0.062,0.09,0.02,0.0,0.02,0.0,2.28,0.0,0.0,0.66,0.18,0.04,0.25,0.0,0.24,0.0,0.0,0.0,0.0,1.0,0.0,0.0,0.0,1.0,0.0,0.0,1.0,1.0,0.0,0.0,0.0,0.0,0.0,0.0,0.0,0.0,0.24485378803629984,21.83872706913107,22.901964981197434
9579,383.12,0.98,1,-0.007,0.299,0.061,-0.029,-0.061,0.04,0.0,0.0,0.02,0.0,2.22,0.0,0.0,0.68,0.17,0.01,0.19,0.0,0.26,0.0,0.0,0.0,0.0,1.0,0.0,0.0,0.0,1.0,0.0,0.0,1.0,1.0,0.0,0.0,0.0,0.0,0.0,0.0,0.0,0.0,0.22850240490250584,22.032702966272655,22.70088104017115
9580,383.16,0.98,1,-0.001,0.281,0.05,-0.023,-0.06,0.0,0.0,0.0,0.03,0.0,2.27,0.0,0.0,0.67,0.2,0.01,0.22,0.0,0.32,0.0,0.0,0.0,0.0,1.0,0.0,0.0,0.0,1.0,0.0,0.0,1.0,1.0,0.0,0.0,0.0,0.0,0.0,0.0,0.0,0.0,0.22664555518477006,21.85154456783314,23.000869548780106
9581,383.2,0.98,1,-0.008,0.292,0.055,-0.026,-0.057,0.0,0.0,0.0,0.04,0.0,1.96,0.0,0.0,0.64,0.19,0.0,0.21,0.0,0.39,0.0,0.0,0.0,0.0,0.0,0.0,0.0,0.0,1.0,0.0,0.0,1.0,1.0,0.0,0.0,0.0,0.0,0.0,0.0,0.0,0.0,0.22862551461317504,21.67487024182604,23.201939574096
9582,383.24,0.98,1,-0.003,0.287,0.053,-0.027,-0.056,0.02,0.0,0.0,0.05,0.0,2.08,0.0,0.0,0.62,0.19,0.02,0.3,0.0,0.34,0.0,0.0,0.0,0.0,0.0,0.0,0.0,0.0,1.0,0.0,0.0,1.0,1.0,0.0,0.0,0.0,0.0,0.0,0.0,0.0,0.0,0.2264918611255734,21.567104580819375,23.200862052949713
9583,383.28,0.98,1,-0.007,0.291,0.061,-0.029,-0.057,0.02,0.0,0.0,0.02,0.0,1.78,0.0,0.0,0.63,0.1,0.06,0.32,0.0,0.34,0.0,0.0,0.0,0.0,0.0,0.0,0.0,0.0,1.0,0.0,0.0,1.0,1.0,0.0,0.0,0.0,0.0,0.0,0.0,0.0,0.0,0.23088855343744613,22.299103120977804,23.103462943896435
9584,383.32,0.98,1,-0.007,0.288,0.055,-0.028,-0.056,0.02,0.0,0.0,0.01,0.0,1.64,0.0,0.0,0.63,0.13,0.06,0.37,0.0,0.3,0.0,0.0,0.0,0.0,0.0,0.0,0.0,0.0,1.0,0.0,0.0,1.0,1.0,0.0,0.0,0.0,0.0,0.0,0.0,0.0,0.0,0.22910821024010408,22.00045454075902,23.500851048419502
9585,383.36,0.98,1,-0.01,0.292,0.059,-0.03,-0.056,0.0,0.0,0.0,0.0,0.0,1.33,0.0,0.0,0.62,0.14,0.04,0.44,0.0,0.39,0.0,0.04,0.0,0.0,0.0,0.0,0.0,0.0,1.0,0.0,0.0,1.0,1.0,0.0,0.0,0.0,0.0,0.0,0.0,0.0,0.0,0.23368064700609992,22.199549544979423,23.500212764994277
9586,383.4,0.98,1,-0.014,0.284,0.054,-0.03,-0.057,0.0,0.0,0.0,0.0,0.0,1.39,0.0,0.0,0.61,0.14,0.0,0.48,0.0,0.38,0.0,0.04,0.0,0.0,0.0,0.0,0.0,0.0,1.0,0.0,0.0,1.0,1.0,0.0,0.0,0.0,0.0,0.0,0.0,0.0,0.0,0.2296108085869988,22.073513539987236,23.40192299790776
9587,383.44,0.98,1,-0.013,0.286,0.058,-0.027,-0.059,0.03,0.0,0.0,0.0,0.0,1.6,0.0,0.0,0.63,0.07,0.01,0.52,0.0,0.32,0.0,0.04,0.1,0.0,0.0,0.0,0.0,0.0,1.0,0.0,0.0,1.0,1.0,0.0,0.0,0.0,0.0,0.0,0.0,0.0,0.0,0.23252899846482072,22.157842855296092,23.000869548780106
9588,383.48,0.98,1,-0.019,0.295,0.045,-0.031,-0.055,0.21,0.1,0.0,0.0,0.0,1.41,0.0,0.0,0.72,0.18,0.07,0.42,0.0,0.16,0.0,0.0,0.76,0.0,0.0,0.0,0.0,0.0,0.0,0.0,0.0,1.0,1.0,0.0,0.0,0.0,0.0,0.0,0.0,0.0,0.0,0.2130545495749196,19.100261778310927,20.21583537724825
9589,383.52,0.98,1,0.048,0.406,0.043,-0.046,-0.049,0.5,0.36,0.0,0.0,0.0,0.86,0.0,0.06,0.85,0.38,0.24,0.44,0.0,0.04,0.02,0.0,1.5,1.0,1.0,0.0,0.0,0.0,1.0,0.0,0.0,1.0,1.0,0.0,0.0,0.0,0.0,0.0,0.0,0.0,1.0,0.19170010367502305,15.31600470096554,21.194574777522575
9590,383.56,0.98,1,0.02,0.417,0.042,-0.047,-0.047,0.61,0.49,0.0,0.0,0.0,0.38,0.0,0.06,0.84,0.61,0.23,0.4,0.0,0.0,0.02,0.0,1.98,1.0,1.0,0.0,0.0,0.0,1.0,0.0,0.0,1.0,1.0,0.0,0.0,0.0,0.0,0.0,0.0,0.0,1.0,0.17971007537225767,17.253985046939075,21.224985276791028
9591,383.6,0.98,1,0.041,0.382,0.028,-0.04,-0.041,0.61,0.44,0.0,0.0,0.0,0.66,0.0,0.06,0.75,0.48,0.17,0.41,0.0,0.05,0.02,0.0,1.64,1.0,1.0,0.0,0.0,0.0,1.0,0.0,0.0,1.0,1.0,0.0,0.0,0.0,0.0,0.0,0.0,0.0,1.0,0.181632646776334,17.33493582335967,21.10473880435387
9592,383.64,0.98,1,0.01,0.331,0.033,-0.03,-0.043,0.46,0.27,0.0,0.0,0.0,1.32,0.0,0.0,0.67,0.43,0.0,0.4,0.0,0.05,0.0,0.0,1.17,1.0,1.0,0.0,0.0,0.0,1.0,0.0,0.0,1.0,1.0,0.0,0.0,0.0,0.0,0.0,0.0,0.0,1.0,0.1936286806424979,16.80119043401385,19.80126258600703
9593,383.68,0.98,1,-0.004,0.317,0.042,-0.04,-0.046,0.39,0.13,0.0,0.0,0.0,1.65,0.0,0.06,0.68,0.34,0.03,0.37,0.0,0.05,0.0,0.0,0.79,1.0,1.0,0.0,0.0,0.0,1.0,0.0,0.0,1.0,1.0,0.0,0.0,0.0,0.0,0.0,0.0,0.0,1.0,0.1929202012541208,16.914490828872243,17.58237754116319
9594,383.72,0.98,1,-0.0,0.315,0.042,-0.036,-0.045,0.25,0.08,0.0,0.05,0.0,1.89,0.0,0.08,0.69,0.5,0.09,0.4,0.0,0.01,0.0,0.0,0.66,0.0,1.0,0.0,0.0,0.0,1.0,0.0,0.0,1.0,1.0,0.0,0.0,0.0,0.0,0.0,0.0,0.0,1.0,0.18495164778187445,17.410341754256155,17.13534359153609
9595,383.76,0.98,1,0.0,0.293,0.034,-0.029,-0.049,0.12,0.02,0.0,0.05,0.0,1.94,0.0,0.08,0.67,0.5,0.19,0.31,0.0,0.02,0.01,0.0,0.56,0.0,1.0,0.0,0.0,0.0,1.0,0.0,0.0,1.0,1.0,0.0,0.0,0.0,0.0,0.0,0.0,0.0,0.0,0.19232926100369807,18.317477992343772,18.127603261325117
9596,383.8,0.98,1,-0.005,0.298,0.041,-0.033,-0.051,0.07,0.04,0.0,0.05,0.0,2.01,0.0,0.03,0.65,0.49,0.2,0.26,0.0,0.06,0.01,0.0,0.37,0.0,1.0,0.0,0.0,0.0,1.0,0.0,0.0,1.0,1.0,0.0,0.0,0.0,0.0,0.0,0.0,0.0,0.0,0.20615706450458546,18.62686232299999,19.9160739102865
9597,383.84,0.98,1,0.003,0.286,0.039,-0.03,-0.053,0.08,0.04,0.0,0.01,0.0,1.87,0.0,0.0,0.66,0.43,0.19,0.14,0.0,0.07,0.01,0.0,0.19,0.0,1.0,0.0,0.0,0.0,1.0,0.0,0.0,1.0,1.0,0.0,0.0,0.0,0.0,0.0,0.0,0.0,0.0,0.21967732563011477,18.81302740124531,19.40927613281842
9598,383.88,0.98,1,0.011,0.293,0.044,-0.03,-0.055,0.13,0.1,0.0,0.0,0.0,1.68,0.0,0.0,0.67,0.47,0.13,0.15,0.0,0.1,0.0,0.0,0.01,0.0,1.0,0.0,0.0,0.0,1.0,0.0,0.0,1.0,1.0,0.0,0.0,0.0,0.0,0.0,0.0,0.0,0.0,0.2163178888957062,18.60430057809206,19.612496016570567
9599,383.92,0.98,1,0.018,0.308,0.051,-0.029,-0.058,0.13,0.09,0.0,0.0,0.0,1.69,0.0,0.0,0.67,0.46,0.12,0.15,0.0,0.13,0.0,0.0,0.01,0.0,0.0,0.0,0.0,0.0,1.0,0.0,0.0,1.0,1.0,0.0,0.0,0.0,0.0,0.0,0.0,0.0,0.0,0.22178059436283473,19.40025773024687,19.516403357176237
9600,383.96,0.98,1,0.021,0.287,0.041,-0.029,-0.055,0.14,0.09,0.0,0.0,0.0,1.91,0.0,0.01,0.7,0.44,0.09,0.28,0.0,0.23,0.0,0.0,0.0,0.0,0.0,0.0,0.0,0.0,1.0,0.0,0.0,1.0,1.0,0.0,0.0,0.0,0.0,0.0,0.0,0.0,0.0,0.2189501131809386,19.70634415613413,20.120139164528567
9601,384.0,0.98,1,0.024,0.28,0.054,-0.032,-0.058,0.14,0.0,0.0,0.0,0.0,2.1,0.0,0.01,0.69,0.26,0.06,0.36,0.0,0.32,0.0,0.05,0.0,0.0,0.0,0.0,0.0,0.0,1.0,0.0,0.0,1.0,1.0,0.0,0.0,0.0,0.0,0.0,0.0,0.0,0.0,0.24043652149841716,20.300000000000182,21.614809737769985
9602,384.04,0.98,1,0.017,0.268,0.044,-0.03,-0.053,0.21,0.02,0.0,0.0,0.0,2.32,0.0,0.06,0.71,0.29,0.04,0.49,0.0,0.36,0.0,0.07,0.0,0.0,1.0,0.0,0.0,0.0,1.0,0.0,0.0,1.0,1.0,0.0,0.0,0.0,0.0,0.0,0.0,0.0,0.0,0.24079906609768434,19.606376513777256,21.714741536569164
9603,384.08,0.98,1,0.019,0.281,0.056,-0.031,-0.057,0.14,0.02,0.0,0.0,0.0,2.25,0.0,0.06,0.71,0.25,0.01,0.48,0.0,0.35,0.0,0.08,0.0,1.0,1.0,0.0,0.0,0.0,1.0,0.0,0.0,1.0,1.0,0.0,0.0,0.0,0.0,0.0,0.0,0.0,0.0,0.23205685663889764,20.200000000000045,21.602083232873767
9604,384.12,0.98,1,0.02,0.272,0.046,-0.026,-0.054,0.12,0.02,0.0,0.0,0.0,2.16,0.0,0.06,0.7,0.31,0.01,0.44,0.0,0.32,0.0,0.05,0.0,1.0,1.0,0.0,0.0,0.0,1.0,0.0,0.0,1.0,1.0,0.0,0.0,0.0,0.0,0.0,0.0,0.0,0.0,0.22558190108046178,19.912307751739743,21.514878572745886
9605,384.16,0.98,1,0.015,0.27,0.046,-0.03,-0.055,0.14,0.08,0.0,0.0,0.0,1.99,0.0,0.01,0.67,0.19,0.05,0.38,0.0,0.33,0.0,0.1,0.0,1.0,1.0,0.0,0.0,0.0,1.0,0.0,0.0,1.0,1.0,0.0,0.0,0.0,0.0,0.0,0.0,0.0,0.0,0.25564818929975386,19.909043171383065,22.71409254185608
9606,384.2,0.98,1,0.0,0.267,0.037,-0.033,-0.053,0.18,0.09,0.0,0.0,0.0,1.78,0.0,0.0,0.64,0.13,0.05,0.37,0.0,0.31,0.0,0.12,0.0,1.0,1.0,0.0,0.0,0.0,1.0,0.0,0.0,1.0,1.0,0.0,0.0,0.0,0.0,0.0,0.0,0.0,0.0,0.25009663126219006,20.20618717126024,22.102036105300254
9607,384.24,0.98,1,0.01,0.276,0.045,-0.033,-0.056,0.14,0.09,0.0,0.0,0.0,1.7,0.0,0.0,0.62,0.15,0.05,0.41,0.0,0.33,0.0,0.13,0.0,1.0,1.0,0.0,0.0,0.0,1.0,0.0,0.0,1.0,1.0,0.0,0.0,0.0,0.0,0.0,0.0,0.0,0.0,0.25122281810164926,20.212125073826396,23.10779089398219
9608,384.28,0.98,1,0.015,0.28,0.045,-0.032,-0.057,0.06,0.01,0.0,0.0,0.0,1.8,0.0,0.0,0.64,0.3,0.0,0.49,0.0,0.29,0.0,0.06,0.0,1.0,1.0,0.0,0.0,0.0,1.0,0.0,0.0,1.0,1.0,0.0,0.0,0.0,0.0,0.0,0.0,0.0,0.0,0.2432070282355674,20.20222759994555,22.913969538253387
9609,384.32,0.98,1,0.016,0.285,0.043,-0.032,-0.057,0.16,0.0,0.0,0.0,0.0,1.6,0.0,0.04,0.69,0.43,0.02,0.44,0.0,0.2,0.0,0.03,0.7,1.0,1.0,0.0,0.0,0.0,1.0,0.0,0.0,1.0,1.0,0.0,0.0,0.0,0.0,0.0,0.0,0.0,0.0,0.2227225354929502,19.30103624161144,21.008569680013917
9610,384.36,0.98,1,0.051,0.385,0.028,-0.042,-0.05,0.44,0.05,0.0,0.0,0.0,1.04,0.0,0.04,0.75,0.44,0.02,0.37,0.0,0.09,0.0,0.01,1.39,1.0,1.0,0.0,0.0,0.0,1.0,0.0,0.0,1.0,1.0,0.0,0.0,0.0,0.0,0.0,0.0,0.0,1.0,0.19433412979906245,16.81071087134646,21.413313615599016
9611,384.4,0.98,1,-0.008,0.408,0.026,-0.043,-0.049,0.75,0.19,0.0,0.0,0.0,0.56,0.0,0.05,0.76,0.5,0.02,0.36,0.0,0.0,0.0,0.0,2.11,1.0,1.0,0.0,0.0,0.0,1.0,0.0,0.0,1.0,1.0,0.0,0.0,0.0,0.0,0.0,0.0,0.0,1.0,0.1724112340815741,17.62554963681984,22.031114361284448
9612,384.44,0.98,1,0.053,0.398,0.014,-0.052,-0.045,0.82,0.22,0.0,0.0,0.0,0.45,0.0,0.07,0.71,0.48,0.0,0.41,0.0,0.0,0.0,0.03,1.79,1.0,1.0,0.0,0.0,0.0,1.0,0.0,0.0,1.0,1.0,0.0,0.0,0.0,0.0,0.0,0.0,0.0,1.0,0.1732061439010359,16.650825805346845,20.72800038595151
9613,384.48,0.98,1,0.019,0.333,0.021,-0.04,-0.053,0.7,0.17,0.0,0.0,0.0,0.97,0.0,0.09,0.64,0.56,0.0,0.47,0.0,0.0,0.0,0.03,1.45,1.0,1.0,0.0,0.0,0.0,1.0,0.0,0.0,1.0,1.0,0.0,0.0,0.0,0.0,0.0,0.0,0.0,1.0,0.18254489565119708,18.45318400710281,20.465825172711885
9614,384.52,0.98,1,0.047,0.298,0.029,-0.032,-0.059,0.45,0.03,0.0,0.0,0.0,1.32,0.0,0.15,0.62,0.52,0.05,0.42,0.0,0.0,0.0,0.03,0.79,1.0,1.0,0.0,0.0,0.0,1.0,0.0,0.0,1.0,1.0,0.0,0.0,0.0,0.0,0.0,0.0,0.0,1.0,0.18383172648370033,18.313383084509493,19.30388561922189
9615,384.56,0.98,1,0.029,0.329,0.047,-0.036,-0.058,0.26,0.0,0.0,0.0,0.0,1.62,0.0,0.18,0.63,0.61,0.06,0.47,0.0,0.01,0.0,0.0,0.57,0.0,1.0,0.0,0.0,0.0,1.0,0.0,0.0,1.0,1.0,0.0,0.0,0.0,0.0,0.0,0.0,0.0,1.0,0.18766681083325806,17.200000000000045,17.863090438107243
9616,384.6,0.98,1,0.037,0.304,0.036,-0.038,-0.055,0.13,0.0,0.0,0.0,0.0,1.75,0.0,0.17,0.62,0.51,0.06,0.48,0.0,0.02,0.0,0.0,0.21,0.0,1.0,0.0,0.0,0.0,1.0,0.0,0.0,1.0,1.0,0.0,0.0,0.0,0.0,0.0,0.0,0.0,0.0,0.19198817203582283,18.104419349982063,19.85673689204745
9617,384.64,0.98,1,0.036,0.3,0.05,-0.039,-0.055,0.05,0.0,0.0,0.0,0.0,1.81,0.0,0.12,0.61,0.42,0.02,0.52,0.0,0.09,0.0,0.0,0.16,0.0,1.0,0.0,0.0,0.0,1.0,0.0,0.0,1.0,1.0,0.0,0.0,0.0,0.0,0.0,0.0,0.0,0.0,0.22404898832565692,18.90105817143589,20.13578903345994
9618,384.68,0.98,1,0.06,0.282,0.046,-0.039,-0.051,0.07,0.0,0.0,0.0,0.0,1.98,0.0,0.03,0.62,0.31,0.06,0.52,0.0,0.21,0.0,0.0,0.0,0.0,1.0,0.0,0.0,0.0,1.0,0.0,0.0,1.0,1.0,0.0,0.0,0.0,0.0,0.0,0.0,0.0,0.0,0.23646326276106142,19.501025614054253,21.03425777154973
9619,384.72,0.98,1,0.062,0.272,0.046,-0.035,-0.051,0.03,0.0,0.0,0.0,0.0,1.88,0.0,0.02,0.61,0.35,0.15,0.48,0.0,0.3,0.0,0.0,0.0,0.0,1.0,0.0,0.0,0.0,1.0,0.0,0.0,1.0,1.0,0.0,0.0,0.0,0.0,0.0,0.0,0.0,0.0,0.2346790316016768,19.912307751739743,22.656566377101502
9620,384.76,0.98,1,0.06,0.273,0.045,-0.039,-0.052,0.03,0.0,0.0,0.0,0.0,1.77,0.0,0.0,0.58,0.35,0.12,0.4,0.0,0.39,0.0,0.0,0.0,0.0,1.0,0.0,0.0,0.0,1.0,0.0,0.0,1.0,1.0,0.0,0.0,0.0,0.0,0.0,0.0,0.0,0.0,0.24094542231448443,20.93442141545819,23.36942446873688
9621,384.8,0.98,1,0.064,0.274,0.043,-0.037,-0.051,0.0,0.0,0.0,0.0,0.0,1.7,0.0,0.07,0.56,0.37,0.12,0.33,0.0,0.39,0.0,0.0,0.0,0.0,1.0,0.0,0.0,0.0,1.0,0.0,0.0,1.0,1.0,0.0,0.0,0.0,0.0,0.0,0.0,0.0,0.0,0.23800939584026576,21.268051156605807,23.436083290516024
9622,384.84,0.98,1,0.065,0.267,0.044,-0.036,-0.055,0.0,0.0,0.0,0.0,0.0,1.76,0.0,0.1,0.58,0.34,0.03,0.2,0.0,0.4,0.0,0.0,0.0,0.0,1.0,0.0,0.0,0.0,1.0,0.0,0.0,1.0,1.0,0.0,0.0,0.0,0.0,0.0,0.0,0.0,0.0,0.24815920033707659,21.612265036316757,23.036709834522814
9623,384.88,0.98,1,0.067,0.268,0.043,-0.033,-0.056,0.0,0.0,0.0,0.0,0.0,1.85,0.0,0.17,0.61,0.38,0.07,0.25,0.0,0.36,0.0,0.0,0.0,0.0,1.0,0.0,0.0,0.0,1.0,0.0,0.0,1.0,1.0,0.0,0.0,0.0,0.0,0.0,0.0,0.0,0.0,0.24774743620070133,21.30375553746339,23.72108766477607
9624,384.92,0.98,1,0.069,0.271,0.045,-0.04,-0.056,0.0,0.0,0.0,0.0,0.0,1.82,0.0,0.1,0.62,0.3,0.04,0.19,0.0,0.27,0.0,0.0,0.0,0.0,1.0,0.0,0.0,0.0,1.0,0.0,0.0,1.0,1.0,0.0,0.0,0.0,0.0,0.0,0.0,0.0,0.0,0.2586984095615099,21.236054247434858,24.120737965493646
9625,384.96,0.98,1,0.055,0.259,0.04,-0.036,-0.056,0.0,0.01,0.0,0.0,0.0,1.86,0.0,0.2,0.59,0.32,0.11,0.31,0.0,0.25,0.0,0.0,0.0,0.0,1.0,0.0,0.0,0.0,1.0,0.0,0.0,1.0,1.0,0.0,0.0,0.0,0.0,0.0,0.0,0.0,0.0,0.25914905027708024,21.484180226389924,24.00749882849107
9626,385.0,0.98,1,0.039,0.269,0.046,-0.034,-0.057,0.0,0.01,0.0,0.0,0.0,1.75,0.0,0.17,0.56,0.29,0.08,0.37,0.0,0.26,0.0,0.07,0.0,0.0,1.0,0.0,0.0,0.0,1.0,0.0,0.0,1.0,1.0,0.0,0.0,0.0,0.0,0.0,0.0,0.0,0.0,0.24948001482379706,22.398660674245864,23.6008474424118
9627,385.04,0.98,1,0.032,0.268,0.047,-0.039,-0.053,0.0,0.01,0.0,0.0,0.0,1.75,0.0,0.23,0.56,0.39,0.15,0.48,0.0,0.32,0.0,0.09,0.0,0.0,1.0,0.0,0.0,0.0,1.0,0.0,0.0,1.0,1.0,0.0,0.0,0.0,0.0,0.0,0.0,0.0,0.0,0.24691191661967155,22.905894437895185,24.20082643216967
9628,385.08,0.98,1,0.027,0.275,0.048,-0.036,-0.052,0.0,0.0,0.0,0.0,0.0,1.66,0.0,0.1,0.57,0.38,0.1,0.52,0.0,0.33,0.0,0.09,0.0,0.0,1.0,0.0,0.0,0.0,1.0,0.0,0.0,1.0,1.0,0.0,0.0,0.0,0.0,0.0,0.0,0.0,0.0,0.24160313875679534,23.005434140654774,23.600211863455712
9629,385.12,0.98,1,0.031,0.264,0.044,-0.04,-0.051,0.0,0.0,0.0,0.0,0.0,1.7,0.0,0.11,0.59,0.34,0.1,0.41,0.0,0.3,0.0,0.03,0.0,0.0,1.0,0.0,0.0,0.0,1.0,0.0,0.0,1.0,1.0,0.0,0.0,0.0,0.0,0.0,0.0,0.0,0.0,0.24279839344458734,23.104977818643327,24.000208332429118
9630,385.16,0.98,1,0.031,0.265,0.048,-0.036,-0.054,0.0,0.0,0.0,0.0,0.0,1.63,0.0,0.04,0.56,0.3,0.03,0.34,0.0,0.31,0.0,0.02,0.0,0.0,1.0,0.0,0.0,0.0,1.0,0.0,0.0,1.0,1.0,0.0,0.0,0.0,0.0,0.0,0.0,0.0,0.0,0.24690777405927086,22.89650628371057,24.300205760445685
9631,385.2,0.98,1,0.004,0.272,0.042,-0.04,-0.05,0.0,0.0,0.0,0.0,0.0,1.67,0.0,0.07,0.56,0.34,0.02,0.29,0.0,0.31,0.0,0.02,0.0,0.0,1.0,0.0,0.0,0.0,1.0,0.0,0.0,1.0,1.0,0.0,0.0,0.0,0.0,0.0,0.0,0.0,0.0,0.2431998643595766,22.49822215198356,23.500851048419502
9632,385.24,0.98,1,0.0,0.279,0.05,-0.034,-0.055,0.01,0.0,0.0,0.0,0.0,1.71,0.0,0.07,0.52,0.41,0.01,0.33,0.0,0.34,0.0,0.0,0.0,0.0,1.0,0.0,0.0,0.0,1.0,0.0,0.0,1.0,1.0,0.0,0.0,0.0,0.0,0.0,0.0,0.0,0.0,0.23620295531675128,22.69735667429153,23.503404008781366
9633,385.28,0.98,1,0.005,0.273,0.045,-0.033,-0.053,0.01,0.0,0.0,0.0,0.0,1.61,0.0,0.07,0.53,0.47,0.02,0.39,0.0,0.34,0.0,0.01,0.0,0.0,1.0,0.0,0.0,0.0,1.0,0.0,0.0,1.0,1.0,0.0,0.0,0.0,0.0,0.0,0.0,0.0,0.0,0.23794157362558951,23.294849216082117,23.80336110720519
9634,385.32,0.98,1,-0.002,0.277,0.051,-0.034,-0.055,0.01,0.0,0.0,0.0,0.0,1.44,0.0,0.12,0.55,0.45,0.05,0.43,0.0,0.33,0.0,0.03,0.0,0.0,0.0,0.0,0.0,0.0,1.0,0.0,0.0,1.0,1.0,0.0,0.0,0.0,0.0,0.0,0.0,0.0,0.0,0.24296956645729426,23.403632196733856,23.70527367485982
9635,385.36,0.98,1,-0.004,0.278,0.049,-0.033,-0.054,0.0,0.03,0.0,0.0,0.0,1.42,0.0,0.13,0.56,0.43,0.05,0.45,0.0,0.33,0.0,0.03,0.0,0.0,1.0,0.0,0.0,0.0,1.0,0.0,0.0,1.0,1.0,0.0,0.0,0.0,0.0,0.0,0.0,0.0,0.0,0.24379012662022875,22.92596780945131,23.70189865812446
9636,385.4,0.98,1,-0.002,0.281,0.047,-0.035,-0.05,0.0,0.03,0.0,0.0,0.0,1.57,0.0,0.16,0.6,0.38,0.04,0.5,0.0,0.26,0.0,0.02,0.0,0.0,1.0,0.0,0.0,0.0,1.0,0.0,0.0,1.0,1.0,0.0,0.0,0.0,0.0,0.0,0.0,0.0,0.0,0.24378735644386093,22.905894437895196,23.80336110720496
9637,385.44,0.98,1,-0.003,0.284,0.046,-0.034,-0.051,0.0,0.05,0.0,0.0,0.0,1.8,0.0,0.11,0.59,0.4,0.03,0.5,0.0,0.23,0.0,0.0,0.0,0.0,1.0,0.0,0.0,0.0,1.0,0.0,0.0,1.0,1.0,0.0,0.0,0.0,0.0,0.0,0.0,0.0,0.0,0.23786765183385455,23.2045254207018,23.403418553706924
9638,385.48,0.98,1,-0.006,0.268,0.048,-0.033,-0.05,0.0,0.06,0.0,0.0,0.0,1.85,0.0,0.06,0.58,0.37,0.03,0.47,0.0,0.22,0.0,0.06,0.0,0.0,1.0,0.0,0.0,0.0,1.0,0.0,0.0,1.0,1.0,0.0,0.0,0.0,0.0,0.0,0.0,0.0,0.0,0.23753093695006422,21.745114393812738,22.80197359879179
9639,385.52,0.98,1,-0.013,0.257,0.035,-0.031,-0.049,0.02,0.06,0.0,0.0,0.0,2.02,0.0,0.06,0.53,0.38,0.03,0.43,0.0,0.29,0.0,0.08,0.0,0.0,1.0,0.0,0.0,0.0,1.0,0.0,0.0,1.0,1.0,0.0,0.0,0.0,0.0,0.0,0.0,0.0,0.0,0.2339701514144059,21.40210270043586,21.400233643584453
9640,385.56,0.98,1,-0.027,0.277,0.045,-0.03,-0.05,0.02,0.05,0.0,0.03,0.0,1.97,0.0,0.03,0.48,0.33,0.0,0.44,0.0,0.34,0.0,0.09,0.0,0.0,1.0,0.0,0.0,0.0,1.0,0.0,0.0,1.0,1.0,0.0,0.0,0.0,0.0,0.0,0.0,0.0,0.0,0.22107180460469839,21.80206412246322,20.8002403832263
9641,385.6,0.98,1,-0.021,0.252,0.042,-0.029,-0.053,0.02,0.01,0.0,0.03,0.0,1.95,0.0,0.07,0.46,0.27,0.1,0.46,0.0,0.29,0.0,0.07,0.0,0.0,1.0,0.0,0.0,0.0,1.0,0.0,0.0,1.0,1.0,0.0,0.0,0.0,0.0,0.0,0.0,0.0,0.0,0.22178274039555407,22.10814329607975,21.803669415949187
9642,385.64,0.98,1,-0.021,0.281,0.043,-0.031,-0.053,0.05,0.04,0.0,0.08,0.0,1.9,0.0,0.05,0.45,0.28,0.22,0.45,0.0,0.26,0.0,0.05,0.0,0.0,1.0,0.0,0.0,0.0,1.0,0.0,0.0,1.0,1.0,0.0,0.0,0.0,0.0,0.0,0.0,0.0,0.0,0.21487981261152522,22.208106627986144,21.500232556881798
9643,385.68,0.98,1,-0.025,0.266,0.041,-0.024,-0.058,0.05,0.03,0.0,0.07,0.0,1.99,0.0,0.05,0.48,0.38,0.27,0.45,0.0,0.25,0.0,0.05,0.0,0.0,1.0,0.0,0.0,0.0,1.0,0.0,0.0,1.0,1.0,0.0,0.0,0.0,0.0,0.0,0.0,0.0,0.0,0.21594075587564923,22.603539545832106,22.40022321317366
9644,385.72,0.98,1,-0.023,0.266,0.041,-0.025,-0.061,0.07,0.07,0.0,0.07,0.0,2.07,0.0,0.0,0.5,0.49,0.24,0.4,0.0,0.26,0.0,0.0,0.0,0.0,0.0,0.0,0.0,0.0,1.0,0.0,0.0,1.0,1.0,0.0,0.0,0.0,0.0,0.0,0.0,0.0,0.0,0.2175934688042931,22.403571143904806,22.601991062735955
9645,385.76,0.98,1,-0.023,0.273,0.043,-0.025,-0.061,0.02,0.09,0.0,0.01,0.0,1.98,0.0,0.0,0.53,0.56,0.17,0.48,0.0,0.24,0.0,0.03,0.0,0.0,0.0,0.0,0.0,0.0,1.0,0.0,0.0,1.0,1.0,0.0,0.0,0.0,0.0,0.0,0.0,0.0,0.0,0.21692193009786126,22.200900882621905,22.005681084665387
9646,385.8,0.98,1,-0.016,0.267,0.04,-0.027,-0.061,0.02,0.09,0.0,0.0,0.0,1.97,0.0,0.0,0.52,0.46,0.18,0.42,0.0,0.21,0.0,0.03,0.0,0.0,0.0,0.0,0.0,0.0,1.0,0.0,0.0,1.0,1.0,0.0,0.0,0.0,0.0,0.0,0.0,0.0,0.0,0.22769908475642983,22.205629916757644,21.700000000000045
9647,385.84,0.98,1,-0.021,0.267,0.041,-0.025,-0.062,0.0,0.04,0.0,0.0,0.0,1.91,0.0,0.0,0.53,0.35,0.16,0.51,0.0,0.23,0.0,0.02,0.0,0.0,0.0,0.0,0.0,0.0,1.0,0.0,0.0,1.0,1.0,0.0,0.0,0.0,0.0,0.0,0.0,0.0,0.0,0.22190388648816728,22.105655384991554,22.500888871331284
9648,385.88,0.98,1,-0.014,0.268,0.035,-0.028,-0.059,0.04,0.0,0.0,0.0,0.0,1.87,0.0,0.0,0.52,0.31,0.14,0.43,0.0,0.2,0.0,0.0,0.0,0.0,0.0,0.0,0.0,0.0,1.0,0.0,0.0,1.0,1.0,0.0,0.0,0.0,0.0,0.0,0.0,0.0,0.0,0.22344895539881032,21.81123563670793,21.900228309312077
9649,385.92,0.98,1,-0.021,0.249,0.032,-0.027,-0.06,0.14,0.0,0.0,0.0,0.0,1.57,0.0,0.05,0.59,0.37,0.19,0.47,0.0,0.12,0.0,0.0,0.54,0.0,0.0,0.0,0.0,0.0,1.0,0.0,0.0,1.0,1.0,0.0,0.0,0.0,0.0,0.0,0.0,0.0,0.0,0.22813921237487603,21.702073633641604,20.4009803685998
9650,385.96,0.98,1,0.042,0.377,0.027,-0.042,-0.051,0.31,0.1,0.0,0.0,0.0,1.24,0.0,0.05,0.67,0.52,0.14,0.4,0.0,0.03,0.0,0.0,1.22,0.0,1.0,0.0,0.0,0.0,1.0,0.0,0.0,1.0,1.0,0.0,0.0,0.0,0.0,0.0,0.0,0.0,1.0,0.19736054393522873,18.022485955050712,21.991134577370126
9651,386.0,0.98,1,0.045,0.397,0.026,-0.052,-0.049,0.37,0.1,0.0,0.0,0.0,0.93,0.0,0.05,0.7,0.52,0.12,0.46,0.0,0.0,0.0,0.0,1.75,0.0,1.0,0.0,0.0,0.0,1.0,0.0,0.0,1.0,1.0,0.0,0.0,0.0,0.0,0.0,0.0,0.0,1.0,0.17749794043779474,17.205231762460997,20.640009689920202
9652,386.04,0.98,1,0.029,0.373,0.02,-0.046,-0.047,0.46,0.1,0.0,0.0,0.0,1.1,0.0,0.0,0.65,0.39,0.01,0.47,0.0,0.0,0.0,0.0,1.51,0.0,1.0,0.0,0.0,0.0,1.0,0.0,0.0,1.0,1.0,0.0,0.0,0.0,0.0,0.0,0.0,0.0,1.0,0.17939717056755472,17.02380685980665,20.728000385951283
9653,386.08,0.98,1,0.018,0.287,0.025,-0.036,-0.053,0.38,0.0,0.0,0.0,0.0,1.54,0.0,0.02,0.55,0.28,0.01,0.46,0.0,0.0,0.0,0.0,1.0,1.0,1.0,0.0,0.0,0.0,1.0,0.0,0.0,1.0,1.0,0.0,0.0,0.0,0.0,0.0,0.0,0.0,1.0,0.19485319735377593,17.80702108720036,18.27922317824261
9654,386.12,0.98,1,0.001,0.285,0.025,-0.038,-0.052,0.27,0.0,0.0,0.0,0.0,2.09,0.0,0.04,0.54,0.18,0.0,0.38,0.0,0.0,0.0,0.0,0.46,0.0,1.0,0.0,0.0,0.0,1.0,0.0,0.0,1.0,1.0,0.0,0.0,0.0,0.0,0.0,0.0,0.0,1.0,0.18586534324030307,16.311039206623406,17.241809649801883
9655,386.16,0.98,1,-0.018,0.29,0.033,-0.035,-0.055,0.09,0.0,0.0,0.0,0.0,2.14,0.0,0.04,0.58,0.17,0.0,0.33,0.0,0.0,0.0,0.0,0.17,1.0,1.0,0.0,0.0,0.0,1.0,0.0,0.0,1.0,1.0,0.0,0.0,0.0,0.0,0.0,0.0,0.0,0.0,0.1873105903323476,17.301156030739634,17.904468715937796
9656,386.2,0.98,1,-0.011,0.283,0.032,-0.039,-0.055,0.0,0.0,0.0,0.0,0.0,2.0,0.0,0.02,0.63,0.18,0.0,0.37,0.0,0.07,0.0,0.0,0.0,0.0,1.0,0.0,0.0,0.0,1.0,0.0,0.0,1.0,1.0,0.0,0.0,0.0,0.0,0.0,0.0,0.0,0.0,0.21224689102463806,19.304144632694996,19.712432625122702
9657,386.24,0.98,1,-0.002,0.272,0.031,-0.032,-0.057,0.05,0.05,0.0,0.0,0.0,1.67,0.0,0.01,0.65,0.19,0.0,0.36,0.0,0.16,0.01,0.0,0.0,0.0,1.0,0.0,0.0,0.0,1.0,0.0,0.0,1.0,1.0,0.0,0.0,0.0,0.0,0.0,0.0,0.0,0.0,0.21988366279780158,19.504102132628407,20.708693826506597
9658,386.28,0.98,1,0.005,0.267,0.03,-0.034,-0.056,0.1,0.05,0.0,0.0,0.0,1.74,0.0,0.01,0.62,0.16,0.06,0.38,0.0,0.19,0.01,0.0,0.0,0.0,1.0,0.0,0.0,0.0,1.0,0.0,0.0,1.0,1.0,0.0,0.0,0.0,0.0,0.0,0.0,0.0,0.0,0.2294093873399173,19.30103624161144,20.406126531019904
9659,386.32,0.98,1,-0.005,0.281,0.039,-0.034,-0.06,0.12,0.05,0.0,0.0,0.0,1.58,0.0,0.01,0.6,0.09,0.06,0.38,0.0,0.17,0.01,0.0,0.0,0.0,1.0,0.0,0.0,0.0,1.0,0.0,0.0,1.0,1.0,0.0,0.0,0.0,0.0,0.0,0.0,0.0,0.0,0.23113825165705412,20.00099997500125,21.002142747824564
9660,386.36,0.98,1,-0.016,0.253,0.029,-0.032,-0.058,0.12,0.04,0.0,0.0,0.0,1.59,0.0,0.01,0.63,0.1,0.06,0.44,0.0,0.11,0.0,0.0,0.0,0.0,1.0,0.0,0.0,0.0,1.0,0.0,0.0,1.0,1.0,0.0,0.0,0.0,0.0,0.0,0.0,0.0,0.0,0.24103614646972654,19.800252523642172,20.700241544484268
9661,386.4,0.98,1,-0.02,0.243,0.033,-0.033,-0.059,0.11,0.09,0.0,0.0,0.0,1.52,0.0,0.0,0.62,0.13,0.0,0.43,0.0,0.13,0.0,0.0,0.0,0.0,1.0,0.0,0.0,0.0,1.0,0.0,0.0,1.0,1.0,0.0,0.0,0.0,0.0,0.0,0.0,0.0,0.0,0.24134073983811244,20.500975586542218,20.800240383226527
9662,386.44,0.98,1,-0.003,0.276,0.041,-0.035,-0.057,0.13,0.15,0.0,0.0,0.0,1.74,0.0,0.01,0.59,0.23,0.0,0.45,0.0,0.15,0.0,0.0,0.0,0.0,1.0,0.0,0.0,0.0,1.0,0.0,0.0,1.0,1.0,0.0,0.0,0.0,0.0,0.0,0.0,0.0,0.0,0.23173782360294173,20.299999999999955,21.200235847744757
9663,386.48,0.98,1,0.004,0.286,0.039,-0.035,-0.058,0.17,0.16,0.0,0.0,0.0,1.82,0.0,0.01,0.54,0.3,0.02,0.4,0.0,0.19,0.0,0.0,0.0,0.0,1.0,0.0,0.0,0.0,1.0,0.0,0.0,1.0,1.0,0.0,0.0,0.0,0.0,0.0,0.0,0.0,0.0,0.22367760112210808,20.100248754679537,21.100947846009102
9664,386.52,0.98,1,0.01,0.28,0.04,-0.034,-0.058,0.24,0.25,0.0,0.0,0.0,1.91,0.0,0.03,0.54,0.39,0.02,0.41,0.0,0.23,0.0,0.0,0.0,0.0,1.0,0.0,0.0,0.0,1.0,0.0,0.0,1.0,1.0,0.0,0.0,0.0,0.0,0.0,0.0,0.0,0.0,0.2340066140016758,20.40220576310303,22.40089283934915
9665,386.56,0.98,1,0.002,0.289,0.041,-0.033,-0.058,0.33,0.28,0.0,0.0,0.0,1.99,0.0,0.01,0.54,0.38,0.02,0.36,0.0,0.23,0.0,0.0,0.0,0.0,1.0,0.0,0.0,0.0,1.0,0.0,0.0,1.0,1.0,0.0,0.0,0.0,0.0,0.0,0.0,0.0,0.0,0.22373205352783382,20.50219500443794,21.905707018948373
9666,386.6,0.98,1,0.005,0.271,0.036,-0.034,-0.058,0.35,0.27,0.0,0.0,0.0,1.97,0.0,0.02,0.52,0.37,0.0,0.37,0.0,0.2,0.0,0.0,0.0,0.0,1.0,0.0,0.0,0.0,1.0,0.0,0.0,1.0,1.0,0.0,0.0,0.0,0.0,0.0,0.0,0.0,0.0,0.23659750549087127,20.506096654409877,22.10203610530048
9667,386.64,0.98,1,0.01,0.275,0.044,-0.034,-0.061,0.36,0.21,0.0,0.0,0.0,1.85,0.0,0.02,0.5,0.45,0.05,0.32,0.0,0.16,0.0,0.0,0.0,0.0,1.0,0.0,0.0,0.0,1.0,0.0,0.0,1.0,1.0,0.0,0.0,0.0,0.0,0.0,0.0,0.0,0.0,0.23770891058514157,20.511947737842938,22.000227271553356
9668,386.68,0.98,1,0.012,0.283,0.044,-0.031,-0.061,0.25,0.21,0.0,0.0,0.0,1.89,0.0,0.04,0.53,0.56,0.05,0.35,0.0,0.19,0.0,0.0,0.0,0.0,1.0,0.0,0.0,0.0,1.0,0.0,0.0,1.0,1.0,0.0,0.0,0.0,0.0,0.0,0.0,0.0,0.0,0.23116092959685786,20.215835377248023,22.0081802973349
9669,386.72,0.98,1,0.013,0.283,0.043,-0.032,-0.059,0.21,0.19,0.0,0.0,0.0,1.97,0.0,0.03,0.52,0.67,0.05,0.36,0.0,0.19,0.0,0.0,0.0,0.0,1.0,0.0,0.0,0.0,1.0,0.0,0.0,1.0,1.0,0.0,0.0,0.0,0.0,0.0,0.0,0.0,0.0,0.22426903923171893,21.11516043036391,22.303587155433046
9670,386.76,0.98,1,0.009,0.29,0.045,-0.037,-0.058,0.19,0.18,0.0,0.0,0.0,2.06,0.0,0.02,0.53,0.64,0.02,0.45,0.0,0.22,0.0,0.0,0.0,0.0,1.0,0.0,0.0,0.0,1.0,0.0,0.0,1.0,1.0,0.0,0.0,0.0,0.0,0.0,0.0,0.0,0.0,0.22322581492131777,21.63330765278384,22.705505940189745
9671,386.8,0.98,1,0.007,0.293,0.051,-0.033,-0.061,0.21,0.09,0.0,0.0,0.0,1.99,0.0,0.03,0.53,0.57,0.02,0.43,0.0,0.19,0.0,0.0,0.0,0.0,1.0,0.0,0.0,0.0,1.0,0.0,0.0,1.0,1.0,0.0,0.0,0.0,0.0,0.0,0.0,0.0,0.0,0.22379407946697233,21.428252378577305,22.605530296810024
9672,386.84,0.98,1,0.005,0.292,0.043,-0.035,-0.057,0.22,0.1,0.0,0.0,0.0,2.0,0.0,0.06,0.55,0.55,0.05,0.46,0.0,0.27,0.0,0.0,0.0,0.0,1.0,0.0,0.0,0.0,1.0,0.0,0.0,1.0,1.0,0.0,0.0,0.0,0.0,0.0,0.0,0.0,0.0,0.22247819144856007,21.533462331914944,23.10194796981428
9673,386.88,0.98,1,0.011,0.285,0.042,-0.031,-0.058,0.21,0.03,0.0,0.0,0.0,2.04,0.0,0.08,0.55,0.55,0.04,0.42,0.0,0.26,0.0,0.0,0.0,0.0,1.0,0.0,0.0,0.0,1.0,0.0,0.0,1.0,1.0,0.0,0.0,0.0,0.0,0.0,0.0,0.0,0.0,0.2220955451109205,21.63908500838231,23.001956438529312
9674,386.92,0.98,1,-0.004,0.288,0.042,-0.031,-0.057,0.25,0.04,0.0,0.06,0.0,2.1,0.0,0.07,0.53,0.5,0.11,0.37,0.0,0.28,0.0,0.0,0.0,0.0,1.0,0.0,0.0,0.0,1.0,0.0,0.0,1.0,1.0,0.0,0.0,0.0,0.0,0.0,0.0,0.0,0.0,0.21863933482209508,21.932852071721182,23.300214591286448
9675,386.96,0.98,1,0.007,0.278,0.044,-0.032,-0.058,0.16,0.01,0.0,0.06,0.0,1.98,0.0,0.05,0.53,0.34,0.12,0.35,0.0,0.22,0.0,0.0,0.0,0.0,1.0,0.0,0.0,0.0,1.0,0.0,0.0,1.0,1.0,0.0,0.0,0.0,0.0,0.0,0.0,0.0,0.0,0.22727227114554327,21.246176126541027,23.300214591286675
9676,387.0,0.98,1,0.021,0.271,0.04,-0.034,-0.058,0.31,0.15,0.0,0.06,0.0,1.67,0.0,0.03,0.57,0.3,0.13,0.44,0.0,0.14,0.0,0.0,0.62,1.0,1.0,0.0,0.0,0.0,1.0,0.0,0.0,1.0,1.0,0.0,0.0,0.0,0.0,0.0,0.0,0.0,0.0,0.23609021809085307,20.208908926510652,21.10379112861018
9677,387.04,0.98,1,0.067,0.389,0.037,-0.048,-0.052,0.53,0.38,0.0,0.0,0.0,1.08,0.0,0.08,0.66,0.38,0.17,0.51,0.0,0.06,0.0,0.0,1.43,1.0,1.0,0.0,0.0,0.0,1.0,0.0,0.0,1.0,1.0,0.0,0.0,0.0,0.0,0.0,0.0,0.0,1.0,0.19420906707726868,17.41407476726809,21.683403791840338
9678,387.08,0.98,1,0.037,0.408,0.033,-0.053,-0.047,0.71,0.38,0.0,0.0,0.0,0.87,0.0,0.11,0.69,0.5,0.13,0.61,0.0,0.0,0.0,0.0,2.03,0.0,1.0,0.0,0.0,0.0,1.0,0.0,0.0,1.0,1.0,0.0,0.0,0.0,0.0,0.0,0.0,0.0,1.0,0.1753121514939705,19.31890266034788,20.51828452868306
9679,387.12,0.98,1,0.045,0.363,0.02,-0.049,-0.045,0.66,0.29,0.0,0.0,0.0,1.08,0.0,0.1,0.66,0.45,0.12,0.56,0.0,0.0,0.0,0.04,1.83,1.0,1.0,0.0,0.0,0.0,1.0,0.0,0.0,1.0,1.0,0.0,0.0,0.0,0.0,0.0,0.0,0.0,1.0,0.1823181863163436,17.534537347760278,21.523243250030745
9680,387.16,0.98,1,0.028,0.298,0.021,-0.038,-0.051,0.4,0.05,0.0,0.0,0.0,1.69,0.0,0.04,0.6,0.34,0.0,0.6,0.0,0.0,0.0,0.04,1.26,1.0,1.0,0.0,0.0,0.0,1.0,0.0,0.0,1.0,1.0,0.0,0.0,0.0,0.0,0.0,0.0,0.0,1.0,0.18902578005084258,17.4183810958425,20.09004728715191
9681,387.2,0.98,1,0.027,0.297,0.026,-0.042,-0.051,0.37,0.21,0.0,0.0,0.0,2.07,0.0,0.0,0.6,0.23,0.01,0.57,0.0,0.0,0.0,0.04,0.81,1.0,1.0,0.0,0.0,0.0,1.0,0.0,0.0,1.0,1.0,0.0,0.0,0.0,0.0,0.0,0.0,0.0,0.0,0.18871472171882148,16.70119756185171,18.110770276274835
9682,387.24,0.98,1,0.007,0.275,0.03,-0.042,-0.052,0.19,0.17,0.0,0.0,0.0,2.19,0.0,0.0,0.63,0.23,0.01,0.64,0.0,0.01,0.0,0.02,0.47,1.0,1.0,0.0,0.0,0.0,1.0,0.0,0.0,1.0,1.0,0.0,0.0,0.0,0.0,0.0,0.0,0.0,0.0,0.20408623126492043,17.902513789968022,17.41407476726809
9683,387.28,0.98,1,0.007,0.283,0.029,-0.041,-0.052,0.26,0.33,0.0,0.0,0.0,2.15,0.0,0.0,0.63,0.25,0.01,0.65,0.0,0.07,0.0,0.03,0.23,1.0,1.0,0.0,0.0,0.0,1.0,0.0,0.0,1.0,1.0,0.0,0.0,0.0,0.0,0.0,0.0,0.0,0.0,0.21146955284769897,18.10994202089021,18.22223915988377
9684,387.32,0.98,1,0.018,0.273,0.035,-0.037,-0.056,0.25,0.28,0.0,0.0,0.0,1.99,0.0,0.0,0.63,0.22,0.0,0.58,0.0,0.11,0.0,0.03,0.09,1.0,1.0,0.0,0.0,0.0,1.0,0.0,0.0,1.0,1.0,0.0,0.0,0.0,0.0,0.0,0.0,0.0,0.0,0.22196849359798265,17.80449381476481,18.31338308450972
9685,387.36,0.98,1,0.014,0.261,0.033,-0.036,-0.055,0.46,0.4,0.0,0.0,0.0,1.92,0.0,0.0,0.62,0.17,0.0,0.47,0.0,0.12,0.0,0.01,0.0,1.0,1.0,0.0,0.0,0.0,1.0,0.0,0.0,1.0,1.0,0.0,0.0,0.0,0.0,0.0,0.0,0.0,0.0,0.23314226893795392,19.09999999999991,19.009471323527123
9686,387.4,0.98,1,-0.001,0.265,0.035,-0.037,-0.055,0.52,0.31,0.0,0.0,0.0,1.85,0.0,0.0,0.61,0.17,0.0,0.45,0.0,0.1,0.0,0.0,0.0,1.0,1.0,0.0,0.0,0.0,1.0,0.0,0.0,1.0,1.0,0.0,0.0,0.0,0.0,0.0,0.0,0.0,0.0,0.23062757207900264,18.900264548413162,19.30233146539553
9687,387.44,0.98,1,0.007,0.258,0.031,-0.034,-0.055,0.57,0.32,0.0,0.0,0.0,1.92,0.0,0.0,0.59,0.26,0.0,0.49,0.0,0.09,0.0,0.0,0.0,1.0,1.0,0.0,0.0,0.0,1.0,0.0,0.0,1.0,1.0,0.0,0.0,0.0,0.0,0.0,0.0,0.0,0.0,0.2328734294740072,18.800265955565582,19.606376513777256
9688,387.48,0.98,1,-0.001,0.266,0.031,-0.039,-0.052,0.5,0.33,0.0,0.0,0.0,1.81,0.0,0.0,0.57,0.31,0.01,0.54,0.0,0.14,0.0,0.0,0.0,1.0,1.0,0.0,0.0,0.0,1.0,0.0,0.0,1.0,1.0,0.0,0.0,0.0,0.0,0.0,0.0,0.0,0.0,0.23585580877853238,19.100000000000136,20.10397970552113
9689,387.52,0.98,1,0.006,0.27,0.033,-0.034,-0.055,0.5,0.4,0.0,0.0,0.0,1.93,0.0,0.0,0.59,0.28,0.01,0.54,0.0,0.18,0.0,0.0,0.0,1.0,1.0,0.0,0.0,0.0,1.0,0.0,0.0,1.0,1.0,0.0,0.0,0.0,0.0,0.0,0.0,0.0,0.0,0.23284346436367875,18.800265955565582,20.20618717126024
9690,387.56,0.98,1,0.011,0.27,0.033,-0.036,-0.053,0.37,0.44,0.0,0.0,0.0,2.08,0.0,0.0,0.59,0.25,0.01,0.48,0.0,0.26,0.0,0.01,0.0,1.0,1.0,0.0,0.0,0.0,1.0,0.0,0.0,1.0,1.0,0.0,0.0,0.0,0.0,0.0,0.0,0.0,0.0,0.23539850008926974,18.802393464662902,20.611889772652976
9691,387.6,0.98,1,0.004,0.28,0.037,-0.035,-0.056,0.35,0.31,0.0,0.0,0.0,2.35,0.0,0.0,0.58,0.25,0.0,0.41,0.0,0.27,0.0,0.01,0.0,0.0,1.0,0.0,0.0,0.0,1.0,0.0,0.0,1.0,1.0,0.0,0.0,0.0,0.0,0.0,0.0,0.0,0.0,0.2303735189529479,19.201041638411002,20.511947737842938
9692,387.64,0.98,1,0.012,0.272,0.033,-0.036,-0.054,0.27,0.17,0.0,0.0,0.0,2.34,0.0,0.0,0.58,0.28,0.0,0.41,0.0,0.27,0.0,0.01,0.0,0.0,1.0,0.0,0.0,0.0,1.0,0.0,0.0,1.0,1.0,0.0,0.0,0.0,0.0,0.0,0.0,0.0,0.0,0.23415363670802716,19.504102132628407,20.706037766796474
9693,387.68,0.98,1,0.012,0.271,0.035,-0.035,-0.056,0.28,0.08,0.0,0.0,0.0,2.32,0.0,0.0,0.55,0.31,0.0,0.43,0.0,0.22,0.0,0.0,0.0,0.0,1.0,0.0,0.0,0.0,1.0,0.0,0.0,1.0,1.0,0.0,0.0,0.0,0.0,0.0,0.0,0.0,0.0,0.23358617798976086,19.709134937891154,21.303755537463296
9694,387.72,0.98,1,0.016,0.27,0.036,-0.029,-0.057,0.22,0.07,0.0,0.0,0.0,2.35,0.0,0.0,0.55,0.29,0.0,0.4,0.0,0.17,0.0,0.0,0.0,0.0,1.0,0.0,0.0,0.0,1.0,0.0,0.0,1.0,1.0,0.0,0.0,0.0,0.0,0.0,0.0,0.0,0.0,0.2300740641899699,19.606376513777484,21.208488866489333
9695,387.76,0.98,1,0.019,0.285,0.037,-0.027,-0.058,0.15,0.1,0.0,0.0,0.0,2.31,0.0,0.0,0.51,0.3,0.08,0.37,0.0,0.2,0.0,0.0,0.0,0.0,1.0,0.0,0.0,0.0,1.0,0.0,0.0,1.0,1.0,0.0,0.0,0.0,0.0,0.0,0.0,0.0,0.0,0.21582605882759318,19.60408120774869,21.21508896988161
9696,387.8,0.98,1,0.011,0.293,0.039,-0.029,-0.057,0.09,0.03,0.0,0.0,0.0,2.22,0.0,0.0,0.51,0.25,0.11,0.41,0.0,0.26,0.0,0.0,0.0,0.0,1.0,0.0,0.0,0.0,1.0,0.0,0.0,1.0,1.0,0.0,0.0,0.0,0.0,0.0,0.0,0.0,0.0,0.21708599559066533,20.319940944796027,20.90598000573051
9697,387.84,0.98,1,0.006,0.288,0.039,-0.03,-0.059,0.05,0.11,0.0,0.0,0.0,2.05,0.0,0.0,0.53,0.26,0.21,0.44,0.0,0.25,0.0,0.0,0.0,0.0,1.0,0.0,0.0,0.0,1.0,0.0,0.0,1.0,1.0,0.0,0.0,0.0,0.0,0.0,0.0,0.0,0.0,0.22127842692124844,20.115914098046762,20.903827400741577
9698,387.88,0.98,1,-0.015,0.282,0.04,-0.032,-0.057,0.12,0.17,0.0,0.0,0.0,1.89,0.0,0.0,0.53,0.26,0.21,0.39,0.0,0.2,0.0,0.0,0.0,0.0,1.0,0.0,0.0,0.0,1.0,0.0,0.0,1.0,1.0,0.0,0.0,0.0,0.0,0.0,0.0,0.0,0.0,0.23662657143709492,20.60606706773531,21.30023474049049
9699,387.92,0.98,1,-0.019,0.27,0.036,-0.035,-0.056,0.19,0.19,0.0,0.0,0.0,1.73,0.0,0.0,0.5,0.29,0.24,0.39,0.0,0.16,0.0,0.02,0.0,0.0,1.0,0.0,0.0,0.0,1.0,0.0,0.0,1.0,1.0,0.0,0.0,0.0,0.0,0.0,0.0,0.0,0.0,0.24657578030412186,20.911719202399492,20.899999999999864
9700,387.96,0.98,1,-0.012,0.283,0.037,-0.037,-0.056,0.29,0.19,0.0,0.0,0.0,1.72,0.0,0.0,0.49,0.32,0.14,0.42,0.0,0.19,0.0,0.05,0.0,0.0,1.0,0.0,0.0,0.0,1.0,0.0,0.0,1.0,1.0,0.0,0.0,0.0,0.0,0.0,0.0,0.0,0.0,0.2384355395638656,20.923909768492212,21.000238093888363
9701,388.0,0.98,1,-0.001,0.285,0.043,-0.03,-0.06,0.23,0.15,0.0,0.0,0.0,1.75,0.0,0.04,0.48,0.34,0.09,0.35,0.0,0.19,0.0,0.05,0.0,0.0,1.0,0.0,0.0,0.0,1.0,0.0,0.0,1.0,1.0,0.0,0.0,0.0,0.0,0.0,0.0,0.0,0.0,0.23238349862631374,21.119185590358498,21.500930212434994
9702,388.04,0.98,1,-0.012,0.286,0.038,-0.024,-0.054,0.23,0.15,0.0,0.07,0.0,1.88,0.0,0.05,0.5,0.31,0.07,0.3,0.0,0.22,0.0,0.03,0.0,0.0,1.0,0.0,0.0,0.0,1.0,0.0,0.0,1.0,1.0,0.0,0.0,0.0,0.0,0.0,0.0,0.0,0.0,0.21908411498608535,21.62313575779438,22.005681084665387
9703,388.08,0.98,1,-0.001,0.289,0.038,-0.028,-0.051,0.18,0.05,0.0,0.07,0.0,1.78,0.0,0.05,0.49,0.18,0.09,0.22,0.0,0.22,0.0,0.03,0.0,0.0,1.0,0.0,0.0,0.0,1.0,0.0,0.0,1.0,1.0,0.0,0.0,0.0,0.0,0.0,0.0,0.0,0.0,0.22422163739265763,21.219095173922987,21.80825531765432
9704,388.12,0.98,1,-0.013,0.273,0.034,-0.033,-0.047,0.29,0.09,0.0,0.07,0.0,1.73,0.0,0.06,0.52,0.13,0.07,0.27,0.0,0.21,0.0,0.03,0.0,0.0,1.0,0.0,0.0,0.0,1.0,0.0,0.0,1.0,1.0,0.0,0.0,0.0,0.0,0.0,0.0,0.0,0.0,0.2408791771754144,21.414948050369023,22.40089283934915
9705,388.16,0.98,1,-0.015,0.275,0.04,-0.032,-0.049,0.32,0.07,0.0,0.0,0.0,1.73,0.0,0.04,0.52,0.06,0.02,0.24,0.0,0.23,0.0,0.03,0.0,0.0,1.0,0.0,0.0,0.0,1.0,0.0,0.0,1.0,1.0,0.0,0.0,0.0,0.0,0.0,0.0,0.0,0.0,0.247055656395319,21.41891687270844,22.50022222112484
9706,388.2,0.98,1,-0.003,0.289,0.043,-0.033,-0.049,0.31,0.12,0.0,0.0,0.0,1.85,0.0,0.04,0.5,0.07,0.0,0.25,0.0,0.24,0.0,0.0,0.0,0.0,1.0,0.0,0.0,0.0,1.0,0.0,0.0,1.0,1.0,0.0,0.0,0.0,0.0,0.0,0.0,0.0,0.0,0.2283207846477697,21.028789789238942,21.80206412246322
9707,388.24,0.98,1,-0.002,0.295,0.043,-0.028,-0.051,0.21,0.05,0.0,0.0,0.0,2.13,0.0,0.0,0.47,0.03,0.01,0.3,0.0,0.3,0.0,0.02,0.0,0.0,1.0,0.0,0.0,0.0,1.0,0.0,0.0,1.0,1.0,0.0,0.0,0.0,0.0,0.0,0.0,0.0,0.0,0.2195172523383043,21.215088969881837,21.500930212434998
9708,388.28,0.98,1,0.001,0.293,0.044,-0.026,-0.054,0.14,0.05,0.0,0.03,0.0,2.16,0.0,0.0,0.46,0.07,0.06,0.29,0.0,0.33,0.0,0.02,0.0,0.0,1.0,0.0,0.0,0.0,1.0,0.0,0.0,1.0,1.0,0.0,0.0,0.0,0.0,0.0,0.0,0.0,0.0,0.21722806517178767,21.323461257497527,21.403737991294975
9709,388.32,0.98,1,-0.006,0.286,0.044,-0.027,-0.053,0.09,0.0,0.0,0.03,0.0,2.05,0.0,0.0,0.5,0.07,0.11,0.34,0.0,0.34,0.0,0.02,0.0,0.0,1.0,0.0,0.0,0.0,1.0,0.0,0.0,1.0,1.0,0.0,0.0,0.0,0.0,0.0,0.0,0.0,0.0,0.21767006365320268,21.32838484273945,21.500232556881798
9710,388.36,0.98,1,-0.013,0.276,0.036,-0.036,-0.049,0.04,0.0,0.0,0.03,0.0,1.67,0.0,0.0,0.52,0.12,0.18,0.4,0.0,0.31,0.0,0.06,0.0,0.0,1.0,0.0,0.0,0.0,1.0,0.0,0.0,1.0,1.0,0.0,0.0,0.0,0.0,0.0,0.0,0.0,0.0,0.24105691057297313,21.418916872708664,21.800917411889067
9711,388.4,0.98,1,-0.018,0.276,0.037,-0.034,-0.051,0.15,0.0,0.0,0.0,0.0,1.59,0.0,0.0,0.55,0.1,0.18,0.47,0.0,0.25,0.0,0.1,0.0,0.0,1.0,0.0,0.0,0.0,1.0,0.0,0.0,1.0,1.0,0.0,0.0,0.0,0.0,0.0,0.0,0.0,0.0,0.24107760799976052,21.42335174523361,22.500888871331284
9712,388.44,0.98,1,-0.009,0.274,0.042,-0.032,-0.053,0.23,0.02,0.0,0.0,0.0,1.71,0.0,0.01,0.5,0.09,0.21,0.45,0.0,0.28,0.0,0.1,0.0,0.0,1.0,0.0,0.0,0.0,1.0,0.0,0.0,1.0,1.0,0.0,0.0,0.0,0.0,0.0,0.0,0.0,0.0,0.24912477780080522,21.219095173922987,22.000909072126998
9713,388.48,0.98,1,-0.01,0.275,0.041,-0.035,-0.053,0.31,0.02,0.0,0.0,0.0,1.97,0.0,0.03,0.45,0.02,0.14,0.42,0.0,0.36,0.0,0.07,0.0,0.0,1.0,0.0,0.0,0.0,1.0,0.0,0.0,1.0,1.0,0.0,0.0,0.0,0.0,0.0,0.0,0.0,0.0,0.24552456553321828,21.418916872708664,22.500888871331284
9714,388.52,0.98,1,-0.015,0.28,0.036,-0.026,-0.051,0.33,0.09,0.0,0.0,0.0,2.01,0.0,0.03,0.41,0.0,0.08,0.36,0.0,0.39,0.0,0.04,0.0,0.0,1.0,0.0,0.0,0.0,1.0,0.0,0.0,1.0,1.0,0.0,0.0,0.0,0.0,0.0,0.0,0.0,0.0,0.21814908183684695,21.219095173922994,20.800000000000182
9715,388.56,0.98,1,-0.006,0.284,0.042,-0.025,-0.054,0.37,0.15,0.0,0.0,0.0,2.05,0.0,0.05,0.42,0.0,0.0,0.41,0.0,0.4,0.0,0.04,0.0,0.0,1.0,0.0,0.0,0.0,1.0,0.0,0.0,1.0,1.0,0.0,0.0,0.0,0.0,0.0,0.0,0.0,0.0,0.2169933985804396,21.31501817967787,21.602083232873767
9716,388.6,0.98,1,-0.007,0.28,0.034,-0.026,-0.05,0.44,0.15,0.0,0.03,0.0,1.99,0.0,0.03,0.43,0.0,0.02,0.39,0.0,0.36,0.0,0.01,0.0,0.0,1.0,0.0,0.0,0.0,1.0,0.0,0.0,1.0,1.0,0.0,0.0,0.0,0.0,0.0,0.0,0.0,0.0,0.2281075087480978,20.608736011701357,21.40210270043586
9717,388.64,0.98,1,-0.007,0.269,0.035,-0.028,-0.051,0.38,0.08,0.0,0.03,0.0,1.84,0.0,0.03,0.43,0.01,0.02,0.35,0.0,0.35,0.0,0.0,0.0,0.0,1.0,0.0,0.0,0.0,1.0,0.0,0.0,1.0,1.0,0.0,0.0,0.0,0.0,0.0,0.0,0.0,0.0,0.2471556510308322,21.80573319106693,21.500232556881798
9718,388.68,0.98,1,-0.006,0.273,0.035,-0.032,-0.05,0.29,0.01,0.0,0.03,0.0,1.68,0.0,0.0,0.42,0.01,0.01,0.37,0.0,0.31,0.0,0.0,0.0,0.0,1.0,0.0,0.0,0.0,1.0,0.0,0.0,1.0,1.0,0.0,0.0,0.0,0.0,0.0,0.0,0.0,0.0,0.23875672280465549,21.30586773637718,21.0
9719,388.72,0.98,1,-0.005,0.269,0.032,-0.03,-0.053,0.26,0.09,0.0,0.0,0.0,1.7,0.0,0.0,0.45,0.07,0.0,0.44,0.0,0.29,0.0,0.0,0.0,0.0,1.0,0.0,0.0,0.0,1.0,0.0,0.0,1.0,1.0,0.0,0.0,0.0,0.0,0.0,0.0,0.0,0.0,0.2347358244696591,21.3037555374633,21.500930212434998
9720,388.76,0.98,1,0.009,0.282,0.037,-0.029,-0.055,0.16,0.17,0.0,0.0,0.0,1.69,0.0,0.0,0.49,0.09,0.0,0.49,0.0,0.27,0.0,0.0,0.0,0.0,1.0,0.0,0.0,0.0,1.0,0.0,0.0,1.0,1.0,0.0,0.0,0.0,0.0,0.0,0.0,0.0,0.0,0.22701393526481056,20.902152999153074,21.50581316760657
9721,388.8,0.98,1,0.008,0.282,0.037,-0.026,-0.059,0.21,0.37,0.0,0.0,0.0,1.68,0.0,0.0,0.55,0.09,0.0,0.4,0.0,0.22,0.0,0.0,0.0,0.0,1.0,0.0,0.0,0.0,1.0,0.0,0.0,1.0,1.0,0.0,0.0,0.0,0.0,0.0,0.0,0.0,0.0,0.21821289979428354,20.802163349036515,21.30844902849567
9722,388.84,0.98,1,0.01,0.262,0.043,-0.028,-0.061,0.16,0.34,0.0,0.03,0.0,1.48,0.0,0.0,0.54,0.07,0.0,0.34,0.0,0.19,0.0,0.0,0.0,0.0,1.0,0.0,0.0,0.0,1.0,0.0,0.0,1.0,1.0,0.0,0.0,0.0,0.0,0.0,0.0,0.0,0.0,0.23177770077442877,20.708693826506824,21.80573319106693
9723,388.88,0.98,1,0.006,0.26,0.037,-0.03,-0.06,0.29,0.34,0.0,0.03,0.0,1.77,0.0,0.04,0.52,0.1,0.0,0.31,0.0,0.17,0.0,0.0,0.0,0.0,1.0,0.0,0.0,0.0,1.0,0.0,0.0,1.0,1.0,0.0,0.0,0.0,0.0,0.0,0.0,0.0,0.0,0.24854920862418967,20.508778608196053,22.000909072126998
9724,388.92,0.98,1,-0.005,0.258,0.043,-0.024,-0.06,0.26,0.13,0.0,0.03,0.0,1.87,0.0,0.04,0.49,0.11,0.0,0.34,0.0,0.18,0.01,0.0,0.0,0.0,1.0,0.0,0.0,0.0,1.0,0.0,0.0,1.0,1.0,0.0,0.0,0.0,0.0,0.0,0.0,0.0,0.0,0.23684253598075156,20.900956915892493,21.600231480241042
9725,388.96,0.98,1,-0.0,0.256,0.037,-0.023,-0.062,0.18,0.09,0.0,0.0,0.0,1.93,0.0,0.06,0.57,0.07,0.0,0.31,0.0,0.15,0.01,0.0,0.0,0.0,1.0,0.0,0.0,0.0,1.0,0.0,0.0,1.0,1.0,0.0,0.0,0.0,0.0,0.0,0.0,0.0,0.0,0.23412462477654938,21.00380917833715,22.002045359466013
9726,389.0,0.98,1,-0.006,0.262,0.038,-0.031,-0.058,0.16,0.13,0.0,0.0,0.0,1.68,0.0,0.04,0.62,0.02,0.0,0.32,0.0,0.09,0.01,0.0,0.0,0.0,1.0,0.0,0.0,0.0,1.0,0.0,0.0,1.0,1.0,0.0,0.0,0.0,0.0,0.0,0.0,0.0,0.0,0.2443947484433997,21.41144553737566,20.500243900988107
9727,389.04,0.98,1,-0.009,0.271,0.033,-0.029,-0.055,0.25,0.13,0.0,0.0,0.0,1.64,0.0,0.04,0.64,0.0,0.0,0.37,0.0,0.07,0.0,0.03,0.0,1.0,1.0,0.0,0.0,0.0,1.0,0.0,0.0,1.0,1.0,0.0,0.0,0.0,0.0,0.0,0.0,0.0,0.0,0.24111937975232295,21.41144553737566,21.90205469813264
9728,389.08,0.98,1,-0.0,0.289,0.039,-0.023,-0.058,0.32,0.12,0.0,0.0,0.0,1.66,0.0,0.02,0.59,0.04,0.0,0.38,0.0,0.12,0.0,0.03,0.0,1.0,1.0,0.0,0.0,0.0,1.0,0.0,0.0,1.0,1.0,0.0,0.0,0.0,0.0,0.0,0.0,0.0,0.0,0.22407736538848735,21.10379112861018,21.908217636311583
9729,389.12,0.98,1,0.011,0.286,0.037,-0.021,-0.057,0.33,0.05,0.0,0.0,0.0,1.73,0.0,0.01,0.51,0.12,0.0,0.38,0.0,0.22,0.0,0.03,0.0,1.0,1.0,0.0,0.0,0.0,1.0,0.0,0.0,1.0,1.0,0.0,0.0,0.0,0.0,0.0,0.0,0.0,0.0,0.21390626591028505,21.105923339195474,21.511392330576836
9730,389.16,0.98,1,0.009,0.287,0.03,-0.025,-0.056,0.29,0.15,0.0,0.0,0.0,1.85,0.0,0.01,0.48,0.23,0.0,0.41,0.0,0.26,0.0,0.0,0.03,1.0,0.0,0.0,0.0,0.0,1.0,0.0,0.0,1.0,1.0,0.0,0.0,0.0,0.0,0.0,0.0,0.0,0.0,0.21688495775690908,21.10852908186632,21.20848886648933
9731,389.2,0.98,1,0.005,0.296,0.031,-0.025,-0.057,0.29,0.16,0.0,0.01,0.0,1.86,0.0,0.01,0.41,0.31,0.0,0.51,0.0,0.3,0.0,0.0,0.03,1.0,0.0,0.0,0.0,0.0,1.0,0.0,0.0,1.0,1.0,0.0,0.0,0.0,0.0,0.0,0.0,0.0,0.0,0.20418508616041608,21.30586773637718,21.514878572745882
9732,389.24,0.98,1,0.006,0.288,0.021,-0.024,-0.057,0.37,0.2,0.0,0.01,0.0,1.85,0.0,0.0,0.41,0.36,0.0,0.57,0.0,0.25,0.0,0.0,0.03,1.0,0.0,0.0,0.0,0.0,1.0,0.0,0.0,1.0,1.0,0.0,0.0,0.0,0.0,0.0,0.0,0.0,0.0,0.20778088301433997,21.31501817967787,22.214409737825626
9733,389.28,0.98,1,0.001,0.286,0.034,-0.027,-0.06,0.34,0.19,0.0,0.01,0.0,1.71,0.0,0.0,0.4,0.29,0.0,0.6,0.0,0.26,0.0,0.0,0.0,1.0,0.0,0.0,0.0,0.0,1.0,0.0,0.0,1.0,1.0,0.0,0.0,0.0,0.0,0.0,0.0,0.0,0.0,0.22257337148902445,20.706037766796474,21.908217636311814
9734,389.32,0.98,1,0.011,0.303,0.03,-0.024,-0.061,0.38,0.29,0.0,0.0,0.0,1.72,0.0,0.0,0.42,0.28,0.0,0.56,0.0,0.21,0.0,0.0,0.0,1.0,0.0,0.0,0.0,0.0,1.0,0.0,0.0,1.0,1.0,0.0,0.0,0.0,0.0,0.0,0.0,0.0,0.0,0.20100032888103458,20.608736011701584,21.52812114421507
9735,389.36,0.98,1,0.008,0.296,0.036,-0.023,-0.063,0.33,0.38,0.0,0.0,0.0,1.67,0.0,0.0,0.44,0.2,0.0,0.51,0.0,0.16,0.0,0.0,0.0,1.0,1.0,0.0,0.0,0.0,1.0,0.0,0.0,1.0,1.0,0.0,0.0,0.0,0.0,0.0,0.0,0.0,0.0,0.21653410893709985,20.900239233080427,20.711832367031217
9736,389.4,0.98,1,-0.004,0.27,0.029,-0.027,-0.062,0.38,0.4,0.0,0.0,0.0,1.75,0.0,0.0,0.43,0.31,0.0,0.47,0.0,0.06,0.0,0.0,0.0,1.0,1.0,0.0,0.0,0.0,1.0,0.0,0.0,1.0,1.0,0.0,0.0,0.0,0.0,0.0,0.0,0.0,0.0,0.23388148264802208,20.902152999152847,20.30221662774777
9737,389.44,0.98,1,-0.018,0.271,0.04,-0.028,-0.066,0.36,0.4,0.0,0.0,0.0,1.81,0.0,0.0,0.41,0.28,0.06,0.46,0.0,0.01,0.0,0.0,0.0,1.0,1.0,0.0,0.0,0.0,1.0,0.0,0.0,0.0,1.0,0.0,0.0,0.0,0.0,0.0,0.0,0.0,0.0,0.23474914864333724,21.605786262017777,20.702173798903384
9738,389.48,0.98,1,-0.028,0.279,0.032,-0.022,-0.065,0.28,0.24,0.0,0.04,0.0,1.8,0.01,0.0,0.35,0.27,0.14,0.51,0.0,0.0,0.01,0.0,0.29,1.0,1.0,0.0,0.0,0.0,1.0,0.0,0.0,0.0,1.0,0.0,0.0,0.0,0.0,0.0,0.0,0.0,0.0,0.2193177773007869,21.902054698132865,21.002142747824568
9739,389.52,0.98,1,-0.016,0.328,0.046,-0.008,-0.07,0.41,0.19,0.0,0.04,0.0,1.45,0.13,0.0,0.36,0.19,0.16,0.42,0.01,0.0,0.03,0.0,0.99,0.0,0.0,0.0,0.0,0.0,0.0,0.0,0.0,0.0,1.0,0.0,0.0,0.0,0.0,0.0,0.0,0.0,1.0,0.18600660388533835,19.91230775173997,19.842630873954374
9740,389.56,0.98,1,-0.006,0.398,0.045,0.018,-0.058,0.39,0.22,0.0,0.04,0.0,0.89,0.21,0.0,0.31,0.14,0.1,0.5,0.1,0.0,0.03,0.1,1.91,0.0,0.0,0.0,0.0,0.0,1.0,0.0,0.0,0.0,1.0,0.0,0.0,0.0,0.0,0.0,0.0,0.0,1.0,0.1762093575196665,17.933767033169445,15.45736070614899
9741,389.6,0.98,1,-0.099,0.441,0.045,0.061,-0.026,0.33,0.22,0.0,0.0,0.0,0.5,0.2,0.0,0.25,0.1,0.02,0.52,0.19,0.0,0.02,0.27,2.47,0.0,0.0,0.0,0.0,0.0,1.0,0.0,0.0,0.0,1.0,0.0,0.0,0.0,0.0,0.0,0.0,0.0,1.0,0.16351236466390173,17.9178681767671,19.50282030886824
9742,389.64,0.98,1,-0.156,0.366,0.028,0.124,-0.001,0.1,0.15,0.0,0.0,0.0,0.62,0.07,0.0,0.12,0.06,0.0,0.65,0.18,0.0,0.09,0.56,2.44,0.0,0.0,0.0,0.0,0.0,0.0,0.0,0.0,0.0,1.0,0.0,0.0,0.0,0.0,0.0,0.0,0.0,1.0,0.16958638350618516,18.967603960437252,20.81537893001225
9743,389.68,0.98,1,-0.247,0.355,0.028,0.195,0.013,0.21,0.2,0.0,0.0,0.0,1.15,0.0,0.0,0.04,0.14,0.0,0.56,0.19,0.0,0.31,0.52,2.07,0.0,0.0,0.0,0.0,0.0,0.0,0.0,0.0,0.0,1.0,0.0,0.0,1.0,0.0,0.0,0.0,0.0,1.0,0.18193242487159628,17.980545041794336,22.432119828496017
9744,389.72,0.98,1,-0.341,0.326,0.034,0.259,0.032,0.39,0.27,0.0,0.0,0.02,1.5,0.0,0.0,0.03,0.14,0.0,0.53,0.2,0.09,0.6,0.46,1.58,0.0,0.0,0.0,0.0,1.0,0.0,0.0,0.0,0.0,1.0,0.0,0.0,0.0,0.0,0.0,0.0,0.0,1.0,0.20647973413639298,16.703592427977885,23.792856070678063
9745,389.76,0.98,1,-0.37,0.314,0.04,0.277,0.068,0.53,0.38,0.0,0.0,0.02,1.34,0.0,0.0,0.07,0.08,0.0,0.41,0.25,0.29,0.89,0.25,1.14,0.0,0.0,0.0,0.0,1.0,0.0,0.0,0.0,0.0,1.0,0.0,0.0,0.0,0.0,1.0,0.0,0.0,0.0,0.22328315947082236,16.410362579784714,24.58007323015938
9746,389.8,0.98,1,-0.393,0.309,0.04,0.289,0.089,0.58,0.44,0.0,0.0,0.01,1.3,0.0,0.0,0.17,0.02,0.0,0.31,0.17,0.45,1.12,0.25,0.78,0.0,0.0,0.0,0.0,1.0,0.0,0.0,0.0,0.0,1.0,0.0,0.0,0.0,0.0,1.0,0.0,0.0,0.0,0.23832653277086285,18.729655629508965,24.76307735318856
9747,389.84,0.98,1,-0.398,0.316,0.039,0.306,0.097,0.6,0.5,0.0,0.0,0.0,1.1,0.0,0.0,0.23,0.13,0.0,0.22,0.14,0.53,1.18,0.19,0.55,0.0,0.0,0.0,0.0,1.0,0.0,0.0,0.0,0.0,1.0,0.0,0.0,0.0,0.0,1.0,0.0,0.0,0.0,0.25152263072934716,19.53586445489432,25.173398658107306
9748,389.88,0.98,1,-0.407,0.32,0.038,0.322,0.098,0.82,0.62,0.0,0.0,0.0,0.92,0.0,0.01,0.26,0.16,0.0,0.29,0.22,0.54,1.17,0.12,0.4,0.0,0.0,0.0,0.0,1.0,0.0,0.0,0.0,0.0,1.0,0.0,0.0,0.0,0.0,1.0,0.0,0.0,0.0,0.25544684947670504,19.1637678967368,25.170021851400982
9749,389.92,0.98,1,-0.418,0.311,0.038,0.325,0.101,0.96,0.74,0.0,0.0,0.0,0.53,0.0,0.11,0.22,0.24,0.0,0.39,0.2,0.61,1.09,0.17,0.37,0.0,0.0,0.0,0.0,0.0,0.0,0.0,0.0,0.0,1.0,0.0,0.0,0.0,0.0,1.0,0.0,0.0,0.0,0.25633669719040997,18.94016895384006,24.34768982881128
9750,389.96,0.98,1,-0.432,0.338,0.047,0.328,0.1,1.2,0.94,0.0,0.0,0.0,0.49,0.0,0.25,0.24,0.29,0.0,0.45,0.2,0.67,1.21,0.19,0.29,0.0,0.0,0.0,0.0,0.0,0.0,0.0,0.0,0.0,1.0,0.0,0.0,0.0,0.0,1.0,0.0,0.0,0.0,0.2312848372864198,19.226284092356394,22.506221362103354
9751,390.0,0.98,1,-0.452,0.317,0.047,0.338,0.099,1.24,1.21,0.0,0.0,0.0,0.38,0.0,0.35,0.24,0.4,0.0,0.49,0.06,0.73,1.32,0.26,0.29,0.0,0.0,0.0,0.0,0.0,0.0,0.0,0.0,0.0,1.0,0.0,0.0,0.0,0.0,1.0,0.0,0.0,0.0,0.26451232720990536,18.988944151795323,22.193918085817995
9752,390.04,0.98,1,-0.436,0.338,0.056,0.337,0.096,1.25,1.22,0.0,0.0,0.0,0.24,0.0,0.43,0.24,0.52,0.0,0.47,0.06,0.77,1.38,0.24,0.26,0.0,0.0,0.0,0.0,0.0,0.0,0.0,0.0,0.0,1.0,0.0,0.0,0.0,0.0,1.0,0.0,0.0,0.0,0.22937086237351545,19.221342304844462,22.884929538890788
9753,390.08,0.98,1,-0.444,0.345,0.059,0.338,0.09,1.2,1.18,0.0,0.0,0.0,0.26,0.0,0.4,0.21,0.59,0.0,0.46,0.0,0.77,1.31,0.28,0.46,0.0,0.0,0.0,0.0,0.0,0.0,0.0,0.0,0.0,1.0,0.0,0.0,0.0,0.0,1.0,0.0,0.0,0.0,0.23254511950734214,19.2844496939892,23.03258561256198
9754,390.12,0.98,1,-0.434,0.335,0.056,0.336,0.085,1.14,1.16,0.0,0.0,0.0,0.48,0.0,0.3,0.22,0.51,0.0,0.32,0.07,0.68,1.24,0.45,1.18,0.0,0.0,0.0,0.0,0.0,0.0,0.0,0.0,0.0,1.0,0.0,0.0,0.0,0.0,1.0,0.0,0.0,0.0,0.24954496797578513,19.51665955024062,22.802192877001982
9755,390.16,0.98,1,-0.353,0.36,0.051,0.316,0.082,0.89,1.0,0.02,0.0,0.0,0.48,0.0,0.11,0.18,0.29,0.0,0.19,0.34,0.54,1.2,0.78,2.04,0.0,0.0,0.0,0.0,0.0,0.0,0.0,0.0,0.0,1.0,0.0,0.0,0.0,0.0,1.0,0.0,0.0,1.0,0.2180546649572977,16.82676439485618,20.120636172845032
9756,390.2,0.98,1,-0.259,0.462,0.068,0.27,0.079,0.49,0.71,0.19,0.0,0.0,0.5,0.0,0.0,0.12,0.07,0.0,0.4,0.84,0.72,0.91,0.95,2.55,0.0,1.0,0.0,0.0,0.0,0.0,0.0,0.0,0.0,1.0,0.0,0.0,0.0,0.0,1.0,0.0,0.0,1.0,0.1780424804890098,18.741664813991314,17.60255663248952
9757,390.24,0.93,1,-0.198,0.453,0.065,0.215,0.087,0.14,0.35,0.19,0.0,0.0,0.56,0.0,0.0,0.04,0.0,0.0,0.56,0.96,0.55,0.51,0.85,2.46,0.0,1.0,0.0,0.0,0.0,0.0,0.0,0.0,0.0,1.0,0.0,0.0,0.0,0.0,0.0,0.0,0.0,1.0,0.16695159260265935,18.597311633674366,19.309324172533916
9758,390.28,0.98,1,-0.083,0.422,0.044,0.081,-0.03,0.02,0.16,0.17,0.0,0.0,1.19,0.02,0.0,0.08,0.0,0.0,1.05,0.94,0.43,0.11,0.7,1.91,0.0,1.0,0.0,0.0,0.0,0.0,0.0,0.0,0.0,1.0,0.0,0.0,1.0,0.0,0.0,0.0,0.0,1.0,0.17992977763377288,20.700241544484268,19.942417105255913
9759,390.32,0.93,1,-0.047,0.369,0.025,0.047,-0.011,0.22,0.29,0.1,0.0,0.05,1.65,0.02,0.0,0.39,0.24,0.02,1.41,0.95,0.06,0.1,0.41,1.16,0.0,1.0,0.0,0.0,0.0,0.0,0.0,0.0,0.0,0.0,0.0,1.0,1.0,0.0,0.0,0.0,0.0,1.0,0.16477507610015724,22.314345161801366,17.801685313475282
9760,390.36,0.82,1,0.004,0.312,0.001,0.032,0.028,0.56,0.3,0.1,0.0,0.43,2.31,0.02,0.35,1.03,0.58,0.13,1.93,1.35,0.26,0.28,0.25,0.46,0.0,1.0,0.0,0.0,0.0,1.0,0.0,0.0,0.0,0.0,0.0,1.0,1.0,0.0,0.0,0.0,0.0,1.0,0.19159202196501104,19.94918544703025,18.806647760831623
9761,390.4,0.98,1,0.012,0.296,0.031,0.004,0.052,0.88,0.47,0.14,0.0,0.95,2.75,0.0,0.83,1.74,0.7,0.26,2.37,1.86,0.34,0.42,0.0,0.01,1.0,1.0,0.0,0.0,0.0,1.0,0.0,0.0,1.0,0.0,0.0,1.0,1.0,0.0,0.0,0.0,0.0,1.0,0.20950434633709206,18.995262567282495,16.112417571550207
9762,390.44,0.98,1,0.021,0.303,0.092,-0.034,0.051,0.97,0.59,0.16,0.0,1.48,3.17,0.0,1.37,2.28,0.57,0.67,2.71,2.13,0.36,0.72,0.0,0.0,1.0,1.0,0.0,0.0,1.0,1.0,0.0,1.0,1.0,0.0,0.0,1.0,1.0,0.0,0.0,0.0,1.0,1.0,0.2393631732700382,18.469434208984175,16.152399202595397
9763,390.48,0.98,1,0.039,0.312,0.109,-0.072,0.054,0.98,1.01,0.34,0.0,1.58,3.22,0.0,1.65,2.38,0.38,1.08,3.16,2.16,0.42,1.02,0.0,0.0,1.0,1.0,0.0,0.0,1.0,1.0,0.0,1.0,1.0,0.0,0.0,1.0,1.0,0.0,0.0,0.0,1.0,1.0,0.21650661177303654,17.9902751507584,15.63201842373544
9764,390.52,0.98,1,0.07,0.258,0.134,-0.106,0.067,1.37,1.58,0.47,0.0,1.45,3.04,0.0,1.82,2.36,0.36,1.52,3.43,2.08,0.76,1.49,0.0,0.0,1.0,1.0,0.0,0.0,1.0,1.0,0.0,1.0,1.0,0.0,1.0,1.0,1.0,0.0,0.0,0.0,1.0,0.0,0.25888540715991126,16.94254998517034,16.224980739588
9765,390.56,0.98,1,0.159,0.235,0.168,-0.159,0.075,2.05,2.11,0.47,0.13,1.26,2.73,0.0,1.57,2.17,0.24,2.2,3.83,2.23,1.15,1.77,0.36,0.0,1.0,1.0,0.0,0.0,1.0,1.0,0.0,1.0,1.0,0.0,1.0,1.0,1.0,0.0,0.0,0.0,1.0,0.0,0.33297673316130244,14.799999999999955,14.750254235097016
9766,390.6,0.98,1,0.185,0.272,0.184,-0.188,0.067,2.59,2.35,0.43,0.4,1.16,2.5,0.0,0.95,2.04,0.1,3.35,4.3,2.72,1.21,2.1,1.24,0.0,1.0,1.0,1.0,0.0,1.0,1.0,0.0,1.0,1.0,0.0,1.0,1.0,1.0,0.0,0.0,0.0,1.0,0.0,0.36361019574527964,14.0,13.817742217887881
9767,390.64,0.98,1,0.2,0.272,0.171,-0.219,0.05,2.56,2.23,0.46,0.46,1.12,2.21,0.0,0.63,1.96,0.0,4.06,4.28,3.19,0.83,2.39,1.54,0.0,1.0,1.0,1.0,0.0,1.0,1.0,0.0,0.0,1.0,0.0,1.0,1.0,1.0,0.0,0.0,0.0,1.0,0.0,0.36503185964752505,13.843771162511997,13.209844813622816
9768,390.68,0.98,1,0.231,0.278,0.146,-0.272,0.03,2.08,1.94,0.69,0.42,0.96,1.77,0.0,0.5,1.81,0.0,4.32,3.8,3.02,0.39,2.39,1.62,0.0,1.0,1.0,1.0,0.0,1.0,1.0,0.0,0.0,1.0,0.0,1.0,1.0,1.0,0.0,0.0,0.0,1.0,0.0,0.3762033800309999,14.401388821915804,12.502799686470093
9769,390.72,0.98,1,0.267,0.267,0.117,-0.364,0.015,1.52,1.73,0.8,0.21,0.86,1.64,0.0,0.74,1.78,0.0,3.68,2.86,2.35,0.21,2.04,0.95,0.0,1.0,0.0,1.0,0.0,0.0,1.0,0.0,0.0,1.0,0.0,1.0,1.0,1.0,0.0,0.0,0.0,1.0,0.0,0.37556792720404164,15.96151621870563,12.39677377384943
9770,390.76,0.98,1,0.194,0.266,0.1,-0.372,-0.013,1.19,1.7,0.92,0.34,0.78,1.29,0.0,0.68,1.72,0.0,3.56,2.21,1.54,0.56,1.48,0.7,0.0,1.0,0.0,1.0,0.0,0.0,1.0,0.0,0.0,1.0,0.0,1.0,1.0,0.0,0.0,0.0,0.0,1.0,0.0,0.3206757539273031,17.80449381476481,12.747548783981962
9771,390.8,0.98,1,0.258,0.22,0.096,-0.394,-0.029,0.93,1.64,0.94,0.37,0.73,1.1,0.0,0.81,1.74,0.0,3.27,1.58,0.98,0.96,1.02,0.26,0.0,1.0,0.0,1.0,0.0,0.0,1.0,0.0,0.0,1.0,0.0,0.0,1.0,0.0,0.0,0.0,0.0,1.0,0.0,0.38743373682751703,17.30260096054921,12.299999999999997
9772,390.84,0.98,1,0.258,0.23,0.084,-0.392,-0.046,1.04,1.59,1.01,0.48,0.46,0.81,0.0,0.63,1.44,0.0,3.59,1.24,0.73,1.17,0.67,0.16,0.0,1.0,0.0,1.0,0.0,0.0,1.0,0.0,0.0,1.0,0.0,0.0,1.0,0.0,0.0,0.0,1.0,1.0,0.0,0.38217676394626793,17.000294115102832,11.923925528113681
9773,390.88,0.98,1,0.261,0.239,0.078,-0.409,-0.062,1.13,1.66,1.16,0.29,0.19,0.82,0.0,0.62,1.07,0.0,3.7,1.1,0.39,0.81,0.5,0.13,0.0,1.0,0.0,1.0,0.0,0.0,1.0,0.0,0.0,1.0,0.0,0.0,1.0,0.0,0.0,0.0,1.0,1.0,0.0,0.4242989541940142,16.402743672934587,12.159769734662008
9774,390.92,0.93,1,0.279,0.246,0.052,-0.406,-0.08,1.37,1.87,1.24,0.26,0.01,0.59,0.0,0.48,0.66,0.0,3.76,1.21,0.19,0.44,0.53,0.16,0.0,1.0,0.0,1.0,0.0,0.0,1.0,0.0,0.0,1.0,0.0,0.0,1.0,0.0,0.0,0.0,1.0,1.0,0.0,0.3763913249763141,16.23083485221883,11.933147112140952
9775,390.96,0.98,1,0.289,0.215,0.054,-0.402,-0.097,1.43,2.02,1.28,0.13,0.0,0.42,0.0,0.69,0.61,0.0,3.44,1.23,0.0,0.1,0.45,0.1,0.0,1.0,0.0,1.0,0.0,0.0,1.0,0.0,0.0,1.0,0.0,0.0,1.0,0.0,0.0,0.0,1.0,1.0,0.0,0.3957304440689403,15.807909412695865,11.800423721205895
9776,391.0,0.98,1,0.289,0.211,0.035,-0.361,-0.116,1.39,1.88,1.12,0.13,0.0,0.31,0.0,0.82,0.6,0.0,3.02,1.27,0.07,0.03,0.41,0.09,0.0,1.0,0.0,1.0,0.0,0.0,1.0,0.0,0.0,1.0,0.0,0.0,1.0,0.0,0.0,0.0,0.0,1.0,0.0,0.3886277205591895,16.604818577750347,11.890332207301835
9777,391.04,0.98,1,0.275,0.195,0.027,-0.35,-0.124,1.25,1.59,1.09,0.05,0.0,0.37,0.0,1.13,0.81,0.0,2.85,1.52,0.13,0.0,0.17,0.07,0.0,1.0,0.0,1.0,0.0,0.0,1.0,0.0,0.0,1.0,0.0,0.0,1.0,0.0,0.0,0.0,0.0,1.0,0.0,0.4052152983291687,16.659531806146298,12.111564721372712
9778,391.08,0.98,1,0.292,0.177,0.007,-0.357,-0.14,1.02,1.22,1.05,0.0,0.0,0.33,0.0,1.33,0.9,0.0,2.82,1.69,0.13,0.0,0.33,0.01,0.0,1.0,0.0,1.0,0.0,0.0,1.0,0.0,0.0,1.0,0.0,1.0,1.0,0.0,0.0,0.0,0.0,1.0,0.0,0.4257158441789335,16.905620367203237,11.800423721206114
9779,391.12,0.98,1,0.323,0.172,-0.015,-0.408,-0.153,0.84,1.05,1.12,0.0,0.0,0.34,0.0,1.45,0.92,0.0,2.49,1.72,0.23,0.0,0.38,0.02,0.0,1.0,0.0,1.0,0.0,0.0,1.0,0.0,0.0,0.0,0.0,1.0,1.0,0.0,0.0,0.0,0.0,1.0,0.0,0.502368048276079,14.807092894960848,11.609048195265528
9780,391.16,0.98,1,0.323,0.159,-0.019,-0.393,-0.161,0.68,1.03,1.21,0.0,0.0,0.37,0.0,1.6,0.87,0.0,1.86,1.52,0.16,0.0,0.67,0.06,0.0,1.0,0.0,1.0,0.0,0.0,1.0,0.0,0.0,0.0,0.0,1.0,0.0,0.0,0.0,0.0,0.0,1.0,0.0,0.4555768556739186,15.572411502397388,11.669190203265956
9781,391.2,0.98,1,0.325,0.164,-0.011,-0.393,-0.172,0.72,1.14,1.48,0.0,0.0,0.25,0.0,1.55,0.84,0.03,1.16,1.35,0.22,0.0,0.71,0.05,0.0,1.0,0.0,1.0,0.0,0.0,1.0,0.0,0.0,0.0,0.0,1.0,0.0,0.0,0.0,0.0,0.0,1.0,0.0,0.459894527356987,16.120794025109262,11.510864433221421
9782,391.24,0.98,1,0.365,0.207,0.026,-0.375,-0.194,0.79,1.22,1.71,0.0,0.0,0.09,0.0,1.46,0.77,0.16,0.86,1.33,0.06,0.0,0.77,0.04,0.0,1.0,0.0,1.0,0.0,0.0,1.0,0.0,0.0,0.0,0.0,1.0,0.0,0.0,0.0,0.0,0.0,1.0,0.0,0.45008777822293367,15.402921800749363,11.704699910719626
9783,391.28,0.98,1,0.391,0.207,0.033,-0.365,-0.206,0.89,1.4,1.81,0.0,0.0,0.01,0.0,1.3,0.67,0.22,0.68,1.29,0.06,0.0,0.81,0.0,0.0,1.0,0.0,1.0,0.0,0.0,1.0,0.0,0.0,0.0,0.0,1.0,0.0,0.0,0.0,0.0,0.0,1.0,0.0,0.4434008881069511,14.199295757184675,11.774548823628036
9784,391.32,0.98,1,0.403,0.222,0.04,-0.375,-0.208,1.0,1.58,1.77,0.0,0.0,0.17,0.0,1.38,0.59,0.44,0.59,1.3,0.1,0.0,0.9,0.0,0.0,1.0,1.0,1.0,0.0,0.0,1.0,0.0,0.0,0.0,0.0,1.0,0.0,0.0,0.0,0.0,0.0,1.0,0.0,0.44808288299468335,14.527904184705978,12.854960132182407
9785,391.36,0.98,1,0.375,0.31,0.057,-0.361,-0.207,1.2,2.02,1.57,0.05,0.0,0.17,0.0,1.26,0.55,0.4,0.54,1.32,0.1,0.0,0.94,0.0,0.0,1.0,1.0,1.0,0.0,0.0,1.0,0.0,0.0,0.0,0.0,1.0,0.0,0.0,0.0,0.0,0.0,1.0,0.0,0.343867168525733,12.007497657713754,12.048651376814
9786,391.4,0.98,1,0.363,0.326,0.062,-0.352,-0.204,1.43,2.46,1.28,0.05,0.0,0.33,0.0,1.1,0.51,0.67,0.46,1.25,0.18,0.0,0.97,0.05,0.18,1.0,1.0,1.0,0.0,0.0,1.0,0.0,0.0,0.0,1.0,1.0,0.0,0.0,0.0,0.0,0.0,1.0,0.0,0.32464514500252706,12.609916732477,14.699659860010428
9787,391.44,0.98,1,0.282,0.344,0.048,-0.311,-0.191,1.28,2.43,0.95,0.05,0.0,0.47,0.0,0.72,0.44,0.58,0.26,1.38,0.21,0.0,0.68,0.05,0.33,1.0,0.0,1.0,0.0,0.0,1.0,0.0,0.0,0.0,1.0,1.0,0.0,0.0,0.0,0.0,0.0,1.0,0.0,0.2420622861975301,11.600000000000136,16.44506004853739
9788,391.48,0.93,1,0.23,0.373,0.069,-0.259,-0.189,0.84,1.82,0.73,0.0,0.0,0.84,0.0,0.47,0.37,0.62,0.11,1.24,0.39,0.0,0.61,0.17,0.41,1.0,0.0,1.0,0.0,0.0,1.0,0.0,0.0,0.0,1.0,1.0,0.0,0.0,0.0,0.0,0.0,1.0,0.0,0.1990124674720138,11.207140580897336,17.95132307101624
9789,391.52,0.98,1,0.19,0.357,0.1,-0.228,-0.172,0.34,0.86,0.59,0.0,0.0,1.2,0.0,0.29,0.43,0.49,0.02,1.32,0.57,0.0,0.27,0.12,0.23,0.0,0.0,1.0,0.0,0.0,1.0,0.0,0.0,0.0,1.0,1.0,0.0,0.0,0.0,0.0,0.0,1.0,0.0,0.21397742841158757,12.42577965360712,18.11767093199334
9790,391.56,0.98,1,0.187,0.364,0.102,-0.212,-0.159,0.07,0.27,0.43,0.0,0.0,1.44,0.0,0.33,0.57,0.75,0.0,1.35,0.8,0.0,0.26,0.23,0.09,0.0,0.0,0.0,0.0,0.0,1.0,0.0,0.0,0.0,1.0,1.0,0.0,0.0,0.0,0.0,0.0,0.0,0.0,0.2056854148751177,15.133076356114683,19.36104336031516
9791,391.6,0.98,1,0.174,0.34,0.104,-0.206,-0.15,0.0,0.0,0.31,0.0,0.0,1.64,0.0,0.35,0.79,1.13,0.0,1.61,0.91,0.0,0.03,0.17,0.0,0.0,0.0,0.0,0.0,0.0,1.0,0.0,0.0,0.0,1.0,0.0,0.0,0.0,0.0,0.0,0.0,0.0,0.0,0.22702836468971815,14.49999999999987,18.710959355415383
9792,391.64,0.98,1,0.154,0.321,0.096,-0.197,-0.142,0.0,0.0,0.2,0.0,0.0,1.72,0.0,0.37,0.86,1.38,0.0,1.65,0.98,0.0,0.0,0.18,0.0,0.0,0.0,0.0,0.0,0.0,0.0,0.0,0.0,0.0,1.0,0.0,0.0,0.0,0.0,0.0,0.0,0.0,0.0,0.23201548728451477,15.318289721767286,18.121810064118822
9793,391.68,0.98,1,0.142,0.305,0.091,-0.181,-0.14,0.0,0.0,0.13,0.0,0.0,1.86,0.0,0.31,0.86,1.47,0.0,1.62,0.86,0.19,0.0,0.11,0.0,0.0,0.0,0.0,0.0,0.0,0.0,0.0,0.0,0.0,1.0,0.0,0.0,0.0,0.0,0.0,0.0,0.0,0.0,0.24440050835870675,15.318289721767286,18.26499384067786
9794,391.72,0.98,1,0.12,0.313,0.09,-0.161,-0.132,0.0,0.0,0.14,0.0,0.0,2.05,0.0,0.26,0.86,1.41,0.0,1.45,0.83,0.24,0.0,0.19,0.16,0.0,0.0,0.0,0.0,0.0,0.0,0.0,0.0,0.0,1.0,0.0,0.0,0.0,0.0,0.0,0.0,0.0,0.0,0.23747621846102168,15.94772711078294,19.251233726699184
9795,391.76,0.98,1,0.106,0.348,0.097,-0.122,-0.122,0.08,0.06,0.07,0.0,0.0,1.76,0.0,0.12,0.97,1.35,0.02,1.29,0.75,0.26,0.0,0.39,0.88,0.0,0.0,0.0,0.0,0.0,0.0,0.0,0.0,0.0,1.0,0.0,0.0,0.0,0.0,0.0,0.0,0.0,1.0,0.20848740749222722,16.75857989210307,18.53672031401447
9796,391.8,0.98,1,0.034,0.421,0.09,-0.076,-0.1,0.57,0.25,0.07,0.0,0.0,1.49,0.1,0.03,1.04,1.37,0.07,0.99,0.93,0.08,0.0,0.66,1.55,0.0,0.0,0.0,0.0,0.0,0.0,0.0,0.0,0.0,1.0,0.0,0.0,0.0,0.0,0.0,0.0,0.0,1.0,0.19230566373385133,17.71383639983145,16.690416411821335
9797,391.84,0.98,1,-0.053,0.454,0.116,0.021,-0.096,0.94,0.45,0.17,0.0,0.15,1.18,0.25,0.0,1.06,1.27,0.09,0.82,0.89,0.02,0.0,0.86,1.78,1.0,0.0,0.0,0.0,0.0,1.0,0.0,0.0,0.0,1.0,0.0,0.0,0.0,0.0,0.0,1.0,0.0,1.0,0.17340014823667055,19.100000000000136,21.942880394332875
9798,391.88,0.98,1,-0.148,0.413,0.112,0.105,-0.079,1.12,0.4,0.28,0.0,0.41,1.44,0.39,0.0,0.97,1.25,0.07,0.83,0.76,0.0,0.22,1.1,1.1,1.0,0.0,1.0,0.0,1.0,1.0,0.0,0.0,1.0,1.0,0.0,0.0,0.0,0.0,0.0,1.0,0.0,1.0,0.18164521120178623,22.000909072126998,21.500232556881798
9799,391.92,0.98,1,-0.223,0.378,0.12,0.182,-0.058,1.08,0.48,0.34,0.0,0.7,1.7,0.38,0.0,0.88,1.18,0.03,0.85,0.34,0.0,0.68,1.27,0.42,1.0,0.0,1.0,0.0,1.0,1.0,0.0,0.0,1.0,1.0,0.0,0.0,0.0,0.0,1.0,1.0,0.0,0.0,0.1949771486456326,19.121192431435773,22.487774456357343
9800,391.96,0.98,1,-0.294,0.344,0.131,0.256,-0.043,0.99,0.55,0.2,0.0,0.8,1.69,0.24,0.0,0.73,1.28,0.0,0.74,0.13,0.0,1.35,1.22,0.3,1.0,0.0,1.0,0.0,1.0,1.0,0.0,0.0,1.0,1.0,0.0,0.0,0.0,0.0,1.0,1.0,0.0,0.0,0.216987332395081,15.839823231336943,25.849177936638608
9801,392.0,0.98,1,-0.331,0.361,0.127,0.336,0.002,0.95,0.68,0.09,0.0,0.72,1.5,0.1,0.0,0.69,1.49,0.0,0.66,0.0,0.1,1.81,1.0,0.5,1.0,0.0,1.0,0.0,1.0,1.0,0.0,0.0,1.0,1.0,0.0,0.0,0.0,0.0,1.0,1.0,0.0,0.0,0.23152136903166437,16.907099100673836,25.71711492372349
9802,392.04,0.98,1,-0.36,0.334,0.093,0.352,0.048,0.71,0.6,0.02,0.0,0.6,1.06,0.0,0.0,0.68,1.78,0.0,0.78,0.0,0.56,1.95,0.84,0.79,1.0,0.0,1.0,0.0,1.0,1.0,0.0,0.0,1.0,1.0,0.0,0.0,0.0,0.0,1.0,0.0,0.0,0.0,0.23079559994709303,18.725917868024517,27.212497129076514
9803,392.08,0.98,1,-0.398,0.345,0.08,0.322,0.091,0.52,0.45,0.0,0.0,0.5,0.91,0.0,0.03,0.77,2.05,0.0,1.09,0.0,1.14,1.83,0.76,0.75,1.0,0.0,0.0,0.0,1.0,0.0,0.0,0.0,1.0,1.0,0.0,1.0,0.0,0.0,1.0,0.0,0.0,0.0,0.19996766662843252,21.38831456660402,26.923595599399366
9804,392.12,0.98,1,-0.401,0.356,0.083,0.319,0.11,0.45,0.35,0.06,0.0,0.43,0.91,0.0,0.12,0.78,2.13,0.0,1.32,0.0,1.69,1.63,0.87,0.78,1.0,0.0,0.0,0.0,1.0,0.0,0.0,0.0,1.0,1.0,0.0,1.0,0.0,1.0,1.0,0.0,0.0,0.0,0.1921055266704492,22.67178863698217,27.37918917718344
9805,392.16,0.98,1,-0.42,0.34,0.083,0.313,0.116,0.45,0.27,0.06,0.0,0.36,0.84,0.0,0.28,0.81,2.09,0.0,1.41,0.0,1.78,1.66,1.07,0.57,0.0,0.0,0.0,0.0,1.0,0.0,0.0,0.0,1.0,1.0,0.0,1.0,0.0,1.0,1.0,0.0,0.0,0.0,0.18311171743804694,20.750903594783612,28.183860629800222
9806,392.2,0.98,1,-0.412,0.331,0.083,0.33,0.115,0.58,0.27,0.06,0.0,0.29,0.77,0.0,0.38,0.76,2.0,0.0,1.44,0.0,1.76,1.68,1.27,0.5,0.0,0.0,0.0,0.0,1.0,0.0,0.0,0.0,1.0,1.0,0.0,1.0,0.0,1.0,1.0,0.0,0.0,0.0,0.20279658388974314,20.33937068839642,27.870593822163155
9807,392.24,0.98,1,-0.424,0.331,0.08,0.331,0.118,0.68,0.39,0.0,0.0,0.25,0.67,0.0,0.41,0.7,2.04,0.0,1.35,0.0,1.63,1.68,1.3,0.53,0.0,0.0,0.0,0.0,1.0,0.0,0.0,0.0,1.0,1.0,0.0,1.0,0.0,1.0,1.0,0.0,0.0,0.0,0.19475226592724754,20.50097558654226,28.280381892753795
9808,392.28,0.98,1,-0.427,0.324,0.077,0.335,0.119,0.69,0.45,0.0,0.05,0.23,0.66,0.0,0.46,0.63,2.04,0.0,1.33,0.0,1.66,1.54,1.24,0.53,0.0,0.0,0.0,0.0,1.0,0.0,0.0,0.0,1.0,1.0,0.0,0.0,0.0,1.0,1.0,0.0,0.0,0.0,0.2001411210153226,20.38553408669972,28.223571708768446
9809,392.32,0.98,1,-0.432,0.328,0.074,0.33,0.121,0.68,0.49,0.0,0.05,0.23,0.62,0.0,0.45,0.6,2.14,0.0,1.26,0.0,1.69,1.51,1.26,0.53,0.0,0.0,0.0,0.0,1.0,0.0,0.0,0.0,1.0,1.0,0.0,0.0,0.0,1.0,1.0,0.0,0.0,0.0,0.2069189472068384,21.02807646933027,27.73481566551317
9810,392.36,0.98,1,-0.444,0.32,0.075,0.335,0.122,0.6,0.51,0.04,0.05,0.26,0.42,0.0,0.48,0.69,2.21,0.0,1.21,0.0,1.68,1.54,1.32,0.64,0.0,0.0,0.0,0.0,1.0,0.0,0.0,0.0,1.0,1.0,0.0,0.0,0.0,1.0,1.0,0.0,0.0,0.0,0.21465496306838464,21.076052761368736,26.575364531836623
9811,392.4,0.98,1,-0.431,0.328,0.081,0.338,0.115,0.61,0.58,0.04,0.0,0.21,0.47,0.0,0.27,0.76,2.13,0.0,1.02,0.0,1.31,1.66,1.4,1.51,0.0,0.0,0.0,0.0,1.0,0.0,0.0,0.0,1.0,1.0,0.0,0.0,0.0,0.0,1.0,0.0,0.0,0.0,0.2291501959034763,19.886176103011856,27.267746514884657
9812,392.44,0.98,1,-0.371,0.456,0.097,0.338,0.103,0.45,0.51,0.04,0.0,0.14,0.3,0.0,0.15,0.86,1.95,0.0,0.8,0.0,0.84,1.81,1.59,2.55,0.0,0.0,0.0,0.0,1.0,0.0,0.0,0.0,1.0,1.0,0.0,0.0,0.0,0.0,1.0,1.0,0.0,1.0,0.18781712268590445,20.518284528683015,19.958206332233306
9813,392.48,0.93,1,-0.298,0.499,0.117,0.303,0.091,0.27,0.35,0.09,0.0,0.02,0.37,0.0,0.0,0.82,1.65,0.0,0.72,0.12,0.58,1.85,1.84,3.15,0.0,0.0,0.0,0.0,0.0,0.0,0.0,0.0,1.0,1.0,0.0,0.0,1.0,0.0,1.0,1.0,0.0,1.0,0.16202607709827554,19.91230775173992,17.40402252354318
9814,392.52,0.93,1,-0.21,0.5,0.132,0.22,0.079,0.07,0.09,0.22,0.0,0.0,0.9,0.0,0.0,0.75,1.44,0.0,0.84,0.29,0.54,1.58,2.1,3.0,0.0,0.0,0.0,0.0,0.0,0.0,0.0,0.0,1.0,1.0,0.0,1.0,1.0,0.0,1.0,1.0,0.0,1.0,0.16334964323436252,20.14348529922267,17.523127574722498
9815,392.56,0.98,1,-0.149,0.447,0.132,0.152,0.045,0.0,0.0,0.3,0.0,0.0,1.71,0.0,0.0,0.73,1.07,0.0,0.93,0.43,0.63,1.14,2.08,2.04,0.0,0.0,0.0,0.0,0.0,0.0,0.0,0.0,0.0,1.0,0.0,1.0,1.0,0.0,1.0,1.0,0.0,1.0,0.16783606189503053,21.783020910792008,18.91295852054891
9816,392.6,0.98,1,-0.095,0.404,0.155,0.087,0.022,0.0,0.0,0.21,0.0,0.0,2.31,0.0,0.0,0.76,0.76,0.0,1.01,0.5,0.75,0.7,2.09,1.06,0.0,0.0,0.0,0.0,0.0,0.0,0.0,0.0,0.0,1.0,0.0,1.0,1.0,0.0,1.0,1.0,0.0,1.0,0.17141625199665492,21.500930212434994,19.01289036417136
9817,392.64,0.98,1,-0.058,0.365,0.148,0.025,0.024,0.0,0.0,0.08,0.0,0.0,2.23,0.0,0.0,0.82,0.58,0.0,1.05,0.43,0.89,0.41,1.9,0.24,0.0,0.0,0.0,0.0,0.0,0.0,0.0,0.0,0.0,1.0,0.0,1.0,1.0,0.0,1.0,1.0,0.0,1.0,0.19181906071380267,20.5,18.322117781522916
9818,392.68,0.93,1,-0.036,0.338,0.13,-0.006,0.027,0.0,0.0,0.0,0.0,0.0,2.03,0.0,0.02,0.87,0.72,0.0,1.07,0.5,1.01,0.19,1.83,0.0,0.0,0.0,0.0,0.0,0.0,1.0,0.0,0.0,0.0,1.0,0.0,1.0,1.0,0.0,1.0,1.0,0.0,1.0,0.22565612917250327,20.611889772652976,20.315757431117312
9819,392.72,0.93,1,-0.021,0.332,0.126,-0.033,0.02,0.0,0.0,0.0,0.0,0.05,2.01,0.0,0.09,1.03,0.92,0.01,0.85,0.59,0.91,0.14,1.58,0.0,0.0,0.0,0.0,0.0,0.0,1.0,0.0,0.0,1.0,1.0,0.0,1.0,1.0,0.0,1.0,1.0,0.0,0.0,0.23468617337300424,21.723029254687113,21.503720608304043
9820,392.76,0.98,1,0.002,0.33,0.125,-0.033,-0.023,0.0,0.0,0.0,0.0,0.07,1.93,0.0,0.23,1.21,1.05,0.02,0.57,0.72,0.84,0.14,1.28,0.0,0.0,0.0,0.0,0.0,0.0,1.0,0.0,0.0,1.0,1.0,0.0,0.0,0.0,0.0,1.0,1.0,0.0,0.0,0.22436590027179046,22.4376915033609,23.203448019637126
9821,392.8,0.98,1,0.002,0.319,0.112,-0.038,-0.039,0.0,0.0,0.0,0.0,0.09,2.04,0.0,0.3,1.31,1.06,0.05,0.46,0.58,0.7,0.16,1.01,0.0,0.0,0.0,0.0,0.0,0.0,1.0,0.0,0.0,1.0,1.0,0.0,0.0,0.0,0.0,1.0,1.0,0.0,0.0,0.2184938671011883,22.073513539987236,23.90083680543433
9822,392.84,0.98,1,0.004,0.304,0.115,-0.036,-0.045,0.0,0.0,0.0,0.0,0.04,2.04,0.0,0.34,1.23,0.93,0.2,0.46,0.4,0.56,0.19,0.84,0.0,0.0,0.0,0.0,0.0,0.0,1.0,0.0,0.0,1.0,1.0,0.0,0.0,0.0,0.0,1.0,1.0,0.0,0.0,0.23500600435643704,21.160340261914495,22.50799857828323
9823,392.88,0.98,1,0.015,0.287,0.115,-0.04,-0.048,0.0,0.0,0.0,0.0,0.06,2.26,0.0,0.32,1.16,0.9,0.35,0.48,0.23,0.4,0.26,0.72,0.0,0.0,0.0,0.0,0.0,0.0,1.0,0.0,0.0,1.0,1.0,0.0,0.0,0.0,0.0,1.0,1.0,0.0,0.0,0.26156537988160344,19.325630649476913,22.510886255321
9824,392.92,0.98,1,0.027,0.286,0.107,-0.037,-0.05,0.0,0.0,0.0,0.0,0.04,2.24,0.0,0.33,1.1,1.08,0.45,0.49,0.26,0.3,0.34,0.58,0.0,0.0,0.0,0.0,0.0,0.0,1.0,0.0,0.0,1.0,1.0,0.0,0.0,0.0,0.0,1.0,1.0,0.0,0.0,0.22527751784305955,17.8404035828789,23.605296015936673
9825,392.96,0.98,1,0.031,0.272,0.104,-0.044,-0.052,0.0,0.0,0.0,0.08,0.05,2.09,0.0,0.42,1.11,1.31,0.33,0.58,0.34,0.38,0.43,0.69,0.0,0.0,0.0,0.0,0.0,0.0,1.0,0.0,0.0,1.0,1.0,0.0,0.0,0.0,0.0,1.0,0.0,0.0,0.0,0.28648203061882344,19.11570035337444,23.61355542903284
9826,393.0,0.98,1,0.014,0.284,0.102,-0.038,-0.052,0.0,0.07,0.0,0.08,0.01,1.95,0.0,0.39,1.12,1.44,0.31,0.68,0.44,0.38,0.5,0.91,0.0,0.0,0.0,0.0,0.0,0.0,1.0,0.0,0.0,1.0,1.0,0.0,1.0,0.0,0.0,1.0,0.0,0.0,0.0,0.23942236331331243,17.971366113904732,23.803361107204964
9827,393.04,0.98,1,0.01,0.256,0.093,-0.043,-0.051,0.0,0.07,0.0,0.08,0.02,1.74,0.0,0.46,1.14,1.53,0.26,0.76,0.52,0.4,0.47,1.06,0.0,0.0,0.0,0.0,0.0,0.0,1.0,0.0,0.0,1.0,1.0,0.0,1.0,0.0,0.0,1.0,0.0,0.0,0.0,0.29475135821124976,19.25019480420903,23.80525152146051
9828,393.08,0.98,1,0.017,0.283,0.1,-0.039,-0.055,0.0,0.07,0.0,0.04,0.02,1.94,0.0,0.4,1.2,1.55,0.29,0.73,0.51,0.26,0.42,0.98,0.0,0.0,0.0,0.0,0.0,0.0,1.0,0.0,0.0,1.0,1.0,0.0,1.0,0.0,0.0,1.0,0.0,0.0,0.0,0.23468070406215363,17.95466513193702,23.801890681204252
9829,393.12,0.98,1,0.004,0.245,0.088,-0.038,-0.054,0.0,0.0,0.0,0.16,0.04,1.79,0.0,0.42,1.19,1.53,0.23,0.64,0.44,0.29,0.36,0.83,0.0,0.0,0.0,0.0,0.0,0.0,0.0,0.0,0.0,1.0,1.0,0.0,1.0,0.0,0.0,0.0,0.0,0.0,0.0,0.2952304778870769,19.349418595916337,23.207757323791586
9830,393.16,0.98,1,0.007,0.283,0.089,-0.033,-0.056,0.0,0.0,0.0,0.16,0.03,1.88,0.0,0.41,1.18,1.47,0.31,0.62,0.43,0.38,0.43,0.84,0.0,0.0,0.0,0.0,0.0,0.0,0.0,0.0,0.0,1.0,1.0,0.0,1.0,0.0,0.0,0.0,0.0,0.0,0.0,0.25049264537218,19.461243536834903,23.20775732379136
9831,393.2,0.98,1,0.008,0.281,0.08,-0.04,-0.057,0.0,0.0,0.0,0.16,0.03,1.68,0.0,0.31,1.09,1.48,0.42,0.71,0.42,0.54,0.31,0.67,0.0,0.0,0.0,0.0,0.0,0.0,0.0,0.0,0.0,1.0,1.0,0.0,1.0,0.0,0.0,0.0,0.0,0.0,0.0,0.24790020090633402,19.349418595916337,23.30536418938777
9832,393.24,0.98,1,0.001,0.278,0.084,-0.039,-0.062,0.0,0.0,0.0,0.04,0.04,1.81,0.0,0.3,1.07,1.51,0.61,0.85,0.5,0.61,0.2,0.46,0.0,0.0,0.0,0.0,0.0,0.0,0.0,0.0,0.0,1.0,1.0,0.0,1.0,0.0,0.0,0.0,0.0,0.0,0.0,0.2677880974945195,20.294087809014627,23.50765832659646
9833,393.28,0.98,1,0.005,0.287,0.081,-0.036,-0.064,0.0,0.0,0.0,0.04,0.03,1.84,0.0,0.26,1.03,1.4,0.66,0.83,0.4,0.58,0.02,0.16,0.0,0.0,0.0,0.0,0.0,0.0,0.0,0.0,0.0,1.0,1.0,0.0,1.0,0.0,0.0,0.0,0.0,0.0,0.0,0.23959682319585804,18.497837711473284,23.407691043757254
9834,393.32,0.98,1,0.006,0.281,0.081,-0.036,-0.066,0.01,0.0,0.0,0.0,0.06,1.87,0.0,0.3,1.04,1.3,0.65,0.61,0.39,0.5,0.02,0.04,0.0,0.0,0.0,0.0,0.0,0.0,0.0,0.0,0.0,1.0,1.0,0.0,1.0,0.0,0.0,0.0,0.0,0.0,0.0,0.25940285755171566,18.729655629508965,23.51042322035058
9835,393.36,0.98,1,-0.024,0.29,0.071,-0.025,-0.067,0.11,0.0,0.0,0.0,0.03,1.74,0.0,0.29,1.0,1.14,0.57,0.46,0.22,0.31,0.0,0.0,0.53,0.0,0.0,0.0,0.0,0.0,0.0,0.0,0.0,1.0,1.0,0.0,1.0,0.0,0.0,0.0,0.0,0.0,0.0,0.24585828374563562,21.82154898259957,22.40200883849491
9836,393.4,0.98,1,0.032,0.402,0.065,-0.027,-0.066,0.42,0.15,0.0,0.0,0.03,1.28,0.0,0.27,0.99,1.12,0.57,0.38,0.23,0.14,0.1,0.0,1.35,0.0,1.0,0.0,0.0,0.0,1.0,0.0,0.0,1.0,1.0,0.0,1.0,0.0,0.0,0.0,0.0,0.0,1.0,0.19341783301472204,15.901257811883802,20.408331631958497
9837,393.44,0.98,1,0.015,0.434,0.067,-0.03,-0.065,0.59,0.16,0.0,0.0,0.0,0.93,0.0,0.29,0.92,1.08,0.65,0.35,0.09,0.0,0.13,0.0,1.95,0.0,1.0,0.0,0.0,0.0,1.0,0.0,0.0,1.0,1.0,0.0,1.0,0.0,0.0,0.0,0.0,0.0,1.0,0.17630059858035038,18.408965207202666,20.69685966517617
9838,393.48,0.98,1,0.027,0.413,0.05,-0.02,-0.064,0.67,0.16,0.0,0.0,0.0,1.03,0.0,0.18,0.86,0.91,0.67,0.31,0.09,0.01,0.13,0.0,1.9,1.0,1.0,0.0,0.0,0.0,1.0,0.0,0.0,1.0,1.0,0.0,1.0,0.0,0.0,0.0,0.0,0.0,1.0,0.17706250699376316,16.714664220378506,22.69735667429153
9839,393.52,0.98,1,-0.001,0.354,0.044,-0.021,-0.06,0.47,0.01,0.0,0.0,0.0,1.66,0.0,0.09,0.77,0.79,0.61,0.33,0.0,0.07,0.04,0.0,1.34,1.0,1.0,0.0,0.0,0.0,1.0,0.0,0.0,1.0,1.0,0.0,1.0,0.0,0.0,0.0,0.0,0.0,1.0,0.19072152108592091,17.50114281982751,20.418863827353544
9840,393.56,0.98,1,0.015,0.305,0.05,-0.01,-0.063,0.5,0.12,0.0,0.0,0.0,2.03,0.0,0.08,0.74,0.73,0.5,0.46,0.0,0.07,0.0,0.0,0.99,1.0,1.0,0.0,0.0,0.0,1.0,0.0,0.0,1.0,1.0,0.0,1.0,0.0,0.0,0.0,0.0,0.0,1.0,0.19269315202785214,17.510282693320516,19.84565443617299
9841,393.6,0.98,1,0.023,0.324,0.055,-0.015,-0.064,0.38,0.12,0.0,0.0,0.0,1.97,0.0,0.17,0.72,0.76,0.43,0.55,0.0,0.07,0.0,0.0,0.67,0.0,1.0,0.0,0.0,0.0,1.0,0.0,0.0,1.0,1.0,0.0,0.0,0.0,0.0,0.0,0.0,0.0,0.0,0.18038544824078848,17.81375872745554,18.686893802876842
9842,393.64,0.98,1,0.015,0.309,0.056,-0.017,-0.066,0.26,0.12,0.0,0.0,0.0,1.84,0.0,0.28,0.71,0.64,0.42,0.51,0.0,0.0,0.0,0.0,0.51,0.0,1.0,0.0,0.0,0.0,1.0,0.0,0.0,1.0,1.0,0.0,1.0,0.0,0.0,0.0,0.0,0.0,0.0,0.2003120336802432,18.901058171435892,18.569060288555264
9843,393.68,0.98,1,0.0,0.309,0.048,-0.015,-0.063,0.11,0.0,0.0,0.0,0.0,1.87,0.0,0.26,0.73,0.45,0.29,0.41,0.0,0.04,0.0,0.0,0.48,0.0,1.0,0.0,0.0,0.0,1.0,0.0,0.0,1.0,1.0,0.0,1.0,0.0,0.0,0.0,0.0,0.0,0.0,0.19460606620882853,19.200260414900445,18.64537476158623
9844,393.72,0.98,1,0.009,0.303,0.047,-0.017,-0.064,0.07,0.0,0.0,0.0,0.0,2.12,0.0,0.17,0.76,0.38,0.24,0.34,0.0,0.06,0.0,0.0,0.38,0.0,1.0,0.0,0.0,0.0,1.0,0.0,0.0,1.0,1.0,0.0,1.0,0.0,0.0,0.0,0.0,0.0,0.0,0.2011398504013785,19.70025380547169,18.938056922503822
9845,393.76,0.98,1,-0.004,0.281,0.043,-0.01,-0.064,0.16,0.0,0.0,0.0,0.0,2.19,0.0,0.07,0.81,0.49,0.21,0.41,0.0,0.06,0.0,0.0,0.34,0.0,1.0,0.0,0.0,0.0,1.0,0.0,0.0,1.0,1.0,0.0,1.0,0.0,0.0,0.0,0.0,0.0,0.0,0.22285159815748068,19.20234360696636,18.91295852054868
9846,393.8,0.98,1,-0.014,0.307,0.056,-0.018,-0.065,0.18,0.0,0.0,0.0,0.0,2.15,0.0,0.02,0.81,0.51,0.21,0.57,0.0,0.03,0.0,0.0,0.21,0.0,1.0,0.0,0.0,0.0,1.0,0.0,0.0,1.0,1.0,0.0,1.0,0.0,0.0,0.0,0.0,0.0,0.0,0.22831942946309905,19.100261778310927,19.804039991880398
9847,393.84,0.98,1,-0.013,0.302,0.046,-0.021,-0.06,0.19,0.0,0.0,0.0,0.0,2.1,0.0,0.15,0.83,0.57,0.23,0.62,0.0,0.02,0.0,0.0,0.15,0.0,1.0,0.0,0.0,0.0,1.0,0.0,0.0,1.0,1.0,0.0,1.0,0.0,0.0,0.0,0.0,0.0,0.0,0.225291758353543,19.0,19.209372712298592
9848,393.88,0.98,1,-0.015,0.304,0.046,-0.015,-0.061,0.21,0.0,0.0,0.03,0.0,2.02,0.0,0.15,0.81,0.4,0.14,0.64,0.0,0.06,0.0,0.0,0.09,0.0,1.0,0.0,0.0,0.0,1.0,0.0,0.0,1.0,1.0,0.0,1.0,0.0,0.0,0.0,0.0,0.0,0.0,0.23864033624071312,18.702406262296883,19.50922858546693
9849,393.92,0.98,1,-0.011,0.288,0.043,-0.02,-0.058,0.15,0.0,0.0,0.03,0.0,2.11,0.0,0.12,0.77,0.44,0.15,0.55,0.0,0.08,0.0,0.0,0.0,0.0,1.0,0.0,0.0,0.0,1.0,0.0,0.0,1.0,1.0,0.0,1.0,0.0,0.0,0.0,0.0,0.0,0.0,0.2414044605886467,19.401030900444532,19.804039991880398
9850,393.96,0.98,1,-0.012,0.273,0.041,-0.011,-0.06,0.16,0.03,0.0,0.03,0.0,1.86,0.0,0.06,0.75,0.5,0.17,0.55,0.0,0.08,0.04,0.0,0.0,0.0,1.0,0.0,0.0,0.0,1.0,0.0,0.0,1.0,1.0,0.0,1.0,0.0,0.0,0.0,0.0,0.0,0.0,0.24138569621871286,19.40000000000009,19.804039991880398
9851,394.0,0.98,1,-0.008,0.294,0.05,-0.018,-0.062,0.04,0.03,0.0,0.0,0.0,1.85,0.0,0.07,0.72,0.62,0.28,0.49,0.0,0.03,0.04,0.0,0.0,0.0,0.0,0.0,0.0,0.0,1.0,0.0,0.0,1.0,1.0,0.0,1.0,0.0,0.0,0.0,0.0,0.0,0.0,0.23674229573674166,19.90226117806727,19.300259065618736
9852,394.04,0.98,1,-0.003,0.293,0.057,-0.017,-0.065,0.06,0.03,0.0,0.0,0.0,1.63,0.0,0.07,0.71,0.66,0.36,0.49,0.0,0.0,0.04,0.0,0.0,0.0,0.0,0.0,0.0,0.0,1.0,0.0,0.0,1.0,1.0,0.0,1.0,0.0,0.0,0.0,0.0,0.0,0.0,0.24105695729860635,19.60408120774846,19.20104163841123
9853,394.08,0.98,1,-0.002,0.292,0.052,-0.015,-0.064,0.11,0.0,0.0,0.0,0.0,1.71,0.0,0.01,0.67,0.55,0.39,0.47,0.0,0.0,0.0,0.0,0.0,0.0,0.0,0.0,0.0,0.0,0.0,0.0,0.0,1.0,1.0,0.0,1.0,0.0,0.0,0.0,0.0,0.0,0.0,0.23668880455885374,20.10223868130128,19.401030900444304
9854,394.12,0.98,1,-0.007,0.286,0.051,-0.017,-0.062,0.14,0.0,0.0,0.0,0.0,1.67,0.0,0.0,0.65,0.41,0.37,0.48,0.0,0.07,0.0,0.03,0.11,0.0,0.0,0.0,0.0,0.0,0.0,0.0,0.0,1.0,1.0,0.0,1.0,0.0,0.0,0.0,0.0,0.0,0.0,0.23726162836228987,20.20222759994555,19.701015202268174
9855,394.16,0.98,1,-0.018,0.319,0.041,-0.012,-0.062,0.21,0.09,0.0,0.0,0.0,1.72,0.0,0.0,0.67,0.38,0.36,0.47,0.0,0.1,0.02,0.06,0.35,0.0,0.0,0.0,0.0,0.0,0.0,0.0,0.0,1.0,1.0,0.0,1.0,0.0,0.0,0.0,0.0,0.0,0.0,0.20515026530908076,20.800961516237614,19.9203413625368
9856,394.2,0.98,1,-0.027,0.33,0.046,-0.012,-0.065,0.22,0.09,0.0,0.0,0.0,1.69,0.0,0.0,0.71,0.4,0.31,0.51,0.0,0.11,0.04,0.1,0.57,0.0,0.0,0.0,0.0,0.0,0.0,0.0,0.0,1.0,1.0,0.0,0.0,0.0,0.0,0.0,0.0,0.0,0.0,0.19700500461844062,19.402319448972968,18.445866745696804
9857,394.24,0.98,1,-0.03,0.331,0.042,-0.011,-0.064,0.29,0.11,0.0,0.0,0.0,1.6,0.0,0.0,0.72,0.49,0.26,0.47,0.0,0.05,0.07,0.07,0.68,0.0,1.0,0.0,0.0,0.0,0.0,0.0,0.0,1.0,1.0,0.0,0.0,0.0,0.0,0.0,0.0,0.0,0.0,0.21019075763474943,18.4024454896626,18.62176146340611
9858,394.28,0.98,1,-0.021,0.331,0.047,-0.012,-0.066,0.25,0.02,0.0,0.0,0.0,1.65,0.0,0.0,0.69,0.49,0.25,0.43,0.0,0.02,0.05,0.05,0.72,0.0,1.0,0.0,0.0,0.0,0.0,0.0,0.0,1.0,1.0,0.0,0.0,0.0,0.0,0.0,0.0,0.0,1.0,0.19734103781545642,19.601020381602495,18.738463117342402
9859,394.32,0.98,1,-0.039,0.333,0.043,-0.007,-0.067,0.3,0.06,0.0,0.0,0.0,1.72,0.0,0.0,0.67,0.53,0.18,0.46,0.0,0.01,0.06,0.0,0.79,0.0,1.0,0.0,0.0,0.0,0.0,0.0,0.0,1.0,1.0,0.0,0.0,0.0,0.0,0.0,0.0,0.0,1.0,0.20766056155629656,18.600268815261693,18.52187895436098
9860,394.36,0.98,1,-0.035,0.331,0.048,-0.01,-0.067,0.37,0.23,0.0,0.0,0.0,1.49,0.0,0.0,0.71,0.58,0.19,0.5,0.06,0.0,0.04,0.0,1.12,0.0,1.0,0.0,0.0,0.0,0.0,0.0,0.0,1.0,1.0,0.0,0.0,0.0,0.0,0.0,0.0,0.0,1.0,0.19861356640119426,19.100261778310927,18.432851108822074
9861,394.4,0.98,1,-0.021,0.338,0.049,-0.016,-0.066,0.62,0.22,0.0,0.0,0.0,0.93,0.0,0.05,0.84,0.71,0.29,0.53,0.06,0.0,0.04,0.0,1.59,1.0,1.0,0.0,0.0,0.0,0.0,0.0,0.0,1.0,1.0,0.0,0.0,0.0,0.0,0.0,0.0,0.0,1.0,0.22225497125397933,19.10104709171716,18.497837711473284
9862,394.44,0.98,1,0.006,0.421,0.051,-0.027,-0.059,0.74,0.18,0.0,0.0,0.0,0.52,0.0,0.13,0.92,0.77,0.33,0.42,0.06,0.0,0.03,0.0,2.01,1.0,1.0,0.0,0.0,0.0,0.0,0.0,0.0,1.0,1.0,0.0,0.0,0.0,0.0,0.0,0.0,0.0,1.0,0.17584998879926278,16.41036257978494,20.45336158190135
9863,394.48,0.98,1,0.007,0.411,0.046,-0.019,-0.063,0.78,0.06,0.0,0.0,0.0,0.51,0.0,0.13,0.88,0.76,0.27,0.39,0.0,0.0,0.08,0.0,2.06,1.0,1.0,0.0,0.0,0.0,0.0,0.0,0.0,1.0,1.0,0.0,0.0,0.0,0.0,0.0,0.0,0.0,1.0,0.1736431930749206,16.079800993793427,20.938003725283806
9864,394.52,0.98,1,-0.012,0.364,0.035,-0.014,-0.059,0.64,0.17,0.0,0.0,0.0,0.95,0.0,0.08,0.77,0.6,0.1,0.37,0.0,0.0,0.14,0.04,1.73,1.0,1.0,0.0,0.0,0.0,0.0,0.0,0.0,1.0,1.0,0.0,0.0,0.0,0.0,0.0,0.0,0.0,1.0,0.17835670076552967,18.632498490540797,20.18960128382939
9865,394.56,0.98,1,0.0,0.32,0.053,-0.009,-0.065,0.51,0.21,0.0,0.0,0.0,1.49,0.0,0.04,0.7,0.51,0.05,0.44,0.0,0.0,0.13,0.11,1.3,0.0,1.0,0.0,0.0,0.0,1.0,0.0,0.0,1.0,1.0,0.0,0.0,0.0,0.0,0.0,0.0,0.0,1.0,0.1994278450817834,16.300306745579928,18.543192821086762
9866,394.6,0.98,1,0.002,0.333,0.058,-0.01,-0.052,0.3,0.15,0.0,0.0,0.0,1.82,0.0,0.04,0.7,0.48,0.05,0.45,0.0,0.0,0.11,0.21,0.73,0.0,1.0,0.0,0.0,0.0,1.0,0.0,0.0,1.0,1.0,0.0,0.0,0.0,0.0,0.0,0.0,0.0,1.0,0.18790106911481302,16.30766690854354,17.980545041794564
9867,394.64,0.98,1,0.02,0.298,0.064,-0.003,-0.049,0.11,0.04,0.0,0.0,0.0,2.07,0.0,0.04,0.72,0.43,0.03,0.42,0.0,0.02,0.06,0.26,0.32,0.0,0.0,0.0,0.0,0.0,1.0,0.0,0.0,1.0,1.0,0.0,0.0,0.0,0.0,0.0,0.0,0.0,0.0,0.20315316518125043,20.0,19.166898549321864
9868,394.68,0.98,1,-0.009,0.304,0.063,-0.02,-0.038,0.04,0.0,0.0,0.0,0.0,2.06,0.0,0.0,0.72,0.31,0.0,0.37,0.0,0.02,0.12,0.38,0.04,0.0,0.0,0.0,0.0,0.0,1.0,0.0,0.0,1.0,1.0,0.0,0.0,0.0,0.0,0.0,0.0,0.0,0.0,0.21729787128416056,20.302216627747775,19.112822920751306
9869,394.72,0.98,1,-0.009,0.299,0.067,0.003,-0.044,0.04,0.0,0.0,0.0,0.0,2.11,0.0,0.01,0.73,0.21,0.0,0.38,0.0,0.08,0.09,0.51,0.0,0.0,0.0,0.0,0.0,0.0,1.0,0.0,0.0,1.0,1.0,0.0,0.0,0.0,0.0,0.0,0.0,0.0,0.0,0.21384963145883362,20.500975586542218,19.9203413625368
9870,394.76,0.98,1,-0.001,0.287,0.059,-0.016,-0.037,0.04,0.0,0.0,0.0,0.0,2.08,0.0,0.01,0.71,0.11,0.0,0.33,0.0,0.07,0.27,0.71,0.0,0.0,0.0,0.0,0.0,0.0,1.0,0.0,0.0,1.0,1.0,0.0,0.0,0.0,0.0,0.0,0.0,0.0,0.0,0.2206247505904199,21.80022935659182,19.716236963477407
9871,394.8,0.98,1,-0.006,0.312,0.065,-0.002,-0.046,0.0,0.0,0.0,0.0,0.0,2.09,0.0,0.01,0.7,0.06,0.06,0.33,0.0,0.11,0.31,0.77,0.0,0.0,0.0,0.0,0.0,0.0,1.0,0.0,0.0,1.0,1.0,0.0,0.0,0.0,0.0,0.0,0.0,0.0,0.0,0.2093194527246668,20.30615670184802,20.424495097798488
9872,394.84,0.98,1,-0.015,0.282,0.056,-0.017,-0.04,0.0,0.0,0.0,0.0,0.0,2.0,0.0,0.0,0.75,0.1,0.06,0.27,0.0,0.05,0.44,0.82,0.0,0.0,0.0,0.0,0.0,0.0,1.0,0.0,0.0,1.0,1.0,0.0,0.0,0.0,0.0,0.0,0.0,0.0,0.0,0.23087947204782838,21.00380917833715,20.70386437358982
9873,394.88,0.98,1,-0.006,0.312,0.066,-0.007,-0.052,0.01,0.0,0.0,0.0,0.0,1.79,0.0,0.0,0.77,0.14,0.06,0.37,0.0,0.05,0.37,0.84,0.0,0.0,0.0,0.0,0.0,0.0,1.0,0.0,0.0,1.0,1.0,0.0,0.0,0.0,0.0,0.0,0.0,0.0,0.0,0.21941195371785485,21.123683390924175,20.724140512938092
9874,394.92,0.98,1,-0.018,0.294,0.063,-0.013,-0.032,0.06,0.0,0.0,0.03,0.0,1.78,0.0,0.0,0.78,0.2,0.0,0.38,0.0,0.0,0.45,0.89,0.0,0.0,0.0,0.0,0.0,0.0,1.0,0.0,0.0,1.0,1.0,0.0,0.0,0.0,0.0,0.0,0.0,0.0,0.0,0.21789108806097246,21.315018179678095,21.72302925468734
9875,394.96,0.98,1,-0.009,0.299,0.067,-0.004,-0.048,0.06,0.0,0.0,0.03,0.0,1.71,0.0,0.08,0.7,0.23,0.0,0.59,0.0,0.1,0.39,1.1,0.0,0.0,0.0,0.0,0.0,0.0,1.0,0.0,0.0,1.0,1.0,0.0,0.0,0.0,0.0,0.0,0.0,0.0,0.0,0.21933107986814876,21.93855054464616,22.114474897677223
9876,395.0,0.98,1,-0.013,0.315,0.063,-0.02,-0.038,0.12,0.0,0.0,0.03,0.0,1.96,0.0,0.13,0.7,0.27,0.14,0.51,0.08,0.1,0.42,1.15,0.11,0.0,0.0,0.0,0.0,0.0,1.0,0.0,0.0,1.0,1.0,0.0,0.0,0.0,0.0,0.0,0.0,0.0,0.0,0.20137843078962597,21.108529081866546,20.908610666421712
9877,395.04,0.98,1,0.039,0.344,0.053,-0.013,-0.052,0.22,0.07,0.0,0.0,0.0,1.97,0.0,0.14,0.7,0.28,0.21,0.47,0.08,0.1,0.42,1.2,0.32,0.0,0.0,0.0,0.0,0.0,1.0,0.0,0.0,1.0,1.0,0.0,0.0,0.0,0.0,0.0,0.0,0.0,0.0,0.20155073839754983,18.11353085403276,20.761743664730872
9878,395.08,0.98,1,0.038,0.358,0.056,-0.011,-0.049,0.31,0.07,0.0,0.0,0.0,2.04,0.0,0.09,0.73,0.38,0.24,0.25,0.08,0.0,0.56,0.97,0.62,0.0,0.0,0.0,0.0,0.0,1.0,0.0,0.0,1.0,1.0,0.0,0.0,0.0,0.0,0.0,0.0,0.0,1.0,0.1991828051149137,16.707483353276206,21.303755537463378
9879,395.12,0.98,1,0.051,0.345,0.052,-0.013,-0.063,0.36,0.13,0.0,0.0,0.0,1.91,0.0,0.08,0.71,0.4,0.18,0.2,0.0,0.0,0.63,0.99,0.77,0.0,0.0,0.0,0.0,0.0,1.0,0.0,0.0,1.0,1.0,0.0,0.0,0.0,0.0,0.0,0.0,0.0,1.0,0.20157322399247887,16.704789732289402,21.502790516581662
9880,395.16,0.98,1,0.046,0.353,0.056,-0.013,-0.054,0.39,0.11,0.0,0.0,0.0,1.78,0.0,0.12,0.67,0.52,0.11,0.21,0.0,0.0,0.65,0.99,0.82,0.0,1.0,0.0,0.0,0.0,1.0,0.0,0.0,1.0,1.0,0.0,0.0,0.0,0.0,0.0,0.0,0.0,1.0,0.20106075135024543,16.901183390520412,21.284971223847176
9881,395.2,0.98,1,0.056,0.346,0.052,-0.015,-0.059,0.54,0.26,0.0,0.0,0.0,1.92,0.0,0.1,0.69,0.4,0.08,0.22,0.0,0.0,0.62,1.03,0.76,0.0,1.0,0.0,0.0,0.0,1.0,0.0,0.0,1.0,1.0,0.0,0.0,0.0,0.0,0.0,0.0,0.0,1.0,0.20074963098662796,17.30115603073986,21.30375553746339
9882,395.24,0.98,1,0.045,0.364,0.062,-0.011,-0.05,0.64,0.27,0.0,0.0,0.0,2.03,0.0,0.07,0.66,0.46,0.0,0.27,0.0,0.0,0.58,0.93,0.67,0.0,1.0,0.0,0.0,0.0,1.0,0.0,0.0,1.0,1.0,0.0,0.0,0.0,0.0,0.0,0.0,0.0,1.0,0.20040218240072,16.51484180971771,20.12063617284504
9883,395.28,0.98,1,0.075,0.321,0.055,-0.011,-0.058,0.65,0.35,0.0,0.0,0.0,2.01,0.0,0.02,0.69,0.49,0.0,0.18,0.0,0.0,0.56,0.84,0.51,1.0,1.0,0.0,0.0,0.0,1.0,0.0,0.0,1.0,1.0,0.0,0.0,0.0,0.0,0.0,0.0,0.0,1.0,0.21146960920087665,17.900279327429594,20.995475703112668
9884,395.32,0.98,1,0.074,0.327,0.06,-0.01,-0.063,0.58,0.26,0.0,0.0,0.0,1.79,0.0,0.04,0.67,0.56,0.0,0.11,0.0,0.0,0.49,0.79,0.42,1.0,1.0,0.0,0.0,0.0,1.0,0.0,0.0,1.0,1.0,0.0,0.0,0.0,0.0,0.0,0.0,0.0,0.0,0.2115459415280218,18.30682932678399,20.28003944769343
9885,395.36,0.98,1,0.065,0.327,0.058,-0.011,-0.059,0.54,0.23,0.0,0.0,0.0,1.6,0.0,0.08,0.7,0.59,0.0,0.02,0.0,0.0,0.48,0.72,0.41,1.0,1.0,0.0,0.0,0.0,1.0,0.0,0.0,1.0,1.0,0.0,0.0,0.0,0.0,0.0,0.0,0.0,0.0,0.20931349201787328,18.702406262296883,20.877739341221748
9886,395.4,0.98,1,0.069,0.334,0.058,-0.013,-0.06,0.47,0.1,0.0,0.0,0.0,1.5,0.0,0.15,0.69,0.54,0.0,0.02,0.0,0.0,0.43,0.63,0.46,1.0,1.0,0.0,0.0,0.0,0.0,0.0,0.0,1.0,1.0,0.0,0.0,0.0,0.0,0.0,0.0,0.0,0.0,0.20843344644040568,18.80026595556581,20.607280266934794
9887,395.44,0.98,1,0.07,0.333,0.057,-0.012,-0.061,0.45,0.03,0.0,0.0,0.0,1.65,0.0,0.19,0.7,0.47,0.04,0.01,0.0,0.0,0.46,0.64,0.46,1.0,1.0,0.0,0.0,0.0,0.0,0.0,0.0,1.0,1.0,0.0,0.0,0.0,0.0,0.0,0.0,0.0,0.0,0.21159491711519335,18.40000000000009,20.607280266934794
9888,395.48,0.98,1,0.067,0.33,0.054,-0.012,-0.058,0.38,0.04,0.0,0.0,0.0,1.61,0.0,0.14,0.71,0.38,0.04,0.07,0.0,0.0,0.54,0.75,0.51,1.0,0.0,0.0,0.0,0.0,0.0,0.0,0.0,1.0,1.0,0.0,0.0,0.0,0.0,0.0,0.0,0.0,0.0,0.21341045602163958,18.899999999999864,20.886598574205376
9889,395.52,0.98,1,0.044,0.34,0.06,-0.014,-0.048,0.44,0.19,0.0,0.0,0.0,1.72,0.0,0.14,0.69,0.35,0.07,0.07,0.0,0.0,0.54,0.9,0.46,1.0,1.0,0.0,0.0,0.0,1.0,0.0,0.0,1.0,1.0,0.0,0.0,0.0,0.0,0.0,0.0,0.0,0.0,0.2069197753359148,18.20439507371782,21.452505681155156
9890,395.56,0.98,1,0.052,0.337,0.055,-0.018,-0.053,0.47,0.19,0.0,0.0,0.0,1.62,0.0,0.15,0.67,0.34,0.03,0.06,0.0,0.0,0.52,0.95,0.41,1.0,1.0,0.0,0.0,0.0,1.0,0.0,0.0,1.0,1.0,0.0,0.0,0.0,0.0,0.0,0.0,0.0,0.0,0.213465918603383,18.113530854032987,20.969024774652816
9891,395.6,0.98,1,0.046,0.336,0.057,-0.016,-0.057,0.47,0.15,0.0,0.0,0.0,1.62,0.0,0.22,0.68,0.41,0.03,0.0,0.0,0.0,0.48,0.9,0.52,1.0,1.0,0.0,0.0,0.0,1.0,0.0,0.0,1.0,1.0,0.0,0.0,0.0,0.0,0.0,0.0,0.0,0.0,0.21497301722779952,18.20988742414388,21.858636736997074
9892,395.64,0.98,1,0.045,0.338,0.056,-0.021,-0.057,0.64,0.19,0.0,0.0,0.0,1.16,0.0,0.22,0.77,0.45,0.16,0.0,0.0,0.0,0.59,0.91,1.2,1.0,1.0,0.0,0.0,0.0,1.0,0.0,0.0,1.0,1.0,0.0,0.0,0.0,0.0,0.0,0.0,0.0,1.0,0.20757644427199723,17.800280896659984,18.677526602845376
9893,395.68,0.98,1,0.013,0.441,0.056,-0.039,-0.052,0.75,0.3,0.0,0.0,0.0,0.69,0.0,0.17,0.82,0.55,0.16,0.04,0.0,0.0,0.7,0.9,1.86,1.0,1.0,0.0,0.0,0.0,1.0,0.0,0.0,1.0,1.0,0.0,0.0,0.0,0.0,0.0,0.0,0.0,1.0,0.177494863773827,17.473408368146245,20.479257799051084
9894,395.72,0.98,1,0.025,0.424,0.048,-0.031,-0.053,0.73,0.3,0.0,0.0,0.0,0.69,0.0,0.12,0.82,0.46,0.17,0.08,0.0,0.0,0.66,0.94,2.03,1.0,1.0,0.0,0.0,0.0,1.0,0.0,0.0,1.0,1.0,0.0,0.0,0.0,0.0,0.0,0.0,0.0,1.0,0.16963141057124756,17.572990639046047,20.607280266934794
9895,395.76,0.98,1,0.004,0.368,0.046,-0.014,-0.058,0.56,0.24,0.0,0.0,0.0,1.25,0.0,0.08,0.76,0.4,0.05,0.11,0.0,0.0,0.59,0.94,1.49,1.0,1.0,0.0,0.0,0.0,1.0,0.0,0.0,1.0,1.0,0.0,0.0,0.0,0.0,0.0,0.0,0.0,1.0,0.18218852091992294,17.20726590716845,18.607794065928395
9896,395.8,0.98,1,-0.013,0.322,0.059,-0.022,-0.059,0.37,0.25,0.0,0.0,0.0,1.82,0.0,0.15,0.75,0.3,0.06,0.11,0.0,0.0,0.48,1.0,0.72,1.0,1.0,0.0,0.0,0.0,1.0,0.0,0.0,1.0,1.0,0.0,0.0,0.0,0.0,0.0,0.0,0.0,1.0,0.19515472844283327,16.500303027520435,18.408965207202666
9897,395.84,0.98,1,-0.008,0.325,0.062,-0.017,-0.059,0.47,0.28,0.0,0.0,0.0,2.13,0.0,0.16,0.77,0.26,0.12,0.08,0.0,0.0,0.48,1.02,0.23,1.0,1.0,0.0,0.0,0.0,1.0,0.0,0.0,1.0,1.0,0.0,0.0,0.0,0.0,0.0,0.0,0.0,0.0,0.19730911059573905,18.80106379968959,18.83215335536535
9898,395.88,0.98,1,-0.014,0.294,0.06,-0.015,-0.058,0.38,0.16,0.0,0.0,0.0,2.11,0.0,0.17,0.74,0.18,0.14,0.05,0.0,0.0,0.58,1.01,0.0,0.0,1.0,0.0,0.0,0.0,1.0,0.0,0.0,1.0,1.0,0.0,0.0,0.0,0.0,0.0,0.0,0.0,0.0,0.23214573210433515,19.40927613281842,20.20396000787946
9899,395.92,0.98,1,-0.008,0.303,0.065,-0.017,-0.059,0.42,0.04,0.0,0.0,0.0,2.14,0.0,0.16,0.72,0.2,0.16,0.03,0.0,0.0,0.69,0.97,0.0,0.0,1.0,0.0,0.0,0.0,1.0,0.0,0.0,1.0,1.0,0.0,0.0,0.0,0.0,1.0,0.0,0.0,0.0,0.22829616384971652,20.700000000000045,20.700241544484495
9900,395.96,0.98,1,-0.008,0.287,0.058,-0.011,-0.059,0.23,0.01,0.0,0.0,0.0,2.12,0.0,0.23,0.66,0.16,0.16,0.01,0.0,0.0,0.7,0.92,0.0,0.0,0.0,0.0,0.0,0.0,1.0,0.0,0.0,1.0,1.0,0.0,0.0,0.0,0.0,1.0,0.0,0.0,0.0,0.2211749592976236,20.406126531019904,21.399999999999864
9901,396.0,0.98,1,-0.019,0.293,0.062,-0.012,-0.061,0.14,0.01,0.0,0.0,0.0,2.11,0.0,0.23,0.65,0.12,0.13,0.01,0.0,0.0,0.64,0.91,0.0,0.0,0.0,0.0,0.0,0.0,1.0,0.0,0.0,1.0,1.0,0.0,0.0,0.0,0.0,1.0,0.0,0.0,0.0,0.22081853362700374,20.911719202399492,21.80206412246322
9902,396.04,0.98,1,-0.016,0.282,0.053,-0.011,-0.059,0.01,0.0,0.0,0.0,0.0,2.05,0.0,0.18,0.61,0.0,0.11,0.0,0.0,0.0,0.61,0.92,0.0,0.0,0.0,0.0,0.0,0.0,1.0,0.0,0.0,1.0,1.0,0.0,0.0,0.0,0.0,1.0,0.0,0.0,0.0,0.22398281337813603,21.911184358678423,21.60023148024127
9903,396.08,0.98,1,-0.023,0.297,0.064,-0.011,-0.062,0.04,0.0,0.0,0.0,0.0,2.05,0.0,0.13,0.64,0.0,0.06,0.0,0.0,0.0,0.73,0.96,0.0,0.0,0.0,0.0,0.0,0.0,1.0,0.0,0.0,1.0,1.0,0.0,0.0,0.0,0.0,1.0,0.0,0.0,0.0,0.22057888197985281,21.91460700081122,22.703523955544917
9904,396.12,0.98,1,-0.021,0.299,0.06,-0.011,-0.061,0.04,0.0,0.0,0.0,0.0,2.02,0.0,0.17,0.63,0.0,0.05,0.0,0.0,0.0,0.76,1.01,0.0,0.0,0.0,0.0,0.0,0.0,1.0,0.0,0.0,1.0,1.0,0.0,0.0,0.0,0.0,1.0,0.0,0.0,0.0,0.222272950074637,22.54994456755936,22.000227271553356
9905,396.16,0.98,1,-0.033,0.301,0.066,-0.009,-0.061,0.04,0.0,0.0,0.0,0.0,2.05,0.0,0.21,0.66,0.0,0.06,0.0,0.0,0.0,0.76,1.01,0.0,0.0,0.0,0.0,0.0,0.0,1.0,0.0,0.0,1.0,1.0,0.0,0.0,0.0,0.0,1.0,0.0,0.0,0.0,0.21964161382722508,22.11831820008013,22.500888871331284
9906,396.2,0.98,1,-0.024,0.292,0.059,-0.009,-0.06,0.02,0.0,0.0,0.0,0.0,1.92,0.0,0.19,0.64,0.03,0.02,0.0,0.0,0.0,0.64,1.0,0.0,0.0,0.0,0.0,0.0,0.0,1.0,0.0,0.0,1.0,1.0,0.0,0.0,0.0,0.0,1.0,0.0,0.0,0.0,0.2253853305863669,22.437691503361123,22.5
9907,396.24,0.98,1,-0.02,0.304,0.061,-0.008,-0.062,0.06,0.03,0.0,0.0,0.0,1.79,0.0,0.12,0.65,0.03,0.06,0.0,0.0,0.0,0.56,0.93,0.0,0.0,0.0,0.0,0.0,0.0,1.0,0.0,0.0,1.0,1.0,0.0,0.0,0.0,0.0,1.0,0.0,0.0,0.0,0.21855938180195061,23.036709834522807,22.10090495884741
9908,396.28,0.98,1,-0.031,0.293,0.064,-0.004,-0.062,0.06,0.03,0.0,0.0,0.0,1.99,0.0,0.14,0.69,0.03,0.1,0.06,0.0,0.0,0.56,0.9,0.0,0.0,0.0,0.0,0.0,0.0,1.0,0.0,0.0,1.0,1.0,0.0,0.0,0.0,0.0,1.0,0.0,0.0,0.0,0.22263016274879505,22.842942017174543,22.60022123785508
9909,396.32,0.98,1,-0.035,0.288,0.056,-0.02,-0.037,0.05,0.03,0.0,0.0,0.0,2.02,0.0,0.14,0.7,0.08,0.15,0.16,0.0,0.0,0.6,0.9,0.0,0.0,0.0,0.0,0.0,0.0,1.0,0.0,0.0,1.0,1.0,0.0,0.0,0.0,0.0,1.0,0.0,0.0,0.0,0.22448923211429064,22.921823662178458,22.10090495884741
9910,396.36,0.98,1,-0.032,0.296,0.069,-0.015,-0.053,0.0,0.0,0.0,0.0,0.0,2.08,0.0,0.1,0.68,0.11,0.14,0.19,0.0,0.0,0.56,0.92,0.0,0.0,0.0,0.0,0.0,0.0,1.0,0.0,0.0,1.0,1.0,0.0,0.0,0.0,0.0,1.0,0.0,0.0,0.0,0.2265746373602825,23.255106965997857,22.40089283934915
9911,396.4,0.98,1,-0.026,0.302,0.068,-0.009,-0.059,0.0,0.0,0.0,0.0,0.0,1.84,0.0,0.1,0.65,0.11,0.14,0.13,0.0,0.0,0.58,0.94,0.0,0.0,0.0,0.0,0.0,0.0,1.0,0.0,0.0,1.0,1.0,0.0,0.0,0.0,0.0,1.0,0.0,0.0,0.0,0.22374618649275904,22.74313083108836,22.400223213173433
9912,396.44,0.98,1,0.022,0.304,0.067,-0.009,-0.061,0.06,0.0,0.0,0.0,0.0,1.79,0.0,0.09,0.65,0.06,0.1,0.06,0.0,0.0,0.59,0.96,0.0,0.0,0.0,0.0,0.0,0.0,1.0,0.0,0.0,1.0,1.0,0.0,0.0,0.0,0.0,1.0,0.0,0.0,0.0,0.22989566804590317,22.209232314512725,22.805481797147113
9913,396.48,0.98,1,0.03,0.309,0.069,-0.005,-0.047,0.06,0.0,0.0,0.0,0.0,1.98,0.0,0.14,0.69,0.03,0.08,0.05,0.0,0.0,0.74,0.99,0.0,0.0,0.0,0.0,0.0,0.0,1.0,0.0,0.0,1.0,1.0,0.0,0.0,0.0,0.0,1.0,0.0,0.0,0.0,0.23775802881490254,21.821548982599797,22.308070288574896
9914,396.52,0.98,1,0.033,0.307,0.069,-0.025,-0.033,0.06,0.0,0.0,0.0,0.0,2.04,0.0,0.12,0.73,0.1,0.01,0.09,0.0,0.0,0.68,1.01,0.0,0.0,0.0,0.0,0.0,0.0,1.0,0.0,0.0,1.0,1.0,0.0,0.0,0.0,0.0,1.0,0.0,0.0,0.0,0.23967767570214246,22.451057881534183,24.103319273494172
9915,396.56,0.98,1,0.036,0.313,0.072,-0.015,-0.05,0.01,0.0,0.0,0.0,0.0,2.04,0.0,0.15,0.75,0.1,0.02,0.07,0.0,0.0,0.67,1.02,0.0,0.0,0.0,0.0,0.0,0.0,1.0,0.0,0.0,1.0,1.0,0.0,0.0,0.0,0.0,1.0,0.0,0.0,0.0,0.23449689861878767,22.539077177205016,24.1033192734944
9916,396.6,0.98,1,0.04,0.304,0.067,-0.015,-0.053,0.03,0.03,0.0,0.0,0.0,1.99,0.0,0.12,0.8,0.16,0.02,0.05,0.0,0.0,0.67,1.01,0.0,0.0,0.0,0.0,0.0,0.0,1.0,0.0,0.0,1.0,1.0,0.0,0.0,0.0,0.0,1.0,0.0,0.0,0.0,0.24545652708895896,22.528204544526044,24.103319273494172
9917,396.64,0.98,1,0.025,0.306,0.07,-0.009,-0.044,0.04,0.03,0.0,0.0,0.0,2.0,0.0,0.11,0.81,0.16,0.02,0.01,0.0,0.0,0.78,1.02,0.0,0.0,0.0,0.0,0.0,0.0,1.0,0.0,0.0,1.0,1.0,0.0,0.0,0.0,0.0,1.0,0.0,0.0,0.0,0.23965478528237388,22.49822215198357,21.403737991294975
9918,396.68,0.98,1,0.037,0.298,0.062,-0.012,-0.05,0.07,0.1,0.0,0.07,0.0,2.16,0.0,0.06,0.85,0.13,0.08,0.01,0.0,0.0,0.88,1.04,0.0,0.0,0.0,0.0,0.0,0.0,1.0,0.0,0.0,1.0,1.0,0.0,0.0,0.0,0.0,1.0,0.0,0.0,0.0,0.23564917755725978,22.62763796775969,24.100829861231055
9919,396.72,0.98,1,-0.001,0.289,0.068,-0.005,-0.048,0.05,0.06,0.0,0.07,0.0,2.16,0.0,0.17,0.86,0.07,0.09,0.05,0.0,0.0,0.84,1.08,0.0,0.0,0.0,0.0,0.0,0.0,1.0,0.0,0.0,1.0,1.0,0.0,0.0,0.0,0.0,1.0,0.0,0.0,0.0,0.2343764336328063,22.87094226305505,23.000217390276987
9920,396.76,0.98,1,-0.02,0.306,0.067,-0.024,-0.031,0.04,0.06,0.0,0.07,0.0,2.18,0.0,0.16,0.93,0.1,0.11,0.09,0.0,0.0,0.86,1.08,0.0,0.0,1.0,0.0,0.0,0.0,1.0,0.0,0.0,1.0,1.0,0.0,0.0,0.0,0.0,1.0,1.0,0.0,0.0,0.23401939548388023,23.26972281742956,23.403418553706928
9921,396.8,0.98,1,-0.006,0.304,0.071,-0.015,-0.049,0.07,0.0,0.0,0.0,0.0,2.19,0.0,0.17,0.95,0.21,0.03,0.09,0.0,0.0,0.8,1.04,0.0,0.0,0.0,0.0,0.0,0.0,1.0,0.0,0.0,1.0,1.0,0.0,0.0,0.0,0.0,1.0,1.0,0.0,0.0,0.23453064761294445,23.28604732452466,23.003477997902838
9922,396.84,0.98,1,-0.006,0.306,0.075,-0.009,-0.058,0.1,0.0,0.0,0.0,0.0,2.32,0.0,0.05,0.95,0.3,0.02,0.04,0.0,0.0,0.83,0.99,0.0,0.0,0.0,0.0,0.0,0.0,1.0,0.0,0.0,1.0,1.0,0.0,0.0,0.0,0.0,1.0,1.0,0.0,0.0,0.2382435239317679,23.676359517459513,22.70550594018997
9923,396.88,0.98,1,-0.002,0.299,0.066,-0.008,-0.057,0.1,0.0,0.0,0.0,0.0,2.32,0.0,0.03,0.91,0.25,0.03,0.0,0.0,0.0,0.92,0.97,0.0,0.0,0.0,0.0,0.0,0.0,1.0,0.0,0.0,1.0,1.0,0.0,0.0,0.0,0.0,1.0,1.0,0.0,0.0,0.23749698174785222,23.58495283014151,23.005434140654682
9924,396.92,0.98,1,-0.025,0.28,0.06,-0.004,-0.044,0.03,0.0,0.0,0.0,0.0,2.22,0.0,0.15,0.92,0.16,0.11,0.09,0.0,0.01,0.89,0.97,0.0,0.0,0.0,0.0,0.0,0.0,1.0,0.0,0.0,1.0,1.0,0.0,0.0,0.0,0.0,1.0,1.0,0.0,0.0,0.22862548766216806,22.87094226305505,22.000909072126998
9925,396.96,0.98,1,-0.034,0.272,0.06,-0.028,-0.027,0.0,0.0,0.0,0.02,0.0,2.01,0.0,0.24,0.93,0.12,0.12,0.09,0.0,0.01,0.9,1.05,0.0,0.0,0.0,0.0,0.0,0.0,1.0,0.0,0.0,1.0,1.0,0.0,0.0,0.0,0.0,1.0,1.0,0.0,0.0,0.26253013921714774,23.441842930964143,22.332263655975364
9926,397.0,0.98,1,-0.056,0.305,0.068,-0.018,-0.046,0.03,0.0,0.0,0.02,0.0,1.9,0.0,0.24,0.93,0.13,0.13,0.09,0.0,0.01,0.89,1.1,0.0,0.0,0.0,0.0,0.0,0.0,1.0,0.0,0.0,1.0,1.0,0.0,0.0,0.0,0.0,1.0,1.0,0.0,0.0,0.2196453052818234,24.016869071550524,22.70088104017115
9927,397.04,0.98,1,-0.05,0.294,0.066,-0.007,-0.043,0.11,0.0,0.0,0.02,0.0,1.99,0.0,0.11,0.92,0.2,0.06,0.0,0.0,0.0,1.0,1.08,0.0,0.0,0.0,0.0,0.0,0.0,1.0,0.0,0.0,1.0,1.0,0.0,0.0,0.0,0.0,1.0,1.0,0.0,0.0,0.22095921633859059,22.942754847663643,22.400892839348924
9928,397.08,0.98,1,-0.041,0.287,0.072,-0.015,-0.055,0.13,0.0,0.0,0.15,0.0,2.19,0.0,0.04,0.89,0.21,0.07,0.0,0.0,0.0,1.05,1.05,0.0,0.0,0.0,0.0,0.0,0.0,1.0,0.0,0.0,1.0,1.0,0.0,0.0,0.0,0.0,1.0,1.0,0.0,0.0,0.26128161324540694,23.24844080793381,22.40357114390458
9929,397.12,0.98,1,-0.049,0.295,0.065,0.001,-0.048,0.1,0.0,0.0,0.21,0.03,2.14,0.0,0.2,0.91,0.15,0.05,0.03,0.0,0.0,0.96,1.07,0.0,0.0,0.0,0.0,0.0,0.0,1.0,0.0,0.0,1.0,1.0,0.0,0.0,0.0,0.0,1.0,1.0,0.0,0.0,0.2337957202451798,22.350391495452556,23.00347799790284
9930,397.16,0.98,1,-0.041,0.269,0.063,-0.03,-0.031,0.04,0.0,0.0,0.21,0.03,2.18,0.0,0.26,0.91,0.15,0.05,0.03,0.0,0.0,0.97,1.17,0.0,0.0,0.0,0.0,0.0,0.0,1.0,0.0,0.0,1.0,1.0,0.0,0.0,0.0,0.0,1.0,1.0,0.0,0.0,0.27875742637022005,23.162469643800843,22.814030770558674
9931,397.2,0.98,1,-0.061,0.298,0.069,-0.013,-0.051,0.11,0.0,0.0,0.1,0.05,2.0,0.0,0.35,0.92,0.14,0.03,0.03,0.0,0.0,0.95,1.07,0.0,0.0,1.0,0.0,0.0,0.0,1.0,0.0,0.0,1.0,1.0,0.0,0.0,0.0,0.0,1.0,1.0,0.0,0.0,0.24286861465966822,23.255106965997857,22.71409254185608
9932,397.24,0.98,1,-0.052,0.297,0.068,-0.005,-0.057,0.11,0.0,0.0,0.04,0.03,2.0,0.0,0.29,0.88,0.13,0.01,0.0,0.01,0.01,0.89,1.01,0.0,0.0,1.0,0.0,0.0,0.0,1.0,0.0,0.0,1.0,1.0,0.0,0.0,0.0,0.0,1.0,1.0,0.0,0.0,0.23825909226551553,23.37733945512188,23.50531854708632
9933,397.28,0.98,1,-0.055,0.272,0.059,-0.019,-0.032,0.14,0.09,0.0,0.04,0.03,2.12,0.0,0.32,0.86,0.16,0.03,0.03,0.01,0.01,0.84,0.94,0.0,0.0,1.0,0.0,0.0,0.0,1.0,0.0,0.0,1.0,1.0,0.0,0.0,0.0,0.0,1.0,1.0,0.0,0.0,0.24528828360600474,23.236393868240448,24.2051647381298
9934,397.32,0.98,1,-0.053,0.276,0.071,-0.012,-0.05,0.06,0.09,0.0,0.01,0.0,2.12,0.0,0.25,0.85,0.12,0.03,0.03,0.01,0.01,0.83,0.96,0.0,0.0,0.0,0.0,0.0,0.0,1.0,0.0,0.0,1.0,1.0,0.0,0.0,0.0,0.0,1.0,1.0,0.0,0.0,0.24905438504476413,23.554405108174567,23.703375287076778
9935,397.36,0.98,1,-0.047,0.282,0.071,-0.007,-0.056,0.1,0.09,0.0,0.04,0.03,2.29,0.0,0.14,0.84,0.12,0.03,0.07,0.0,0.0,0.98,1.09,0.0,0.0,0.0,0.0,0.0,0.0,1.0,0.0,0.0,1.0,1.0,0.0,0.0,0.0,0.0,1.0,1.0,0.0,0.0,0.2432549674891555,23.625621684941876,23.605296015936673
9936,397.4,0.98,1,-0.043,0.263,0.06,-0.004,-0.043,0.05,0.0,0.0,0.04,0.04,2.01,0.0,0.19,0.85,0.05,0.0,0.05,0.0,0.0,0.98,1.23,0.0,0.0,0.0,0.0,0.0,0.0,1.0,0.0,0.0,1.0,1.0,0.0,0.0,0.0,0.0,1.0,1.0,0.0,0.0,0.23692618408117028,22.543513479491175,24.50081631293129
9937,397.44,0.98,1,-0.051,0.274,0.064,-0.022,-0.029,0.04,0.0,0.0,0.08,0.04,2.12,0.0,0.17,0.85,0.05,0.04,0.05,0.0,0.0,0.96,1.25,0.0,0.0,0.0,0.0,0.0,0.0,1.0,0.0,0.0,1.0,1.0,0.0,0.0,0.0,0.0,1.0,1.0,0.0,0.0,0.24199130093121995,23.535929979501557,23.910248848558506
9938,397.48,0.98,1,-0.054,0.271,0.068,-0.012,-0.046,0.01,0.06,0.0,0.16,0.02,2.11,0.0,0.17,0.86,0.05,0.04,0.02,0.0,0.0,0.88,1.19,0.0,0.0,0.0,0.0,0.0,0.0,1.0,0.0,0.0,1.0,1.0,0.0,0.0,0.0,0.0,1.0,1.0,0.0,0.0,0.24160883738376315,23.5306183514161,24.20330555936528
9939,397.52,0.98,1,-0.039,0.259,0.063,-0.005,-0.041,0.01,0.06,0.0,0.16,0.01,2.39,0.06,0.11,0.83,0.07,0.12,0.0,0.0,0.0,0.87,1.01,0.0,0.0,0.0,0.0,0.0,0.0,1.0,0.0,0.0,1.0,1.0,0.0,0.0,0.0,0.0,1.0,0.0,0.0,0.0,0.2394276145164738,23.126175645791413,24.50081631293129
9940,397.56,0.98,1,-0.052,0.289,0.067,-0.009,-0.051,0.26,0.27,0.0,0.11,0.01,2.05,0.07,0.18,0.92,0.19,0.14,0.01,0.0,0.0,1.08,1.09,0.68,0.0,1.0,0.0,0.0,0.0,1.0,0.0,0.0,1.0,1.0,0.0,0.0,0.0,0.0,1.0,0.0,0.0,0.0,0.22452398169225726,22.81403077055867,23.203448019636898
9941,397.6,0.98,1,0.016,0.398,0.045,-0.009,-0.038,0.51,0.26,0.0,0.0,0.0,1.61,0.07,0.39,1.0,0.39,0.3,0.01,0.07,0.0,1.16,0.97,1.47,1.0,1.0,0.0,0.0,0.0,1.0,0.0,0.0,1.0,1.0,0.0,0.0,0.0,0.0,1.0,0.0,0.0,1.0,0.16954652046791957,16.799999999999955,19.474342094150533
9942,397.64,0.98,1,0.006,0.434,0.058,-0.025,-0.044,0.77,0.35,0.0,0.0,0.0,1.28,0.01,0.35,1.05,0.42,0.23,0.01,0.11,0.0,1.25,0.99,2.02,1.0,1.0,0.0,0.0,0.0,1.0,0.0,0.0,1.0,1.0,0.0,0.0,0.0,0.0,1.0,0.0,0.0,1.0,0.1664383135765872,16.487874332369095,22.165062598603242
9943,397.68,0.98,1,-0.008,0.381,0.05,-0.006,-0.036,0.66,0.22,0.0,0.0,0.0,1.53,0.0,0.34,1.0,0.37,0.17,0.09,0.11,0.0,1.06,0.85,1.56,1.0,1.0,0.0,0.0,0.0,1.0,0.0,0.0,1.0,1.0,0.0,0.0,0.0,0.0,1.0,0.0,0.0,1.0,0.16812676861223383,18.745132701584215,19.094763680129702
9944,397.72,0.98,1,0.02,0.319,0.057,-0.015,-0.047,0.45,0.18,0.0,0.0,0.01,2.12,0.03,0.18,0.94,0.22,0.01,0.12,0.04,0.0,1.0,0.89,1.04,1.0,1.0,0.0,0.0,0.0,1.0,0.0,0.0,1.0,1.0,0.0,0.0,0.0,0.0,1.0,0.0,0.0,1.0,0.1802186525959759,17.713836399831674,19.158809983921145
9945,397.76,0.98,1,0.01,0.345,0.066,-0.007,-0.039,0.21,0.09,0.0,0.0,0.01,2.21,0.09,0.13,0.9,0.13,0.0,0.22,0.0,0.0,0.97,0.94,0.5,0.0,1.0,0.0,0.0,0.0,1.0,0.0,0.0,1.0,1.0,0.0,0.0,0.0,0.0,1.0,0.0,0.0,1.0,0.17399615527767903,17.200290695217962,18.732325002519083
9946,397.8,0.98,1,0.015,0.309,0.061,-0.005,-0.034,0.1,0.02,0.0,0.0,0.01,2.31,0.09,0.1,0.87,0.16,0.0,0.13,0.0,0.0,1.02,1.01,0.27,0.0,1.0,0.0,0.0,0.0,1.0,0.0,0.0,1.0,1.0,0.0,0.0,0.0,0.0,1.0,0.0,0.0,0.0,0.18620708756117102,19.620652384668468,19.509228585466932
9947,397.84,0.98,1,0.019,0.296,0.059,-0.01,-0.046,0.1,0.02,0.0,0.03,0.0,2.12,0.06,0.12,0.85,0.27,0.0,0.1,0.03,0.0,1.03,0.93,0.01,0.0,0.0,0.0,0.0,0.0,1.0,0.0,0.0,1.0,1.0,0.0,0.0,0.0,0.0,1.0,0.0,0.0,0.0,0.2126508318002066,18.5024322725419,20.200990074746382
9948,397.88,0.98,1,0.028,0.292,0.066,-0.004,-0.052,0.28,0.14,0.0,0.03,0.0,2.11,0.0,0.13,0.84,0.39,0.05,0.01,0.03,0.0,0.98,0.91,0.0,0.0,0.0,0.0,0.0,0.0,1.0,0.0,0.0,1.0,1.0,0.0,0.0,0.0,0.0,1.0,0.0,0.0,0.0,0.2160619257249093,20.00099997500125,21.402102700435858
9949,397.92,0.98,1,0.019,0.308,0.065,-0.002,-0.04,0.26,0.12,0.0,0.03,0.0,1.96,0.0,0.11,0.78,0.31,0.05,0.07,0.03,0.0,0.88,0.92,0.0,0.0,0.0,0.0,0.0,0.0,1.0,0.0,0.0,1.0,1.0,0.0,0.0,0.0,0.0,1.0,0.0,0.0,0.0,0.2038980833071406,19.901004999747993,21.30586773637718
9950,397.96,0.98,1,0.02,0.293,0.057,-0.023,-0.021,0.2,0.12,0.0,0.0,0.0,1.9,0.0,0.12,0.8,0.14,0.06,0.1,0.0,0.0,0.86,0.95,0.0,0.0,0.0,0.0,0.0,0.0,1.0,0.0,0.0,1.0,1.0,0.0,0.0,0.0,0.0,1.0,0.0,0.0,0.0,0.20583806012205424,20.400245096566945,21.514878572745886
9951,398.0,0.98,1,-0.007,0.3,0.062,-0.009,-0.04,0.07,0.07,0.0,0.0,0.02,2.03,0.0,0.12,0.82,0.04,0.07,0.1,0.0,0.0,0.98,0.89,0.05,0.0,0.0,0.0,0.0,0.0,1.0,0.0,0.0,1.0,1.0,0.0,0.0,0.0,0.0,1.0,0.0,0.0,0.0,0.21349922972565716,20.300985197768068,21.611339616044074
9952,398.04,0.98,1,-0.017,0.295,0.063,-0.0,-0.039,0.07,0.07,0.0,0.0,0.02,2.07,0.0,0.19,0.89,0.03,0.18,0.05,0.02,0.0,1.05,0.97,0.05,0.0,1.0,0.0,0.0,0.0,1.0,0.0,0.0,1.0,1.0,0.0,0.0,0.0,0.0,1.0,0.0,0.0,0.0,0.2188365384473689,21.40584032454681,22.50199991111901
9953,398.08,0.98,1,-0.039,0.297,0.062,-0.019,-0.025,0.13,0.12,0.0,0.0,0.02,2.08,0.0,0.21,0.89,0.07,0.22,0.09,0.02,0.0,0.97,0.96,0.05,0.0,1.0,0.0,0.0,0.0,1.0,0.0,0.0,1.0,1.0,0.0,0.0,0.0,0.0,1.0,0.0,0.0,0.0,0.22013706107419218,21.200000000000045,21.80091741188884
9954,398.12,0.98,1,-0.036,0.304,0.059,-0.013,-0.04,0.11,0.22,0.0,0.0,0.0,1.95,0.0,0.24,0.91,0.04,0.21,0.09,0.02,0.0,0.94,0.98,0.0,0.0,1.0,0.0,0.0,0.0,1.0,0.0,0.0,1.0,1.0,0.0,0.0,0.0,0.0,1.0,0.0,0.0,0.0,0.21973023921680812,21.60092590608088,21.90365266342566
9955,398.16,0.98,1,-0.02,0.304,0.062,-0.004,-0.038,0.11,0.24,0.0,0.0,0.01,2.02,0.0,0.16,0.9,0.08,0.12,0.08,0.0,0.0,0.94,0.89,0.0,0.0,1.0,0.0,0.0,0.0,1.0,0.0,0.0,1.0,1.0,0.0,0.0,0.0,0.0,1.0,0.0,0.0,0.0,0.22011319871692464,21.80825531765432,21.80573319106693
9956,398.2,0.98,1,-0.037,0.299,0.055,-0.009,-0.043,0.05,0.21,0.0,0.0,0.01,1.95,0.0,0.12,0.91,0.06,0.1,0.0,0.0,0.0,1.18,0.89,0.0,0.0,1.0,0.0,0.0,0.0,1.0,0.0,0.0,1.0,1.0,0.0,0.0,0.0,0.0,1.0,0.0,0.0,0.0,0.21825870888505045,21.600000000000136,22.10814329607975
9957,398.24,0.98,1,-0.022,0.303,0.063,-0.001,-0.042,0.0,0.04,0.0,0.0,0.01,1.96,0.0,0.17,0.91,0.08,0.07,0.1,0.0,0.0,1.08,0.95,0.0,0.0,1.0,0.0,0.0,0.0,1.0,0.0,0.0,1.0,1.0,0.0,0.0,0.0,0.0,1.0,0.0,0.0,0.0,0.21547983009817784,22.42231031807392,22.500888871331284
9958,398.28,0.98,1,-0.032,0.298,0.06,-0.022,-0.026,0.0,0.02,0.0,0.0,0.0,2.02,0.0,0.2,0.91,0.14,0.11,0.15,0.0,0.0,1.05,0.85,0.02,0.0,1.0,0.0,0.0,0.0,1.0,0.0,0.0,1.0,1.0,0.0,0.0,0.0,0.0,1.0,0.0,0.0,0.0,0.21247743101040867,22.100904958847185,22.405579662218162
9959,398.32,0.98,1,-0.029,0.297,0.061,-0.013,-0.043,0.0,0.01,0.0,0.0,0.0,2.18,0.0,0.15,0.89,0.16,0.07,0.15,0.0,0.0,0.95,0.82,0.03,0.0,0.0,0.0,0.0,0.0,1.0,0.0,0.0,1.0,1.0,0.0,0.0,0.0,0.0,1.0,0.0,0.0,0.0,0.22153496973417242,22.510886255321005,21.803669415949187
9960,398.36,0.98,1,-0.022,0.294,0.066,-0.0,-0.042,0.0,0.01,0.0,0.0,0.0,2.14,0.0,0.12,0.9,0.19,0.07,0.18,0.06,0.01,0.95,0.78,0.03,0.0,0.0,0.0,0.0,0.0,1.0,0.0,0.0,1.0,1.0,0.0,0.0,0.0,0.0,1.0,0.0,0.0,0.0,0.21919639138152552,22.238030488332413,22.405579662218162
9961,398.4,0.98,1,-0.038,0.291,0.064,-0.022,-0.028,0.0,0.01,0.0,0.0,0.0,2.22,0.0,0.13,0.93,0.2,0.11,0.15,0.06,0.01,0.92,0.79,0.01,0.0,0.0,0.0,0.0,0.0,1.0,0.0,0.0,1.0,1.0,0.0,0.0,0.0,0.0,1.0,0.0,0.0,0.0,0.2274591875745585,22.41807306616704,22.41428116179513
9962,398.44,0.98,1,-0.027,0.299,0.06,-0.013,-0.042,0.05,0.06,0.0,0.0,0.0,2.08,0.0,0.13,0.92,0.21,0.15,0.15,0.06,0.01,0.84,0.77,0.0,0.0,0.0,0.0,0.0,0.0,1.0,0.0,0.0,1.0,1.0,0.0,0.0,0.0,0.0,1.0,0.0,0.0,0.0,0.224871284000836,22.318154045530022,22.70550594018997
9963,398.48,0.98,1,-0.017,0.289,0.065,-0.001,-0.04,0.05,0.06,0.0,0.04,0.0,2.02,0.0,0.12,0.92,0.18,0.27,0.09,0.0,0.03,0.85,0.76,0.0,0.0,0.0,0.0,0.0,0.0,1.0,0.0,0.0,1.0,1.0,0.0,0.0,0.0,0.0,1.0,0.0,0.0,0.0,0.21976878756445517,22.949074055395005,22.90545786488461
9964,398.52,0.98,1,-0.039,0.292,0.06,-0.018,-0.026,0.05,0.06,0.0,0.05,0.0,1.92,0.0,0.15,0.87,0.17,0.21,0.13,0.0,0.03,0.85,0.81,0.0,0.0,0.0,0.0,0.0,0.0,1.0,0.0,0.0,1.0,1.0,0.0,0.0,0.0,0.0,1.0,0.0,0.0,0.0,0.2179185492036374,22.610838109190162,22.807893370497805
9965,398.56,0.98,1,-0.024,0.295,0.058,-0.012,-0.041,0.04,0.01,0.0,0.06,0.0,1.99,0.0,0.17,0.88,0.12,0.2,0.14,0.0,0.03,0.93,0.82,0.0,0.0,0.0,0.0,0.0,0.0,1.0,0.0,0.0,1.0,1.0,0.0,0.0,0.0,0.0,1.0,0.0,0.0,0.0,0.22359762682069562,22.831557108528486,22.90349318335533
9966,398.6,0.98,1,-0.011,0.288,0.069,-0.003,-0.041,0.04,0.04,0.0,0.01,0.0,2.0,0.0,0.19,0.85,0.13,0.1,0.07,0.0,0.0,0.95,0.73,0.0,0.0,1.0,0.0,0.0,0.0,1.0,0.0,0.0,1.0,1.0,0.0,0.0,0.0,0.0,1.0,0.0,0.0,0.0,0.21849977145608718,22.54994456755936,22.700881040170923
9967,398.64,0.98,1,-0.013,0.286,0.053,-0.008,-0.048,0.1,0.21,0.0,0.0,0.0,1.89,0.0,0.22,0.91,0.2,0.17,0.02,0.0,0.0,1.03,0.72,0.0,0.0,0.0,0.0,0.0,0.0,1.0,0.0,0.0,1.0,1.0,0.0,0.0,0.0,0.0,1.0,0.0,0.0,0.0,0.21944299177538973,22.74950548913101,22.50199991111901
9968,398.68,0.98,1,0.029,0.292,0.065,-0.005,-0.042,0.06,0.25,0.0,0.0,0.0,1.9,0.0,0.24,0.92,0.26,0.21,0.02,0.0,0.0,0.92,0.65,0.0,0.0,1.0,0.0,0.0,0.0,1.0,0.0,0.0,1.0,1.0,0.0,0.0,0.0,0.0,1.0,0.0,0.0,0.0,0.22491781072218547,21.475567512873884,22.503555274667157
9969,398.72,0.98,1,0.036,0.291,0.056,-0.015,-0.048,0.05,0.26,0.0,0.0,0.0,1.99,0.0,0.2,0.93,0.28,0.19,0.02,0.0,0.0,0.86,0.59,0.0,0.0,1.0,0.0,0.0,0.0,1.0,0.0,0.0,1.0,1.0,0.0,0.0,0.0,0.0,1.0,0.0,0.0,0.0,0.230693193736075,21.811235636708016,23.205387305537297
9970,398.76,0.98,1,0.037,0.292,0.06,-0.012,-0.053,0.01,0.16,0.0,0.01,0.0,2.05,0.0,0.08,0.89,0.22,0.07,0.01,0.0,0.0,0.87,0.52,0.0,0.0,1.0,0.0,0.0,0.0,1.0,0.0,0.0,1.0,1.0,0.0,0.0,0.0,0.0,1.0,0.0,0.0,0.0,0.22875646945125333,22.14158982548453,23.703375287076554
9971,398.8,0.98,1,0.028,0.287,0.063,-0.004,-0.045,0.01,0.25,0.0,0.01,0.0,2.12,0.0,0.09,0.87,0.18,0.02,0.01,0.0,0.0,0.94,0.52,0.0,0.0,1.0,0.0,0.0,0.0,1.0,0.0,0.0,1.0,1.0,0.0,0.0,0.0,0.0,1.0,0.0,0.0,0.0,0.22859939840305654,22.00045454075901,21.80091741188884
9972,398.84,0.98,1,0.028,0.293,0.054,-0.011,-0.048,0.02,0.27,0.0,0.06,0.0,2.18,0.0,0.06,0.89,0.13,0.1,0.03,0.03,0.0,1.01,0.58,0.0,0.0,1.0,0.0,0.0,0.0,1.0,0.0,0.0,1.0,1.0,0.0,0.0,0.0,0.0,1.0,0.0,0.0,0.0,0.22787361217337662,22.00045454075902,23.701898658124236
9973,398.88,0.98,1,0.029,0.294,0.058,-0.011,-0.051,0.03,0.37,0.0,0.19,0.0,2.12,0.0,0.06,0.9,0.07,0.21,0.02,0.07,0.0,0.88,0.62,0.0,0.0,1.0,0.0,0.0,0.0,1.0,0.0,0.0,1.0,1.0,0.0,0.0,0.0,0.0,1.0,0.0,0.0,0.0,0.23217178111972647,22.010224896624607,23.70189865812446
9974,398.92,0.98,1,0.035,0.278,0.049,-0.012,-0.05,0.11,0.43,0.0,0.23,0.0,2.06,0.0,0.08,0.91,0.12,0.19,0.02,0.07,0.0,0.76,0.63,0.0,0.0,1.0,0.0,0.0,0.0,1.0,0.0,0.0,1.0,1.0,0.0,0.0,0.0,0.0,1.0,0.0,0.0,0.0,0.23556928303113733,22.418296099391636,23.90000000000009
9975,398.96,0.98,1,0.032,0.276,0.049,-0.013,-0.053,0.12,0.35,0.0,0.17,0.0,2.2,0.0,0.13,0.93,0.26,0.11,0.01,0.03,0.0,0.74,0.63,0.0,0.0,1.0,0.0,0.0,0.0,1.0,0.0,0.0,1.0,1.0,0.0,0.0,0.0,0.0,1.0,0.0,0.0,0.0,0.23334389752449,22.090722034374522,23.801890681204252
9976,399.0,0.98,1,0.027,0.286,0.047,-0.015,-0.051,0.16,0.18,0.0,0.04,0.0,2.25,0.0,0.24,0.97,0.37,0.0,0.01,0.0,0.0,0.77,0.58,0.21,1.0,1.0,0.0,0.0,0.0,1.0,0.0,0.0,1.0,1.0,0.0,0.0,0.0,0.0,1.0,0.0,0.0,0.0,0.23071635783920147,21.53926646847566,24.40000000000009
9977,399.04,0.98,1,0.037,0.292,0.041,-0.016,-0.051,0.34,0.28,0.0,0.0,0.0,1.92,0.0,0.3,1.06,0.43,0.1,0.0,0.0,0.0,0.86,0.5,0.93,1.0,1.0,0.0,0.0,0.0,1.0,0.0,0.0,1.0,1.0,0.0,0.0,0.0,0.0,1.0,0.0,0.0,0.0,0.20796791346122245,18.201098867925577,20.587860500790264
9978,399.08,0.98,1,0.028,0.4,0.035,-0.03,-0.046,0.61,0.42,0.0,0.0,0.0,1.47,0.0,0.32,1.1,0.49,0.14,0.0,0.0,0.0,0.88,0.39,1.58,1.0,1.0,0.0,0.0,0.0,1.0,0.0,0.0,1.0,1.0,0.0,0.0,0.0,0.0,1.0,0.0,0.0,1.0,0.17909167068500706,16.50969412193925,20.28915966717184
9979,399.12,0.98,1,0.013,0.4,0.034,-0.031,-0.045,0.74,0.48,0.0,0.0,0.01,1.44,0.0,0.31,1.08,0.51,0.14,0.0,0.0,0.0,0.85,0.37,1.9,1.0,1.0,0.0,0.0,0.0,1.0,0.0,0.0,1.0,1.0,0.0,0.0,0.0,0.0,0.0,0.0,0.0,1.0,0.17607976964676736,17.11724276862369,20.78701517774983
9980,399.16,0.98,1,0.003,0.334,0.026,-0.014,-0.05,0.63,0.28,0.0,0.0,0.06,1.95,0.0,0.28,1.01,0.5,0.03,0.0,0.0,0.0,0.83,0.44,1.45,1.0,1.0,0.0,0.0,0.0,1.0,0.0,0.0,1.0,1.0,0.0,0.0,0.0,0.0,0.0,0.0,0.0,1.0,0.1782909407041386,17.954665131937247,20.044201156444313
9981,399.2,0.98,1,0.032,0.309,0.04,-0.017,-0.052,0.41,0.14,0.0,0.0,0.12,2.6,0.0,0.27,1.0,0.52,0.0,0.0,0.0,0.0,0.75,0.51,0.8,1.0,1.0,0.0,0.0,0.0,1.0,0.0,0.0,1.0,1.0,0.0,0.0,0.0,0.0,0.0,0.0,0.0,1.0,0.19158251060735232,15.901257811883804,18.96760396043748
9982,399.24,0.98,1,0.046,0.308,0.045,-0.019,-0.053,0.24,0.08,0.0,0.0,0.17,2.76,0.0,0.26,0.99,0.48,0.03,0.0,0.0,0.0,0.71,0.52,0.27,1.0,0.0,0.0,0.0,0.0,1.0,0.0,0.0,1.0,1.0,0.0,0.0,0.0,0.0,0.0,0.0,0.0,0.0,0.18541089962802088,17.01440566108614,19.25097400133284
9983,399.28,0.98,1,0.044,0.286,0.042,-0.017,-0.053,0.18,0.0,0.0,0.0,0.13,2.7,0.0,0.26,0.97,0.45,0.03,0.0,0.0,0.0,0.66,0.49,0.0,1.0,0.0,0.0,0.0,1.0,1.0,0.0,0.0,1.0,1.0,0.0,0.0,0.0,0.0,1.0,0.0,0.0,0.0,0.2057771615912836,18.200000000000045,20.042205467462903
9984,399.32,0.98,1,0.06,0.303,0.047,-0.018,-0.054,0.14,0.0,0.0,0.0,0.06,2.5,0.0,0.24,0.92,0.3,0.05,0.0,0.0,0.0,0.64,0.49,0.0,0.0,0.0,0.0,0.0,1.0,1.0,0.0,0.0,1.0,1.0,0.0,0.0,0.0,0.0,1.0,0.0,0.0,0.0,0.20981659222406107,19.10942175995905,20.66204249342271
9985,399.36,0.98,1,0.07,0.294,0.045,-0.014,-0.056,0.14,0.0,0.0,0.0,0.0,2.47,0.0,0.22,0.92,0.31,0.02,0.0,0.0,0.0,0.69,0.43,0.0,0.0,0.0,0.0,0.0,1.0,1.0,0.0,0.0,1.0,1.0,0.0,0.0,0.0,0.0,1.0,0.0,0.0,0.0,0.21465199957652414,18.900264548413162,20.84058540444577
9986,399.4,0.98,1,0.06,0.282,0.04,-0.018,-0.055,0.09,0.0,0.0,0.0,0.0,2.46,0.0,0.26,0.95,0.41,0.05,0.0,0.0,0.0,0.72,0.38,0.0,0.0,0.0,0.0,0.0,1.0,1.0,0.0,0.0,1.0,1.0,0.0,0.0,0.0,0.0,1.0,0.0,0.0,0.0,0.2251979570480479,19.5,21.72302925468734
9987,399.44,0.98,1,0.049,0.282,0.043,-0.019,-0.055,0.05,0.0,0.0,0.0,0.0,2.32,0.0,0.28,0.98,0.48,0.1,0.0,0.0,0.0,0.69,0.32,0.0,0.0,0.0,0.0,0.0,1.0,1.0,0.0,0.0,1.0,1.0,0.0,0.0,0.0,0.0,1.0,0.0,0.0,0.0,0.22311515002462967,20.02023975880409,21.91848534912926
9988,399.48,0.98,1,0.05,0.284,0.047,-0.02,-0.056,0.01,0.0,0.0,0.0,0.02,2.29,0.0,0.31,0.98,0.52,0.1,0.0,0.0,0.0,0.65,0.35,0.0,0.0,0.0,0.0,0.0,1.0,1.0,0.0,0.0,1.0,1.0,0.0,0.0,0.0,0.0,1.0,0.0,0.0,0.0,0.22493391963148562,20.324615617521484,22.42231031807392
9989,399.52,0.98,1,0.048,0.282,0.041,-0.021,-0.054,0.0,0.0,0.0,0.0,0.02,2.2,0.0,0.25,0.97,0.44,0.08,0.01,0.0,0.0,0.57,0.39,0.0,0.0,0.0,0.0,0.0,1.0,1.0,0.0,0.0,1.0,1.0,0.0,0.0,0.0,0.0,1.0,0.0,0.0,0.0,0.22914918566435274,20.341583025910207,22.62675407565115
9990,399.56,0.98,1,0.045,0.282,0.036,-0.021,-0.053,0.0,0.0,0.0,0.0,0.02,2.09,0.0,0.25,0.95,0.45,0.0,0.04,0.0,0.0,0.64,0.44,0.0,0.0,0.0,0.0,0.0,1.0,1.0,0.0,0.0,1.0,1.0,0.0,0.0,0.0,0.0,1.0,0.0,0.0,0.0,0.2272563515100272,20.24845673131663,22.826519664635647
9991,399.6,0.98,1,0.047,0.279,0.04,-0.021,-0.054,0.0,0.0,0.0,0.0,0.0,2.1,0.0,0.24,0.96,0.4,0.0,0.06,0.0,0.0,0.65,0.51,0.0,0.0,0.0,0.0,0.0,0.0,1.0,0.0,0.0,1.0,1.0,0.0,0.0,0.0,0.0,1.0,0.0,0.0,0.0,0.23471410098085232,20.94683747012909,23.121634890292594
9992,399.64,0.98,1,0.042,0.286,0.041,-0.022,-0.053,0.01,0.0,0.0,0.0,0.0,2.13,0.0,0.23,0.96,0.44,0.0,0.06,0.0,0.0,0.72,0.53,0.0,0.0,0.0,0.0,0.0,0.0,1.0,0.0,0.0,1.0,1.0,0.0,0.0,0.0,0.0,0.0,0.0,0.0,0.0,0.22219794878267718,20.834586628968626,22.522211259110417
9993,399.68,0.98,1,0.047,0.289,0.044,-0.023,-0.051,0.13,0.0,0.0,0.0,0.0,1.99,0.0,0.2,0.97,0.39,0.05,0.03,0.0,0.0,0.7,0.46,0.51,0.0,0.0,0.0,0.0,0.0,1.0,0.0,0.0,1.0,1.0,0.0,0.0,0.0,0.0,0.0,0.0,0.0,0.0,0.22958812520169553,20.012246250733572,22.132555207205428
9994,399.72,0.98,1,0.015,0.324,0.026,-0.022,-0.05,0.38,0.0,0.0,0.0,0.0,1.66,0.0,0.24,1.0,0.4,0.13,0.0,0.03,0.0,0.71,0.47,1.24,1.0,1.0,0.0,0.0,0.0,1.0,0.0,0.0,1.0,1.0,0.0,0.0,0.0,0.0,0.0,0.0,0.0,1.0,0.2087216675365242,19.409276132818647,18.478365728602817
9995,399.76,0.98,1,0.026,0.397,0.028,-0.031,-0.05,0.54,0.0,0.0,0.0,0.0,1.37,0.0,0.27,1.02,0.37,0.13,0.0,0.03,0.0,0.7,0.37,1.94,1.0,1.0,0.0,0.0,0.0,1.0,0.0,0.0,1.0,1.0,0.0,0.0,0.0,0.0,0.0,0.0,0.0,1.0,0.1681983623410413,19.92711720244556,20.418863827353544
9996,399.8,0.98,1,0.013,0.358,0.014,-0.02,-0.053,0.66,0.0,0.0,0.0,0.0,1.48,0.0,0.24,0.98,0.36,0.08,0.0,0.03,0.0,0.72,0.41,1.83,1.0,1.0,0.0,0.0,0.0,1.0,0.0,0.0,1.0,1.0,0.0,0.0,0.0,0.0,0.0,0.0,0.0,1.0,0.17642225658038452,18.876705220985947,20.09975124224178
9997,399.84,0.98,1,0.014,0.309,0.026,-0.015,-0.061,0.52,0.0,0.0,0.0,0.0,1.9,0.0,0.15,0.9,0.3,0.0,0.0,0.0,0.0,0.77,0.42,1.4,1.0,1.0,0.0,0.0,0.0,1.0,0.0,0.0,1.0,1.0,0.0,0.0,0.0,0.0,0.0,0.0,0.0,1.0,0.192362128068645,17.500285711953392,21.313845265460714
9998,399.88,0.98,1,0.015,0.3,0.032,-0.018,-0.062,0.41,0.01,0.0,0.0,0.03,2.45,0.0,0.11,0.84,0.26,0.0,0.0,0.0,0.0,0.72,0.51,0.82,1.0,1.0,0.0,0.0,0.0,1.0,0.0,0.0,1.0,1.0,0.0,0.0,0.0,0.0,0.0,0.0,0.0,0.0,0.20440339598159393,16.701197561851483,17.241809649801894
9999,399.92,0.98,1,0.017,0.295,0.036,-0.014,-0.063,0.25,0.03,0.0,0.0,0.03,2.82,0.0,0.12,0.83,0.27,0.0,0.0,0.0,0.0,0.63,0.53,0.48,1.0,1.0,0.0,0.0,1.0,1.0,0.0,0.0,1.0,1.0,0.0,0.0,0.0,0.0,0.0,0.0,0.0,0.0,0.18163886519449787,16.301226947687052,18.21345656376081
10000,399.96,0.98,1,0.014,0.276,0.033,-0.012,-0.064,0.16,0.08,0.0,0.0,0.03,2.71,0.0,0.17,0.83,0.29,0.02,0.0,0.0,0.0,0.58,0.51,0.17,1.0,1.0,0.0,0.0,1.0,1.0,0.0,0.0,1.0,1.0,0.0,0.0,0.0,0.0,0.0,0.0,0.0,0.0,0.18964681218074808,18.002499826412997,18.906612599828755
10001,400.0,0.98,1,0.026,0.287,0.034,-0.011,-0.066,0.21,0.18,0.0,0.01,0.02,2.41,0.0,0.22,0.83,0.36,0.02,0.0,0.0,0.0,0.53,0.47,0.06,0.0,1.0,0.0,0.0,1.0,1.0,0.0,0.0,1.0,1.0,0.0,0.0,0.0,0.0,0.0,0.0,0.0,0.0,0.19781726955695844,17.800280896659984,20.106217943710757
10002,400.04,0.98,1,0.039,0.268,0.032,-0.009,-0.066,0.12,0.17,0.0,0.01,0.02,2.1,0.0,0.21,0.83,0.43,0.02,0.0,0.0,0.0,0.43,0.42,0.0,0.0,1.0,0.0,0.0,1.0,1.0,0.0,0.0,1.0,1.0,0.0,0.0,0.0,0.0,0.0,0.0,0.0,0.0,0.20923029004299498,17.600284088616434,20.103979705520903
10003,400.08,0.98,1,0.031,0.287,0.045,-0.011,-0.067,0.22,0.12,0.0,0.03,0.04,2.22,0.0,0.13,0.83,0.51,0.08,0.0,0.0,0.0,0.32,0.38,0.0,0.0,1.0,0.0,0.0,0.0,1.0,0.0,0.0,1.0,1.0,0.0,0.0,0.0,0.0,0.0,0.0,0.0,0.0,0.2044064061155653,19.00236827345476,20.20618717126024
10004,400.12,0.98,1,0.018,0.282,0.038,-0.01,-0.064,0.26,0.03,0.0,0.02,0.03,2.3,0.0,0.12,0.78,0.62,0.17,0.1,0.0,0.0,0.22,0.45,0.0,0.0,1.0,0.0,0.0,0.0,1.0,0.0,0.0,1.0,1.0,0.0,0.0,0.0,0.0,0.0,0.0,0.0,0.0,0.2176362988675763,18.600268815261693,20.800961516237837
10005,400.16,0.98,1,-0.006,0.286,0.046,-0.011,-0.063,0.39,0.05,0.0,0.02,0.03,2.57,0.0,0.1,0.72,0.65,0.31,0.16,0.0,0.0,0.15,0.41,0.07,0.0,1.0,0.0,0.0,0.0,1.0,0.0,0.0,1.0,1.0,0.0,0.0,0.0,0.0,0.0,0.0,0.0,0.0,0.22291099572875783,19.10235587565066,20.800240383226527
10006,400.2,0.98,1,0.0,0.29,0.041,-0.018,-0.058,0.35,0.05,0.0,0.0,0.0,2.55,0.0,0.08,0.67,0.55,0.26,0.3,0.0,0.05,0.03,0.29,0.1,0.0,0.0,0.0,0.0,0.0,1.0,0.0,0.0,1.0,1.0,0.0,0.0,0.0,0.0,0.0,0.0,0.0,0.0,0.21832400212522568,19.202343606966128,20.903827400741804
10007,400.24,0.98,1,-0.01,0.293,0.045,-0.019,-0.058,0.36,0.12,0.0,0.0,0.0,2.56,0.0,0.0,0.64,0.39,0.17,0.36,0.0,0.11,0.0,0.17,0.1,0.0,0.0,0.0,0.0,0.0,1.0,0.0,0.0,1.0,1.0,0.0,0.0,0.0,0.0,0.0,0.0,0.0,0.0,0.21294996566972887,19.59999999999991,21.103791128609952
10008,400.28,0.98,1,-0.007,0.277,0.041,-0.018,-0.057,0.27,0.1,0.0,0.0,0.0,2.45,0.02,0.0,0.64,0.38,0.04,0.37,0.0,0.12,0.0,0.2,0.03,0.0,1.0,0.0,0.0,0.0,1.0,0.0,0.0,1.0,1.0,0.0,0.0,0.0,0.0,0.0,0.0,0.0,0.0,0.2197532581980952,20.20024752323599,21.002142747824564
10009,400.32,0.98,1,-0.01,0.3,0.048,-0.019,-0.058,0.22,0.1,0.0,0.14,0.0,2.37,0.02,0.0,0.63,0.38,0.0,0.38,0.0,0.14,0.0,0.26,0.0,0.0,1.0,0.0,0.0,0.0,1.0,0.0,0.0,1.0,1.0,0.0,0.0,0.0,0.0,0.0,0.0,0.0,0.0,0.21295781128398786,20.199999999999818,21.411445537375652
10010,400.36,0.98,1,0.0,0.289,0.043,-0.018,-0.057,0.1,0.0,0.0,0.14,0.0,2.21,0.02,0.0,0.68,0.46,0.0,0.33,0.0,0.13,0.0,0.2,0.0,0.0,1.0,0.0,0.0,0.0,1.0,0.0,0.0,1.0,1.0,0.0,0.0,0.0,0.0,0.0,0.0,0.0,0.0,0.21802432799175236,19.801010075246342,20.915305400591304
10011,400.4,0.98,1,0.022,0.29,0.046,-0.019,-0.056,0.07,0.0,0.0,0.14,0.0,2.03,0.0,0.0,0.72,0.41,0.0,0.35,0.0,0.19,0.0,0.11,0.0,0.0,1.0,0.0,0.0,0.0,1.0,0.0,0.0,1.0,1.0,0.0,0.0,0.0,0.0,0.0,0.0,0.0,0.0,0.22108246031909623,19.106543381784295,22.127358631341334
10012,400.44,0.98,1,0.021,0.282,0.036,-0.022,-0.052,0.04,0.0,0.0,0.0,0.0,1.94,0.0,0.01,0.75,0.49,0.0,0.36,0.0,0.17,0.0,0.0,0.0,0.0,1.0,0.0,0.0,0.0,1.0,0.0,0.0,1.0,1.0,0.0,0.0,0.0,0.0,0.0,0.0,0.0,0.0,0.22401232159604878,19.709134937891157,22.005681084665387
10013,400.48,0.98,1,0.02,0.288,0.044,-0.025,-0.054,0.04,0.0,0.0,0.03,0.0,1.97,0.0,0.01,0.76,0.45,0.01,0.4,0.0,0.18,0.0,0.0,0.0,0.0,1.0,0.0,0.0,0.0,1.0,0.0,0.0,1.0,1.0,0.0,1.0,0.0,0.0,0.0,0.0,0.0,0.0,0.23366646908810418,20.215835377248247,23.30536418938777
10014,400.52,0.98,1,0.018,0.285,0.042,-0.03,-0.051,0.01,0.0,0.0,0.08,0.0,1.99,0.0,0.01,0.72,0.46,0.02,0.52,0.0,0.18,0.0,0.01,0.0,0.0,1.0,0.0,0.0,0.0,1.0,0.0,0.0,1.0,1.0,0.0,1.0,0.0,0.0,0.0,0.0,0.0,0.0,0.22925602457415045,20.315757431117532,22.90087334579195
10015,400.56,0.98,1,0.017,0.286,0.039,-0.031,-0.054,0.01,0.0,0.0,0.08,0.0,1.9,0.0,0.0,0.7,0.34,0.02,0.58,0.0,0.26,0.0,0.01,0.0,0.0,1.0,0.0,0.0,0.0,1.0,0.0,0.0,1.0,1.0,0.0,1.0,0.0,0.0,0.0,0.0,0.0,0.0,0.22701244602784354,20.724140512938092,23.105410621756885
10016,400.6,0.98,1,0.026,0.28,0.035,-0.036,-0.056,0.01,0.0,0.0,0.04,0.0,1.87,0.0,0.0,0.64,0.33,0.01,0.59,0.0,0.38,0.0,0.01,0.0,0.0,1.0,0.0,0.0,0.0,1.0,0.0,0.0,1.0,1.0,0.0,1.0,0.0,0.0,0.0,0.0,0.0,0.0,0.22423492194032474,20.62934802653725,23.107790893981964
10017,400.64,0.98,1,0.029,0.281,0.036,-0.035,-0.059,0.01,0.05,0.0,0.0,0.0,1.84,0.0,0.0,0.62,0.39,0.0,0.53,0.0,0.56,0.0,0.0,0.0,0.0,1.0,0.0,0.0,0.0,1.0,0.0,0.0,1.0,1.0,0.0,1.0,0.0,0.0,0.0,0.0,0.0,0.0,0.2222376222468463,20.734753434753017,22.803508501982712
10018,400.68,0.98,1,0.043,0.269,0.022,-0.041,-0.055,0.01,0.05,0.0,0.09,0.0,1.88,0.0,0.02,0.6,0.46,0.0,0.48,0.0,0.62,0.0,0.0,0.0,0.0,1.0,0.0,0.0,0.0,1.0,0.0,0.0,1.0,1.0,0.0,1.0,0.0,0.0,0.0,0.0,0.0,0.0,0.22472247835458153,20.647518010647094,23.32595121318738
10019,400.72,0.98,1,0.044,0.271,0.02,-0.054,-0.05,0.0,0.05,0.0,0.09,0.0,1.69,0.0,0.06,0.62,0.39,0.0,0.51,0.0,0.61,0.0,0.04,0.0,0.0,1.0,0.0,0.0,0.0,1.0,0.0,0.0,1.0,1.0,0.0,1.0,0.0,0.0,0.0,0.0,0.0,0.0,0.23120730696453484,21.294130646729908,23.535929979501557
10020,400.76,0.98,1,0.049,0.276,0.025,-0.06,-0.051,0.0,0.0,0.0,0.09,0.0,1.49,0.0,0.17,0.67,0.3,0.01,0.61,0.0,0.54,0.0,0.12,0.0,0.0,1.0,0.0,0.0,0.0,1.0,0.0,0.0,1.0,1.0,0.0,1.0,0.0,0.0,0.0,0.0,0.0,0.0,0.2338340760240564,21.32439917090284,23.554405108174567
10021,400.8,0.98,1,0.046,0.281,0.023,-0.067,-0.05,0.0,0.0,0.0,0.0,0.0,1.36,0.0,0.23,0.69,0.27,0.01,0.72,0.0,0.5,0.0,0.15,0.0,0.0,1.0,0.0,0.0,0.0,0.0,0.0,0.0,1.0,1.0,0.0,1.0,0.0,0.0,0.0,0.0,0.0,0.0,0.23116467189359913,20.696859665176397,22.955827146935782
10022,400.84,0.98,1,0.064,0.286,0.02,-0.073,-0.051,0.22,0.0,0.0,0.0,0.0,1.12,0.0,0.26,0.71,0.35,0.01,0.79,0.0,0.33,0.0,0.1,0.61,1.0,1.0,0.0,0.0,0.0,0.0,0.0,0.0,1.0,1.0,0.0,0.0,0.0,0.0,0.0,0.0,0.0,0.0,0.20407560040293726,18.513238506539047,20.76968945362453
10023,400.88,0.98,1,0.09,0.377,0.01,-0.096,-0.048,0.4,0.0,0.0,0.0,0.0,0.86,0.0,0.23,0.72,0.42,0.0,0.7,0.0,0.16,0.0,0.03,1.25,1.0,1.0,0.0,0.0,0.0,0.0,0.0,0.0,1.0,1.0,0.0,0.0,0.0,0.0,0.0,0.0,0.0,1.0,0.19009343520795668,15.953056133543914,20.916022566444312
10024,400.92,0.98,1,0.058,0.387,0.011,-0.096,-0.049,0.51,0.07,0.0,0.0,0.0,0.7,0.0,0.26,0.78,0.54,0.0,0.6,0.0,0.0,0.0,0.0,1.79,1.0,1.0,0.0,0.0,0.0,0.0,0.0,0.0,1.0,1.0,0.0,0.0,0.0,0.0,0.0,0.0,0.0,1.0,0.17281634224678688,17.70225974275614,19.82246200652183
10025,400.96,0.98,1,0.06,0.345,0.006,-0.09,-0.053,0.38,0.07,0.0,0.0,0.0,0.96,0.0,0.3,0.75,0.39,0.0,0.52,0.0,0.01,0.0,0.0,1.52,1.0,1.0,0.0,0.0,0.0,0.0,0.0,0.0,1.0,1.0,0.0,0.0,0.0,0.0,0.0,0.0,0.0,1.0,0.1797044084146338,18.046883387443945,19.723082923316163
10026,401.0,0.98,1,0.071,0.292,0.002,-0.082,-0.056,0.2,0.07,0.0,0.0,0.0,1.4,0.0,0.3,0.73,0.21,0.0,0.52,0.0,0.02,0.0,0.0,1.09,1.0,1.0,0.0,0.0,0.0,1.0,0.0,0.0,1.0,1.0,0.0,0.0,0.0,0.0,0.0,0.0,0.0,1.0,0.1873278789227606,16.0,19.19426997830333
10027,401.04,0.98,1,0.084,0.298,0.018,-0.089,-0.063,0.1,0.0,0.0,0.0,0.0,1.61,0.0,0.32,0.68,0.02,0.0,0.55,0.0,0.05,0.0,0.0,0.62,1.0,1.0,0.0,0.0,0.0,1.0,0.0,0.0,1.0,1.0,0.0,0.0,0.0,0.0,0.0,0.0,0.0,1.0,0.18440411640640825,15.602884348734921,17.824140933015574
10028,401.08,0.98,1,0.087,0.291,0.012,-0.09,-0.06,0.01,0.0,0.0,0.0,0.0,1.7,0.0,0.28,0.69,0.11,0.0,0.5,0.0,0.07,0.0,0.0,0.28,1.0,1.0,0.0,0.0,0.0,1.0,0.0,0.0,1.0,1.0,0.0,0.0,0.0,0.0,0.0,0.0,0.0,1.0,0.19167264596852024,16.201234520862954,18.37879212570833
10029,401.12,0.98,1,0.086,0.288,0.015,-0.094,-0.059,0.01,0.0,0.0,0.0,0.0,1.86,0.0,0.27,0.68,0.21,0.0,0.49,0.0,0.06,0.0,0.0,0.07,1.0,1.0,0.0,0.0,0.0,1.0,0.0,0.0,1.0,1.0,0.0,0.0,0.0,0.0,0.0,0.0,0.0,0.0,0.20985382575987077,16.600301202086573,19.059118552545918
10030,401.16,0.98,1,0.087,0.299,0.02,-0.096,-0.059,0.01,0.0,0.0,0.07,0.0,2.02,0.0,0.29,0.71,0.21,0.0,0.3,0.0,0.07,0.0,0.0,0.0,1.0,1.0,0.0,0.0,0.0,1.0,0.0,0.0,1.0,1.0,0.0,0.0,0.0,0.0,0.0,0.0,0.0,0.0,0.20665507609608572,18.002499826412997,19.550191814915788
10031,401.2,0.98,1,0.083,0.294,0.017,-0.093,-0.06,0.08,0.0,0.0,0.1,0.0,2.17,0.0,0.37,0.73,0.24,0.0,0.31,0.0,0.07,0.0,0.0,0.0,1.0,1.0,0.0,0.0,0.0,1.0,0.0,0.0,1.0,1.0,0.0,0.0,0.0,0.0,0.0,0.0,0.0,0.0,0.211136733388496,19.004210059878837,20.042205467462903
10032,401.24,0.98,1,0.097,0.287,0.022,-0.096,-0.062,0.17,0.0,0.0,0.11,0.0,2.04,0.0,0.43,0.73,0.16,0.0,0.34,0.0,0.07,0.0,0.0,0.0,1.0,1.0,0.0,0.0,0.0,1.0,0.0,0.0,1.0,1.0,0.0,0.0,0.0,0.0,0.0,0.0,0.0,0.0,0.2208585284991929,19.606376513777256,20.324615617521484
10033,401.28,0.98,1,0.096,0.282,0.024,-0.095,-0.065,0.19,0.0,0.0,0.08,0.0,2.08,0.0,0.4,0.74,0.25,0.0,0.4,0.0,0.03,0.0,0.0,0.0,1.0,1.0,0.0,0.0,0.0,1.0,0.0,0.0,1.0,1.0,0.0,0.0,0.0,0.0,0.0,0.0,0.0,0.0,0.2246133763211027,19.409276132818647,21.123683390924175
10034,401.32,0.98,1,0.087,0.296,0.024,-0.096,-0.063,0.16,0.0,0.0,0.1,0.0,2.0,0.0,0.43,0.74,0.32,0.0,0.43,0.0,0.0,0.0,0.0,0.0,1.0,1.0,0.0,0.0,0.0,1.0,0.0,0.0,1.0,1.0,0.0,0.0,0.0,0.0,0.0,0.0,0.0,0.0,0.2173805449793877,19.730686759461815,21.246176126541034
10035,401.36,0.98,1,0.084,0.298,0.02,-0.104,-0.061,0.11,0.0,0.0,0.09,0.0,2.07,0.0,0.53,0.79,0.55,0.0,0.36,0.0,0.0,0.0,0.0,0.0,1.0,0.0,0.0,0.0,0.0,1.0,0.0,0.0,1.0,1.0,0.0,0.0,0.0,0.0,0.0,0.0,0.0,0.0,0.2132403279696977,20.324615617521484,20.854016399724973
10036,401.4,0.98,1,0.085,0.307,0.034,-0.103,-0.062,0.09,0.0,0.0,0.06,0.0,1.94,0.0,0.61,0.81,0.56,0.0,0.42,0.0,0.0,0.01,0.0,0.0,0.0,0.0,0.0,0.0,0.0,1.0,0.0,0.0,1.0,1.0,0.0,0.0,0.0,0.0,0.0,0.0,0.0,0.0,0.2215809881788317,20.32978111047946,21.16057655169173
10037,401.44,0.98,1,0.091,0.31,0.032,-0.106,-0.062,0.04,0.0,0.0,0.0,0.0,1.78,0.0,0.57,0.81,0.56,0.0,0.38,0.0,0.0,0.01,0.0,0.0,0.0,0.0,0.0,0.0,0.0,1.0,0.0,0.0,1.0,1.0,0.0,0.0,0.0,0.0,0.0,0.0,0.0,0.0,0.22300390732628944,20.32978111047923,20.854016399724973
10038,401.48,0.98,1,0.088,0.311,0.028,-0.107,-0.061,0.03,0.0,0.0,0.0,0.0,1.57,0.0,0.52,0.76,0.48,0.0,0.42,0.0,0.0,0.02,0.0,0.0,0.0,0.0,0.0,0.0,0.0,0.0,0.0,0.0,1.0,1.0,0.0,0.0,0.0,0.0,0.0,0.0,0.0,0.0,0.21486279289495308,20.547749268472202,20.961154548354532
10039,401.52,0.98,1,0.089,0.303,0.032,-0.11,-0.059,0.03,0.0,0.0,0.0,0.0,1.43,0.0,0.51,0.74,0.57,0.01,0.46,0.0,0.02,0.01,0.0,0.0,0.0,0.0,0.0,0.0,0.0,0.0,0.0,0.0,1.0,1.0,0.0,0.0,0.0,0.0,0.0,0.0,0.0,0.0,0.22781841755647844,20.348218595248266,21.246176126540806
10040,401.56,0.98,1,0.08,0.31,0.03,-0.108,-0.056,0.03,0.0,0.0,0.0,0.0,1.41,0.0,0.57,0.77,0.54,0.01,0.47,0.0,0.02,0.01,0.0,0.0,0.0,0.0,0.0,0.0,0.0,0.0,0.0,0.0,1.0,1.0,0.0,0.0,0.0,0.0,0.0,0.0,0.0,0.0,0.21480864556222048,20.224737328331408,21.268051156605807
10041,401.6,0.98,1,0.082,0.313,0.03,-0.109,-0.06,0.0,0.0,0.0,0.0,0.0,1.4,0.0,0.52,0.77,0.51,0.04,0.43,0.0,0.02,0.0,0.0,0.0,0.0,0.0,0.0,0.0,0.0,0.0,0.0,0.0,1.0,1.0,0.0,0.0,0.0,0.0,0.0,0.0,0.0,0.0,0.22177236488079674,20.04220546746291,21.26029162546934
10042,401.64,0.98,1,0.078,0.313,0.041,-0.103,-0.066,0.0,0.0,0.0,0.04,0.0,1.5,0.0,0.43,0.75,0.36,0.04,0.44,0.0,0.0,0.0,0.0,0.0,0.0,0.0,0.0,0.0,0.0,0.0,0.0,0.0,1.0,1.0,0.0,0.0,0.0,0.0,0.0,0.0,0.0,0.0,0.215674691137566,19.93037882229045,21.35275157912905
10043,401.68,0.98,1,0.086,0.317,0.044,-0.109,-0.065,0.0,0.0,0.0,0.04,0.0,1.7,0.0,0.37,0.73,0.21,0.04,0.4,0.0,0.0,0.0,0.0,0.0,0.0,0.0,0.0,0.0,0.0,0.0,0.0,0.0,1.0,1.0,0.0,0.0,0.0,0.0,0.0,0.0,0.0,0.0,0.2223895829730802,20.14199592890428,21.46741717114553
10044,401.72,0.98,1,0.091,0.325,0.049,-0.111,-0.066,0.0,0.0,0.0,0.04,0.0,1.94,0.0,0.41,0.72,0.13,0.01,0.45,0.0,0.01,0.0,0.0,0.0,0.0,0.0,0.0,0.0,0.0,0.0,0.0,0.0,1.0,1.0,0.0,0.0,0.0,0.0,0.0,0.0,0.0,0.0,0.21629495643254198,20.255616505058587,21.882641522448754
10045,401.76,0.98,1,0.088,0.32,0.048,-0.11,-0.065,0.0,0.0,0.0,0.0,0.0,2.04,0.0,0.48,0.72,0.11,0.0,0.45,0.0,0.04,0.0,0.0,0.0,0.0,0.0,0.0,0.0,0.0,0.0,0.0,0.0,1.0,1.0,0.0,0.0,0.0,0.0,0.0,0.0,0.0,0.0,0.21381756622896417,19.97248106770901,22.165288177688918
10046,401.8,0.98,1,0.091,0.31,0.039,-0.108,-0.065,0.04,0.0,0.0,0.0,0.0,2.04,0.0,0.56,0.71,0.13,0.0,0.53,0.0,0.08,0.0,0.0,0.0,0.0,0.0,0.0,0.0,0.0,0.0,0.0,0.0,1.0,1.0,0.0,0.0,0.0,0.0,0.0,0.0,0.0,0.0,0.2185835399774953,19.88164983093703,22.238030488332413
10047,401.84,0.98,1,0.093,0.303,0.04,-0.106,-0.064,0.04,0.0,0.0,0.0,0.0,2.04,0.0,0.58,0.71,0.14,0.0,0.49,0.0,0.09,0.02,0.0,0.0,0.0,0.0,0.0,0.0,0.0,0.0,0.0,0.0,1.0,1.0,0.0,0.0,0.0,0.0,0.0,0.0,0.0,0.0,0.22697755563554578,19.872845795205034,22.74313083108837
10048,401.88,0.98,1,0.095,0.321,0.049,-0.109,-0.067,0.1,0.0,0.0,0.0,0.0,2.04,0.0,0.48,0.67,0.13,0.0,0.51,0.0,0.18,0.02,0.0,0.0,0.0,0.0,0.0,0.0,0.0,0.0,0.0,0.0,1.0,1.0,0.0,0.0,0.0,0.0,0.0,0.0,0.0,0.0,0.21684403644539763,19.972481067709236,22.78793540450718
10049,401.92,0.98,1,0.092,0.317,0.046,-0.107,-0.065,0.05,0.04,0.0,0.04,0.0,2.02,0.0,0.41,0.65,0.14,0.0,0.55,0.0,0.25,0.05,0.0,0.0,0.0,0.0,0.0,0.0,0.0,0.0,0.0,0.0,1.0,1.0,0.0,0.0,0.0,0.0,0.0,0.0,0.0,0.0,0.21725829033683358,20.063897926375127,22.996086623597368
10050,401.96,0.98,1,0.097,0.316,0.048,-0.11,-0.067,0.05,0.04,0.0,0.04,0.0,1.9,0.0,0.37,0.66,0.11,0.0,0.6,0.0,0.42,0.03,0.0,0.0,0.0,0.0,0.0,0.0,0.0,0.0,0.0,0.0,1.0,1.0,0.0,0.0,0.0,0.0,0.0,0.0,0.0,0.0,0.21826355851774135,19.701776569639513,22.89650628371057
10051,402.0,0.98,1,0.109,0.305,0.047,-0.121,-0.066,0.0,0.07,0.0,0.04,0.0,1.94,0.0,0.43,0.67,0.14,0.0,0.65,0.0,0.47,0.03,0.0,0.0,0.0,0.0,0.0,0.0,0.0,0.0,0.0,0.0,1.0,1.0,0.0,0.0,0.0,0.0,0.0,0.0,0.0,0.0,0.2419433830352273,20.044201156444327,22.408257406590273
10052,402.04,0.98,1,0.102,0.32,0.051,-0.124,-0.065,0.0,0.03,0.0,0.0,0.0,1.8,0.0,0.45,0.72,0.24,0.0,0.64,0.0,0.51,0.0,0.0,0.0,0.0,0.0,0.0,0.0,0.0,0.0,0.0,0.0,1.0,1.0,0.0,0.0,0.0,0.0,0.0,0.0,0.0,0.0,0.22756601117757919,21.048990474604803,22.7270763627882
10053,402.08,0.98,1,0.113,0.306,0.044,-0.125,-0.068,0.0,0.03,0.0,0.0,0.0,1.8,0.0,0.41,0.72,0.27,0.0,0.66,0.0,0.5,0.0,0.0,0.0,0.0,0.0,0.0,0.0,0.0,0.0,0.0,0.0,1.0,1.0,0.0,0.0,0.0,0.0,0.0,0.0,0.0,0.0,0.2425376058840106,19.88164983093703,22.34032228952823
10054,402.12,0.98,1,0.119,0.304,0.047,-0.122,-0.071,0.0,0.0,0.0,0.0,0.0,1.68,0.0,0.42,0.71,0.28,0.0,0.66,0.0,0.5,0.0,0.0,0.0,0.0,0.0,0.0,0.0,0.0,0.0,0.0,0.0,1.0,1.0,0.0,0.0,0.0,0.0,0.0,0.0,0.0,0.0,0.24570629567146157,20.23116407921218,22.11990054227188
10055,402.16,0.98,1,0.114,0.303,0.051,-0.122,-0.069,0.0,0.0,0.0,0.0,0.0,1.64,0.0,0.36,0.65,0.31,0.0,0.67,0.0,0.5,0.0,0.0,0.0,0.0,0.0,0.0,0.0,0.0,0.0,0.0,0.0,1.0,1.0,0.0,0.0,0.0,0.0,0.0,0.0,0.0,0.0,0.24377588206793388,20.181427105138038,20.926777104943977
10056,402.2,0.98,1,0.116,0.304,0.05,-0.117,-0.067,0.0,0.0,0.0,0.0,0.0,1.58,0.0,0.38,0.64,0.46,0.0,0.75,0.0,0.47,0.0,0.0,0.0,0.0,0.0,0.0,0.0,0.0,0.0,0.0,0.0,1.0,1.0,0.0,0.0,0.0,0.0,0.0,0.0,0.0,0.0,0.24789105932976377,20.33051893090783,22.550388023269228
10057,402.24,0.98,1,0.122,0.295,0.044,-0.119,-0.062,0.0,0.0,0.0,0.0,0.0,1.63,0.0,0.31,0.64,0.46,0.0,0.69,0.0,0.44,0.0,0.0,0.0,0.0,0.0,0.0,0.0,0.0,0.0,0.0,0.0,1.0,1.0,0.0,0.0,0.0,0.0,0.0,0.0,0.0,0.0,0.25216280196439245,20.354115063052795,21.811235636708016
10058,402.28,0.98,1,0.127,0.288,0.05,-0.121,-0.06,0.0,0.0,0.0,0.0,0.0,1.71,0.0,0.31,0.66,0.46,0.0,0.71,0.0,0.37,0.0,0.0,0.0,0.0,0.0,0.0,0.0,0.0,0.0,0.0,0.0,1.0,1.0,0.0,0.0,0.0,0.0,0.0,0.0,0.0,0.0,0.26638399257568735,20.231164079211958,21.991134577370126
10059,402.32,0.98,1,0.122,0.305,0.054,-0.123,-0.06,0.0,0.0,0.0,0.0,0.0,1.76,0.0,0.35,0.64,0.33,0.0,0.69,0.0,0.31,0.0,0.0,0.0,0.0,0.0,0.0,0.0,0.0,0.0,0.0,0.0,1.0,1.0,0.0,0.0,0.0,0.0,0.0,0.0,0.0,0.0,0.2565328832013754,20.687435800504748,21.79197099851232
10060,402.36,0.98,1,0.124,0.307,0.048,-0.122,-0.06,0.0,0.0,0.0,0.0,0.0,1.78,0.0,0.46,0.63,0.28,0.0,0.7,0.0,0.28,0.04,0.0,0.0,0.0,0.0,0.0,0.0,0.0,0.0,0.0,0.0,1.0,1.0,0.0,0.0,0.0,0.0,0.0,0.0,0.0,0.0,0.24411931617037863,19.749683541768512,21.345959805077822
10061,402.4,0.98,1,0.12,0.293,0.052,-0.109,-0.065,0.0,0.0,0.0,0.0,0.0,1.86,0.0,0.53,0.62,0.26,0.0,0.65,0.0,0.23,0.04,0.0,0.0,0.0,0.0,0.0,0.0,0.0,0.0,0.0,0.0,1.0,1.0,0.0,0.0,0.0,0.0,0.0,0.0,0.0,0.0,0.23922805821889537,18.445866745696577,19.825236442473976
10062,402.44,0.98,1,0.112,0.294,0.049,-0.116,-0.061,0.0,0.0,0.0,0.0,0.0,1.89,0.0,0.54,0.66,0.29,0.0,0.68,0.0,0.26,0.04,0.0,0.0,0.0,0.0,0.0,0.0,0.0,1.0,0.0,0.0,1.0,1.0,0.0,0.0,0.0,0.0,0.0,0.0,0.0,0.0,0.24761630983591174,18.52187895436097,19.830532015051897
10063,402.48,0.98,1,0.102,0.308,0.048,-0.114,-0.057,0.0,0.0,0.0,0.0,0.0,1.81,0.0,0.5,0.68,0.4,0.0,0.78,0.0,0.26,0.0,0.0,0.0,0.0,0.0,0.0,0.0,0.0,1.0,0.0,0.0,1.0,1.0,0.0,0.0,0.0,0.0,0.0,0.0,0.0,0.0,0.23473900282020987,18.931983519958887,20.834586628968626
10064,402.52,0.98,1,0.108,0.307,0.055,-0.116,-0.058,0.0,0.0,0.0,0.0,0.0,1.91,0.0,0.5,0.69,0.43,0.0,0.87,0.0,0.29,0.0,0.0,0.0,0.0,0.0,0.0,0.0,0.0,1.0,0.0,0.0,1.0,1.0,0.0,0.0,0.0,0.0,0.0,0.0,0.0,0.0,0.24104676016330942,20.09004728715191,21.866183937761022
10065,402.56,0.98,1,0.113,0.316,0.049,-0.116,-0.059,0.0,0.0,0.0,0.0,0.0,2.07,0.0,0.48,0.68,0.38,0.0,0.9,0.0,0.24,0.0,0.0,0.0,0.0,0.0,0.0,0.0,0.0,1.0,0.0,0.0,1.0,1.0,0.0,0.0,0.0,0.0,0.0,0.0,0.0,0.0,0.23054034505414983,20.22003956474877,21.484180226389697
10066,402.6,0.98,1,0.107,0.313,0.049,-0.114,-0.06,0.0,0.0,0.0,0.0,0.0,2.0,0.0,0.53,0.7,0.31,0.0,0.92,0.0,0.2,0.0,0.0,0.0,0.0,0.0,0.0,0.0,0.0,1.0,0.0,0.0,1.0,1.0,0.0,0.0,0.0,0.0,0.0,0.0,0.0,0.0,0.2250841946329762,20.497804760510196,21.583790213954543
10067,402.64,0.98,1,0.107,0.314,0.049,-0.115,-0.059,0.0,0.0,0.0,0.0,0.0,1.46,0.0,0.51,0.7,0.24,0.0,0.81,0.0,0.11,0.0,0.0,0.46,0.0,0.0,0.0,0.0,0.0,0.0,0.0,0.0,1.0,1.0,0.0,1.0,0.0,0.0,0.0,0.0,0.0,0.0,0.21966009830269903,19.864541273334208,20.977368757782617
10068,402.68,0.98,1,0.123,0.363,0.035,-0.12,-0.056,0.06,0.01,0.0,0.0,0.0,0.75,0.0,0.5,0.72,0.39,0.0,0.82,0.0,0.05,0.02,0.0,1.14,0.0,0.0,0.0,0.0,0.0,0.0,0.0,0.0,1.0,1.0,0.0,1.0,0.0,0.0,0.0,0.0,0.0,1.0,0.20399466974220593,15.838244852255524,20.000249998437383
10069,402.72,0.98,1,0.082,0.408,0.039,-0.128,-0.055,0.27,0.05,0.0,0.0,0.0,0.63,0.0,0.44,0.7,0.57,0.0,0.85,0.0,0.0,0.02,0.0,1.6,0.0,0.0,0.0,0.0,0.0,0.0,0.0,0.0,1.0,1.0,0.0,1.0,0.0,0.0,0.0,0.0,0.0,1.0,0.18469120136856082,18.0897761180176,21.1482859825566
10070,402.76,0.98,1,0.077,0.363,0.034,-0.111,-0.053,0.41,0.19,0.0,0.06,0.0,0.92,0.0,0.37,0.67,0.65,0.0,0.94,0.0,0.0,0.02,0.0,1.37,0.0,0.0,0.0,0.0,0.0,0.0,0.0,0.0,1.0,1.0,0.0,1.0,0.0,0.0,0.0,0.0,0.0,1.0,0.17766552996159726,16.34411208967944,19.275113488641075
10071,402.8,0.98,1,0.113,0.294,0.04,-0.102,-0.059,0.35,0.18,0.0,0.06,0.0,1.55,0.0,0.38,0.64,0.54,0.0,0.96,0.0,0.01,0.0,0.0,0.76,0.0,0.0,0.0,0.0,0.0,1.0,0.0,0.0,1.0,1.0,0.0,1.0,0.0,0.0,0.0,0.0,0.0,1.0,0.19956854054889012,15.100331122197197,17.514565367145007
10072,402.84,0.98,1,0.109,0.324,0.051,-0.106,-0.062,0.14,0.14,0.0,0.06,0.0,1.89,0.0,0.42,0.68,0.41,0.0,0.84,0.0,0.01,0.0,0.0,0.3,0.0,1.0,0.0,0.0,0.0,1.0,0.0,0.0,1.0,1.0,0.0,1.0,0.0,0.0,0.0,0.0,0.0,0.0,0.18804749462677486,15.605127362504836,18.344754018519886
10073,402.88,0.98,1,0.106,0.321,0.052,-0.111,-0.063,0.0,0.0,0.0,0.0,0.0,2.23,0.0,0.56,0.74,0.38,0.0,0.75,0.0,0.01,0.0,0.0,0.08,0.0,1.0,0.0,0.0,0.0,1.0,0.0,0.0,1.0,1.0,0.0,0.0,0.0,0.0,0.0,0.0,0.0,0.0,0.20950271459303765,16.600301202086573,18.876705220985947
10074,402.92,0.98,1,0.121,0.323,0.053,-0.113,-0.063,0.0,0.0,0.0,0.0,0.0,2.3,0.0,0.59,0.78,0.37,0.0,0.65,0.0,0.03,0.0,0.0,0.0,0.0,0.0,0.0,0.0,0.0,1.0,0.0,0.0,1.0,1.0,0.0,0.0,0.0,0.0,0.0,0.0,0.0,0.0,0.22399919427425974,18.40434731252361,19.949185447030025
10075,402.96,0.98,1,0.125,0.315,0.049,-0.109,-0.064,0.0,0.0,0.0,0.0,0.0,2.28,0.0,0.6,0.78,0.33,0.0,0.57,0.0,0.03,0.02,0.0,0.0,0.0,0.0,0.0,0.0,0.0,1.0,0.0,0.0,1.0,1.0,0.0,0.0,0.0,0.0,0.0,0.0,0.0,0.0,0.22751953121201424,19.200260414900672,19.736514383243883
10076,403.0,0.98,1,0.113,0.313,0.052,-0.107,-0.065,0.0,0.0,0.0,0.0,0.0,2.15,0.0,0.51,0.73,0.34,0.0,0.52,0.0,0.07,0.02,0.0,0.0,0.0,1.0,0.0,0.0,0.0,1.0,0.0,0.0,1.0,1.0,0.0,0.0,0.0,0.0,0.0,0.0,0.0,0.0,0.22626278625800428,19.03181546778972,20.28915966717207
10077,403.04,0.98,1,0.105,0.31,0.048,-0.103,-0.064,0.0,0.0,0.0,0.0,0.0,2.07,0.0,0.54,0.7,0.39,0.0,0.5,0.0,0.06,0.02,0.0,0.0,0.0,1.0,0.0,0.0,0.0,1.0,0.0,0.0,1.0,1.0,0.0,0.0,0.0,0.0,0.0,0.0,0.0,0.0,0.2258547108872602,19.237463450257717,20.171762441591376
10078,403.08,0.98,1,0.099,0.318,0.061,-0.105,-0.063,0.0,0.0,0.0,0.0,0.0,1.95,0.0,0.51,0.72,0.5,0.0,0.64,0.0,0.11,0.0,0.0,0.0,0.0,1.0,0.0,0.0,0.0,1.0,0.0,0.0,1.0,1.0,0.0,0.0,0.0,0.0,0.0,0.0,0.0,0.0,0.23940727867623382,19.044421755464253,20.455072720477034
10079,403.12,0.98,1,0.104,0.32,0.054,-0.107,-0.061,0.0,0.0,0.0,0.0,0.0,1.84,0.0,0.59,0.74,0.61,0.0,0.7,0.0,0.13,0.0,0.0,0.0,0.0,0.0,0.0,0.0,0.0,1.0,0.0,0.0,1.0,1.0,0.0,0.0,0.0,0.0,0.0,0.0,0.0,0.0,0.24046709785614645,19.243960091415737,19.701776569639513
10080,403.16,0.98,1,0.104,0.322,0.06,-0.11,-0.059,0.0,0.0,0.0,0.0,0.0,1.76,0.0,0.53,0.73,0.67,0.0,0.74,0.0,0.19,0.0,0.0,0.0,0.0,0.0,0.0,0.0,0.0,0.0,0.0,0.0,1.0,1.0,0.0,0.0,0.0,0.0,0.0,0.0,0.0,0.0,0.24240641411951525,19.972481067709236,20.408331631958507
10081,403.2,0.98,1,0.11,0.322,0.057,-0.109,-0.06,0.0,0.0,0.0,0.0,0.0,1.7,0.0,0.51,0.74,0.73,0.0,0.7,0.0,0.23,0.0,0.0,0.0,0.0,0.0,0.0,0.0,0.0,0.0,0.0,0.0,1.0,1.0,0.0,0.0,0.0,0.0,0.0,0.0,0.0,0.0,0.23418032695534452,19.665197685251105,19.933138237618454
10082,403.24,0.98,1,0.129,0.304,0.058,-0.115,-0.061,0.0,0.0,0.0,0.0,0.0,1.63,0.0,0.46,0.76,0.73,0.0,0.75,0.0,0.24,0.0,0.0,0.0,0.0,0.0,0.0,0.0,0.0,0.0,0.0,0.0,1.0,1.0,0.0,0.0,0.0,0.0,0.0,0.0,0.0,0.0,0.2493583599162456,19.275113488641303,17.935439777156247
10083,403.28,0.98,1,0.126,0.301,0.061,-0.114,-0.061,0.0,0.0,0.0,0.0,0.0,1.58,0.0,0.42,0.78,0.66,0.0,0.73,0.0,0.22,0.0,0.0,0.0,0.0,0.0,0.0,0.0,0.0,0.0,0.0,0.0,1.0,1.0,0.0,0.0,0.0,0.0,0.0,0.0,0.0,0.0,0.25114777675364985,19.72308292331592,17.069563556224743
10084,403.32,0.98,1,0.116,0.295,0.061,-0.11,-0.063,0.0,0.0,0.0,0.0,0.0,1.55,0.0,0.37,0.78,0.59,0.0,0.66,0.0,0.17,0.0,0.0,0.0,0.0,0.0,0.0,0.0,0.0,0.0,0.0,0.0,1.0,1.0,0.0,0.0,0.0,0.0,0.0,0.0,0.0,0.0,0.25197134476117855,19.845654436173216,17.240939649566585
10085,403.36,0.98,1,0.111,0.29,0.063,-0.113,-0.062,0.0,0.0,0.0,0.0,0.0,1.51,0.0,0.35,0.73,0.51,0.0,0.6,0.0,0.17,0.0,0.0,0.0,0.0,0.0,0.0,0.0,0.0,0.0,0.0,0.0,1.0,1.0,0.0,0.0,0.0,0.0,0.0,0.0,0.0,0.0,0.2617933049039982,20.13181561608392,17.154882686862063
10086,403.4,0.98,1,0.111,0.289,0.059,-0.109,-0.062,0.0,0.0,0.0,0.0,0.0,1.39,0.0,0.36,0.69,0.45,0.0,0.56,0.0,0.17,0.0,0.0,0.0,0.0,0.0,0.0,0.0,0.0,0.0,0.0,0.0,1.0,1.0,0.0,0.0,0.0,0.0,0.0,0.0,0.0,0.0,0.25527617211433806,20.155644370746373,17.40402252354318
10087,403.44,0.98,1,0.106,0.28,0.059,-0.11,-0.062,0.0,0.0,0.0,0.0,0.0,1.28,0.0,0.46,0.64,0.3,0.0,0.57,0.0,0.17,0.0,0.0,0.0,0.0,0.0,0.0,0.0,0.0,0.0,0.0,0.0,1.0,1.0,0.0,0.0,0.0,0.0,0.0,0.0,0.0,0.0,0.26292919446414653,20.478769494283533,17.41522322567237
10088,403.48,0.98,1,0.103,0.272,0.053,-0.106,-0.062,0.0,0.0,0.0,0.0,0.0,1.32,0.0,0.55,0.65,0.14,0.0,0.53,0.0,0.16,0.0,0.0,0.0,0.0,0.0,0.0,0.0,0.0,0.0,0.0,0.0,1.0,1.0,0.0,0.0,0.0,0.0,0.0,0.0,0.0,0.0,0.26945945413506545,21.00119044244891,17.702259742756155
10089,403.52,0.98,1,0.091,0.273,0.053,-0.102,-0.062,0.0,0.0,0.0,0.0,0.0,1.5,0.0,0.57,0.68,0.09,0.0,0.51,0.0,0.19,0.0,0.0,0.0,0.0,0.0,0.0,0.0,0.0,0.0,0.0,0.0,1.0,1.0,0.0,0.0,0.0,0.0,0.0,0.0,0.0,0.0,0.26235508703470717,20.817300497422945,17.383325343558365
10090,403.56,0.98,1,0.091,0.267,0.054,-0.104,-0.061,0.0,0.0,0.0,0.0,0.0,1.82,0.0,0.51,0.68,0.11,0.0,0.47,0.0,0.22,0.0,0.0,0.0,0.0,0.0,0.0,0.0,0.0,0.0,0.0,0.0,1.0,1.0,0.0,0.0,0.0,0.0,0.0,0.0,0.0,0.0,0.2782589028573954,20.77618829333226,17.58237754116319
10091,403.6,0.98,1,0.09,0.267,0.05,-0.097,-0.063,0.0,0.0,0.0,0.0,0.0,1.93,0.0,0.4,0.68,0.16,0.0,0.45,0.0,0.25,0.0,0.0,0.0,0.0,0.0,0.0,0.0,0.0,1.0,0.0,0.0,1.0,1.0,0.0,0.0,0.0,0.0,0.0,0.0,0.0,0.0,0.2714360314650567,20.80312476528481,17.5823775411632
10092,403.64,0.98,1,0.088,0.267,0.052,-0.1,-0.064,0.0,0.0,0.0,0.0,0.0,2.0,0.0,0.35,0.66,0.12,0.0,0.43,0.0,0.3,0.02,0.0,0.0,0.0,0.0,0.0,0.0,0.0,1.0,0.0,0.0,1.0,1.0,0.0,0.0,0.0,0.0,0.0,0.0,0.0,0.0,0.2662174243252109,20.70410587299052,17.57299063904604
10093,403.68,0.98,1,0.081,0.283,0.053,-0.097,-0.066,0.0,0.0,0.0,0.0,0.0,1.9,0.0,0.29,0.65,0.1,0.0,0.47,0.0,0.33,0.02,0.0,0.0,0.0,0.0,0.0,0.0,0.0,1.0,0.0,0.0,1.0,1.0,0.0,0.0,0.0,0.0,0.0,0.0,0.0,0.0,0.24945008756830633,21.073680267101032,18.170580618130966
10094,403.72,0.98,1,0.078,0.276,0.054,-0.095,-0.064,0.0,0.0,0.0,0.0,0.0,1.94,0.0,0.32,0.62,0.08,0.0,0.53,0.0,0.4,0.02,0.0,0.0,0.0,0.0,0.0,0.0,0.0,1.0,0.0,0.0,1.0,1.0,0.0,0.0,0.0,0.0,0.0,0.0,0.0,0.0,0.25079678595332744,21.160340261914506,17.980545041794574
10095,403.76,0.98,1,0.076,0.274,0.05,-0.099,-0.061,0.0,0.0,0.0,0.0,0.0,2.01,0.0,0.32,0.62,0.16,0.0,0.57,0.0,0.46,0.0,0.0,0.0,0.0,0.0,0.0,0.0,0.0,1.0,0.0,0.0,1.0,1.0,0.0,0.0,0.0,0.0,0.0,0.0,0.0,0.0,0.25200970552649493,20.938003725283792,18.179658962697758
10096,403.8,0.98,1,0.074,0.265,0.043,-0.098,-0.055,0.0,0.0,0.0,0.0,0.0,2.13,0.0,0.36,0.63,0.23,0.0,0.61,0.0,0.55,0.04,0.0,0.0,0.0,0.0,0.0,0.0,0.0,1.0,0.0,0.0,1.0,1.0,0.0,0.0,0.0,0.0,0.0,0.0,0.0,0.0,0.2595976797353635,21.160340261914506,18.569060288555264
10097,403.84,0.98,1,0.076,0.259,0.042,-0.101,-0.055,0.0,0.0,0.0,0.0,0.0,2.02,0.0,0.33,0.64,0.26,0.0,0.56,0.0,0.53,0.05,0.0,0.0,0.0,0.0,0.0,0.0,0.0,1.0,0.0,0.0,1.0,1.0,0.0,0.0,0.0,0.0,0.0,0.0,0.0,0.0,0.2723516660745779,21.423818520515848,19.358202395883946
10098,403.88,0.98,1,0.077,0.278,0.046,-0.098,-0.058,0.0,0.0,0.0,0.0,0.0,1.91,0.0,0.28,0.62,0.22,0.0,0.57,0.0,0.49,0.08,0.0,0.0,0.0,0.0,0.0,0.0,0.0,1.0,0.0,0.0,1.0,1.0,0.0,0.0,0.0,0.0,0.0,0.0,0.0,0.0,0.26213987590133275,21.545533179756863,20.67002660859429
10099,403.92,0.98,1,0.08,0.284,0.044,-0.096,-0.06,0.0,0.0,0.0,0.0,0.0,1.89,0.0,0.33,0.61,0.12,0.0,0.57,0.0,0.49,0.04,0.0,0.0,0.0,0.0,0.0,0.0,0.0,1.0,0.0,0.0,1.0,1.0,0.0,0.0,0.0,0.0,0.0,0.0,0.0,0.0,0.25401639930097153,21.44621178670019,21.559452683219952
10100,403.96,0.98,1,0.077,0.279,0.04,-0.092,-0.059,0.0,0.0,0.0,0.0,0.0,1.87,0.0,0.35,0.57,0.11,0.0,0.66,0.0,0.52,0.03,0.0,0.0,0.0,0.0,0.0,0.0,0.0,1.0,0.0,0.0,1.0,1.0,0.0,0.0,0.0,0.0,0.0,0.0,0.0,0.0,0.2572092159075261,21.72210855326909,22.74950548913101
10101,404.0,0.98,1,0.08,0.289,0.042,-0.085,-0.059,0.0,0.0,0.0,0.0,0.0,1.85,0.0,0.42,0.51,0.08,0.0,0.63,0.0,0.56,0.0,0.0,0.0,0.0,0.0,0.0,0.0,0.0,1.0,0.0,0.0,1.0,1.0,0.0,0.0,0.0,0.0,0.0,0.0,0.0,0.0,0.23546898114399573,21.56965461012286,22.837031330713906
10102,404.04,0.98,1,0.073,0.284,0.04,-0.082,-0.057,0.0,0.0,0.0,0.0,0.0,1.74,0.0,0.39,0.47,0.14,0.04,0.56,0.01,0.48,0.0,0.0,0.0,0.0,1.0,0.0,0.0,0.0,1.0,0.0,0.0,1.0,1.0,0.0,0.0,0.0,0.0,0.0,0.0,0.0,0.0,0.23743860629813168,21.236054247434858,23.22606294661219
10103,404.08,0.98,1,0.072,0.305,0.031,-0.091,-0.053,0.12,0.06,0.0,0.0,0.0,1.46,0.0,0.42,0.46,0.12,0.05,0.49,0.01,0.3,0.0,0.0,0.51,0.0,1.0,0.0,0.0,0.0,1.0,0.0,0.0,1.0,1.0,0.0,0.0,0.0,0.0,0.0,0.0,0.0,1.0,0.19913631322669353,17.102631376487206,18.82896704548611
10104,404.12,0.98,1,0.096,0.362,0.016,-0.098,-0.049,0.35,0.07,0.0,0.0,0.0,1.12,0.0,0.28,0.48,0.12,0.05,0.48,0.01,0.1,0.0,0.0,0.96,0.0,1.0,0.0,0.0,0.0,1.0,0.0,0.0,1.0,1.0,0.0,0.0,0.0,0.0,0.0,0.0,0.0,1.0,0.19248771916536242,15.72577502064688,19.36207633493892
10105,404.16,0.98,1,0.067,0.358,0.006,-0.087,-0.046,0.52,0.07,0.0,0.0,0.0,0.92,0.0,0.14,0.47,0.05,0.01,0.5,0.0,0.0,0.0,0.0,1.29,0.0,1.0,0.0,0.0,0.0,1.0,0.0,0.0,1.0,1.0,0.0,0.0,0.0,0.0,0.0,0.0,0.0,1.0,0.17586231760809362,16.137533888422887,21.236054247435085
10106,404.2,0.98,1,0.051,0.308,0.017,-0.066,-0.056,0.41,0.01,0.0,0.0,0.0,1.11,0.0,0.04,0.47,0.06,0.0,0.55,0.0,0.03,0.0,0.0,1.0,0.0,1.0,0.0,0.0,0.0,1.0,0.0,0.0,1.0,1.0,0.0,0.0,0.0,0.0,0.0,0.0,0.0,1.0,0.18392295074217652,16.344112089679218,20.271408436514765
10107,404.24,0.98,1,0.056,0.302,0.02,-0.076,-0.052,0.2,0.0,0.0,0.0,0.0,1.5,0.0,0.1,0.47,0.07,0.0,0.53,0.0,0.09,0.0,0.0,0.65,0.0,1.0,0.0,0.0,0.0,1.0,0.0,0.0,1.0,1.0,0.0,0.0,0.0,0.0,0.0,0.0,0.0,1.0,0.1951572622328426,15.302940893828172,18.258422713914936
10108,404.28,0.98,1,0.048,0.298,0.021,-0.067,-0.056,0.03,0.0,0.0,0.0,0.0,1.73,0.0,0.12,0.49,0.07,0.0,0.51,0.0,0.12,0.0,0.0,0.38,0.0,1.0,0.0,0.0,0.0,1.0,0.0,0.0,1.0,1.0,0.0,0.0,0.0,0.0,0.0,0.0,0.0,0.0,0.19106899208057498,16.600000000000136,18.487833837418684
10109,404.32,0.98,1,0.049,0.282,0.021,-0.06,-0.058,0.02,0.0,0.0,0.0,0.0,1.98,0.0,0.09,0.46,0.0,0.0,0.48,0.02,0.14,0.0,0.0,0.16,0.0,1.0,0.0,0.0,0.0,1.0,0.0,0.0,1.0,1.0,0.0,0.0,0.0,0.0,0.0,0.0,0.0,0.0,0.19799250185995831,17.802527910383915,19.864541273334208
10110,404.36,0.98,1,0.051,0.285,0.019,-0.064,-0.058,0.07,0.0,0.0,0.0,0.0,2.11,0.0,0.03,0.48,0.0,0.0,0.5,0.02,0.13,0.0,0.0,0.06,0.0,1.0,0.0,0.0,0.0,1.0,0.0,0.0,1.0,1.0,0.0,0.0,0.0,0.0,0.0,0.0,0.0,0.0,0.21168261403824734,18.201098867925577,19.636700333813856
10111,404.4,0.98,1,0.041,0.293,0.021,-0.065,-0.06,0.11,0.0,0.0,0.0,0.0,2.16,0.0,0.01,0.48,0.0,0.0,0.59,0.02,0.18,0.0,0.0,0.0,0.0,1.0,0.0,0.0,0.0,1.0,0.0,0.0,1.0,1.0,0.0,0.0,0.0,0.0,0.0,0.0,0.0,0.0,0.2132144881995805,18.200000000000045,19.72536438193203
10112,404.44,0.98,1,0.038,0.275,0.014,-0.056,-0.061,0.11,0.0,0.0,0.0,0.0,2.09,0.0,0.0,0.5,0.05,0.0,0.61,0.0,0.15,0.0,0.0,0.0,0.0,1.0,0.0,0.0,0.0,1.0,0.0,0.0,1.0,1.0,0.0,0.0,0.0,0.0,0.0,0.0,0.0,0.0,0.21874813380253189,18.70026737776767,20.324615617521484
10113,404.48,0.98,1,0.031,0.283,0.017,-0.058,-0.066,0.04,0.0,0.0,0.0,0.0,1.99,0.0,0.0,0.48,0.06,0.0,0.54,0.0,0.17,0.0,0.0,0.0,0.0,1.0,0.0,0.0,0.0,1.0,0.0,0.0,1.0,1.0,0.0,0.0,0.0,0.0,0.0,0.0,0.0,0.0,0.21256038879351252,19.704060495237847,20.220039564748674
10114,404.52,0.98,1,0.054,0.238,0.017,-0.048,-0.07,0.07,0.02,0.0,0.0,0.0,2.12,0.0,0.0,0.48,0.14,0.0,0.45,0.0,0.1,0.0,0.0,0.0,0.0,1.0,0.0,0.0,0.0,1.0,0.0,0.0,1.0,1.0,0.0,0.0,0.0,0.0,0.0,0.0,0.0,0.0,0.24334658571522927,20.20222759994555,21.428252378577078
10115,404.56,0.98,1,0.059,0.26,0.025,-0.052,-0.074,0.11,0.02,0.0,0.0,0.0,2.21,0.0,0.05,0.51,0.14,0.01,0.38,0.0,0.11,0.0,0.0,0.0,0.0,1.0,0.0,0.0,0.0,1.0,0.0,0.0,1.0,1.0,0.0,0.0,0.0,0.0,0.0,0.0,0.0,0.0,0.238068472649632,20.506096654409877,21.34595980507783
10116,404.6,0.98,1,0.056,0.267,0.024,-0.052,-0.076,0.11,0.11,0.0,0.0,0.0,2.21,0.0,0.05,0.51,0.13,0.05,0.4,0.0,0.09,0.0,0.0,0.0,0.0,1.0,0.0,0.0,0.0,1.0,0.0,0.0,1.0,1.0,0.0,0.0,0.0,0.0,0.0,0.0,0.0,0.0,0.23629191402498084,21.011663427725086,21.73890521622471
10117,404.64,0.98,1,0.055,0.26,0.019,-0.05,-0.079,0.09,0.11,0.0,0.0,0.0,2.11,0.0,0.05,0.51,0.12,0.09,0.35,0.0,0.06,0.0,0.0,0.0,0.0,1.0,0.0,0.0,0.0,1.0,0.0,0.0,1.0,1.0,0.0,0.0,0.0,0.0,0.0,0.0,0.0,0.0,0.23854885294848122,21.433618453261783,21.35275157912905
10118,404.68,0.98,1,0.061,0.259,0.023,-0.048,-0.085,0.05,0.11,0.0,0.0,0.0,1.92,0.0,0.0,0.47,0.1,0.21,0.33,0.0,0.05,0.0,0.0,0.0,0.0,1.0,0.0,0.0,0.0,1.0,0.0,0.0,1.0,1.0,0.0,0.0,0.0,0.0,0.0,0.0,0.0,0.0,0.24053264524161222,21.467417171145755,22.044500447957535
10119,404.72,0.98,1,0.058,0.239,0.021,-0.044,-0.09,0.05,0.01,0.0,0.0,0.0,1.73,0.0,0.0,0.49,0.1,0.27,0.39,0.0,0.04,0.0,0.0,0.0,0.0,1.0,0.0,0.0,0.0,1.0,0.0,0.0,1.0,1.0,0.0,0.0,0.0,0.0,0.0,0.0,0.0,0.0,0.24734351859261117,21.575217264259468,23.021728866442675
10120,404.76,0.98,1,0.055,0.236,0.021,-0.042,-0.092,0.0,0.0,0.0,0.0,0.0,1.52,0.0,0.0,0.48,0.08,0.26,0.46,0.0,0.11,0.0,0.0,0.0,0.0,1.0,0.0,0.0,0.0,1.0,0.0,0.0,1.0,1.0,0.0,0.0,0.0,0.0,0.0,0.0,0.0,0.0,0.2448345946990092,21.52324325003097,23.126175645791413
10121,404.8,0.98,1,0.057,0.225,0.016,-0.045,-0.092,0.0,0.0,0.0,0.0,0.0,1.61,0.0,0.0,0.45,0.05,0.13,0.46,0.0,0.19,0.03,0.0,0.0,0.0,1.0,0.0,0.0,0.0,1.0,0.0,0.0,1.0,1.0,0.0,0.0,0.0,0.0,0.0,0.0,0.0,0.0,0.249106873211359,21.423818520516086,23.630488780386997
10122,404.84,0.98,1,0.055,0.235,0.018,-0.05,-0.094,0.0,0.0,0.0,0.0,0.0,1.62,0.0,0.0,0.45,0.05,0.08,0.35,0.0,0.2,0.03,0.0,0.0,0.0,1.0,0.0,0.0,0.0,1.0,0.0,0.0,1.0,1.0,0.0,0.0,0.0,0.0,0.0,0.0,0.0,0.0,0.24090347638973209,21.942880394332875,23.5306183514161
10123,404.88,0.98,1,0.06,0.241,0.015,-0.052,-0.097,0.0,0.02,0.0,0.0,0.0,1.66,0.0,0.0,0.44,0.07,0.05,0.35,0.0,0.19,0.03,0.0,0.0,0.0,1.0,0.0,0.0,0.0,1.0,0.0,0.0,1.0,1.0,0.0,0.0,0.0,0.0,0.0,0.0,0.0,0.0,0.24070540029954812,22.34032228952846,23.142385356743063
10124,404.92,0.98,1,0.066,0.247,0.018,-0.058,-0.096,0.0,0.02,0.0,0.0,0.0,1.6,0.0,0.0,0.49,0.12,0.04,0.33,0.0,0.18,0.0,0.0,0.0,0.0,1.0,0.0,0.0,0.0,1.0,0.0,0.0,1.0,1.0,0.0,0.0,0.0,0.0,0.0,0.0,0.0,0.0,0.2426134465499619,22.153103620034827,22.949074055395005
10125,404.96,0.98,1,0.061,0.25,0.024,-0.056,-0.095,0.0,0.02,0.0,0.0,0.0,1.73,0.0,0.0,0.47,0.29,0.0,0.46,0.0,0.26,0.0,0.0,0.0,0.0,1.0,0.0,0.0,0.0,1.0,0.0,0.0,1.0,1.0,0.0,0.0,0.0,0.0,0.0,0.0,0.0,0.0,0.24325134010873323,22.119900542271893,23.04886114323222
10126,405.0,0.98,1,0.056,0.263,0.019,-0.063,-0.086,0.0,0.0,0.0,0.01,0.0,1.95,0.0,0.0,0.46,0.25,0.0,0.39,0.0,0.31,0.0,0.0,0.0,0.0,0.0,0.0,0.0,0.0,1.0,0.0,0.0,1.0,1.0,0.0,0.0,0.0,0.0,0.0,0.0,0.0,0.0,0.23965307620174153,21.51278689523964,22.051077071199945
10127,405.04,0.98,1,0.06,0.265,0.019,-0.057,-0.086,0.0,0.0,0.0,0.01,0.0,2.13,0.0,0.0,0.37,0.2,0.0,0.46,0.0,0.36,0.0,0.0,0.0,0.0,0.0,0.0,0.0,0.0,1.0,0.0,0.0,1.0,1.0,0.0,0.0,0.0,0.0,0.0,0.0,0.0,0.0,0.22862866241036006,21.683403791840338,22.244100341438894
10128,405.08,0.98,1,0.053,0.257,0.019,-0.065,-0.081,0.0,0.0,0.0,0.01,0.0,2.04,0.0,0.0,0.32,0.05,0.0,0.43,0.0,0.41,0.0,0.0,0.0,0.0,0.0,0.0,0.0,0.0,1.0,0.0,0.0,1.0,1.0,0.0,0.0,0.0,0.0,0.0,0.0,0.0,0.0,0.24131588595807907,21.176638071233025,22.332263655975364
10129,405.12,0.98,1,0.04,0.259,0.013,-0.064,-0.076,0.0,0.0,0.0,0.0,0.0,1.88,0.0,0.0,0.26,0.02,0.0,0.57,0.0,0.48,0.0,0.0,0.0,0.0,0.0,0.0,0.0,0.0,1.0,0.0,0.0,1.0,1.0,0.0,0.0,0.0,0.0,0.0,0.0,0.0,0.0,0.23269816690965162,21.53346233191495,22.614154859291023
10130,405.16,0.98,1,0.045,0.258,0.018,-0.068,-0.074,0.0,0.0,0.0,0.0,0.0,1.68,0.0,0.0,0.3,0.03,0.0,0.57,0.0,0.53,0.0,0.0,0.0,0.0,0.0,0.0,0.0,0.0,1.0,0.0,0.0,1.0,1.0,0.0,0.0,0.0,0.0,0.0,0.0,0.0,0.0,0.23426976942637795,21.53926646847566,22.610838109189935
10131,405.2,0.98,1,0.058,0.254,0.021,-0.069,-0.072,0.0,0.0,0.0,0.0,0.0,1.73,0.0,0.0,0.31,0.02,0.0,0.58,0.0,0.46,0.0,0.0,0.0,0.0,0.0,0.0,0.0,0.0,1.0,0.0,0.0,1.0,1.0,0.0,0.0,0.0,0.0,0.0,0.0,0.0,0.0,0.24271498460120383,21.046614929722068,22.3224102641269
10132,405.24,0.98,1,0.035,0.271,0.015,-0.063,-0.072,0.15,0.0,0.0,0.0,0.0,1.27,0.0,0.07,0.37,0.08,0.08,0.51,0.0,0.27,0.04,0.0,0.63,0.0,1.0,0.0,0.0,0.0,0.0,0.0,0.0,1.0,1.0,0.0,0.0,0.0,0.0,0.0,0.0,0.0,0.0,0.20059005812861214,18.40027173712375,19.194269978303556
10133,405.28,0.98,1,0.071,0.372,0.004,-0.078,-0.06,0.27,0.0,0.0,0.0,0.0,0.87,0.0,0.09,0.42,0.15,0.15,0.45,0.0,0.1,0.04,0.0,1.32,1.0,1.0,0.0,0.0,0.0,1.0,0.0,0.0,1.0,1.0,0.0,0.0,0.0,0.0,0.0,0.0,0.0,1.0,0.1870396042578819,17.049633427144414,20.03247363657329
10134,405.32,0.98,1,0.057,0.376,-0.002,-0.071,-0.057,0.47,0.09,0.0,0.0,0.0,0.47,0.0,0.12,0.48,0.26,0.15,0.42,0.0,0.0,0.04,0.0,1.9,1.0,1.0,0.0,0.0,0.0,1.0,0.0,0.0,1.0,1.0,0.0,0.0,0.0,0.0,0.0,0.0,0.0,1.0,0.1738056366518771,18.233211456021817,20.71714266012561
10135,405.36,0.98,1,0.034,0.338,-0.001,-0.061,-0.051,0.48,0.13,0.0,0.0,0.0,0.76,0.0,0.05,0.46,0.24,0.07,0.49,0.0,0.0,0.0,0.0,1.5,1.0,1.0,0.0,0.0,0.0,1.0,0.0,0.0,1.0,1.0,0.0,0.0,0.0,0.0,0.0,0.0,0.0,1.0,0.18505697798813706,17.5410946066658,19.535864454894107
10136,405.4,0.98,1,0.022,0.273,0.005,-0.05,-0.051,0.39,0.2,0.0,0.0,0.0,1.25,0.0,0.05,0.44,0.26,0.0,0.56,0.0,0.01,0.0,0.0,0.92,1.0,1.0,0.0,0.0,0.0,1.0,0.0,0.0,1.0,1.0,0.0,0.0,0.0,0.0,0.0,0.0,0.0,1.0,0.19444520406276644,17.11870322191482,18.461040057374746
10137,405.44,0.98,1,0.012,0.278,0.008,-0.046,-0.047,0.2,0.15,0.0,0.04,0.0,1.6,0.0,0.02,0.38,0.14,0.0,0.5,0.0,0.07,0.0,0.0,0.34,1.0,1.0,0.0,0.0,0.0,1.0,0.0,0.0,1.0,1.0,0.0,0.0,0.0,0.0,0.0,0.0,0.0,1.0,0.19013294923657165,17.30462365958874,17.971366113904732
10138,405.48,0.98,1,0.013,0.261,0.01,-0.049,-0.042,0.03,0.11,0.0,0.09,0.0,1.75,0.0,0.02,0.38,0.11,0.0,0.42,0.0,0.08,0.0,0.0,0.11,0.0,1.0,0.0,0.0,0.0,1.0,0.0,0.0,1.0,1.0,0.0,0.0,0.0,0.0,0.0,0.0,0.0,0.0,0.20465996090646774,18.552897347853783,18.809572031282325
10139,405.52,0.98,1,0.009,0.265,0.016,-0.045,-0.042,0.0,0.04,0.0,0.11,0.0,1.8,0.0,0.0,0.35,0.01,0.0,0.35,0.0,0.11,0.0,0.0,0.0,0.0,1.0,0.0,0.0,0.0,1.0,0.0,0.0,1.0,1.0,0.0,0.0,0.0,0.0,0.0,0.0,0.0,0.0,0.21489638223780216,18.838258942906545,19.312690128513896
10140,405.56,0.98,1,0.01,0.282,0.019,-0.039,-0.042,0.08,0.07,0.0,0.08,0.0,1.8,0.0,0.0,0.34,0.05,0.0,0.4,0.0,0.11,0.0,0.0,0.0,0.0,1.0,0.0,0.0,0.0,1.0,0.0,0.0,0.0,1.0,0.0,0.0,0.0,0.0,0.0,0.0,0.0,0.0,0.20393694128852197,19.836330305779796,19.402319448972968
10141,405.6,0.98,1,0.014,0.272,0.015,-0.034,-0.042,0.09,0.1,0.0,0.02,0.0,1.85,0.0,0.0,0.29,0.07,0.07,0.47,0.0,0.14,0.0,0.0,0.0,0.0,1.0,0.0,0.0,0.0,1.0,0.0,0.0,0.0,1.0,0.0,0.0,0.0,0.0,0.0,0.0,0.0,0.0,0.2051791479484581,20.419843290290057,19.300259065618736
10142,405.64,0.98,1,0.007,0.278,0.019,-0.03,-0.041,0.09,0.1,0.0,0.05,0.0,1.79,0.0,0.0,0.26,0.1,0.12,0.56,0.0,0.17,0.0,0.0,0.08,0.0,1.0,0.0,0.0,0.0,1.0,0.0,0.0,0.0,1.0,0.0,0.0,0.0,0.0,0.0,0.0,0.0,0.0,0.20333508026102953,20.615528128088215,19.600000000000136
10143,405.68,0.98,1,0.003,0.292,0.025,-0.024,-0.043,0.04,0.03,0.0,0.05,0.0,1.87,0.0,0.0,0.27,0.06,0.12,0.55,0.07,0.12,0.0,0.0,0.17,0.0,1.0,0.0,0.0,0.0,1.0,0.0,0.0,0.0,1.0,0.0,0.0,0.0,0.0,0.0,0.0,0.0,0.0,0.19681637217222747,20.020239758804088,19.40025773024687
10144,405.72,0.98,1,-0.001,0.297,0.03,-0.021,-0.044,0.03,0.0,0.0,0.05,0.0,1.79,0.0,0.0,0.27,0.03,0.05,0.49,0.12,0.09,0.0,0.0,0.17,0.0,1.0,0.0,0.0,0.0,1.0,0.0,0.0,0.0,1.0,0.0,0.0,0.0,0.0,0.0,0.0,0.0,0.0,0.1988313659322093,20.435263639111547,19.800252523642172
10145,405.76,0.98,1,0.002,0.287,0.025,-0.024,-0.039,0.03,0.0,0.0,0.0,0.0,1.82,0.0,0.0,0.32,0.0,0.0,0.44,0.12,0.03,0.0,0.0,0.09,0.0,1.0,0.0,0.0,0.0,1.0,0.0,0.0,0.0,1.0,0.0,0.0,0.0,0.0,0.0,0.0,0.0,0.0,0.20075465393005726,20.224737328331408,20.100995000248258
10146,405.8,0.98,1,0.016,0.277,0.015,-0.031,-0.037,0.0,0.0,0.0,0.0,0.0,1.82,0.0,0.0,0.35,0.0,0.0,0.42,0.05,0.05,0.0,0.0,0.0,0.0,0.0,0.0,0.0,0.0,1.0,0.0,0.0,0.0,1.0,0.0,0.0,0.0,0.0,0.0,0.0,0.0,0.0,0.2049558810590722,20.21212507382617,19.801010075246342
10147,405.84,0.98,1,0.008,0.281,0.018,-0.031,-0.041,0.0,0.0,0.0,0.05,0.0,1.91,0.0,0.0,0.35,0.0,0.0,0.44,0.0,0.06,0.0,0.0,0.0,0.0,0.0,0.0,0.0,0.0,1.0,0.0,0.0,0.0,1.0,0.0,0.0,0.0,0.0,0.0,0.0,0.0,0.0,0.20299528723698582,20.30886505937735,20.20024752323599
10148,405.88,0.98,1,0.011,0.282,0.018,-0.037,-0.044,0.0,0.0,0.0,0.07,0.0,1.94,0.0,0.0,0.32,0.0,0.0,0.37,0.0,0.09,0.0,0.0,0.0,0.0,0.0,0.0,0.0,0.0,1.0,0.0,0.0,0.0,1.0,0.0,0.0,0.0,0.0,0.0,0.0,0.0,0.0,0.20564315339022932,20.306156701847797,19.800252523642172
10149,405.92,0.98,1,0.023,0.254,0.021,-0.038,-0.045,0.02,0.0,0.0,0.07,0.0,2.01,0.0,0.0,0.28,0.0,0.0,0.32,0.0,0.14,0.0,0.0,0.0,0.0,1.0,0.0,0.0,0.0,1.0,0.0,0.0,1.0,1.0,0.0,0.0,0.0,0.0,0.0,0.0,0.0,0.0,0.23073496473771007,20.702173798903384,20.10099500024803
10150,405.96,0.98,1,0.022,0.25,0.022,-0.042,-0.043,0.02,0.0,0.0,0.02,0.0,2.0,0.0,0.0,0.27,0.07,0.0,0.33,0.0,0.22,0.0,0.0,0.0,0.0,0.0,0.0,0.0,0.0,1.0,0.0,0.0,0.0,1.0,0.0,0.0,0.0,0.0,0.0,0.0,0.0,0.0,0.2277301173438085,21.20377324911776,20.300985197768068
10151,406.0,0.98,1,-0.002,0.261,0.022,-0.048,-0.039,0.02,0.0,0.0,0.0,0.0,1.9,0.0,0.0,0.32,0.1,0.02,0.48,0.0,0.3,0.0,0.0,0.0,0.0,0.0,0.0,0.0,0.0,1.0,0.0,0.0,0.0,1.0,0.0,0.0,0.0,0.0,0.0,0.0,0.0,0.0,0.21436391264055543,22.000909072126998,20.300985197768068
10152,406.04,0.98,1,0.001,0.266,0.026,-0.049,-0.036,0.0,0.0,0.0,0.0,0.0,1.78,0.0,0.0,0.35,0.1,0.02,0.61,0.0,0.36,0.0,0.0,0.0,0.0,0.0,0.0,0.0,0.0,1.0,0.0,0.0,0.0,1.0,0.0,0.0,0.0,0.0,0.0,0.0,0.0,0.0,0.21622902913224307,22.300896842952255,20.8002403832263
10153,406.08,0.98,1,0.013,0.268,0.029,-0.056,-0.034,0.01,0.0,0.0,0.01,0.0,1.75,0.0,0.0,0.34,0.03,0.02,0.67,0.0,0.45,0.0,0.0,0.0,0.0,1.0,0.0,0.0,0.0,0.0,0.0,0.0,0.0,1.0,0.0,0.0,0.0,0.0,0.0,0.0,0.0,0.0,0.23234397869455775,21.500930212434998,20.600242717016847
10154,406.12,0.98,1,0.012,0.26,0.031,-0.059,-0.03,0.01,0.0,0.0,0.01,0.0,1.75,0.0,0.0,0.3,0.0,0.0,0.64,0.0,0.51,0.0,0.0,0.0,0.0,1.0,0.0,0.0,0.0,0.0,0.0,0.0,0.0,1.0,0.0,0.0,0.0,0.0,0.0,0.0,0.0,0.0,0.24121908125689911,21.70092163941435,20.802163349036515
10155,406.16,0.98,1,0.012,0.253,0.028,-0.057,-0.03,0.01,0.0,0.0,0.01,0.0,1.61,0.0,0.0,0.27,0.03,0.0,0.65,0.0,0.57,0.0,0.0,0.0,0.0,1.0,0.0,0.0,0.0,0.0,0.0,0.0,0.0,1.0,0.0,0.0,0.0,0.0,0.0,0.0,0.0,0.0,0.2367370768135627,22.300224214119645,20.400980368600028
10156,406.2,0.98,1,0.014,0.257,0.031,-0.058,-0.027,0.0,0.0,0.0,0.0,0.0,1.52,0.0,0.0,0.27,0.03,0.01,0.62,0.0,0.6,0.0,0.0,0.0,0.0,0.0,0.0,0.0,0.0,0.0,0.0,0.0,0.0,1.0,0.0,0.0,0.0,0.0,0.0,0.0,0.0,0.0,0.24082339993965668,22.100904958847412,20.302216627748
10157,406.24,0.98,1,0.005,0.243,0.026,-0.052,-0.026,0.0,0.0,0.0,0.0,0.0,1.29,0.0,0.0,0.28,0.03,0.01,0.7,0.0,0.6,0.0,0.0,0.0,0.0,0.0,0.0,0.0,0.0,0.0,0.0,0.0,1.0,1.0,0.0,0.0,0.0,0.0,0.0,0.0,0.0,0.0,0.24393932881865232,22.100226243185748,20.700241544484495
10158,406.28,0.98,1,0.006,0.256,0.024,-0.056,-0.025,0.0,0.0,0.0,0.0,0.0,1.26,0.0,0.0,0.3,0.01,0.01,0.73,0.0,0.6,0.0,0.0,0.0,0.0,1.0,0.0,0.0,0.0,0.0,0.0,0.0,1.0,1.0,0.0,0.0,0.0,0.0,0.0,0.0,0.0,0.0,0.23439934055809172,22.100904958847412,20.306156701847797
10159,406.32,0.98,1,0.01,0.258,0.027,-0.05,-0.024,0.0,0.0,0.0,0.05,0.0,1.45,0.0,0.0,0.31,0.09,0.0,0.74,0.0,0.52,0.0,0.0,0.0,0.0,1.0,0.0,0.0,0.0,0.0,0.0,0.0,1.0,1.0,0.0,0.0,0.0,0.0,0.0,0.0,0.0,0.0,0.23178020212165007,21.60092590608111,20.600970850909082
10160,406.36,0.98,1,0.0,0.289,0.031,-0.048,-0.025,0.0,0.0,0.0,0.05,0.0,1.59,0.0,0.0,0.32,0.13,0.0,0.69,0.0,0.44,0.0,0.0,0.0,0.0,1.0,0.0,0.0,0.0,0.0,0.0,0.0,1.0,1.0,0.0,0.0,0.0,0.0,0.0,0.0,0.0,0.0,0.20791103189656793,21.50209292138791,20.900239233080427
10161,406.4,0.98,1,0.014,0.285,0.026,-0.047,-0.024,0.01,0.0,0.0,0.05,0.0,1.7,0.0,0.0,0.32,0.12,0.0,0.61,0.0,0.38,0.0,0.0,0.0,0.0,1.0,0.0,0.0,0.0,0.0,0.0,0.0,1.0,1.0,0.0,0.0,0.0,0.0,0.0,0.0,0.0,0.0,0.21668353336063653,21.202122535255803,21.10379112861018
10162,406.44,0.98,1,0.01,0.289,0.029,-0.048,-0.023,0.01,0.0,0.0,0.0,0.0,1.68,0.0,0.0,0.31,0.04,0.0,0.62,0.0,0.37,0.0,0.0,0.0,0.0,1.0,0.0,0.0,0.0,0.0,0.0,0.0,1.0,1.0,0.0,0.0,0.0,0.0,0.0,0.0,0.0,0.0,0.21231520977947685,21.200000000000045,21.200943375236914
10163,406.48,0.98,1,0.011,0.283,0.032,-0.043,-0.026,0.01,0.0,0.0,0.03,0.0,1.97,0.0,0.0,0.29,0.0,0.0,0.58,0.0,0.38,0.0,0.0,0.0,0.0,1.0,0.0,0.0,0.0,0.0,0.0,0.0,0.0,1.0,0.0,0.0,0.0,0.0,0.0,0.0,0.0,0.0,0.2174197248517033,20.59999999999991,21.20023584774453
10164,406.52,0.98,1,0.01,0.272,0.035,-0.042,-0.031,0.04,0.0,0.0,0.1,0.0,2.27,0.0,0.0,0.28,0.0,0.0,0.65,0.0,0.4,0.0,0.0,0.0,0.0,1.0,0.0,0.0,0.0,0.0,0.0,0.0,0.0,1.0,0.0,0.0,0.0,0.0,0.0,0.0,0.0,0.0,0.22804707131436266,20.700241544484495,21.400934559032788
10165,406.56,0.98,1,0.007,0.26,0.026,-0.044,-0.031,0.04,0.04,0.0,0.24,0.0,2.35,0.0,0.0,0.27,0.0,0.0,0.64,0.0,0.37,0.0,0.0,0.0,0.0,1.0,0.0,0.0,0.0,1.0,0.0,0.0,0.0,1.0,0.0,0.0,0.0,0.0,0.0,0.0,0.0,0.0,0.23674474706197152,21.302112571292035,21.30211257129203
10166,406.6,0.98,1,0.011,0.26,0.03,-0.04,-0.036,0.04,0.04,0.0,0.21,0.0,2.27,0.0,0.0,0.24,0.0,0.0,0.72,0.06,0.43,0.0,0.0,0.0,0.0,1.0,0.0,0.0,0.0,1.0,0.0,0.0,0.0,1.0,0.0,0.0,0.0,0.0,0.0,0.0,0.0,0.0,0.23238005130033695,21.102132593650477,21.500232556881798
10167,406.64,0.98,1,0.014,0.273,0.032,-0.041,-0.034,0.04,0.04,0.0,0.15,0.0,2.23,0.0,0.0,0.25,0.0,0.0,0.7,0.06,0.44,0.0,0.0,0.0,0.0,1.0,0.0,0.0,0.0,1.0,0.0,0.0,1.0,1.0,0.0,0.0,0.0,0.0,0.0,0.0,0.0,0.0,0.22098532834725515,21.00095235935742,21.803669415949187
10168,406.68,0.98,1,0.013,0.27,0.032,-0.033,-0.037,0.03,0.0,0.0,0.0,0.0,2.25,0.0,0.0,0.33,0.0,0.0,0.64,0.07,0.54,0.0,0.0,0.0,0.0,1.0,0.0,0.0,0.0,1.0,0.0,0.0,0.0,1.0,0.0,0.0,0.0,0.0,0.0,0.0,0.0,0.0,0.21558175896326554,20.70096616102741,21.70092163941435
10169,406.72,0.98,1,0.01,0.26,0.03,-0.035,-0.036,0.03,0.02,0.0,0.0,0.0,2.14,0.0,0.0,0.39,0.02,0.0,0.61,0.01,0.51,0.0,0.0,0.0,0.0,1.0,0.0,0.0,0.0,0.0,0.0,0.0,1.0,1.0,0.0,0.0,0.0,0.0,0.0,0.0,0.0,0.0,0.22524165681310399,21.100947846009102,21.70092163941435
10170,406.76,0.98,1,0.012,0.256,0.032,-0.031,-0.041,0.0,0.02,0.0,0.07,0.0,1.92,0.0,0.0,0.38,0.02,0.0,0.61,0.02,0.5,0.0,0.0,0.0,0.0,1.0,0.0,0.0,0.0,0.0,0.0,0.0,1.0,1.0,0.0,0.0,0.0,0.0,0.0,0.0,0.0,0.0,0.23427147493870512,21.005951537600005,21.702073633641604
10171,406.8,0.98,1,0.003,0.256,0.033,-0.027,-0.043,0.0,0.02,0.0,0.16,0.0,1.77,0.0,0.0,0.33,0.07,0.03,0.54,0.01,0.43,0.0,0.0,0.06,0.0,1.0,0.0,0.0,0.0,0.0,0.0,0.0,0.0,1.0,0.0,0.0,0.0,0.0,0.0,0.0,0.0,0.0,0.2316730441452005,21.00095235935742,21.403737991294975
10172,406.84,0.98,1,0.007,0.265,0.036,-0.025,-0.043,0.02,0.0,0.0,0.16,0.0,1.73,0.0,0.0,0.33,0.19,0.03,0.48,0.08,0.34,0.0,0.0,0.23,0.0,1.0,0.0,0.0,0.0,0.0,0.0,0.0,0.0,1.0,0.0,0.0,0.0,0.0,0.0,0.0,0.0,0.0,0.2344010104082936,21.00095235935742,21.100236965493924
10173,406.88,0.98,1,0.003,0.264,0.018,-0.03,-0.037,0.18,0.0,0.0,0.09,0.0,1.39,0.0,0.04,0.41,0.35,0.12,0.43,0.19,0.19,0.0,0.0,0.95,0.0,1.0,0.0,0.0,0.0,0.0,0.0,0.0,0.0,1.0,0.0,0.0,0.0,0.0,0.0,0.0,0.0,1.0,0.20187026718591983,19.275113488641303,18.732325002519083
10174,406.92,0.98,1,0.036,0.398,0.018,-0.042,-0.035,0.41,0.03,0.0,0.0,0.0,0.92,0.0,0.05,0.46,0.4,0.22,0.6,0.3,0.06,0.0,0.0,1.74,1.0,1.0,0.0,0.0,0.0,0.0,0.0,0.0,0.0,1.0,0.0,0.0,0.0,0.0,0.0,0.0,0.0,1.0,0.1827462511705228,16.609033686521318,19.325630649476913
10175,406.96,0.98,1,0.018,0.392,0.018,-0.045,-0.038,0.52,0.03,0.0,0.0,0.0,0.63,0.0,0.05,0.49,0.58,0.22,0.66,0.22,0.0,0.0,0.0,2.13,1.0,1.0,0.0,0.0,0.0,1.0,0.0,0.0,0.0,1.0,0.0,0.0,0.0,0.0,0.0,0.0,0.0,1.0,0.17622187559410413,16.637307474468418,18.768324379123506
10176,407.0,0.98,1,0.02,0.385,0.015,-0.031,-0.04,0.53,0.1,0.0,0.0,0.0,0.87,0.0,0.02,0.48,0.5,0.18,0.67,0.11,0.0,0.0,0.0,1.81,1.0,1.0,0.0,0.0,0.0,1.0,0.0,0.0,0.0,1.0,0.0,0.0,0.0,0.0,0.0,0.0,0.0,1.0,0.17884138498096497,15.48289378636939,22.289908030317264
10177,407.04,0.98,1,0.007,0.32,0.026,-0.019,-0.052,0.38,0.08,0.0,0.0,0.0,1.4,0.0,0.0,0.46,0.4,0.08,0.51,0.06,0.0,0.0,0.0,1.37,1.0,1.0,0.0,0.0,0.0,1.0,0.0,0.0,0.0,1.0,0.0,0.0,0.0,0.0,0.0,0.0,0.0,1.0,0.20235937007538796,18.31747799234377,20.5078033928552
10178,407.08,0.98,1,0.005,0.303,0.026,-0.013,-0.057,0.33,0.08,0.0,0.0,0.0,1.8,0.0,0.02,0.4,0.14,0.26,0.39,0.1,0.0,0.0,0.0,1.12,0.0,1.0,0.0,0.0,0.0,1.0,0.0,0.0,0.0,1.0,0.0,0.0,0.0,0.0,0.0,0.0,0.0,1.0,0.20034010998266424,16.315023751131918,17.880995498014258
10179,407.12,0.98,1,-0.007,0.275,0.016,-0.007,-0.059,0.21,0.02,0.0,0.0,0.0,1.79,0.0,0.02,0.37,0.07,0.33,0.42,0.1,0.0,0.0,0.0,0.95,0.0,1.0,0.0,0.0,0.0,1.0,0.0,0.0,0.0,1.0,0.0,0.0,0.0,0.0,0.0,0.0,0.0,0.0,0.1882897182715395,17.414074767268087,18.13339460773975
10180,407.16,0.98,1,-0.028,0.289,0.019,-0.005,-0.06,0.16,0.01,0.0,0.0,0.0,1.63,0.0,0.02,0.36,0.07,0.48,0.42,0.06,0.0,0.0,0.0,0.72,0.0,1.0,0.0,0.0,0.0,1.0,0.0,0.0,0.0,1.0,0.0,0.0,0.0,0.0,0.0,0.0,0.0,0.0,0.1762332926557274,17.61391495380867,18.102486017119215
10181,407.2,0.98,1,-0.032,0.288,0.017,-0.004,-0.062,0.14,0.01,0.0,0.0,0.0,1.48,0.0,0.0,0.33,0.03,0.39,0.5,0.08,0.0,0.0,0.0,0.52,0.0,1.0,0.0,0.0,0.0,1.0,0.0,0.0,0.0,1.0,0.0,0.0,0.0,0.0,0.0,0.0,0.0,0.0,0.18449141463769803,18.626862323000218,19.201041638411002
10182,407.24,0.98,1,-0.031,0.283,0.015,-0.0,-0.064,0.08,0.0,0.0,0.0,0.0,1.66,0.0,0.0,0.29,0.01,0.39,0.54,0.08,0.06,0.0,0.0,0.35,0.0,1.0,0.0,0.0,0.0,1.0,0.0,0.0,0.0,1.0,0.0,0.0,0.0,0.0,0.0,0.0,0.0,0.0,0.19239022720286764,19.520758181996925,19.20104163841123
10183,407.28,0.98,1,-0.041,0.309,0.021,-0.009,-0.048,0.14,0.0,0.0,0.0,0.0,1.65,0.0,0.0,0.28,0.01,0.28,0.65,0.06,0.06,0.0,0.0,0.25,0.0,1.0,0.0,0.0,0.0,1.0,0.0,0.0,0.0,1.0,0.0,0.0,0.0,0.0,0.0,0.0,0.0,0.0,0.17814908705405944,18.513238506539047,19.912307751739966
10184,407.32,0.98,1,-0.032,0.292,0.029,-0.001,-0.066,0.12,0.0,0.0,0.0,0.0,1.76,0.0,0.06,0.33,0.0,0.3,0.74,0.0,0.09,0.0,0.0,0.15,0.0,1.0,0.0,0.0,0.0,1.0,0.0,0.0,0.0,1.0,0.0,0.0,0.0,0.0,0.0,0.0,0.0,0.0,0.2030517900761154,19.012890364171355,19.904019694523882
10185,407.36,0.98,1,-0.031,0.307,0.032,-0.013,-0.05,0.18,0.0,0.0,0.0,0.0,1.65,0.0,0.06,0.38,0.0,0.34,0.68,0.02,0.02,0.0,0.0,0.14,0.0,1.0,0.0,0.0,0.0,1.0,0.0,0.0,0.0,1.0,0.0,0.0,0.0,0.0,0.0,0.0,0.0,0.0,0.19536829886127316,18.417383093154008,20.1121853611189
10186,407.4,0.98,1,-0.038,0.296,0.031,0.0,-0.066,0.08,0.0,0.0,0.0,0.0,1.81,0.0,0.09,0.39,0.0,0.42,0.68,0.07,0.07,0.0,0.0,0.07,0.0,1.0,0.0,0.0,0.0,1.0,0.0,0.0,0.0,1.0,0.0,0.0,0.0,0.0,0.0,0.0,0.0,0.0,0.20065268075042064,19.609181522950042,20.00099997500125
10187,407.44,0.98,1,-0.034,0.297,0.029,-0.012,-0.048,0.15,0.1,0.0,0.04,0.0,1.71,0.0,0.02,0.41,0.02,0.37,0.63,0.12,0.05,0.0,0.0,0.11,0.0,1.0,0.0,0.0,0.0,1.0,0.0,0.0,0.0,1.0,0.0,0.0,0.0,0.0,0.0,0.0,0.0,0.0,0.2065484672440562,19.509228585466932,20.303940504247134
10188,407.48,0.98,1,-0.025,0.292,0.03,-0.003,-0.066,0.14,0.1,0.0,0.04,0.0,1.69,0.0,0.02,0.37,0.02,0.35,0.59,0.15,0.05,0.0,0.0,0.05,0.0,1.0,0.0,0.0,0.0,1.0,0.0,0.0,0.0,1.0,0.0,0.0,0.0,0.0,0.0,0.0,0.0,0.0,0.20359091073100513,19.604081207748465,20.100995000248258
10189,407.52,0.98,1,-0.033,0.282,0.028,-0.001,-0.07,0.14,0.1,0.0,0.04,0.0,1.61,0.0,0.0,0.3,0.02,0.32,0.58,0.15,0.08,0.0,0.0,0.05,0.0,1.0,0.0,0.0,0.0,1.0,0.0,0.0,0.0,1.0,0.0,0.0,0.0,0.0,0.0,0.0,0.0,0.0,0.2134831543882953,19.302331465395525,20.00099997500125
10190,407.56,0.98,1,-0.03,0.288,0.034,-0.013,-0.054,0.13,0.0,0.0,0.13,0.0,1.56,0.0,0.0,0.28,0.0,0.35,0.54,0.15,0.09,0.0,0.0,0.07,0.0,0.0,0.0,0.0,0.0,1.0,0.0,0.0,0.0,1.0,0.0,0.0,0.0,0.0,0.0,0.0,0.0,0.0,0.21440000695992328,19.704060495238075,20.303940504246906
10191,407.6,0.98,1,-0.028,0.286,0.036,-0.005,-0.067,0.23,0.0,0.0,0.13,0.0,1.7,0.0,0.0,0.3,0.0,0.3,0.68,0.09,0.09,0.0,0.0,0.07,0.0,1.0,0.0,0.0,0.0,1.0,0.0,0.0,0.0,1.0,0.0,0.0,0.0,0.0,0.0,0.0,0.0,0.0,0.2183632505317324,19.804039991880398,20.000249998437518
10192,407.64,0.98,1,-0.024,0.29,0.034,0.002,-0.063,0.23,0.0,0.0,0.13,0.0,1.71,0.0,0.0,0.32,0.0,0.28,0.75,0.04,0.12,0.0,0.0,0.07,0.0,0.0,0.0,0.0,0.0,1.0,0.0,0.0,0.0,1.0,0.0,0.0,0.0,0.0,0.0,0.0,0.0,0.0,0.21114437265496921,20.00224987345174,20.199999999999818
10193,407.68,0.98,1,-0.029,0.286,0.035,-0.011,-0.047,0.19,0.03,0.0,0.0,0.0,1.69,0.0,0.0,0.25,0.0,0.2,0.75,0.0,0.17,0.0,0.0,0.08,0.0,0.0,0.0,0.0,0.0,1.0,0.0,0.0,0.0,1.0,0.0,0.0,0.0,0.0,0.0,0.0,0.0,0.0,0.2183968397036466,19.500256408570632,20.708693826506824
10194,407.72,0.98,1,-0.022,0.299,0.039,-0.004,-0.061,0.1,0.03,0.0,0.0,0.0,1.52,0.0,0.0,0.22,0.0,0.2,0.64,0.0,0.2,0.0,0.0,0.08,0.0,0.0,0.0,0.0,0.0,0.0,0.0,0.0,0.0,1.0,0.0,0.0,0.0,0.0,0.0,0.0,0.0,0.0,0.21820551314282688,19.801010075246115,20.60388312915787
10195,407.76,0.98,1,-0.027,0.282,0.039,0.002,-0.063,0.12,0.03,0.0,0.0,0.0,1.32,0.0,0.0,0.23,0.0,0.23,0.68,0.01,0.09,0.0,0.0,0.38,0.0,0.0,0.0,0.0,0.0,0.0,0.0,0.0,0.0,1.0,0.0,0.0,0.0,0.0,0.0,0.0,0.0,0.0,0.21976387199233394,20.400245096566945,20.60024271701662
10196,407.8,0.98,1,-0.022,0.294,0.036,-0.021,-0.037,0.38,0.0,0.0,0.0,0.0,0.93,0.0,0.02,0.33,0.13,0.37,0.66,0.11,0.03,0.0,0.0,1.15,0.0,1.0,0.0,0.0,0.0,0.0,0.0,0.0,0.0,1.0,0.0,0.0,1.0,0.0,0.0,0.0,0.0,1.0,0.2319223939357266,18.60430057809229,17.923448328934878
10197,407.84,0.98,1,0.014,0.43,0.04,-0.025,-0.05,0.61,0.06,0.0,0.0,0.0,0.59,0.0,0.02,0.39,0.3,0.56,0.67,0.25,0.0,0.03,0.0,2.13,1.0,1.0,0.0,0.0,0.0,0.0,0.0,0.0,0.0,1.0,0.0,0.0,1.0,0.0,0.0,0.0,0.0,1.0,0.17468347926530534,15.771493271088868,19.665197685250877
10198,407.88,0.98,1,-0.009,0.461,0.041,-0.014,-0.054,0.79,0.14,0.0,0.0,0.0,0.32,0.0,0.02,0.41,0.45,0.62,0.57,0.28,0.0,0.03,0.0,2.52,1.0,1.0,0.0,0.0,0.0,0.0,0.0,0.0,0.0,1.0,0.0,0.0,1.0,0.0,0.0,0.0,0.0,1.0,0.16245697409992355,16.56804152578089,20.778113485107404
10199,407.92,0.98,1,-0.015,0.399,0.021,-0.011,-0.05,0.76,0.16,0.0,0.04,0.0,0.66,0.0,0.0,0.34,0.35,0.46,0.58,0.18,0.0,0.03,0.0,2.06,1.0,1.0,0.0,0.0,0.0,0.0,0.0,0.0,0.0,1.0,0.0,0.0,1.0,0.0,0.0,0.0,0.0,1.0,0.1866041889039897,16.94254998517034,21.18537231204601
10200,407.96,0.98,1,0.009,0.348,0.027,-0.007,-0.055,0.51,0.1,0.0,0.06,0.0,0.95,0.0,0.0,0.31,0.18,0.22,0.58,0.04,0.0,0.0,0.0,1.42,1.0,1.0,0.0,0.0,0.0,1.0,0.0,0.0,0.0,1.0,0.0,0.0,0.0,0.0,0.0,0.0,0.0,1.0,0.1996879926186891,18.000277775634462,21.20424485804684
10201,408.0,0.98,1,0.005,0.296,0.028,-0.011,-0.055,0.35,0.02,0.0,0.13,0.0,1.36,0.0,0.0,0.33,0.03,0.19,0.55,0.0,0.0,0.0,0.0,0.82,0.0,1.0,0.0,0.0,0.0,1.0,0.0,0.0,0.0,1.0,0.0,0.0,0.0,0.0,0.0,0.0,0.0,1.0,0.20182204155823003,17.30462365958874,17.5823775411632
10202,408.04,0.98,1,-0.009,0.285,0.032,-0.01,-0.058,0.2,0.12,0.0,0.22,0.0,1.47,0.0,0.0,0.37,0.0,0.29,0.49,0.0,0.0,0.0,0.0,0.58,0.0,0.0,0.0,0.0,0.0,1.0,0.0,0.0,0.0,1.0,0.0,0.0,0.0,0.0,0.0,0.0,0.0,0.0,0.20425990730187096,17.602556632489406,17.5410946066658
10203,408.08,0.98,1,-0.029,0.296,0.034,-0.008,-0.061,0.22,0.14,0.0,0.2,0.0,1.51,0.0,0.02,0.41,0.0,0.33,0.55,0.0,0.0,0.0,0.0,0.36,0.0,0.0,0.0,0.0,0.0,1.0,0.0,0.0,0.0,1.0,0.0,0.0,0.0,0.0,0.0,0.0,0.0,0.0,0.2030504958225381,17.800280896659984,17.33493582335967
10204,408.12,0.98,1,-0.019,0.289,0.028,-0.003,-0.053,0.25,0.14,0.0,0.13,0.0,1.47,0.0,0.05,0.44,0.0,0.37,0.58,0.05,0.0,0.0,0.0,0.47,0.0,0.0,0.0,0.0,0.0,1.0,0.0,0.0,0.0,1.0,0.0,0.0,0.0,0.0,0.0,0.0,0.0,0.0,0.1987917947690314,18.906612599828527,18.73232500251886
10205,408.16,0.98,1,-0.02,0.295,0.032,-0.005,-0.061,0.29,0.02,0.0,0.01,0.0,1.52,0.0,0.05,0.44,0.0,0.28,0.63,0.12,0.0,0.0,0.0,0.32,0.0,0.0,0.0,0.0,0.0,1.0,0.0,0.0,0.0,1.0,0.0,0.0,0.0,0.0,0.0,0.0,0.0,0.0,0.20334356765157294,18.906612599828755,18.938056922503822
10206,408.2,0.98,1,-0.022,0.293,0.037,-0.008,-0.063,0.33,0.01,0.0,0.01,0.0,1.51,0.0,0.07,0.4,0.02,0.34,0.55,0.12,0.03,0.0,0.0,0.22,0.0,0.0,0.0,0.0,0.0,1.0,0.0,0.0,0.0,1.0,0.0,0.0,0.0,0.0,0.0,0.0,0.0,0.0,0.20734700045213894,18.406792224610864,18.527007313648905
10207,408.24,0.98,1,-0.012,0.291,0.036,-0.009,-0.062,0.27,0.01,0.0,0.01,0.0,1.56,0.0,0.03,0.37,0.02,0.17,0.52,0.07,0.1,0.0,0.0,0.03,0.0,0.0,0.0,0.0,0.0,1.0,0.0,0.0,0.0,1.0,0.0,0.0,0.0,0.0,0.0,0.0,0.0,0.0,0.20611092194002056,18.702406262296655,18.51728921845744
10208,408.28,0.98,1,-0.014,0.288,0.031,-0.007,-0.061,0.11,0.01,0.0,0.01,0.0,1.57,0.0,0.03,0.36,0.03,0.23,0.49,0.02,0.09,0.0,0.0,0.19,0.0,0.0,0.0,0.0,0.0,1.0,0.0,0.0,0.0,1.0,0.0,0.0,0.0,0.0,0.0,0.0,0.0,0.0,0.2097263250700893,19.004210059878837,18.227451824103163
10209,408.32,0.98,1,-0.024,0.302,0.036,-0.001,-0.066,0.04,0.03,0.0,0.01,0.0,1.8,0.0,0.0,0.38,0.01,0.16,0.45,0.07,0.07,0.0,0.0,0.28,0.0,0.0,0.0,0.0,0.0,1.0,0.0,0.0,0.0,1.0,0.0,0.0,0.0,0.0,0.0,0.0,0.0,0.0,0.2071362490709347,19.50410213262841,18.52187895436097
10210,408.36,0.98,1,-0.022,0.286,0.038,-0.001,-0.067,0.09,0.04,0.0,0.01,0.0,1.78,0.0,0.01,0.39,0.08,0.26,0.46,0.07,0.0,0.0,0.0,0.44,0.0,0.0,0.0,0.0,0.0,1.0,0.0,0.0,0.0,1.0,0.0,0.0,0.0,0.0,0.0,0.0,0.0,0.0,0.21596129761875016,19.601020381602495,18.31747799234377
10211,408.4,0.98,1,-0.031,0.301,0.044,-0.004,-0.069,0.15,0.04,0.0,0.0,0.0,1.83,0.0,0.01,0.38,0.12,0.25,0.53,0.04,0.07,0.0,0.0,0.29,0.0,0.0,0.0,0.0,0.0,1.0,0.0,0.0,0.0,1.0,0.0,0.0,0.0,0.0,0.0,0.0,0.0,0.0,0.22059361578308467,18.900264548413162,18.413310403075133
10212,408.44,0.98,1,-0.032,0.302,0.039,-0.004,-0.064,0.23,0.11,0.0,0.01,0.0,1.65,0.0,0.01,0.33,0.12,0.27,0.56,0.0,0.09,0.0,0.0,0.32,0.0,0.0,0.0,0.0,0.0,1.0,0.0,0.0,0.0,1.0,0.0,0.0,0.0,0.0,0.0,0.0,0.0,0.0,0.20999914473407771,19.804039991880398,19.112822920751537
10213,408.48,0.98,1,-0.024,0.304,0.044,-0.004,-0.067,0.32,0.1,0.0,0.04,0.0,1.82,0.0,0.0,0.31,0.06,0.19,0.68,0.0,0.09,0.0,0.0,0.21,0.0,0.0,0.0,0.0,0.0,1.0,0.0,0.0,0.0,1.0,0.0,0.0,0.0,0.0,0.0,0.0,0.0,0.0,0.21529014924336415,20.506096654409877,18.921416437465638
10214,408.52,0.98,1,-0.03,0.296,0.04,-0.003,-0.059,0.31,0.13,0.0,0.04,0.0,1.74,0.0,0.0,0.29,0.13,0.28,0.76,0.0,0.02,0.0,0.0,0.19,0.0,0.0,0.0,0.0,0.0,1.0,0.0,0.0,0.0,1.0,0.0,0.0,0.0,0.0,0.0,0.0,0.0,0.0,0.21087438824275923,19.902261178067043,19.716236963477407
10215,408.56,0.98,1,-0.031,0.313,0.052,-0.005,-0.067,0.21,0.04,0.0,0.02,0.0,1.71,0.0,0.0,0.34,0.2,0.27,0.77,0.0,0.0,0.0,0.0,0.2,0.0,0.0,0.0,0.0,0.0,1.0,0.0,0.0,0.0,1.0,0.0,0.0,0.0,0.0,0.0,0.0,0.0,0.0,0.2140096310056745,19.602295783912567,19.112822920751306
10216,408.6,0.98,1,-0.023,0.299,0.051,-0.006,-0.073,0.21,0.03,0.0,0.0,0.0,1.65,0.0,0.0,0.3,0.18,0.39,0.62,0.08,0.0,0.0,0.0,0.24,0.0,0.0,0.0,0.0,0.0,1.0,0.0,0.0,0.0,1.0,0.0,0.0,0.0,0.0,0.0,0.0,0.0,0.0,0.23402352249562136,19.200260414900672,19.00657780874821
10217,408.64,0.98,1,-0.028,0.297,0.042,-0.003,-0.061,0.21,0.0,0.0,0.0,0.0,1.57,0.0,0.0,0.25,0.16,0.34,0.52,0.13,0.0,0.0,0.0,0.39,0.0,0.0,0.0,0.0,0.0,0.0,0.0,0.0,0.0,1.0,0.0,0.0,0.0,0.0,0.0,0.0,0.0,0.0,0.2248262961009569,19.900251254695117,18.421997720116973
10218,408.68,0.98,1,-0.034,0.305,0.04,-0.004,-0.07,0.31,0.0,0.0,0.0,0.0,1.71,0.0,0.0,0.2,0.09,0.31,0.42,0.13,0.0,0.0,0.0,0.27,0.0,0.0,0.0,0.0,0.0,0.0,0.0,0.0,0.0,1.0,0.0,0.0,0.0,0.0,0.0,0.0,0.0,0.0,0.22312216268243112,19.200000000000045,19.416487838947464
10219,408.72,0.98,1,-0.022,0.3,0.035,-0.001,-0.064,0.23,0.01,0.0,0.0,0.0,1.73,0.0,0.0,0.17,0.09,0.26,0.48,0.11,0.0,0.0,0.0,0.35,0.0,0.0,0.0,0.0,0.0,0.0,0.0,0.0,0.0,1.0,0.0,0.0,0.0,0.0,0.0,0.0,0.0,0.0,0.21859411143412466,20.100248754679765,20.335437049643126
10220,408.76,0.98,1,-0.03,0.31,0.038,0.002,-0.074,0.3,0.01,0.0,0.0,0.0,1.86,0.0,0.0,0.15,0.01,0.23,0.5,0.09,0.0,0.0,0.01,0.25,0.0,0.0,0.0,0.0,0.0,0.0,0.0,0.0,0.0,1.0,0.0,0.0,0.0,0.0,0.0,0.0,0.0,0.0,0.21309034475365923,20.09999999999991,20.020239758804088
10221,408.8,0.98,1,-0.025,0.303,0.031,0.001,-0.065,0.22,0.12,0.0,0.0,0.0,1.83,0.0,0.0,0.11,0.01,0.33,0.56,0.09,0.0,0.0,0.01,0.37,0.0,0.0,0.0,0.0,0.0,0.0,0.0,0.0,0.0,1.0,0.0,0.0,0.0,0.0,0.0,0.0,0.0,0.0,0.20402319130318491,20.400245096566717,20.34821859524804
10222,408.84,0.98,1,-0.049,0.295,0.041,-0.001,-0.073,0.2,0.14,0.0,0.0,0.0,1.83,0.0,0.0,0.1,0.01,0.44,0.47,0.04,0.0,0.0,0.01,0.23,0.0,0.0,0.0,0.0,0.0,0.0,0.0,0.0,0.0,1.0,0.0,0.0,0.0,0.0,0.0,0.0,0.0,0.0,0.21066213572597609,20.902152999153074,20.008997975910738
10223,408.88,0.98,1,-0.048,0.279,0.037,0.001,-0.073,0.22,0.14,0.0,0.0,0.0,1.86,0.0,0.0,0.11,0.0,0.49,0.51,0.0,0.0,0.0,0.0,0.18,0.0,0.0,0.0,0.0,0.0,0.0,0.0,0.0,0.0,1.0,0.0,0.0,0.0,0.0,0.0,0.0,0.0,0.0,0.22162559838320567,21.400233643584453,19.202343606966355
10224,408.92,0.98,1,-0.047,0.28,0.039,0.002,-0.074,0.28,0.04,0.0,0.04,0.0,1.75,0.0,0.0,0.12,0.0,0.45,0.53,0.0,0.0,0.0,0.0,0.04,0.0,0.0,0.0,0.0,0.0,0.0,0.0,0.0,0.0,1.0,0.0,0.0,0.0,0.0,0.0,0.0,0.0,0.0,0.23174648425955005,20.900239233080654,20.200990074746382
10225,408.96,0.98,1,-0.042,0.278,0.041,0.001,-0.077,0.24,0.05,0.0,0.04,0.0,1.77,0.0,0.0,0.14,0.0,0.24,0.59,0.0,0.0,0.0,0.0,0.0,0.0,0.0,0.0,0.0,0.0,0.0,0.0,0.0,0.0,1.0,0.0,0.0,0.0,0.0,0.0,0.0,0.0,0.0,0.23408250862123534,21.20377324911776,20.200000000000045
10226,409.0,0.98,1,-0.045,0.292,0.043,0.003,-0.079,0.23,0.16,0.0,0.04,0.0,1.81,0.0,0.0,0.2,0.02,0.11,0.57,0.0,0.0,0.0,0.0,0.0,0.0,0.0,0.0,0.0,0.0,0.0,0.0,0.0,0.0,1.0,0.0,0.0,0.0,0.0,0.0,0.0,0.0,0.0,0.2335299728750333,20.102238681301056,19.800252523642172
10227,409.04,0.98,1,-0.042,0.292,0.041,0.0,-0.078,0.24,0.19,0.0,0.02,0.0,2.01,0.0,0.0,0.22,0.02,0.0,0.59,0.0,0.0,0.0,0.0,0.01,0.0,0.0,0.0,0.0,0.0,0.0,0.0,0.0,0.0,1.0,0.0,0.0,0.0,0.0,0.0,0.0,0.0,0.0,0.2381259631920805,20.00099997500125,20.20024752323599
10228,409.08,0.98,1,-0.042,0.29,0.041,0.002,-0.079,0.32,0.25,0.0,0.08,0.0,1.9,0.0,0.0,0.24,0.06,0.03,0.62,0.0,0.0,0.0,0.0,0.01,1.0,1.0,0.0,0.0,0.0,0.0,0.0,0.0,0.0,1.0,0.0,0.0,0.0,0.0,0.0,0.0,0.0,0.0,0.23440766073144603,20.400980368600028,20.60024271701662
10229,409.12,0.98,1,-0.042,0.284,0.039,0.002,-0.08,0.27,0.17,0.0,0.08,0.0,1.86,0.0,0.0,0.22,0.05,0.08,0.58,0.0,0.0,0.02,0.0,0.01,1.0,1.0,0.0,0.0,0.0,0.0,0.0,0.0,0.0,1.0,0.0,0.0,0.0,0.0,0.0,0.0,0.0,0.0,0.24296590966680065,20.300246303924446,20.20024752323599
10230,409.16,0.98,1,-0.036,0.282,0.038,0.002,-0.078,0.26,0.21,0.0,0.06,0.0,1.69,0.0,0.0,0.24,0.05,0.16,0.51,0.0,0.0,0.02,0.0,0.0,1.0,1.0,0.0,0.0,0.0,0.0,0.0,0.0,0.0,1.0,0.0,0.0,0.0,0.0,0.0,0.0,0.0,0.0,0.24647201171466565,20.10895322984258,21.200943375236914
10231,409.2,0.98,1,-0.029,0.285,0.044,0.005,-0.081,0.23,0.24,0.0,0.04,0.0,1.67,0.0,0.0,0.24,0.01,0.21,0.47,0.05,0.0,0.06,0.0,0.0,1.0,1.0,0.0,0.0,0.0,1.0,0.0,0.0,0.0,1.0,0.0,0.0,0.0,0.0,0.0,0.0,0.0,0.0,0.23299463063810227,20.402205763103257,20.900239233080654
10232,409.24,0.98,1,-0.035,0.275,0.04,0.005,-0.08,0.22,0.33,0.0,0.06,0.0,1.65,0.0,0.0,0.26,0.0,0.21,0.52,0.06,0.0,0.04,0.0,0.0,1.0,1.0,0.0,0.0,0.0,0.0,0.0,0.0,0.0,1.0,0.0,0.0,0.0,0.0,0.0,0.0,0.0,0.0,0.24229442842354798,20.50219500443794,20.800961516237837
10233,409.28,0.98,1,-0.03,0.281,0.047,0.004,-0.08,0.2,0.38,0.0,0.06,0.0,1.68,0.0,0.0,0.26,0.0,0.21,0.51,0.11,0.0,0.13,0.0,0.0,1.0,1.0,0.0,0.0,0.0,1.0,0.0,0.0,0.0,1.0,0.0,0.0,0.0,0.0,0.0,0.0,0.0,0.0,0.23580705329818208,20.50219500443794,21.402102700435634
10234,409.32,0.98,1,-0.034,0.264,0.044,0.006,-0.082,0.17,0.25,0.0,0.02,0.0,1.7,0.0,0.0,0.31,0.0,0.26,0.69,0.06,0.04,0.09,0.0,0.0,1.0,1.0,0.0,0.0,0.0,1.0,0.0,0.0,0.0,1.0,0.0,0.0,0.0,0.0,0.0,0.0,0.0,0.0,0.24260008317941184,20.903827400741804,19.801010075246115
10235,409.36,0.98,1,-0.03,0.282,0.045,-0.011,-0.056,0.17,0.15,0.0,0.0,0.0,1.6,0.0,0.0,0.3,0.02,0.4,0.68,0.15,0.04,0.09,0.0,0.14,1.0,1.0,0.0,0.0,0.0,1.0,0.0,0.0,0.0,1.0,0.0,0.0,0.0,0.0,0.0,0.0,0.0,0.0,0.22656053738499404,20.70386437358982,20.600242717016847
10236,409.4,0.98,1,-0.044,0.301,0.042,-0.003,-0.068,0.32,0.1,0.0,0.0,0.0,1.16,0.0,0.0,0.33,0.09,0.4,0.69,0.23,0.04,0.02,0.0,0.93,1.0,1.0,0.0,0.0,0.0,0.0,0.0,0.0,0.0,1.0,0.0,0.0,0.0,0.0,0.0,0.0,0.0,0.0,0.21301241204182822,18.102486017119215,19.201041638411002
10237,409.44,0.98,1,0.011,0.399,0.039,-0.01,-0.069,0.51,0.19,0.0,0.0,0.0,0.76,0.0,0.0,0.31,0.31,0.34,0.54,0.31,0.0,0.14,0.0,1.81,1.0,1.0,0.0,0.0,0.0,0.0,0.0,0.0,0.0,1.0,0.0,0.0,0.0,0.0,0.0,0.0,0.0,1.0,0.19847665046786622,16.543578814754678,21.12557691519927
10238,409.48,0.98,1,-0.05,0.43,0.032,-0.002,-0.07,0.74,0.26,0.0,0.0,0.0,0.45,0.03,0.0,0.3,0.4,0.14,0.62,0.21,0.0,0.14,0.0,2.46,1.0,0.0,0.0,0.0,0.0,0.0,0.0,0.0,0.0,1.0,0.0,1.0,0.0,0.0,0.0,0.0,0.0,1.0,0.17443057398547734,17.681911661356217,19.29378138157478
10239,409.52,0.98,1,-0.01,0.411,0.038,0.012,-0.061,0.58,0.18,0.0,0.0,0.0,0.72,0.03,0.0,0.18,0.33,0.06,0.84,0.08,0.0,0.13,0.02,2.26,1.0,0.0,0.0,0.0,0.0,0.0,0.0,0.0,0.0,1.0,0.0,1.0,0.0,0.0,0.0,0.0,0.0,1.0,0.17552117377171778,17.473408368146018,18.497837711473284
10240,409.56,0.98,1,-0.066,0.371,0.036,0.019,-0.03,0.41,0.07,0.0,0.0,0.0,1.05,0.03,0.0,0.08,0.11,0.05,1.07,0.0,0.0,0.0,0.02,1.88,0.0,0.0,0.0,0.0,0.0,0.0,0.0,0.0,0.0,1.0,0.0,1.0,0.0,0.0,0.0,0.0,0.0,1.0,0.17353692773382973,18.2463695019037,20.95375861271658
10241,409.6,0.98,1,-0.154,0.355,0.039,0.035,-0.017,0.14,0.03,0.0,0.0,0.0,1.4,0.0,0.0,0.01,0.0,0.05,1.1,0.11,0.0,0.0,0.11,1.37,0.0,0.0,0.0,0.0,0.0,0.0,0.0,0.0,0.0,1.0,0.0,1.0,0.0,0.0,0.0,0.0,0.0,1.0,0.181380405346694,16.115210206510014,24.005207768315607
10242,409.64,0.98,1,-0.183,0.345,0.043,0.063,-0.009,0.15,0.18,0.0,0.0,0.0,1.57,0.0,0.0,0.0,0.0,0.05,1.07,0.22,0.05,0.0,0.2,1.14,0.0,0.0,0.0,0.0,0.0,0.0,0.0,0.0,0.0,1.0,0.0,1.0,0.0,0.0,0.0,0.0,0.0,1.0,0.19437533951714392,16.614752480852584,24.200000000000045
10243,409.68,0.98,1,-0.201,0.328,0.024,0.083,0.004,0.14,0.23,0.0,0.0,0.0,1.57,0.0,0.0,0.0,0.0,0.0,0.99,0.37,0.06,0.0,0.3,1.05,0.0,0.0,0.0,0.0,0.0,0.0,0.0,0.0,0.0,1.0,0.0,1.0,0.0,0.0,0.0,0.0,0.0,1.0,0.1953455285340746,18.31747799234377,24.70991703749736
10244,409.72,0.98,1,-0.206,0.327,0.027,0.104,0.006,0.17,0.25,0.0,0.0,0.0,1.52,0.0,0.0,0.01,0.0,0.0,1.04,0.39,0.06,0.0,0.38,1.27,0.0,0.0,0.0,0.0,0.0,0.0,0.0,0.0,0.0,1.0,0.0,1.0,0.0,0.0,0.0,0.0,0.0,1.0,0.20068144570922608,18.72164522684887,26.11551263138457
10245,409.76,0.98,1,-0.222,0.33,0.029,0.125,0.008,0.19,0.09,0.0,0.0,0.0,1.49,0.0,0.0,0.04,0.0,0.0,1.06,0.38,0.02,0.0,0.32,1.39,0.0,0.0,0.0,0.0,0.0,0.0,0.0,0.0,0.0,1.0,0.0,1.0,1.0,1.0,0.0,0.0,0.0,1.0,0.19867582886061577,19.536888186197928,26.019223662515376
10246,409.8,0.98,1,-0.241,0.32,0.032,0.144,0.009,0.25,0.04,0.0,0.0,0.0,1.44,0.0,0.0,0.04,0.02,0.0,1.07,0.33,0.01,0.0,0.31,1.33,0.0,0.0,0.0,0.0,0.0,0.0,0.0,0.0,0.0,1.0,0.0,1.0,1.0,1.0,0.0,0.0,0.0,1.0,0.19569746687674494,19.525624189766635,25.51960031034969
10247,409.84,0.98,1,-0.253,0.309,0.029,0.158,0.014,0.37,0.0,0.0,0.0,0.0,1.26,0.0,0.0,0.04,0.02,0.0,0.99,0.31,0.01,0.09,0.29,1.23,0.0,0.0,0.0,0.0,0.0,0.0,0.0,0.0,0.0,1.0,0.0,1.0,1.0,1.0,0.0,0.0,0.0,1.0,0.19568957816009275,19.221082175569666,26.212210894924567
10248,409.88,0.98,1,-0.266,0.333,0.028,0.17,0.016,0.41,0.0,0.0,0.0,0.0,1.0,0.0,0.0,0.0,0.05,0.0,0.92,0.26,0.0,0.22,0.37,1.24,0.0,0.0,0.0,0.0,0.0,0.0,0.0,0.0,0.0,1.0,0.0,0.0,0.0,1.0,0.0,0.0,0.0,0.0,0.1909299005048719,19.657314160383063,25.728000310945315
10249,409.92,0.98,1,-0.297,0.352,0.03,0.184,0.017,0.55,0.0,0.0,0.0,0.0,0.74,0.0,0.0,0.0,0.11,0.0,0.93,0.21,0.0,0.34,0.41,1.43,0.0,0.0,0.0,0.0,0.0,0.0,0.0,0.0,0.0,1.0,0.0,0.0,0.0,1.0,0.0,0.0,0.0,0.0,0.19216966881291392,17.912007146046097,24.851559307214576
10250,409.96,0.98,1,-0.32,0.365,0.029,0.195,0.021,0.62,0.08,0.0,0.0,0.0,0.48,0.0,0.0,0.02,0.22,0.0,0.95,0.1,0.0,0.38,0.38,1.46,0.0,0.0,0.0,0.0,0.0,0.0,0.0,0.0,0.0,1.0,0.0,0.0,0.0,1.0,0.0,0.0,0.0,0.0,0.18746765494938894,19.064626930522266,25.244603383693757
10251,410.0,0.98,1,-0.334,0.353,0.027,0.209,0.024,0.79,0.11,0.0,0.0,0.0,0.26,0.0,0.0,0.02,0.29,0.0,0.99,0.05,0.0,0.44,0.28,1.47,0.0,0.0,0.0,0.0,0.0,0.0,0.0,0.0,0.0,1.0,0.0,0.0,0.0,1.0,0.0,0.0,0.0,0.0,0.19093509465162542,20.591260281974083,25.04495957273639
10252,410.04,0.98,1,-0.341,0.361,0.03,0.221,0.024,0.87,0.28,0.0,0.0,0.0,0.17,0.0,0.0,0.02,0.3,0.0,0.98,0.0,0.03,0.48,0.27,1.37,0.0,0.0,0.0,0.0,0.0,0.0,0.0,0.0,0.0,1.0,0.0,0.0,0.0,1.0,0.0,0.0,0.0,0.0,0.18876350279613863,20.591260281973874,23.97540406333121
10253,410.08,0.98,1,-0.353,0.363,0.031,0.227,0.028,1.04,0.44,0.0,0.0,0.0,0.27,0.0,0.0,0.0,0.31,0.0,1.05,0.0,0.09,0.59,0.29,1.39,0.0,0.0,0.0,0.0,0.0,0.0,0.0,0.0,0.0,1.0,0.0,1.0,0.0,1.0,0.0,0.0,0.0,0.0,0.17469546946019449,20.81730049742272,24.55218931174978
10254,410.12,0.98,1,-0.347,0.367,0.031,0.232,0.032,1.12,0.75,0.0,0.0,0.0,0.32,0.0,0.0,0.0,0.36,0.0,1.06,0.0,0.15,0.6,0.28,1.35,0.0,0.0,0.0,0.0,0.0,0.0,0.0,0.0,0.0,1.0,0.0,1.0,0.0,1.0,0.0,0.0,0.0,0.0,0.16437906952662723,21.609257275528794,23.835477759004494
10255,410.16,0.98,1,-0.353,0.367,0.03,0.236,0.035,1.24,0.77,0.0,0.0,0.0,0.45,0.0,0.0,0.0,0.4,0.0,1.11,0.0,0.12,0.7,0.25,1.43,0.0,0.0,0.0,0.0,0.0,0.0,0.0,0.0,0.0,1.0,0.0,1.0,0.0,1.0,0.0,0.0,0.0,0.0,0.1823341816548627,22.033610689126682,23.477010031092096
10256,410.2,0.98,1,-0.351,0.374,0.034,0.242,0.036,1.28,0.99,0.0,0.0,0.0,0.31,0.0,0.0,0.0,0.32,0.0,0.96,0.0,0.05,0.79,0.19,2.02,0.0,0.0,0.0,0.0,0.0,0.0,0.0,0.0,0.0,1.0,0.0,0.0,0.0,1.0,0.0,0.0,0.0,1.0,0.18174226368861104,19.064626930522266,22.826519664635736
10257,410.24,0.98,1,-0.284,0.427,0.06,0.281,0.043,1.21,0.97,0.0,0.0,0.0,0.2,0.0,0.0,0.0,0.18,0.09,0.86,0.12,0.0,0.99,0.28,2.65,0.0,0.0,0.0,0.0,0.0,0.0,0.0,0.0,0.0,1.0,0.0,1.0,0.0,1.0,0.0,0.0,0.0,1.0,0.1910678957413314,20.739334608419725,17.7002824836216
10258,410.28,0.98,1,-0.267,0.465,0.082,0.288,0.064,0.98,0.96,0.0,0.0,0.0,0.02,0.0,0.0,0.0,0.05,0.09,0.79,0.25,0.11,1.12,0.39,2.93,0.0,0.0,0.0,0.0,0.0,0.0,0.0,0.0,0.0,1.0,0.0,1.0,0.0,1.0,0.0,0.0,0.0,1.0,0.17798106474277975,17.55591068557824,16.20123452086284
10259,410.32,0.98,1,-0.291,0.436,0.052,0.25,0.081,0.73,0.72,0.0,0.0,0.0,0.24,0.0,0.0,0.0,0.0,0.18,0.98,0.32,0.28,1.12,0.63,2.34,0.0,0.0,0.0,0.0,0.0,0.0,0.0,0.0,0.0,1.0,0.0,0.0,1.0,1.0,0.0,0.0,0.0,1.0,0.17291146391079376,18.655026132385874,18.22223915988377
10260,410.36,0.98,1,-0.326,0.384,0.044,0.232,0.083,0.76,0.66,0.0,0.0,0.0,0.54,0.0,0.0,0.0,0.12,0.09,1.11,0.2,0.28,0.96,0.71,1.74,0.0,0.0,0.0,0.0,0.0,0.0,0.0,0.0,0.0,1.0,0.0,0.0,1.0,1.0,0.0,0.0,0.0,1.0,0.18679685283324396,18.399184764548707,18.796276226955097
10261,410.4,0.98,1,-0.302,0.349,0.048,0.24,0.059,0.78,0.72,0.0,0.0,0.0,0.83,0.0,0.0,0.0,0.12,0.09,1.08,0.08,0.25,0.93,0.73,1.4,0.0,0.0,0.0,0.0,0.0,0.0,0.0,0.0,0.0,1.0,0.0,1.0,1.0,1.0,0.0,0.0,0.0,1.0,0.16908548202016432,19.714461696937096,18.8010637996897
10262,410.44,0.98,1,-0.314,0.325,0.049,0.244,0.079,0.79,0.63,0.0,0.0,0.0,0.93,0.0,0.0,0.0,0.12,0.04,1.06,0.02,0.2,0.81,0.59,1.32,0.0,0.0,0.0,0.0,0.0,0.0,0.0,0.0,0.0,1.0,0.0,1.0,0.0,1.0,0.0,0.0,0.0,1.0,0.20855773443029668,20.591260281974083,18.92828571212942
10263,410.48,0.98,1,-0.314,0.326,0.046,0.233,0.077,0.69,0.71,0.0,0.0,0.0,0.9,0.0,0.0,0.0,0.09,0.04,1.02,0.1,0.2,0.83,0.54,1.29,0.0,0.0,0.0,0.0,0.0,0.0,0.0,0.0,0.0,1.0,0.0,1.0,0.0,1.0,0.0,0.0,0.0,1.0,0.18429123038220135,20.550669088864197,18.604300578092065
10264,410.52,0.98,1,-0.316,0.329,0.051,0.253,0.067,0.7,0.52,0.0,0.0,0.0,0.83,0.0,0.0,0.0,0.12,0.13,1.12,0.1,0.11,0.75,0.64,1.23,0.0,0.0,0.0,0.0,0.0,0.0,0.0,0.0,0.0,1.0,0.0,1.0,0.0,1.0,1.0,0.0,0.0,0.0,0.21540212596984012,20.50609665440983,19.262917743685687
10265,410.56,0.98,1,-0.313,0.318,0.058,0.239,0.073,0.76,0.58,0.0,0.0,0.0,0.87,0.0,0.0,0.0,0.16,0.22,1.06,0.09,0.02,0.87,0.74,1.02,0.0,0.0,0.0,0.0,0.0,0.0,0.0,0.0,0.0,1.0,0.0,1.0,0.0,1.0,1.0,0.0,0.0,0.0,0.2144791162171567,20.342074623793962,18.43285110882196
10266,410.6,0.98,1,-0.304,0.311,0.06,0.232,0.074,0.68,0.36,0.0,0.0,0.0,0.95,0.0,0.0,0.0,0.14,0.29,1.05,0.01,0.13,0.93,0.91,0.7,0.0,0.0,0.0,0.0,0.0,0.0,0.0,0.0,0.0,1.0,0.0,1.0,0.0,1.0,1.0,0.0,0.0,0.0,0.21237050630498072,21.722108553268864,18.527007313648905
10267,410.64,0.98,1,-0.313,0.317,0.054,0.228,0.07,0.69,0.47,0.0,0.0,0.0,1.07,0.0,0.0,0.0,0.18,0.29,0.92,0.0,0.21,0.89,0.82,0.52,0.0,0.0,0.0,0.0,0.0,0.0,0.0,0.0,0.0,1.0,0.0,1.0,0.0,1.0,1.0,0.0,0.0,0.0,0.20038637171401058,20.587860500790264,19.331321734428887
10268,410.68,0.98,1,-0.312,0.304,0.053,0.232,0.065,0.67,0.42,0.0,0.0,0.0,1.15,0.0,0.0,0.01,0.27,0.19,0.92,0.0,0.31,0.88,0.8,0.57,0.0,0.0,0.0,0.0,0.0,0.0,0.0,0.0,0.0,1.0,0.0,1.0,0.0,1.0,1.0,0.0,0.0,0.0,0.2229191189026304,21.583790213954543,19.044421755464246
10269,410.72,0.98,1,-0.298,0.298,0.051,0.23,0.06,0.75,0.4,0.04,0.01,0.0,1.19,0.0,0.0,0.01,0.28,0.19,0.91,0.04,0.24,0.85,0.65,0.68,0.0,0.0,0.0,0.0,0.0,0.0,0.0,0.0,0.0,1.0,0.0,1.0,0.0,1.0,1.0,0.0,0.0,0.0,0.2163653042681391,20.986185932655882,19.358202395883723
10270,410.76,0.98,1,-0.32,0.321,0.06,0.244,0.055,0.63,0.33,0.04,0.01,0.0,1.29,0.0,0.0,0.01,0.29,0.12,1.0,0.05,0.34,1.01,0.57,0.6,0.0,0.0,0.0,0.0,0.0,0.0,0.0,0.0,0.0,1.0,0.0,1.0,0.0,1.0,1.0,0.0,0.0,0.0,0.22456310799159945,21.346896729969956,17.87176544161204
10271,410.8,0.98,1,-0.313,0.345,0.077,0.255,0.06,0.5,0.4,0.05,0.01,0.0,1.21,0.0,0.0,0.0,0.19,0.09,1.04,0.05,0.55,1.19,0.57,0.6,0.0,0.0,0.0,0.0,0.0,0.0,0.0,0.0,0.0,1.0,0.0,1.0,0.0,1.0,1.0,0.0,0.0,0.0,0.21732353115294034,21.393690658696503,17.15721422609162
10272,410.84,0.98,1,-0.315,0.347,0.071,0.246,0.069,0.25,0.29,0.01,0.0,0.0,1.03,0.0,0.0,0.0,0.2,0.02,1.05,0.08,0.87,1.2,0.67,0.53,0.0,0.0,0.0,0.0,0.0,0.0,0.0,0.0,0.0,1.0,0.0,1.0,0.0,1.0,1.0,0.0,0.0,0.0,0.21127912233192786,22.318826134006283,17.15721422609162
10273,410.88,0.98,1,-0.323,0.344,0.079,0.246,0.072,0.17,0.19,0.01,0.0,0.0,0.74,0.0,0.0,0.0,0.12,0.05,1.07,0.2,0.97,1.15,0.85,1.08,0.0,0.0,0.0,0.0,0.0,0.0,0.0,0.0,0.0,1.0,0.0,1.0,1.0,1.0,1.0,0.0,0.0,0.0,0.21785737779765185,22.539077177204792,17.763445611705
10274,410.92,0.98,1,-0.292,0.376,0.088,0.245,0.081,0.21,0.0,0.0,0.0,0.0,0.39,0.0,0.0,0.0,0.17,0.17,1.04,0.46,0.74,1.08,0.88,1.8,0.0,0.0,0.0,0.0,0.0,0.0,0.0,0.0,0.0,1.0,0.0,1.0,1.0,1.0,1.0,0.0,0.0,1.0,0.21793291847281276,20.930838492521076,20.436486977952008
10275,410.96,0.98,1,-0.237,0.474,0.122,0.257,0.083,0.33,0.0,0.0,0.0,0.0,0.17,0.0,0.0,0.08,0.14,0.25,1.1,0.77,0.37,0.93,0.97,2.48,0.0,0.0,0.0,0.0,0.0,0.0,0.0,0.0,0.0,1.0,0.0,1.0,1.0,1.0,1.0,0.0,0.0,1.0,0.17666173601223673,18.30027322200399,18.951780918953325
10276,411.0,0.98,1,-0.205,0.473,0.116,0.209,0.077,0.52,0.0,0.07,0.0,0.0,0.01,0.0,0.0,0.1,0.23,0.2,1.11,0.91,0.09,0.67,0.89,2.56,0.0,0.0,0.0,0.0,0.0,0.0,0.0,0.0,0.0,1.0,0.0,1.0,1.0,1.0,0.0,0.0,0.0,1.0,0.16832651875465637,17.130382365843303,18.926436537288236
10277,411.04,0.98,1,-0.172,0.486,0.1,0.174,0.051,0.38,0.0,0.18,0.0,0.0,0.12,0.0,0.0,0.16,0.28,0.08,1.13,0.77,0.0,0.27,0.8,2.4,0.0,0.0,0.0,0.0,0.0,0.0,0.0,0.0,0.0,1.0,0.0,1.0,1.0,1.0,0.0,0.0,0.0,1.0,0.18229275766494318,19.138704240360692,17.899999999999977
10278,411.08,0.98,1,-0.162,0.455,0.068,0.125,0.038,0.26,0.0,0.31,0.0,0.0,0.42,0.0,0.0,0.11,0.25,0.0,1.13,0.54,0.0,0.09,0.65,2.06,0.0,0.0,0.0,0.0,0.0,0.0,0.0,0.0,0.0,1.0,0.0,1.0,1.0,0.0,0.0,0.0,0.0,1.0,0.18427906480274306,20.961154548354532,20.100248754679765
10279,411.12,0.98,1,-0.099,0.412,0.065,0.083,0.027,0.13,0.0,0.23,0.0,0.0,0.81,0.0,0.0,0.12,0.18,0.16,1.18,0.36,0.02,0.0,0.53,1.83,0.0,0.0,0.0,0.0,0.0,0.0,0.0,0.0,0.0,1.0,0.0,1.0,1.0,0.0,0.0,0.0,0.0,1.0,0.18780354916240727,21.75178153623266,20.20222759994555
10280,411.16,0.98,1,-0.068,0.377,0.071,0.042,0.022,0.1,0.0,0.13,0.0,0.0,1.26,0.0,0.0,0.14,0.05,0.29,1.26,0.29,0.02,0.0,0.53,1.45,0.0,0.0,0.0,0.0,0.0,0.0,0.0,0.0,0.0,1.0,0.0,1.0,1.0,0.0,0.0,0.0,0.0,1.0,0.19968014067215434,19.012890364171355,20.923909768492212
10281,411.2,0.98,1,-0.04,0.368,0.079,0.014,0.018,0.09,0.0,0.0,0.0,0.0,1.71,0.0,0.02,0.21,0.04,0.45,1.26,0.25,0.07,0.0,0.45,1.3,0.0,0.0,0.0,0.0,0.0,1.0,0.0,0.0,0.0,1.0,0.0,1.0,0.0,0.0,0.0,0.0,0.0,1.0,0.19170462208538636,19.212756179163932,19.343732835210428
10282,411.24,0.98,1,-0.009,0.333,0.067,-0.024,0.01,0.0,0.0,0.0,0.0,0.0,1.89,0.0,0.03,0.32,0.18,0.42,1.2,0.22,0.05,0.0,0.38,1.05,0.0,0.0,0.0,0.0,0.0,1.0,0.0,0.0,0.0,1.0,0.0,1.0,0.0,0.0,0.0,0.0,0.0,1.0,0.19584306119309913,18.726718879718405,20.035967658189104
10283,411.28,0.98,1,0.028,0.314,0.06,-0.035,-0.014,0.0,0.0,0.0,0.0,0.0,1.88,0.0,0.06,0.41,0.35,0.37,1.16,0.25,0.06,0.0,0.19,0.7,0.0,0.0,0.0,0.0,0.0,1.0,0.0,0.0,0.0,1.0,0.0,1.0,0.0,0.0,0.0,0.0,0.0,1.0,0.20497732324786838,19.42575609854102,19.84943324127916
10284,411.32,0.98,1,0.032,0.295,0.048,-0.056,-0.024,0.0,0.0,0.0,0.0,0.0,1.66,0.0,0.19,0.46,0.43,0.21,1.06,0.18,0.14,0.0,0.09,0.35,0.0,0.0,0.0,0.0,0.0,1.0,0.0,0.0,0.0,1.0,0.0,1.0,0.0,0.0,0.0,0.0,0.0,1.0,0.25080831539671194,19.60025510038062,20.124860247962108
10285,411.36,0.98,1,0.041,0.296,0.049,-0.077,-0.034,0.0,0.0,0.0,0.0,0.0,1.76,0.0,0.36,0.49,0.27,0.08,0.98,0.15,0.19,0.01,0.03,0.06,0.0,0.0,0.0,0.0,0.0,0.0,0.0,0.0,0.0,1.0,0.0,0.0,0.0,0.0,0.0,0.0,0.0,1.0,0.2514018936987296,19.806312125178636,21.428252378577078
10286,411.4,0.98,1,0.071,0.316,0.048,-0.109,-0.047,0.0,0.0,0.0,0.0,0.0,1.41,0.0,0.58,0.56,0.18,0.08,0.9,0.07,0.18,0.02,0.03,0.41,0.0,0.0,0.0,0.0,0.0,0.0,0.0,0.0,0.0,1.0,0.0,0.0,0.0,0.0,0.0,0.0,0.0,1.0,0.22117735172277492,19.201041638411002,20.04220546746291
10287,411.44,0.98,1,0.101,0.376,0.039,-0.153,-0.06,0.09,0.0,0.0,0.0,0.0,0.88,0.0,0.68,0.61,0.3,0.1,1.0,0.12,0.05,0.13,0.0,0.85,0.0,0.0,0.0,0.0,0.0,0.0,0.0,0.0,0.0,1.0,0.0,0.0,0.0,0.0,0.0,0.0,0.0,1.0,0.20804006886414567,14.741099009232476,20.80624906127968
10288,411.48,0.98,1,0.109,0.371,0.032,-0.189,-0.078,0.11,0.07,0.0,0.0,0.0,0.22,0.0,0.93,0.62,0.44,0.19,1.27,0.09,0.0,0.17,0.06,1.12,0.0,0.0,0.0,0.0,0.0,0.0,0.0,0.0,0.0,1.0,0.0,0.0,0.0,0.0,0.0,0.0,0.0,1.0,0.1877190014074655,16.044936896105266,20.5912602819741
10289,411.52,0.98,1,0.135,0.334,0.033,-0.21,-0.1,0.11,0.16,0.0,0.0,0.0,0.32,0.0,1.03,0.55,0.41,0.29,1.51,0.09,0.0,0.18,0.06,0.82,0.0,0.0,0.0,0.0,0.0,0.0,0.0,0.0,0.0,1.0,0.0,0.0,0.0,0.0,0.0,0.0,0.0,1.0,0.1867287912276397,16.107762104029362,18.926436537288172
10290,411.56,0.98,1,0.258,0.335,0.052,-0.258,-0.125,0.04,0.37,0.13,0.0,0.0,0.88,0.0,1.18,0.41,0.2,0.4,1.58,0.0,0.0,0.07,0.06,0.37,0.0,0.0,0.0,0.0,0.0,1.0,0.0,0.0,0.0,0.0,0.0,0.0,0.0,0.0,0.0,0.0,0.0,1.0,0.23202241870761825,15.155856953666365,18.319934497699357
10291,411.6,0.98,1,0.283,0.279,0.038,-0.297,-0.139,0.08,0.71,0.3,0.06,0.0,1.19,0.0,1.03,0.25,0.06,0.49,1.39,0.0,0.01,0.01,0.06,0.1,0.0,0.0,1.0,0.0,0.0,1.0,0.0,0.0,0.0,0.0,0.0,0.0,0.0,0.0,0.0,0.0,0.0,0.0,0.26015314067367606,15.261061562027578,15.595512174981527
10292,411.64,0.98,1,0.241,0.243,0.015,-0.309,-0.154,0.22,0.87,0.47,0.14,0.0,1.2,0.0,1.06,0.09,0.0,0.5,1.27,0.0,0.1,0.0,0.13,0.0,0.0,0.0,1.0,1.0,0.0,1.0,0.0,0.0,0.0,0.0,0.0,0.0,0.0,0.0,0.0,0.0,0.0,0.0,0.3386810263204335,11.800423721205929,14.24429710445556
10293,411.68,0.98,1,0.255,0.236,0.014,-0.304,-0.164,0.53,0.96,0.61,0.22,0.0,1.07,0.0,1.03,0.03,0.0,0.68,1.24,0.0,0.15,0.06,0.13,0.0,1.0,0.0,1.0,1.0,0.0,1.0,0.0,0.0,0.0,0.0,0.0,0.0,0.0,0.0,0.0,0.0,0.0,0.0,0.3130785217554397,17.102046661145504,14.103900169811302
10294,411.72,0.98,1,0.271,0.234,0.013,-0.309,-0.173,0.72,0.88,0.69,0.26,0.0,1.14,0.0,1.18,0.04,0.0,0.82,1.35,0.0,0.25,0.13,0.07,0.0,1.0,0.0,1.0,1.0,0.0,1.0,0.0,0.0,0.0,0.0,0.0,0.0,0.0,0.0,0.0,0.0,0.0,0.0,0.3114703502118887,18.690371852908598,13.635615130972246
10295,411.76,0.98,1,0.246,0.233,0.005,-0.322,-0.178,0.85,1.03,0.74,0.2,0.0,1.34,0.0,1.19,0.06,0.0,0.83,1.46,0.0,0.24,0.13,0.02,0.0,1.0,0.0,1.0,1.0,0.0,1.0,0.0,0.0,0.0,0.0,0.0,0.0,0.0,0.0,0.0,0.0,0.0,0.0,0.3355626817384201,12.51718818265514,13.577186748365786
10296,411.8,0.98,1,0.277,0.216,0.004,-0.311,-0.183,0.74,1.09,0.68,0.24,0.0,1.47,0.0,1.21,0.12,0.0,0.67,1.39,0.0,0.19,0.19,0.02,0.0,1.0,0.0,1.0,1.0,0.0,1.0,0.0,0.0,0.0,0.0,0.0,0.0,0.0,0.0,0.0,0.0,0.0,0.0,0.3250344238216873,18.97076698502194,13.97139935725835
10297,411.84,0.98,1,0.277,0.224,0.001,-0.34,-0.186,0.74,1.2,0.57,0.42,0.0,1.63,0.0,1.19,0.15,0.0,0.49,1.31,0.0,0.1,0.32,0.06,0.0,1.0,0.0,1.0,1.0,0.0,1.0,0.0,0.0,0.0,0.0,0.0,0.0,0.0,0.0,0.0,0.0,0.0,0.0,0.38341119916500227,11.812705024675772,14.583552379307168
10298,411.88,0.98,1,0.274,0.232,0.005,-0.324,-0.187,0.78,1.25,0.61,0.84,0.0,1.54,0.0,1.15,0.19,0.0,0.33,1.19,0.0,0.02,0.43,0.07,0.0,1.0,0.0,1.0,1.0,0.0,1.0,0.0,0.0,0.0,0.0,0.0,0.0,0.0,0.0,0.0,0.0,0.0,0.0,0.34998423555505853,12.156479753612917,14.713599151804946
10299,411.92,0.98,1,0.285,0.227,0.011,-0.322,-0.19,0.94,1.32,0.66,0.86,0.0,1.41,0.0,1.18,0.16,0.0,0.37,1.23,0.0,0.09,0.38,0.1,0.0,1.0,0.0,1.0,0.0,0.0,1.0,0.0,0.0,0.0,0.0,0.0,0.0,0.0,0.0,0.0,0.0,0.0,0.0,0.3281792123998807,17.857211428439804,15.520631430454129
10300,411.96,0.98,1,0.261,0.233,0.007,-0.318,-0.183,0.91,1.42,0.76,0.59,0.0,1.08,0.0,1.23,0.19,0.0,0.38,1.21,0.0,0.1,0.3,0.18,0.0,1.0,0.0,1.0,0.0,0.0,1.0,0.0,0.0,0.0,0.0,0.0,0.0,0.0,0.0,0.0,0.0,0.0,0.0,0.33366766799581893,12.226201372462308,15.073486657041148
10301,412.0,0.98,1,0.258,0.244,0.009,-0.335,-0.187,0.93,1.67,0.67,0.17,0.0,0.75,0.0,1.2,0.28,0.0,0.45,1.08,0.0,0.1,0.35,0.2,0.09,1.0,0.0,1.0,0.0,0.0,1.0,0.0,0.0,0.0,0.0,0.0,0.0,0.0,0.0,0.0,0.0,0.0,0.0,0.3052317022836445,9.732420048477046,14.008925726121886
10302,412.04,0.98,1,0.259,0.275,0.0,-0.346,-0.182,0.86,1.96,0.48,0.02,0.0,0.55,0.0,0.92,0.35,0.0,0.45,0.97,0.0,0.02,0.5,0.4,0.38,1.0,0.0,1.0,0.0,0.0,1.0,0.0,0.0,0.0,0.0,0.0,0.0,0.0,0.0,0.0,0.0,0.0,0.0,0.28906571563970873,13.006152390311286,15.741029191256807
10303,412.08,0.98,1,0.249,0.316,-0.006,-0.317,-0.176,0.84,1.87,0.23,0.1,0.0,0.57,0.0,0.53,0.37,0.0,0.33,0.93,0.0,0.0,0.44,0.5,0.74,1.0,0.0,1.0,0.0,0.0,1.0,0.0,0.0,0.0,0.0,0.0,0.0,0.0,0.0,0.0,0.0,0.0,0.0,0.27757615425583154,10.716809226630657,18.146349495146445
10304,412.12,0.98,1,0.179,0.338,0.035,-0.246,-0.165,0.5,1.32,0.07,0.1,0.0,1.03,0.0,0.4,0.42,0.0,0.22,0.92,0.0,0.0,0.28,0.53,0.84,1.0,0.0,1.0,0.0,0.0,1.0,0.0,0.0,0.0,0.0,0.0,0.0,0.0,0.0,0.0,0.0,0.0,0.0,0.1959219621450245,12.30162590879754,17.44161689752417
10305,412.16,0.98,1,0.147,0.328,0.059,-0.22,-0.135,0.21,0.6,0.0,0.1,0.0,1.32,0.0,0.44,0.55,0.0,0.04,1.03,0.0,0.0,0.05,0.45,0.62,0.0,0.0,0.0,0.0,0.0,1.0,0.0,0.0,0.0,0.0,0.0,0.0,0.0,0.0,0.0,0.0,0.0,0.0,0.19893407863441193,13.103434664239892,18.908463713374307
10306,412.2,0.98,1,0.133,0.314,0.066,-0.203,-0.101,0.0,0.14,0.0,0.0,0.0,1.66,0.0,0.64,0.65,0.04,0.0,1.13,0.0,0.0,0.0,0.32,0.25,0.0,0.0,0.0,0.0,0.0,1.0,0.0,0.0,0.0,1.0,0.0,0.0,0.0,0.0,0.0,0.0,0.0,0.0,0.21894665856866147,14.72175261305533,18.978935691971714
10307,412.24,0.98,1,0.104,0.299,0.075,-0.193,-0.075,0.0,0.0,0.0,0.0,0.0,1.72,0.0,0.73,0.63,0.05,0.0,1.25,0.0,0.0,0.0,0.27,0.06,0.0,0.0,0.0,0.0,0.0,1.0,0.0,0.0,0.0,1.0,0.0,0.0,0.0,0.0,0.0,0.0,0.0,0.0,0.24121372861411997,13.618002790424057,18.655026132385874
10308,412.28,0.98,1,0.082,0.293,0.082,-0.173,-0.06,0.0,0.0,0.0,0.0,0.0,1.75,0.0,0.72,0.59,0.14,0.04,1.21,0.1,0.0,0.0,0.12,0.0,0.0,0.0,0.0,0.0,0.0,1.0,0.0,0.0,0.0,1.0,0.0,0.0,0.0,0.0,0.0,0.0,0.0,0.0,0.244212455550889,14.716657229140088,19.275113488641303
10309,412.32,0.98,1,0.063,0.289,0.092,-0.162,-0.047,0.0,0.0,0.0,0.0,0.0,1.76,0.0,0.75,0.54,0.17,0.04,1.09,0.1,0.02,0.0,0.03,0.0,0.0,0.0,0.0,0.0,0.0,1.0,0.0,0.0,0.0,1.0,0.0,0.0,0.0,0.0,0.0,0.0,0.0,0.0,0.25682439536552865,15.805062480104235,19.37472580451135
10310,412.36,0.98,1,0.045,0.29,0.091,-0.145,-0.036,0.0,0.0,0.0,0.0,0.0,1.61,0.0,0.67,0.57,0.29,0.06,1.03,0.1,0.04,0.0,0.0,0.0,0.0,0.0,0.0,0.0,0.0,1.0,0.0,0.0,0.0,1.0,0.0,0.0,0.0,0.0,0.0,0.0,0.0,0.0,0.2425755341347488,16.199999999999818,19.649936386665615
10311,412.4,0.98,1,0.031,0.271,0.087,-0.14,-0.027,0.0,0.0,0.0,0.0,0.0,1.62,0.0,0.72,0.55,0.39,0.02,1.02,0.0,0.04,0.0,0.0,0.0,0.0,0.0,0.0,0.0,0.0,0.0,0.0,0.0,0.0,1.0,0.0,0.0,0.0,0.0,0.0,0.0,0.0,0.0,0.2648146017155495,16.100000000000136,20.511947737842938
10312,412.44,0.98,1,0.025,0.283,0.097,-0.128,-0.024,0.0,0.0,0.0,0.0,0.0,1.53,0.0,0.63,0.57,0.52,0.02,1.08,0.0,0.02,0.0,0.0,0.0,0.0,0.0,0.0,0.0,0.0,0.0,0.0,0.0,0.0,1.0,0.0,0.0,0.0,0.0,0.0,0.0,0.0,0.0,0.26335613074692343,16.302760502442705,20.335437049643126
10313,412.48,0.98,1,0.011,0.272,0.091,-0.113,-0.023,0.0,0.0,0.0,0.0,0.0,1.53,0.0,0.65,0.56,0.65,0.06,1.02,0.0,0.0,0.0,0.0,0.0,0.0,0.0,0.0,0.0,0.0,0.0,0.0,0.0,0.0,1.0,0.0,0.0,0.0,0.0,0.0,0.0,0.0,0.0,0.26283508006764345,16.800000000000182,21.002142747824568
10314,412.52,0.98,1,0.008,0.274,0.095,-0.109,-0.021,0.0,0.0,0.0,0.0,0.0,1.43,0.0,0.62,0.59,0.52,0.06,1.0,0.0,0.06,0.0,0.0,0.0,0.0,0.0,0.0,0.0,0.0,0.0,0.0,0.0,0.0,1.0,0.0,0.0,0.0,0.0,0.0,0.0,0.0,0.0,0.2688502292059597,16.600301202086804,21.500930212434994
10315,412.56,0.98,1,0.008,0.264,0.08,-0.101,-0.014,0.0,0.0,0.0,0.0,0.0,1.39,0.0,0.62,0.57,0.36,0.06,0.96,0.0,0.18,0.0,0.0,0.0,0.0,0.0,0.0,0.0,0.0,0.0,0.0,0.0,0.0,1.0,0.0,0.0,0.0,0.0,0.0,0.0,0.0,0.0,0.2614261760380093,16.700299398513835,21.102132593650246
10316,412.6,0.98,1,0.004,0.282,0.084,-0.098,-0.011,0.0,0.0,0.0,0.0,0.0,1.49,0.0,0.52,0.54,0.21,0.03,0.96,0.0,0.28,0.0,0.0,0.0,0.0,0.0,0.0,0.0,0.0,0.0,0.0,0.0,0.0,1.0,0.0,0.0,0.0,0.0,0.0,0.0,0.0,0.0,0.24526429796486598,17.00470523119998,21.00380917833715
10317,412.64,0.98,1,-0.002,0.275,0.084,-0.081,-0.014,0.0,0.0,0.0,0.01,0.0,1.67,0.0,0.45,0.5,0.25,0.09,0.91,0.0,0.36,0.0,0.0,0.0,0.0,0.0,0.0,0.0,0.0,0.0,0.0,0.0,0.0,1.0,0.0,0.0,0.0,0.0,0.0,0.0,0.0,0.0,0.2602865195762482,16.901183390520412,21.523243250030884
10318,412.68,0.98,1,-0.009,0.279,0.081,-0.076,-0.011,0.0,0.0,0.0,0.03,0.0,1.85,0.0,0.44,0.47,0.22,0.16,0.85,0.0,0.36,0.0,0.0,0.0,0.0,0.0,0.0,0.0,0.0,0.0,0.0,0.0,0.0,1.0,0.0,0.0,0.0,0.0,0.0,0.0,0.0,0.0,0.25610607412515896,16.40274367293481,22.23803048833242
10319,412.72,0.98,1,-0.0,0.277,0.071,-0.071,-0.007,0.0,0.0,0.0,0.03,0.0,2.04,0.0,0.38,0.45,0.14,0.14,0.85,0.0,0.38,0.0,0.0,0.0,0.0,0.0,0.0,0.0,0.0,0.0,0.0,0.0,0.0,1.0,0.0,0.0,0.0,0.0,0.0,0.0,0.0,0.0,0.24950956255488543,16.51484180971771,22.73719419805359
10320,412.76,0.98,1,0.002,0.275,0.077,-0.067,-0.009,0.0,0.0,0.0,0.02,0.0,2.13,0.0,0.46,0.41,0.07,0.08,0.82,0.0,0.38,0.0,0.0,0.0,0.0,0.0,0.0,0.0,0.0,0.0,0.0,0.0,0.0,1.0,0.0,0.0,0.0,0.0,0.0,0.0,0.0,0.0,0.25749219638190923,16.015305179733538,22.95582714693601
10321,412.8,0.98,1,-0.002,0.279,0.072,-0.059,-0.01,0.0,0.0,0.0,0.08,0.0,2.01,0.0,0.4,0.42,0.1,0.0,0.81,0.0,0.39,0.0,0.0,0.0,0.0,0.0,0.0,0.0,0.0,0.0,0.0,0.0,0.0,1.0,0.0,0.0,0.0,0.0,0.0,0.0,0.0,0.0,0.25603517317627433,17.328877632437667,23.248440807933584
10322,412.84,0.98,1,-0.008,0.282,0.072,-0.056,-0.009,0.0,0.0,0.0,0.08,0.0,1.89,0.0,0.48,0.44,0.12,0.04,0.75,0.0,0.44,0.0,0.0,0.0,0.0,0.0,0.0,0.0,0.0,1.0,0.0,0.0,0.0,1.0,0.0,0.0,0.0,0.0,0.0,0.0,0.0,0.0,0.25187298438005495,18.162048342629106,23.055585006674633
10323,412.88,0.98,1,-0.022,0.287,0.067,-0.055,-0.008,0.0,0.0,0.0,0.08,0.0,1.74,0.0,0.35,0.43,0.15,0.04,0.73,0.0,0.44,0.0,0.0,0.0,0.0,0.0,0.0,0.0,0.0,1.0,0.0,0.0,0.0,1.0,0.0,0.0,0.0,0.0,0.0,0.0,0.0,0.0,0.2505269802103895,20.840585404445775,23.131147831441393
10324,412.92,0.98,1,-0.019,0.29,0.066,-0.05,-0.008,0.0,0.0,0.0,0.02,0.0,1.81,0.0,0.3,0.43,0.14,0.04,0.71,0.0,0.45,0.0,0.0,0.0,0.0,0.0,0.0,0.0,0.0,0.0,0.0,0.0,1.0,1.0,0.0,0.0,0.0,0.0,0.0,0.0,0.0,0.0,0.24074317742547052,22.018401395196697,23.131147831441613
10325,412.96,0.98,1,-0.021,0.294,0.073,-0.047,-0.012,0.0,0.0,0.0,0.02,0.0,1.74,0.0,0.25,0.42,0.12,0.0,0.78,0.0,0.48,0.0,0.0,0.0,0.0,0.0,0.0,0.0,0.0,0.0,0.0,0.0,1.0,1.0,0.0,0.0,0.0,0.0,0.0,0.0,0.0,0.0,0.25513176284097017,22.71783440383352,22.949074055394778
10326,413.0,0.98,1,-0.016,0.285,0.064,-0.044,-0.01,0.0,0.0,0.0,0.12,0.0,1.75,0.0,0.28,0.45,0.1,0.0,0.71,0.0,0.55,0.0,0.0,0.0,0.0,0.0,0.0,0.0,0.0,0.0,0.0,0.0,1.0,1.0,0.0,0.0,0.0,0.0,0.0,0.0,0.0,0.0,0.23743380763746214,21.727862297060007,23.126175645791406
10327,413.04,0.98,1,-0.013,0.284,0.065,-0.038,-0.011,0.0,0.0,0.0,0.13,0.0,1.77,0.0,0.2,0.42,0.15,0.0,0.73,0.0,0.55,0.0,0.0,0.0,0.0,0.0,0.0,0.0,0.0,0.0,0.0,0.0,1.0,1.0,0.0,0.0,0.0,0.0,0.0,0.0,0.0,0.0,0.2490220372952182,22.111083193728792,23.02628932329306
10328,413.08,0.98,1,-0.017,0.304,0.073,-0.044,-0.013,0.0,0.0,0.0,0.13,0.0,1.89,0.0,0.12,0.41,0.12,0.02,0.59,0.0,0.54,0.0,0.0,0.0,0.0,0.0,0.0,0.0,0.0,0.0,0.0,0.0,1.0,1.0,0.0,0.0,0.0,0.0,0.0,0.0,0.0,0.0,0.24016859211159503,21.91460700081122,23.02628932329306
10329,413.12,0.98,1,-0.021,0.3,0.069,-0.04,-0.012,0.0,0.0,0.0,0.1,0.0,1.83,0.0,0.06,0.37,0.14,0.02,0.6,0.0,0.49,0.0,0.0,0.0,0.0,0.0,0.0,0.0,0.0,0.0,0.0,0.0,1.0,1.0,0.0,0.0,0.0,0.0,0.0,0.0,0.0,0.0,0.24235752784108908,21.922819161777394,23.026289323293057
10330,413.16,0.98,1,-0.019,0.294,0.064,-0.04,-0.01,0.0,0.0,0.0,0.08,0.0,1.76,0.0,0.1,0.35,0.13,0.02,0.57,0.03,0.5,0.0,0.0,0.0,0.0,0.0,0.0,0.0,0.0,0.0,0.0,0.0,0.0,1.0,0.0,0.0,0.0,0.0,0.0,0.0,0.0,0.0,0.24211980905723474,22.02271554554524,23.34202219174675
10331,413.2,0.98,1,-0.021,0.301,0.072,-0.04,-0.013,0.0,0.0,0.0,0.08,0.0,1.7,0.0,0.09,0.34,0.22,0.0,0.59,0.06,0.47,0.0,0.0,0.0,0.0,0.0,0.0,0.0,0.0,0.0,0.0,0.0,0.0,1.0,0.0,0.0,0.0,0.0,0.0,0.0,0.0,0.0,0.24495932731532863,22.211033294288722,22.842942017174536
10332,413.24,0.98,1,-0.017,0.298,0.067,-0.039,-0.012,0.0,0.0,0.0,0.0,0.0,1.83,0.0,0.06,0.35,0.22,0.0,0.65,0.06,0.47,0.0,0.0,0.0,0.0,0.0,0.0,0.0,0.0,0.0,0.0,0.0,0.0,1.0,0.0,0.0,0.0,0.0,0.0,0.0,0.0,0.0,0.2399408888161383,21.91460700081099,22.936869882353037
10333,413.28,0.98,1,-0.012,0.294,0.065,-0.039,-0.011,0.0,0.0,0.0,0.0,0.0,1.76,0.0,0.03,0.34,0.19,0.0,0.64,0.03,0.44,0.0,0.0,0.0,0.0,0.0,0.0,0.0,0.0,0.0,0.0,0.0,0.0,1.0,0.0,0.0,0.0,0.0,0.0,0.0,0.0,0.0,0.24139614416747507,21.818570072303043,22.73719419805359
10334,413.32,0.98,1,-0.01,0.297,0.072,-0.037,-0.016,0.0,0.0,0.0,0.0,0.0,1.74,0.0,0.08,0.33,0.12,0.01,0.72,0.0,0.44,0.0,0.0,0.0,0.0,0.0,0.0,0.0,0.0,0.0,0.0,0.0,0.0,1.0,0.0,0.0,0.0,0.0,0.0,0.0,0.0,0.0,0.23623971799564397,21.72302925468734,22.93141949378634
10335,413.36,0.98,1,-0.013,0.305,0.067,-0.041,-0.013,0.0,0.0,0.0,0.04,0.0,1.55,0.0,0.15,0.39,0.19,0.06,0.76,0.0,0.43,0.0,0.0,0.0,0.0,0.0,0.0,0.0,0.0,0.0,0.0,0.0,0.0,1.0,0.0,0.0,0.0,0.0,0.0,0.0,0.0,0.0,0.23612217761779025,22.032702966272662,22.64332131115059
10336,413.4,0.98,1,-0.019,0.292,0.061,-0.045,-0.01,0.0,0.0,0.0,0.04,0.0,1.53,0.0,0.16,0.43,0.25,0.06,0.77,0.01,0.41,0.0,0.0,0.0,0.0,0.0,0.0,0.0,0.0,0.0,0.0,0.0,0.0,1.0,0.0,0.0,0.0,0.0,0.0,0.0,0.0,0.0,0.24110322078133817,22.027482833950867,22.8560714034586
10337,413.44,0.98,1,-0.013,0.297,0.067,-0.047,-0.011,0.0,0.0,0.0,0.06,0.0,1.46,0.0,0.18,0.47,0.31,0.04,0.68,0.01,0.39,0.0,0.0,0.0,0.0,0.0,0.0,0.0,0.0,0.0,0.0,0.0,1.0,1.0,0.0,0.0,0.0,0.0,0.0,0.0,0.0,0.0,0.23822556247469545,21.333776037073413,23.136551169091646
10338,413.48,0.98,1,-0.015,0.292,0.066,-0.045,-0.012,0.0,0.0,0.0,0.02,0.0,1.45,0.0,0.15,0.46,0.23,0.0,0.55,0.02,0.35,0.0,0.0,0.0,0.0,0.0,0.0,0.0,0.0,0.0,0.0,0.0,1.0,1.0,0.0,0.0,0.0,0.0,0.0,0.0,0.0,0.0,0.23927246752060194,20.747288979526754,22.837031330713675
10339,413.52,0.98,1,-0.014,0.294,0.064,-0.044,-0.011,0.0,0.0,0.0,0.02,0.0,1.35,0.0,0.18,0.48,0.24,0.0,0.51,0.0,0.36,0.0,0.0,0.0,0.0,0.0,0.0,0.0,0.0,0.0,0.0,0.0,1.0,1.0,0.0,0.0,0.0,0.0,0.0,0.0,0.0,0.0,0.23806225824387017,21.533462331914944,22.643321311150356
10340,413.56,0.98,1,-0.01,0.291,0.065,-0.047,-0.011,0.0,0.0,0.0,0.0,0.0,1.42,0.0,0.19,0.48,0.23,0.05,0.57,0.04,0.37,0.0,0.0,0.0,0.0,0.0,0.0,0.0,0.0,0.0,0.0,0.0,1.0,1.0,0.0,0.0,0.0,0.0,0.0,0.0,0.0,0.0,0.2398884044101088,20.63492185592196,22.543513479491168
10341,413.6,0.98,1,-0.007,0.295,0.063,-0.043,-0.011,0.0,0.0,0.0,0.0,0.0,1.48,0.0,0.22,0.42,0.29,0.05,0.62,0.1,0.39,0.0,0.0,0.0,0.0,0.0,0.0,0.0,0.0,0.0,0.0,0.0,1.0,1.0,0.0,0.0,0.0,0.0,0.0,0.0,0.0,0.0,0.23315617083974974,21.723029254687113,22.443707358634054
10342,413.64,0.98,1,-0.012,0.296,0.066,-0.043,-0.012,0.0,0.0,0.0,0.0,0.0,1.59,0.0,0.22,0.41,0.34,0.05,0.63,0.16,0.41,0.0,0.0,0.0,0.0,0.0,0.0,0.0,0.0,0.0,0.0,0.0,1.0,1.0,0.0,0.0,0.0,0.0,0.0,0.0,0.0,0.0,0.23623992545321937,21.83300254202335,22.94275484766365
10343,413.68,0.98,1,-0.01,0.294,0.066,-0.045,-0.011,0.0,0.0,0.0,0.02,0.0,1.62,0.0,0.17,0.39,0.33,0.06,0.61,0.21,0.39,0.0,0.0,0.0,0.0,0.0,0.0,0.0,0.0,0.0,0.0,0.0,1.0,1.0,0.0,0.0,0.0,0.0,0.0,0.0,0.0,0.0,0.23730931469682395,21.046614929722068,22.94275484766388
10344,413.72,0.98,1,-0.017,0.295,0.07,-0.042,-0.013,0.0,0.0,0.0,0.02,0.0,1.51,0.0,0.11,0.43,0.29,0.07,0.55,0.15,0.4,0.0,0.0,0.0,0.0,0.0,0.0,0.0,0.0,0.0,0.0,0.0,1.0,1.0,0.0,0.0,0.0,0.0,0.0,0.0,0.0,0.0,0.23817365227584214,21.345959805077822,23.055585006674633
10345,413.76,0.98,1,-0.005,0.289,0.064,-0.041,-0.012,0.02,0.0,0.0,0.02,0.0,1.17,0.0,0.08,0.49,0.27,0.07,0.56,0.08,0.26,0.0,0.0,0.52,0.0,1.0,0.0,0.0,0.0,0.0,0.0,0.0,1.0,1.0,0.0,0.0,0.0,0.0,0.0,0.0,0.0,0.0,0.24639839277731374,21.01523257068548,22.543513479491168
10346,413.8,0.98,1,0.047,0.413,0.055,-0.056,-0.007,0.33,0.16,0.0,0.0,0.0,0.58,0.0,0.12,0.56,0.35,0.09,0.55,0.11,0.14,0.0,0.0,1.26,0.0,1.0,0.0,0.0,0.0,0.0,0.0,0.0,0.0,1.0,0.0,0.0,0.0,0.0,0.0,0.0,0.0,1.0,0.2048953694884863,17.734147850968018,19.32097306038177
10347,413.84,0.98,1,0.032,0.44,0.06,-0.075,-0.002,0.65,0.31,0.0,0.0,0.0,0.23,0.0,0.16,0.57,0.44,0.1,0.64,0.3,0.0,0.0,0.0,1.98,1.0,1.0,0.0,0.0,0.0,0.0,0.0,0.0,0.0,1.0,0.0,0.0,0.0,0.0,0.0,0.0,0.0,1.0,0.19215384561433999,17.821335527956293,18.92643653728835
10348,413.88,0.98,1,0.015,0.433,0.048,-0.062,-0.004,0.81,0.37,0.0,0.0,0.0,0.09,0.0,0.2,0.54,0.43,0.15,0.72,0.4,0.0,0.06,0.0,2.12,1.0,1.0,0.0,0.0,0.0,0.0,0.0,0.0,0.0,1.0,0.0,0.0,0.0,0.0,0.0,0.0,0.0,1.0,0.18335812004727498,16.9307412714269,18.73232500251886
10349,413.92,0.98,1,0.003,0.43,0.038,-0.054,-0.002,0.69,0.3,0.0,0.0,0.0,0.44,0.0,0.13,0.47,0.36,0.12,0.73,0.36,0.0,0.06,0.0,1.83,1.0,1.0,0.0,0.0,0.0,0.0,0.0,0.0,0.0,1.0,0.0,0.0,0.0,0.0,0.0,0.0,0.0,1.0,0.18813583462423117,18.49783771147307,22.73169593321189
10350,413.96,0.98,1,-0.006,0.389,0.04,-0.045,-0.004,0.5,0.15,0.0,0.0,0.0,0.75,0.0,0.15,0.44,0.3,0.1,0.79,0.17,0.0,0.09,0.0,1.45,1.0,1.0,0.0,0.0,0.0,0.0,0.0,0.0,0.0,1.0,0.0,0.0,0.0,0.0,0.0,0.0,0.0,1.0,0.19354236887879456,18.398369492974062,22.63183598385262
10351,414.0,0.98,1,-0.035,0.366,0.036,-0.044,-0.006,0.41,0.09,0.0,0.0,0.0,0.96,0.0,0.13,0.4,0.32,0.08,0.88,0.08,0.01,0.07,0.0,1.14,1.0,1.0,0.0,0.0,0.0,0.0,0.0,0.0,0.0,1.0,0.0,0.0,0.0,0.0,0.0,0.0,0.0,1.0,0.20181071388884653,16.624379687675482,19.64306493396602
10352,414.04,0.98,1,-0.019,0.354,0.039,-0.047,-0.004,0.36,0.0,0.0,0.0,0.0,0.8,0.0,0.13,0.37,0.34,0.04,1.0,0.0,0.05,0.19,0.0,0.84,0.0,1.0,0.0,0.0,0.0,0.0,0.0,0.0,0.0,1.0,0.0,0.0,0.0,0.0,0.0,0.0,0.0,1.0,0.2178714615926161,16.244383644816875,19.94241710525569
10353,414.08,0.98,1,-0.032,0.346,0.049,-0.049,-0.008,0.32,0.0,0.0,0.0,0.0,0.95,0.0,0.06,0.36,0.3,0.13,1.03,0.0,0.12,0.25,0.0,0.75,0.0,1.0,0.0,0.0,0.0,0.0,0.0,0.0,0.0,1.0,0.0,0.0,0.0,0.0,0.0,0.0,0.0,1.0,0.22917153727596007,17.218594600024527,20.324615617521484
10354,414.12,0.98,1,-0.041,0.342,0.044,-0.047,-0.005,0.41,0.0,0.0,0.0,0.0,1.28,0.0,0.04,0.38,0.2,0.09,0.87,0.02,0.19,0.28,0.0,0.67,0.0,1.0,0.0,0.0,0.0,0.0,0.0,0.0,0.0,1.0,0.0,1.0,0.0,0.0,0.0,0.0,0.0,1.0,0.22306906325560938,17.456230979223523,18.552897347853783
10355,414.16,0.98,1,-0.037,0.357,0.051,-0.042,-0.008,0.37,0.0,0.0,0.0,0.0,1.51,0.0,0.07,0.41,0.09,0.09,0.75,0.02,0.16,0.2,0.0,0.76,0.0,1.0,0.0,0.0,0.0,0.0,0.0,0.0,0.0,1.0,0.0,1.0,0.0,0.0,0.0,0.0,0.0,1.0,0.21844684275236187,18.353473785635202,19.49281919066617
10356,414.2,0.98,1,-0.036,0.339,0.048,-0.045,-0.008,0.41,0.01,0.0,0.0,0.0,1.41,0.0,0.14,0.38,0.13,0.1,0.74,0.02,0.16,0.11,0.0,0.79,0.0,1.0,0.0,0.0,0.0,0.0,0.0,0.0,0.0,1.0,0.0,1.0,0.0,0.0,0.0,0.0,0.0,1.0,0.23221657013490093,18.569060288555264,18.5779439120695
10357,414.24,0.98,1,-0.021,0.35,0.05,-0.043,-0.007,0.34,0.07,0.0,0.0,0.0,1.32,0.0,0.13,0.35,0.18,0.15,0.87,0.0,0.13,0.08,0.0,0.73,0.0,0.0,0.0,0.0,0.0,0.0,0.0,0.0,0.0,1.0,0.0,1.0,0.0,0.0,0.0,0.0,0.0,1.0,0.22558637142792476,19.358202395883946,17.971366113904732
10358,414.28,0.98,1,-0.014,0.345,0.053,-0.044,-0.009,0.26,0.07,0.0,0.0,0.0,1.37,0.0,0.18,0.34,0.25,0.22,0.99,0.0,0.19,0.06,0.01,0.59,0.0,1.0,0.0,0.0,0.0,0.0,0.0,0.0,0.0,1.0,0.0,1.0,0.0,0.0,0.0,0.0,0.0,1.0,0.23055635675059194,18.552897347853783,18.246369501903484
10359,414.32,0.98,1,-0.026,0.345,0.049,-0.048,-0.007,0.16,0.05,0.0,0.0,0.0,1.33,0.0,0.17,0.38,0.18,0.13,0.97,0.0,0.13,0.1,0.01,0.52,0.0,0.0,0.0,0.0,0.0,0.0,0.0,0.0,0.0,1.0,0.0,1.0,0.0,0.0,0.0,0.0,0.0,1.0,0.22990439458978693,18.54561942885705,18.57794391206949
10360,414.36,0.98,1,-0.013,0.347,0.054,-0.045,-0.01,0.11,0.0,0.0,0.0,0.0,1.24,0.0,0.18,0.41,0.15,0.08,0.93,0.0,0.09,0.08,0.01,0.47,0.0,1.0,0.0,0.0,0.0,0.0,0.0,0.0,0.0,1.0,0.0,1.0,0.0,0.0,0.0,0.0,0.0,1.0,0.22914046258766052,18.538878067455972,17.971366113904725
10361,414.4,0.98,1,-0.015,0.347,0.05,-0.044,-0.008,0.14,0.0,0.0,0.0,0.0,1.09,0.0,0.14,0.43,0.16,0.01,0.84,0.0,0.12,0.05,0.0,0.56,0.0,1.0,0.0,0.0,0.0,0.0,0.0,0.0,0.0,1.0,0.0,1.0,0.0,0.0,0.0,0.0,0.0,1.0,0.22349986753384918,18.852055590836724,18.062391868188442
10362,414.44,0.98,1,-0.042,0.351,0.058,-0.046,-0.007,0.12,0.02,0.0,0.0,0.0,1.15,0.0,0.12,0.45,0.21,0.0,0.75,0.0,0.14,0.02,0.0,0.59,0.0,0.0,0.0,0.0,0.0,0.0,0.0,0.0,0.0,1.0,0.0,1.0,0.0,0.0,0.0,0.0,0.0,1.0,0.22333921542136964,18.31747799234377,18.453184007103037
10363,414.48,0.98,1,-0.054,0.34,0.052,-0.039,-0.009,0.12,0.02,0.0,0.0,0.0,1.29,0.0,0.15,0.43,0.19,0.0,0.68,0.0,0.2,0.0,0.0,0.59,0.0,0.0,0.0,0.0,0.0,0.0,0.0,0.0,0.0,1.0,0.0,1.0,0.0,0.0,0.0,0.0,0.0,1.0,0.2208931949045736,18.03357978882729,18.54561942885705
10364,414.52,0.98,1,-0.056,0.349,0.054,-0.043,-0.009,0.12,0.02,0.0,0.0,0.0,1.44,0.0,0.16,0.37,0.22,0.0,0.71,0.0,0.22,0.0,0.0,0.57,0.0,0.0,0.0,0.0,0.0,0.0,0.0,0.0,0.0,1.0,0.0,1.0,0.0,0.0,0.0,0.0,0.0,1.0,0.21148398891878178,17.423260314877787,18.732325002519083
10365,414.56,0.98,1,-0.044,0.344,0.055,-0.043,-0.009,0.1,0.0,0.0,0.0,0.0,1.52,0.0,0.16,0.33,0.14,0.0,0.72,0.0,0.27,0.0,0.0,0.53,0.0,0.0,0.0,0.0,0.0,0.0,0.0,0.0,0.0,1.0,0.0,0.0,0.0,0.0,0.0,0.0,0.0,1.0,0.21306123067434068,17.910053042914058,18.54561942885705
10366,414.6,0.98,1,-0.053,0.345,0.055,-0.044,-0.008,0.04,0.0,0.0,0.0,0.0,1.51,0.0,0.09,0.34,0.19,0.0,0.78,0.01,0.3,0.0,0.0,0.51,0.0,0.0,0.0,0.0,0.0,0.0,0.0,0.0,0.0,1.0,0.0,0.0,0.0,0.0,0.0,0.0,0.0,0.0,0.22253047477818344,18.227451824103163,18.668690366493443
10367,414.64,0.98,1,-0.051,0.335,0.054,-0.043,-0.008,0.01,0.0,0.0,0.0,0.0,1.48,0.0,0.05,0.35,0.13,0.0,0.78,0.01,0.3,0.0,0.0,0.5,0.0,0.0,0.0,0.0,0.0,0.0,0.0,0.0,0.0,1.0,0.0,1.0,0.0,0.0,0.0,0.0,0.0,0.0,0.2229572052976868,17.822738285684338,18.453184007103047
10368,414.68,0.98,1,-0.061,0.325,0.051,-0.044,-0.007,0.01,0.0,0.0,0.0,0.0,1.41,0.0,0.04,0.39,0.2,0.0,0.76,0.01,0.27,0.0,0.0,0.54,0.0,0.0,0.0,0.0,0.0,0.0,0.0,0.0,0.0,1.0,0.0,1.0,0.0,0.0,0.0,0.0,0.0,0.0,0.23315967702894058,17.840403582878906,18.13339460773975
10369,414.72,0.98,1,-0.062,0.327,0.051,-0.045,-0.006,0.0,0.0,0.0,0.0,0.0,1.28,0.0,0.04,0.38,0.18,0.0,0.73,0.0,0.26,0.0,0.0,0.57,0.0,0.0,0.0,0.0,0.0,0.0,0.0,0.0,0.0,1.0,0.0,1.0,0.0,0.0,0.0,0.0,0.0,0.0,0.2319713661929657,17.747675904185364,18.4219977201172
10370,414.76,0.98,1,-0.062,0.322,0.05,-0.044,-0.006,0.02,0.0,0.0,0.0,0.0,1.3,0.0,0.06,0.37,0.18,0.0,0.69,0.01,0.27,0.0,0.0,0.55,0.0,0.0,0.0,0.0,0.0,0.0,0.0,0.0,0.0,1.0,0.0,1.0,0.0,0.0,0.0,0.0,0.0,0.0,0.22092726835447582,17.528548142958105,18.61719635176052
10371,414.8,0.98,1,-0.053,0.333,0.051,-0.042,-0.007,0.07,0.0,0.0,0.0,0.0,1.35,0.0,0.07,0.34,0.16,0.0,0.72,0.01,0.32,0.0,0.0,0.48,0.0,0.0,0.0,0.0,0.0,0.0,0.0,0.0,0.0,1.0,0.0,1.0,0.0,0.0,0.0,0.0,0.0,0.0,0.21418075383925095,17.92261141686655,18.632498490540566
10372,414.84,0.98,1,-0.058,0.327,0.049,-0.04,-0.008,0.08,0.0,0.0,0.0,0.0,1.44,0.0,0.09,0.33,0.12,0.0,0.77,0.03,0.32,0.0,0.0,0.57,0.0,0.0,0.0,0.0,0.0,0.0,0.0,0.0,0.0,1.0,0.0,1.0,0.0,0.0,0.0,0.0,0.0,0.0,0.2090568160755314,18.62686232299999,18.4271538768198
10373,414.88,0.98,1,-0.062,0.324,0.048,-0.04,-0.008,0.06,0.0,0.0,0.0,0.0,1.53,0.0,0.06,0.34,0.15,0.0,0.79,0.03,0.27,0.0,0.0,0.64,0.0,0.0,0.0,0.0,0.0,0.0,0.0,0.0,0.0,1.0,0.0,1.0,0.0,0.0,0.0,0.0,0.0,0.0,0.21598909760900864,18.538878067455972,18.62686232299999
10374,414.92,0.98,1,-0.052,0.331,0.055,-0.042,-0.011,0.01,0.0,0.0,0.0,0.0,1.66,0.0,0.03,0.36,0.22,0.0,0.8,0.03,0.23,0.0,0.0,0.78,0.0,0.0,0.0,0.0,0.0,0.0,0.0,0.0,0.0,1.0,0.0,1.0,0.0,0.0,0.0,0.0,0.0,0.0,0.2138577469213393,19.121192431435993,18.339302058693466
10375,414.96,0.98,1,-0.07,0.329,0.048,-0.041,-0.009,0.0,0.0,0.0,0.0,0.0,1.64,0.0,0.03,0.41,0.27,0.0,0.72,0.0,0.21,0.0,0.02,0.77,0.0,0.0,0.0,0.0,0.0,0.0,0.0,0.0,0.0,1.0,0.0,0.0,0.0,0.0,0.0,0.0,0.0,0.0,0.22059004307038305,17.940178371465628,18.31338308450949
10376,415.0,0.98,1,-0.071,0.351,0.052,-0.045,-0.006,0.0,0.0,0.0,0.0,0.0,1.59,0.0,0.03,0.43,0.33,0.1,0.71,0.03,0.21,0.0,0.02,0.85,0.0,0.0,0.0,0.0,0.0,0.0,0.0,0.0,0.0,1.0,0.0,0.0,0.0,0.0,0.0,0.0,0.0,0.0,0.22053664576676457,18.817013578142475,19.63670033381363
10377,415.04,0.98,1,-0.072,0.358,0.054,-0.039,-0.007,0.0,0.0,0.0,0.0,0.0,1.38,0.0,0.07,0.41,0.38,0.17,0.72,0.03,0.18,0.0,0.04,0.87,0.0,0.0,0.0,0.0,0.0,0.0,0.0,0.0,0.0,1.0,0.0,0.0,0.0,0.0,0.0,0.0,0.0,1.0,0.20955622382815817,19.516403357176237,19.450449866262595
10378,415.08,0.98,1,-0.071,0.353,0.052,-0.04,-0.007,0.0,0.0,0.0,0.0,0.0,1.32,0.0,0.07,0.38,0.37,0.24,0.72,0.03,0.15,0.0,0.02,0.89,0.0,0.0,0.0,0.0,0.0,0.0,0.0,0.0,0.0,1.0,0.0,0.0,0.0,0.0,0.0,0.0,0.0,1.0,0.20908840733088455,19.22108217556966,19.61631973638267
10379,415.12,0.98,1,-0.075,0.349,0.053,-0.039,-0.008,0.0,0.0,0.0,0.0,0.0,1.31,0.0,0.08,0.35,0.3,0.25,0.78,0.01,0.2,0.01,0.06,0.93,0.0,0.0,0.0,0.0,0.0,0.0,0.0,0.0,0.0,1.0,0.0,0.0,0.0,0.0,0.0,0.0,0.0,1.0,0.20927733145992847,19.22108217556966,20.108953229842577
10380,415.16,0.98,1,-0.078,0.35,0.05,-0.041,-0.007,0.0,0.0,0.0,0.0,0.0,1.45,0.0,0.07,0.35,0.33,0.23,0.74,0.0,0.22,0.01,0.04,1.02,0.0,0.0,0.0,0.0,0.0,0.0,0.0,0.0,0.0,1.0,0.0,0.0,0.0,0.0,0.0,0.0,0.0,1.0,0.20889281754897837,19.512560057562922,19.916073910286723
10381,415.2,0.98,1,-0.071,0.355,0.055,-0.04,-0.01,0.04,0.0,0.0,0.0,0.0,1.68,0.0,0.07,0.38,0.46,0.21,0.74,0.03,0.2,0.01,0.04,1.01,0.0,0.0,0.0,0.0,0.0,0.0,0.0,0.0,0.0,1.0,0.0,0.0,0.0,0.0,0.0,0.0,0.0,1.0,0.20873883064070287,19.21665943914295,20.640978658968802
10382,415.24,0.98,1,-0.077,0.35,0.054,-0.04,-0.009,0.04,0.0,0.0,0.0,0.0,1.86,0.0,0.05,0.39,0.51,0.11,0.69,0.03,0.18,0.07,0.0,0.97,0.0,0.0,0.0,0.0,0.0,0.0,0.0,0.0,0.0,1.0,0.0,0.0,0.0,0.0,0.0,0.0,0.0,1.0,0.21202173981563033,18.817013578142475,19.93037882229045
10383,415.28,0.98,1,-0.075,0.357,0.051,-0.039,-0.007,0.07,0.0,0.0,0.0,0.0,1.87,0.0,0.04,0.43,0.49,0.09,0.73,0.04,0.17,0.07,0.0,0.94,0.0,0.0,0.0,0.0,0.0,0.0,0.0,0.0,0.0,1.0,0.0,0.0,0.0,0.0,0.0,0.0,0.0,1.0,0.20811290410587044,19.216659439142944,20.03596765818911
10384,415.32,0.98,1,-0.065,0.364,0.061,-0.04,-0.01,0.03,0.0,0.0,0.0,0.0,1.78,0.0,0.01,0.46,0.38,0.1,0.84,0.05,0.25,0.08,0.0,1.06,0.0,0.0,0.0,0.0,0.0,0.0,0.0,0.0,0.0,1.0,0.0,0.0,0.0,0.0,0.0,0.0,0.0,1.0,0.20676574379482268,19.10942175995905,19.643064933965785
10385,415.36,0.98,1,-0.058,0.349,0.046,-0.043,-0.004,0.03,0.0,0.0,0.0,0.0,1.65,0.0,0.01,0.47,0.36,0.1,0.87,0.07,0.26,0.01,0.0,1.1,0.0,0.0,0.0,0.0,0.0,0.0,0.0,0.0,0.0,1.0,0.0,0.0,0.0,0.0,0.0,0.0,0.0,1.0,0.20989517629574897,19.21665943914295,19.649936386665388
10386,415.4,0.98,1,-0.06,0.353,0.059,-0.041,-0.008,0.2,0.11,0.0,0.0,0.0,1.27,0.0,0.11,0.51,0.29,0.18,0.8,0.06,0.2,0.03,0.0,1.38,0.0,0.0,0.0,0.0,0.0,0.0,0.0,0.0,0.0,1.0,0.0,0.0,0.0,0.0,0.0,0.0,0.0,1.0,0.21186228942282698,18.006943105369107,20.47071078394677
10387,415.44,0.98,1,0.035,0.395,0.05,-0.063,-0.003,0.46,0.22,0.0,0.0,0.0,0.73,0.0,0.18,0.53,0.28,0.18,0.68,0.01,0.1,0.03,0.0,1.63,0.0,1.0,0.0,0.0,0.0,0.0,0.0,0.0,0.0,1.0,0.0,0.0,0.0,0.0,0.0,0.0,0.0,1.0,0.21597211967958635,17.383325343558365,21.123683390924175
10388,415.48,0.98,1,0.006,0.422,0.057,-0.06,-0.008,0.55,0.22,0.0,0.0,0.0,0.42,0.0,0.23,0.53,0.42,0.21,0.71,0.04,0.0,0.03,0.0,1.91,0.0,1.0,0.0,0.0,0.0,0.0,0.0,0.0,0.0,1.0,0.0,0.0,0.0,0.0,0.0,0.0,0.0,1.0,0.20039650611900361,17.069563556224967,20.824024587000423
10389,415.52,0.98,1,0.038,0.418,0.052,-0.052,-0.009,0.37,0.11,0.0,0.0,0.0,0.73,0.0,0.15,0.47,0.46,0.1,0.73,0.04,0.05,0.01,0.0,1.7,0.0,1.0,0.0,0.0,0.0,0.0,0.0,0.0,0.0,1.0,0.0,0.0,0.0,0.0,0.0,0.0,0.0,1.0,0.1895157172715669,16.1523992025954,21.028789789238942
10390,415.56,0.98,1,-0.025,0.343,0.053,-0.04,-0.013,0.14,0.0,0.0,0.0,0.0,1.4,0.0,0.16,0.42,0.55,0.13,0.78,0.05,0.1,0.0,0.0,1.19,0.0,1.0,0.0,0.0,0.0,1.0,0.0,0.0,0.0,1.0,0.0,0.0,0.0,0.0,0.0,0.0,0.0,1.0,0.2045536045037559,16.436848846418314,19.121192431435773
10391,415.6,0.98,1,-0.027,0.317,0.062,-0.043,-0.012,0.05,0.0,0.0,0.0,0.0,2.01,0.0,0.11,0.42,0.54,0.15,0.78,0.04,0.18,0.0,0.0,0.55,0.0,0.0,0.0,0.0,0.0,1.0,0.0,0.0,0.0,1.0,0.0,0.0,0.0,0.0,0.0,0.0,0.0,1.0,0.22021945251288427,17.34156855650602,19.026297590440446
10392,415.64,0.98,1,-0.024,0.306,0.069,-0.045,-0.014,0.03,0.0,0.0,0.11,0.0,2.26,0.0,0.1,0.43,0.55,0.17,0.83,0.04,0.18,0.0,0.0,0.14,0.0,0.0,0.0,0.0,0.0,1.0,0.0,0.0,0.0,1.0,0.0,0.0,0.0,0.0,0.0,0.0,0.0,0.0,0.24913440856933206,19.35071058126825,18.601075237738183
10393,415.68,0.98,1,-0.019,0.308,0.071,-0.046,-0.014,0.02,0.0,0.0,0.11,0.0,2.38,0.0,0.07,0.43,0.54,0.22,0.85,0.02,0.27,0.0,0.0,0.0,0.0,0.0,0.0,0.0,0.0,1.0,0.0,0.0,0.0,1.0,0.0,0.0,0.0,0.0,0.0,0.0,0.0,0.0,0.2629252612286319,20.424495097798488,19.501025614054253
10394,415.72,0.98,1,-0.037,0.298,0.068,-0.044,-0.013,0.02,0.0,0.0,0.11,0.0,2.19,0.0,0.07,0.45,0.45,0.16,0.75,0.02,0.27,0.0,0.0,0.0,0.0,0.0,0.0,0.0,0.0,1.0,0.0,0.0,0.0,1.0,0.0,0.0,0.0,0.0,0.0,0.0,0.0,0.0,0.27297143458927803,21.219095173922987,21.100236965493924
10395,415.76,0.98,1,-0.029,0.285,0.062,-0.049,-0.011,0.03,0.02,0.0,0.02,0.0,2.23,0.0,0.08,0.45,0.43,0.17,0.67,0.06,0.33,0.0,0.0,0.0,0.0,0.0,0.0,0.0,0.0,1.0,0.0,0.0,0.0,1.0,0.0,0.0,0.0,0.0,0.0,0.0,0.0,0.0,0.2736592833248632,21.10023696549415,20.902152999152847
10396,415.8,0.98,1,-0.032,0.29,0.066,-0.051,-0.016,0.04,0.02,0.0,0.02,0.0,2.13,0.0,0.05,0.43,0.38,0.03,0.59,0.09,0.28,0.0,0.0,0.0,0.0,0.0,0.0,0.0,0.0,1.0,0.0,0.0,0.0,1.0,0.0,0.0,0.0,0.0,0.0,0.0,0.0,0.0,0.27638735897982636,21.60092590608088,21.80206412246322
10397,415.84,0.98,1,-0.024,0.29,0.064,-0.053,-0.015,0.04,0.02,0.0,0.02,0.0,2.33,0.0,0.06,0.42,0.37,0.03,0.64,0.07,0.27,0.0,0.0,0.0,0.0,0.0,0.0,0.0,0.0,1.0,0.0,0.0,0.0,1.0,0.0,0.0,0.0,0.0,0.0,0.0,0.0,0.0,0.2667039242479926,20.808652046684767,21.708293346092457
10398,415.88,0.98,1,-0.031,0.306,0.063,-0.048,-0.016,0.04,0.0,0.0,0.0,0.0,2.19,0.0,0.07,0.42,0.35,0.0,0.72,0.04,0.25,0.0,0.0,0.0,0.0,0.0,0.0,0.0,0.0,1.0,0.0,0.0,0.0,1.0,0.0,0.0,0.0,0.0,0.0,0.0,0.0,0.0,0.23774709919123926,21.305867736377408,21.408409562599548
10399,415.92,0.98,1,-0.024,0.292,0.055,-0.045,-0.015,0.0,0.0,0.0,0.0,0.0,2.21,0.0,0.09,0.45,0.33,0.0,0.76,0.0,0.21,0.0,0.0,0.0,0.0,0.0,0.0,0.0,0.0,1.0,0.0,0.0,0.0,1.0,0.0,0.0,0.0,0.0,0.0,0.0,0.0,0.0,0.2324107058493896,18.909521411183402,21.30093894644079
10400,415.96,0.98,1,-0.033,0.299,0.064,-0.038,-0.021,0.0,0.0,0.0,0.0,0.0,1.79,0.0,0.11,0.42,0.22,0.05,0.68,0.0,0.12,0.0,0.0,0.0,0.0,0.0,0.0,0.0,0.0,1.0,0.0,0.0,0.0,1.0,0.0,0.0,0.0,0.0,0.0,0.0,0.0,0.0,0.21748696593638367,18.916923639957815,21.403737991294747
10401,416.0,0.98,1,-0.021,0.306,0.06,-0.036,-0.023,0.0,0.03,0.0,0.0,0.0,1.86,0.0,0.1,0.4,0.12,0.12,0.59,0.0,0.03,0.0,0.04,0.0,0.0,0.0,0.0,0.0,0.0,1.0,0.0,0.0,0.0,1.0,0.0,0.0,0.0,0.0,0.0,0.0,0.0,0.0,0.23469504434142222,22.111083193728795,20.8002403832263
10402,416.04,0.98,1,-0.026,0.313,0.067,-0.031,-0.031,0.0,0.06,0.0,0.0,0.0,1.91,0.0,0.06,0.34,0.04,0.18,0.53,0.0,0.0,0.0,0.04,0.0,0.0,0.0,0.0,0.0,0.0,1.0,0.0,0.0,0.0,1.0,0.0,0.0,0.0,0.0,0.0,0.0,0.0,0.0,0.23745528111532765,21.814673960433105,21.002142747824564
10403,416.08,0.98,1,-0.016,0.323,0.077,-0.031,-0.037,0.0,0.06,0.0,0.0,0.0,2.17,0.0,0.03,0.34,0.01,0.31,0.59,0.0,0.0,0.0,0.08,0.0,0.0,0.0,0.0,0.0,0.0,1.0,0.0,0.0,0.0,1.0,0.0,0.0,0.0,0.0,0.0,0.0,0.0,0.0,0.2397926495710938,21.31501817967787,21.200943375236687
10404,416.12,0.98,1,-0.002,0.325,0.077,-0.021,-0.048,0.0,0.03,0.0,0.0,0.0,2.2,0.0,0.0,0.35,0.0,0.36,0.58,0.0,0.0,0.0,0.04,0.0,0.0,0.0,0.0,0.0,0.0,1.0,0.0,0.0,0.0,1.0,0.0,0.0,0.0,0.0,0.0,0.0,0.0,0.0,0.23420082483689855,21.623135757794152,21.200943375236914
10405,416.16,0.98,1,0.003,0.332,0.078,-0.016,-0.058,0.0,0.04,0.0,0.0,0.0,2.25,0.0,0.0,0.34,0.0,0.29,0.58,0.0,0.0,0.0,0.06,0.0,0.0,0.0,0.0,0.0,0.0,1.0,0.0,0.0,0.0,1.0,0.0,0.0,0.0,0.0,0.0,0.0,0.0,0.0,0.23157419101177767,21.73890521622471,21.60092590608088
10406,416.2,0.98,1,0.005,0.34,0.084,-0.016,-0.055,0.0,0.04,0.0,0.0,0.0,2.24,0.0,0.0,0.32,0.0,0.27,0.54,0.0,0.0,0.0,0.02,0.0,0.0,0.0,0.0,0.0,0.0,1.0,0.0,0.0,0.0,1.0,0.0,0.0,0.0,0.0,0.0,0.0,0.0,0.0,0.2305122386786551,21.452505681155156,21.405840324547036
10407,416.24,0.98,1,0.005,0.327,0.078,-0.016,-0.071,0.0,0.04,0.0,0.0,0.0,2.16,0.0,0.0,0.29,0.0,0.26,0.63,0.0,0.0,0.0,0.15,0.0,0.0,0.0,0.0,0.0,0.0,1.0,0.0,0.0,0.0,1.0,0.0,0.0,0.0,0.0,0.0,0.0,0.0,0.0,0.23122368573201071,21.965882636488665,22.402008838494684
10408,416.28,0.98,1,-0.007,0.31,0.082,-0.021,-0.049,0.0,0.0,0.0,0.0,0.0,1.96,0.0,0.0,0.33,0.0,0.39,0.6,0.0,0.0,0.0,0.13,0.0,0.0,0.0,0.0,0.0,0.0,1.0,0.0,0.0,0.0,1.0,0.0,0.0,0.0,0.0,0.0,0.0,0.0,0.0,0.20428920036000076,20.99547570311289,22.0081802973349
10409,416.32,0.98,1,0.001,0.293,0.079,-0.025,-0.074,0.13,0.0,0.0,0.0,0.0,1.81,0.0,0.0,0.35,0.01,0.27,0.64,0.0,0.0,0.0,0.16,0.07,0.0,0.0,0.0,0.0,0.0,0.0,0.0,0.0,0.0,1.0,0.0,1.0,0.0,0.0,0.0,0.0,0.0,0.0,0.2707457305684453,22.299103120977794,22.40089283934915
10410,416.36,0.98,1,0.015,0.318,0.072,-0.021,-0.068,0.28,0.0,0.0,0.0,0.0,1.15,0.0,0.0,0.39,0.05,0.19,0.68,0.0,0.0,0.0,0.03,0.79,0.0,0.0,0.0,0.0,0.0,0.0,0.0,0.0,0.0,1.0,0.0,1.0,0.0,0.0,0.0,0.0,0.0,1.0,0.21561801560126184,20.700000000000045,19.513328778042837
10411,416.4,0.98,1,0.044,0.427,0.059,-0.051,-0.052,0.59,0.23,0.0,0.0,0.0,0.65,0.0,0.0,0.37,0.31,0.18,0.77,0.0,0.0,0.0,0.03,1.61,0.0,1.0,0.0,0.0,0.0,0.0,0.0,0.0,0.0,1.0,0.0,1.0,0.0,0.0,0.0,0.0,0.0,1.0,0.18782522298021403,16.215116404145896,20.706762180505102
10412,416.44,0.98,1,0.04,0.436,0.06,-0.052,-0.062,0.71,0.3,0.0,0.0,0.0,0.39,0.0,0.0,0.37,0.48,0.22,0.72,0.0,0.0,0.0,0.0,2.33,0.0,1.0,0.0,0.0,0.0,1.0,0.0,0.0,0.0,1.0,0.0,0.0,0.0,0.0,0.0,0.0,0.0,1.0,0.1814777030129109,16.858232410309178,21.470444802099426
10413,416.48,0.98,1,0.037,0.398,0.048,-0.051,-0.063,0.86,0.44,0.0,0.0,0.0,0.98,0.0,0.0,0.38,0.48,0.22,0.54,0.0,0.0,0.0,0.03,2.02,0.0,1.0,0.0,0.0,0.0,1.0,0.0,0.0,0.0,1.0,0.0,0.0,0.0,0.0,0.0,0.0,0.0,1.0,0.18889313394710824,17.323394586512375,21.214381914163713
10414,416.52,0.98,1,0.03,0.339,0.048,-0.042,-0.07,0.68,0.21,0.0,0.0,0.0,1.45,0.0,0.0,0.4,0.22,0.2,0.39,0.0,0.0,0.0,0.03,1.52,0.0,1.0,0.0,0.0,0.0,1.0,0.0,0.0,0.0,1.0,0.0,0.0,0.0,0.0,0.0,0.0,0.0,1.0,0.20293601078517465,16.70119756185171,20.90574083834386
10415,416.56,0.98,1,0.032,0.308,0.052,-0.049,-0.07,0.47,0.14,0.0,0.0,0.0,2.0,0.0,0.06,0.35,0.04,0.23,0.31,0.0,0.0,0.0,0.03,0.92,0.0,1.0,0.0,0.0,0.0,1.0,0.0,0.0,0.0,1.0,0.0,0.0,0.0,0.0,0.0,0.0,0.0,1.0,0.21313029417898316,17.200290695217962,17.327723451163504
10416,416.6,0.98,1,0.031,0.31,0.044,-0.04,-0.075,0.33,0.0,0.0,0.0,0.0,2.17,0.0,0.06,0.31,0.0,0.29,0.32,0.0,0.0,0.05,0.01,0.61,0.0,0.0,0.0,0.0,0.0,1.0,0.0,0.0,0.0,1.0,0.0,0.0,0.0,0.0,0.0,0.0,0.0,1.0,0.19518240073141152,18.200000000000045,17.672577627499756
10417,416.64,0.98,1,0.023,0.31,0.045,-0.036,-0.063,0.2,0.0,0.0,0.0,0.0,2.2,0.0,0.06,0.3,0.0,0.31,0.44,0.0,0.0,0.07,0.05,0.29,0.0,0.0,0.0,0.0,0.0,1.0,0.0,0.0,0.0,1.0,0.0,0.0,0.0,0.0,0.0,0.0,0.0,0.0,0.2053547870788368,19.504102132628407,18.54561942885705
10418,416.68,0.98,1,0.017,0.314,0.056,-0.036,-0.058,0.29,0.0,0.0,0.0,0.0,2.14,0.0,0.0,0.31,0.04,0.39,0.52,0.0,0.0,0.1,0.05,0.1,0.0,0.0,0.0,0.0,0.0,1.0,0.0,0.0,0.0,1.0,0.0,0.0,0.0,0.0,0.0,0.0,0.0,0.0,0.2172706147123843,19.799999999999955,19.525624189766635
10419,416.72,0.98,1,0.03,0.305,0.05,-0.042,-0.065,0.29,0.02,0.0,0.0,0.0,2.11,0.0,0.0,0.34,0.15,0.39,0.54,0.0,0.0,0.06,0.04,0.0,0.0,0.0,0.0,0.0,0.0,1.0,0.0,0.0,0.0,1.0,0.0,0.0,0.0,0.0,0.0,0.0,0.0,0.0,0.2272585334173636,20.100000000000136,20.51560381758236
10420,416.76,0.98,1,0.027,0.307,0.06,-0.04,-0.07,0.42,0.02,0.0,0.0,0.0,2.14,0.0,0.0,0.35,0.27,0.41,0.43,0.02,0.0,0.04,0.0,0.0,0.0,0.0,0.0,0.0,0.0,0.0,0.0,0.0,0.0,1.0,0.0,0.0,0.0,0.0,0.0,0.0,0.0,0.0,0.24038198226466798,19.809088823062968,20.408821622033802
10421,416.8,0.98,1,0.025,0.305,0.058,-0.043,-0.071,0.43,0.02,0.0,0.0,0.0,2.03,0.0,0.0,0.36,0.33,0.35,0.4,0.03,0.0,0.0,0.0,0.0,0.0,0.0,0.0,0.0,0.0,0.0,0.0,0.0,0.0,1.0,0.0,0.0,0.0,0.0,0.0,0.0,0.0,0.0,0.24203726781909787,20.306156701847797,20.706037766796474
10422,416.84,0.98,1,0.023,0.299,0.055,-0.041,-0.073,0.4,0.0,0.0,0.0,0.0,1.92,0.0,0.0,0.36,0.24,0.4,0.42,0.03,0.0,0.0,0.0,0.0,0.0,0.0,0.0,0.0,0.0,0.0,0.0,0.0,0.0,1.0,0.0,0.0,0.0,0.0,0.0,0.0,0.0,0.0,0.2367931152148941,20.803845798313304,20.200990074746382
10423,416.88,0.98,1,0.026,0.303,0.059,-0.038,-0.073,0.32,0.01,0.0,0.0,0.0,1.76,0.0,0.0,0.34,0.19,0.41,0.44,0.01,0.0,0.0,0.05,0.0,0.0,0.0,0.0,0.0,0.0,0.0,0.0,0.0,0.0,1.0,0.0,0.0,0.0,0.0,0.0,0.0,0.0,0.0,0.23592430592548966,20.70386437358982,20.600242717016847
10424,416.92,0.98,1,0.024,0.307,0.056,-0.033,-0.07,0.19,0.01,0.0,0.0,0.0,1.62,0.0,0.0,0.32,0.2,0.4,0.44,0.0,0.0,0.02,0.05,0.0,0.0,0.0,0.0,0.0,0.0,0.0,0.0,0.0,0.0,1.0,0.0,0.0,0.0,0.0,0.0,0.0,0.0,0.0,0.2276659238445718,21.103791128609952,20.706037766796474
10425,416.96,0.98,1,0.019,0.307,0.053,-0.031,-0.064,0.06,0.01,0.0,0.0,0.0,1.83,0.0,0.0,0.32,0.27,0.27,0.51,0.04,0.01,0.02,0.05,0.0,0.0,0.0,0.0,0.0,0.0,0.0,0.0,0.0,0.0,1.0,0.0,0.0,0.0,0.0,0.0,0.0,0.0,0.0,0.23127769562270362,21.439449619801433,20.60218435020899
10426,417.0,0.98,1,0.012,0.307,0.054,-0.035,-0.058,0.01,0.0,0.0,0.0,0.0,2.14,0.0,0.0,0.36,0.31,0.11,0.54,0.04,0.03,0.02,0.0,0.0,0.0,0.0,0.0,0.0,0.0,1.0,0.0,0.0,0.0,1.0,0.0,0.0,0.0,0.0,0.0,0.0,0.0,0.0,0.22899539932844404,21.90205469813264,21.60208323287354
10427,417.04,0.98,1,0.015,0.31,0.052,-0.036,-0.051,0.0,0.0,0.0,0.0,0.0,2.43,0.0,0.0,0.41,0.24,0.02,0.65,0.04,0.05,0.0,0.0,0.0,0.0,0.0,0.0,0.0,0.0,1.0,0.0,0.0,0.0,1.0,0.0,0.0,0.0,0.0,0.0,0.0,0.0,0.0,0.2236848977602794,22.200900882621905,21.80091741188884
10428,417.08,0.98,1,0.006,0.31,0.05,-0.036,-0.045,0.0,0.0,0.0,0.0,0.0,2.22,0.0,0.0,0.43,0.17,0.02,0.61,0.0,0.06,0.0,0.0,0.0,0.0,0.0,0.0,0.0,0.0,1.0,0.0,0.0,0.0,1.0,0.0,0.0,0.0,0.0,0.0,0.0,0.0,0.0,0.2178135642561898,21.80825531765455,21.600231480241042
10429,417.12,0.98,1,-0.001,0.303,0.051,-0.038,-0.039,0.0,0.0,0.0,0.0,0.0,2.03,0.0,0.0,0.44,0.14,0.02,0.71,0.0,0.04,0.01,0.0,0.0,0.0,0.0,0.0,0.0,0.0,1.0,0.0,0.0,0.0,1.0,0.0,0.0,0.0,0.0,0.0,0.0,0.0,0.0,0.2264745387559114,22.118318200080356,21.7036863228347
10430,417.16,0.98,1,0.004,0.288,0.054,-0.042,-0.037,0.0,0.0,0.0,0.0,0.0,1.99,0.0,0.0,0.46,0.2,0.0,0.75,0.03,0.05,0.01,0.0,0.0,0.0,0.0,0.0,0.0,0.0,1.0,0.0,0.0,0.0,1.0,0.0,0.0,0.0,0.0,0.0,0.0,0.0,0.0,0.25013107365353143,22.032702966272655,22.31434516180114
10431,417.2,0.98,1,-0.004,0.301,0.053,-0.039,-0.034,0.0,0.0,0.0,0.0,0.0,2.05,0.0,0.0,0.47,0.21,0.0,0.77,0.03,0.07,0.01,0.0,0.0,0.0,0.0,0.0,0.0,0.0,1.0,0.0,0.0,0.0,1.0,0.0,0.0,0.0,0.0,0.0,0.0,0.0,0.0,0.22953651881024267,22.53752426510064,22.517992805754247
10432,417.24,0.98,1,-0.006,0.299,0.051,-0.037,-0.029,0.0,0.0,0.0,0.0,0.0,2.04,0.0,0.0,0.46,0.2,0.0,0.69,0.04,0.15,0.04,0.0,0.0,0.0,0.0,0.0,0.0,0.0,1.0,0.0,0.0,0.0,1.0,0.0,0.0,0.0,0.0,0.0,0.0,0.0,0.0,0.24006759712533104,22.656566377101502,22.617913254763266
10433,417.28,0.98,1,0.001,0.299,0.052,-0.039,-0.029,0.0,0.0,0.0,0.0,0.0,1.95,0.0,0.0,0.46,0.1,0.0,0.61,0.02,0.21,0.04,0.0,0.0,0.0,0.0,0.0,0.0,0.0,1.0,0.0,0.0,0.0,1.0,0.0,0.0,0.0,0.0,0.0,0.0,0.0,0.0,0.23636843745282543,22.6797266297457,22.426992665089845
10434,417.32,0.98,1,-0.008,0.303,0.047,-0.036,-0.027,0.0,0.0,0.0,0.0,0.0,1.88,0.0,0.0,0.43,0.06,0.02,0.56,0.02,0.28,0.04,0.0,0.0,0.0,0.0,0.0,0.0,0.0,1.0,0.0,0.0,0.0,1.0,0.0,0.0,0.0,0.0,0.0,0.0,0.0,0.0,0.22545833785812056,22.45707015618921,22.517992805754247
10435,417.36,0.98,1,-0.007,0.305,0.05,-0.038,-0.027,0.0,0.0,0.0,0.0,0.0,1.89,0.0,0.01,0.43,0.12,0.08,0.56,0.02,0.28,0.0,0.0,0.0,0.0,0.0,0.0,0.0,0.0,1.0,0.0,0.0,0.0,1.0,0.0,0.0,0.0,0.0,0.0,0.0,0.0,0.0,0.2227310804145231,22.56413082748813,22.826519664635644
10436,417.4,0.98,1,-0.013,0.301,0.052,-0.036,-0.025,0.0,0.0,0.0,0.08,0.0,1.85,0.0,0.03,0.44,0.19,0.16,0.57,0.09,0.26,0.0,0.0,0.0,0.0,1.0,0.0,0.0,0.0,1.0,0.0,0.0,0.0,1.0,0.0,0.0,0.0,0.0,0.0,0.0,0.0,0.0,0.22475019040960173,22.132555207205648,23.036709834522807
10437,417.44,0.98,1,-0.008,0.302,0.054,-0.034,-0.026,0.0,0.0,0.0,0.08,0.0,1.86,0.0,0.05,0.45,0.18,0.24,0.56,0.14,0.2,0.0,0.0,0.0,0.0,1.0,0.0,0.0,0.0,1.0,0.0,0.0,0.0,1.0,0.0,0.0,0.0,0.0,0.0,0.0,0.0,0.0,0.22818227051579298,22.257582977493357,22.94275484766365
10438,417.48,0.98,1,-0.001,0.296,0.055,-0.037,-0.028,0.0,0.0,0.0,0.08,0.0,1.85,0.0,0.04,0.46,0.15,0.17,0.61,0.18,0.18,0.0,0.0,0.0,0.0,1.0,0.0,0.0,0.0,1.0,0.0,0.0,0.0,1.0,0.0,0.0,0.0,0.0,0.0,0.0,0.0,0.0,0.23230019653879935,22.56413082748813,23.042569301186877
10439,417.52,0.98,1,-0.006,0.298,0.048,-0.038,-0.026,0.0,0.0,0.0,0.07,0.0,1.69,0.0,0.06,0.42,0.25,0.11,0.69,0.14,0.16,0.0,0.01,0.0,0.0,1.0,0.0,0.0,0.0,0.0,0.0,0.0,0.0,1.0,0.0,0.0,0.0,0.0,0.0,0.0,0.0,0.0,0.2177493085761791,22.34390297150428,22.8560714034586
10440,417.56,0.98,1,-0.003,0.305,0.053,-0.035,-0.028,0.03,0.0,0.0,0.07,0.0,1.62,0.0,0.07,0.41,0.32,0.02,0.71,0.14,0.11,0.04,0.01,0.23,0.0,1.0,0.0,0.0,0.0,0.0,0.0,0.0,0.0,1.0,0.0,0.0,0.0,0.0,0.0,0.0,0.0,0.0,0.22518488796326508,22.044500447957535,22.826519664635647
10441,417.6,0.98,1,0.005,0.285,0.043,-0.04,-0.028,0.31,0.0,0.0,0.07,0.0,1.1,0.0,0.21,0.47,0.38,0.12,0.66,0.14,0.05,0.05,0.01,0.91,0.0,1.0,0.0,0.0,0.0,0.0,0.0,0.0,0.0,1.0,0.0,0.0,0.0,0.0,0.0,0.0,0.0,0.0,0.2352395411645246,17.510282693320516,19.557607215607945
10442,417.64,0.98,1,0.043,0.428,0.043,-0.053,-0.024,0.62,0.08,0.0,0.0,0.0,0.66,0.0,0.22,0.54,0.41,0.12,0.52,0.11,0.0,0.08,0.0,1.6,1.0,1.0,0.0,0.0,0.0,0.0,0.0,0.0,0.0,1.0,0.0,0.0,0.0,0.0,0.0,0.0,0.0,1.0,0.17530852132832725,17.801685313475282,19.26655132606771
10443,417.68,0.98,1,0.029,0.422,0.041,-0.059,-0.023,0.74,0.08,0.0,0.0,0.0,0.31,0.0,0.23,0.57,0.42,0.13,0.58,0.06,0.0,0.03,0.0,1.8,1.0,1.0,0.0,0.0,0.0,0.0,0.0,0.0,0.0,1.0,0.0,0.0,0.0,0.0,0.0,0.0,0.0,1.0,0.18039248335488864,17.340126873815002,19.07590102721232
10444,417.72,0.98,1,0.01,0.387,0.022,-0.051,-0.018,0.66,0.08,0.0,0.0,0.0,0.79,0.0,0.09,0.49,0.36,0.08,0.6,0.01,0.0,0.03,0.0,1.53,1.0,1.0,0.0,0.0,0.0,0.0,0.0,0.0,0.0,1.0,0.0,0.0,0.0,0.0,0.0,0.0,0.0,1.0,0.1859258967863308,16.052725625263772,21.140009460735733
10445,417.76,0.98,1,0.008,0.342,0.035,-0.036,-0.028,0.51,0.0,0.0,0.0,0.0,1.38,0.0,0.15,0.43,0.25,0.1,0.58,0.0,0.0,0.0,0.0,1.19,1.0,1.0,0.0,0.0,0.0,0.0,0.0,0.0,0.0,1.0,0.0,0.0,0.0,0.0,0.0,0.0,0.0,1.0,0.19651432799334,15.502902953963172,19.749683541768277
10446,417.8,0.98,1,-0.013,0.309,0.038,-0.044,-0.029,0.47,0.0,0.0,0.0,0.0,1.78,0.0,0.13,0.41,0.23,0.2,0.52,0.0,0.0,0.0,0.0,0.95,1.0,1.0,0.0,0.0,0.0,0.0,0.0,0.0,0.0,1.0,0.0,0.0,0.0,0.0,0.0,0.0,0.0,0.0,0.21182089975771268,16.11986352299538,17.954665131937247
10447,417.84,0.98,1,-0.004,0.297,0.046,-0.039,-0.034,0.34,0.0,0.0,0.04,0.0,1.86,0.0,0.22,0.45,0.21,0.15,0.43,0.0,0.0,0.0,0.0,0.57,1.0,1.0,0.0,0.0,0.0,0.0,0.0,0.0,0.0,1.0,0.0,0.0,0.0,0.0,0.0,0.0,0.0,0.0,0.20441027870584066,17.00735135169495,17.610224302943923
10448,417.88,0.98,1,-0.007,0.29,0.041,-0.04,-0.032,0.34,0.0,0.0,0.04,0.0,1.93,0.0,0.16,0.43,0.13,0.18,0.39,0.02,0.0,0.0,0.0,0.21,1.0,1.0,0.0,0.0,0.0,0.0,0.0,0.0,0.0,1.0,0.0,0.0,0.0,0.0,0.0,0.0,0.0,0.0,0.20440535345422967,17.528548142958105,17.910053042914285
10449,417.92,0.98,1,0.005,0.297,0.047,-0.036,-0.034,0.32,0.0,0.0,0.09,0.0,1.88,0.0,0.14,0.45,0.16,0.08,0.37,0.02,0.0,0.02,0.0,0.04,0.0,1.0,0.0,0.0,0.0,0.0,0.0,0.0,0.0,1.0,0.0,0.0,0.0,0.0,0.0,0.0,0.0,0.0,0.20524817895404168,19.83633030578003,18.60430057809229
10450,417.96,0.98,1,0.011,0.275,0.038,-0.038,-0.032,0.32,0.0,0.0,0.05,0.0,1.99,0.0,0.16,0.46,0.2,0.1,0.37,0.08,0.0,0.02,0.01,0.0,0.0,1.0,0.0,0.0,0.0,1.0,0.0,0.0,1.0,1.0,0.0,0.0,0.0,0.0,0.0,0.0,0.0,0.0,0.22388096383156492,18.81302740124508,19.201041638411226
10451,418.0,0.98,1,0.0,0.294,0.045,-0.038,-0.035,0.24,0.0,0.0,0.15,0.0,1.99,0.0,0.22,0.52,0.32,0.02,0.46,0.06,0.0,0.06,0.1,0.13,0.0,1.0,0.0,0.0,0.0,1.0,0.0,0.0,1.0,1.0,0.0,0.0,0.0,0.0,0.0,0.0,0.0,0.0,0.23653824905148102,19.825236442473976,20.200990074746382
10452,418.04,0.98,1,-0.018,0.302,0.046,-0.034,-0.04,0.2,0.0,0.0,0.11,0.0,2.04,0.0,0.31,0.54,0.33,0.06,0.47,0.09,0.0,0.07,0.12,0.22,0.0,1.0,0.0,0.0,0.0,1.0,0.0,0.0,1.0,1.0,0.0,0.0,0.0,0.0,0.0,0.0,0.0,0.0,0.20621456966879237,20.006249023742555,18.104419349982063
10453,418.08,0.98,1,-0.045,0.31,0.052,-0.036,-0.037,0.22,0.0,0.0,0.13,0.0,1.93,0.0,0.32,0.53,0.34,0.04,0.46,0.03,0.0,0.07,0.12,0.51,0.0,1.0,0.0,0.0,0.0,1.0,0.0,0.0,1.0,1.0,0.0,0.0,0.0,0.0,0.0,0.0,0.0,0.0,0.21747529865047524,20.40392119177082,18.826576959182113
10454,418.12,0.98,1,-0.041,0.31,0.044,-0.033,-0.038,0.27,0.0,0.0,0.03,0.0,1.87,0.0,0.25,0.52,0.28,0.06,0.43,0.03,0.0,0.07,0.04,0.48,0.0,1.0,0.0,0.0,0.0,1.0,0.0,0.0,1.0,1.0,0.0,0.0,0.0,0.0,0.0,0.0,0.0,0.0,0.20872858309127604,20.306156701847797,18.826576959181885
10455,418.16,0.98,1,-0.053,0.311,0.05,-0.03,-0.037,0.35,0.09,0.0,0.02,0.0,1.71,0.0,0.2,0.52,0.23,0.03,0.47,0.0,0.0,0.03,0.02,0.63,0.0,0.0,0.0,0.0,0.0,1.0,0.0,0.0,1.0,1.0,0.0,0.0,0.0,0.0,0.0,0.0,0.0,0.0,0.2059543778808188,20.40882162203403,18.717104476921687
10456,418.2,0.98,1,-0.053,0.307,0.041,-0.028,-0.036,0.45,0.29,0.0,0.03,0.0,1.73,0.0,0.09,0.49,0.12,0.03,0.52,0.0,0.0,0.03,0.06,0.56,0.0,0.0,0.0,0.0,0.0,1.0,0.0,0.0,1.0,1.0,0.0,0.0,0.0,0.0,0.0,0.0,0.0,0.0,0.20754951687919207,19.500256408570632,19.531000998412754
10457,418.24,0.98,1,-0.09,0.316,0.049,-0.017,-0.035,0.53,0.39,0.0,0.11,0.0,1.66,0.0,0.04,0.47,0.18,0.01,0.53,0.13,0.0,0.01,0.07,0.88,0.0,0.0,0.0,0.0,0.0,1.0,0.0,0.0,0.0,1.0,0.0,0.0,0.0,0.0,0.0,0.0,0.0,1.0,0.2198687542429706,18.70026737776767,23.541665191740364
10458,418.28,0.98,1,-0.116,0.346,0.059,0.001,-0.026,0.48,0.35,0.0,0.16,0.0,1.9,0.0,0.0,0.41,0.12,0.01,0.57,0.2,0.0,0.01,0.25,0.95,0.0,0.0,0.0,0.0,0.0,0.0,0.0,0.0,0.0,1.0,0.0,0.0,0.0,0.0,0.0,0.0,0.0,1.0,0.18289625424703584,18.4024454896626,23.26220109963806
10459,418.32,0.98,1,-0.148,0.346,0.057,0.005,0.002,0.37,0.15,0.0,0.19,0.0,1.91,0.0,0.0,0.37,0.12,0.01,0.72,0.2,0.0,0.01,0.39,1.2,0.0,0.0,0.0,0.0,0.0,0.0,0.0,0.0,0.0,1.0,0.0,0.0,0.0,0.0,0.0,0.0,0.0,1.0,0.18319581291964457,18.800265955565582,24.71639132235938
10460,418.36,0.98,1,-0.167,0.335,0.061,0.014,0.012,0.31,0.13,0.0,0.11,0.0,2.04,0.0,0.0,0.28,0.0,0.0,0.87,0.07,0.0,0.0,0.45,1.2,0.0,0.0,0.0,0.0,0.0,0.0,0.0,0.0,0.0,1.0,0.0,1.0,0.0,0.0,0.0,0.0,0.0,1.0,0.1955324821893223,19.009471323527123,24.80181444975365
10461,418.4,0.98,1,-0.177,0.336,0.073,0.027,0.012,0.37,0.18,0.0,0.12,0.0,2.03,0.0,0.0,0.24,0.0,0.0,0.91,0.07,0.02,0.0,0.41,1.35,0.0,0.0,0.0,0.0,0.0,0.0,0.0,0.0,0.0,1.0,0.0,1.0,0.0,0.0,0.0,0.0,0.0,1.0,0.17867888393466785,19.316573195057092,25.806975801127834
10462,418.44,0.98,1,-0.184,0.364,0.074,0.039,0.013,0.43,0.2,0.0,0.12,0.0,1.87,0.0,0.0,0.21,0.0,0.0,0.9,0.09,0.02,0.0,0.42,1.32,0.0,0.0,0.0,0.0,0.0,0.0,0.0,0.0,0.0,1.0,0.0,1.0,0.0,0.0,0.0,0.0,0.0,1.0,0.1753197901138838,19.012890364171355,24.905019574374826
10463,418.48,0.98,1,-0.181,0.343,0.073,0.044,0.009,0.39,0.14,0.0,0.13,0.0,1.71,0.0,0.0,0.21,0.0,0.0,0.89,0.14,0.06,0.0,0.55,1.25,0.0,0.0,0.0,0.0,0.0,0.0,0.0,0.0,0.0,1.0,0.0,1.0,0.0,0.0,0.0,0.0,0.0,1.0,0.1895616557098526,19.216659439142717,26.702996086581788
10464,418.52,0.98,1,-0.191,0.338,0.069,0.052,0.012,0.34,0.04,0.0,0.15,0.0,1.56,0.0,0.0,0.21,0.01,0.0,1.01,0.21,0.08,0.0,0.53,1.22,0.0,0.0,0.0,0.0,0.0,0.0,0.0,0.0,0.0,1.0,0.0,1.0,0.0,0.0,0.0,0.0,0.0,1.0,0.1991076806059391,19.920341362537034,26.000192306981116
10465,418.56,0.98,1,-0.195,0.344,0.064,0.056,0.012,0.34,0.01,0.0,0.08,0.0,1.49,0.0,0.0,0.25,0.03,0.0,1.04,0.31,0.09,0.0,0.47,1.18,0.0,0.0,0.0,0.0,0.0,0.0,0.0,0.0,0.0,1.0,0.0,1.0,0.0,0.0,0.0,0.0,0.0,1.0,0.18575913921791115,20.319940944796254,26.700749053163328
10466,418.6,0.98,1,-0.19,0.333,0.067,0.061,0.01,0.33,0.0,0.0,0.08,0.0,1.49,0.0,0.0,0.26,0.03,0.0,1.04,0.37,0.09,0.01,0.42,1.27,0.0,0.0,0.0,0.0,0.0,0.0,0.0,0.0,0.0,1.0,0.0,1.0,0.0,0.0,0.0,0.0,0.0,1.0,0.20344942274821542,20.524375751773793,27.799999999999955
10467,418.64,0.98,1,-0.205,0.34,0.059,0.071,0.013,0.38,0.03,0.0,0.06,0.0,1.46,0.0,0.0,0.22,0.08,0.0,0.94,0.37,0.07,0.11,0.54,1.41,0.0,0.0,0.0,0.0,0.0,0.0,0.0,0.0,0.0,1.0,0.0,1.0,0.0,0.0,0.0,0.0,0.0,1.0,0.19331406950286872,20.220039564748447,26.503018695990086
10468,418.68,0.98,1,-0.229,0.345,0.054,0.081,0.013,0.39,0.09,0.0,0.17,0.0,1.32,0.0,0.0,0.19,0.06,0.0,0.86,0.42,0.06,0.18,0.54,1.61,0.0,0.0,0.0,0.0,0.0,0.0,0.0,0.0,0.0,1.0,0.0,1.0,0.0,0.0,0.0,0.0,0.0,1.0,0.20812546944459337,18.938056922503815,25.500784301664133
10469,418.72,0.98,1,-0.238,0.351,0.051,0.099,0.016,0.49,0.09,0.0,0.17,0.0,1.1,0.0,0.0,0.15,0.11,0.0,0.83,0.52,0.02,0.2,0.59,1.89,0.0,0.0,0.0,0.0,0.0,0.0,0.0,0.0,0.0,1.0,0.0,1.0,0.0,0.0,0.0,0.0,0.0,1.0,0.20959065979197988,18.146625030566884,23.801890681204252
10470,418.76,0.98,1,-0.237,0.358,0.056,0.121,0.016,0.55,0.06,0.0,0.12,0.0,0.85,0.0,0.0,0.17,0.19,0.0,0.82,0.45,0.0,0.17,0.53,1.81,0.0,0.0,0.0,0.0,0.0,0.0,0.0,0.0,0.0,1.0,0.0,1.0,0.0,0.0,0.0,0.0,0.0,0.0,0.20443256768079565,18.298907071188747,24.503265088555036
10471,418.8,0.98,1,-0.262,0.365,0.054,0.141,0.018,0.55,0.0,0.0,0.0,0.0,0.85,0.0,0.0,0.15,0.33,0.0,0.85,0.29,0.0,0.25,0.57,1.69,0.0,0.0,0.0,0.0,0.0,0.0,0.0,0.0,0.0,1.0,0.0,1.0,0.0,0.0,0.0,0.0,0.0,0.0,0.19931493520818133,19.424983912477437,24.924285345822835
10472,418.84,0.98,1,-0.249,0.343,0.063,0.163,0.017,0.52,0.0,0.0,0.0,0.0,0.88,0.0,0.0,0.1,0.48,0.0,0.89,0.07,0.0,0.31,0.49,1.42,0.0,0.0,0.0,0.0,0.0,0.0,0.0,0.0,0.0,1.0,0.0,1.0,0.0,0.0,0.0,0.0,0.0,0.0,0.19400772137767172,20.916022566444074,21.402102700435744
10473,418.88,0.98,1,-0.252,0.346,0.067,0.174,0.017,0.55,0.0,0.0,0.0,0.0,0.75,0.0,0.0,0.09,0.58,0.0,0.91,0.03,0.0,0.39,0.46,1.32,0.0,0.0,0.0,0.0,0.0,0.0,0.0,0.0,0.0,1.0,0.0,1.0,0.0,1.0,0.0,0.0,0.0,0.0,0.1909444461425987,20.90574083834386,18.606719216455136
10474,418.92,0.98,1,-0.258,0.302,0.061,0.18,0.016,0.61,0.0,0.0,0.0,0.0,0.65,0.0,0.0,0.1,0.67,0.0,0.94,0.04,0.0,0.39,0.39,1.18,0.0,0.0,0.0,0.0,0.0,0.0,0.0,0.0,0.0,1.0,0.0,1.0,0.0,1.0,0.0,0.0,0.0,0.0,0.2152349998559997,21.920994502987273,19.21275617916381
10475,418.96,0.98,1,-0.264,0.315,0.064,0.18,0.014,0.65,0.01,0.0,0.0,0.0,0.7,0.0,0.0,0.14,0.74,0.0,1.07,0.14,0.0,0.38,0.28,1.02,0.0,0.0,0.0,0.0,0.0,0.0,0.0,0.0,0.0,1.0,0.0,1.0,0.0,1.0,0.0,0.0,0.0,0.0,0.21161034091237219,22.462858233092206,18.909521411183285
10476,419.0,0.98,1,-0.255,0.336,0.068,0.182,0.012,0.66,0.01,0.0,0.0,0.0,0.85,0.0,0.0,0.15,0.74,0.0,1.2,0.18,0.0,0.39,0.18,0.96,0.0,0.0,0.0,0.0,0.0,0.0,0.0,0.0,0.0,1.0,0.0,1.0,0.0,1.0,0.0,0.0,0.0,0.0,0.2013742690037102,20.35411506305302,19.431160541768964
10477,419.04,0.98,1,-0.257,0.33,0.065,0.179,0.011,0.58,0.01,0.0,0.0,0.0,0.88,0.0,0.0,0.09,0.79,0.0,1.29,0.24,0.0,0.39,0.12,1.0,0.0,0.0,0.0,0.0,0.0,0.0,0.0,0.0,0.0,1.0,0.0,1.0,0.0,1.0,0.0,0.0,0.0,0.0,0.21258571405515947,20.507803392855212,19.825236442473976
10478,419.08,0.98,1,-0.257,0.334,0.071,0.177,0.012,0.56,0.0,0.0,0.0,0.0,0.75,0.0,0.0,0.09,0.79,0.0,1.23,0.13,0.0,0.43,0.11,1.1,0.0,0.0,0.0,0.0,0.0,0.0,0.0,0.0,0.0,1.0,0.0,1.0,0.0,1.0,0.0,0.0,0.0,0.0,0.21712329462666652,20.938003725283792,19.012890364171355
10479,419.12,0.98,1,-0.262,0.344,0.072,0.178,0.012,0.48,0.0,0.0,0.0,0.0,0.66,0.0,0.0,0.1,0.84,0.0,1.11,0.06,0.0,0.47,0.13,1.15,0.0,0.0,0.0,0.0,0.0,0.0,0.0,0.0,0.0,1.0,0.0,1.0,0.0,1.0,0.0,0.0,0.0,0.0,0.21737513018450677,20.628620894281802,18.94465623863361
10480,419.16,0.98,1,-0.253,0.351,0.078,0.18,0.009,0.51,0.0,0.0,0.0,0.0,0.71,0.0,0.0,0.16,0.74,0.0,1.01,0.03,0.0,0.5,0.23,1.01,0.0,0.0,0.0,0.0,0.0,0.0,0.0,0.0,0.0,1.0,0.0,1.0,0.0,1.0,0.0,0.0,0.0,0.0,0.20962629983833264,20.46582517271166,18.253766734567346
10481,419.2,0.98,1,-0.254,0.346,0.071,0.176,0.012,0.47,0.0,0.0,0.0,0.0,0.72,0.0,0.0,0.17,0.76,0.0,0.93,0.05,0.0,0.53,0.33,1.05,0.0,0.0,0.0,0.0,0.0,0.0,0.0,0.0,0.0,1.0,0.0,1.0,0.0,1.0,0.0,0.0,0.0,0.0,0.21944060452204867,20.850419660045034,18.732325002519083
10482,419.24,0.98,1,-0.264,0.35,0.072,0.177,0.01,0.55,0.0,0.0,0.0,0.0,0.83,0.0,0.0,0.15,0.73,0.0,0.96,0.08,0.0,0.51,0.43,0.98,0.0,0.0,0.0,0.0,0.0,0.0,0.0,0.0,0.0,1.0,0.0,1.0,0.0,1.0,0.0,0.0,0.0,0.0,0.20569534193560146,19.483326204731956,18.938056922503936
10483,419.28,0.98,1,-0.263,0.348,0.062,0.168,0.014,0.61,0.0,0.0,0.0,0.0,0.92,0.0,0.0,0.09,0.8,0.0,0.92,0.18,0.0,0.48,0.5,0.97,0.0,0.0,0.0,0.0,0.0,0.0,0.0,0.0,0.0,1.0,0.0,1.0,0.0,1.0,0.0,0.0,0.0,0.0,0.1993992561529313,20.67849124090044,19.51640335717624
10484,419.32,0.98,1,-0.27,0.348,0.063,0.17,0.013,0.7,0.0,0.0,0.0,0.0,1.06,0.0,0.0,0.08,0.81,0.0,0.99,0.25,0.0,0.45,0.58,0.86,0.0,0.0,0.0,0.0,0.0,0.0,0.0,0.0,0.0,1.0,0.0,1.0,0.0,1.0,0.0,0.0,0.0,0.0,0.19930137599310477,20.7963939181773,19.137659209004656
10485,419.36,0.98,1,-0.259,0.334,0.057,0.163,0.017,0.68,0.03,0.0,0.0,0.0,1.02,0.0,0.0,0.1,0.83,0.0,1.06,0.23,0.0,0.41,0.55,0.73,0.0,0.0,0.0,0.0,0.0,0.0,0.0,0.0,0.0,1.0,0.0,1.0,0.0,1.0,0.0,0.0,0.0,0.0,0.19007975670262717,20.886598574205376,19.604081207748575
10486,419.4,0.98,1,-0.256,0.336,0.053,0.161,0.016,0.64,0.03,0.0,0.0,0.0,0.79,0.0,0.0,0.13,0.75,0.0,1.08,0.25,0.0,0.4,0.52,0.84,0.0,0.0,0.0,0.0,0.0,0.0,0.0,0.0,0.0,1.0,0.0,1.0,0.0,1.0,0.0,0.0,0.0,0.0,0.19134609515328704,20.886598574205387,18.906612599828755
10487,419.44,0.98,1,-0.269,0.354,0.059,0.161,0.017,0.56,0.03,0.0,0.0,0.0,0.6,0.0,0.0,0.14,0.64,0.0,1.07,0.24,0.0,0.42,0.49,0.79,0.0,0.0,0.0,0.0,0.0,0.0,0.0,0.0,0.0,1.0,0.0,1.0,0.0,1.0,0.0,0.0,0.0,0.0,0.20391005215243416,20.628620894281802,19.22602402994446
10488,419.48,0.98,1,-0.256,0.332,0.052,0.157,0.018,0.51,0.0,0.0,0.0,0.0,0.49,0.0,0.0,0.13,0.56,0.0,0.94,0.3,0.0,0.5,0.53,0.98,0.0,0.0,0.0,0.0,0.0,0.0,0.0,0.0,0.0,1.0,0.0,1.0,0.0,1.0,0.0,0.0,0.0,0.0,0.19618449835474294,20.398284241572824,19.904019694523996
10489,419.52,0.98,1,-0.258,0.347,0.056,0.156,0.02,0.52,0.0,0.0,0.0,0.0,0.68,0.0,0.0,0.1,0.61,0.0,1.0,0.22,0.0,0.43,0.54,1.03,0.0,0.0,0.0,0.0,0.0,0.0,0.0,0.0,0.0,1.0,0.0,1.0,0.0,1.0,0.0,0.0,0.0,0.0,0.20662917168194272,20.739334608419725,19.609181522949928
10490,419.56,0.98,1,-0.251,0.346,0.053,0.156,0.02,0.55,0.06,0.0,0.0,0.0,0.69,0.0,0.0,0.09,0.67,0.0,1.02,0.31,0.0,0.37,0.54,1.1,0.0,0.0,0.0,0.0,0.0,0.0,0.0,0.0,0.0,1.0,0.0,1.0,0.0,1.0,0.0,0.0,0.0,0.0,0.1957083043292036,20.90574083834386,19.809088823062968
10491,419.6,0.98,1,-0.257,0.342,0.049,0.152,0.022,0.53,0.06,0.0,0.0,0.0,0.68,0.0,0.0,0.09,0.67,0.0,1.11,0.47,0.0,0.23,0.6,1.25,0.0,0.0,0.0,0.0,0.0,0.0,0.0,0.0,0.0,1.0,0.0,1.0,0.0,1.0,0.0,0.0,0.0,0.0,0.2010947991738833,21.991134577369902,19.216659439142944
10492,419.64,0.98,1,-0.256,0.366,0.063,0.158,0.018,0.55,0.06,0.0,0.0,0.0,0.64,0.0,0.0,0.1,0.61,0.0,1.18,0.52,0.04,0.18,0.62,1.35,0.0,0.0,0.0,0.0,0.0,0.0,0.0,0.0,0.0,1.0,0.0,1.0,0.0,1.0,0.0,0.0,0.0,0.0,0.20112393300569054,20.33051893090783,19.736514383244117
10493,419.68,0.98,1,-0.259,0.34,0.051,0.148,0.024,0.61,0.0,0.0,0.0,0.0,0.54,0.0,0.0,0.15,0.58,0.0,1.13,0.38,0.04,0.19,0.56,1.92,0.0,0.0,0.0,0.0,0.0,0.0,0.0,0.0,0.0,1.0,0.0,1.0,0.0,1.0,0.0,0.0,0.0,0.0,0.1892535362104094,19.72308292331592,21.000238093888363
10494,419.72,0.98,1,-0.191,0.407,0.063,0.154,0.023,0.83,0.05,0.0,0.0,0.0,0.38,0.0,0.0,0.16,0.53,0.0,1.14,0.28,0.04,0.22,0.45,2.26,0.0,0.0,0.0,0.0,0.0,0.0,0.0,0.0,0.0,1.0,0.0,1.0,0.0,1.0,0.0,0.0,0.0,1.0,0.1925702379396779,18.099999999999998,20.50219500443794
10495,419.76,0.98,1,-0.163,0.474,0.065,0.14,0.018,0.92,0.05,0.01,0.0,0.0,0.21,0.0,0.0,0.18,0.44,0.0,0.97,0.17,0.0,0.31,0.34,2.82,0.0,0.0,0.0,0.0,0.0,0.0,0.0,0.0,0.0,1.0,0.0,1.0,0.0,1.0,0.0,0.0,0.0,1.0,0.17467777217602176,19.547889911701553,19.204166214652417
10496,419.8,0.98,1,-0.104,0.455,0.065,0.119,0.016,0.76,0.04,0.01,0.0,0.0,0.52,0.0,0.0,0.14,0.31,0.0,0.92,0.21,0.0,0.21,0.4,2.45,0.0,0.0,0.0,0.0,0.0,0.0,0.0,0.0,0.0,1.0,0.0,1.0,0.0,1.0,0.0,0.0,0.0,1.0,0.17315840577649316,19.39329781135737,18.322117781522923
10497,419.84,0.98,1,-0.094,0.381,0.045,0.09,0.016,0.47,0.0,0.01,0.0,0.0,1.13,0.0,0.0,0.16,0.22,0.02,0.88,0.21,0.0,0.12,0.45,1.86,0.0,0.0,0.0,0.0,0.0,0.0,0.0,0.0,0.0,1.0,0.0,1.0,0.0,1.0,0.0,0.0,0.0,1.0,0.17649822210227592,18.409780009549138,20.869355524308904
10498,419.88,0.98,1,-0.059,0.327,0.059,0.068,0.008,0.18,0.0,0.0,0.0,0.0,1.47,0.0,0.0,0.15,0.13,0.07,0.93,0.25,0.03,0.01,0.54,0.8,0.0,0.0,0.0,0.0,0.0,0.0,0.0,0.0,0.0,1.0,0.0,1.0,0.0,0.0,0.0,0.0,0.0,1.0,0.19475216018807837,18.826576959182113,19.7205476597381
10499,419.92,0.98,1,-0.062,0.299,0.049,0.044,0.012,0.08,0.07,0.0,0.0,0.0,1.4,0.0,0.0,0.15,0.05,0.19,0.98,0.21,0.03,0.01,0.57,0.28,0.0,0.0,0.0,0.0,0.0,0.0,0.0,0.0,0.0,1.0,0.0,1.0,0.0,0.0,0.0,0.0,0.0,0.0,0.21478722673731368,19.93614807328646,20.00224987345174
10500,419.96,0.98,1,-0.057,0.284,0.058,0.027,0.01,0.04,0.07,0.0,0.0,0.0,1.17,0.0,0.0,0.16,0.0,0.17,1.07,0.08,0.03,0.07,0.6,0.0,0.0,0.0,0.0,0.0,0.0,0.0,0.0,0.0,0.0,1.0,0.0,1.0,0.0,0.0,0.0,0.0,0.0,0.0,0.24645307179467854,21.20377324911776,21.100236965493924
10501,420.0,0.98,1,-0.037,0.28,0.066,0.017,0.007,0.05,0.09,0.0,0.0,0.0,1.23,0.0,0.0,0.18,0.0,0.17,1.12,0.02,0.06,0.16,0.57,0.0,0.0,0.0,0.0,0.0,0.0,0.0,0.0,0.0,0.0,1.0,0.0,1.0,0.0,0.0,0.0,0.0,0.0,0.0,0.24637428126478506,21.800917411889067,21.914607000811216
10502,420.04,0.98,1,-0.024,0.284,0.063,0.006,0.011,0.05,0.02,0.0,0.0,0.0,1.42,0.0,0.0,0.18,0.0,0.16,1.18,0.0,0.13,0.16,0.59,0.0,0.0,0.0,0.0,0.0,0.0,0.0,0.0,0.0,0.0,1.0,0.0,1.0,0.0,0.0,0.0,0.0,0.0,0.0,0.2492222423654064,21.90365266342566,22.910696191953523
10503,420.08,0.98,1,-0.043,0.271,0.07,0.007,0.011,0.01,0.02,0.0,0.0,0.0,1.6,0.0,0.0,0.17,0.0,0.16,1.05,0.0,0.22,0.1,0.58,0.0,0.0,0.0,0.0,0.0,0.0,0.0,0.0,0.0,0.0,0.0,0.0,1.0,0.0,0.0,0.0,0.0,0.0,0.0,0.2092754821667913,22.714092541856083,24.007498828491066
10504,420.12,0.98,1,-0.039,0.266,0.072,-0.002,0.016,0.0,0.0,0.0,0.0,0.0,1.66,0.0,0.0,0.18,0.0,0.16,1.03,0.0,0.25,0.04,0.49,0.0,0.0,0.0,0.0,0.0,0.0,0.0,0.0,0.0,0.0,0.0,0.0,1.0,0.0,0.0,0.0,0.0,0.0,0.0,0.21509124668136145,22.426992665090076,23.30772404161351
10505,420.16,0.98,1,-0.027,0.253,0.071,-0.005,0.019,0.0,0.0,0.0,0.0,0.0,1.71,0.0,0.0,0.15,0.0,0.09,1.03,0.0,0.32,0.06,0.38,0.0,0.0,0.0,0.0,0.0,0.0,0.0,0.0,0.0,0.0,0.0,0.0,1.0,0.0,0.0,0.0,0.0,0.0,0.0,0.22677852114202574,22.332263655975357,22.913969538253156
10506,420.2,0.98,1,-0.032,0.26,0.069,-0.008,0.023,0.0,0.0,0.0,0.0,0.0,1.74,0.0,0.0,0.14,0.0,0.14,1.21,0.0,0.39,0.13,0.38,0.0,0.0,0.0,0.0,0.0,0.0,0.0,0.0,0.0,0.0,0.0,0.0,1.0,0.0,0.0,0.0,0.0,0.0,0.0,0.2319313666728097,22.426992665090076,23.436083290516024
10507,420.24,0.98,1,-0.046,0.22,0.068,-0.011,0.026,0.0,0.0,0.0,0.0,0.0,1.76,0.0,0.0,0.15,0.0,0.16,1.32,0.0,0.44,0.09,0.51,0.0,0.0,0.0,0.0,0.0,0.0,0.0,0.0,0.0,0.0,0.0,0.0,1.0,0.0,0.0,0.0,0.0,0.0,0.0,0.2518959359753924,22.027482833950867,21.82773465112672
10508,420.28,0.98,1,-0.058,0.209,0.066,-0.013,0.029,0.0,0.0,0.0,0.0,0.0,1.74,0.0,0.0,0.17,0.0,0.2,1.3,0.0,0.43,0.16,0.61,0.0,0.0,0.0,0.0,0.0,0.0,0.0,0.0,0.0,0.0,0.0,0.0,1.0,0.0,0.0,0.0,0.0,0.0,0.0,0.25532888166123935,22.405579662218162,20.508778608196053
10509,420.32,0.98,1,-0.059,0.214,0.067,-0.012,0.028,0.0,0.0,0.0,0.0,0.0,1.7,0.0,0.0,0.2,0.0,0.16,1.2,0.0,0.33,0.1,0.58,0.0,0.0,0.0,0.0,0.0,0.0,0.0,0.0,0.0,0.0,0.0,0.0,1.0,0.0,0.0,0.0,0.0,0.0,0.0,0.25826019953807555,22.517992805754247,19.512560057562926
10510,420.36,0.98,1,-0.039,0.2,0.067,-0.015,0.028,0.0,0.0,0.0,0.0,0.0,1.67,0.0,0.0,0.21,0.0,0.12,1.1,0.0,0.28,0.11,0.49,0.0,0.0,0.0,0.0,0.0,0.0,0.0,0.0,0.0,0.0,0.0,0.0,1.0,0.0,0.0,0.0,0.0,0.0,0.0,0.2799603978371481,21.303755537463296,19.420865068271386
10511,420.4,0.98,1,-0.049,0.199,0.064,-0.014,0.029,0.0,0.0,0.0,0.0,0.0,1.56,0.0,0.0,0.23,0.0,0.21,1.1,0.0,0.2,0.03,0.39,0.0,0.0,0.0,0.0,0.0,0.0,0.0,0.0,0.0,0.0,0.0,0.0,1.0,0.0,0.0,0.0,0.0,0.0,0.0,0.2661113023387134,21.30023474049049,19.009471323527123
10512,420.44,0.98,1,-0.045,0.185,0.064,-0.015,0.028,0.0,0.0,0.0,0.0,0.0,1.45,0.0,0.0,0.22,0.0,0.24,1.21,0.0,0.16,0.01,0.42,0.0,0.0,0.0,0.0,0.0,0.0,0.0,0.0,0.0,0.0,0.0,0.0,1.0,0.0,0.0,0.0,0.0,0.0,0.0,0.29583429164530023,21.80206412246322,18.916923639957815
10513,420.48,0.98,1,-0.02,0.268,0.056,-0.015,0.03,0.3,0.07,0.0,0.0,0.0,0.99,0.0,0.01,0.22,0.0,0.22,1.22,0.0,0.09,0.03,0.48,0.81,0.0,0.0,0.0,0.0,0.0,0.0,0.0,0.0,0.0,0.0,0.0,1.0,0.0,0.0,0.0,0.0,0.0,0.0,0.22756990199200428,20.799999999999955,22.81074308303016
10514,420.52,0.98,1,-0.015,0.419,0.049,-0.011,0.015,0.64,0.13,0.0,0.0,0.0,0.53,0.0,0.01,0.23,0.0,0.13,1.21,0.0,0.03,0.11,0.57,1.53,0.0,1.0,0.0,0.0,0.0,0.0,0.0,0.0,0.0,1.0,0.0,1.0,0.0,0.0,0.0,0.0,0.0,1.0,0.18321657702357896,15.493547043850318,20.220039564748447
10515,420.56,0.98,1,-0.043,0.422,0.031,-0.018,0.031,0.96,0.34,0.0,0.0,0.0,0.1,0.0,0.01,0.2,0.08,0.11,1.12,0.0,0.0,0.11,0.42,2.3,0.0,1.0,0.0,0.0,0.0,0.0,0.0,0.0,0.0,1.0,0.0,1.0,0.0,0.0,0.0,0.0,0.0,1.0,0.1827825149664136,17.861970775925077,21.818570072303046
10516,420.6,0.98,1,-0.042,0.434,0.035,-0.003,0.013,0.81,0.33,0.0,0.0,0.0,0.1,0.0,0.0,0.2,0.08,0.1,1.2,0.0,0.0,0.07,0.37,2.11,0.0,1.0,0.0,0.0,0.0,0.0,0.0,0.0,0.0,1.0,0.0,1.0,0.0,0.0,0.0,0.0,0.0,1.0,0.1805217994360146,18.370900903330835,20.62425756239473
10517,420.64,0.98,1,-0.043,0.361,0.03,-0.009,0.03,0.61,0.35,0.0,0.0,0.0,0.53,0.0,0.0,0.18,0.08,0.03,1.26,0.0,0.0,0.01,0.46,1.78,0.0,1.0,0.0,0.0,0.0,0.0,0.0,0.0,0.0,1.0,0.0,1.0,0.0,0.0,0.0,0.0,0.0,1.0,0.18534319103854596,19.07799779851134,20.042205467462903
10518,420.68,0.98,1,-0.052,0.354,0.038,-0.01,0.032,0.43,0.19,0.0,0.0,0.0,1.01,0.0,0.0,0.2,0.0,0.02,1.34,0.0,0.0,0.01,0.65,1.46,0.0,1.0,0.0,0.0,0.0,0.0,0.0,0.0,0.0,1.0,0.0,1.0,0.0,0.0,0.0,0.0,0.0,1.0,0.19485565734568183,18.916923639957908,19.026297590440446
10519,420.72,0.98,1,-0.045,0.347,0.043,-0.012,0.034,0.55,0.23,0.0,0.0,0.0,1.47,0.0,0.0,0.18,0.0,0.04,1.26,0.0,0.0,0.03,0.74,1.11,0.0,1.0,0.0,0.0,0.0,0.0,0.0,0.0,0.0,1.0,0.0,1.0,0.0,0.0,0.0,0.0,0.0,1.0,0.19092087040677347,17.94714461968821,17.528548142958105
10520,420.76,0.98,1,-0.064,0.36,0.057,-0.002,0.012,0.59,0.15,0.0,0.0,0.0,1.46,0.0,0.0,0.24,0.0,0.08,1.21,0.0,0.0,0.02,0.68,1.11,0.0,0.0,0.0,0.0,0.0,0.0,0.0,0.0,0.0,1.0,0.0,1.0,0.0,0.0,0.0,0.0,0.0,1.0,0.1943688342413319,19.483326204731945,17.241809649801894
10521,420.8,0.98,1,-0.082,0.356,0.049,-0.005,0.029,0.56,0.1,0.0,0.0,0.0,1.56,0.0,0.0,0.22,0.0,0.14,1.21,0.0,0.0,0.02,0.66,1.08,0.0,0.0,0.0,0.0,0.0,0.0,0.0,0.0,0.0,1.0,0.0,1.0,0.0,0.0,0.0,0.0,0.0,1.0,0.18183147876031308,19.15124016872028,17.34877517290482
10522,420.84,0.98,1,-0.095,0.352,0.046,-0.007,0.035,0.41,0.0,0.0,0.0,0.0,1.65,0.0,0.0,0.18,0.0,0.19,1.25,0.0,0.0,0.03,0.7,1.17,0.0,0.0,0.0,0.0,0.0,0.0,0.0,0.0,0.0,1.0,0.0,1.0,0.0,0.0,0.0,0.0,0.0,1.0,0.18635138287774003,19.13164917094176,18.017769007288337
10523,420.88,0.98,1,-0.092,0.352,0.049,-0.008,0.035,0.38,0.0,0.0,0.0,0.0,1.85,0.0,0.0,0.14,0.0,0.21,1.28,0.0,0.03,0.02,0.74,1.11,0.0,0.0,0.0,0.0,0.0,0.0,0.0,0.0,0.0,1.0,0.0,1.0,0.0,0.0,0.0,0.0,0.0,1.0,0.1890545857292499,18.74513270158398,18.113530854032756
10524,420.92,0.98,1,-0.087,0.338,0.044,-0.007,0.037,0.43,0.1,0.0,0.0,0.0,1.62,0.0,0.0,0.14,0.0,0.27,1.3,0.0,0.02,0.1,0.76,1.18,0.0,0.0,0.0,0.0,0.0,0.0,0.0,0.0,0.0,1.0,0.0,1.0,0.0,0.0,0.0,0.0,0.0,1.0,0.18248341475946656,18.23951753747894,17.710166571774344
10525,420.96,0.98,1,-0.044,0.336,0.044,-0.014,0.038,0.57,0.1,0.0,0.0,0.0,1.04,0.0,0.0,0.24,0.0,0.23,1.18,0.04,0.02,0.13,0.57,1.52,0.0,1.0,0.0,0.0,0.0,0.0,0.0,0.0,0.0,1.0,0.0,1.0,0.0,0.0,0.0,0.0,0.0,1.0,0.21937995005093297,18.346116755324505,19.175505208468348
10526,421.0,0.98,1,-0.064,0.442,0.048,-0.01,0.021,0.5,0.1,0.0,0.0,0.0,0.46,0.0,0.0,0.27,0.0,0.2,1.21,0.04,0.0,0.16,0.45,1.84,0.0,1.0,0.0,0.0,0.0,0.0,0.0,0.0,0.0,1.0,0.0,1.0,0.0,0.0,0.0,0.0,0.0,1.0,0.18233812185930984,16.06549096666502,21.991134577370126
10527,421.04,0.98,1,-0.025,0.416,0.032,-0.014,0.035,0.41,0.0,0.0,0.0,0.0,0.35,0.0,0.0,0.33,0.0,0.1,1.14,0.04,0.0,0.08,0.31,1.77,0.0,1.0,0.0,0.0,0.0,0.0,0.0,0.0,0.0,1.0,0.0,1.0,0.0,0.0,0.0,0.0,0.0,1.0,0.17500885865741808,16.038079685548258,18.726718879718405
10528,421.08,0.98,1,-0.052,0.367,0.037,0.002,0.018,0.16,0.0,0.0,0.0,0.0,1.0,0.0,0.0,0.31,0.0,0.15,1.28,0.0,0.0,0.03,0.44,1.18,0.0,1.0,0.0,0.0,0.0,0.0,0.0,0.0,0.0,1.0,0.0,1.0,0.0,0.0,0.0,0.0,0.0,1.0,0.18146955684585353,17.640861656960098,18.921416437465865
10529,421.12,0.98,1,-0.033,0.315,0.047,-0.007,0.028,0.08,0.0,0.0,0.0,0.0,1.53,0.0,0.0,0.33,0.0,0.25,1.25,0.0,0.0,0.0,0.52,0.56,0.0,0.0,0.0,0.0,0.0,0.0,0.0,0.0,0.0,1.0,0.0,1.0,0.0,0.0,0.0,0.0,0.0,1.0,0.18744687270697177,16.459647626847996,17.035551062410626
10530,421.16,0.98,1,-0.047,0.307,0.046,-0.012,0.036,0.0,0.0,0.0,0.0,0.0,1.9,0.0,0.0,0.36,0.0,0.25,1.34,0.0,0.0,0.0,0.66,0.14,0.0,0.0,0.0,0.0,0.0,0.0,0.0,0.0,0.0,1.0,0.0,1.0,0.0,0.0,0.0,0.0,0.0,1.0,0.1933206727013126,18.327302038216054,18.404347312523836
10531,421.2,0.98,1,-0.056,0.284,0.049,-0.01,0.036,0.0,0.0,0.0,0.0,0.0,1.86,0.0,0.06,0.34,0.0,0.22,1.41,0.03,0.03,0.0,0.69,0.02,0.0,0.0,0.0,0.0,0.0,0.0,0.0,0.0,0.0,1.0,0.0,1.0,0.0,0.0,0.0,0.0,0.0,1.0,0.2268609651009047,18.62686232299999,20.112185361118904
10532,421.24,0.98,1,-0.045,0.297,0.053,-0.01,0.036,0.0,0.0,0.0,0.0,0.0,1.9,0.0,0.06,0.32,0.0,0.16,1.49,0.03,0.06,0.0,0.68,0.0,0.0,0.0,0.0,0.0,0.0,0.0,0.0,0.0,0.0,1.0,0.0,1.0,0.0,0.0,0.0,0.0,0.0,1.0,0.21100119062066908,20.615528128088442,20.911719202399265
10533,421.28,0.98,1,-0.051,0.297,0.051,-0.005,0.035,0.0,0.0,0.0,0.0,0.0,1.91,0.0,0.06,0.3,0.0,0.12,1.48,0.03,0.09,0.03,0.62,0.0,0.0,0.0,0.0,0.0,0.0,0.0,0.0,0.0,0.0,1.0,0.0,1.0,0.0,0.0,0.0,0.0,0.0,1.0,0.19755073660016145,21.31501817967787,21.533462331914944
10534,421.32,0.98,1,-0.063,0.316,0.054,-0.003,0.034,0.02,0.0,0.0,0.0,0.0,1.79,0.0,0.0,0.29,0.0,0.07,1.41,0.0,0.06,0.03,0.59,0.08,0.0,0.0,0.0,0.0,0.0,0.0,0.0,0.0,0.0,1.0,0.0,1.0,0.0,0.0,0.0,0.0,0.0,1.0,0.2034773315700276,20.60873601170158,21.11516043036368
10535,421.36,0.98,1,-0.108,0.292,0.051,-0.002,0.033,0.15,0.0,0.0,0.0,0.0,1.79,0.0,0.0,0.24,0.0,0.07,1.39,0.0,0.03,0.03,0.54,0.2,0.0,0.0,0.0,0.0,0.0,0.0,0.0,0.0,0.0,1.0,0.0,1.0,0.0,0.0,0.0,0.0,0.0,1.0,0.2125870097318197,20.640978658968802,17.80702108720036
10536,421.4,0.98,1,-0.143,0.305,0.049,0.012,0.034,0.16,0.0,0.0,0.0,0.0,1.65,0.0,0.0,0.21,0.0,0.07,1.31,0.02,0.0,0.0,0.49,0.52,0.0,0.0,0.0,0.0,0.0,0.0,0.0,0.0,0.0,1.0,0.0,1.0,0.0,0.0,0.0,0.0,0.0,1.0,0.18959645703101768,21.418916872708664,22.102036105300254
10537,421.44,0.98,1,-0.154,0.332,0.051,0.025,0.033,0.25,0.01,0.0,0.0,0.0,1.45,0.0,0.0,0.16,0.0,0.07,1.21,0.04,0.0,0.0,0.41,0.67,0.0,0.0,0.0,0.0,0.0,0.0,0.0,0.0,0.0,1.0,0.0,1.0,0.0,0.0,0.0,0.0,0.0,1.0,0.19781496269038595,18.552897347853794,25.401771591761165
10538,421.48,0.98,1,-0.162,0.355,0.053,0.039,0.033,0.21,0.03,0.0,0.0,0.0,1.22,0.0,0.0,0.14,0.0,0.0,1.05,0.1,0.01,0.01,0.46,0.87,0.0,0.0,0.0,0.0,0.0,0.0,0.0,0.0,0.0,1.0,0.0,1.0,0.0,0.0,0.0,0.0,0.0,1.0,0.19184330628846302,19.358202395883723,25.712448347055602
10539,421.52,0.98,1,-0.172,0.352,0.049,0.051,0.035,0.28,0.05,0.0,0.0,0.0,1.1,0.0,0.0,0.14,0.0,0.0,0.97,0.12,0.01,0.01,0.52,0.85,0.0,0.0,0.0,0.0,0.0,0.0,0.0,0.0,0.0,1.0,0.0,1.0,0.0,0.0,0.0,0.0,0.0,1.0,0.19835624385456868,19.237463450257497,25.419677417307895
10540,421.56,0.98,1,-0.179,0.351,0.045,0.063,0.035,0.26,0.04,0.0,0.0,0.0,0.99,0.0,0.0,0.16,0.0,0.0,0.94,0.21,0.02,0.01,0.55,0.96,0.0,0.0,0.0,0.0,0.0,0.0,0.0,0.0,0.0,1.0,0.0,1.0,0.0,0.0,0.0,0.0,0.0,1.0,0.19724725856094283,20.042205467462903,25.219833464953773
10541,421.6,0.98,1,-0.199,0.346,0.044,0.07,0.034,0.33,0.08,0.0,0.07,0.0,0.95,0.0,0.0,0.15,0.0,0.0,0.96,0.3,0.02,0.0,0.44,1.12,0.0,0.0,0.0,0.0,0.0,0.0,0.0,0.0,0.0,1.0,0.0,1.0,0.0,0.0,0.0,0.0,0.0,1.0,0.19294017780354944,20.969024774652826,25.832731175777706
10542,421.64,0.98,1,-0.191,0.351,0.047,0.075,0.03,0.43,0.11,0.0,0.07,0.0,0.8,0.0,0.0,0.15,0.0,0.0,0.92,0.38,0.08,0.02,0.38,1.35,0.0,0.0,0.0,0.0,0.0,0.0,0.0,0.0,0.0,1.0,0.0,1.0,0.0,0.0,0.0,0.0,0.0,1.0,0.19599969041840976,20.78701517774984,25.92334854913625
10543,421.68,0.98,1,-0.191,0.349,0.046,0.075,0.029,0.43,0.11,0.0,0.07,0.0,0.93,0.0,0.0,0.16,0.01,0.0,0.94,0.46,0.06,0.06,0.38,1.38,0.0,0.0,0.0,0.0,0.0,0.0,0.0,0.0,0.0,1.0,0.0,1.0,0.0,0.0,0.0,0.0,0.0,1.0,0.19729149660045328,20.497804760510196,25.51960031034969
10544,421.72,0.98,1,-0.168,0.333,0.05,0.073,0.029,0.36,0.05,0.0,0.01,0.0,1.23,0.0,0.0,0.16,0.06,0.0,0.95,0.48,0.05,0.07,0.45,1.04,0.0,0.0,0.0,0.0,0.0,0.0,0.0,0.0,0.0,1.0,0.0,1.0,0.0,0.0,0.0,0.0,0.0,1.0,0.19351534839318682,18.587361297397752,23.10194796981428
10545,421.76,0.98,1,-0.096,0.312,0.058,0.068,0.028,0.31,0.02,0.0,0.0,0.0,1.57,0.0,0.0,0.13,0.06,0.0,1.02,0.48,0.08,0.05,0.46,0.53,0.0,0.0,0.0,0.0,0.0,0.0,0.0,0.0,0.0,1.0,0.0,1.0,0.0,0.0,0.0,0.0,0.0,1.0,0.19392674058038184,18.560711193270585,18.60430057809206
10546,421.8,0.98,1,-0.063,0.298,0.061,0.063,0.032,0.34,0.1,0.0,0.0,0.0,1.69,0.0,0.0,0.07,0.05,0.02,1.07,0.35,0.19,0.01,0.49,0.15,0.0,0.0,0.0,0.0,0.0,0.0,0.0,0.0,0.0,1.0,0.0,1.0,0.0,0.0,0.0,0.0,0.0,0.0,0.2151079706342247,20.462648899885945,21.30093894644079
10547,421.84,0.98,1,-0.051,0.287,0.059,0.058,0.032,0.25,0.1,0.0,0.0,0.0,1.49,0.0,0.0,0.06,0.06,0.06,1.03,0.24,0.27,0.0,0.47,0.0,0.0,0.0,0.0,0.0,0.0,0.0,0.0,0.0,0.0,1.0,0.0,1.0,0.0,0.0,0.0,0.0,0.0,0.0,0.2272715803944617,21.01523257068548,21.80825531765432
10548,421.88,0.98,1,-0.039,0.278,0.065,0.05,0.031,0.18,0.08,0.0,0.0,0.0,1.24,0.0,0.0,0.04,0.08,0.06,1.0,0.15,0.3,0.0,0.52,0.0,0.0,0.0,0.0,0.0,0.0,0.0,0.0,0.0,0.0,1.0,0.0,1.0,0.0,0.0,0.0,0.0,0.0,0.0,0.24121279465955286,21.70092163941435,20.31575743111754
10549,421.92,0.98,1,-0.056,0.282,0.064,0.044,0.033,0.14,0.11,0.0,0.0,0.0,1.07,0.0,0.0,0.07,0.08,0.15,0.92,0.1,0.21,0.0,0.52,0.0,0.0,0.0,0.0,0.0,0.0,0.0,0.0,0.0,0.0,1.0,0.0,1.0,0.0,0.0,0.0,0.0,0.0,0.0,0.23030330503222626,22.100904958847412,19.004210059878837
10550,421.96,0.98,1,-0.057,0.269,0.067,0.033,0.034,0.14,0.11,0.0,0.0,0.0,1.13,0.0,0.0,0.09,0.06,0.14,1.05,0.15,0.24,0.0,0.52,0.0,0.0,0.0,0.0,0.0,0.0,0.0,0.0,0.0,0.0,1.0,0.0,1.0,0.0,0.0,0.0,0.0,0.0,0.0,0.28218754839453386,22.707928130941223,19.916073910286723
10551,422.0,0.98,1,-0.074,0.275,0.067,0.035,0.034,0.08,0.11,0.0,0.0,0.0,1.11,0.0,0.0,0.15,0.04,0.15,1.12,0.26,0.16,0.0,0.45,0.0,0.0,0.0,0.0,0.0,0.0,0.0,0.0,0.0,0.0,1.0,0.0,1.0,0.0,0.0,0.0,0.0,0.0,0.0,0.2176729429868359,22.60199106273618,19.925109786397528
10552,422.04,0.98,1,-0.046,0.263,0.066,0.025,0.033,0.0,0.0,0.0,0.0,0.0,1.19,0.0,0.0,0.21,0.04,0.13,1.18,0.39,0.23,0.0,0.31,0.0,0.0,0.0,0.0,0.0,0.0,0.0,0.0,0.0,0.0,1.0,0.0,1.0,0.0,0.0,0.0,0.0,0.0,0.0,0.2859202601767892,22.208106627986144,21.06086417980041
10553,422.08,0.98,1,-0.065,0.265,0.077,0.027,0.029,0.0,0.0,0.0,0.0,0.0,1.17,0.0,0.0,0.28,0.0,0.19,1.06,0.46,0.15,0.0,0.18,0.0,0.0,0.0,0.0,0.0,0.0,0.0,0.0,0.0,0.0,1.0,0.0,1.0,0.0,0.0,0.0,0.0,0.0,0.0,0.22932483523256994,22.410934831014835,19.412624758130843
10554,422.12,0.98,1,-0.057,0.272,0.083,0.023,0.028,0.0,0.0,0.0,0.0,0.0,1.4,0.0,0.0,0.28,0.02,0.27,1.05,0.39,0.18,0.0,0.11,0.0,0.0,0.0,0.0,0.0,0.0,0.0,0.0,0.0,0.0,1.0,0.0,1.0,0.0,0.0,0.0,0.0,0.0,0.0,0.25583717580439436,22.722015755649895,17.813758727455767
10555,422.16,0.98,1,-0.069,0.278,0.081,0.022,0.027,0.0,0.0,0.0,0.0,0.0,1.38,0.0,0.0,0.3,0.02,0.26,1.1,0.32,0.09,0.0,0.21,0.0,0.0,0.0,0.0,0.0,0.0,0.0,0.0,0.0,0.0,1.0,0.0,1.0,0.0,0.0,0.0,0.0,0.0,0.0,0.22523563953496123,22.503555274667157,17.610224302943923
10556,422.2,0.98,1,-0.043,0.259,0.078,0.012,0.028,0.0,0.0,0.0,0.0,0.0,1.45,0.0,0.0,0.25,0.02,0.2,1.17,0.14,0.1,0.0,0.28,0.0,0.0,0.0,0.0,0.0,0.0,0.0,0.0,0.0,0.0,1.0,0.0,1.0,0.0,0.0,0.0,0.0,0.0,0.0,0.3019406841327231,22.837031330713675,19.021303845951252
10557,422.24,0.98,1,-0.041,0.275,0.082,0.011,0.029,0.0,0.0,0.0,0.0,0.0,1.43,0.0,0.0,0.26,0.05,0.15,1.24,0.07,0.11,0.0,0.4,0.0,0.0,0.0,0.0,0.0,0.0,0.0,0.0,0.0,0.0,1.0,0.0,1.0,0.0,0.0,0.0,0.0,0.0,0.0,0.27404527218796626,22.065584062063703,19.116746585127828
10558,422.28,0.98,1,-0.066,0.273,0.078,0.013,0.03,0.0,0.0,0.0,0.0,0.0,1.4,0.0,0.0,0.24,0.05,0.17,1.24,0.03,0.11,0.0,0.45,0.0,0.0,0.0,0.0,0.0,0.0,0.0,0.0,0.0,0.0,1.0,0.0,1.0,0.0,0.0,0.0,0.0,0.0,0.0,0.22453017475220075,22.11831820008013,18.217573932881223
10559,422.32,0.98,1,-0.048,0.25,0.076,0.003,0.03,0.0,0.0,0.0,0.0,0.0,1.22,0.0,0.0,0.26,0.05,0.22,1.29,0.03,0.12,0.0,0.47,0.0,0.0,0.0,0.0,0.0,0.0,0.0,0.0,0.0,0.0,1.0,0.0,1.0,0.0,0.0,0.0,0.0,0.0,0.0,0.30357047066631876,23.055585006674633,18.7216452268491
10560,422.36,0.98,1,-0.038,0.271,0.078,0.005,0.029,0.0,0.0,0.0,0.0,0.0,1.01,0.0,0.0,0.23,0.0,0.2,1.25,0.03,0.11,0.0,0.37,0.0,0.0,0.0,0.0,0.0,0.0,0.0,0.0,0.0,0.0,1.0,0.0,1.0,0.0,0.0,0.0,0.0,0.0,0.0,0.2766380793273076,22.75631780407371,19.22602402994446
10561,422.4,0.98,1,-0.046,0.271,0.079,0.006,0.03,0.0,0.09,0.0,0.0,0.0,1.07,0.0,0.0,0.22,0.0,0.11,1.28,0.0,0.11,0.0,0.33,0.09,0.0,0.0,0.0,0.0,0.0,0.0,0.0,0.0,0.0,1.0,0.0,1.0,0.0,0.0,0.0,0.0,0.0,0.0,0.23648019920189106,22.11831820008013,18.906612599828527
10562,422.44,0.98,1,-0.028,0.315,0.073,0.005,0.032,0.21,0.09,0.0,0.0,0.0,0.73,0.0,0.0,0.23,0.0,0.12,1.19,0.09,0.06,0.05,0.3,0.93,0.0,0.0,0.0,0.0,0.0,0.0,0.0,0.0,0.0,1.0,0.0,1.0,0.0,0.0,0.0,0.0,0.0,0.0,0.24119133248435598,20.220039564748674,21.30844902849567
10563,422.48,0.98,1,-0.056,0.439,0.06,-0.001,0.037,0.41,0.09,0.0,0.0,0.0,0.45,0.0,0.0,0.28,0.0,0.21,1.17,0.15,0.0,0.1,0.31,1.85,0.0,0.0,0.0,0.0,0.0,0.0,0.0,0.0,0.0,1.0,0.0,1.0,0.0,0.0,0.0,0.0,0.0,1.0,0.1810096409887711,17.25398504693906,20.303940504246906
10564,422.52,0.98,1,-0.054,0.447,0.062,-0.002,0.037,0.54,0.0,0.0,0.0,0.0,0.14,0.0,0.0,0.25,0.0,0.32,1.17,0.15,0.0,0.11,0.15,2.36,0.0,0.0,0.0,0.0,0.0,0.0,0.0,0.0,0.0,1.0,0.0,1.0,0.0,0.0,0.0,0.0,0.0,1.0,0.1771390028625327,19.051771571168775,20.611889772652976
10565,422.56,0.98,1,-0.059,0.425,0.053,0.004,0.037,0.4,0.0,0.0,0.0,0.0,0.54,0.0,0.0,0.2,0.0,0.33,1.3,0.06,0.0,0.05,0.15,1.93,0.0,0.0,0.0,0.0,0.0,0.0,0.0,0.0,0.0,1.0,0.0,1.0,0.0,0.0,0.0,0.0,0.0,1.0,0.17422783382104162,16.918628786045236,18.713097017864296
10566,422.6,0.98,1,-0.028,0.354,0.053,0.01,0.038,0.25,0.07,0.0,0.0,0.0,0.9,0.0,0.0,0.16,0.0,0.24,1.41,0.0,0.0,0.01,0.19,1.35,0.0,0.0,0.0,0.0,0.0,0.0,0.0,0.0,0.0,1.0,0.0,1.0,0.0,0.0,0.0,0.0,0.0,1.0,0.1839001136409541,17.634341496069446,18.122361876974118
10567,422.64,0.98,1,-0.021,0.327,0.059,0.003,0.036,0.15,0.07,0.0,0.0,0.0,1.4,0.0,0.0,0.19,0.0,0.14,1.48,0.0,0.0,0.03,0.29,0.8,0.0,0.0,0.0,0.0,0.0,0.0,0.0,0.0,0.0,1.0,0.0,1.0,0.0,0.0,0.0,0.0,0.0,1.0,0.20780042335003113,18.54561942885705,18.94465623863349
10568,422.68,0.98,1,-0.025,0.315,0.064,-0.002,0.037,0.09,0.07,0.0,0.0,0.0,1.6,0.0,0.0,0.24,0.0,0.07,1.51,0.0,0.0,0.05,0.24,0.39,0.0,0.0,0.0,0.0,0.0,0.0,0.0,0.0,0.0,1.0,0.0,1.0,0.0,0.0,0.0,0.0,0.0,1.0,0.2053070668413719,17.36490714055213,19.504102132628407
10569,422.72,0.98,1,-0.02,0.305,0.067,-0.004,0.035,0.08,0.05,0.0,0.0,0.0,1.88,0.0,0.0,0.28,0.01,0.05,1.49,0.0,0.0,0.05,0.17,0.05,0.0,0.0,0.0,0.0,0.0,0.0,0.0,0.0,0.0,1.0,0.0,1.0,0.0,0.0,0.0,0.0,0.0,1.0,0.2216321579415193,17.933767033169445,19.90226117806727
10570,422.76,0.98,1,-0.009,0.284,0.066,-0.001,0.032,0.06,0.05,0.0,0.0,0.0,1.81,0.0,0.0,0.28,0.01,0.06,1.42,0.0,0.0,0.02,0.16,0.0,0.0,0.0,0.0,0.0,0.0,0.0,0.0,0.0,0.0,1.0,0.0,1.0,0.0,0.0,0.0,0.0,0.0,0.0,0.24103790372718523,20.155892438689126,20.60024271701662
10571,422.8,0.98,1,-0.001,0.273,0.07,0.0,0.029,0.05,0.05,0.0,0.0,0.0,1.76,0.0,0.0,0.28,0.01,0.05,1.36,0.0,0.02,0.0,0.26,0.0,0.0,0.0,0.0,0.0,0.0,0.0,0.0,0.0,0.0,1.0,0.0,1.0,0.0,0.0,0.0,0.0,0.0,0.0,0.25260610983898635,20.524375751773793,20.700241544484495
10572,422.84,0.98,1,-0.005,0.28,0.069,0.004,0.028,0.01,0.0,0.0,0.0,0.0,1.76,0.0,0.0,0.3,0.0,0.05,1.32,0.0,0.02,0.0,0.35,0.0,0.0,0.0,0.0,0.0,0.0,0.0,0.0,0.0,0.0,1.0,0.0,1.0,0.0,0.0,0.0,0.0,0.0,0.0,0.24934785873011572,20.441379601191393,21.400233643584453
10573,422.88,0.98,1,-0.01,0.298,0.075,0.002,0.027,0.0,0.0,0.0,0.0,0.0,1.87,0.0,0.0,0.31,0.0,0.05,1.31,0.0,0.03,0.0,0.37,0.0,0.0,0.0,0.0,0.0,0.0,0.0,0.0,0.0,0.0,1.0,0.0,1.0,0.0,0.0,0.0,0.0,0.0,0.0,0.26211271116161017,20.00399960007998,21.900913222968445
10574,422.92,0.98,1,-0.001,0.283,0.072,0.005,0.028,0.0,0.0,0.0,0.0,0.0,1.95,0.0,0.0,0.3,0.0,0.04,1.33,0.05,0.02,0.0,0.41,0.0,0.0,0.0,0.0,0.0,0.0,0.0,0.0,0.0,0.0,1.0,0.0,1.0,0.0,0.0,0.0,0.0,0.0,0.0,0.2509128195077498,20.702173798903384,22.600884938426546
10575,422.96,0.98,1,-0.014,0.298,0.075,0.003,0.029,0.0,0.0,0.0,0.0,0.0,1.84,0.0,0.0,0.29,0.0,0.11,1.41,0.05,0.06,0.0,0.41,0.0,0.0,0.0,0.0,0.0,0.0,0.0,0.0,0.0,0.0,1.0,0.0,1.0,0.0,0.0,0.0,0.0,0.0,0.0,0.25416941883871735,21.000238093888363,22.500888871331284
10576,423.0,0.98,1,-0.012,0.305,0.082,0.004,0.029,0.0,0.0,0.0,0.0,0.0,1.77,0.0,0.0,0.3,0.0,0.11,1.52,0.07,0.1,0.0,0.43,0.0,0.0,0.0,0.0,0.0,0.0,0.0,0.0,0.0,0.0,1.0,0.0,1.0,0.0,0.0,0.0,0.0,0.0,0.0,0.2187976389262028,20.902152999153074,22.51421773013666
10577,423.04,0.98,1,-0.015,0.313,0.081,0.005,0.03,0.0,0.0,0.0,0.0,0.0,1.74,0.0,0.0,0.31,0.0,0.15,1.54,0.06,0.15,0.0,0.39,0.0,0.0,0.0,0.0,0.0,0.0,0.0,0.0,0.0,0.0,1.0,0.0,1.0,0.0,0.0,0.0,0.0,0.0,0.0,0.21079528336865683,21.203773249117763,22.70792813094145
10578,423.08,0.98,1,-0.013,0.308,0.079,0.003,0.032,0.0,0.0,0.0,0.0,0.0,1.73,0.0,0.0,0.32,0.0,0.08,1.47,0.11,0.15,0.0,0.29,0.0,0.0,0.0,0.0,0.0,0.0,0.0,0.0,0.0,0.0,1.0,0.0,1.0,0.0,0.0,0.0,0.0,0.0,0.0,0.22321492327859604,21.50581316760657,22.81403077055867
10579,423.12,0.98,1,-0.019,0.322,0.078,0.002,0.031,0.08,0.0,0.0,0.0,0.0,1.71,0.0,0.0,0.32,0.0,0.06,1.29,0.09,0.09,0.0,0.23,0.04,0.0,0.0,0.0,0.0,0.0,0.0,0.0,0.0,0.0,1.0,0.0,1.0,0.0,0.0,0.0,0.0,0.0,0.0,0.21168777994598978,20.208908926510652,22.60553029681025
10580,423.16,0.98,1,-0.038,0.313,0.067,0.002,0.033,0.08,0.0,0.0,0.0,0.0,1.6,0.0,0.0,0.35,0.0,0.04,1.21,0.05,0.03,0.0,0.16,0.04,0.0,0.0,0.0,0.0,0.0,0.0,0.0,0.0,0.0,1.0,0.0,1.0,0.0,0.0,0.0,0.0,0.0,0.0,0.2365390919643377,17.90251378996825,20.903827400741804
10581,423.2,0.98,1,-0.034,0.311,0.069,0.001,0.031,0.08,0.0,0.0,0.0,0.0,1.5,0.0,0.0,0.35,0.0,0.07,1.17,0.0,0.01,0.0,0.18,0.04,0.0,0.0,0.0,0.0,0.0,0.0,0.0,0.0,0.0,1.0,0.0,1.0,0.0,0.0,0.0,0.0,0.0,0.0,0.2286492073334369,18.904232330354052,19.801010075246342
10582,423.24,0.98,1,-0.037,0.318,0.066,0.003,0.031,0.0,0.0,0.0,0.0,0.0,1.43,0.0,0.0,0.38,0.0,0.07,1.25,0.0,0.02,0.0,0.2,0.04,0.0,0.0,0.0,0.0,0.0,0.0,0.0,0.0,0.0,1.0,0.0,1.0,0.0,0.0,0.0,0.0,0.0,1.0,0.2261591374929421,19.40644222932155,19.800000000000182
10583,423.28,0.98,1,-0.045,0.326,0.066,0.004,0.031,0.0,0.0,0.0,0.0,0.0,1.32,0.0,0.0,0.37,0.0,0.03,1.3,0.0,0.07,0.0,0.17,0.14,0.0,0.0,0.0,0.0,0.0,0.0,0.0,0.0,0.0,1.0,0.0,1.0,0.0,0.0,0.0,0.0,0.0,1.0,0.22603100211560068,19.10942175995905,20.106217943710984
10584,423.32,0.98,1,-0.05,0.341,0.066,0.006,0.03,0.0,0.0,0.0,0.0,0.0,1.39,0.0,0.02,0.41,0.0,0.02,1.35,0.0,0.08,0.0,0.17,0.15,0.0,0.0,0.0,0.0,0.0,0.0,0.0,0.0,0.0,1.0,0.0,1.0,0.0,0.0,0.0,0.0,0.0,1.0,0.2122730479512727,18.117670931993352,20.902152999153074
10585,423.36,0.98,1,-0.04,0.342,0.066,0.003,0.032,0.01,0.0,0.0,0.0,0.0,1.31,0.0,0.02,0.39,0.0,0.02,1.31,0.0,0.1,0.0,0.2,0.17,0.0,0.0,0.0,0.0,0.0,0.0,0.0,0.0,0.0,1.0,0.0,1.0,0.0,0.0,0.0,0.0,0.0,1.0,0.22040943195572188,18.30245885120353,21.200235847744757
10586,423.4,0.98,1,-0.05,0.333,0.062,0.005,0.031,0.05,0.0,0.0,0.0,0.0,1.41,0.0,0.02,0.4,0.02,0.05,1.32,0.0,0.05,0.0,0.17,0.14,0.0,0.0,0.0,0.0,0.0,0.0,0.0,0.0,0.0,1.0,0.0,1.0,0.0,0.0,0.0,0.0,0.0,1.0,0.21478034369258053,18.104419349981836,21.102132593650477
10587,423.44,0.98,1,-0.038,0.338,0.066,0.003,0.031,0.1,0.0,0.0,0.0,0.0,1.46,0.0,0.0,0.36,0.02,0.08,1.27,0.0,0.09,0.0,0.12,0.23,0.0,0.0,0.0,0.0,0.0,0.0,0.0,0.0,0.0,1.0,0.0,1.0,0.0,0.0,0.0,0.0,0.0,1.0,0.21840169196922687,18.30682932678399,21.400233643584453
10588,423.48,0.98,1,-0.054,0.339,0.065,0.005,0.03,0.16,0.0,0.0,0.0,0.0,1.56,0.0,0.0,0.38,0.02,0.1,1.28,0.0,0.08,0.0,0.08,0.22,0.0,0.0,0.0,0.0,0.0,0.0,0.0,0.0,0.0,1.0,0.0,1.0,0.0,0.0,0.0,0.0,0.0,1.0,0.21252822231792684,18.40679222461109,21.300000000000182
10589,423.52,0.98,1,-0.053,0.329,0.06,0.008,0.031,0.15,0.0,0.0,0.0,0.0,1.61,0.0,0.0,0.37,0.0,0.16,1.23,0.0,0.1,0.0,0.11,0.22,0.0,0.0,0.0,0.0,0.0,0.0,0.0,0.0,0.0,0.0,0.0,1.0,0.0,0.0,0.0,0.0,0.0,1.0,0.2081998869780649,18.909521411183174,21.300938946440787
10590,423.56,0.98,1,-0.054,0.335,0.063,0.007,0.03,0.16,0.0,0.0,0.0,0.0,1.66,0.0,0.0,0.38,0.0,0.13,1.27,0.0,0.05,0.0,0.12,0.24,0.0,0.0,0.0,0.0,0.0,0.0,0.0,0.0,0.0,1.0,0.0,1.0,0.0,0.0,0.0,0.0,0.0,1.0,0.20724724604957007,18.509727172489605,21.10023696549415
10591,423.6,0.98,1,-0.046,0.332,0.063,0.007,0.03,0.19,0.0,0.0,0.0,0.0,1.47,0.0,0.0,0.35,0.0,0.1,1.27,0.0,0.05,0.0,0.07,0.46,0.0,0.0,0.0,0.0,0.0,0.0,0.0,0.0,0.0,1.0,0.0,1.0,0.0,0.0,0.0,0.0,0.0,1.0,0.21265997201549874,18.717104476921687,21.30023474049049
10592,423.64,0.98,1,-0.055,0.337,0.063,0.007,0.03,0.32,0.0,0.0,0.0,0.0,1.02,0.0,0.0,0.36,0.0,0.12,1.27,0.0,0.03,0.0,0.16,1.2,0.0,0.0,0.0,0.0,0.0,0.0,0.0,0.0,0.0,1.0,0.0,1.0,0.0,0.0,0.0,0.0,0.0,1.0,0.2015329018604328,18.57794391206949,19.701015202268177
10593,423.68,0.98,1,-0.02,0.435,0.057,-0.002,0.033,0.45,0.0,0.0,0.0,0.0,0.43,0.0,0.0,0.35,0.0,0.25,1.29,0.0,0.03,0.04,0.27,1.87,0.0,0.0,0.0,0.0,0.0,0.0,0.0,0.0,0.0,1.0,0.0,1.0,0.0,0.0,0.0,0.0,0.0,1.0,0.1880096314701435,16.876018487783146,20.2121250738264
10594,423.72,0.98,1,-0.043,0.424,0.054,-0.001,0.035,0.45,0.0,0.0,0.0,0.0,0.3,0.0,0.0,0.33,0.0,0.31,1.29,0.0,0.0,0.04,0.43,2.15,0.0,0.0,0.0,0.0,0.0,0.0,0.0,0.0,0.0,1.0,0.0,1.0,0.0,0.0,0.0,0.0,0.0,1.0,0.18767181326065663,19.02235526952428,22.42231031807392
10595,423.76,0.98,1,-0.037,0.412,0.044,0.003,0.036,0.31,0.0,0.0,0.0,0.0,0.56,0.0,0.0,0.28,0.0,0.33,1.43,0.0,0.02,0.04,0.44,1.7,0.0,0.0,0.0,0.0,0.0,0.0,0.0,0.0,0.0,1.0,0.0,1.0,0.0,0.0,0.0,0.0,0.0,1.0,0.17445059717841388,15.845504094221763,21.305867736377408
10596,423.8,0.98,1,-0.045,0.352,0.052,0.004,0.039,0.14,0.0,0.0,0.0,0.0,1.2,0.0,0.05,0.29,0.0,0.28,1.57,0.0,0.05,0.0,0.45,1.08,0.0,0.0,0.0,0.0,0.0,0.0,0.0,0.0,0.0,1.0,0.0,1.0,0.0,0.0,0.0,0.0,0.0,1.0,0.193513507931742,18.959430371190045,19.636700333813636
10597,423.84,0.98,1,-0.034,0.334,0.06,0.002,0.039,0.04,0.0,0.0,0.0,0.0,1.59,0.0,0.05,0.32,0.0,0.29,1.75,0.0,0.14,0.0,0.37,0.54,0.0,0.0,0.0,0.0,0.0,0.0,0.0,0.0,0.0,1.0,0.0,1.0,0.0,0.0,0.0,0.0,0.0,1.0,0.17533192871337272,18.45318400710281,19.516403357176237
10598,423.88,0.98,1,-0.032,0.305,0.053,0.001,0.043,0.0,0.0,0.0,0.0,0.0,1.9,0.0,0.04,0.4,0.0,0.2,1.74,0.0,0.19,0.0,0.29,0.18,0.0,0.0,0.0,0.0,0.0,0.0,0.0,0.0,0.0,1.0,0.0,1.0,0.0,0.0,0.0,0.0,0.0,1.0,0.209421650616892,19.872845795205023,19.70228413154175
10599,423.92,0.98,1,-0.029,0.326,0.064,0.005,0.041,0.0,0.0,0.0,0.0,0.0,1.85,0.0,0.0,0.39,0.0,0.23,1.67,0.0,0.31,0.0,0.34,0.0,0.0,0.0,0.0,0.0,0.0,0.0,0.0,0.0,0.0,1.0,0.0,1.0,0.0,0.0,0.0,0.0,0.0,0.0,0.20418962515011801,19.93037882229045,21.000238093888363
10600,423.96,0.98,1,-0.035,0.32,0.059,0.004,0.043,0.0,0.0,0.0,0.0,0.0,1.76,0.0,0.0,0.4,0.0,0.15,1.53,0.0,0.34,0.04,0.32,0.0,0.0,0.0,0.0,0.0,0.0,0.0,0.0,0.0,0.0,1.0,0.0,1.0,0.0,0.0,0.0,0.0,0.0,0.0,0.2059571058348541,19.825236442473976,21.600925906080878
10601,424.0,0.98,1,-0.026,0.305,0.061,0.005,0.039,0.0,0.0,0.0,0.0,0.0,1.52,0.0,0.0,0.38,0.0,0.2,1.42,0.0,0.43,0.04,0.42,0.0,0.0,0.0,0.0,0.0,0.0,0.0,0.0,0.0,0.0,1.0,0.0,1.0,0.0,0.0,0.0,0.0,0.0,0.0,0.216912786111347,20.40392119177105,21.50209292138791
10602,424.04,0.98,1,-0.038,0.303,0.064,0.009,0.037,0.0,0.0,0.0,0.0,0.0,1.42,0.0,0.0,0.37,0.0,0.14,1.32,0.0,0.45,0.04,0.37,0.0,0.0,0.0,0.0,0.0,0.0,0.0,0.0,0.0,0.0,1.0,0.0,1.0,0.0,0.0,0.0,0.0,0.0,0.0,0.20789272632529238,21.40210270043563,21.902054698132638
10603,424.08,0.98,1,-0.022,0.281,0.06,0.004,0.038,0.0,0.0,0.0,0.0,0.0,1.43,0.0,0.0,0.35,0.0,0.24,1.35,0.0,0.53,0.01,0.39,0.0,0.0,0.0,0.0,0.0,0.0,0.0,0.0,0.0,0.0,1.0,0.0,1.0,0.0,0.0,0.0,0.0,0.0,0.0,0.22731911837035884,21.702073633641604,21.91848534912926
10604,424.12,0.98,1,-0.025,0.282,0.059,0.005,0.036,0.0,0.0,0.0,0.0,0.0,1.47,0.0,0.0,0.31,0.0,0.27,1.39,0.0,0.54,0.02,0.39,0.0,0.0,0.0,0.0,0.0,0.0,0.0,0.0,0.0,0.0,1.0,0.0,1.0,0.0,0.0,0.0,0.0,0.0,0.0,0.22662525133991074,22.000909072126998,21.31501817967787
10605,424.16,0.98,1,-0.023,0.272,0.063,0.005,0.034,0.0,0.0,0.0,0.0,0.0,1.47,0.0,0.0,0.31,0.0,0.39,1.43,0.0,0.56,0.02,0.37,0.0,0.0,0.0,0.0,0.0,0.0,0.0,0.0,0.0,0.0,1.0,0.0,1.0,0.0,0.0,0.0,0.0,0.0,0.0,0.23827385967172598,21.80091741188884,21.03425777154973
10606,424.2,0.98,1,-0.049,0.262,0.063,0.007,0.035,0.0,0.0,0.0,0.0,0.0,1.4,0.0,0.0,0.31,0.0,0.41,1.49,0.0,0.57,0.01,0.4,0.0,0.0,0.0,0.0,0.0,0.0,0.0,0.0,0.0,0.0,1.0,0.0,1.0,0.0,0.0,0.0,0.0,0.0,0.0,0.21994352904698383,22.20022522408257,19.91230775173974
10607,424.24,0.98,1,-0.031,0.273,0.064,0.005,0.035,0.0,0.0,0.0,0.0,0.0,1.54,0.0,0.0,0.35,0.0,0.43,1.51,0.0,0.61,0.0,0.24,0.0,0.0,0.0,0.0,0.0,0.0,0.0,0.0,0.0,0.0,1.0,0.0,1.0,0.0,0.0,0.0,0.0,0.0,0.0,0.23372962642760658,22.30089684295226,19.325889371514013
10608,424.28,0.98,1,-0.053,0.264,0.061,0.008,0.037,0.0,0.0,0.0,0.0,0.0,1.47,0.0,0.0,0.41,0.0,0.25,1.5,0.0,0.61,0.0,0.21,0.0,0.0,0.0,0.0,0.0,0.0,0.0,0.0,0.0,0.0,1.0,0.0,1.0,0.0,0.0,0.0,0.0,0.0,0.0,0.2179327334065279,22.600000000000136,20.519746587129188
10609,424.32,0.98,1,-0.033,0.277,0.062,0.005,0.037,0.0,0.0,0.0,0.0,0.0,1.58,0.0,0.0,0.44,0.0,0.15,1.46,0.0,0.61,0.0,0.11,0.0,0.0,0.0,0.0,0.0,0.0,0.0,0.0,0.0,0.0,1.0,0.0,1.0,0.0,0.0,0.0,0.0,0.0,0.0,0.23592334026208883,22.200000000000045,19.450449866262822
10610,424.36,0.98,1,-0.041,0.273,0.055,0.005,0.038,0.0,0.0,0.0,0.0,0.0,1.51,0.0,0.0,0.47,0.0,0.13,1.45,0.0,0.6,0.0,0.15,0.0,0.0,0.0,0.0,0.0,0.0,0.0,0.0,0.0,0.0,1.0,0.0,1.0,0.0,0.0,0.0,0.0,0.0,0.0,0.22400738360477732,22.000227271553356,20.524375751773793
10611,424.4,0.98,1,-0.035,0.262,0.054,0.002,0.039,0.0,0.0,0.0,0.0,0.0,1.53,0.0,0.0,0.45,0.0,0.21,1.51,0.0,0.58,0.0,0.09,0.0,0.0,0.0,0.0,0.0,0.0,0.0,0.0,0.0,0.0,1.0,0.0,1.0,0.0,0.0,0.0,0.0,0.0,0.0,0.2391426456281613,22.200225224082796,18.23951753747894
10612,424.44,0.98,1,-0.041,0.275,0.062,0.002,0.039,0.0,0.0,0.0,0.0,0.0,1.43,0.0,0.0,0.46,0.0,0.21,1.48,0.0,0.54,0.0,0.08,0.0,0.0,0.0,0.0,0.0,0.0,0.0,0.0,0.0,0.0,1.0,0.0,1.0,0.0,0.0,0.0,0.0,0.0,0.0,0.22866697751282944,22.302017845925917,19.216659439142944
10613,424.48,0.98,1,-0.039,0.261,0.057,0.001,0.04,0.0,0.0,0.0,0.0,0.0,1.4,0.0,0.0,0.49,0.0,0.16,1.55,0.0,0.52,0.0,0.07,0.0,0.0,0.0,0.0,0.0,0.0,0.0,0.0,0.0,0.0,1.0,0.0,1.0,0.0,0.0,0.0,0.0,0.0,0.0,0.23747713425524108,22.100904958847185,18.513238506539047
10614,424.52,0.98,1,-0.054,0.213,0.062,0.001,0.041,0.0,0.0,0.0,0.0,0.0,1.46,0.0,0.0,0.52,0.0,0.11,1.51,0.0,0.55,0.0,0.11,0.0,0.0,0.0,0.0,0.0,0.0,0.0,0.0,0.0,0.0,1.0,0.0,1.0,0.0,0.0,0.0,0.0,0.0,0.0,0.2621532495824349,22.50199991111901,19.306475597581425
10615,424.56,0.98,1,-0.072,0.209,0.06,0.001,0.041,0.0,0.0,0.0,0.0,0.0,1.56,0.0,0.0,0.51,0.0,0.09,1.46,0.0,0.52,0.02,0.25,0.0,0.0,0.0,0.0,0.0,0.0,0.0,0.0,0.0,0.0,1.0,0.0,1.0,0.0,0.0,0.0,0.0,0.0,0.0,0.2500300446269638,22.200900882621905,17.404597093871356
10616,424.6,0.98,1,-0.071,0.21,0.065,-0.0,0.038,0.0,0.0,0.0,0.0,0.0,1.53,0.0,0.0,0.44,0.0,0.2,1.25,0.0,0.47,0.14,0.56,0.0,0.0,0.0,0.0,0.0,0.0,0.0,0.0,0.0,0.0,1.0,0.0,1.0,0.0,0.0,0.0,0.0,0.0,0.0,0.25613925396980286,21.8146739604331,17.20726590716845
10617,424.64,0.98,1,-0.07,0.216,0.069,0.0,0.038,0.0,0.0,0.0,0.0,0.0,1.4,0.0,0.0,0.34,0.0,0.36,1.18,0.0,0.44,0.2,0.74,0.0,0.0,0.0,0.0,0.0,0.0,0.0,0.0,0.0,0.0,1.0,0.0,1.0,0.0,0.0,0.0,0.0,0.0,0.0,0.2600510268797772,22.41093483101506,17.407182425653936
10618,424.68,0.98,1,-0.065,0.219,0.07,0.001,0.037,0.0,0.0,0.0,0.12,0.0,1.27,0.0,0.0,0.26,0.05,0.5,1.12,0.0,0.49,0.2,0.88,0.0,0.0,0.0,0.0,0.0,0.0,0.0,0.0,0.0,0.0,1.0,0.0,1.0,0.0,0.0,0.0,0.0,0.0,0.0,0.26324156069738597,22.40803427344764,17.00264685276972
10619,424.72,0.98,1,-0.068,0.219,0.075,0.003,0.037,0.0,0.0,0.0,0.12,0.0,1.12,0.0,0.0,0.2,0.05,0.56,1.2,0.0,0.61,0.08,0.88,0.0,0.0,0.0,0.0,0.0,0.0,0.0,0.0,0.0,0.0,1.0,0.0,1.0,0.0,0.0,0.0,0.0,0.0,0.0,0.27106658786307736,22.011133546457803,17.10263137648698
10620,424.76,0.98,1,-0.062,0.221,0.087,0.001,0.034,0.0,0.0,0.0,0.12,0.0,1.06,0.0,0.0,0.18,0.05,0.44,1.19,0.0,0.71,0.02,0.99,0.0,0.0,0.0,0.0,0.0,0.0,0.0,0.0,0.0,0.0,1.0,0.0,1.0,0.0,0.0,0.0,0.0,0.0,0.0,0.27908700450074164,21.508370463612533,17.20116275139566
10621,424.8,0.98,1,-0.065,0.226,0.093,0.002,0.033,0.0,0.0,0.0,0.0,0.0,0.87,0.0,0.0,0.14,0.0,0.48,1.24,0.0,0.83,0.0,0.96,0.0,0.0,0.0,0.0,1.0,0.0,0.0,0.0,0.0,0.0,1.0,0.0,1.0,0.0,0.0,0.0,0.0,0.0,0.0,0.27641251745213125,21.30586773637718,17.00117642988273
10622,424.84,0.98,1,-0.066,0.217,0.089,-0.001,0.037,0.0,0.0,0.0,0.0,0.0,1.02,0.0,0.0,0.15,0.0,0.44,1.32,0.0,0.83,0.0,0.8,0.0,0.0,0.0,0.0,1.0,0.0,0.0,0.0,0.0,0.0,1.0,0.0,1.0,0.0,0.0,0.0,0.0,0.0,0.0,0.28528548912100626,21.614809737769985,17.202616080119952
10623,424.88,0.98,1,-0.059,0.2,0.08,-0.002,0.041,0.0,0.0,0.0,0.0,0.0,1.13,0.0,0.0,0.17,0.0,0.5,1.36,0.0,0.79,0.0,0.54,0.0,0.0,0.0,0.0,1.0,0.0,0.0,0.0,0.0,0.0,1.0,0.0,1.0,0.0,0.0,0.0,0.0,0.0,0.0,0.2781920204623709,21.700230413523308,17.201162751395433
10624,424.92,0.98,1,-0.053,0.196,0.075,-0.002,0.041,0.0,0.0,0.0,0.16,0.0,1.3,0.0,0.0,0.23,0.0,0.35,1.41,0.0,0.73,0.0,0.31,0.0,0.0,0.0,0.0,1.0,0.0,0.0,0.0,0.0,0.0,0.0,0.0,1.0,0.0,0.0,0.0,0.0,0.0,0.0,0.2984054350433788,21.614809737770212,17.310401497365635
10625,424.96,0.98,1,-0.058,0.184,0.072,0.001,0.042,0.0,0.0,0.0,0.23,0.0,1.31,0.0,0.0,0.29,0.0,0.26,1.27,0.0,0.73,0.0,0.24,0.0,0.0,0.0,0.0,1.0,0.0,0.0,0.0,0.0,0.0,0.0,0.0,1.0,0.0,0.0,0.0,0.0,0.0,0.0,0.27520902676007153,21.5,17.30260096054921
10626,425.0,0.98,1,-0.056,0.195,0.069,-0.003,0.041,0.0,0.0,0.0,0.38,0.0,1.29,0.0,0.0,0.35,0.0,0.26,1.23,0.0,0.81,0.0,0.31,0.0,0.0,0.0,0.0,1.0,0.0,0.0,0.0,0.0,0.0,0.0,0.0,1.0,0.0,0.0,0.0,0.0,0.0,0.0,0.3152268991108457,22.337860237721916,17.02380685980665
10627,425.04,0.98,1,-0.068,0.196,0.067,0.001,0.041,0.0,0.0,0.0,0.34,0.0,1.25,0.0,0.0,0.37,0.0,0.3,1.24,0.01,0.86,0.0,0.39,0.0,0.0,0.0,0.0,1.0,0.0,0.0,0.0,0.0,0.0,0.0,0.0,1.0,0.0,0.0,0.0,0.0,0.0,0.0,0.2742082038330265,23.107790893981964,17.510282693320512
10628,425.08,0.98,1,-0.053,0.185,0.069,-0.004,0.04,0.0,0.0,0.0,0.27,0.0,1.06,0.0,0.0,0.38,0.0,0.36,1.36,0.01,0.94,0.0,0.56,0.0,0.0,0.0,0.0,1.0,0.0,0.0,0.0,0.0,0.0,0.0,0.0,1.0,0.0,0.0,0.0,0.0,0.0,0.0,0.3313350648504275,22.457070156188976,17.018813119603845
10629,425.12,0.98,1,-0.076,0.196,0.063,0.0,0.041,0.0,0.0,0.0,0.22,0.0,0.95,0.0,0.0,0.35,0.0,0.31,1.43,0.01,0.92,0.0,0.54,0.0,0.0,0.0,0.0,1.0,0.0,0.0,0.0,0.0,0.0,0.0,0.0,1.0,0.0,0.0,0.0,0.0,0.0,0.0,0.2752362808408816,23.413671220037326,17.61391495380867
10630,425.16,0.98,1,-0.061,0.195,0.066,-0.0,0.04,0.0,0.0,0.0,0.16,0.0,0.96,0.0,0.0,0.33,0.0,0.3,1.41,0.0,0.93,0.0,0.54,0.0,0.0,0.0,0.0,0.0,0.0,0.0,0.0,0.0,0.0,0.0,0.0,1.0,0.0,0.0,0.0,0.0,0.0,0.0,0.3013846124488503,22.537524265100636,17.210461934532773
10631,425.2,0.98,1,-0.074,0.192,0.061,-0.0,0.041,0.0,0.0,0.0,0.27,0.0,1.0,0.0,0.0,0.27,0.0,0.19,1.35,0.0,0.85,0.0,0.46,0.0,0.0,0.0,0.0,0.0,0.0,0.0,0.0,0.0,0.0,0.0,0.0,1.0,0.0,0.0,0.0,0.0,0.0,0.0,0.2786970462944639,23.807561823924722,17.707060738586787
10632,425.24,0.98,1,-0.06,0.174,0.059,-0.006,0.042,0.0,0.0,0.0,0.25,0.0,1.09,0.0,0.0,0.27,0.0,0.24,1.36,0.0,0.85,0.0,0.52,0.0,0.0,0.0,0.0,0.0,0.0,0.0,0.0,0.0,0.0,0.0,0.0,1.0,0.0,0.0,0.0,0.0,0.0,0.0,0.3475963198781595,22.949074055394778,16.92394753005347
10633,425.28,0.98,1,-0.072,0.193,0.058,-0.001,0.041,0.0,0.0,0.0,0.2,0.0,0.96,0.0,0.0,0.31,0.0,0.29,1.44,0.01,0.8,0.0,0.59,0.0,0.0,0.0,0.0,0.0,0.0,0.0,0.0,0.0,0.0,0.0,0.0,1.0,0.0,0.0,0.0,0.0,0.0,0.0,0.2830222998131765,23.521266972678152,17.407182425654163
10634,425.32,0.98,1,-0.055,0.178,0.059,-0.005,0.04,0.0,0.0,0.0,0.26,0.0,0.92,0.0,0.0,0.36,0.0,0.38,1.49,0.01,0.82,0.0,0.56,0.0,0.0,0.0,0.0,0.0,0.0,0.0,0.0,0.0,0.0,0.0,0.0,1.0,0.0,0.0,0.0,0.0,0.0,0.0,0.347145625515314,22.837031330713668,17.12366783139654
10635,425.36,0.98,1,-0.073,0.185,0.058,-0.0,0.04,0.0,0.0,0.0,0.21,0.0,0.85,0.0,0.0,0.37,0.0,0.33,1.51,0.01,0.76,0.0,0.55,0.0,0.0,0.0,0.0,0.0,0.0,0.0,0.0,0.0,0.0,0.0,0.0,1.0,0.0,0.0,0.0,0.0,0.0,0.0,0.27956178080324867,23.80189068120448,17.604544867732447
10636,425.4,0.98,1,-0.052,0.174,0.059,-0.005,0.039,0.0,0.0,0.0,0.21,0.0,0.86,0.0,0.0,0.35,0.0,0.31,1.51,0.0,0.72,0.0,0.48,0.0,0.0,0.0,0.0,0.0,0.0,0.0,0.0,0.0,0.0,0.0,0.0,1.0,0.0,0.0,0.0,0.0,0.0,0.0,0.3577806654625314,22.93686988235326,17.02380685980665
10637,425.44,0.98,1,-0.028,0.211,0.052,-0.003,0.04,0.07,0.05,0.0,0.04,0.0,0.76,0.0,0.0,0.34,0.0,0.22,1.6,0.0,0.57,0.0,0.54,0.58,0.0,0.0,0.0,0.0,0.0,0.0,0.0,0.0,0.0,0.0,0.0,1.0,0.0,0.0,0.0,0.0,0.0,0.0,0.3067045662134404,23.15534495532286,23.269722817429567
10638,425.48,0.98,1,-0.033,0.396,0.044,-0.003,0.042,0.13,0.05,0.0,0.0,0.0,0.55,0.0,0.0,0.31,0.0,0.21,1.58,0.0,0.38,0.02,0.56,1.36,0.0,0.0,0.0,0.0,0.0,0.0,0.0,0.0,0.0,1.0,0.0,1.0,0.0,0.0,0.0,0.0,0.0,1.0,0.18811937691746758,18.339302058693693,19.816155025634977
10639,425.52,0.98,1,-0.043,0.419,0.036,-0.005,0.045,0.13,0.05,0.0,0.0,0.0,0.8,0.0,0.0,0.3,0.0,0.11,1.58,0.0,0.27,0.02,0.57,1.61,0.0,0.0,0.0,0.0,0.0,0.0,0.0,0.0,0.0,1.0,0.0,1.0,0.0,0.0,0.0,0.0,0.0,1.0,0.17000219175718284,17.141761869772903,20.203960007879687
10640,425.56,0.98,1,-0.04,0.313,0.046,-0.003,0.043,0.06,0.0,0.0,0.0,0.0,1.23,0.0,0.01,0.35,0.0,0.1,1.58,0.0,0.3,0.02,0.57,1.03,0.0,0.0,0.0,0.0,0.0,0.0,0.0,0.0,0.0,1.0,0.0,1.0,0.0,0.0,0.0,0.0,0.0,1.0,0.1901114659594356,16.667633305301536,18.73846311734241
10641,425.6,0.98,1,-0.051,0.293,0.056,0.002,0.043,0.0,0.0,0.0,0.0,0.0,1.65,0.0,0.01,0.43,0.0,0.04,1.55,0.0,0.47,0.0,0.6,0.25,0.0,0.0,0.0,0.0,0.0,0.0,0.0,0.0,0.0,1.0,0.0,1.0,0.0,0.0,0.0,0.0,0.0,1.0,0.19181564964918996,17.241809649801883,19.200260414900445
10642,425.64,0.98,1,-0.032,0.267,0.056,0.004,0.044,0.0,0.0,0.0,0.0,0.0,1.83,0.0,0.01,0.52,0.0,0.06,1.43,0.0,0.55,0.0,0.57,0.0,0.0,0.0,0.0,0.0,0.0,0.0,0.0,0.0,0.0,1.0,0.0,1.0,0.0,0.0,0.0,0.0,0.0,0.0,0.2281288227037738,20.54774926847221,21.70575960430784
10643,425.68,0.98,1,-0.044,0.229,0.059,0.005,0.042,0.0,0.0,0.0,0.0,0.0,1.86,0.0,0.0,0.52,0.0,0.04,1.23,0.0,0.58,0.0,0.49,0.0,0.0,0.0,0.0,0.0,0.0,0.0,0.0,0.0,0.0,1.0,0.0,1.0,0.0,0.0,0.0,0.0,0.0,0.0,0.23568150693021372,22.299999999999955,22.138202275704455
10644,425.72,0.98,1,-0.051,0.226,0.058,0.006,0.04,0.0,0.0,0.0,0.0,0.0,1.92,0.0,0.0,0.49,0.0,0.06,1.12,0.0,0.58,0.07,0.49,0.0,0.0,0.0,0.0,0.0,0.0,0.0,0.0,0.0,0.0,1.0,0.0,1.0,0.0,0.0,0.0,0.0,0.0,0.0,0.24414279539308228,23.005434140654682,21.83300254202335
10645,425.76,0.98,1,-0.069,0.212,0.062,0.007,0.038,0.0,0.0,0.0,0.0,0.0,1.79,0.0,0.0,0.48,0.0,0.05,1.06,0.0,0.57,0.12,0.61,0.0,0.0,0.0,0.0,0.0,0.0,0.0,0.0,0.0,0.0,1.0,0.0,1.0,0.0,0.0,0.0,0.0,0.0,0.0,0.24765155757280055,22.907858913482162,19.91230775173997
10646,425.8,0.98,1,-0.082,0.205,0.065,0.005,0.037,0.0,0.0,0.0,0.05,0.0,1.76,0.0,0.0,0.48,0.0,0.08,1.11,0.0,0.56,0.17,0.71,0.0,0.0,0.0,0.0,0.0,0.0,0.0,0.0,0.0,0.0,1.0,0.0,1.0,0.0,0.0,0.0,0.0,0.0,0.0,0.2551592297782164,22.614154859291023,17.906981878585885
10647,425.84,0.98,1,-0.077,0.207,0.066,0.005,0.038,0.0,0.0,0.0,0.05,0.0,1.86,0.0,0.0,0.47,0.0,0.14,1.13,0.0,0.53,0.1,0.74,0.0,0.0,0.0,0.0,0.0,0.0,0.0,0.0,0.0,0.0,1.0,0.0,1.0,0.0,0.0,0.0,0.0,0.0,0.0,0.26037324035303683,22.80789337049781,17.906981878585885
10648,425.88,0.98,1,-0.076,0.203,0.07,0.004,0.036,0.0,0.0,0.0,0.05,0.0,1.92,0.0,0.0,0.45,0.0,0.19,1.23,0.0,0.5,0.09,0.74,0.0,0.0,0.0,0.0,0.0,0.0,0.0,0.0,0.0,0.0,1.0,0.0,1.0,0.0,0.0,0.0,0.0,0.0,0.0,0.2655472773996934,22.414281161795135,17.810109488714502
10649,425.92,0.98,1,-0.072,0.207,0.071,0.004,0.035,0.0,0.0,0.0,0.0,0.0,1.82,0.0,0.0,0.46,0.0,0.18,1.19,0.0,0.45,0.07,0.76,0.0,0.0,0.0,0.0,0.0,0.0,0.0,0.0,0.0,0.0,1.0,0.0,1.0,0.0,0.0,0.0,0.0,0.0,0.0,0.2681406465805345,22.71079038695047,17.414074767268087
10650,425.96,0.98,1,-0.068,0.203,0.074,0.003,0.035,0.0,0.0,0.0,0.0,0.0,1.74,0.0,0.0,0.49,0.0,0.15,1.22,0.0,0.42,0.07,0.71,0.0,0.0,0.0,0.0,0.0,0.0,0.0,0.0,0.0,0.0,1.0,0.0,1.0,0.0,0.0,0.0,0.0,0.0,0.0,0.28315332463272835,22.41807306616704,17.513994404475522
10651,426.0,0.98,1,-0.075,0.197,0.073,0.001,0.035,0.0,0.0,0.0,0.0,0.0,1.69,0.0,0.0,0.51,0.0,0.12,1.18,0.0,0.4,0.04,0.59,0.0,0.0,0.0,0.0,0.0,0.0,0.0,0.0,0.0,0.0,1.0,0.0,1.0,0.0,0.0,0.0,0.0,0.0,0.0,0.27966668664192956,22.522211259110417,17.60710084028591
10652,426.04,0.98,1,-0.07,0.202,0.075,0.002,0.033,0.0,0.01,0.0,0.0,0.0,1.72,0.0,0.02,0.52,0.0,0.14,1.19,0.0,0.35,0.05,0.42,0.0,0.0,0.0,0.0,0.0,0.0,0.0,0.0,0.0,0.0,1.0,0.0,1.0,0.0,0.0,0.0,0.0,0.0,0.0,0.28548337199777957,21.62313575779438,17.314156057977712
10653,426.08,0.98,1,-0.075,0.313,0.073,0.009,0.032,0.11,0.01,0.0,0.0,0.0,1.46,0.0,0.02,0.51,0.0,0.09,1.04,0.0,0.22,0.12,0.38,0.04,0.0,0.0,0.0,0.0,0.0,0.0,0.0,0.0,0.0,1.0,0.0,1.0,0.0,0.0,0.0,0.0,0.0,0.0,0.19674234351159084,21.200235847744757,23.421357774475933
10654,426.12,0.98,1,-0.074,0.327,0.066,0.008,0.034,0.24,0.02,0.0,0.0,0.0,1.3,0.0,0.02,0.49,0.0,0.05,1.0,0.0,0.1,0.21,0.46,0.16,0.0,0.0,0.0,0.0,0.0,0.0,0.0,0.0,0.0,1.0,0.0,1.0,0.0,0.0,0.0,0.0,0.0,0.0,0.21981722881219115,21.33963448609202,20.10895322984258
10655,426.16,0.98,1,-0.066,0.341,0.065,0.009,0.033,0.33,0.01,0.0,0.0,0.0,1.21,0.0,0.0,0.47,0.0,0.0,0.96,0.0,0.0,0.25,0.6,0.23,0.0,0.0,0.0,0.0,0.0,0.0,0.0,0.0,0.0,1.0,0.0,1.0,0.0,0.0,0.0,0.0,0.0,1.0,0.1938616368053443,21.140009460735726,19.901004999747993
10656,426.2,0.98,1,-0.072,0.332,0.06,0.01,0.033,0.3,0.02,0.0,0.0,0.0,1.2,0.0,0.0,0.44,0.0,0.0,1.03,0.0,0.0,0.27,0.61,0.24,0.0,0.0,0.0,0.0,0.0,0.0,0.0,0.0,0.0,1.0,0.0,1.0,0.0,0.0,0.0,0.0,0.0,1.0,0.2076125643836667,21.219095173922987,20.603883129157868
10657,426.24,0.98,1,-0.075,0.337,0.065,0.01,0.031,0.28,0.01,0.0,0.0,0.0,1.07,0.0,0.0,0.4,0.0,0.0,1.07,0.0,0.04,0.25,0.53,0.15,0.0,0.0,0.0,0.0,0.0,0.0,0.0,0.0,0.0,1.0,0.0,1.0,0.0,0.0,0.0,0.0,0.0,1.0,0.204743956910773,20.928927349484578,20.212125073826396
10658,426.28,0.98,1,-0.071,0.333,0.065,0.012,0.031,0.28,0.01,0.0,0.0,0.0,1.04,0.0,0.0,0.33,0.0,0.0,1.13,0.0,0.07,0.27,0.38,0.15,0.0,0.0,0.0,0.0,0.0,0.0,0.0,0.0,0.0,1.0,0.0,1.0,0.0,0.0,0.0,0.0,0.0,1.0,0.20483818113842478,21.028789789238942,20.706037766796474
10659,426.32,0.98,1,-0.074,0.336,0.068,0.01,0.031,0.28,0.0,0.0,0.0,0.0,1.15,0.0,0.0,0.3,0.0,0.0,1.14,0.0,0.11,0.21,0.3,0.18,0.0,0.0,0.0,0.0,0.0,0.0,0.0,0.0,0.0,1.0,0.0,1.0,0.0,0.0,0.0,0.0,0.0,1.0,0.21127848155754292,20.529490982486635,20.006249023742555
10660,426.36,0.98,1,-0.071,0.331,0.065,0.012,0.033,0.3,0.0,0.0,0.0,0.0,1.32,0.0,0.0,0.28,0.0,0.0,1.16,0.0,0.08,0.13,0.23,0.18,0.0,0.0,0.0,0.0,0.0,0.0,0.0,0.0,0.0,1.0,0.0,1.0,0.0,0.0,0.0,0.0,0.0,1.0,0.20722038887783562,20.819462048765768,19.804039991880398
10661,426.4,0.98,1,-0.073,0.34,0.067,0.009,0.033,0.34,0.0,0.0,0.0,0.0,1.33,0.0,0.0,0.31,0.0,0.0,1.1,0.0,0.06,0.04,0.25,0.17,0.0,0.0,0.0,0.0,0.0,0.0,0.0,0.0,0.0,1.0,0.0,1.0,0.0,0.0,0.0,0.0,0.0,1.0,0.20815401761263408,20.724140512938092,19.412624758131077
10662,426.44,0.98,1,-0.075,0.346,0.074,0.009,0.032,0.41,0.0,0.0,0.0,0.0,1.29,0.0,0.0,0.32,0.0,0.0,1.04,0.0,0.05,0.01,0.31,0.21,0.0,0.0,0.0,0.0,0.0,0.0,0.0,0.0,0.0,1.0,0.0,1.0,0.0,0.0,0.0,0.0,0.0,1.0,0.20794051580974593,21.123683390923947,19.30414463269477
10663,426.48,0.98,1,-0.081,0.338,0.07,0.013,0.033,0.42,0.0,0.0,0.0,0.0,1.37,0.0,0.0,0.34,0.0,0.0,1.04,0.0,0.03,0.0,0.38,0.23,0.0,0.0,0.0,0.0,0.0,0.0,0.0,0.0,0.0,1.0,0.0,1.0,0.0,0.0,0.0,0.0,0.0,1.0,0.20743556559836251,21.140009460735726,19.201041638411
10664,426.52,0.98,1,-0.083,0.346,0.076,0.01,0.033,0.46,0.0,0.0,0.0,0.0,1.47,0.0,0.0,0.32,0.0,0.0,1.08,0.0,0.04,0.0,0.35,0.23,0.0,0.0,0.0,0.0,0.0,0.0,0.0,0.0,0.0,1.0,0.0,1.0,0.0,0.0,0.0,0.0,0.0,1.0,0.21206737269763937,21.123683390923947,19.00236827345476
10665,426.56,0.98,1,-0.083,0.345,0.074,0.01,0.032,0.46,0.0,0.0,0.0,0.0,1.61,0.0,0.0,0.33,0.0,0.0,1.13,0.0,0.03,0.0,0.28,0.15,0.0,0.0,0.0,0.0,0.0,0.0,0.0,0.0,0.0,1.0,0.0,1.0,0.0,0.0,0.0,0.0,0.0,1.0,0.21154688367721136,21.11516043036368,18.706683297688066
10666,426.6,0.98,1,-0.087,0.339,0.072,0.01,0.033,0.43,0.01,0.0,0.0,0.0,1.54,0.0,0.0,0.32,0.0,0.0,1.11,0.0,0.09,0.0,0.28,0.26,0.0,0.0,0.0,0.0,0.0,0.0,0.0,0.0,0.0,1.0,0.0,1.0,0.0,0.0,0.0,0.0,0.0,1.0,0.21238056777943976,21.614809737769985,18.409780009549365
10667,426.64,0.98,1,-0.099,0.334,0.066,0.014,0.032,0.36,0.06,0.0,0.0,0.0,1.46,0.0,0.0,0.34,0.0,0.0,1.11,0.0,0.12,0.0,0.39,0.41,0.0,0.0,0.0,0.0,0.0,0.0,0.0,0.0,0.0,1.0,0.0,1.0,0.0,0.0,0.0,0.0,0.0,1.0,0.20293732512312743,21.639085008382537,18.517289218457435
10668,426.68,0.98,1,-0.101,0.353,0.071,0.013,0.031,0.26,0.08,0.0,0.0,0.0,1.17,0.0,0.0,0.34,0.0,0.0,1.09,0.0,0.15,0.0,0.47,0.59,0.0,0.0,0.0,0.0,0.0,0.0,0.0,0.0,0.0,1.0,0.0,1.0,0.0,0.0,0.0,0.0,0.0,1.0,0.19233064619660573,20.74728897952698,17.9011172835665
10669,426.72,0.98,1,-0.104,0.344,0.068,0.015,0.032,0.27,0.14,0.0,0.0,0.0,0.97,0.0,0.0,0.36,0.0,0.05,1.1,0.0,0.11,0.0,0.49,0.6,0.0,0.0,0.0,0.0,0.0,0.0,0.0,0.0,0.0,1.0,0.0,1.0,0.0,0.0,0.0,0.0,0.0,1.0,0.1989665366139372,21.028789789238942,18.506755523321747
10670,426.76,0.98,1,-0.106,0.352,0.068,0.011,0.034,0.28,0.1,0.0,0.0,0.0,0.91,0.0,0.0,0.35,0.0,0.05,1.07,0.0,0.11,0.0,0.37,0.62,0.0,0.0,0.0,0.0,0.0,0.0,0.0,0.0,0.0,1.0,0.0,1.0,0.0,0.0,0.0,0.0,0.0,1.0,0.2036844414446274,19.942417105255917,18.30682932678399
10671,426.8,0.98,1,-0.095,0.359,0.073,0.013,0.031,0.33,0.16,0.0,0.0,0.0,1.09,0.0,0.0,0.33,0.0,0.04,1.13,0.01,0.07,0.03,0.38,0.57,0.0,0.0,0.0,0.0,0.0,0.0,0.0,0.0,0.0,1.0,0.0,1.0,0.0,0.0,0.0,0.0,0.0,1.0,0.1943798996794897,20.3796467094012,18.304371062672388
10672,426.84,0.98,1,-0.107,0.356,0.067,0.011,0.032,0.38,0.15,0.0,0.0,0.0,1.28,0.0,0.0,0.3,0.0,0.0,1.17,0.01,0.08,0.04,0.4,0.59,0.0,0.0,0.0,0.0,0.0,0.0,0.0,0.0,0.0,1.0,0.0,1.0,0.0,0.0,0.0,0.0,0.0,1.0,0.19990039605973864,19.620652384668468,18.509727172489605
10673,426.88,0.98,1,-0.106,0.359,0.07,0.012,0.031,0.4,0.18,0.0,0.0,0.0,1.21,0.0,0.0,0.29,0.0,0.0,1.22,0.01,0.06,0.09,0.52,0.51,0.0,0.0,0.0,0.0,0.0,0.0,0.0,0.0,0.0,1.0,0.0,1.0,0.0,0.0,0.0,0.0,0.0,1.0,0.19454522757688264,20.662042493422483,18.40434731252361
10674,426.92,0.98,1,-0.103,0.348,0.066,0.012,0.034,0.35,0.11,0.0,0.0,0.0,1.19,0.0,0.0,0.29,0.0,0.0,1.2,0.0,0.05,0.06,0.52,0.53,0.0,0.0,0.0,0.0,0.0,0.0,0.0,0.0,0.0,1.0,0.0,1.0,0.0,0.0,0.0,0.0,0.0,1.0,0.20099218727280618,20.435263639111774,18.21345656376081
10675,426.96,0.98,1,-0.105,0.364,0.073,0.011,0.031,0.25,0.04,0.0,0.0,0.0,1.29,0.0,0.0,0.3,0.0,0.0,1.19,0.0,0.09,0.05,0.48,0.61,0.0,0.0,0.0,0.0,0.0,0.0,0.0,0.0,0.0,1.0,0.0,1.0,0.0,0.0,0.0,0.0,0.0,1.0,0.2008032787023762,19.231484602078776,18.606719216455023
10676,427.0,0.98,1,-0.116,0.35,0.068,0.017,0.031,0.13,0.04,0.0,0.0,0.0,1.41,0.0,0.0,0.33,0.0,0.0,1.2,0.0,0.09,0.03,0.42,0.69,0.0,0.0,0.0,0.0,0.0,0.0,0.0,0.0,0.0,1.0,0.0,1.0,0.0,0.0,0.0,0.0,0.0,1.0,0.1968820901147108,20.424495097798715,18.800265955565582
10677,427.04,0.98,1,-0.122,0.358,0.069,0.011,0.032,0.13,0.04,0.0,0.0,0.0,1.59,0.0,0.0,0.33,0.0,0.0,1.2,0.0,0.13,0.07,0.37,0.73,0.0,0.0,0.0,0.0,0.0,0.0,0.0,0.0,0.0,1.0,0.0,1.0,0.0,0.0,0.0,0.0,0.0,1.0,0.20742020841634534,18.931983519959115,18.601075237738414
10678,427.08,0.98,1,-0.105,0.352,0.068,0.014,0.031,0.15,0.04,0.0,0.0,0.0,1.53,0.0,0.0,0.33,0.0,0.0,1.2,0.0,0.09,0.07,0.35,0.71,0.0,0.0,0.0,0.0,0.0,0.0,0.0,0.0,0.0,1.0,0.0,1.0,0.0,0.0,0.0,0.0,0.0,1.0,0.19412924196442705,19.431160541769078,18.600268815261693
10679,427.12,0.98,1,-0.118,0.358,0.069,0.013,0.031,0.25,0.0,0.0,0.0,0.0,1.56,0.0,0.0,0.34,0.0,0.01,1.22,0.0,0.06,0.03,0.31,0.83,0.0,0.0,0.0,0.0,0.0,0.0,0.0,0.0,0.0,1.0,0.0,1.0,0.0,0.0,0.0,0.0,0.0,1.0,0.20038687983135667,18.421997720116973,18.301092863542284
10680,427.16,0.98,1,-0.11,0.377,0.071,0.014,0.031,0.31,0.04,0.0,0.0,0.0,1.45,0.0,0.0,0.34,0.0,0.01,1.28,0.0,0.05,0.0,0.28,0.94,0.0,0.0,0.0,0.0,0.0,0.0,0.0,0.0,0.0,1.0,0.0,1.0,0.0,0.0,0.0,0.0,0.0,1.0,0.18860699292806743,17.328877632437667,17.704519197086196
10681,427.2,0.98,1,-0.109,0.383,0.072,0.012,0.032,0.38,0.07,0.0,0.0,0.0,1.51,0.0,0.0,0.37,0.0,0.02,1.33,0.0,0.03,0.0,0.27,0.99,0.0,0.0,0.0,0.0,0.0,0.0,0.0,0.0,0.0,1.0,0.0,1.0,0.0,0.0,0.0,0.0,0.0,1.0,0.1878971146943035,16.85022255045904,17.41034175425615
10682,427.24,0.98,1,-0.102,0.382,0.072,0.011,0.033,0.28,0.07,0.0,0.0,0.0,1.54,0.0,0.0,0.38,0.04,0.01,1.31,0.0,0.03,0.0,0.26,0.88,0.0,0.0,0.0,0.0,0.0,0.0,0.0,0.0,0.0,1.0,0.0,1.0,0.0,0.0,0.0,0.0,0.0,1.0,0.19080226887315005,16.436848846418314,17.602556632489406
10683,427.28,0.98,1,-0.104,0.371,0.067,0.01,0.033,0.23,0.03,0.0,0.0,0.0,1.51,0.0,0.0,0.4,0.11,0.01,1.23,0.0,0.03,0.0,0.24,0.84,0.0,0.0,0.0,0.0,0.0,0.0,0.0,0.0,0.0,1.0,0.0,1.0,0.0,0.0,0.0,0.0,0.0,1.0,0.19084928775397195,16.71077496706845,17.30462365958874
10684,427.32,0.98,1,-0.106,0.379,0.069,0.011,0.034,0.15,0.0,0.0,0.0,0.0,1.58,0.0,0.0,0.41,0.12,0.0,1.15,0.0,0.04,0.0,0.24,0.77,0.0,0.0,0.0,0.0,0.0,0.0,0.0,0.0,0.0,1.0,0.0,1.0,0.0,0.0,0.0,0.0,0.0,1.0,0.18711256367365098,17.11052307791895,17.504570831642802
10685,427.36,0.98,1,-0.108,0.383,0.069,0.01,0.034,0.17,0.03,0.0,0.0,0.0,1.56,0.0,0.0,0.42,0.09,0.0,1.17,0.0,0.05,0.0,0.16,0.74,0.0,0.0,0.0,0.0,0.0,0.0,0.0,0.0,0.0,1.0,0.0,1.0,0.0,0.0,0.0,0.0,0.0,1.0,0.1872607587091329,17.218594600024755,17.504570831642802
10686,427.4,0.98,1,-0.112,0.382,0.066,0.011,0.033,0.17,0.03,0.0,0.0,0.0,1.58,0.0,0.0,0.45,0.14,0.0,1.19,0.0,0.05,0.0,0.09,0.96,0.0,0.0,0.0,0.0,0.0,0.0,0.0,0.0,0.0,1.0,0.0,1.0,0.0,0.0,0.0,0.0,0.0,1.0,0.186900093124598,17.307223925286408,17.60710084028591
10687,427.44,0.98,1,-0.08,0.407,0.065,0.011,0.034,0.18,0.03,0.0,0.0,0.0,0.98,0.0,0.0,0.45,0.14,0.0,1.13,0.0,0.08,0.0,0.0,1.21,0.0,0.0,0.0,0.0,0.0,0.0,0.0,0.0,0.0,1.0,0.0,1.0,0.0,0.0,0.0,0.0,0.0,1.0,0.17364309379809234,20.729206448873096,17.510282693320516
10688,427.48,0.98,1,-0.076,0.403,0.048,0.004,0.037,0.24,0.0,0.0,0.0,0.0,0.6,0.0,0.0,0.54,0.2,0.0,1.03,0.01,0.06,0.0,0.0,1.62,0.0,0.0,0.0,0.0,0.0,0.0,0.0,0.0,0.0,1.0,0.0,1.0,0.0,0.0,0.0,0.0,0.0,1.0,0.2036338729413747,17.407182425653936,18.022485955050705
10689,427.52,0.98,1,-0.074,0.404,0.049,0.003,0.037,0.31,0.0,0.0,0.0,0.0,0.21,0.0,0.0,0.64,0.25,0.0,0.91,0.07,0.03,0.0,0.0,1.78,0.0,0.0,0.0,0.0,0.0,0.0,0.0,0.0,0.0,1.0,0.0,1.0,0.0,0.0,0.0,0.0,0.0,1.0,0.20850816545812056,17.110523077919176,18.039955654047485
10690,427.56,0.98,1,-0.074,0.407,0.051,0.003,0.038,0.39,0.0,0.0,0.0,0.0,0.26,0.0,0.0,0.77,0.38,0.0,0.91,0.11,0.01,0.0,0.0,1.97,0.0,0.0,0.0,0.0,0.0,0.0,0.0,0.0,0.0,1.0,0.0,1.0,0.0,0.0,0.0,0.0,0.0,1.0,0.2073751827160794,17.810109488714502,17.833956375409198
10691,427.6,0.98,1,-0.063,0.4,0.047,0.007,0.039,0.43,0.0,0.0,0.0,0.0,0.15,0.0,0.0,0.79,0.48,0.0,0.92,0.1,0.01,0.0,0.0,2.1,0.0,0.0,0.0,0.0,0.0,0.0,0.0,0.0,1.0,1.0,0.0,1.0,0.0,0.0,0.0,0.0,0.0,1.0,0.2060850826548265,20.45336158190135,18.73232500251886
10692,427.64,0.98,1,-0.068,0.401,0.046,0.008,0.039,0.47,0.0,0.0,0.0,0.0,0.06,0.0,0.0,0.8,0.48,0.0,0.96,0.04,0.01,0.0,0.0,2.16,0.0,1.0,0.0,0.0,0.0,0.0,0.0,0.0,1.0,1.0,0.0,1.0,0.0,0.0,0.0,0.0,0.0,1.0,0.20068437222506158,19.872845795205023,18.22223915988377
10693,427.68,0.98,1,-0.075,0.4,0.045,0.008,0.039,0.51,0.1,0.0,0.0,0.0,0.01,0.0,0.0,0.74,0.45,0.0,0.95,0.0,0.0,0.0,0.0,2.14,0.0,1.0,0.0,0.0,0.0,0.0,0.0,0.0,1.0,1.0,0.0,1.0,0.0,0.0,0.0,0.0,0.0,1.0,0.2061645939812291,20.83866598417475,19.61249601657057
10694,427.72,0.98,1,-0.058,0.399,0.049,0.007,0.038,0.6,0.13,0.0,0.0,0.0,0.0,0.0,0.0,0.71,0.47,0.0,0.91,0.0,0.0,0.0,0.0,2.12,0.0,1.0,0.0,0.0,0.0,0.0,0.0,0.0,1.0,1.0,0.0,1.0,0.0,0.0,0.0,0.0,0.0,1.0,0.2067026467831551,20.13181561608392,18.538878067455972
10695,427.76,0.98,1,-0.079,0.413,0.039,0.009,0.038,0.67,0.13,0.0,0.0,0.0,0.04,0.0,0.0,0.63,0.38,0.0,0.84,0.0,0.0,0.0,0.0,2.07,0.0,1.0,0.0,0.0,0.0,0.0,0.0,0.0,1.0,1.0,0.0,1.0,0.0,0.0,0.0,0.0,0.0,1.0,0.2067628620015503,22.613491548188755,19.812369873389656
10696,427.8,0.98,1,-0.064,0.424,0.048,0.007,0.036,0.71,0.07,0.0,0.0,0.0,0.04,0.0,0.0,0.65,0.39,0.0,0.82,0.0,0.0,0.0,0.0,2.1,0.0,1.0,0.0,0.0,0.0,0.0,0.0,0.0,1.0,1.0,0.0,1.0,0.0,0.0,0.0,0.0,0.0,1.0,0.20150713564249734,21.644860821913362,21.803669415949187
10697,427.84,0.98,1,-0.019,0.443,0.055,0.005,0.036,0.59,0.12,0.0,0.0,0.0,0.11,0.0,0.0,0.61,0.32,0.0,0.85,0.0,0.0,0.0,0.0,2.04,0.0,1.0,0.0,0.0,0.0,0.0,0.0,0.0,1.0,1.0,0.0,1.0,0.0,0.0,0.0,0.0,0.0,1.0,0.1844964212515261,18.022763384120744,20.215835377248247
10698,427.88,0.98,1,-0.042,0.423,0.047,0.01,0.035,0.35,0.12,0.0,0.0,0.0,0.69,0.0,0.0,0.55,0.34,0.0,0.97,0.0,0.0,0.0,0.04,1.67,0.0,0.0,0.0,0.0,0.0,0.0,0.0,0.0,0.0,1.0,0.0,1.0,0.0,0.0,0.0,0.0,0.0,1.0,0.17470425186356497,18.738463117342175,20.923909768491985
10699,427.92,0.98,1,-0.039,0.371,0.064,0.014,0.032,0.11,0.08,0.0,0.0,0.0,1.38,0.0,0.0,0.5,0.37,0.0,1.05,0.04,0.0,0.0,0.07,1.07,0.0,0.0,0.0,0.0,0.0,0.0,0.0,0.0,0.0,1.0,0.0,1.0,0.0,0.0,0.0,0.0,0.0,1.0,0.18152979558740723,18.995262567282264,18.944656238633716
10700,427.96,0.98,1,-0.041,0.338,0.067,0.009,0.036,0.0,0.0,0.0,0.0,0.0,1.87,0.0,0.0,0.49,0.35,0.0,1.13,0.04,0.08,0.0,0.1,0.41,0.0,0.0,0.0,0.0,0.0,0.0,0.0,0.0,0.0,1.0,0.0,1.0,0.0,0.0,0.0,0.0,0.0,1.0,0.19188703205016455,17.323394586512375,19.200260414900672
10701,428.0,0.98,1,-0.034,0.296,0.067,0.009,0.036,0.0,0.0,0.0,0.0,0.0,1.73,0.0,0.0,0.52,0.35,0.0,1.17,0.06,0.15,0.0,0.06,0.11,0.0,0.0,0.0,0.0,0.0,0.0,0.0,0.0,0.0,1.0,0.0,1.0,0.0,0.0,0.0,0.0,0.0,0.0,0.22456884428755836,19.212756179163932,21.10852908186632
10702,428.04,0.98,1,-0.032,0.306,0.071,0.011,0.034,0.0,0.0,0.0,0.0,0.0,1.52,0.0,0.0,0.51,0.23,0.0,1.17,0.05,0.22,0.0,0.03,0.0,0.0,0.0,0.0,0.0,0.0,0.0,0.0,0.0,0.0,1.0,0.0,1.0,0.0,0.0,0.0,0.0,0.0,0.0,0.2040020002530058,20.50219500443794,22.910696191953523
10703,428.08,0.98,1,-0.039,0.302,0.07,0.009,0.036,0.0,0.0,0.0,0.0,0.0,1.4,0.0,0.0,0.52,0.23,0.0,1.14,0.06,0.17,0.0,0.0,0.0,0.0,0.0,0.0,0.0,0.0,0.0,0.0,0.0,0.0,1.0,0.0,1.0,0.0,0.0,0.0,0.0,0.0,0.0,0.2129529820437106,22.100904958847185,23.13114783144162
10704,428.12,0.98,1,-0.036,0.29,0.073,0.008,0.033,0.0,0.0,0.0,0.0,0.0,1.42,0.0,0.0,0.49,0.2,0.02,1.11,0.04,0.16,0.0,0.0,0.0,0.0,0.0,0.0,0.0,0.0,0.0,0.0,0.0,0.0,1.0,0.0,1.0,0.0,0.0,0.0,0.0,0.0,0.0,0.23229314947036467,22.503555274667157,23.448027635603047
10705,428.16,0.98,1,-0.049,0.278,0.072,0.009,0.034,0.0,0.0,0.0,0.0,0.0,1.29,0.0,0.0,0.48,0.25,0.05,1.12,0.01,0.16,0.0,0.0,0.0,0.0,0.0,0.0,0.0,0.0,0.0,0.0,0.0,0.0,1.0,0.0,1.0,0.0,0.0,0.0,0.0,0.0,0.0,0.22069295650626236,23.10779089398219,21.452505681155156
10706,428.2,0.98,1,-0.047,0.241,0.073,0.003,0.035,0.0,0.0,0.0,0.0,0.0,1.15,0.0,0.0,0.44,0.23,0.09,1.1,0.0,0.22,0.0,0.0,0.0,0.0,0.0,0.0,0.0,0.0,0.0,0.0,0.0,0.0,1.0,0.0,1.0,0.0,0.0,0.0,0.0,0.0,0.0,0.26473276352995145,23.036709834522807,18.046883387443934
10707,428.24,0.98,1,-0.065,0.26,0.072,0.007,0.035,0.0,0.0,0.0,0.0,0.0,0.87,0.0,0.0,0.48,0.22,0.07,1.08,0.0,0.21,0.0,0.0,0.0,0.0,0.0,0.0,0.0,0.0,0.0,0.0,0.0,0.0,1.0,0.0,1.0,0.0,0.0,0.0,0.0,0.0,0.0,0.2310620188518192,23.11060362690676,17.822738285684345
10708,428.28,0.98,1,-0.05,0.243,0.072,0.003,0.035,0.0,0.0,0.0,0.0,0.0,0.89,0.0,0.0,0.45,0.19,0.05,1.1,0.0,0.26,0.0,0.04,0.0,0.0,0.0,0.0,0.0,0.0,0.0,0.0,0.0,0.0,1.0,0.0,1.0,0.0,0.0,0.0,0.0,0.0,0.0,0.2724689749214697,22.837031330713675,17.441330224498454
10709,428.32,0.98,1,-0.063,0.262,0.071,0.007,0.035,0.0,0.0,0.0,0.0,0.0,0.91,0.0,0.0,0.48,0.16,0.01,1.09,0.02,0.28,0.0,0.06,0.0,0.0,0.0,0.0,0.0,0.0,0.0,0.0,0.0,0.0,1.0,0.0,1.0,0.0,0.0,0.0,0.0,0.0,0.0,0.22586756749181985,23.010649708341568,17.72822608159095
10710,428.36,0.98,1,-0.052,0.249,0.076,0.006,0.033,0.0,0.0,0.0,0.0,0.0,1.1,0.0,0.0,0.46,0.1,0.03,1.11,0.02,0.31,0.0,0.1,0.0,0.0,0.0,0.0,0.0,0.0,0.0,0.0,0.0,0.0,1.0,0.0,1.0,0.0,0.0,0.0,0.0,0.0,0.0,0.25745646711277936,23.031283073246264,17.922611416866772
10711,428.4,0.98,1,-0.06,0.26,0.071,0.007,0.035,0.0,0.0,0.0,0.0,0.0,1.01,0.0,0.0,0.48,0.05,0.03,1.1,0.02,0.22,0.0,0.07,0.0,0.0,0.0,0.0,0.0,0.0,0.0,0.0,0.0,0.0,1.0,0.0,1.0,0.0,0.0,0.0,0.0,0.0,0.0,0.23033881898213565,23.110603626906986,17.917868176766873
10712,428.44,0.98,1,-0.019,0.291,0.067,0.002,0.034,0.1,0.0,0.0,0.0,0.0,0.75,0.0,0.03,0.5,0.01,0.02,1.09,0.0,0.12,0.0,0.09,0.73,0.0,0.0,0.0,0.0,0.0,0.0,0.0,0.0,0.0,1.0,0.0,1.0,0.0,0.0,0.0,0.0,0.0,0.0,0.24812004467349189,21.80573319106693,22.73719419805359
10713,428.48,0.98,1,-0.041,0.425,0.059,-0.002,0.037,0.16,0.0,0.0,0.0,0.0,0.34,0.0,0.03,0.54,0.13,0.0,1.15,0.0,0.03,0.0,0.06,1.6,0.0,0.0,0.0,0.0,0.0,0.0,0.0,0.0,0.0,1.0,0.0,1.0,0.0,0.0,0.0,0.0,0.0,1.0,0.18019967922774882,15.715279189375053,19.602295783912567
10714,428.52,0.98,1,-0.058,0.432,0.054,-0.0,0.038,0.2,0.0,0.0,0.0,0.0,0.27,0.01,0.03,0.5,0.2,0.0,1.19,0.0,0.0,0.0,0.06,2.18,0.0,0.0,0.0,0.0,0.0,0.0,0.0,0.0,0.0,1.0,0.0,1.0,0.0,0.0,0.0,0.0,0.0,1.0,0.1752866562692641,15.966527487215195,19.10942175995928
10715,428.56,0.98,1,-0.052,0.398,0.053,0.008,0.037,0.1,0.0,0.0,0.0,0.0,0.95,0.04,0.0,0.43,0.19,0.0,1.32,0.0,0.0,0.0,0.12,1.63,0.0,0.0,0.0,0.0,0.0,0.0,0.0,0.0,0.0,1.0,0.0,1.0,0.0,0.0,0.0,0.0,0.0,1.0,0.17901942999454126,16.858232410309178,19.536888186197928
10716,428.6,0.98,1,-0.025,0.35,0.062,0.012,0.035,0.04,0.0,0.0,0.0,0.0,1.72,0.04,0.0,0.4,0.08,0.0,1.31,0.0,0.0,0.0,0.11,0.77,0.0,0.0,0.0,0.0,0.0,0.0,0.0,0.0,0.0,1.0,0.0,1.0,0.0,0.0,0.0,0.0,0.0,1.0,0.19097460257339105,18.33930205869346,18.12236187697389
10717,428.64,0.98,1,-0.024,0.323,0.071,0.007,0.036,0.0,0.0,0.0,0.0,0.0,2.09,0.03,0.0,0.43,0.0,0.0,1.34,0.0,0.05,0.0,0.11,0.19,0.0,0.0,0.0,0.0,0.0,0.0,0.0,0.0,0.0,1.0,0.0,1.0,0.0,0.0,0.0,0.0,0.0,1.0,0.1921973698635755,19.15124016872005,20.702173798903157
10718,428.68,0.98,1,-0.023,0.315,0.07,0.011,0.033,0.0,0.0,0.0,0.0,0.0,1.96,0.0,0.0,0.47,0.0,0.0,1.3,0.0,0.16,0.0,0.01,0.0,0.0,0.0,0.0,0.0,0.0,0.0,0.0,0.0,0.0,1.0,0.0,1.0,0.0,0.0,0.0,0.0,0.0,1.0,0.20653051572026637,19.320973060382,20.802163349036515
10719,428.72,0.98,1,-0.004,0.3,0.069,0.014,0.036,0.0,0.0,0.0,0.0,0.0,1.78,0.0,0.0,0.5,0.0,0.0,1.32,0.0,0.26,0.0,0.05,0.0,0.0,0.0,0.0,0.0,0.0,0.0,0.0,0.0,0.0,1.0,0.0,1.0,0.0,0.0,0.0,0.0,0.0,0.0,0.2235053463858513,21.046614929722068,22.09999999999991
10720,428.76,0.98,1,-0.016,0.303,0.069,0.014,0.036,0.0,0.0,0.0,0.0,0.0,1.76,0.0,0.0,0.51,0.0,0.0,1.29,0.0,0.34,0.0,0.08,0.0,0.0,0.0,0.0,0.0,0.0,0.0,0.0,0.0,0.0,1.0,0.0,1.0,0.0,0.0,0.0,0.0,0.0,0.0,0.20955792685095193,21.111608181282772,22.11108319372902
10721,428.8,0.98,1,-0.011,0.306,0.071,0.012,0.035,0.0,0.0,0.0,0.0,0.0,1.75,0.0,0.0,0.52,0.0,0.0,1.3,0.0,0.29,0.0,0.09,0.0,0.0,0.0,0.0,0.0,0.0,0.0,0.0,0.0,0.0,1.0,0.0,1.0,0.0,0.0,0.0,0.0,0.0,0.0,0.21796079556589676,21.202122535255803,22.607963198837616
10722,428.84,0.98,1,-0.022,0.3,0.07,0.011,0.036,0.0,0.0,0.0,0.0,0.0,1.81,0.0,0.0,0.46,0.02,0.05,1.32,0.0,0.21,0.0,0.13,0.02,0.0,0.0,0.0,0.0,0.0,0.0,0.0,0.0,0.0,1.0,0.0,1.0,0.0,0.0,0.0,0.0,0.0,0.0,0.2176814660000902,21.30023474049072,23.210557942453732
10723,428.88,0.98,1,-0.012,0.35,0.06,0.01,0.036,0.06,0.0,0.0,0.0,0.0,1.67,0.0,0.0,0.42,0.02,0.07,1.31,0.0,0.12,0.0,0.23,0.24,0.0,0.0,0.0,0.0,0.0,0.0,0.0,0.0,0.0,1.0,0.0,1.0,0.0,0.0,0.0,0.0,0.0,1.0,0.21665385280471,19.812369873389663,21.600231480241042
10724,428.92,0.98,1,-0.023,0.35,0.055,0.011,0.039,0.1,0.0,0.0,0.0,0.0,1.64,0.0,0.0,0.38,0.02,0.07,1.34,0.0,0.05,0.0,0.28,0.43,0.0,0.0,0.0,0.0,0.0,0.0,0.0,0.0,0.0,1.0,0.0,1.0,0.0,0.0,0.0,0.0,0.0,1.0,0.1971624845355649,18.339302058693466,21.50581316760657
10725,428.96,0.98,1,-0.026,0.366,0.06,0.01,0.038,0.18,0.0,0.0,0.0,0.0,1.36,0.0,0.01,0.41,0.06,0.03,1.27,0.0,0.07,0.0,0.32,0.6,0.0,0.0,0.0,0.0,0.0,0.0,0.0,0.0,0.0,1.0,0.0,1.0,0.0,0.0,0.0,0.0,0.0,1.0,0.19752804831853027,18.127603261325117,21.508370463612533
10726,429.0,0.98,1,-0.015,0.357,0.052,0.009,0.037,0.15,0.0,0.0,0.0,0.0,1.6,0.0,0.02,0.44,0.07,0.0,1.23,0.0,0.1,0.0,0.17,0.41,0.0,0.0,0.0,0.0,0.0,0.0,0.0,0.0,0.0,1.0,0.0,1.0,0.0,0.0,0.0,0.0,0.0,1.0,0.18799754516172323,17.095028517086476,20.702173798903384
10727,429.04,0.98,1,-0.019,0.356,0.055,0.009,0.039,0.16,0.0,0.0,0.0,0.0,1.56,0.0,0.02,0.44,0.09,0.07,1.17,0.0,0.15,0.0,0.13,0.23,0.0,0.0,0.0,0.0,0.0,0.0,0.0,0.0,0.0,1.0,0.0,1.0,0.0,0.0,0.0,0.0,0.0,1.0,0.1895571774787927,17.383325343558365,20.408821622033802
10728,429.08,0.98,1,-0.012,0.352,0.057,0.009,0.036,0.13,0.0,0.0,0.0,0.0,1.78,0.0,0.01,0.45,0.07,0.09,1.17,0.0,0.17,0.0,0.01,0.09,0.0,0.0,0.0,0.0,0.0,0.0,0.0,0.0,0.0,1.0,0.0,1.0,0.0,0.0,0.0,0.0,0.0,1.0,0.1982877538161819,18.353473785635195,22.105655384991326
10729,429.12,0.98,1,-0.017,0.351,0.056,0.01,0.037,0.1,0.0,0.0,0.0,0.0,1.8,0.0,0.0,0.44,0.06,0.08,1.14,0.0,0.15,0.0,0.01,0.13,0.0,0.0,0.0,0.0,0.0,0.0,0.0,0.0,0.0,1.0,0.0,1.0,0.0,0.0,0.0,0.0,0.0,1.0,0.197203495130371,18.432851108821854,21.40584032454681
10730,429.16,0.98,1,-0.019,0.35,0.058,0.011,0.036,0.08,0.05,0.0,0.0,0.0,1.82,0.0,0.0,0.47,0.04,0.01,1.13,0.0,0.16,0.0,0.0,0.17,0.0,0.0,0.0,0.0,0.0,0.0,0.0,0.0,0.0,1.0,0.0,1.0,0.0,0.0,0.0,0.0,0.0,1.0,0.19732450704559176,18.43285110882208,21.403737991294975
10731,429.2,0.98,1,-0.016,0.349,0.056,0.011,0.036,0.13,0.09,0.0,0.0,0.0,1.81,0.0,0.0,0.49,0.0,0.0,1.04,0.02,0.12,0.0,0.0,0.13,0.0,0.0,0.0,0.0,0.0,0.0,0.0,0.0,0.0,1.0,0.0,1.0,0.0,0.0,0.0,0.0,0.0,1.0,0.19836507790443952,18.73846311734241,21.50209292138791
10732,429.24,0.98,1,-0.019,0.351,0.058,0.012,0.037,0.15,0.09,0.0,0.0,0.0,1.68,0.0,0.0,0.47,0.04,0.0,1.07,0.02,0.16,0.0,0.0,0.06,0.0,0.0,0.0,0.0,0.0,0.0,0.0,0.0,0.0,1.0,0.0,1.0,0.0,0.0,0.0,0.0,0.0,1.0,0.1972269206229693,18.838258942906762,21.7036863228347
10733,429.28,0.98,1,-0.02,0.351,0.056,0.009,0.037,0.18,0.04,0.0,0.0,0.0,1.7,0.0,0.0,0.5,0.06,0.0,1.05,0.02,0.13,0.0,0.0,0.02,0.0,0.0,0.0,0.0,0.0,0.0,0.0,0.0,0.0,1.0,0.0,1.0,0.0,0.0,0.0,0.0,0.0,1.0,0.1956378218987986,18.745132701584208,22.103619613085908
10734,429.32,0.98,1,-0.021,0.349,0.054,0.011,0.036,0.1,0.0,0.0,0.0,0.0,1.61,0.0,0.0,0.47,0.06,0.0,1.14,0.0,0.14,0.0,0.03,0.0,0.0,0.0,0.0,0.0,0.0,0.0,0.0,0.0,0.0,1.0,0.0,1.0,0.0,0.0,0.0,0.0,0.0,1.0,0.19640310637614117,18.43285110882208,22.103619613085908
10735,429.36,0.98,1,-0.02,0.347,0.054,0.012,0.038,0.13,0.01,0.0,0.0,0.0,1.7,0.0,0.0,0.47,0.01,0.0,1.11,0.0,0.08,0.0,0.08,0.01,0.0,0.0,0.0,0.0,0.0,0.0,0.0,0.0,0.0,1.0,0.0,1.0,0.0,0.0,0.0,0.0,0.0,1.0,0.19747581917248974,18.93805692250405,21.803669415949418
10736,429.4,0.98,1,-0.02,0.353,0.057,0.011,0.037,0.15,0.01,0.0,0.0,0.0,1.66,0.0,0.0,0.42,0.03,0.0,1.13,0.0,0.1,0.0,0.08,0.04,0.0,0.0,0.0,0.0,0.0,0.0,0.0,0.0,0.0,1.0,0.0,1.0,0.0,0.0,0.0,0.0,0.0,1.0,0.19751227835767826,18.951780918953325,22.00363606316011
10737,429.44,0.98,1,-0.022,0.349,0.053,0.012,0.035,0.25,0.02,0.0,0.0,0.0,1.86,0.0,0.0,0.42,0.09,0.01,1.07,0.0,0.08,0.0,0.06,0.04,0.0,0.0,0.0,0.0,0.0,0.0,0.0,0.0,0.0,1.0,0.0,1.0,0.0,0.0,0.0,0.0,0.0,1.0,0.198316631426752,18.959430371189818,21.60208323287354
10738,429.48,0.98,1,-0.013,0.351,0.058,0.011,0.035,0.25,0.01,0.0,0.0,0.0,1.71,0.0,0.0,0.42,0.08,0.02,1.08,0.0,0.11,0.0,0.07,0.23,0.0,0.0,0.0,0.0,0.0,0.0,0.0,0.0,0.0,1.0,0.0,1.0,0.0,0.0,0.0,0.0,0.0,1.0,0.2015652729611028,19.15124016872028,21.80206412246322
10739,429.52,0.98,1,-0.036,0.363,0.059,0.012,0.034,0.18,0.01,0.0,0.0,0.0,1.25,0.0,0.0,0.46,0.14,0.02,1.14,0.02,0.06,0.0,0.07,0.9,0.0,0.0,0.0,0.0,0.0,0.0,0.0,0.0,0.0,1.0,0.0,1.0,0.0,0.0,0.0,0.0,0.0,1.0,0.19701958704896366,17.528548142958105,21.00380917833715
10740,429.56,0.98,1,-0.041,0.435,0.052,-0.001,0.037,0.07,0.0,0.0,0.0,0.0,0.65,0.0,0.0,0.46,0.16,0.01,1.25,0.02,0.04,0.0,0.06,1.61,0.0,0.0,0.0,0.0,0.0,0.0,0.0,0.0,0.0,1.0,0.0,1.0,0.0,0.0,0.0,0.0,0.0,1.0,0.18467774666232284,17.65049574374613,20.329781110479452
10741,429.6,0.98,1,-0.056,0.431,0.053,-0.001,0.038,0.01,0.0,0.0,0.0,0.0,0.51,0.0,0.0,0.41,0.26,0.0,1.26,0.02,0.03,0.0,0.03,1.81,0.0,0.0,0.0,0.0,0.0,0.0,0.0,0.0,0.0,1.0,0.0,1.0,0.0,0.0,0.0,0.0,0.0,1.0,0.1812215829143382,16.844286865284445,21.328384842739453
10742,429.64,0.98,1,-0.052,0.389,0.044,0.01,0.036,0.06,0.0,0.0,0.0,0.0,1.21,0.0,0.0,0.37,0.25,0.08,1.32,0.0,0.03,0.0,0.1,1.4,0.0,0.0,0.0,0.0,0.0,0.0,0.0,0.0,0.0,1.0,0.0,1.0,0.0,0.0,0.0,0.0,0.0,1.0,0.1730094053469657,17.01440566108614,19.42575609854102
10743,429.68,0.98,1,-0.039,0.326,0.063,0.01,0.034,0.06,0.0,0.0,0.0,0.0,1.83,0.0,0.0,0.37,0.3,0.23,1.3,0.02,0.03,0.0,0.1,0.7,0.0,0.0,0.0,0.0,0.0,0.0,0.0,0.0,0.0,1.0,0.0,1.0,0.0,0.0,0.0,0.0,0.0,1.0,0.19775944900430914,17.772169254201966,17.513994404475525
10744,429.72,0.98,1,-0.052,0.301,0.063,0.007,0.037,0.06,0.02,0.0,0.0,0.0,2.12,0.0,0.0,0.45,0.29,0.36,1.36,0.02,0.03,0.0,0.09,0.3,0.0,0.0,0.0,0.0,0.0,0.0,0.0,0.0,0.0,1.0,0.0,1.0,0.0,0.0,0.0,0.0,0.0,1.0,0.20301334540856752,17.572990639046047,19.500256408570632
10745,429.76,0.98,1,-0.026,0.295,0.068,0.007,0.035,0.0,0.02,0.0,0.0,0.0,1.88,0.0,0.0,0.44,0.35,0.31,1.29,0.02,0.08,0.0,0.02,0.0,0.0,0.0,0.0,0.0,0.0,0.0,0.0,0.0,0.0,1.0,0.0,1.0,0.0,0.0,0.0,0.0,0.0,0.0,0.24129881687238397,19.012890364171355,20.800961516237837
10746,429.8,0.98,1,-0.021,0.296,0.069,0.007,0.034,0.0,0.02,0.0,0.0,0.0,1.79,0.0,0.0,0.44,0.35,0.15,1.31,0.0,0.2,0.0,0.08,0.0,0.0,0.0,0.0,0.0,0.0,0.0,0.0,0.0,0.0,1.0,0.0,1.0,0.0,0.0,0.0,0.0,0.0,0.0,0.23725867424685226,20.112185361118904,21.702073633641604
10747,429.84,0.98,1,-0.022,0.312,0.072,0.011,0.035,0.0,0.0,0.0,0.0,0.0,1.81,0.0,0.0,0.4,0.33,0.03,1.36,0.0,0.29,0.0,0.11,0.0,0.0,0.0,0.0,0.0,0.0,0.0,0.0,0.0,0.0,1.0,0.0,1.0,0.0,0.0,0.0,0.0,0.0,0.0,0.21000638085846055,20.711832367031214,22.003636063160105
10748,429.88,0.98,1,-0.016,0.309,0.071,0.011,0.035,0.0,0.0,0.0,0.0,0.0,1.93,0.0,0.0,0.4,0.34,0.0,1.38,0.0,0.39,0.0,0.14,0.0,0.0,0.0,0.0,0.0,0.0,0.0,0.0,0.0,0.0,1.0,0.0,1.0,0.0,0.0,0.0,0.0,0.0,0.0,0.210104571635866,20.40612653102013,22.211033294288722
10749,429.92,0.98,1,-0.022,0.308,0.069,0.011,0.036,0.0,0.0,0.0,0.0,0.0,1.99,0.0,0.0,0.4,0.35,0.0,1.43,0.01,0.42,0.0,0.15,0.0,0.0,0.0,0.0,0.0,0.0,0.0,0.0,0.0,0.0,1.0,0.0,1.0,0.0,0.0,0.0,0.0,0.0,0.0,0.21087616391556918,20.715453169071456,22.21823575354267
10750,429.96,0.98,1,-0.021,0.297,0.066,0.011,0.036,0.0,0.0,0.0,0.0,0.0,2.0,0.0,0.0,0.39,0.33,0.0,1.34,0.01,0.45,0.0,0.28,0.0,0.0,0.0,0.0,0.0,0.0,0.0,0.0,0.0,0.0,1.0,0.0,1.0,0.0,0.0,0.0,0.0,0.0,0.0,0.21597723670935273,21.30586773637718,22.222511109233402
10751,430.0,0.98,1,-0.04,0.284,0.064,0.006,0.038,0.0,0.0,0.0,0.0,0.0,1.92,0.0,0.0,0.43,0.22,0.0,1.31,0.01,0.4,0.0,0.45,0.0,0.0,0.0,0.0,0.0,0.0,0.0,0.0,0.0,0.0,1.0,0.0,1.0,0.0,0.0,0.0,0.0,0.0,0.0,0.215757656749667,22.000227271553356,20.946837470128855
10752,430.04,0.98,1,-0.019,0.28,0.062,0.002,0.037,0.0,0.0,0.0,0.0,0.0,1.89,0.0,0.0,0.43,0.15,0.0,1.18,0.05,0.39,0.0,0.58,0.0,0.0,0.0,0.0,0.0,0.0,1.0,0.0,0.0,0.0,1.0,0.0,1.0,0.0,0.0,0.0,0.0,0.0,0.0,0.24752788246859792,22.000909072126998,23.01760196023904
10753,430.08,0.98,1,-0.042,0.284,0.066,0.004,0.038,0.0,0.0,0.0,0.0,0.0,1.84,0.0,0.0,0.44,0.19,0.01,1.19,0.05,0.33,0.0,0.54,0.0,0.0,0.0,0.0,0.0,0.0,1.0,0.0,0.0,0.0,1.0,0.0,1.0,0.0,0.0,0.0,0.0,0.0,0.0,0.22089192156031556,21.59999999999991,20.04220546746291
10754,430.12,0.98,1,-0.033,0.277,0.064,0.002,0.037,0.0,0.0,0.0,0.0,0.0,1.89,0.0,0.0,0.41,0.2,0.01,1.2,0.05,0.34,0.0,0.52,0.0,0.0,0.0,0.0,0.0,0.0,1.0,0.0,0.0,0.0,1.0,0.0,1.0,0.0,0.0,0.0,0.0,0.0,0.0,0.24225389069999995,21.80206412246322,21.168372634664337
10755,430.16,0.98,1,-0.04,0.286,0.069,0.005,0.037,0.0,0.0,0.0,0.0,0.0,1.81,0.0,0.0,0.41,0.15,0.0,1.26,0.0,0.27,0.0,0.48,0.0,0.0,0.0,0.0,0.0,0.0,1.0,0.0,0.0,0.0,1.0,0.0,1.0,0.0,0.0,0.0,0.0,0.0,0.0,0.22201292879773657,21.902054698132865,21.128653530218283
10756,430.2,0.98,1,-0.028,0.272,0.062,0.001,0.039,0.0,0.0,0.0,0.0,0.0,1.84,0.0,0.0,0.42,0.13,0.04,1.31,0.0,0.29,0.0,0.5,0.0,0.0,0.0,0.0,0.0,0.0,1.0,0.0,0.0,0.0,1.0,0.0,1.0,0.0,0.0,0.0,0.0,0.0,0.0,0.24965706714966523,22.303587155433046,21.758906222510397
10757,430.24,0.98,1,-0.038,0.28,0.068,0.005,0.038,0.0,0.0,0.0,0.0,0.0,1.89,0.0,0.0,0.42,0.12,0.04,1.28,0.0,0.29,0.0,0.46,0.0,0.0,0.0,0.0,0.0,0.0,0.0,0.0,0.0,0.0,1.0,0.0,1.0,0.0,0.0,0.0,0.0,0.0,0.0,0.2248770115599087,21.803669415949187,21.03425777154973
10758,430.28,0.98,1,-0.029,0.274,0.062,0.003,0.039,0.0,0.0,0.0,0.0,0.0,1.82,0.0,0.0,0.4,0.22,0.04,1.27,0.0,0.32,0.0,0.46,0.0,0.0,0.0,0.0,0.0,0.0,0.0,0.0,0.0,0.0,1.0,0.0,1.0,0.0,0.0,0.0,0.0,0.0,0.0,0.23978075902844692,22.302017845925914,21.745114393812745
10759,430.32,0.98,1,-0.035,0.278,0.066,0.004,0.039,0.0,0.0,0.0,0.0,0.0,1.81,0.0,0.0,0.43,0.23,0.04,1.21,0.0,0.29,0.0,0.5,0.0,0.0,0.0,0.0,0.0,0.0,0.0,0.0,0.0,0.0,1.0,0.0,1.0,0.0,0.0,0.0,0.0,0.0,0.0,0.2266440765596352,21.905707018948146,21.433618453261555
10760,430.36,0.98,1,-0.03,0.27,0.062,0.002,0.038,0.0,0.0,0.0,0.0,0.0,1.7,0.0,0.0,0.42,0.28,0.05,1.26,0.0,0.33,0.0,0.54,0.0,0.0,0.0,0.0,0.0,0.0,0.0,0.0,0.0,0.0,1.0,0.0,1.0,0.0,0.0,0.0,0.0,0.0,0.0,0.25364883380857844,21.70575960430784,21.64532282041541
10761,430.4,0.98,1,-0.041,0.282,0.066,0.005,0.038,0.0,0.0,0.0,0.0,0.0,1.84,0.0,0.0,0.43,0.28,0.08,1.29,0.0,0.31,0.0,0.53,0.0,0.0,0.0,0.0,0.0,0.0,0.0,0.0,0.0,0.0,1.0,0.0,1.0,0.0,0.0,0.0,0.0,0.0,0.0,0.22229501358834253,21.7020736336416,20.74078108461689
10762,430.44,0.98,1,-0.03,0.271,0.06,0.0,0.038,0.0,0.0,0.0,0.0,0.0,1.86,0.0,0.0,0.4,0.33,0.04,1.33,0.0,0.4,0.0,0.53,0.0,0.0,0.0,0.0,0.0,0.0,0.0,0.0,0.0,0.0,1.0,0.0,1.0,0.0,0.0,0.0,0.0,0.0,0.0,0.2527934297443502,21.905707018948146,21.153250341259753
10763,430.48,0.98,1,-0.038,0.285,0.066,0.006,0.036,0.0,0.0,0.0,0.0,0.0,1.91,0.0,0.0,0.42,0.37,0.03,1.27,0.0,0.34,0.0,0.52,0.0,0.0,0.0,0.0,0.0,0.0,0.0,0.0,0.0,0.0,1.0,0.0,1.0,0.0,0.0,0.0,0.0,0.0,0.0,0.22228857953658898,21.902054698132638,20.84058540444577
10764,430.52,0.98,1,-0.032,0.28,0.065,0.002,0.037,0.0,0.0,0.0,0.0,0.0,1.87,0.0,0.0,0.41,0.4,0.0,1.23,0.0,0.4,0.0,0.53,0.0,0.0,0.0,0.0,0.0,0.0,0.0,0.0,0.0,0.0,1.0,0.0,1.0,0.0,0.0,0.0,0.0,0.0,0.0,0.2538333326208564,22.011133546457803,21.774526401278912
10765,430.56,0.98,1,-0.043,0.274,0.067,0.006,0.037,0.0,0.0,0.0,0.0,0.0,1.81,0.0,0.0,0.38,0.32,0.04,1.19,0.0,0.31,0.0,0.41,0.0,0.0,0.0,0.0,0.0,0.0,0.0,0.0,0.0,0.0,1.0,0.0,1.0,0.0,0.0,0.0,0.0,0.0,0.0,0.21987731018385348,21.803669415949415,20.63492185592196
10766,430.6,0.98,1,-0.028,0.301,0.063,0.003,0.037,0.1,0.0,0.0,0.0,0.0,1.19,0.0,0.0,0.41,0.3,0.08,1.23,0.0,0.22,0.0,0.37,0.72,0.0,0.0,0.0,0.0,0.0,0.0,0.0,0.0,0.0,1.0,0.0,1.0,0.0,0.0,0.0,0.0,0.0,1.0,0.2165486939987434,18.42715387682003,19.200260414900672
10767,430.64,0.98,1,-0.053,0.422,0.051,-0.007,0.041,0.24,0.0,0.0,0.0,0.0,0.61,0.0,0.0,0.41,0.23,0.09,1.2,0.0,0.08,0.0,0.34,1.35,0.0,0.0,0.0,0.0,0.0,0.0,0.0,0.0,0.0,1.0,0.0,1.0,0.0,0.0,0.0,0.0,0.0,1.0,0.17810083126533027,15.981239000778332,19.602295783912794
10768,430.68,0.98,1,-0.058,0.437,0.051,-0.009,0.041,0.24,0.0,0.0,0.0,0.0,0.02,0.0,0.0,0.39,0.25,0.05,1.23,0.0,0.0,0.0,0.26,2.05,0.0,0.0,0.0,0.0,0.0,0.0,0.0,0.0,0.0,1.0,0.0,1.0,0.0,0.0,0.0,0.0,0.0,1.0,0.17711856353862157,16.26345596729074,21.41144553737566
10769,430.72,0.98,1,-0.041,0.4,0.039,-0.001,0.042,0.23,0.0,0.0,0.0,0.0,0.33,0.0,0.0,0.34,0.26,0.01,1.27,0.0,0.06,0.0,0.2,1.66,0.0,0.0,0.0,0.0,0.0,0.0,0.0,0.0,0.0,1.0,0.0,1.0,0.0,0.0,0.0,0.0,0.0,1.0,0.17320664681998887,17.24905794529085,21.315018179677867
10770,430.76,0.98,1,-0.038,0.333,0.054,0.001,0.041,0.09,0.0,0.0,0.0,0.0,0.99,0.0,0.0,0.34,0.25,0.0,1.28,0.0,0.1,0.0,0.11,1.15,0.0,0.0,0.0,0.0,0.0,0.0,0.0,0.0,0.0,1.0,0.0,1.0,0.0,0.0,0.0,0.0,0.0,1.0,0.19538273506375858,18.89576672167601,18.62686232299999
10771,430.8,0.98,1,-0.015,0.328,0.057,-0.005,0.04,0.1,0.0,0.0,0.0,0.0,1.64,0.0,0.0,0.37,0.19,0.04,1.28,0.0,0.18,0.0,0.32,0.46,0.0,0.0,0.0,0.0,0.0,0.0,0.0,0.0,0.0,1.0,0.0,1.0,0.0,0.0,0.0,0.0,0.0,1.0,0.17798532034939762,17.76344561170477,18.506755523321747
10772,430.84,0.98,1,-0.047,0.317,0.058,-0.007,0.042,0.1,0.0,0.0,0.0,0.0,2.11,0.0,0.0,0.39,0.06,0.11,1.29,0.0,0.2,0.0,0.41,0.14,0.0,0.0,0.0,0.0,0.0,0.0,0.0,0.0,0.0,1.0,0.0,1.0,0.0,0.0,0.0,0.0,0.0,1.0,0.19097554308017084,16.935760980835653,19.40412327316036
10773,430.88,0.98,1,-0.032,0.284,0.053,-0.009,0.043,0.1,0.0,0.0,0.0,0.0,1.99,0.0,0.0,0.38,0.02,0.25,1.24,0.0,0.17,0.0,0.54,0.01,0.0,0.0,0.0,0.0,0.0,1.0,0.0,0.0,0.0,1.0,0.0,1.0,0.0,0.0,0.0,0.0,0.0,1.0,0.23256281817124666,18.339302058693466,19.90000000000009
10774,430.92,0.98,1,-0.026,0.276,0.058,-0.018,0.041,0.22,0.16,0.0,0.0,0.0,1.84,0.0,0.0,0.42,0.09,0.21,1.01,0.03,0.09,0.0,0.34,0.0,0.0,0.0,0.0,0.0,0.0,1.0,0.0,0.0,0.0,1.0,0.0,1.0,0.0,0.0,0.0,0.0,0.0,0.0,0.24967184954431063,18.7216452268491,20.203960007879687
10775,430.96,0.98,1,-0.025,0.287,0.057,-0.008,0.022,0.13,0.16,0.0,0.0,0.0,1.85,0.0,0.0,0.39,0.09,0.19,0.92,0.03,0.11,0.0,0.21,0.11,0.0,0.0,0.0,0.0,0.0,1.0,0.0,0.0,0.0,1.0,0.0,1.0,0.0,0.0,0.0,0.0,0.0,0.0,0.24481683729369152,19.316573195057092,20.708693826506824
10776,431.0,0.98,1,-0.034,0.317,0.068,-0.013,0.035,0.18,0.16,0.0,0.0,0.0,1.69,0.0,0.0,0.43,0.15,0.11,0.83,0.03,0.1,0.0,0.03,0.11,0.0,0.0,0.0,0.0,0.0,0.0,0.0,0.0,0.0,1.0,0.0,1.0,0.0,0.0,0.0,0.0,0.0,0.0,0.19759352903876543,20.606067067735083,20.802163349036515
10777,431.04,0.98,1,-0.03,0.288,0.058,-0.01,0.02,0.06,0.0,0.0,0.0,0.0,1.85,0.0,0.0,0.42,0.14,0.18,0.96,0.0,0.19,0.0,0.07,0.11,0.0,0.0,0.0,0.0,0.0,0.0,0.0,0.0,0.0,1.0,0.0,1.0,0.0,0.0,0.0,0.0,0.0,0.0,0.23624420820016093,20.203960007879687,21.514878572745886
10778,431.08,0.98,1,-0.03,0.319,0.066,-0.013,0.031,0.06,0.0,0.0,0.0,0.0,1.6,0.0,0.0,0.43,0.22,0.14,0.87,0.0,0.1,0.0,0.07,0.0,0.0,0.0,0.0,0.0,0.0,0.0,0.0,0.0,0.0,1.0,0.0,1.0,0.0,0.0,0.0,0.0,0.0,0.0,0.20402929804953976,20.603883129158095,21.7036863228347
10779,431.12,0.98,1,-0.026,0.322,0.066,-0.001,0.013,0.0,0.0,0.0,0.0,0.0,1.88,0.0,0.0,0.44,0.32,0.08,0.99,0.0,0.19,0.0,0.07,0.0,0.0,0.0,0.0,0.0,0.0,0.0,0.0,0.0,0.0,1.0,0.0,1.0,0.0,0.0,0.0,0.0,0.0,0.0,0.20752002607481082,21.003809178337153,21.7020736336416
10780,431.16,0.98,1,-0.025,0.3,0.064,-0.007,0.023,0.0,0.0,0.0,0.0,0.0,1.55,0.0,0.0,0.41,0.33,0.06,1.07,0.0,0.2,0.0,0.12,0.0,0.0,0.0,0.0,0.0,0.0,0.0,0.0,0.0,0.0,1.0,0.0,1.0,0.0,0.0,0.0,0.0,0.0,0.0,0.23543388177748564,21.0,22.60796319883784
10781,431.2,0.98,1,-0.041,0.314,0.073,-0.002,0.027,0.0,0.0,0.0,0.0,0.0,1.54,0.0,0.0,0.43,0.28,0.04,1.24,0.0,0.35,0.0,0.22,0.0,0.0,0.0,0.0,0.0,0.0,0.0,0.0,0.0,0.0,1.0,0.0,1.0,0.0,0.0,0.0,0.0,0.0,0.0,0.2156819726512559,21.40210270043563,22.118318200080356
10782,431.24,0.98,1,-0.037,0.316,0.08,-0.002,0.031,0.0,0.0,0.0,0.0,0.0,1.39,0.0,0.0,0.39,0.19,0.04,1.34,0.0,0.4,0.0,0.36,0.0,0.0,0.0,0.0,0.0,0.0,0.0,0.0,0.0,0.0,1.0,0.0,1.0,0.0,0.0,0.0,0.0,0.0,0.0,0.22285069130228874,21.50581316760657,21.8146739604331
10783,431.28,0.98,1,-0.037,0.301,0.077,-0.001,0.034,0.0,0.0,0.0,0.0,0.0,1.4,0.0,0.0,0.39,0.18,0.0,1.33,0.0,0.42,0.0,0.35,0.0,0.0,0.0,0.0,0.0,0.0,0.0,0.0,0.0,0.0,1.0,0.0,1.0,0.0,0.0,0.0,0.0,0.0,0.0,0.23900263620392742,21.600231480241042,21.918485349129487
10784,431.32,0.98,1,-0.04,0.307,0.081,0.002,0.038,0.0,0.0,0.0,0.0,0.0,1.29,0.0,0.0,0.37,0.25,0.02,1.29,0.0,0.38,0.0,0.37,0.0,0.0,0.0,0.0,0.0,0.0,0.0,0.0,0.0,0.0,1.0,0.0,1.0,0.0,0.0,0.0,0.0,0.0,0.0,0.23407747951101016,21.80091741188884,22.41807306616704
10785,431.36,0.98,1,-0.043,0.304,0.081,0.003,0.041,0.0,0.0,0.0,0.0,0.0,1.43,0.0,0.0,0.39,0.29,0.02,1.28,0.0,0.33,0.0,0.35,0.0,0.0,0.0,0.0,0.0,0.0,0.0,0.0,0.0,0.0,1.0,0.0,1.0,0.0,0.0,0.0,0.0,0.0,0.0,0.2390843686339661,22.100226243185976,22.522211259110417
10786,431.4,0.98,1,-0.043,0.309,0.084,-0.0,0.043,0.0,0.0,0.0,0.0,0.0,1.7,0.0,0.0,0.44,0.27,0.02,1.32,0.0,0.28,0.0,0.33,0.0,0.0,0.0,0.0,0.0,0.0,0.0,0.0,0.0,0.0,1.0,0.0,1.0,0.0,0.0,0.0,0.0,0.0,0.0,0.2412728451315429,22.000909072126998,22.418073066166812
10787,431.44,0.98,1,-0.045,0.295,0.085,-0.003,0.047,0.09,0.0,0.0,0.0,0.0,1.85,0.0,0.0,0.48,0.33,0.0,1.18,0.0,0.2,0.0,0.22,0.0,0.0,0.0,0.0,0.0,0.0,0.0,0.0,0.0,0.0,1.0,0.0,1.0,0.0,0.0,0.0,0.0,0.0,0.0,0.2527625861174012,21.411445537375428,21.523243250030884
10788,431.48,0.98,1,-0.032,0.32,0.089,0.01,0.027,0.09,0.0,0.0,0.0,0.0,1.77,0.0,0.0,0.51,0.23,0.02,1.13,0.0,0.13,0.0,0.13,0.22,0.0,0.0,0.0,0.0,0.0,0.0,0.0,0.0,0.0,1.0,0.0,1.0,0.0,0.0,0.0,0.0,0.0,0.0,0.21899163467423718,21.400934559032788,22.138202275704455
10789,431.52,0.98,1,-0.039,0.328,0.087,-0.002,0.041,0.39,0.18,0.0,0.0,0.0,1.34,0.0,0.0,0.54,0.27,0.04,0.97,0.0,0.04,0.02,0.07,1.02,0.0,0.0,0.0,0.0,0.0,0.0,0.0,0.0,0.0,1.0,0.0,1.0,0.0,0.0,0.0,0.0,0.0,1.0,0.20510101029961256,18.885973631242795,18.50432381904294
10790,431.56,0.98,1,-0.036,0.446,0.068,0.002,0.028,0.42,0.18,0.0,0.0,0.0,0.96,0.0,0.0,0.55,0.31,0.1,1.05,0.03,0.0,0.02,0.03,1.78,0.0,0.0,0.0,0.0,0.0,0.0,0.0,0.0,0.0,1.0,0.0,1.0,0.0,0.0,0.0,0.0,0.0,1.0,0.17758477176597018,16.1245154965971,22.027482833950867
10791,431.6,0.98,1,-0.052,0.447,0.075,-0.004,0.039,0.44,0.18,0.0,0.0,0.0,0.87,0.0,0.0,0.52,0.35,0.07,1.13,0.03,0.02,0.02,0.0,2.0,0.0,0.0,0.0,0.0,0.0,0.0,0.0,0.0,0.0,1.0,0.0,1.0,0.0,0.0,0.0,0.0,0.0,1.0,0.18169607203667046,17.410628937519576,20.803845798313304
10792,431.64,0.98,1,-0.045,0.378,0.058,0.004,0.043,0.15,0.0,0.0,0.0,0.0,1.22,0.0,0.0,0.44,0.28,0.05,1.28,0.03,0.07,0.0,0.04,1.46,0.0,0.0,0.0,0.0,0.0,0.0,0.0,0.0,0.0,1.0,0.0,1.0,0.0,0.0,0.0,0.0,0.0,1.0,0.17732407936103212,18.906083676954314,20.312065379965627
10793,431.68,0.98,1,-0.033,0.354,0.074,0.002,0.04,0.02,0.0,0.0,0.0,0.0,1.62,0.0,0.0,0.36,0.12,0.01,1.36,0.0,0.15,0.0,0.14,0.86,0.0,0.0,0.0,0.0,0.0,0.0,0.0,0.0,0.0,1.0,0.0,1.0,0.0,0.0,0.0,0.0,0.0,1.0,0.18451797722292976,18.03357978882729,19.550191814915777
10794,431.72,0.98,1,-0.045,0.33,0.075,0.002,0.039,0.0,0.0,0.0,0.0,0.0,1.73,0.0,0.0,0.35,0.12,0.04,1.35,0.0,0.24,0.0,0.2,0.44,0.0,0.0,0.0,0.0,0.0,0.0,0.0,0.0,0.0,1.0,0.0,1.0,0.0,0.0,0.0,0.0,0.0,1.0,0.18429005252162425,17.364907140552358,19.212756179163932
10795,431.76,0.98,1,-0.029,0.31,0.075,0.006,0.036,0.01,0.0,0.0,0.0,0.0,1.89,0.0,0.0,0.36,0.16,0.04,1.39,0.0,0.29,0.0,0.24,0.17,0.0,0.0,0.0,0.0,0.0,0.0,0.0,0.0,0.0,1.0,0.0,1.0,0.0,0.0,0.0,0.0,0.0,0.0,0.20892534547687036,18.189282558693638,19.409276132818647
10796,431.8,0.98,1,-0.021,0.299,0.078,0.007,0.036,0.01,0.0,0.0,0.0,0.0,1.8,0.0,0.0,0.36,0.19,0.07,1.38,0.0,0.29,0.0,0.14,0.02,0.0,0.0,0.0,0.0,0.0,0.0,0.0,0.0,0.0,1.0,0.0,1.0,0.0,0.0,0.0,0.0,0.0,0.0,0.2273500560364154,18.738463117342402,19.701015202268177
10797,431.84,0.98,1,-0.037,0.292,0.081,0.006,0.036,0.01,0.0,0.0,0.0,0.0,1.8,0.0,0.0,0.33,0.21,0.09,1.38,0.0,0.26,0.0,0.08,0.0,0.0,0.0,0.0,0.0,0.0,0.0,0.0,0.0,0.0,1.0,0.0,1.0,0.0,0.0,0.0,0.0,0.0,0.0,0.24236863251747,19.437077969695025,20.208908926510652
10798,431.88,0.98,1,-0.039,0.286,0.078,0.001,0.036,0.0,0.0,0.0,0.0,0.0,1.63,0.0,0.0,0.33,0.19,0.13,1.38,0.0,0.23,0.0,0.02,0.0,0.0,0.0,0.0,0.0,0.0,0.0,0.0,0.0,0.0,1.0,0.0,1.0,0.0,0.0,0.0,0.0,0.0,0.0,0.2506423465698179,19.720547659738102,20.529490982486635
10799,431.92,0.98,1,-0.038,0.283,0.076,0.002,0.038,0.0,0.0,0.0,0.0,0.0,1.77,0.0,0.0,0.34,0.17,0.12,1.4,0.0,0.27,0.0,0.05,0.0,0.0,0.0,0.0,0.0,0.0,0.0,0.0,0.0,0.0,1.0,0.0,1.0,0.0,0.0,0.0,0.0,0.0,0.0,0.2518051183884946,20.042205467462903,20.93442141545841
10800,431.96,0.98,1,-0.036,0.307,0.078,0.0,0.039,0.0,0.0,0.0,0.0,0.0,1.79,0.0,0.0,0.39,0.12,0.19,1.52,0.0,0.3,0.0,0.13,0.0,0.0,0.0,0.0,0.0,0.0,0.0,0.0,0.0,0.0,1.0,0.0,1.0,0.0,0.0,0.0,0.0,0.0,0.0,0.22545115906541918,19.816155025634977,21.208488866489333
10801,432.0,0.98,1,-0.038,0.32,0.087,0.001,0.041,0.0,0.0,0.0,0.0,0.0,1.89,0.0,0.0,0.41,0.07,0.23,1.58,0.0,0.32,0.0,0.15,0.0,0.0,0.0,0.0,0.0,0.0,0.0,0.0,0.0,0.0,1.0,0.0,1.0,0.0,0.0,0.0,0.0,0.0,0.0,0.21787589757175924,20.50219500443794,21.42335174523361
10802,432.04,0.98,1,-0.033,0.321,0.092,0.0,0.041,0.0,0.0,0.0,0.0,0.0,1.76,0.0,0.0,0.44,0.03,0.32,1.59,0.0,0.32,0.0,0.19,0.0,0.0,0.0,0.0,0.0,0.0,0.0,0.0,0.0,0.0,1.0,0.0,1.0,0.0,0.0,0.0,0.0,0.0,0.0,0.2117970577429546,20.60388312915787,21.718655575334353
10803,432.08,0.98,1,-0.042,0.318,0.089,0.0,0.042,0.0,0.0,0.0,0.0,0.0,1.75,0.0,0.0,0.42,0.0,0.32,1.49,0.0,0.35,0.0,0.23,0.0,0.0,0.0,0.0,0.0,0.0,0.0,0.0,0.0,0.0,1.0,0.0,1.0,0.0,0.0,0.0,0.0,0.0,0.0,0.22161169174152995,21.003809178337153,21.627991122617143
10804,432.12,0.98,1,-0.035,0.299,0.084,0.002,0.043,0.0,0.0,0.0,0.0,0.0,1.62,0.0,0.0,0.39,0.02,0.31,1.51,0.0,0.42,0.0,0.31,0.0,0.0,0.0,0.0,0.0,0.0,0.0,0.0,0.0,0.0,1.0,0.0,1.0,0.0,0.0,0.0,0.0,0.0,0.0,0.22414511566557913,21.70092163941412,21.838727069131064
10805,432.16,0.98,1,-0.046,0.314,0.088,0.0,0.041,0.0,0.0,0.0,0.0,0.0,1.65,0.0,0.0,0.35,0.07,0.36,1.58,0.0,0.47,0.0,0.38,0.0,0.0,0.0,0.0,0.0,0.0,0.0,0.0,0.0,0.0,1.0,0.0,1.0,0.0,0.0,0.0,0.0,0.0,0.0,0.22433552400111434,21.400233643584453,21.52812114421507
10806,432.2,0.98,1,-0.047,0.31,0.087,0.003,0.04,0.0,0.0,0.0,0.0,0.0,1.66,0.0,0.0,0.33,0.16,0.33,1.61,0.0,0.47,0.0,0.35,0.0,0.0,0.0,0.0,0.0,0.0,0.0,0.0,0.0,0.0,1.0,0.0,1.0,0.0,0.0,0.0,0.0,0.0,0.0,0.22710559908073907,21.718655575334353,21.22357180118375
10807,432.24,0.98,1,-0.051,0.318,0.085,0.005,0.041,0.0,0.0,0.0,0.0,0.0,1.46,0.0,0.0,0.3,0.2,0.37,1.57,0.0,0.36,0.0,0.25,0.32,0.0,0.0,0.0,0.0,0.0,0.0,0.0,0.0,0.0,1.0,0.0,1.0,0.0,0.0,0.0,0.0,0.0,0.0,0.22061405166202167,21.50581316760657,21.418916872708664
10808,432.28,0.98,1,-0.057,0.319,0.064,0.004,0.04,0.06,0.0,0.0,0.0,0.0,0.99,0.0,0.0,0.33,0.24,0.31,1.48,0.0,0.21,0.0,0.2,1.0,0.0,0.0,0.0,0.0,0.0,0.0,0.0,0.0,0.0,1.0,0.0,1.0,0.0,0.0,0.0,0.0,0.0,1.0,0.21496495784535222,19.665197685250877,20.006249023742555
10809,432.32,0.98,1,-0.052,0.438,0.066,-0.001,0.043,0.1,0.0,0.0,0.0,0.0,0.45,0.0,0.0,0.34,0.19,0.29,1.45,0.0,0.06,0.0,0.15,1.76,0.0,0.0,0.0,0.0,0.0,0.0,0.0,0.0,0.0,1.0,0.0,1.0,0.0,0.0,0.0,0.0,0.0,1.0,0.18291011556412645,17.494284781036292,21.30844902849567
10810,432.36,0.98,1,-0.04,0.431,0.054,0.005,0.047,0.15,0.0,0.0,0.0,0.0,0.53,0.0,0.0,0.36,0.13,0.18,1.35,0.0,0.01,0.0,0.19,1.95,0.0,0.0,0.0,0.0,0.0,0.0,0.0,0.0,0.0,1.0,0.0,1.0,0.0,0.0,0.0,0.0,0.0,1.0,0.17282640622092765,17.74964788383129,21.70092163941435
10811,432.4,0.98,1,-0.037,0.386,0.062,0.009,0.045,0.09,0.0,0.0,0.0,0.0,1.03,0.0,0.0,0.3,0.11,0.19,1.43,0.0,0.06,0.0,0.18,1.65,0.0,0.0,0.0,0.0,0.0,0.0,0.0,0.0,0.0,1.0,0.0,1.0,0.0,0.0,0.0,0.0,0.0,1.0,0.17802944646614888,17.833956375409198,19.91230775173974
10812,432.44,0.98,1,-0.031,0.359,0.072,0.007,0.044,0.04,0.0,0.0,0.0,0.0,1.61,0.0,0.0,0.26,0.15,0.2,1.49,0.0,0.16,0.0,0.27,1.02,0.0,0.0,0.0,0.0,0.0,0.0,0.0,0.0,0.0,1.0,0.0,1.0,0.0,0.0,0.0,0.0,0.0,1.0,0.17883129845200815,16.93576098083588,19.62549362436513
10813,432.48,0.98,1,-0.053,0.34,0.075,0.004,0.047,0.0,0.0,0.0,0.0,0.0,1.88,0.0,0.0,0.23,0.2,0.21,1.61,0.0,0.2,0.0,0.3,0.51,0.0,0.0,0.0,0.0,0.0,0.0,0.0,0.0,0.0,1.0,0.0,1.0,0.0,0.0,0.0,0.0,0.0,1.0,0.1870285883657115,16.443843832875658,18.10110493864937
10814,432.52,0.98,1,-0.042,0.309,0.072,0.0,0.046,0.0,0.0,0.0,0.0,0.0,1.96,0.0,0.0,0.28,0.16,0.14,1.53,0.0,0.21,0.04,0.3,0.14,0.0,0.0,0.0,0.0,0.0,0.0,0.0,0.0,0.0,1.0,0.0,1.0,0.0,0.0,0.0,0.0,0.0,0.0,0.2150391181984969,18.154062906137476,18.206866836443925
10815,432.56,0.98,1,-0.051,0.295,0.065,-0.002,0.047,0.0,0.0,0.0,0.0,0.0,1.86,0.0,0.0,0.3,0.07,0.15,1.52,0.0,0.19,0.04,0.18,0.0,0.0,0.0,0.0,0.0,0.0,0.0,0.0,0.0,0.0,1.0,0.0,1.0,0.0,0.0,0.0,0.0,0.0,0.0,0.2361710182944618,18.931983519959115,19.009471323527123
10816,432.6,0.98,1,-0.05,0.274,0.061,-0.001,0.047,0.0,0.0,0.0,0.0,0.0,1.74,0.0,0.0,0.31,0.02,0.26,1.48,0.0,0.2,0.04,0.12,0.0,0.0,0.0,0.0,0.0,0.0,0.0,0.0,0.0,0.0,1.0,0.0,1.0,0.0,0.0,0.0,0.0,0.0,0.0,0.24617968321367362,19.825236442473976,19.920341362537027
10817,432.64,0.98,1,-0.045,0.271,0.065,-0.001,0.046,0.0,0.0,0.0,0.0,0.0,1.81,0.0,0.0,0.3,0.0,0.32,1.5,0.0,0.23,0.0,0.07,0.0,0.0,0.0,0.0,0.0,0.0,0.0,0.0,0.0,0.0,1.0,0.0,1.0,0.0,0.0,0.0,0.0,0.0,0.0,0.2552224076585255,20.220039564748454,19.420865068271386
10818,432.68,0.98,1,-0.035,0.275,0.068,0.001,0.046,0.0,0.0,0.0,0.0,0.0,1.84,0.0,0.0,0.29,0.0,0.28,1.49,0.0,0.26,0.04,0.12,0.0,0.0,0.0,0.0,0.0,0.0,0.0,0.0,0.0,0.0,1.0,0.0,1.0,0.0,0.0,0.0,0.0,0.0,0.0,0.2600149230970071,20.619650821485934,20.729206448873096
10819,432.72,0.98,1,-0.034,0.269,0.066,-0.001,0.044,0.0,0.0,0.0,0.0,0.0,1.88,0.0,0.0,0.3,0.0,0.25,1.47,0.0,0.27,0.04,0.08,0.0,0.0,0.0,0.0,0.0,0.0,0.0,0.0,0.0,0.0,1.0,0.0,1.0,0.0,0.0,0.0,0.0,0.0,0.0,0.2703277886218279,20.70096616102741,21.140009460735726
10820,432.76,0.98,1,-0.029,0.258,0.061,-0.003,0.044,0.0,0.0,0.0,0.0,0.0,1.7,0.0,0.0,0.32,0.0,0.26,1.53,0.0,0.26,0.04,0.08,0.0,0.0,0.0,0.0,0.0,0.0,0.0,0.0,0.0,0.0,1.0,0.0,1.0,0.0,0.0,0.0,0.0,0.0,0.0,0.27243109843582286,21.202122535255803,21.738905216224715
10821,432.8,0.98,1,-0.029,0.257,0.064,-0.004,0.041,0.0,0.0,0.0,0.0,0.0,1.63,0.0,0.0,0.35,0.0,0.33,1.43,0.0,0.18,0.02,0.08,0.0,0.0,0.0,0.0,0.0,0.0,0.0,0.0,0.0,0.0,1.0,0.0,1.0,0.0,0.0,0.0,0.0,0.0,0.0,0.27829038660105765,21.10094784600933,21.345959805077822
10822,432.84,0.98,1,-0.032,0.255,0.063,-0.004,0.037,0.0,0.0,0.0,0.0,0.0,1.69,0.0,0.02,0.35,0.0,0.39,1.39,0.0,0.15,0.02,0.12,0.0,0.0,0.0,0.0,0.0,0.0,0.0,0.0,0.0,0.0,1.0,0.0,1.0,0.0,0.0,0.0,0.0,0.0,0.0,0.2822456865979525,21.508370463612533,21.751781536232887
10823,432.88,0.98,1,-0.031,0.257,0.062,-0.002,0.037,0.0,0.0,0.0,0.0,0.0,1.79,0.0,0.02,0.32,0.0,0.34,1.35,0.02,0.13,0.02,0.1,0.0,0.0,0.0,0.0,0.0,0.0,0.0,0.0,0.0,0.0,1.0,0.0,1.0,0.0,0.0,0.0,0.0,0.0,0.0,0.28056564658721733,21.008569680013917,21.94470323335461
10824,432.92,0.98,1,-0.026,0.263,0.061,-0.001,0.037,0.09,0.0,0.0,0.0,0.0,1.45,0.0,0.02,0.29,0.0,0.24,1.37,0.02,0.1,0.0,0.12,0.67,0.0,0.0,0.0,0.0,0.0,0.0,0.0,0.0,0.0,1.0,0.0,1.0,0.0,0.0,0.0,0.0,0.0,0.0,0.2661035190994341,20.200990074746382,20.928927349484358
10825,432.96,0.98,1,-0.019,0.417,0.045,-0.002,0.039,0.34,0.0,0.0,0.0,0.0,0.81,0.0,0.0,0.34,0.0,0.09,1.31,0.03,0.06,0.0,0.15,1.33,0.0,0.0,0.0,0.0,0.0,0.0,0.0,0.0,0.0,1.0,0.0,1.0,0.0,0.0,0.0,0.0,0.0,1.0,0.1879711076522413,17.628386199536155,20.81537893001225
10826,433.0,0.98,1,-0.061,0.428,0.054,-0.006,0.044,0.38,0.0,0.0,0.0,0.0,0.34,0.0,0.0,0.34,0.0,0.01,1.26,0.02,0.0,0.0,0.18,2.0,0.0,0.0,0.0,0.0,0.0,0.0,0.0,0.0,0.0,1.0,0.0,1.0,0.0,0.0,0.0,0.0,0.0,1.0,0.18889853453341057,16.967321532875893,21.7036863228347
10827,433.04,0.98,1,-0.048,0.435,0.05,-0.007,0.044,0.54,0.06,0.0,0.0,0.0,0.61,0.0,0.0,0.3,0.09,0.0,1.27,0.02,0.0,0.0,0.16,1.77,0.0,0.0,0.0,0.0,0.0,0.0,0.0,0.0,0.0,1.0,0.0,1.0,0.0,0.0,0.0,0.0,0.0,1.0,0.17961085957582124,16.609033686521318,19.904019694523882
10828,433.08,0.98,1,-0.046,0.371,0.049,0.009,0.025,0.37,0.06,0.0,0.0,0.0,1.06,0.0,0.0,0.24,0.09,0.0,1.3,0.0,0.01,0.0,0.16,1.34,0.0,0.0,0.0,0.0,0.0,0.0,0.0,0.0,0.0,1.0,0.0,1.0,0.0,0.0,0.0,0.0,0.0,1.0,0.18537965776860071,19.782062582046436,18.64537476158645
10829,433.12,0.98,1,-0.03,0.325,0.054,0.006,0.033,0.32,0.06,0.0,0.0,0.0,1.62,0.0,0.07,0.26,0.1,0.01,1.3,0.0,0.04,0.0,0.24,0.79,0.0,0.0,0.0,0.0,0.0,0.0,0.0,0.0,0.0,1.0,0.0,1.0,0.0,0.0,0.0,0.0,0.0,1.0,0.1954544083728984,17.740631330367073,18.621761463406102
10830,433.16,0.98,1,-0.034,0.328,0.054,0.004,0.036,0.08,0.0,0.0,0.0,0.0,1.94,0.0,0.07,0.31,0.02,0.01,1.27,0.0,0.13,0.0,0.27,0.4,0.0,0.0,0.0,0.0,0.0,0.0,0.0,0.0,0.0,1.0,0.0,1.0,0.0,0.0,0.0,0.0,0.0,1.0,0.17830751884803903,16.76722994415003,18.60430057809206
10831,433.2,0.98,1,-0.033,0.321,0.064,-0.004,0.041,0.0,0.0,0.0,0.0,0.0,2.19,0.0,0.07,0.29,0.02,0.03,1.3,0.0,0.2,0.0,0.32,0.16,0.0,0.0,0.0,0.0,0.0,0.0,0.0,0.0,0.0,1.0,0.0,1.0,0.0,0.0,0.0,0.0,0.0,1.0,0.1956186637588292,17.428711943227565,19.209372712298592
10832,433.24,0.98,1,-0.046,0.31,0.067,-0.006,0.041,0.0,0.0,0.0,0.0,0.0,2.17,0.0,0.0,0.27,0.0,0.03,1.31,0.0,0.34,0.0,0.29,0.04,0.0,0.0,0.0,0.0,0.0,0.0,0.0,0.0,0.0,1.0,0.0,1.0,0.0,0.0,0.0,0.0,0.0,1.0,0.231259080660656,17.906981878585658,18.70026737776767
10833,433.28,0.98,1,-0.057,0.299,0.064,-0.003,0.042,0.05,0.08,0.0,0.0,0.0,2.17,0.0,0.0,0.27,0.0,0.03,1.35,0.0,0.36,0.0,0.2,0.0,0.0,0.0,0.0,0.0,0.0,0.0,0.0,0.0,0.0,1.0,0.0,1.0,0.0,0.0,0.0,0.0,0.0,0.0,0.23201513551673972,19.121192431436,19.004210059878837
10834,433.32,0.98,1,-0.047,0.281,0.066,-0.001,0.041,0.08,0.13,0.0,0.0,0.0,2.08,0.0,0.0,0.29,0.0,0.01,1.42,0.0,0.36,0.0,0.1,0.0,0.0,0.0,0.0,0.0,0.0,0.0,0.0,0.0,0.0,1.0,0.0,1.0,0.0,0.0,0.0,0.0,0.0,0.0,0.2530252133055933,19.42575609854102,19.009471323527123
10835,433.36,0.98,1,-0.056,0.271,0.067,-0.003,0.041,0.08,0.13,0.0,0.0,0.0,2.02,0.0,0.0,0.31,0.04,0.01,1.46,0.0,0.31,0.0,0.05,0.0,0.0,0.0,0.0,0.0,0.0,0.0,0.0,0.0,0.0,1.0,0.0,1.0,0.0,0.0,0.0,0.0,0.0,0.0,0.255563430971703,20.524375751773793,19.62549362436513
10836,433.4,0.98,1,-0.06,0.266,0.064,-0.005,0.04,0.07,0.07,0.0,0.0,0.0,1.82,0.0,0.0,0.3,0.08,0.01,1.45,0.0,0.32,0.0,0.12,0.0,0.0,0.0,0.0,0.0,0.0,0.0,0.0,0.0,0.0,1.0,0.0,1.0,0.0,0.0,0.0,0.0,0.0,0.0,0.2629379435501975,20.940391591372013,19.94241710525591
10837,433.44,0.98,1,-0.06,0.264,0.066,-0.002,0.039,0.09,0.04,0.0,0.0,0.0,1.76,0.0,0.0,0.28,0.08,0.02,1.39,0.0,0.38,0.0,0.24,0.0,0.0,0.0,0.0,0.0,0.0,0.0,0.0,0.0,0.0,1.0,0.0,1.0,0.0,0.0,0.0,0.0,0.0,0.0,0.25728810668263125,21.618741869035674,19.14418971907656
10838,433.48,0.98,1,-0.059,0.289,0.067,0.001,0.038,0.09,0.04,0.0,0.0,0.0,1.56,0.0,0.0,0.25,0.06,0.05,1.41,0.01,0.44,0.0,0.27,0.0,0.0,0.0,0.0,0.0,0.0,0.0,0.0,0.0,0.0,1.0,0.0,1.0,0.0,0.0,0.0,0.0,0.0,0.0,0.23413668536471793,21.523243250030884,20.424495097798488
10839,433.52,0.98,1,-0.056,0.317,0.075,0.004,0.037,0.05,0.02,0.0,0.0,0.0,1.53,0.0,0.0,0.22,0.03,0.06,1.4,0.01,0.49,0.0,0.36,0.0,0.0,0.0,0.0,0.0,0.0,0.0,0.0,0.0,0.0,1.0,0.0,1.0,0.0,0.0,0.0,0.0,0.0,0.0,0.2189838236528299,20.711832367030986,20.429635336931355
10840,433.56,0.98,1,-0.052,0.306,0.072,0.004,0.038,0.0,0.0,0.0,0.0,0.0,1.56,0.0,0.0,0.24,0.03,0.15,1.48,0.01,0.5,0.0,0.32,0.0,0.0,0.0,0.0,0.0,0.0,0.0,0.0,0.0,0.0,1.0,0.0,1.0,0.0,0.0,0.0,0.0,0.0,0.0,0.21974147147471368,20.806008747474806,21.239821091525272
10841,433.6,0.98,1,-0.055,0.31,0.077,0.004,0.038,0.0,0.0,0.0,0.0,0.0,1.63,0.0,0.0,0.24,0.0,0.11,1.4,0.0,0.53,0.0,0.4,0.0,0.0,0.0,0.0,0.0,0.0,0.0,0.0,0.0,0.0,1.0,0.0,1.0,0.0,0.0,0.0,0.0,0.0,0.0,0.2185304934052937,20.508778608196053,21.246176126541027
10842,433.64,0.98,1,-0.053,0.311,0.074,0.002,0.038,0.0,0.0,0.0,0.0,0.0,1.7,0.0,0.0,0.26,0.05,0.13,1.45,0.0,0.52,0.0,0.33,0.0,0.0,0.0,0.0,0.0,0.0,0.0,0.0,0.0,0.0,1.0,0.0,1.0,0.0,0.0,0.0,0.0,0.0,0.0,0.21684417669988293,20.108953229842804,20.654539452624103
10843,433.68,0.98,1,-0.059,0.314,0.076,0.003,0.037,0.0,0.0,0.0,0.0,0.0,1.79,0.0,0.0,0.24,0.05,0.05,1.41,0.0,0.52,0.0,0.37,0.0,0.0,0.0,0.0,0.0,0.0,0.0,0.0,0.0,0.0,1.0,0.0,1.0,0.0,0.0,0.0,0.0,0.0,0.0,0.21510273291489773,20.408821622033802,20.75427666771362
10844,433.72,0.98,1,-0.055,0.297,0.071,-0.001,0.038,0.0,0.0,0.0,0.0,0.0,1.78,0.0,0.0,0.24,0.05,0.05,1.48,0.0,0.52,0.0,0.4,0.0,0.0,0.0,0.0,0.0,0.0,0.0,0.0,0.0,0.0,1.0,0.0,1.0,0.0,0.0,0.0,0.0,0.0,0.0,0.23604972856761475,20.90095691589272,20.647518010647094
10845,433.76,0.98,1,-0.058,0.317,0.079,0.004,0.036,0.0,0.0,0.0,0.0,0.0,1.82,0.0,0.0,0.23,0.02,0.06,1.51,0.0,0.49,0.0,0.37,0.0,0.0,0.0,0.0,0.0,0.0,0.0,0.0,0.0,0.0,1.0,0.0,1.0,0.0,0.0,0.0,0.0,0.0,0.0,0.2185399769761771,21.10213259365025,20.44798278559513
10846,433.8,0.98,1,-0.062,0.296,0.073,0.001,0.036,0.0,0.0,0.0,0.0,0.0,1.7,0.0,0.0,0.25,0.07,0.08,1.51,0.0,0.5,0.0,0.34,0.0,0.0,0.0,0.0,0.0,0.0,0.0,0.0,0.0,0.0,1.0,0.0,1.0,0.0,0.0,0.0,0.0,0.0,0.0,0.24289590596970873,21.10379112861018,20.961154548354532
10847,433.84,0.98,1,-0.057,0.31,0.079,0.009,0.032,0.0,0.0,0.0,0.0,0.0,1.76,0.0,0.0,0.24,0.14,0.13,1.51,0.0,0.48,0.0,0.24,0.0,0.0,0.0,0.0,0.0,0.0,0.0,0.0,0.0,0.0,1.0,0.0,1.0,0.0,0.0,0.0,0.0,0.0,0.0,0.21915577425703434,20.802163349036743,21.45250568115538
10848,433.88,0.98,1,-0.064,0.314,0.081,0.01,0.031,0.0,0.0,0.0,0.0,0.0,1.65,0.0,0.0,0.27,0.13,0.18,1.41,0.0,0.53,0.0,0.27,0.0,0.0,0.0,0.0,0.0,0.0,0.0,0.0,0.0,0.0,1.0,0.0,1.0,0.0,0.0,0.0,0.0,0.0,0.0,0.2151309590414657,20.806008747474806,21.03425777154973
10849,433.92,0.98,1,-0.066,0.311,0.078,0.009,0.03,0.0,0.0,0.0,0.0,0.0,1.69,0.0,0.0,0.32,0.09,0.2,1.42,0.0,0.54,0.0,0.24,0.0,0.0,0.0,0.0,0.0,0.0,0.0,0.0,0.0,0.0,1.0,0.0,1.0,0.0,0.0,0.0,0.0,0.0,0.0,0.21487360963219765,21.1059233391957,20.64097865896881
10850,433.96,0.98,1,-0.064,0.317,0.08,0.009,0.03,0.0,0.0,0.0,0.0,0.0,1.81,0.0,0.0,0.36,0.02,0.14,1.4,0.0,0.58,0.0,0.17,0.0,0.0,0.0,0.0,0.0,0.0,0.0,0.0,0.0,0.0,1.0,0.0,1.0,0.0,0.0,0.0,0.0,0.0,0.0,0.21796701205852198,21.002142747824564,20.535091916034858
10851,434.0,0.98,1,-0.084,0.302,0.079,0.015,0.032,0.0,0.0,0.0,0.0,0.0,1.68,0.0,0.0,0.35,0.0,0.05,1.36,0.0,0.59,0.0,0.15,0.0,0.0,0.0,0.0,0.0,0.0,0.0,0.0,0.0,0.0,1.0,0.0,1.0,0.0,0.0,0.0,0.0,0.0,0.0,0.22042262218495287,20.40612653102013,19.93614807328646
10852,434.04,0.98,1,-0.081,0.31,0.077,0.01,0.036,0.0,0.0,0.0,0.0,0.0,1.68,0.0,0.0,0.35,0.02,0.01,1.33,0.0,0.62,0.0,0.18,0.0,0.0,0.0,0.0,0.0,0.0,0.0,0.0,0.0,0.0,1.0,0.0,1.0,0.0,0.0,0.0,0.0,0.0,0.0,0.21875566321999482,20.60218435020899,19.437077969695025
10853,434.08,0.98,1,-0.083,0.314,0.08,0.008,0.037,0.0,0.0,0.0,0.0,0.0,1.7,0.0,0.0,0.34,0.02,0.02,1.33,0.0,0.61,0.0,0.32,0.0,0.0,0.0,0.0,0.0,0.0,0.0,0.0,0.0,0.0,1.0,0.0,1.0,0.0,0.0,0.0,0.0,0.0,0.0,0.228333154712368,20.10223868130128,18.93805692250405
10854,434.12,0.98,1,-0.087,0.301,0.079,0.01,0.038,0.0,0.0,0.0,0.0,0.0,1.9,0.0,0.0,0.34,0.02,0.02,1.35,0.05,0.55,0.0,0.29,0.04,0.0,0.0,0.0,0.0,0.0,0.0,0.0,0.0,0.0,1.0,0.0,1.0,0.0,0.0,0.0,0.0,0.0,0.0,0.23490770361262486,20.708693826506824,17.92791120013693
10855,434.16,0.98,1,-0.142,0.286,0.07,0.009,0.039,0.0,0.0,0.0,0.0,0.0,1.87,0.0,0.0,0.33,0.0,0.01,1.28,0.17,0.5,0.0,0.21,0.09,0.0,0.0,0.0,0.0,0.0,0.0,0.0,0.0,0.0,1.0,0.0,1.0,0.0,0.0,0.0,0.0,0.0,0.0,0.21878332036593612,22.337860237721916,18.445866745696804
10856,434.2,0.98,1,-0.179,0.264,0.078,0.02,0.039,0.0,0.0,0.0,0.09,0.0,1.67,0.0,0.0,0.29,0.0,0.0,1.21,0.18,0.46,0.0,0.1,0.23,0.0,0.0,0.0,0.0,0.0,0.0,0.0,0.0,0.0,1.0,0.0,1.0,0.0,0.0,0.0,0.0,0.0,0.0,0.24443278438349858,19.4435079139543,24.701821795163248
10857,434.24,0.98,1,-0.21,0.266,0.076,0.037,0.036,0.01,0.0,0.0,0.14,0.0,1.54,0.0,0.0,0.26,0.02,0.0,1.31,0.26,0.52,0.0,0.1,0.19,0.0,0.0,0.0,0.0,0.0,0.0,0.0,0.0,0.0,1.0,0.0,1.0,0.0,0.0,0.0,0.0,0.0,0.0,0.25092933441710186,20.42963533693136,28.617477177417207
10858,434.28,0.98,1,-0.212,0.263,0.07,0.05,0.039,0.01,0.0,0.0,0.25,0.0,1.56,0.0,0.0,0.26,0.02,0.0,1.29,0.31,0.53,0.0,0.19,0.15,0.0,0.0,0.0,0.0,0.0,0.0,0.0,0.0,0.0,1.0,0.0,1.0,0.0,0.0,0.0,0.0,0.0,0.0,0.26739049094597733,21.54553317975677,29.290442127083075
10859,434.32,0.98,1,-0.223,0.26,0.063,0.065,0.04,0.01,0.0,0.0,0.21,0.0,1.48,0.0,0.0,0.3,0.08,0.0,1.26,0.39,0.56,0.0,0.15,0.01,0.0,0.0,0.0,0.0,0.0,0.0,0.0,0.0,0.0,1.0,0.0,1.0,0.0,0.0,0.0,0.0,0.0,0.0,0.26674999903442786,22.051077071199945,29.39812919217816
10860,434.36,0.98,1,-0.225,0.251,0.067,0.077,0.038,0.06,0.0,0.0,0.24,0.0,1.4,0.0,0.0,0.29,0.06,0.0,1.05,0.43,0.55,0.0,0.1,0.0,0.0,0.0,0.0,0.0,0.0,0.0,0.0,0.0,0.0,1.0,0.0,1.0,1.0,1.0,0.0,0.0,0.0,0.0,0.27564871894188725,21.567104580819375,29.315524897228137
10861,434.4,0.98,1,-0.233,0.249,0.063,0.085,0.037,0.15,0.03,0.0,0.33,0.0,1.24,0.0,0.0,0.26,0.12,0.0,1.01,0.48,0.56,0.0,0.05,0.0,0.0,0.0,0.0,0.0,0.0,0.0,0.0,0.0,0.0,1.0,0.0,1.0,1.0,1.0,0.0,0.0,0.0,0.0,0.26970036686066456,21.951309755911925,29.361539469176293
10862,434.44,0.98,1,-0.241,0.247,0.062,0.091,0.037,0.18,0.03,0.0,0.4,0.0,1.27,0.0,0.0,0.27,0.12,0.0,0.88,0.55,0.53,0.0,0.12,0.0,0.0,0.0,0.0,0.0,0.0,0.0,0.0,0.0,0.0,1.0,0.0,1.0,1.0,1.0,0.0,0.0,0.0,0.0,0.2670098328612423,21.467417171145755,28.69233347080706
10863,434.48,0.98,1,-0.233,0.245,0.059,0.091,0.039,0.17,0.03,0.0,0.39,0.0,1.35,0.0,0.0,0.29,0.14,0.0,0.92,0.52,0.51,0.0,0.13,0.03,0.0,0.0,0.0,0.0,0.0,0.0,0.0,0.0,0.0,1.0,0.0,1.0,0.0,1.0,0.0,0.0,0.0,0.0,0.27159942290986183,22.372527796384517,29.125418451929583
10864,434.52,0.98,1,-0.202,0.251,0.056,0.089,0.038,0.18,0.03,0.0,0.21,0.0,1.27,0.0,0.0,0.3,0.09,0.0,0.97,0.37,0.4,0.0,0.11,0.55,0.0,0.0,0.0,0.0,0.0,0.0,0.0,0.0,0.0,1.0,0.0,1.0,0.0,1.0,0.0,0.0,0.0,0.0,0.2677974272532988,21.920994502987263,29.605742686174924
10865,434.56,0.98,1,-0.188,0.335,0.047,0.084,0.044,0.45,0.26,0.0,0.08,0.0,0.81,0.0,0.0,0.28,0.17,0.0,1.0,0.3,0.26,0.0,0.04,1.5,0.0,0.0,0.0,0.0,0.0,0.0,0.0,0.0,0.0,1.0,0.0,1.0,0.0,1.0,0.0,0.0,0.0,1.0,0.20109770513236813,19.990497742677743,24.32488437793688
10866,434.6,0.98,1,-0.119,0.427,0.043,0.078,0.047,0.68,0.39,0.0,0.0,0.0,0.35,0.0,0.0,0.22,0.29,0.02,1.0,0.26,0.09,0.0,0.03,2.24,0.0,0.0,0.0,0.0,0.0,0.0,0.0,0.0,0.0,1.0,0.0,1.0,0.0,0.0,0.0,0.0,0.0,1.0,0.17985979894968857,17.55135322418175,19.40412327316036
10867,434.64,0.98,1,-0.101,0.431,0.041,0.069,0.05,0.79,0.48,0.0,0.0,0.0,0.25,0.0,0.0,0.13,0.39,0.02,1.0,0.23,0.04,0.0,0.03,2.29,0.0,0.0,0.0,0.0,0.0,0.0,0.0,0.0,0.0,1.0,0.0,1.0,0.0,0.0,0.0,0.0,0.0,1.0,0.17514019506146855,19.091883092036863,20.31575743111731
10868,434.68,0.98,1,-0.107,0.401,0.034,0.06,0.047,0.55,0.26,0.0,0.0,0.0,0.57,0.0,0.0,0.12,0.28,0.04,1.16,0.18,0.08,0.0,0.14,1.76,0.0,0.0,0.0,0.0,0.0,0.0,0.0,0.0,0.0,1.0,0.0,1.0,0.0,0.0,0.0,0.0,0.0,1.0,0.17818023225909835,18.453184007103037,20.903827400741804
10869,434.72,0.98,1,-0.054,0.355,0.054,0.046,0.039,0.27,0.13,0.0,0.0,0.0,1.18,0.0,0.0,0.16,0.14,0.11,1.3,0.09,0.15,0.0,0.18,0.98,0.0,0.0,0.0,0.0,0.0,0.0,0.0,0.0,0.0,1.0,0.0,1.0,0.0,0.0,0.0,0.0,0.0,1.0,0.18892026446618157,18.96760396043724,19.512560057562926
10870,434.76,0.98,1,-0.054,0.325,0.063,0.032,0.036,0.08,0.0,0.0,0.0,0.0,1.51,0.0,0.0,0.24,0.03,0.23,1.31,0.04,0.23,0.0,0.2,0.42,0.0,0.0,0.0,0.0,0.0,0.0,0.0,0.0,0.0,1.0,0.0,1.0,0.0,0.0,0.0,0.0,0.0,1.0,0.19441854661476374,17.722866585290358,20.10397970552113
10871,434.8,0.98,1,-0.051,0.288,0.064,0.023,0.036,0.02,0.0,0.0,0.0,0.0,1.77,0.0,0.0,0.25,0.0,0.38,1.29,0.0,0.32,0.0,0.11,0.0,0.0,0.0,0.0,0.0,0.0,0.0,0.0,0.0,0.0,1.0,0.0,1.0,0.0,0.0,0.0,0.0,0.0,1.0,0.23053902482853156,20.015993605114883,21.000238093888363
10872,434.84,0.98,1,-0.049,0.29,0.065,0.015,0.036,0.02,0.0,0.0,0.0,0.0,1.74,0.0,0.0,0.25,0.0,0.43,1.24,0.01,0.39,0.0,0.07,0.0,0.0,0.0,0.0,0.0,0.0,0.0,0.0,0.0,0.0,1.0,0.0,1.0,0.0,0.0,0.0,0.0,0.0,0.0,0.2430230147480923,20.508778608196053,21.403737991294975
10873,434.88,0.98,1,-0.038,0.287,0.065,0.009,0.038,0.0,0.0,0.0,0.0,0.0,1.67,0.0,0.0,0.24,0.0,0.36,1.33,0.01,0.43,0.0,0.06,0.0,0.0,0.0,0.0,0.0,0.0,0.0,0.0,0.0,0.0,1.0,0.0,1.0,0.0,0.0,0.0,0.0,0.0,0.0,0.2405711385865379,20.208908926510652,21.50837046361253
10874,434.92,0.98,1,-0.034,0.306,0.074,0.005,0.036,0.0,0.0,0.0,0.0,0.0,1.62,0.0,0.0,0.23,0.0,0.26,1.35,0.1,0.45,0.0,0.03,0.0,0.0,0.0,0.0,0.0,0.0,0.0,0.0,0.0,0.0,1.0,0.0,1.0,0.0,0.0,0.0,0.0,0.0,0.0,0.22637883332020498,20.4009803685998,22.42231031807392
10875,434.96,0.98,1,-0.036,0.3,0.076,-0.001,0.034,0.0,0.0,0.0,0.0,0.0,1.74,0.0,0.0,0.2,0.0,0.18,1.43,0.09,0.49,0.0,0.12,0.0,0.0,0.0,0.0,0.0,0.0,0.0,0.0,0.0,0.0,1.0,0.0,1.0,0.0,0.0,0.0,0.0,0.0,0.0,0.24383584706820413,20.80096151623761,22.443707358634054
10876,435.0,0.98,1,-0.04,0.312,0.078,-0.005,0.032,0.0,0.0,0.0,0.0,0.0,1.74,0.0,0.0,0.22,0.0,0.16,1.46,0.09,0.47,0.0,0.22,0.0,0.0,0.0,0.0,0.0,0.0,0.0,0.0,0.0,0.0,1.0,0.0,1.0,0.0,0.0,0.0,0.0,0.0,0.0,0.21288645670300785,22.302017845925914,22.82651966463587
10877,435.04,0.98,1,-0.035,0.279,0.07,-0.013,0.032,0.0,0.0,0.0,0.0,0.0,1.78,0.0,0.0,0.24,0.05,0.29,1.45,0.09,0.42,0.0,0.3,0.0,0.0,0.0,0.0,0.0,0.0,0.0,0.0,0.0,0.0,1.0,0.0,1.0,0.0,0.0,0.0,0.0,0.0,0.0,0.25998792488500055,22.138202275704227,23.541665191740364
10878,435.08,0.98,1,-0.03,0.298,0.073,-0.004,0.016,0.0,0.0,0.0,0.0,0.0,1.71,0.0,0.0,0.28,0.05,0.4,1.36,0.1,0.39,0.0,0.3,0.0,0.0,0.0,0.0,0.0,0.0,0.0,0.0,0.0,0.0,1.0,0.0,1.0,0.0,0.0,0.0,0.0,0.0,0.0,0.22802217136651873,22.52687284112022,23.02628932329306
10879,435.12,0.98,1,-0.038,0.273,0.073,-0.013,0.028,0.0,0.0,0.0,0.0,0.0,1.78,0.0,0.0,0.33,0.1,0.51,1.23,0.16,0.29,0.0,0.18,0.0,0.0,0.0,0.0,0.0,0.0,0.0,0.0,0.0,0.0,1.0,0.0,1.0,0.0,0.0,0.0,0.0,0.0,0.0,0.27054604606435506,21.94470323335438,22.679726629745925
10880,435.16,0.98,1,-0.037,0.289,0.076,-0.001,0.011,0.0,0.0,0.0,0.0,0.0,1.84,0.0,0.0,0.33,0.05,0.43,1.23,0.11,0.36,0.0,0.16,0.0,0.0,0.0,0.0,0.0,0.0,0.0,0.0,0.0,0.0,1.0,0.0,1.0,0.0,0.0,0.0,0.0,0.0,0.0,0.22436040392069467,22.510886255321005,23.14865006863242
10881,435.2,0.98,1,-0.035,0.267,0.066,-0.016,0.029,0.06,0.0,0.0,0.0,0.0,1.83,0.0,0.0,0.34,0.05,0.44,1.15,0.16,0.34,0.0,0.12,0.0,0.0,0.0,0.0,0.0,0.0,0.0,0.0,0.0,0.0,1.0,0.0,1.0,0.0,0.0,0.0,0.0,0.0,0.0,0.2672853958313508,21.445745498816173,22.963013739489718
10882,435.24,0.98,1,-0.035,0.287,0.078,-0.004,0.013,0.06,0.0,0.0,0.0,0.0,1.86,0.0,0.0,0.31,0.0,0.42,1.26,0.13,0.46,0.0,0.1,0.0,0.0,0.0,0.0,0.0,0.0,0.0,0.0,0.0,0.0,1.0,0.0,1.0,0.0,0.0,0.0,0.0,0.0,0.0,0.23701593637326895,22.244100341438894,22.74313083108836
10883,435.28,0.98,1,-0.039,0.269,0.067,-0.013,0.027,0.1,0.0,0.0,0.0,0.0,1.85,0.0,0.04,0.33,0.0,0.47,1.32,0.25,0.39,0.0,0.04,0.0,0.0,0.0,0.0,0.0,0.0,0.0,0.0,0.0,0.0,1.0,0.0,1.0,0.0,0.0,0.0,0.0,0.0,0.0,0.2622923866575665,22.25061796894621,22.15784285529632
10884,435.32,0.98,1,-0.044,0.284,0.076,-0.002,0.013,0.04,0.0,0.0,0.0,0.0,1.79,0.0,0.04,0.36,0.0,0.42,1.48,0.2,0.43,0.0,0.0,0.0,0.0,0.0,0.0,0.0,0.0,0.0,0.0,0.0,0.0,1.0,0.0,1.0,0.0,0.0,0.0,0.0,0.0,0.0,0.22286025807513166,22.337860237721923,22.8560714034586
10885,435.36,0.98,1,-0.033,0.266,0.071,-0.015,0.025,0.04,0.0,0.0,0.0,0.0,1.67,0.0,0.04,0.35,0.04,0.39,1.42,0.24,0.36,0.0,0.0,0.0,0.0,0.0,0.0,0.0,0.0,0.0,0.0,0.0,0.0,1.0,0.0,1.0,0.0,0.0,0.0,0.0,0.0,0.0,0.27865907983559746,22.34390297150429,23.34202219174675
10886,435.4,0.98,1,-0.035,0.282,0.078,-0.002,0.01,0.0,0.0,0.0,0.0,0.0,1.7,0.0,0.0,0.34,0.04,0.27,1.4,0.08,0.4,0.0,0.01,0.0,0.0,0.0,0.0,0.0,0.0,0.0,0.0,0.0,0.0,1.0,0.0,1.0,0.0,0.0,0.0,0.0,0.0,0.0,0.2457958272335794,22.281157959136728,22.68832298782781
10887,435.44,0.98,1,-0.047,0.308,0.068,-0.008,0.026,0.19,0.0,0.0,0.0,0.0,1.49,0.0,0.0,0.31,0.08,0.19,1.24,0.16,0.32,0.0,0.01,0.11,0.0,0.0,0.0,0.0,0.0,0.0,0.0,0.0,0.0,1.0,0.0,1.0,0.0,0.0,0.0,0.0,0.0,0.0,0.22528714255270219,20.21583537724825,22.949074055395005
10888,435.48,0.98,1,-0.031,0.323,0.066,0.004,0.012,0.23,0.0,0.0,0.0,0.0,1.37,0.0,0.0,0.3,0.09,0.17,1.28,0.12,0.35,0.0,0.04,0.21,0.0,0.0,0.0,0.0,0.0,0.0,0.0,0.0,0.0,1.0,0.0,1.0,0.0,0.0,0.0,0.0,0.0,0.0,0.23619017261943773,19.550191814915777,20.500243900988107
10889,435.52,0.98,1,-0.046,0.336,0.066,-0.006,0.023,0.33,0.0,0.0,0.0,0.0,1.25,0.0,0.0,0.27,0.09,0.21,1.3,0.21,0.35,0.0,0.07,0.23,0.0,0.0,0.0,0.0,0.0,0.0,0.0,0.0,0.0,1.0,0.0,1.0,0.0,0.0,0.0,0.0,0.0,0.0,0.2241101217561285,19.304144632694996,20.10099500024803
10890,435.56,0.98,1,-0.041,0.332,0.07,-0.006,0.029,0.17,0.0,0.0,0.0,0.0,1.41,0.0,0.0,0.25,0.05,0.22,1.45,0.23,0.43,0.0,0.09,0.21,0.0,0.0,0.0,0.0,0.0,0.0,0.0,0.0,0.0,1.0,0.0,1.0,0.0,0.0,0.0,0.0,0.0,0.0,0.21496818311732685,19.09999999999991,20.500243900988107
10891,435.6,0.98,1,-0.044,0.341,0.069,-0.005,0.032,0.16,0.0,0.0,0.0,0.0,1.48,0.0,0.0,0.24,0.0,0.19,1.38,0.18,0.41,0.0,0.07,0.18,0.0,0.0,0.0,0.0,0.0,0.0,0.0,0.0,0.0,1.0,0.0,1.0,0.0,0.0,0.0,0.0,0.0,0.0,0.2069324705925511,19.82044399099067,20.4009803685998
10892,435.64,0.98,1,-0.031,0.341,0.071,-0.011,0.033,0.25,0.0,0.0,0.0,0.0,1.45,0.0,0.0,0.29,0.05,0.24,1.3,0.12,0.3,0.0,0.02,0.41,0.0,0.0,0.0,0.0,0.0,0.0,0.0,0.0,0.0,1.0,0.0,1.0,0.0,0.0,0.0,0.0,0.0,0.0,0.21556414077206,18.817013578142475,20.200000000000045
10893,435.68,0.98,1,-0.03,0.342,0.066,0.003,0.016,0.26,0.0,0.0,0.0,0.0,1.45,0.0,0.0,0.3,0.06,0.21,1.34,0.03,0.3,0.0,0.05,0.52,0.0,0.0,0.0,0.0,0.0,0.0,0.0,0.0,0.0,1.0,0.0,1.0,0.0,0.0,0.0,0.0,0.0,0.0,0.21828322855476895,20.54117815511077,20.50219500443794
10894,435.72,0.98,1,-0.036,0.337,0.065,-0.002,0.028,0.26,0.0,0.0,0.0,0.0,1.55,0.0,0.0,0.31,0.06,0.2,1.41,0.03,0.31,0.0,0.11,0.57,0.0,0.0,0.0,0.0,0.0,0.0,0.0,0.0,0.0,1.0,0.0,1.0,0.0,0.0,0.0,0.0,0.0,0.0,0.2077058989260675,20.32978111047946,20.500243900988107
10895,435.76,0.98,1,-0.032,0.344,0.067,-0.006,0.03,0.07,0.0,0.0,0.0,0.0,1.56,0.0,0.0,0.27,0.0,0.17,1.43,0.07,0.38,0.0,0.11,0.4,0.0,0.0,0.0,0.0,0.0,0.0,0.0,0.0,0.0,1.0,0.0,1.0,0.0,0.0,0.0,0.0,0.0,1.0,0.2029585410908521,20.148697228357108,20.500243900988107
10896,435.8,0.98,1,-0.034,0.341,0.069,-0.008,0.033,0.14,0.0,0.0,0.0,0.0,1.44,0.0,0.0,0.31,0.08,0.26,1.28,0.18,0.23,0.0,0.15,0.63,0.0,0.0,0.0,0.0,0.0,0.0,0.0,0.0,0.0,1.0,0.0,1.0,0.0,0.0,0.0,0.0,0.0,1.0,0.20806250555494105,20.03596765818911,20.4009803685998
10897,435.84,0.98,1,-0.048,0.365,0.072,-0.0,0.014,0.39,0.11,0.0,0.0,0.0,0.89,0.0,0.0,0.4,0.23,0.3,1.28,0.18,0.1,0.0,0.15,1.33,0.0,0.0,0.0,0.0,0.0,0.0,0.0,0.0,0.0,1.0,0.0,1.0,0.0,0.0,0.0,0.0,0.0,1.0,0.20798647718848848,19.920341362537027,19.14418971907656
10898,435.88,0.98,1,-0.018,0.44,0.064,-0.015,0.029,0.72,0.11,0.0,0.0,0.0,0.4,0.0,0.0,0.49,0.43,0.25,1.25,0.14,0.0,0.0,0.15,2.03,0.0,0.0,0.0,0.0,0.0,0.0,0.0,0.0,0.0,1.0,0.0,1.0,0.0,0.0,0.0,0.0,0.0,1.0,0.18125795551852608,16.95670958647338,21.028789789238942
10899,435.92,0.98,1,-0.052,0.44,0.065,-0.002,0.013,0.82,0.11,0.0,0.0,0.0,0.41,0.0,0.0,0.46,0.47,0.18,1.43,0.03,0.0,0.0,0.05,2.03,0.0,0.0,0.0,0.0,0.0,0.0,0.0,0.0,0.0,1.0,0.0,1.0,0.0,0.0,0.0,0.0,0.0,1.0,0.18009574112503413,16.84428686528443,21.751781536232887
10900,435.96,0.98,1,-0.041,0.397,0.058,-0.007,0.029,0.59,0.0,0.0,0.0,0.0,0.96,0.0,0.0,0.45,0.43,0.18,1.35,0.12,0.0,0.0,0.0,1.33,0.0,0.0,0.0,0.0,0.0,0.0,0.0,0.0,0.0,1.0,0.0,1.0,0.0,0.0,0.0,0.0,0.0,1.0,0.17999695892932777,17.383325343558592,19.331321734428993
10901,436.0,0.98,1,-0.026,0.345,0.071,0.003,0.011,0.25,0.0,0.0,0.0,0.0,1.51,0.0,0.06,0.42,0.23,0.2,1.47,0.09,0.05,0.0,0.0,0.55,0.0,0.0,0.0,0.0,0.0,0.0,0.0,0.0,0.0,1.0,0.0,1.0,0.0,0.0,0.0,0.0,0.0,1.0,0.20093223241644886,18.233211456021714,18.844893207445
10902,436.04,0.98,1,-0.047,0.34,0.083,-0.005,0.024,0.05,0.0,0.0,0.0,0.0,1.71,0.0,0.06,0.46,0.13,0.17,1.41,0.13,0.18,0.0,0.03,0.13,0.0,0.0,0.0,0.0,0.0,0.0,0.0,0.0,0.0,1.0,0.0,1.0,0.0,0.0,0.0,0.0,0.0,1.0,0.20275245624960433,16.84280261714179,17.902513789968246
10903,436.08,0.98,1,-0.038,0.296,0.074,-0.007,0.031,0.02,0.0,0.0,0.0,0.0,1.72,0.0,0.06,0.44,0.02,0.29,1.43,0.18,0.29,0.0,0.09,0.0,0.0,0.0,0.0,0.0,0.0,0.0,0.0,0.0,0.0,1.0,0.0,1.0,0.0,0.0,0.0,0.0,0.0,0.0,0.23275445197614292,19.121192431435993,19.20234360696636
10904,436.12,0.98,1,-0.034,0.3,0.074,0.001,0.015,0.02,0.0,0.0,0.0,0.0,1.75,0.0,0.0,0.4,0.02,0.33,1.4,0.22,0.42,0.0,0.18,0.0,0.0,0.0,0.0,0.0,0.0,0.0,0.0,0.0,0.0,1.0,0.0,1.0,0.0,0.0,0.0,0.0,0.0,0.0,0.2474184423263379,19.009471323527123,19.31657319505732
10905,436.16,0.98,1,-0.029,0.293,0.079,-0.005,0.027,0.02,0.0,0.0,0.0,0.0,1.72,0.0,0.0,0.38,0.05,0.38,1.39,0.31,0.47,0.0,0.26,0.0,0.0,0.0,0.0,0.0,0.0,0.0,0.0,0.0,0.0,1.0,0.0,1.0,0.0,0.0,0.0,0.0,0.0,0.0,0.2379781406712529,20.208908926510652,20.81946204876577
10906,436.2,0.98,1,-0.023,0.302,0.082,-0.005,0.03,0.0,0.0,0.0,0.0,0.0,1.73,0.0,0.0,0.4,0.13,0.21,1.46,0.28,0.58,0.0,0.27,0.0,0.0,0.0,0.0,0.0,0.0,0.0,0.0,0.0,0.0,1.0,0.0,1.0,0.0,0.0,0.0,0.0,0.0,0.0,0.24009829101016167,20.800961516237614,21.315018179677867
10907,436.24,0.98,1,-0.019,0.3,0.083,-0.006,0.032,0.0,0.0,0.0,0.0,0.0,1.7,0.0,0.0,0.41,0.18,0.11,1.46,0.28,0.62,0.0,0.25,0.0,0.0,0.0,0.0,0.0,0.0,0.0,0.0,0.0,0.0,1.0,0.0,1.0,0.0,0.0,0.0,0.0,0.0,0.0,0.23621123202376348,20.400245096566945,22.41428116179513
10908,436.28,0.98,1,-0.026,0.308,0.089,-0.003,0.03,0.0,0.0,0.0,0.0,0.0,1.76,0.0,0.0,0.41,0.25,0.1,1.42,0.26,0.68,0.0,0.23,0.0,0.0,0.0,0.0,0.0,0.0,0.0,0.0,0.0,0.0,1.0,0.0,1.0,0.0,0.0,0.0,0.0,0.0,0.0,0.23138335267957338,21.00095235935742,21.814673960433105
10909,436.32,0.98,1,-0.017,0.295,0.084,-0.007,0.033,0.0,0.0,0.0,0.0,0.0,1.85,0.0,0.0,0.4,0.28,0.1,1.41,0.2,0.66,0.0,0.21,0.0,0.0,0.0,0.0,0.0,0.0,0.0,0.0,0.0,0.0,1.0,0.0,1.0,0.0,0.0,0.0,0.0,0.0,0.0,0.2372947692988686,21.000238093888363,22.81074308302993
10910,436.36,0.98,1,-0.026,0.304,0.088,-0.003,0.031,0.0,0.0,0.0,0.0,0.0,1.91,0.0,0.0,0.39,0.31,0.1,1.44,0.23,0.67,0.0,0.22,0.0,0.0,0.0,0.0,0.0,0.0,0.0,0.0,0.0,0.0,1.0,0.0,1.0,0.0,0.0,0.0,0.0,0.0,0.0,0.22371098442219944,21.60092590608088,22.614154859291254
10911,436.4,0.98,1,-0.017,0.298,0.083,-0.006,0.032,0.0,0.0,0.0,0.0,0.0,1.91,0.0,0.0,0.36,0.24,0.03,1.46,0.2,0.62,0.0,0.2,0.0,0.0,0.0,0.0,0.0,0.0,0.0,0.0,0.0,0.0,1.0,0.0,1.0,0.0,0.0,0.0,0.0,0.0,0.0,0.23722526954336243,21.200235847744757,23.017601960239038
10912,436.44,0.98,1,-0.043,0.302,0.09,-0.007,0.031,0.0,0.0,0.0,0.0,0.0,1.65,0.0,0.0,0.33,0.17,0.07,1.46,0.32,0.57,0.0,0.22,0.0,0.0,0.0,0.0,0.0,0.0,0.0,0.0,0.0,0.0,1.0,0.0,1.0,0.0,0.0,0.0,0.0,0.0,0.0,0.22824368567238074,21.708293346092454,22.432119828496017
10913,436.48,0.98,1,-0.021,0.278,0.076,-0.013,0.035,0.0,0.0,0.0,0.0,0.0,1.29,0.0,0.0,0.35,0.08,0.19,1.35,0.35,0.41,0.0,0.15,0.0,0.0,0.0,0.0,0.0,0.0,0.0,0.0,0.0,0.0,1.0,0.0,1.0,0.0,0.0,0.0,0.0,0.0,0.0,0.2669278894262983,21.918485349129487,22.656566377101502
10914,436.52,0.98,1,-0.024,0.288,0.081,0.004,0.012,0.0,0.0,0.0,0.0,0.0,1.11,0.0,0.0,0.35,0.04,0.19,1.33,0.27,0.4,0.0,0.13,0.0,0.0,0.0,0.0,0.0,0.0,0.0,0.0,0.0,0.0,1.0,0.0,1.0,0.0,0.0,0.0,0.0,0.0,0.0,0.26319400333695375,21.60370338622515,22.74950548913101
10915,436.56,0.98,1,-0.02,0.284,0.08,-0.006,0.027,0.0,0.0,0.0,0.0,0.0,1.17,0.0,0.0,0.37,0.05,0.25,1.28,0.2,0.4,0.0,0.1,0.0,0.0,0.0,0.0,0.0,0.0,0.0,0.0,0.0,0.0,1.0,0.0,1.0,0.0,0.0,0.0,0.0,0.0,0.0,0.2633727833869387,21.70575960430784,22.663847863943925
10916,436.6,0.98,1,-0.024,0.279,0.078,-0.01,0.032,0.0,0.0,0.0,0.0,0.0,1.35,0.0,0.0,0.34,0.08,0.27,1.29,0.17,0.41,0.0,0.15,0.0,0.0,0.0,0.0,0.0,0.0,0.0,0.0,0.0,0.0,1.0,0.0,1.0,0.0,0.0,0.0,0.0,0.0,0.0,0.2708943983667297,22.222511109233402,22.95582714693601
10917,436.64,0.98,1,-0.022,0.285,0.075,0.001,0.015,0.0,0.0,0.0,0.0,0.0,1.49,0.0,0.0,0.34,0.08,0.31,1.24,0.17,0.38,0.0,0.22,0.0,0.0,0.0,0.0,0.0,0.0,0.0,0.0,0.0,0.0,1.0,0.0,1.0,0.0,0.0,0.0,0.0,0.0,0.0,0.2550658601204788,21.90365266342566,22.272853431924517
10918,436.68,0.98,1,-0.037,0.282,0.086,-0.007,0.027,0.0,0.0,0.0,0.0,0.0,1.56,0.0,0.0,0.32,0.05,0.26,1.33,0.17,0.42,0.0,0.17,0.0,0.0,0.0,0.0,0.0,0.0,0.0,0.0,0.0,0.0,1.0,0.0,1.0,0.0,0.0,0.0,0.0,0.0,0.0,0.2611273754142043,22.74313083108837,22.250617968946436
10919,436.72,0.98,1,-0.025,0.274,0.077,-0.01,0.032,0.0,0.0,0.0,0.0,0.0,1.58,0.0,0.0,0.36,0.03,0.2,1.33,0.18,0.4,0.0,0.12,0.0,0.0,0.0,0.0,0.0,0.0,0.0,0.0,0.0,0.0,1.0,0.0,1.0,0.0,0.0,0.0,0.0,0.0,0.0,0.26793691239555595,22.426992665090076,22.779376637651925
10920,436.76,0.98,1,-0.034,0.274,0.076,-0.002,0.012,0.0,0.0,0.0,0.0,0.0,1.65,0.0,0.0,0.4,0.03,0.18,1.37,0.18,0.43,0.0,0.06,0.0,0.0,0.0,0.0,0.0,0.0,0.0,0.0,0.0,0.0,1.0,0.0,1.0,0.0,0.0,0.0,0.0,0.0,0.0,0.2795011964359446,22.643321311150583,23.44184293096437
10921,436.8,0.98,1,-0.042,0.271,0.079,-0.008,0.025,0.0,0.0,0.0,0.0,0.0,1.77,0.0,0.0,0.39,0.03,0.19,1.36,0.12,0.46,0.0,0.13,0.0,0.0,0.0,0.0,0.0,0.0,0.0,0.0,0.0,0.0,1.0,0.0,1.0,0.0,0.0,0.0,0.0,0.0,0.0,0.27048155240730537,22.71783440383352,21.493254755853147
10922,436.84,0.98,1,-0.037,0.264,0.073,-0.01,0.031,0.0,0.0,0.0,0.0,0.0,1.73,0.0,0.0,0.36,0.02,0.25,1.35,0.07,0.5,0.0,0.14,0.0,0.0,0.0,0.0,0.0,0.0,0.0,0.0,0.0,0.0,1.0,0.0,1.0,0.0,0.0,0.0,0.0,0.0,0.0,0.2678325395799097,22.522211259110417,22.21936092690328
10923,436.88,0.98,1,-0.041,0.267,0.069,0.004,0.013,0.01,0.0,0.0,0.0,0.0,1.56,0.0,0.0,0.3,0.02,0.27,1.38,0.07,0.45,0.0,0.19,0.46,0.0,0.0,0.0,0.0,0.0,0.0,0.0,0.0,0.0,1.0,0.0,1.0,0.0,0.0,0.0,0.0,0.0,0.0,0.2605635701033487,21.903652663425888,22.706827167175867
10924,436.92,0.98,1,-0.047,0.342,0.068,-0.001,0.027,0.18,0.0,0.0,0.0,0.0,0.92,0.0,0.01,0.34,0.0,0.35,1.28,0.08,0.22,0.0,0.12,1.13,0.0,0.0,0.0,0.0,0.0,0.0,0.0,0.0,0.0,1.0,0.0,1.0,0.0,0.0,0.0,0.0,0.0,1.0,0.21225859851106793,19.12616009553421,19.820443990990675
10925,436.96,0.98,1,-0.034,0.448,0.061,-0.015,0.034,0.45,0.0,0.0,0.0,0.0,0.57,0.0,0.01,0.31,0.09,0.22,1.28,0.2,0.12,0.0,0.12,1.94,0.0,0.0,0.0,0.0,0.0,0.0,0.0,0.0,0.0,1.0,0.0,1.0,0.0,0.0,0.0,0.0,0.0,1.0,0.17453133554492203,17.503428235634384,20.112185361118673
10926,437.0,0.98,1,-0.025,0.444,0.056,-0.005,0.018,0.5,0.0,0.0,0.0,0.0,0.56,0.0,0.01,0.31,0.19,0.22,1.31,0.23,0.0,0.01,0.06,2.02,0.0,0.0,0.0,0.0,0.0,0.0,0.0,0.0,0.0,1.0,0.0,1.0,0.0,0.0,0.0,0.0,0.0,1.0,0.17694710964672614,16.49848477891236,21.034257771549722
10927,437.04,0.98,1,-0.032,0.396,0.048,-0.01,0.032,0.54,0.0,0.0,0.0,0.0,1.11,0.0,0.0,0.26,0.19,0.07,1.37,0.24,0.01,0.01,0.12,1.59,0.0,0.0,0.0,0.0,0.0,0.0,0.0,0.0,0.0,1.0,0.0,1.0,0.0,0.0,0.0,0.0,0.0,1.0,0.17655523277464596,17.095028517086476,19.059118552545918
10928,437.08,0.98,1,-0.021,0.335,0.05,0.006,0.013,0.28,0.0,0.0,0.0,0.0,1.72,0.0,0.0,0.26,0.12,0.09,1.57,0.1,0.05,0.01,0.21,0.99,0.0,0.0,0.0,0.0,0.0,0.0,0.0,0.0,0.0,1.0,0.0,1.0,0.0,0.0,0.0,0.0,0.0,1.0,0.19395170058918054,17.110523077919176,19.84943324127916
10929,437.12,0.98,1,-0.039,0.321,0.062,-0.008,0.028,0.21,0.0,0.0,0.0,0.0,1.85,0.0,0.0,0.27,0.1,0.14,1.52,0.1,0.05,0.0,0.16,0.47,0.0,0.0,0.0,0.0,0.0,0.0,0.0,0.0,0.0,1.0,0.0,1.0,0.0,0.0,0.0,0.0,0.0,1.0,0.1903961194596609,15.174320413118911,18.227451824102932
10930,437.16,0.98,1,-0.043,0.296,0.062,-0.003,0.013,0.04,0.0,0.0,0.0,0.0,2.06,0.0,0.0,0.28,0.1,0.24,1.63,0.03,0.12,0.0,0.15,0.24,0.0,0.0,0.0,0.0,0.0,0.0,0.0,0.0,0.0,1.0,0.0,1.0,0.0,0.0,0.0,0.0,0.0,1.0,0.20305464951787117,18.70721785835608,18.299999999999955
10931,437.2,0.98,1,-0.041,0.277,0.06,-0.009,0.027,0.19,0.0,0.0,0.0,0.0,1.97,0.0,0.0,0.29,0.15,0.27,1.53,0.11,0.12,0.0,0.07,0.02,0.0,0.0,0.0,0.0,0.0,0.0,0.0,0.0,0.0,1.0,0.0,1.0,0.0,0.0,0.0,0.0,0.0,0.0,0.22998455588365518,20.063897926375127,18.00444389588304
10932,437.24,0.98,1,-0.03,0.273,0.063,0.003,0.01,0.19,0.0,0.0,0.02,0.0,2.01,0.0,0.0,0.27,0.08,0.21,1.59,0.07,0.22,0.0,0.09,0.0,0.0,0.0,0.0,0.0,0.0,0.0,0.0,0.0,0.0,1.0,0.0,1.0,0.0,0.0,0.0,0.0,0.0,0.0,0.24048409514156,19.682479518597386,18.40434731252361
10933,437.28,0.98,1,-0.055,0.26,0.062,-0.009,0.027,0.28,0.0,0.0,0.02,0.0,1.8,0.0,0.0,0.3,0.08,0.24,1.46,0.07,0.18,0.0,0.06,0.0,0.0,0.0,0.0,0.0,0.0,0.0,0.0,0.0,0.0,1.0,0.0,1.0,0.0,0.0,0.0,0.0,0.0,0.0,0.2529088633978259,20.04220546746291,18.52187895436097
10934,437.32,0.98,1,-0.041,0.254,0.056,0.004,0.013,0.14,0.11,0.0,0.02,0.0,1.76,0.0,0.0,0.27,0.0,0.2,1.52,0.0,0.28,0.0,0.04,0.0,0.0,0.0,0.0,0.0,0.0,0.0,0.0,0.0,0.0,1.0,0.0,1.0,0.0,0.0,0.0,0.0,0.0,0.0,0.25235887071056273,20.072119967756276,19.116746585127828
10935,437.36,0.98,1,-0.051,0.257,0.062,-0.008,0.027,0.28,0.11,0.0,0.0,0.0,1.64,0.0,0.0,0.34,0.0,0.27,1.43,0.1,0.19,0.0,0.03,0.0,0.0,0.0,0.0,0.0,0.0,0.0,0.0,0.0,0.0,1.0,0.0,1.0,0.0,0.0,0.0,0.0,0.0,0.0,0.2493757071895869,20.9690247746526,19.121192431435766
10936,437.4,0.98,1,-0.053,0.263,0.063,0.003,0.012,0.2,0.12,0.0,0.0,0.0,1.74,0.0,0.0,0.3,0.0,0.15,1.54,0.1,0.28,0.0,0.06,0.0,0.0,0.0,0.0,0.0,0.0,0.0,0.0,0.0,0.0,1.0,0.0,1.0,0.0,0.0,0.0,0.0,0.0,0.0,0.24733910655794894,20.241788458533048,19.11282292075131
10937,437.44,0.98,1,-0.061,0.254,0.064,-0.005,0.027,0.19,0.01,0.0,0.0,0.0,1.73,0.0,0.0,0.32,0.0,0.11,1.55,0.14,0.28,0.0,0.12,0.0,0.0,0.0,0.0,0.0,0.0,0.0,0.0,0.0,0.0,1.0,0.0,1.0,0.0,0.0,0.0,0.0,0.0,0.0,0.25028033081394246,20.54117815511077,19.12616009553421
10938,437.48,0.98,1,-0.055,0.252,0.063,-0.01,0.033,0.15,0.01,0.0,0.0,0.0,1.78,0.0,0.0,0.31,0.0,0.13,1.59,0.21,0.26,0.0,0.12,0.0,0.0,0.0,0.0,0.0,0.0,0.0,0.0,0.0,0.0,1.0,0.0,1.0,0.0,0.0,0.0,0.0,0.0,0.0,0.2516270824578395,20.63492185592196,19.42086506827115
10939,437.52,0.98,1,-0.058,0.274,0.079,-0.0,0.01,0.1,0.0,0.0,0.04,0.0,1.56,0.0,0.0,0.33,0.0,0.18,1.61,0.27,0.28,0.0,0.05,0.0,0.0,0.0,0.0,0.0,0.0,0.0,0.0,0.0,0.0,1.0,0.0,1.0,0.0,0.0,0.0,0.0,0.0,0.0,0.2653761139402285,21.11516043036391,19.409276132818647
10940,437.56,0.98,1,-0.057,0.252,0.066,-0.005,0.025,0.1,0.0,0.0,0.04,0.0,1.54,0.0,0.0,0.33,0.0,0.18,1.62,0.25,0.3,0.0,0.01,0.0,0.0,0.0,0.0,0.0,0.0,0.0,0.0,0.0,0.0,1.0,0.0,1.0,0.0,0.0,0.0,0.0,0.0,0.0,0.2618887901439998,20.64751801064732,20.020239758804088
10941,437.6,0.98,1,-0.052,0.251,0.067,-0.012,0.032,0.04,0.0,0.0,0.04,0.0,1.49,0.0,0.0,0.33,0.0,0.19,1.59,0.19,0.33,0.0,0.01,0.0,0.0,0.0,0.0,0.0,0.0,0.0,0.0,0.0,0.0,1.0,0.0,1.0,0.0,0.0,0.0,0.0,0.0,0.0,0.26204411158989316,20.82906622967045,20.829066229670453
10942,437.64,0.98,1,-0.05,0.264,0.072,0.002,0.012,0.04,0.0,0.0,0.01,0.0,1.53,0.0,0.0,0.33,0.0,0.14,1.65,0.17,0.36,0.0,0.01,0.0,0.0,0.0,0.0,0.0,0.0,0.0,0.0,0.0,0.0,1.0,0.0,1.0,0.0,0.0,0.0,0.0,0.0,0.0,0.261028666777662,21.11918559035849,20.120139164528567
10943,437.68,0.98,1,-0.045,0.253,0.065,-0.007,0.027,0.07,0.0,0.0,0.01,0.0,1.55,0.0,0.0,0.36,0.0,0.23,1.55,0.19,0.27,0.0,0.0,0.0,0.0,0.0,0.0,0.0,0.0,0.0,0.0,0.0,0.0,1.0,0.0,1.0,0.0,0.0,0.0,0.0,0.0,0.0,0.26329100938748096,21.814673960433105,20.215835377248023
10944,437.72,0.98,1,-0.043,0.256,0.065,0.003,0.013,0.03,0.01,0.0,0.01,0.0,1.43,0.0,0.0,0.29,0.0,0.15,1.62,0.08,0.4,0.0,0.06,0.0,0.0,0.0,0.0,0.0,0.0,0.0,0.0,0.0,0.0,1.0,0.0,1.0,0.0,0.0,0.0,0.0,0.0,0.0,0.2593586498053429,21.81123563670793,20.824024587000423
10945,437.76,0.98,1,-0.046,0.243,0.065,-0.009,0.027,0.07,0.05,0.0,0.01,0.0,1.42,0.0,0.0,0.31,0.0,0.18,1.42,0.04,0.28,0.0,0.06,0.0,0.0,0.0,0.0,0.0,0.0,0.0,0.0,0.0,0.0,1.0,0.0,1.0,0.0,0.0,0.0,0.0,0.0,0.0,0.26731188562949626,23.005434140654682,21.63330765278384
10946,437.8,0.98,1,-0.036,0.265,0.064,0.003,0.012,0.03,0.05,0.0,0.01,0.0,1.39,0.0,0.0,0.29,0.0,0.09,1.44,0.0,0.35,0.0,0.06,0.0,0.0,0.0,0.0,0.0,0.0,0.0,0.0,0.0,0.0,1.0,0.0,1.0,0.0,0.0,0.0,0.0,0.0,0.0,0.2523696607477256,22.50799857828323,21.128653530218063
10947,437.84,0.98,1,-0.051,0.266,0.071,-0.008,0.025,0.03,0.04,0.0,0.01,0.0,1.45,0.0,0.0,0.3,0.04,0.07,1.49,0.03,0.31,0.0,0.03,0.0,0.0,0.0,0.0,0.0,0.0,0.0,0.0,0.0,0.0,1.0,0.0,1.0,0.0,0.0,0.0,0.0,0.0,0.0,0.2615710785835522,22.305604676851914,22.44370735863382
10948,437.88,0.98,1,-0.043,0.273,0.076,-0.014,0.03,0.0,0.0,0.0,0.0,0.0,1.57,0.0,0.0,0.31,0.04,0.19,1.51,0.13,0.34,0.0,0.08,0.0,0.0,0.0,0.0,0.0,0.0,0.0,0.0,0.0,0.0,1.0,0.0,1.0,0.0,0.0,0.0,0.0,0.0,0.0,0.2558733418821004,22.510886255321,22.543513479491168
10949,437.92,0.98,1,-0.043,0.295,0.075,0.005,0.01,0.0,0.0,0.0,0.0,0.0,1.71,0.0,0.0,0.3,0.04,0.19,1.55,0.15,0.39,0.0,0.14,0.0,0.0,0.0,0.0,0.0,0.0,0.0,0.0,0.0,0.0,1.0,0.0,1.0,0.0,0.0,0.0,0.0,0.0,0.0,0.23202799691986103,21.7036863228347,22.450167037240366
10950,437.96,0.98,1,-0.049,0.294,0.074,0.0,0.024,0.0,0.0,0.0,0.0,0.0,1.66,0.0,0.0,0.32,0.0,0.2,1.53,0.13,0.53,0.0,0.22,0.0,0.0,0.0,0.0,0.0,0.0,0.0,0.0,0.0,0.0,1.0,0.0,1.0,0.0,0.0,0.0,0.0,0.0,0.0,0.22981888809694156,21.905707018948146,22.649724060129206
10951,438.0,0.98,1,-0.048,0.297,0.072,-0.004,0.029,0.0,0.0,0.0,0.0,0.0,1.63,0.0,0.0,0.31,0.0,0.06,1.66,0.02,0.67,0.0,0.28,0.0,0.0,0.0,0.0,0.0,0.0,0.0,0.0,0.0,0.0,1.0,0.0,1.0,0.0,0.0,0.0,0.0,0.0,0.0,0.22235147606931766,21.70092163941435,23.23101375317061
10952,438.04,0.98,1,-0.046,0.293,0.08,-0.001,0.027,0.0,0.0,0.0,0.0,0.0,1.6,0.0,0.0,0.28,0.0,0.08,1.71,0.0,0.72,0.0,0.35,0.0,0.0,0.0,0.0,0.0,0.0,0.0,0.0,0.0,0.0,1.0,0.0,1.0,0.0,0.0,0.0,0.0,0.0,0.0,0.2268645601196962,21.708293346092457,23.33623791445395
10953,438.08,0.98,1,-0.046,0.281,0.073,-0.004,0.029,0.0,0.0,0.0,0.0,0.0,1.82,0.0,0.0,0.3,0.02,0.03,1.74,0.0,0.7,0.0,0.32,0.0,0.0,0.0,0.0,0.0,0.0,0.0,0.0,0.0,0.0,1.0,0.0,1.0,0.0,0.0,0.0,0.0,0.0,0.0,0.22881884814251519,21.911184358678653,23.148650068632648
10954,438.12,0.98,1,-0.054,0.297,0.078,-0.001,0.028,0.0,0.0,0.0,0.0,0.0,1.87,0.0,0.0,0.28,0.02,0.02,1.7,0.0,0.73,0.0,0.3,0.0,0.0,0.0,0.0,0.0,0.0,0.0,0.0,0.0,0.0,1.0,0.0,1.0,0.0,0.0,0.0,0.0,0.0,0.0,0.2243800646697752,21.903652663425664,22.73719419805359
10955,438.16,0.98,1,-0.048,0.296,0.074,-0.005,0.03,0.0,0.0,0.0,0.0,0.0,1.82,0.0,0.0,0.31,0.02,0.0,1.67,0.0,0.72,0.0,0.27,0.0,0.0,0.0,0.0,0.0,0.0,0.0,0.0,0.0,0.0,1.0,0.0,1.0,0.0,0.0,0.0,0.0,0.0,0.0,0.22578113127026705,21.603703386225153,22.831557108528493
10956,438.2,0.98,1,-0.058,0.292,0.079,-0.002,0.028,0.0,0.0,0.0,0.0,0.0,1.63,0.0,0.0,0.33,0.0,0.0,1.62,0.0,0.74,0.0,0.29,0.0,0.0,0.0,0.0,0.0,0.0,0.0,0.0,0.0,0.0,1.0,0.0,1.0,0.0,0.0,0.0,0.0,0.0,0.0,0.22174185377297098,22.200900882621905,22.55681715136247
10957,438.24,0.98,1,-0.053,0.296,0.078,-0.004,0.028,0.0,0.0,0.0,0.0,0.0,1.56,0.0,0.0,0.32,0.0,0.0,1.64,0.0,0.72,0.0,0.28,0.0,0.0,0.0,0.0,0.0,0.0,0.0,0.0,0.0,0.0,1.0,0.0,1.0,0.0,0.0,0.0,0.0,0.0,0.0,0.22621954125415672,22.60553029681025,21.944703233354375
10958,438.28,0.98,1,-0.058,0.303,0.079,-0.003,0.028,0.0,0.0,0.0,0.0,0.0,1.69,0.0,0.0,0.28,0.03,0.0,1.55,0.0,0.7,0.0,0.22,0.0,0.0,0.0,0.0,0.0,0.0,0.0,0.0,0.0,0.0,1.0,0.0,1.0,0.0,0.0,0.0,0.0,0.0,0.0,0.2253307766923887,22.503555274667157,22.051077071199945
10959,438.32,0.98,1,-0.054,0.292,0.075,-0.003,0.028,0.0,0.0,0.0,0.0,0.0,1.63,0.0,0.0,0.22,0.06,0.02,1.52,0.0,0.67,0.0,0.2,0.0,0.0,0.0,0.0,0.0,0.0,0.0,0.0,0.0,0.0,1.0,0.0,1.0,0.0,0.0,0.0,0.0,0.0,0.0,0.2289038107826832,22.005681084665387,21.858636736997067
10960,438.36,0.98,1,-0.06,0.299,0.077,-0.001,0.027,0.0,0.0,0.0,0.0,0.0,1.72,0.0,0.0,0.21,0.06,0.07,1.5,0.0,0.65,0.0,0.25,0.0,0.0,0.0,0.0,0.0,0.0,0.0,0.0,0.0,0.0,1.0,0.0,1.0,0.0,0.0,0.0,0.0,0.0,0.0,0.22769570077826387,22.303587155433046,22.47220505424432
10961,438.4,0.98,1,-0.058,0.286,0.074,-0.002,0.028,0.0,0.0,0.0,0.0,0.0,1.5,0.0,0.0,0.2,0.1,0.1,1.54,0.0,0.63,0.03,0.32,0.0,0.0,0.0,0.0,0.0,0.0,0.0,0.0,0.0,0.0,1.0,0.0,1.0,0.0,0.0,0.0,0.0,0.0,0.0,0.22690507639983132,22.305604676851914,22.6797266297457
10962,438.44,0.98,1,-0.061,0.288,0.075,-0.001,0.028,0.0,0.0,0.0,0.0,0.0,1.72,0.0,0.0,0.21,0.06,0.14,1.54,0.0,0.63,0.03,0.43,0.0,0.0,0.0,0.0,0.0,0.0,0.0,0.0,0.0,0.0,1.0,0.0,1.0,0.0,0.0,0.0,0.0,0.0,0.0,0.22751049057405986,22.30358715543305,22.67972662974569
10963,438.48,0.98,1,-0.056,0.288,0.072,-0.003,0.029,0.0,0.0,0.0,0.0,0.0,1.55,0.0,0.0,0.22,0.12,0.14,1.58,0.0,0.64,0.03,0.46,0.0,0.0,0.0,0.0,0.0,0.0,0.0,0.0,0.0,0.0,1.0,0.0,1.0,0.0,0.0,0.0,0.0,0.0,0.0,0.22965948526755897,22.305604676851914,22.580079716422613
10964,438.52,0.98,1,-0.061,0.293,0.073,-0.0,0.029,0.0,0.0,0.0,0.0,0.0,1.56,0.0,0.0,0.26,0.09,0.16,1.62,0.0,0.65,0.0,0.45,0.0,0.0,0.0,0.0,0.0,0.0,0.0,0.0,0.0,0.0,1.0,0.0,1.0,0.0,0.0,0.0,0.0,0.0,0.0,0.22199463897298832,22.303587155433046,22.57188516717201
10965,438.56,0.98,1,-0.056,0.287,0.074,-0.003,0.029,0.0,0.0,0.0,0.0,0.0,1.48,0.0,0.0,0.29,0.1,0.15,1.64,0.0,0.65,0.0,0.42,0.0,0.0,0.0,0.0,0.0,0.0,0.0,0.0,0.0,0.0,1.0,0.0,1.0,0.0,0.0,0.0,0.0,0.0,0.0,0.22514867364270247,22.200900882621905,22.663847863943925
10966,438.6,0.98,1,-0.062,0.287,0.073,-0.0,0.029,0.0,0.0,0.0,0.0,0.0,1.51,0.0,0.0,0.29,0.06,0.11,1.62,0.0,0.63,0.0,0.41,0.0,0.0,0.0,0.0,0.0,0.0,0.0,0.0,0.0,0.0,1.0,0.0,1.0,0.0,0.0,0.0,0.0,0.0,0.0,0.2245644845884379,22.59999999999991,22.65656637710149
10967,438.64,0.98,1,-0.055,0.289,0.073,-0.004,0.029,0.03,0.0,0.0,0.0,0.0,1.67,0.0,0.0,0.28,0.03,0.12,1.6,0.0,0.63,0.0,0.38,0.0,0.0,0.0,0.0,0.0,0.0,0.0,0.0,0.0,0.0,1.0,0.0,1.0,0.0,0.0,0.0,0.0,0.0,0.0,0.22774580668617855,22.299999999999955,22.36470433517952
10968,438.68,0.98,1,-0.068,0.287,0.073,-0.0,0.029,0.03,0.0,0.0,0.0,0.0,1.77,0.0,0.0,0.27,0.02,0.09,1.56,0.0,0.6,0.0,0.31,0.0,0.0,0.0,0.0,0.0,0.0,0.0,0.0,0.0,0.0,1.0,0.0,1.0,0.0,0.0,0.0,0.0,0.0,0.0,0.22524805007642704,22.200225224082796,22.257582977493357
10969,438.72,0.98,1,-0.061,0.286,0.072,-0.003,0.029,0.03,0.0,0.0,0.0,0.0,1.95,0.0,0.0,0.25,0.0,0.14,1.55,0.0,0.62,0.0,0.25,0.0,0.0,0.0,0.0,0.0,0.0,0.0,0.0,0.0,0.0,1.0,0.0,1.0,0.0,0.0,0.0,0.0,0.0,0.0,0.22890008914855758,22.50022222112484,22.36470433517976
10970,438.76,0.98,1,-0.066,0.288,0.076,-0.001,0.028,0.0,0.0,0.0,0.0,0.0,1.96,0.0,0.0,0.22,0.0,0.1,1.51,0.0,0.62,0.0,0.23,0.0,0.0,0.0,0.0,0.0,0.0,0.0,0.0,0.0,0.0,1.0,0.0,1.0,0.0,0.0,0.0,0.0,0.0,0.0,0.2261896424731572,22.60022123785508,22.15084648495393
10971,438.8,0.98,1,-0.062,0.286,0.071,-0.002,0.029,0.0,0.0,0.0,0.0,0.0,1.88,0.0,0.0,0.2,0.0,0.12,1.46,0.0,0.66,0.0,0.26,0.0,0.0,0.0,0.0,0.0,0.0,0.0,0.0,0.0,0.0,1.0,0.0,1.0,0.0,0.0,0.0,0.0,0.0,0.0,0.22580592544530936,22.701982292302183,22.05810508633958
10972,438.84,0.98,1,-0.065,0.286,0.076,-0.0,0.028,0.02,0.0,0.0,0.0,0.0,1.97,0.0,0.0,0.21,0.0,0.09,1.4,0.0,0.67,0.0,0.29,0.0,0.0,0.0,0.0,0.0,0.0,0.0,0.0,0.0,0.0,1.0,0.0,1.0,0.0,0.0,0.0,0.0,0.0,0.0,0.228750137885688,22.600884938426546,22.05810508633958
10973,438.88,0.98,1,-0.068,0.288,0.076,-0.0,0.028,0.02,0.0,0.0,0.0,0.0,1.95,0.0,0.0,0.22,0.0,0.14,1.44,0.0,0.7,0.0,0.4,0.0,0.0,0.0,0.0,0.0,0.0,0.0,0.0,0.0,0.0,1.0,0.0,1.0,0.0,0.0,0.0,0.0,0.0,0.0,0.22958248101212414,22.403571143904806,22.364704335179532
10974,438.92,0.98,1,-0.067,0.287,0.077,0.001,0.028,0.02,0.0,0.0,0.0,0.0,1.99,0.0,0.0,0.2,0.0,0.13,1.46,0.0,0.7,0.0,0.34,0.0,0.0,0.0,0.0,0.0,0.0,0.0,0.0,0.0,0.0,1.0,0.0,1.0,0.0,0.0,0.0,0.0,0.0,0.0,0.2304400362482817,22.600000000000136,22.45707015618921
10975,438.96,0.98,1,-0.069,0.285,0.074,0.001,0.028,0.0,0.0,0.0,0.0,0.0,2.1,0.0,0.0,0.22,0.0,0.16,1.44,0.0,0.67,0.0,0.25,0.0,0.0,0.0,0.0,0.0,0.0,0.0,0.0,0.0,0.0,1.0,0.0,1.0,0.0,0.0,0.0,0.0,0.0,0.0,0.2292101841299541,22.300896842952255,22.57188516717201
10976,439.0,0.98,1,-0.081,0.287,0.074,-0.0,0.029,0.0,0.0,0.0,0.0,0.0,2.21,0.0,0.0,0.19,0.0,0.11,1.39,0.0,0.62,0.0,0.12,0.0,0.0,0.0,0.0,0.0,0.0,0.0,0.0,0.0,0.0,0.0,0.0,1.0,0.0,0.0,0.0,0.0,0.0,0.0,0.21876389363335422,22.71409254185608,21.4457454988164
10977,439.04,0.98,1,-0.088,0.289,0.073,0.002,0.029,0.0,0.0,0.0,0.0,0.0,2.22,0.0,0.0,0.19,0.0,0.15,1.39,0.0,0.59,0.0,0.12,0.0,0.0,0.0,0.0,0.0,0.0,1.0,0.0,0.0,0.0,0.0,0.0,1.0,0.0,0.0,0.0,0.0,0.0,0.0,0.22012582226078967,22.018401395196705,22.065584062063714
10978,439.08,0.98,1,-0.089,0.29,0.074,0.001,0.029,0.0,0.0,0.0,0.0,0.0,2.08,0.0,0.0,0.13,0.0,0.13,1.41,0.0,0.58,0.0,0.1,0.0,0.0,0.0,0.0,0.0,0.0,1.0,0.0,0.0,0.0,0.0,0.0,1.0,0.0,0.0,0.0,0.0,0.0,0.0,0.21728596199930428,22.51799280575425,21.858636736997074
10979,439.12,0.98,1,-0.093,0.288,0.073,0.002,0.029,0.0,0.0,0.0,0.03,0.0,2.07,0.0,0.0,0.14,0.0,0.23,1.37,0.0,0.58,0.0,0.08,0.0,0.0,0.0,0.0,0.0,0.0,1.0,0.0,0.0,0.0,0.0,0.0,1.0,0.0,0.0,0.0,0.0,0.0,0.0,0.2196006534266638,22.51799280575425,22.073513539987246
10980,439.16,0.98,1,-0.091,0.293,0.074,0.002,0.029,0.0,0.0,0.0,0.03,0.0,2.16,0.0,0.0,0.13,0.0,0.24,1.31,0.0,0.57,0.0,0.09,0.0,0.0,0.0,0.0,0.0,0.0,1.0,0.0,0.0,0.0,1.0,0.0,1.0,0.0,0.0,0.0,0.0,0.0,0.0,0.2200431446862204,22.011133546457803,21.965882636488892
10981,439.2,0.98,1,-0.096,0.286,0.071,0.002,0.03,0.0,0.0,0.0,0.13,0.0,2.28,0.0,0.0,0.16,0.0,0.24,1.31,0.0,0.58,0.0,0.14,0.0,0.0,0.0,0.0,0.0,0.0,1.0,0.0,0.0,0.0,1.0,0.0,1.0,0.0,0.0,0.0,0.0,0.0,0.0,0.22162078911036578,21.71128738697897,21.45250568115538
10982,439.24,0.98,1,-0.097,0.289,0.078,0.0,0.029,0.0,0.0,0.0,0.09,0.0,2.4,0.0,0.0,0.17,0.0,0.12,1.29,0.0,0.55,0.0,0.17,0.0,0.0,0.0,0.0,0.0,0.0,1.0,0.0,0.0,0.0,1.0,0.0,1.0,0.0,0.0,0.0,0.0,0.0,0.0,0.21825959393064315,22.222511109233174,22.05810508633958
10983,439.28,0.98,1,-0.101,0.283,0.072,0.001,0.029,0.0,0.0,0.0,0.09,0.0,2.52,0.0,0.0,0.2,0.0,0.06,1.33,0.1,0.44,0.0,0.09,0.12,0.0,0.0,0.0,0.0,0.0,1.0,0.0,0.0,0.0,1.0,0.0,1.0,0.0,0.0,0.0,0.0,0.0,0.0,0.22128744768072814,22.327113561766062,21.86618393776124
10984,439.32,0.98,1,-0.1,0.309,0.066,-0.005,0.033,0.1,0.0,0.0,0.0,0.0,1.84,0.0,0.02,0.23,0.0,0.11,1.39,0.13,0.24,0.0,0.05,0.71,0.0,0.0,0.0,0.0,0.0,0.0,0.0,0.0,0.0,1.0,0.0,1.0,0.0,0.0,0.0,0.0,0.0,1.0,0.19351121333166105,18.745132701584208,18.304371062672388
10985,439.36,0.98,1,-0.035,0.422,0.057,-0.012,0.036,0.38,0.0,0.0,0.0,0.0,1.19,0.0,0.08,0.23,0.0,0.2,1.44,0.13,0.08,0.0,0.0,1.32,0.0,0.0,0.0,0.0,0.0,1.0,0.0,0.0,0.0,1.0,0.0,1.0,0.0,0.0,0.0,0.0,0.0,1.0,0.17700010832112034,16.29969324864739,20.303940504246906
10986,439.4,0.98,1,-0.057,0.438,0.06,0.005,0.017,0.52,0.04,0.0,0.0,0.0,0.7,0.0,0.15,0.23,0.0,0.21,1.5,0.05,0.0,0.0,0.04,1.73,0.0,0.0,0.0,0.0,0.0,0.0,0.0,0.0,0.0,1.0,0.0,1.0,0.0,0.0,0.0,0.0,0.0,1.0,0.17244533291161496,16.745148551147725,21.927608168699198
10987,439.44,0.98,1,-0.044,0.395,0.046,0.005,0.031,0.42,0.04,0.0,0.0,0.0,1.21,0.0,0.13,0.18,0.0,0.13,1.39,0.01,0.1,0.0,0.03,1.39,0.0,0.0,0.0,0.0,0.0,0.0,0.0,0.0,0.0,1.0,0.0,1.0,0.0,0.0,0.0,0.0,0.0,1.0,0.17166958098611904,16.344112089679218,17.833956375409198
10988,439.48,0.98,1,-0.036,0.297,0.047,-0.0,0.036,0.14,0.04,0.0,0.0,0.0,1.56,0.0,0.08,0.16,0.0,0.08,1.38,0.01,0.16,0.0,0.07,0.93,0.0,0.0,0.0,0.0,0.0,0.0,0.0,0.0,0.0,1.0,0.0,1.0,0.0,0.0,0.0,0.0,0.0,1.0,0.1913958718379122,18.039955654047493,19.649936386665388
10989,439.52,0.98,1,-0.029,0.338,0.06,-0.008,0.037,0.05,0.0,0.0,0.0,0.0,1.91,0.0,0.01,0.17,0.07,0.2,1.31,0.0,0.17,0.0,0.04,0.43,0.0,0.0,0.0,0.0,0.0,0.0,0.0,0.0,0.0,1.0,0.0,1.0,0.0,0.0,0.0,0.0,0.0,1.0,0.1741329397661346,16.719150696132907,18.202472359544824
10990,439.56,0.98,1,-0.051,0.323,0.062,0.002,0.016,0.07,0.0,0.0,0.0,0.0,1.9,0.0,0.0,0.2,0.07,0.25,1.4,0.0,0.16,0.0,0.12,0.18,0.0,0.0,0.0,0.0,0.0,0.0,0.0,0.0,0.0,1.0,0.0,1.0,0.0,0.0,0.0,0.0,0.0,1.0,0.19203229270473887,17.328877632437667,18.900264548412935
10991,439.6,0.98,1,-0.04,0.289,0.056,-0.002,0.025,0.07,0.0,0.0,0.0,0.0,1.95,0.0,0.0,0.2,0.07,0.3,1.41,0.0,0.2,0.0,0.16,0.03,0.0,0.0,0.0,0.0,0.0,0.0,0.0,0.0,0.0,1.0,0.0,1.0,0.0,0.0,0.0,0.0,0.0,0.0,0.22170202644999357,18.83825894290677,19.60408120774846
10992,439.64,0.98,1,-0.027,0.281,0.06,-0.013,0.029,0.13,0.05,0.0,0.0,0.0,1.81,0.0,0.0,0.21,0.0,0.15,1.35,0.0,0.24,0.0,0.17,0.0,0.0,0.0,0.0,0.0,0.0,0.0,0.0,0.0,0.0,1.0,0.0,1.0,0.0,0.0,0.0,0.0,0.0,0.0,0.23778703437634635,19.82044399099067,19.412624758130843
10993,439.68,0.98,1,-0.033,0.284,0.048,-0.004,0.014,0.11,0.05,0.0,0.0,0.0,1.74,0.0,0.0,0.21,0.0,0.09,1.29,0.0,0.26,0.0,0.12,0.0,0.0,0.0,0.0,0.0,0.0,0.0,0.0,0.0,0.0,1.0,0.0,1.0,0.0,0.0,0.0,0.0,0.0,0.0,0.23426621584107238,19.331321734428773,20.30615670184802
10994,439.72,0.98,1,-0.039,0.302,0.057,-0.012,0.026,0.18,0.05,0.0,0.0,0.0,1.74,0.0,0.0,0.26,0.0,0.05,1.18,0.0,0.19,0.0,0.05,0.0,0.0,0.0,0.0,0.0,0.0,0.0,0.0,0.0,0.0,1.0,0.0,1.0,0.0,0.0,0.0,0.0,0.0,0.0,0.22068705164063013,19.606376513777256,20.70096616102741
10995,439.76,0.98,1,-0.022,0.299,0.061,-0.005,0.009,0.07,0.0,0.0,0.0,0.0,1.74,0.0,0.04,0.27,0.0,0.07,1.14,0.04,0.27,0.0,0.04,0.0,0.0,0.0,0.0,0.0,0.0,1.0,0.0,0.0,0.0,1.0,0.0,1.0,0.0,0.0,0.0,0.0,0.0,0.0,0.23568218511181377,19.212756179163925,20.900239233080654
10996,439.8,0.98,1,-0.041,0.306,0.047,-0.021,0.015,0.22,0.0,0.0,0.11,0.0,1.86,0.0,0.1,0.26,0.04,0.12,0.92,0.04,0.23,0.0,0.0,0.14,0.0,0.0,0.0,0.0,0.0,1.0,0.0,0.0,0.0,1.0,0.0,1.0,0.0,0.0,0.0,0.0,0.0,0.0,0.21618910729487956,19.51640335717624,20.20890892651042
10997,439.84,0.98,1,-0.059,0.309,0.046,-0.02,-0.006,0.26,0.0,0.0,0.11,0.0,1.97,0.0,0.12,0.24,0.04,0.13,0.86,0.08,0.22,0.0,0.0,0.21,0.0,0.0,0.0,0.0,0.0,1.0,0.0,0.0,0.0,1.0,0.0,1.0,0.0,0.0,0.0,0.0,0.0,0.0,0.21605869586680343,20.020239758804088,19.606376513777256
10998,439.88,0.98,1,-0.048,0.326,0.05,-0.017,-0.005,0.32,0.0,0.0,0.11,0.0,2.04,0.0,0.08,0.23,0.14,0.28,0.69,0.15,0.09,0.0,0.0,0.21,0.0,0.0,0.0,0.0,0.0,1.0,0.0,0.0,0.0,1.0,0.0,1.0,0.0,0.0,0.0,0.0,0.0,0.0,0.20162457090252917,18.921416437465865,19.0
10999,439.92,0.98,1,-0.052,0.318,0.046,-0.023,-0.022,0.31,0.0,0.0,0.0,0.0,2.13,0.0,0.03,0.25,0.13,0.27,0.63,0.16,0.02,0.0,0.0,0.22,0.0,0.0,0.0,0.0,0.0,1.0,0.0,0.0,0.0,1.0,0.0,1.0,0.0,0.0,0.0,0.0,0.0,1.0,0.20712934947178385,19.41648783894769,19.401030900444304
11000,439.96,0.98,1,-0.038,0.317,0.05,-0.026,-0.03,0.22,0.01,0.0,0.0,0.0,2.01,0.0,0.0,0.29,0.13,0.3,0.62,0.2,0.01,0.0,0.02,0.25,0.0,0.0,0.0,0.0,0.0,1.0,0.0,0.0,0.0,1.0,0.0,1.0,0.0,0.0,0.0,0.0,0.0,1.0,0.21231967129192766,19.40644222932155,19.200260414900445
11001,440.0,0.98,1,-0.043,0.33,0.054,-0.024,-0.019,0.17,0.03,0.0,0.0,0.0,1.95,0.0,0.0,0.32,0.03,0.2,0.86,0.14,0.03,0.0,0.11,0.41,0.0,0.0,0.0,0.0,0.0,1.0,0.0,0.0,0.0,1.0,0.0,1.0,0.0,0.0,0.0,0.0,0.0,1.0,0.19517009561606571,20.619650821485706,19.201041638411226
11002,440.04,0.98,1,-0.037,0.33,0.058,-0.033,0.007,0.1,0.03,0.0,0.0,0.0,1.84,0.0,0.0,0.33,0.0,0.25,1.03,0.17,0.03,0.0,0.21,0.39,0.0,0.0,0.0,0.0,0.0,0.0,0.0,0.0,0.0,1.0,0.0,1.0,0.0,0.0,0.0,0.0,0.0,1.0,0.19500004573141996,19.81615502563497,19.404123273160362
11003,440.08,0.98,1,-0.037,0.337,0.066,-0.023,-0.008,0.08,0.02,0.0,0.0,0.0,1.78,0.0,0.0,0.31,0.0,0.25,1.17,0.19,0.03,0.0,0.23,0.77,0.0,0.0,0.0,0.0,0.0,0.0,0.0,0.0,0.0,1.0,0.0,1.0,0.0,0.0,0.0,0.0,0.0,1.0,0.19656706570168797,20.01599360511489,18.804254837669006
11004,440.12,0.98,1,-0.027,0.357,0.062,-0.034,0.003,0.22,0.0,0.0,0.0,0.0,1.2,0.0,0.07,0.35,0.08,0.37,1.07,0.35,0.0,0.0,0.13,1.44,0.0,0.0,0.0,0.0,0.0,0.0,0.0,0.0,0.0,1.0,0.0,1.0,0.0,0.0,0.0,0.0,0.0,1.0,0.1908132400270811,19.306475597581425,17.672577627499518
11005,440.16,0.98,1,0.03,0.432,0.057,-0.063,-0.008,0.33,0.0,0.0,0.0,0.0,0.64,0.0,0.07,0.4,0.28,0.46,1.0,0.38,0.0,0.0,0.04,2.13,0.0,0.0,0.0,0.0,0.0,0.0,0.0,0.0,0.0,1.0,0.0,1.0,0.0,0.0,0.0,0.0,0.0,1.0,0.19060790676298467,16.152399202595166,19.325889371514013
11006,440.2,0.98,1,0.035,0.433,0.061,-0.072,-0.042,0.39,0.02,0.0,0.0,0.0,0.18,0.0,0.07,0.43,0.48,0.46,0.85,0.29,0.0,0.0,0.0,2.3,0.0,0.0,0.0,0.0,0.0,0.0,0.0,0.0,0.0,1.0,0.0,1.0,0.0,0.0,0.0,0.0,0.0,1.0,0.18428934897400834,17.602840679844828,20.435263639111774
11007,440.24,0.98,1,0.078,0.429,0.044,-0.083,-0.06,0.24,0.02,0.0,0.0,0.0,0.53,0.0,0.17,0.44,0.45,0.3,0.83,0.09,0.07,0.0,0.0,1.86,0.0,0.0,0.0,0.0,0.0,0.0,0.0,0.0,0.0,1.0,0.0,0.0,0.0,0.0,0.0,0.0,0.0,1.0,0.18535360691757585,16.70269439342053,21.24758809841733
11008,440.28,0.98,1,0.131,0.356,0.047,-0.123,-0.071,0.06,0.02,0.0,0.0,0.0,1.13,0.0,0.37,0.44,0.4,0.16,0.97,0.05,0.26,0.0,0.0,1.06,0.0,0.0,0.0,0.0,0.0,0.0,0.0,0.0,0.0,1.0,0.0,0.0,0.0,0.0,0.0,0.0,0.0,1.0,0.19608768616680758,18.154062906137476,17.67766952966369
11009,440.32,0.98,1,0.238,0.322,0.057,-0.169,-0.086,0.0,0.0,0.0,0.0,0.0,1.51,0.04,0.73,0.47,0.36,0.18,1.09,0.19,0.4,0.0,0.0,0.39,0.0,0.0,0.0,0.0,0.0,1.0,0.0,0.0,0.0,1.0,0.0,0.0,0.0,0.0,0.0,0.0,0.0,1.0,0.19496796960736967,20.041207548448952,16.04618334682756
11010,440.36,0.98,1,0.289,0.293,0.058,-0.205,-0.105,0.0,0.0,0.0,0.0,0.0,1.63,0.04,0.84,0.49,0.42,0.22,1.14,0.24,0.41,0.0,0.0,0.0,0.0,0.0,0.0,0.0,0.0,1.0,0.0,0.0,0.0,1.0,0.0,0.0,0.0,0.0,0.0,0.0,0.0,0.0,0.2255552209820209,19.375241933973413,15.700318468107582
11011,440.4,0.98,1,0.329,0.299,0.066,-0.24,-0.119,0.0,0.0,0.0,0.0,0.0,1.47,0.04,1.02,0.47,0.32,0.22,1.1,0.19,0.34,0.01,0.0,0.0,0.0,0.0,0.0,0.0,0.0,1.0,0.0,0.0,0.0,0.0,0.0,0.0,0.0,0.0,0.0,0.0,0.0,0.0,0.2528001207937959,18.514858897653028,14.807092894960848
11012,440.44,0.98,1,0.347,0.291,0.069,-0.256,-0.127,0.0,0.0,0.0,0.0,0.0,1.42,0.0,0.95,0.46,0.21,0.22,1.12,0.05,0.35,0.01,0.0,0.0,0.0,0.0,0.0,0.0,0.0,1.0,0.0,0.0,0.0,0.0,0.0,0.0,0.0,0.0,0.0,0.0,0.0,0.0,0.2654388703494073,17.593464695732955,14.601369798755222
11013,440.48,0.98,1,0.37,0.308,0.079,-0.28,-0.133,0.0,0.0,0.0,0.0,0.0,1.31,0.0,1.04,0.43,0.1,0.19,1.26,0.0,0.47,0.01,0.0,0.0,0.0,0.0,0.0,0.0,0.0,1.0,0.0,0.0,0.0,0.0,0.0,0.0,0.0,0.0,0.0,0.0,0.0,0.0,0.2699149631986607,17.269626515938498,14.577379737113395
11014,440.52,0.98,1,0.384,0.309,0.08,-0.291,-0.139,0.0,0.0,0.0,0.0,0.0,0.96,0.0,0.94,0.4,0.11,0.25,1.37,0.0,0.54,0.0,0.0,0.0,0.0,0.0,0.0,0.0,0.0,1.0,0.0,0.0,0.0,0.0,0.0,0.0,0.0,0.0,0.0,0.0,0.0,0.0,0.2863934440270754,19.244219911443526,15.124152868838625
11015,440.56,0.98,1,0.399,0.303,0.08,-0.296,-0.146,0.0,0.0,0.0,0.0,0.0,0.94,0.0,0.95,0.34,0.08,0.17,1.44,0.03,0.61,0.0,0.0,0.0,0.0,0.0,0.0,0.0,0.0,1.0,0.0,0.0,0.0,0.0,0.0,0.0,0.0,0.0,0.0,0.0,0.0,0.0,0.2963258510992417,17.873164241398225,15.152887513606105
11016,440.6,0.98,1,0.4,0.31,0.084,-0.29,-0.151,0.0,0.0,0.0,0.0,0.0,1.02,0.04,0.8,0.38,0.23,0.14,1.41,0.03,0.5,0.0,0.0,0.0,0.0,0.0,0.0,0.0,0.0,0.0,0.0,0.0,0.0,0.0,0.0,0.0,0.0,0.0,0.0,0.0,0.0,0.0,0.2913049739829745,16.76305461424021,15.212166183683381
11017,440.64,0.98,1,0.33,0.349,0.081,-0.281,-0.148,0.0,0.01,0.0,0.0,0.0,0.88,0.04,0.71,0.48,0.31,0.15,1.44,0.03,0.3,0.0,0.0,0.57,0.0,0.0,0.0,0.0,0.0,1.0,0.0,0.0,0.0,1.0,0.0,0.0,0.0,0.0,0.0,0.0,0.0,0.0,0.21301290522706529,15.84739726264223,15.13803157613314
11018,440.68,0.98,1,0.2,0.371,0.061,-0.245,-0.132,0.08,0.04,0.0,0.0,0.0,0.7,0.06,0.49,0.55,0.46,0.24,1.27,0.06,0.09,0.0,0.0,1.17,0.0,0.0,0.0,0.0,0.0,1.0,0.0,0.0,0.0,1.0,0.0,0.0,0.0,0.0,0.0,0.0,0.0,1.0,0.2163852892439568,15.332644912082149,19.3186438447424
11019,440.72,0.98,1,0.12,0.39,0.056,-0.183,-0.117,0.22,0.17,0.0,0.0,0.0,0.71,0.12,0.27,0.47,0.29,0.33,0.95,0.28,0.0,0.0,0.0,1.84,0.0,0.0,0.0,0.0,0.0,1.0,0.0,0.0,0.0,1.0,0.0,0.0,0.0,0.0,0.0,0.0,0.0,1.0,0.19943682532877077,16.30490723678016,20.161349161204434
11020,440.76,0.98,1,0.016,0.433,0.049,-0.074,-0.1,0.46,0.32,0.0,0.0,0.0,1.07,0.37,0.08,0.32,0.23,0.28,0.62,0.4,0.0,0.0,0.17,1.76,0.0,0.0,0.0,0.0,0.0,1.0,0.0,0.0,0.0,1.0,0.0,0.0,0.0,0.0,0.0,0.0,0.0,1.0,0.1792848171677897,19.620652384668695,20.90215299915304
11021,440.8,0.98,1,-0.053,0.404,0.063,0.027,-0.089,0.44,0.3,0.0,0.0,0.0,1.43,0.51,0.0,0.15,0.14,0.16,0.54,0.56,0.0,0.0,0.37,1.59,0.0,0.0,0.0,0.0,0.0,1.0,0.0,0.0,0.0,1.0,0.0,0.0,0.0,0.0,0.0,0.0,0.0,1.0,0.18100171674310128,21.600231480241042,21.88264152244897
11022,440.84,0.98,1,-0.193,0.352,0.063,0.118,-0.045,0.39,0.17,0.0,0.0,0.0,1.42,0.41,0.0,0.06,0.18,0.06,0.66,0.49,0.0,0.12,0.63,1.26,0.0,0.0,0.0,0.0,0.0,1.0,0.0,0.0,0.0,1.0,0.0,0.0,0.0,0.0,0.0,0.0,0.0,1.0,0.18795202459709023,17.202616080119952,23.713498265755657
11023,440.88,0.98,1,-0.249,0.321,0.067,0.177,-0.015,0.3,0.0,0.0,0.0,0.05,1.22,0.17,0.0,0.03,0.28,0.01,0.85,0.39,0.0,0.34,0.65,1.11,0.0,0.0,0.0,0.0,0.0,1.0,0.0,0.0,0.0,1.0,0.0,0.0,0.0,0.0,0.0,0.0,0.0,0.0,0.20710440623360332,18.25376673456746,23.622235287965445
11024,440.92,0.98,1,-0.275,0.306,0.066,0.219,0.007,0.45,0.0,0.0,0.0,0.05,0.79,0.0,0.0,0.02,0.4,0.0,1.0,0.21,0.0,0.5,0.6,0.82,0.0,0.0,0.0,0.0,0.0,0.0,0.0,0.0,0.0,1.0,0.0,1.0,0.0,0.0,0.0,0.0,0.0,0.0,0.20634509247813215,20.518284528683274,23.078344827998386
11025,440.96,0.98,1,-0.302,0.307,0.059,0.231,0.035,0.45,0.0,0.0,0.0,0.05,0.49,0.0,0.0,0.02,0.47,0.0,1.05,0.12,0.0,0.68,0.34,0.68,0.0,0.0,0.0,0.0,0.0,0.0,0.0,0.0,0.0,1.0,0.0,1.0,1.0,0.0,0.0,0.0,0.0,0.0,0.21125291368330398,21.224985276791042,21.867327225795144
11026,441.0,0.98,1,-0.316,0.299,0.067,0.249,0.074,0.32,0.0,0.0,0.0,0.0,0.44,0.0,0.0,0.0,0.28,0.0,1.01,0.1,0.13,0.81,0.28,0.52,0.0,0.0,0.0,0.0,0.0,0.0,0.0,0.0,0.0,1.0,0.0,1.0,1.0,0.0,1.0,0.0,0.0,0.0,0.23501261448335037,22.61725005388587,20.993808611112037
11027,441.04,0.98,1,-0.338,0.303,0.072,0.25,0.091,0.18,0.0,0.0,0.0,0.0,0.62,0.0,0.0,0.0,0.11,0.01,0.99,0.12,0.37,1.04,0.39,0.61,0.0,0.0,0.0,0.0,0.0,0.0,0.0,0.0,0.0,1.0,0.0,1.0,1.0,0.0,1.0,0.0,0.0,0.0,0.23783623456452133,22.398660674245637,19.70000000000001
11028,441.08,0.98,1,-0.341,0.297,0.06,0.239,0.104,0.18,0.0,0.0,0.0,0.0,0.81,0.0,0.0,0.0,0.0,0.01,1.03,0.1,0.62,1.13,0.62,0.48,0.0,0.0,0.0,0.0,0.0,0.0,0.0,0.0,0.0,1.0,0.0,1.0,1.0,0.0,1.0,0.0,0.0,0.0,0.22960540953469247,21.13669794457024,21.1002369654941
11029,441.12,0.98,1,-0.365,0.299,0.062,0.243,0.102,0.27,0.03,0.0,0.0,0.0,0.93,0.0,0.0,0.04,0.04,0.01,1.07,0.16,0.8,1.24,0.75,0.42,0.0,0.0,0.0,0.0,0.0,0.0,0.0,0.0,0.0,1.0,0.0,1.0,1.0,0.0,1.0,0.0,0.0,0.0,0.2382330810146293,19.921847303902275,23.31179958733346
11030,441.16,0.98,1,-0.367,0.294,0.06,0.248,0.101,0.36,0.12,0.0,0.0,0.0,0.85,0.0,0.0,0.06,0.14,0.0,1.04,0.18,0.88,1.36,0.67,0.35,0.0,0.0,0.0,0.0,0.0,0.0,0.0,0.0,0.0,1.0,0.0,1.0,0.0,0.0,1.0,0.0,0.0,0.0,0.24162481550135512,20.529247428973218,23.525518060183114
11031,441.2,0.98,1,-0.366,0.298,0.064,0.262,0.092,0.46,0.35,0.0,0.02,0.0,0.61,0.0,0.0,0.06,0.21,0.0,1.01,0.17,0.95,1.49,0.6,0.47,0.0,0.0,0.0,0.0,0.0,0.0,0.0,0.0,0.0,1.0,0.0,1.0,0.0,0.0,1.0,0.0,0.0,0.0,0.24285461231060862,20.728000385951283,23.246720198772103
11032,441.24,0.98,1,-0.375,0.314,0.064,0.27,0.084,0.61,0.55,0.0,0.08,0.0,0.32,0.0,0.0,0.02,0.31,0.0,0.99,0.17,1.01,1.5,0.5,0.34,0.0,0.0,0.0,0.0,0.0,0.0,0.0,0.0,0.0,1.0,0.0,1.0,0.0,0.0,1.0,0.0,0.0,0.0,0.2359192671859132,21.768095920406,22.43568585980825
11033,441.28,0.98,1,-0.379,0.282,0.054,0.262,0.085,0.72,0.48,0.0,0.08,0.0,0.3,0.0,0.01,0.0,0.33,0.0,0.98,0.08,1.01,1.45,0.47,0.39,0.0,0.0,0.0,0.0,0.0,0.0,0.0,0.0,0.0,1.0,0.0,1.0,0.0,1.0,1.0,0.0,0.0,0.0,0.24751656367627417,22.153103620034827,22.26229997102723
11034,441.32,0.98,1,-0.381,0.311,0.068,0.275,0.083,0.8,0.57,0.02,0.05,0.0,0.29,0.0,0.01,0.0,0.45,0.0,1.02,0.06,0.91,1.48,0.45,0.95,0.0,0.0,0.0,0.0,0.0,0.0,0.0,0.0,0.0,1.0,0.0,1.0,0.0,1.0,1.0,0.0,0.0,0.0,0.23667935264234435,22.005453869438778,22.808989455914165
11035,441.36,0.98,1,-0.351,0.396,0.07,0.287,0.089,0.86,0.61,0.07,0.0,0.0,0.29,0.0,0.01,0.0,0.38,0.12,0.96,0.04,0.58,1.71,0.57,1.99,0.0,0.0,1.0,0.0,0.0,0.0,0.0,0.0,0.0,1.0,0.0,1.0,0.0,1.0,1.0,0.0,0.0,1.0,0.20760160923275522,18.984203960134984,19.615555052049864
11036,441.4,0.98,1,-0.282,0.472,0.108,0.333,0.082,0.83,0.78,0.18,0.0,0.0,0.08,0.0,0.0,0.0,0.34,0.19,0.9,0.04,0.4,1.77,0.67,2.86,0.0,0.0,1.0,0.0,0.0,0.0,0.0,0.0,0.0,1.0,0.0,1.0,0.0,1.0,1.0,0.0,0.0,1.0,0.19512992030960663,19.957204213015363,16.23083485221883
11037,441.44,0.98,1,-0.315,0.457,0.085,0.307,0.09,0.75,0.57,0.17,0.0,0.0,0.0,0.0,0.0,0.0,0.19,0.23,0.81,0.03,0.4,1.73,0.77,2.86,0.0,0.0,1.0,0.0,0.0,0.0,0.0,0.0,0.0,1.0,0.0,1.0,0.0,1.0,1.0,0.0,0.0,1.0,0.1896395319140347,20.850419660045258,18.270194306574783
11038,441.48,0.98,1,-0.319,0.406,0.079,0.29,0.093,0.58,0.32,0.19,0.0,0.0,0.31,0.0,0.0,0.0,0.21,0.13,0.81,0.07,0.69,1.48,0.72,2.32,0.0,0.0,1.0,0.0,0.0,0.0,0.0,0.0,0.0,1.0,0.0,1.0,0.0,1.0,1.0,0.0,0.0,1.0,0.1877693600450618,22.09524835796145,18.607794065928395
11039,441.52,0.98,1,-0.312,0.337,0.07,0.265,0.095,0.48,0.13,0.16,0.0,0.0,0.63,0.0,0.0,0.0,0.2,0.06,0.83,0.15,0.87,1.29,0.66,1.55,0.0,0.0,1.0,0.0,0.0,0.0,0.0,0.0,0.0,1.0,0.0,1.0,1.0,1.0,1.0,0.0,0.0,0.0,0.21125275719434924,20.987615395751796,16.866831356244784
11040,441.56,0.98,1,-0.302,0.332,0.077,0.256,0.096,0.3,0.03,0.25,0.0,0.0,0.91,0.0,0.0,0.0,0.16,0.09,0.85,0.3,0.99,1.15,0.66,1.12,0.0,0.0,1.0,0.0,0.0,0.0,0.0,0.0,0.0,1.0,0.0,1.0,1.0,1.0,1.0,0.0,0.0,0.0,0.21705060250421615,21.48324928868996,18.587361297397763
11041,441.6,0.98,1,-0.319,0.344,0.087,0.258,0.094,0.13,0.0,0.26,0.0,0.0,0.89,0.0,0.0,0.0,0.1,0.15,0.84,0.44,0.99,0.97,0.69,1.0,0.0,0.0,0.0,0.0,0.0,0.0,0.0,0.0,0.0,1.0,0.0,1.0,1.0,1.0,1.0,0.0,0.0,0.0,0.21955982272892954,21.557365330670482,18.332484828849616
11042,441.64,0.98,1,-0.314,0.335,0.087,0.249,0.095,0.07,0.0,0.26,0.0,0.0,0.98,0.0,0.0,0.0,0.03,0.28,0.94,0.53,0.91,0.85,0.76,0.98,0.0,0.0,0.0,0.0,0.0,0.0,0.0,0.0,0.0,1.0,0.0,1.0,1.0,1.0,1.0,0.0,0.0,0.0,0.22383776169019234,22.45105788153417,17.84880948410851
11043,441.68,0.98,1,-0.305,0.348,0.083,0.228,0.089,0.09,0.0,0.15,0.0,0.0,0.85,0.0,0.0,0.0,0.07,0.2,1.06,0.45,0.66,0.67,0.78,0.93,0.0,0.0,0.0,0.0,0.0,0.0,0.0,0.0,0.0,1.0,0.0,1.0,1.0,1.0,0.0,0.0,0.0,0.0,0.21586622883544543,21.843534512528002,17.713271860387646
11044,441.72,0.98,1,-0.292,0.351,0.076,0.227,0.065,0.09,0.0,0.07,0.0,0.0,0.79,0.0,0.0,0.0,0.14,0.17,1.2,0.31,0.39,0.5,0.73,0.81,0.0,0.0,0.0,0.0,0.0,0.0,0.0,0.0,0.0,1.0,0.0,1.0,1.0,1.0,0.0,0.0,0.0,0.0,0.21185088383668388,21.736835096213973,17.87176544161204
11045,441.76,0.98,1,-0.279,0.333,0.068,0.224,0.057,0.06,0.0,0.0,0.0,0.0,0.67,0.0,0.0,0.0,0.27,0.06,1.19,0.24,0.13,0.34,0.55,0.68,0.0,0.0,0.0,0.0,0.0,0.0,0.0,0.0,0.0,1.0,0.0,1.0,1.0,1.0,0.0,0.0,0.0,0.0,0.2094765846877302,20.961870145576185,17.947144619688203
11046,441.8,0.98,1,-0.203,0.309,0.068,0.22,0.049,0.14,0.0,0.0,0.0,0.0,0.74,0.0,0.0,0.0,0.39,0.06,1.23,0.17,0.05,0.28,0.43,0.45,0.0,0.0,0.0,0.0,0.0,0.0,0.0,0.0,0.0,1.0,0.0,1.0,1.0,1.0,0.0,0.0,0.0,0.0,0.22998465142401175,20.587860500790264,20.23561217260296
11047,441.84,0.98,1,-0.187,0.297,0.069,0.212,0.042,0.22,0.0,0.0,0.0,0.0,0.73,0.0,0.0,0.0,0.43,0.01,1.17,0.12,0.0,0.24,0.27,0.27,0.0,0.0,0.0,0.0,0.0,0.0,0.0,0.0,0.0,1.0,0.0,1.0,1.0,1.0,0.0,0.0,0.0,0.0,0.2513754630040098,21.360009363293784,20.28915966717207
11048,441.88,0.98,1,-0.175,0.284,0.061,0.196,0.037,0.24,0.0,0.0,0.0,0.0,0.92,0.0,0.0,0.0,0.35,0.0,1.17,0.07,0.0,0.18,0.26,0.13,0.0,0.0,0.0,0.0,0.0,0.0,0.0,0.0,0.0,1.0,0.0,1.0,0.0,1.0,0.0,0.0,0.0,0.0,0.26181739368808465,21.33377603707319,20.570367036103168
11049,441.92,0.98,1,-0.164,0.276,0.056,0.178,0.036,0.18,0.0,0.0,0.0,0.0,1.26,0.0,0.0,0.01,0.22,0.04,1.14,0.12,0.0,0.05,0.14,0.08,0.0,0.0,0.0,0.0,0.0,0.0,0.0,0.0,0.0,1.0,0.0,1.0,0.0,1.0,0.0,0.0,0.0,0.0,0.2608841249749928,21.92281916177762,20.778113485107166
11050,441.96,0.98,1,-0.151,0.273,0.054,0.161,0.039,0.1,0.0,0.0,0.0,0.0,1.48,0.0,0.0,0.08,0.09,0.04,1.22,0.24,0.0,0.0,0.14,0.0,0.0,0.0,0.0,0.0,0.0,0.0,0.0,0.0,0.0,1.0,0.0,1.0,0.0,1.0,0.0,0.0,0.0,0.0,0.26395186534739623,21.618741869035905,21.54553317975677
11051,442.0,0.98,1,-0.139,0.262,0.052,0.149,0.039,0.07,0.0,0.0,0.0,0.0,1.44,0.0,0.0,0.11,0.04,0.04,1.28,0.37,0.0,0.0,0.16,0.0,0.0,0.0,0.0,0.0,0.0,0.0,0.0,0.0,0.0,1.0,0.0,1.0,0.0,1.0,0.0,0.0,0.0,0.0,0.275334116460931,22.0081802973349,22.09999999999999
11052,442.04,0.98,1,-0.136,0.26,0.047,0.139,0.042,0.09,0.0,0.0,0.0,0.0,1.38,0.0,0.0,0.14,0.0,0.0,1.32,0.46,0.01,0.0,0.13,0.0,0.0,0.0,0.0,0.0,0.0,0.0,0.0,0.0,0.0,1.0,0.0,1.0,1.0,1.0,0.0,0.0,0.0,0.0,0.2671389858774172,22.232408776378726,22.597787502319783
11053,442.08,0.98,1,-0.134,0.262,0.05,0.136,0.039,0.14,0.0,0.0,0.0,0.0,1.57,0.0,0.0,0.12,0.04,0.01,1.29,0.49,0.01,0.0,0.12,0.0,0.0,0.0,0.0,0.0,0.0,0.0,0.0,0.0,0.0,1.0,0.0,1.0,1.0,1.0,0.0,0.0,0.0,0.0,0.2734008752887085,21.80825531765432,22.30874268084134
11054,442.12,0.98,1,-0.128,0.256,0.039,0.132,0.039,0.17,0.0,0.0,0.0,0.0,1.65,0.0,0.0,0.13,0.04,0.01,1.29,0.49,0.01,0.0,0.08,0.0,0.0,0.0,0.0,0.0,0.0,0.0,0.0,0.0,0.0,1.0,0.0,1.0,1.0,1.0,0.0,0.0,0.0,0.0,0.27132721634431545,21.80825531765432,22.09999999999999
11055,442.16,0.98,1,-0.124,0.257,0.038,0.131,0.036,0.22,0.0,0.0,0.0,0.0,1.8,0.0,0.0,0.12,0.05,0.01,1.25,0.64,0.05,0.0,0.1,0.0,0.0,0.0,0.0,0.0,0.0,0.0,0.0,0.0,0.0,1.0,0.0,1.0,1.0,1.0,0.0,0.0,0.0,0.0,0.2706685730451459,22.205629916757644,22.244100341438894
11056,442.2,0.98,1,-0.168,0.262,0.041,0.128,0.035,0.25,0.0,0.0,0.0,0.0,1.81,0.0,0.0,0.09,0.05,0.0,1.24,0.57,0.14,0.0,0.08,0.0,0.0,0.0,0.0,0.0,0.0,0.0,0.0,0.0,0.0,1.0,0.0,1.0,1.0,1.0,0.0,0.0,0.0,0.0,0.2536712409105686,22.450167037240366,20.706762180505102
11057,442.24,0.98,1,-0.192,0.25,0.037,0.125,0.032,0.19,0.0,0.0,0.0,0.0,1.94,0.0,0.0,0.07,0.05,0.0,1.24,0.62,0.24,0.0,0.1,0.0,0.0,0.0,0.0,0.0,0.0,0.0,0.0,0.0,0.0,1.0,0.0,1.0,1.0,1.0,0.0,0.0,0.0,0.0,0.23588730774494343,24.135036772294473,20.61771083316478
11058,442.28,0.98,1,-0.17,0.28,0.052,0.13,0.025,0.18,0.0,0.0,0.05,0.0,1.98,0.0,0.0,0.09,0.1,0.01,1.2,0.54,0.24,0.0,0.15,0.0,0.0,0.0,0.0,0.0,0.0,0.0,0.0,0.0,0.0,1.0,0.0,1.0,1.0,1.0,0.0,0.0,0.0,0.0,0.21344609904372144,23.554405108174567,21.85154456783314
11059,442.32,0.98,1,-0.189,0.249,0.044,0.13,0.023,0.15,0.0,0.0,0.05,0.0,2.05,0.0,0.0,0.09,0.09,0.01,1.09,0.64,0.22,0.0,0.24,0.02,0.0,0.0,0.0,0.0,0.0,0.0,0.0,0.0,0.0,1.0,0.0,1.0,1.0,1.0,0.0,0.0,0.0,0.0,0.25607363309993253,24.23489220112196,19.921847303902275
11060,442.36,0.98,1,-0.168,0.29,0.057,0.134,0.018,0.26,0.0,0.0,0.05,0.0,2.0,0.0,0.0,0.13,0.19,0.01,0.97,0.61,0.15,0.0,0.18,0.06,0.0,0.0,0.0,0.0,0.0,0.0,0.0,0.0,0.0,1.0,0.0,1.0,1.0,1.0,0.0,0.0,0.0,0.0,0.2140604373205063,23.055585006674622,20.634921855921952
11061,442.4,0.98,1,-0.184,0.262,0.047,0.134,0.018,0.28,0.0,0.0,0.0,0.0,2.03,0.0,0.0,0.15,0.21,0.0,0.93,0.57,0.11,0.0,0.11,0.13,0.0,0.0,0.0,0.0,0.0,0.0,0.0,0.0,0.0,1.0,0.0,1.0,1.0,1.0,0.0,0.0,0.0,0.0,0.2514837474362141,22.337860237721916,19.258504614844885
11062,442.44,0.98,1,-0.18,0.257,0.051,0.134,0.016,0.35,0.0,0.0,0.0,0.0,1.94,0.0,0.0,0.16,0.34,0.0,1.01,0.59,0.03,0.0,0.01,0.16,0.0,0.0,0.0,0.0,0.0,0.0,0.0,0.0,0.0,1.0,0.0,1.0,1.0,1.0,0.0,0.0,0.0,0.0,0.24714089996426544,22.57188516717201,19.636700333813636
11063,442.48,0.98,1,-0.187,0.272,0.054,0.136,0.015,0.28,0.0,0.0,0.0,0.0,1.97,0.0,0.0,0.16,0.33,0.0,1.06,0.68,0.05,0.0,0.02,0.19,0.0,0.0,0.0,0.0,0.0,0.0,0.0,0.0,0.0,1.0,0.0,1.0,1.0,1.0,0.0,0.0,0.0,0.0,0.2517548424715706,21.738905216224715,19.258504614844885
11064,442.52,0.98,1,-0.203,0.273,0.054,0.137,0.015,0.22,0.0,0.0,0.0,0.0,1.89,0.0,0.0,0.17,0.34,0.0,1.08,0.77,0.05,0.0,0.02,0.11,0.0,0.0,0.0,0.0,0.0,0.0,0.0,0.0,0.0,1.0,0.0,1.0,1.0,1.0,0.0,0.0,0.0,0.0,0.2521038563226134,23.448027635603047,19.35071058126802
11065,442.56,0.98,1,-0.194,0.254,0.051,0.134,0.018,0.22,0.0,0.0,0.0,0.0,1.96,0.0,0.0,0.19,0.18,0.0,1.06,0.71,0.11,0.0,0.01,0.05,0.0,0.0,0.0,0.0,0.0,0.0,0.0,0.0,0.0,1.0,0.0,1.0,1.0,1.0,0.0,0.0,0.0,0.0,0.25154370378656,23.34202219174675,19.457903278616726
11066,442.6,0.98,1,-0.182,0.262,0.048,0.123,0.021,0.21,0.0,0.0,0.0,0.0,2.13,0.0,0.0,0.15,0.16,0.0,1.13,0.48,0.12,0.0,0.08,0.04,0.0,0.0,0.0,0.0,0.0,0.0,0.0,0.0,0.0,1.0,0.0,1.0,1.0,1.0,0.0,0.0,0.0,0.0,0.23838721708992966,21.958369702689772,19.443507913954306
11067,442.64,0.98,1,-0.165,0.294,0.058,0.12,0.021,0.18,0.0,0.0,0.02,0.0,2.29,0.0,0.0,0.16,0.08,0.0,1.21,0.41,0.16,0.0,0.08,0.04,0.0,0.0,0.0,0.0,0.0,0.0,0.0,0.0,0.0,1.0,0.0,1.0,1.0,1.0,0.0,0.0,0.0,0.0,0.20561093630677668,22.8875512014719,19.82044399099067
11068,442.68,0.98,1,-0.176,0.262,0.045,0.109,0.025,0.19,0.0,0.0,0.02,0.0,2.25,0.0,0.0,0.11,0.09,0.0,1.25,0.35,0.2,0.0,0.08,0.14,0.0,0.0,0.0,0.0,0.0,0.0,0.0,0.0,0.0,1.0,0.0,1.0,1.0,1.0,0.0,0.0,0.0,0.0,0.23692641049847923,22.56413082748812,19.557607215607945
11069,442.72,0.98,1,-0.17,0.295,0.065,0.104,0.023,0.19,0.0,0.0,0.02,0.0,1.93,0.0,0.0,0.11,0.01,0.01,1.21,0.42,0.27,0.0,0.01,0.29,0.0,0.0,0.0,0.0,0.0,0.0,0.0,0.0,0.0,1.0,0.0,1.0,0.0,1.0,0.0,0.0,0.0,0.0,0.20555597892940208,22.337860237721916,20.419843290289826
11070,442.76,0.98,1,-0.158,0.291,0.066,0.096,0.024,0.19,0.0,0.0,0.0,0.0,1.58,0.0,0.0,0.07,0.05,0.01,1.21,0.41,0.33,0.0,0.08,0.45,0.0,0.0,0.0,0.0,0.0,0.0,0.0,0.0,0.0,1.0,0.0,1.0,0.0,1.0,0.0,0.0,0.0,0.0,0.2124102120724164,22.437691503361123,20.212125073826396
11071,442.8,0.98,1,-0.158,0.293,0.064,0.096,0.018,0.09,0.0,0.0,0.0,0.0,1.6,0.0,0.0,0.07,0.05,0.01,1.19,0.41,0.3,0.0,0.08,0.34,0.0,0.0,0.0,0.0,0.0,0.0,0.0,0.0,0.0,1.0,0.0,1.0,0.0,1.0,0.0,0.0,0.0,0.0,0.21449797046460264,22.132555207205648,19.406442229321776
11072,442.84,0.98,1,-0.178,0.259,0.056,0.098,0.013,0.06,0.0,0.0,0.0,0.0,1.71,0.0,0.0,0.08,0.09,0.0,1.17,0.31,0.22,0.0,0.06,0.16,0.0,0.0,0.0,0.0,0.0,0.0,0.0,0.0,0.0,1.0,0.0,1.0,0.0,1.0,0.0,0.0,0.0,0.0,0.2245603000290353,24.616457909293263,19.112822920751537
11073,442.88,0.98,1,-0.195,0.234,0.051,0.102,0.01,0.06,0.0,0.0,0.0,0.0,1.89,0.0,0.0,0.08,0.05,0.0,1.17,0.25,0.17,0.0,0.0,0.0,0.0,0.0,0.0,0.0,0.0,0.0,0.0,0.0,0.0,1.0,0.0,1.0,0.0,1.0,0.0,0.0,0.0,0.0,0.24892898681800463,23.817010727629288,19.01289036417136
11074,442.92,0.98,1,-0.198,0.243,0.055,0.106,0.01,0.05,0.0,0.0,0.0,0.0,1.69,0.0,0.0,0.08,0.04,0.0,1.19,0.23,0.2,0.0,0.0,0.0,0.0,0.0,0.0,0.0,0.0,0.0,0.0,0.0,0.0,1.0,0.0,1.0,0.0,1.0,0.0,0.0,0.0,0.0,0.2532383557569867,23.6171547820648,18.417383093154235
11075,442.96,0.98,1,-0.186,0.254,0.053,0.104,0.014,0.05,0.0,0.0,0.0,0.0,1.62,0.0,0.0,0.1,0.04,0.08,1.26,0.36,0.28,0.0,0.0,0.03,0.0,0.0,0.0,0.0,0.0,0.0,0.0,0.0,0.0,1.0,0.0,1.0,0.0,1.0,0.0,0.0,0.0,0.0,0.22656025017910378,24.146635376383095,19.32097306038177
11076,443.0,0.98,1,-0.175,0.263,0.061,0.105,0.018,0.01,0.0,0.0,0.0,0.0,1.64,0.0,0.0,0.12,0.04,0.1,1.34,0.37,0.36,0.0,0.0,0.1,0.0,0.0,0.0,0.0,0.0,0.0,0.0,0.0,0.0,1.0,0.0,1.0,0.0,1.0,0.0,0.0,0.0,0.0,0.23538198487685794,23.635777964771872,19.730686759461587
11077,443.04,0.98,1,-0.161,0.29,0.074,0.102,0.019,0.07,0.0,0.0,0.0,0.0,1.73,0.0,0.0,0.16,0.06,0.14,1.39,0.47,0.39,0.0,0.0,0.1,0.0,0.0,0.0,0.0,0.0,0.0,0.0,0.0,0.0,1.0,0.0,1.0,0.0,1.0,0.0,0.0,0.0,0.0,0.2298504132403391,21.914607000811216,21.33377603707319
11078,443.08,0.98,1,-0.175,0.245,0.059,0.095,0.022,0.09,0.0,0.0,0.0,0.0,1.77,0.0,0.0,0.17,0.02,0.12,1.36,0.43,0.36,0.0,0.04,0.07,0.0,0.0,0.0,0.0,0.0,0.0,0.0,0.0,0.0,1.0,0.0,1.0,0.0,1.0,0.0,0.0,0.0,0.0,0.25342493556003376,22.93686988235303,20.141995928904272
11079,443.12,0.98,1,-0.177,0.246,0.061,0.092,0.023,0.11,0.0,0.0,0.0,0.0,1.61,0.0,0.0,0.19,0.1,0.1,1.29,0.44,0.31,0.0,0.11,0.0,0.0,0.0,0.0,0.0,0.0,0.0,0.0,0.0,0.0,1.0,0.0,1.0,0.0,1.0,0.0,0.0,0.0,0.0,0.25228959192261247,23.436083290516024,21.153250341259525
11080,443.16,0.98,1,-0.178,0.243,0.065,0.092,0.021,0.05,0.0,0.0,0.0,0.0,1.49,0.0,0.0,0.18,0.1,0.11,1.27,0.32,0.27,0.0,0.14,0.0,0.0,0.0,0.0,0.0,0.0,0.0,0.0,0.0,0.0,1.0,0.0,1.0,0.0,1.0,0.0,0.0,0.0,0.0,0.2571147334218642,23.448027635603047,19.237463450257724
11081,443.2,0.98,1,-0.186,0.237,0.065,0.093,0.018,0.07,0.0,0.0,0.0,0.0,1.52,0.0,0.0,0.15,0.1,0.06,1.27,0.34,0.29,0.0,0.12,0.0,0.0,0.0,0.0,0.0,0.0,0.0,0.0,0.0,0.0,1.0,0.0,1.0,0.0,1.0,0.0,0.0,0.0,0.0,0.25353151461492024,24.146635376383095,20.74078108461689
11082,443.24,0.98,1,-0.174,0.259,0.068,0.093,0.014,0.12,0.0,0.0,0.0,0.0,1.62,0.0,0.0,0.16,0.05,0.08,1.25,0.41,0.35,0.0,0.05,0.0,0.0,0.0,0.0,0.0,0.0,0.0,0.0,0.0,0.0,1.0,0.0,1.0,0.0,1.0,0.0,0.0,0.0,0.0,0.228113298117678,23.960383970212256,21.414948050368796
11083,443.28,0.98,1,-0.173,0.279,0.075,0.096,0.012,0.15,0.0,0.0,0.0,0.0,1.8,0.0,0.0,0.17,0.06,0.1,1.24,0.55,0.39,0.0,0.02,0.0,0.0,0.0,0.0,0.0,0.0,0.0,0.0,0.0,0.0,1.0,0.0,1.0,1.0,1.0,0.0,0.0,0.0,0.0,0.21541558951129797,23.142385356743063,21.21155345560532
11084,443.32,0.98,1,-0.18,0.247,0.067,0.094,0.012,0.14,0.0,0.0,0.0,0.0,1.67,0.0,0.0,0.17,0.14,0.16,1.21,0.55,0.32,0.0,0.01,0.0,0.0,0.0,0.0,0.0,0.0,0.0,0.0,0.0,0.0,1.0,0.0,1.0,1.0,1.0,0.0,0.0,0.0,0.0,0.24801557632695434,23.348233337878003,21.63908500838231
11085,443.36,0.98,1,-0.185,0.243,0.071,0.095,0.013,0.07,0.0,0.0,0.0,0.0,1.52,0.0,0.0,0.19,0.19,0.16,1.25,0.55,0.28,0.0,0.01,0.0,0.0,0.0,0.0,0.0,0.0,0.0,0.0,0.0,0.0,1.0,0.0,1.0,1.0,1.0,0.0,0.0,0.0,0.0,0.25878914959399235,24.129857024027444,20.16358103115606
11086,443.4,0.98,1,-0.171,0.245,0.063,0.094,0.012,0.1,0.0,0.0,0.0,0.0,1.37,0.0,0.0,0.17,0.19,0.19,1.23,0.48,0.22,0.0,0.01,0.0,0.0,0.0,0.0,0.0,0.0,0.0,0.0,0.0,0.0,1.0,0.0,1.0,1.0,1.0,0.0,0.0,0.0,0.0,0.2571176212345219,23.920911353875994,19.366207682455496
11087,443.44,0.98,1,-0.172,0.255,0.067,0.092,0.013,0.1,0.0,0.0,0.0,0.0,1.32,0.0,0.0,0.18,0.14,0.17,1.29,0.42,0.27,0.0,0.0,0.0,0.0,0.0,0.0,0.0,0.0,0.0,0.0,0.0,0.0,1.0,0.0,1.0,1.0,1.0,0.0,0.0,0.0,0.0,0.25407730291045943,23.221541723150125,19.144189719076554
11088,443.48,0.98,1,-0.17,0.248,0.061,0.09,0.013,0.11,0.0,0.0,0.0,0.0,1.42,0.0,0.0,0.13,0.07,0.23,1.3,0.49,0.29,0.0,0.02,0.0,0.0,0.0,0.0,0.0,0.0,0.0,0.0,0.0,0.0,1.0,0.0,1.0,1.0,1.0,0.0,0.0,0.0,0.0,0.25614841502849334,23.430749027720054,19.749683541768505
11089,443.52,0.98,1,-0.16,0.245,0.058,0.086,0.014,0.05,0.0,0.0,0.0,0.0,1.5,0.0,0.0,0.13,0.04,0.19,1.33,0.43,0.34,0.0,0.03,0.0,0.0,0.0,0.0,0.0,0.0,0.0,0.0,0.0,0.0,1.0,0.0,1.0,1.0,1.0,0.0,0.0,0.0,0.0,0.256670220021264,23.317375495539753,19.93614807328624
11090,443.56,0.98,1,-0.158,0.245,0.055,0.083,0.014,0.03,0.0,0.0,0.0,0.0,1.48,0.0,0.0,0.11,0.0,0.17,1.33,0.56,0.34,0.0,0.03,0.0,0.0,0.0,0.0,0.0,0.0,0.0,0.0,0.0,0.0,1.0,0.0,1.0,1.0,1.0,0.0,0.0,0.0,0.0,0.25965733910625655,23.617154782064574,19.836330305779803
11091,443.6,0.98,1,-0.161,0.239,0.051,0.079,0.016,0.02,0.0,0.0,0.0,0.0,1.39,0.0,0.0,0.11,0.04,0.2,1.34,0.5,0.33,0.0,0.04,0.0,0.0,0.0,0.0,0.0,0.0,0.0,0.0,0.0,0.0,1.0,0.0,1.0,1.0,1.0,0.0,0.0,0.0,0.0,0.2634948386328929,23.217450333746857,20.335437049643343
11092,443.64,0.98,1,-0.153,0.245,0.053,0.075,0.016,0.02,0.0,0.0,0.0,0.0,1.26,0.0,0.0,0.07,0.05,0.22,1.39,0.56,0.31,0.0,0.09,0.0,0.0,0.0,0.0,0.0,0.0,0.0,0.0,0.0,0.0,1.0,0.0,1.0,1.0,1.0,0.0,0.0,0.0,0.0,0.26008632276210775,22.814030770558674,20.229928324143955
11093,443.68,0.98,1,-0.144,0.235,0.05,0.069,0.017,0.0,0.0,0.0,0.0,0.0,1.24,0.0,0.0,0.04,0.07,0.18,1.42,0.55,0.33,0.0,0.1,0.0,0.0,0.0,0.0,0.0,0.0,0.0,0.0,0.0,0.0,1.0,0.0,1.0,1.0,1.0,0.0,0.0,0.0,0.0,0.26456930996039374,22.910696191953754,20.220039564748674
11094,443.72,0.98,1,-0.134,0.228,0.046,0.065,0.015,0.0,0.0,0.0,0.0,0.0,1.04,0.0,0.0,0.04,0.04,0.07,1.39,0.42,0.36,0.0,0.16,0.0,0.0,0.0,0.0,0.0,0.0,0.0,0.0,0.0,0.0,1.0,0.0,1.0,1.0,1.0,0.0,0.0,0.0,0.0,0.26292919466763875,23.513613078385042,21.211553455605316
11095,443.76,0.98,1,-0.121,0.228,0.043,0.061,0.012,0.0,0.0,0.0,0.0,0.0,0.95,0.0,0.0,0.05,0.02,0.03,1.41,0.49,0.41,0.0,0.24,0.0,0.0,0.0,0.0,0.0,0.0,0.0,0.0,0.0,0.0,1.0,0.0,1.0,1.0,1.0,0.0,0.0,0.0,0.0,0.2580761979023161,23.70527367485982,20.508778608196053
11096,443.8,0.98,1,-0.118,0.23,0.039,0.058,0.012,0.03,0.0,0.0,0.0,0.0,0.89,0.0,0.0,0.05,0.0,0.07,1.38,0.32,0.39,0.0,0.29,0.0,0.0,0.0,0.0,0.0,0.0,0.0,0.0,0.0,0.0,1.0,0.0,1.0,1.0,1.0,0.0,0.0,0.0,0.0,0.2560335433083353,23.31051264987556,20.406126531019904
11097,443.84,0.98,1,-0.118,0.234,0.048,0.057,0.006,0.03,0.0,0.0,0.0,0.0,1.03,0.0,0.0,0.05,0.0,0.17,1.43,0.37,0.32,0.0,0.28,0.0,0.0,0.0,0.0,0.0,0.0,0.0,0.0,0.0,0.0,1.0,0.0,1.0,1.0,0.0,0.0,0.0,0.0,0.0,0.255668735763507,23.21378900567487,20.608736011701584
11098,443.88,0.98,1,-0.111,0.271,0.056,0.052,0.004,0.24,0.03,0.0,0.0,0.0,0.91,0.0,0.0,0.02,0.0,0.16,1.45,0.2,0.18,0.0,0.2,0.45,0.0,0.0,0.0,0.0,0.0,0.0,0.0,0.0,0.0,1.0,0.0,1.0,1.0,0.0,0.0,0.0,0.0,0.0,0.22074104769359942,20.819462048765768,19.60408120774869
11099,443.92,0.98,1,-0.063,0.368,0.039,0.037,0.013,0.5,0.03,0.0,0.0,0.0,0.75,0.0,0.0,0.03,0.07,0.18,1.53,0.28,0.07,0.0,0.2,1.05,0.0,0.0,0.0,0.0,0.0,0.0,0.0,0.0,0.0,1.0,0.0,1.0,1.0,0.0,0.0,0.0,0.0,1.0,0.1986738891710842,18.339302058693693,21.40840956259955
11100,443.96,0.98,1,-0.054,0.437,0.044,0.03,0.011,0.5,0.03,0.0,0.0,0.0,0.58,0.0,0.0,0.04,0.08,0.08,1.59,0.33,0.0,0.01,0.19,1.46,0.0,0.0,0.0,0.0,0.0,0.0,0.0,0.0,0.0,1.0,0.0,1.0,1.0,0.0,0.0,0.0,0.0,1.0,0.16958367183670842,19.237983262286015,20.124860247962108
11101,444.0,0.98,1,-0.069,0.389,0.036,0.03,0.009,0.3,0.0,0.0,0.0,0.0,0.61,0.0,0.0,0.08,0.08,0.08,1.63,0.36,0.06,0.01,0.24,1.3,0.0,0.0,0.0,0.0,0.0,0.0,0.0,0.0,0.0,1.0,0.0,1.0,1.0,0.0,0.0,0.0,0.0,1.0,0.17864743901812724,17.01440566108614,18.97630100941685
11102,444.04,0.98,1,-0.053,0.322,0.046,0.023,0.007,0.01,0.0,0.0,0.0,0.0,1.03,0.0,0.0,0.12,0.01,0.05,1.56,0.35,0.14,0.01,0.28,0.77,0.0,0.0,0.0,0.0,0.0,0.0,0.0,0.0,0.0,1.0,0.0,1.0,0.0,0.0,0.0,0.0,0.0,1.0,0.19422994182589265,18.43908891458587,17.93376703316967
11103,444.08,0.98,1,-0.046,0.34,0.048,0.017,0.006,0.0,0.0,0.0,0.0,0.0,1.36,0.0,0.0,0.12,0.0,0.1,1.46,0.24,0.27,0.0,0.33,0.38,0.0,0.0,0.0,0.0,0.0,0.0,0.0,0.0,0.0,1.0,0.0,1.0,0.0,0.0,0.0,0.0,0.0,1.0,0.1716265722156695,17.10263137648698,18.039955654047485
11104,444.12,0.98,1,-0.064,0.298,0.041,0.008,0.009,0.04,0.0,0.0,0.0,0.0,1.57,0.0,0.0,0.15,0.0,0.15,1.42,0.26,0.29,0.0,0.3,0.09,0.0,0.0,0.0,0.0,0.0,0.0,0.0,0.0,0.0,1.0,0.0,1.0,0.0,0.0,0.0,0.0,0.0,1.0,0.18116598639784387,18.01776900728833,18.50432381904294
11105,444.16,0.98,1,-0.052,0.277,0.047,0.0,0.007,0.04,0.0,0.0,0.0,0.0,1.61,0.0,0.0,0.19,0.0,0.24,1.5,0.29,0.27,0.0,0.28,0.02,0.0,0.0,0.0,0.0,0.0,0.0,0.0,0.0,0.0,1.0,0.0,1.0,0.0,0.0,0.0,0.0,0.0,0.0,0.2108563233032258,19.10942175995928,18.300273222004044
11106,444.2,0.98,1,-0.046,0.27,0.047,-0.006,0.005,0.11,0.0,0.0,0.0,0.0,1.67,0.0,0.05,0.26,0.0,0.33,1.38,0.32,0.16,0.0,0.15,0.0,0.0,0.0,0.0,0.0,0.0,0.0,0.0,0.0,0.0,1.0,0.0,1.0,0.0,0.0,0.0,0.0,0.0,0.0,0.22231255782561843,19.70634415613413,18.700000000000045
11107,444.24,0.98,1,-0.038,0.263,0.042,-0.007,-0.023,0.07,0.0,0.0,0.0,0.0,1.95,0.0,0.05,0.27,0.0,0.33,1.29,0.21,0.08,0.0,0.08,0.0,0.0,0.0,0.0,0.0,0.0,0.0,0.0,0.0,0.0,1.0,0.0,1.0,0.0,0.0,0.0,0.0,0.0,0.0,0.23068555946316696,20.500243900988107,18.60107523773841
11108,444.28,0.98,1,-0.036,0.265,0.043,-0.008,-0.02,0.07,0.0,0.0,0.0,0.0,1.98,0.0,0.05,0.27,0.0,0.38,0.95,0.1,0.03,0.0,0.0,0.0,0.0,0.0,0.0,0.0,0.0,1.0,0.0,0.0,0.0,1.0,0.0,1.0,0.0,0.0,0.0,0.0,0.0,0.0,0.24241115163370777,21.019276866724034,18.701069488133605
11109,444.32,0.98,1,-0.021,0.249,0.036,-0.017,-0.027,0.06,0.0,0.0,0.03,0.0,2.07,0.0,0.0,0.26,0.0,0.37,0.89,0.12,0.01,0.02,0.0,0.0,0.0,0.0,0.0,0.0,0.0,1.0,0.0,0.0,0.0,1.0,0.0,0.0,0.0,0.0,0.0,0.0,0.0,0.0,0.24898437367409187,21.034257771549722,19.606376513777256
11110,444.36,0.98,1,-0.018,0.258,0.035,-0.019,-0.036,0.16,0.0,0.0,0.03,0.0,2.06,0.0,0.0,0.27,0.06,0.48,0.65,0.19,0.01,0.04,0.0,0.0,0.0,0.0,0.0,0.0,0.0,1.0,0.0,0.0,0.0,1.0,0.0,0.0,1.0,0.0,0.0,0.0,0.0,0.0,0.2440614261721668,20.535091916034858,20.00099997500125
11111,444.4,0.98,1,-0.012,0.254,0.035,-0.017,-0.04,0.18,0.0,0.0,0.03,0.0,2.2,0.0,0.0,0.28,0.12,0.5,0.66,0.28,0.03,0.04,0.0,0.0,0.0,0.0,0.0,0.0,0.0,1.0,0.0,0.0,0.0,1.0,0.0,0.0,1.0,0.0,0.0,0.0,0.0,0.0,0.2452821420600933,20.923909768492212,20.40220576310303
11112,444.44,0.98,1,-0.014,0.254,0.03,-0.016,-0.038,0.18,0.0,0.0,0.0,0.0,2.27,0.0,0.03,0.29,0.16,0.44,0.56,0.26,0.03,0.03,0.0,0.0,0.0,0.0,0.0,0.0,0.0,1.0,0.0,0.0,0.0,1.0,0.0,0.0,1.0,0.0,0.0,0.0,0.0,0.0,0.2390293755577496,20.42963533693158,21.40210270043563
11113,444.48,0.98,1,-0.016,0.26,0.036,-0.018,-0.04,0.15,0.0,0.0,0.0,0.0,2.36,0.0,0.03,0.28,0.11,0.33,0.57,0.19,0.03,0.01,0.0,0.0,0.0,0.0,0.0,0.0,0.0,1.0,0.0,0.0,0.0,1.0,0.0,0.0,1.0,0.0,0.0,0.0,0.0,0.0,0.25440156892701926,20.81537893001248,22.005681084665387
11114,444.52,0.98,1,-0.011,0.261,0.037,-0.015,-0.042,0.21,0.0,0.0,0.0,0.0,2.43,0.0,0.03,0.29,0.14,0.25,0.68,0.09,0.0,0.01,0.0,0.0,0.0,0.0,0.0,0.0,0.0,1.0,0.0,0.0,0.0,1.0,0.0,0.0,1.0,0.0,0.0,0.0,0.0,0.0,0.2521033694632093,20.702173798903384,21.7020736336416
11115,444.56,0.98,1,-0.014,0.264,0.035,-0.017,-0.043,0.21,0.0,0.0,0.0,0.0,2.28,0.0,0.0,0.31,0.19,0.22,0.74,0.03,0.04,0.0,0.0,0.0,0.0,0.0,0.0,0.0,0.0,1.0,0.0,0.0,0.0,1.0,0.0,0.0,1.0,0.0,0.0,0.0,0.0,0.0,0.25332785214814624,20.802163349036515,21.702073633641373
11116,444.6,0.98,1,-0.011,0.268,0.027,-0.017,-0.041,0.17,0.0,0.0,0.0,0.0,2.01,0.0,0.0,0.36,0.22,0.21,0.85,0.09,0.08,0.0,0.0,0.0,0.0,0.0,0.0,0.0,0.0,1.0,0.0,0.0,0.0,1.0,0.0,0.0,0.0,0.0,0.0,0.0,0.0,0.0,0.24628505386359684,20.702173798903384,22.200000000000045
11117,444.64,0.98,1,-0.009,0.275,0.022,-0.022,-0.04,0.11,0.0,0.0,0.0,0.0,1.7,0.0,0.0,0.33,0.13,0.13,0.75,0.09,0.17,0.0,0.0,0.0,0.0,0.0,0.0,0.0,0.0,1.0,0.0,0.0,0.0,1.0,0.0,0.0,0.0,0.0,0.0,0.0,0.0,0.0,0.23866399516552056,20.802163349036743,22.200900882621905
11118,444.68,0.98,1,0.001,0.277,0.019,-0.017,-0.039,0.08,0.0,0.0,0.0,0.0,1.7,0.0,0.0,0.32,0.14,0.09,0.82,0.06,0.19,0.0,0.0,0.0,0.0,0.0,0.0,0.0,0.0,1.0,0.0,0.0,0.0,1.0,0.0,0.0,0.0,0.0,0.0,0.0,0.0,0.0,0.23020545366499692,20.800961516237614,22.60199106273618
11119,444.72,0.98,1,-0.001,0.272,0.016,-0.015,-0.033,0.05,0.0,0.0,0.0,0.0,1.76,0.0,0.0,0.28,0.19,0.02,0.71,0.0,0.22,0.0,0.0,0.0,0.0,0.0,0.0,0.0,0.0,1.0,0.0,0.0,0.0,1.0,0.0,0.0,1.0,0.0,0.0,0.0,0.0,0.0,0.2390086220075647,21.00095235935742,22.302017845925917
11120,444.76,0.98,1,-0.008,0.289,0.021,-0.012,-0.023,0.02,0.0,0.0,0.0,0.0,1.91,0.0,0.0,0.3,0.25,0.02,0.73,0.05,0.18,0.0,0.0,0.0,0.0,0.0,0.0,0.0,0.0,1.0,0.0,0.0,0.0,1.0,0.0,0.0,1.0,0.0,0.0,0.0,0.0,0.0,0.2171139548994399,20.811775512915712,22.400892839348924
11121,444.8,0.98,1,-0.021,0.295,0.022,-0.011,-0.011,0.09,0.0,0.0,0.0,0.0,1.74,0.0,0.0,0.28,0.16,0.0,0.65,0.08,0.16,0.0,0.0,0.0,0.0,0.0,0.0,0.0,0.0,1.0,0.0,0.0,0.0,1.0,0.0,0.0,0.0,0.0,0.0,0.0,0.0,0.0,0.21815773588305276,20.224737328331408,22.003636063160105
11122,444.84,0.98,1,-0.019,0.276,0.031,-0.014,-0.004,0.13,0.0,0.0,0.02,0.0,1.74,0.0,0.0,0.29,0.12,0.0,0.66,0.08,0.14,0.0,0.0,0.0,0.0,0.0,0.0,0.0,0.0,1.0,0.0,0.0,0.0,1.0,0.0,0.0,1.0,0.0,0.0,0.0,0.0,0.0,0.24054084197737963,21.215088969881606,22.31434516180137
11123,444.88,0.98,1,-0.008,0.283,0.025,-0.012,0.001,0.15,0.0,0.0,0.02,0.0,1.61,0.0,0.0,0.29,0.08,0.0,0.67,0.04,0.21,0.0,0.0,0.0,0.0,0.0,0.0,0.0,0.0,1.0,0.0,0.0,0.0,1.0,0.0,0.0,1.0,0.0,0.0,0.0,0.0,0.0,0.2239985839008444,20.120139164528794,22.610838109189938
11124,444.92,0.98,1,-0.013,0.281,0.025,-0.012,0.003,0.07,0.0,0.0,0.02,0.0,1.64,0.0,0.0,0.28,0.08,0.05,0.64,0.03,0.29,0.0,0.0,0.0,0.0,0.0,0.0,0.0,0.0,1.0,0.0,0.0,0.0,1.0,0.0,0.0,1.0,0.0,0.0,0.0,0.0,0.0,0.21246677659174096,20.919369015340873,21.523243250030884
11125,444.96,0.98,1,-0.022,0.284,0.023,-0.02,0.006,0.03,0.0,0.0,0.0,0.0,1.8,0.0,0.01,0.31,0.02,0.07,0.77,0.03,0.33,0.0,0.0,0.0,0.0,0.0,0.0,0.0,0.0,1.0,0.0,0.0,0.0,1.0,1.0,0.0,1.0,0.0,0.0,0.0,0.0,0.0,0.21329002789552343,21.405840324547036,20.724140512938092
11126,445.0,0.98,1,-0.02,0.28,0.023,-0.024,0.002,0.0,0.0,0.0,0.0,0.0,2.02,0.0,0.04,0.35,0.0,0.07,0.86,0.08,0.29,0.0,0.0,0.0,0.0,0.0,0.0,0.0,0.0,1.0,0.0,0.0,0.0,1.0,1.0,1.0,1.0,0.0,0.0,0.0,0.0,0.0,0.2308976355557863,20.903827400741804,21.400934559032788
11127,445.04,0.98,1,-0.02,0.286,0.026,-0.026,-0.005,0.0,0.0,0.0,0.0,0.0,2.29,0.0,0.06,0.4,0.0,0.04,1.04,0.05,0.19,0.0,0.0,0.0,0.0,0.0,0.0,0.0,0.0,1.0,0.0,0.0,0.0,1.0,1.0,1.0,1.0,0.0,0.0,0.0,0.0,0.0,0.22784435285672283,20.806008747474806,21.902054698132865
11128,445.08,0.98,1,-0.013,0.289,0.029,-0.027,-0.011,0.02,0.0,0.0,0.0,0.0,2.19,0.0,0.05,0.39,0.0,0.09,1.13,0.07,0.12,0.0,0.0,0.0,0.0,0.0,0.0,0.0,0.0,1.0,0.0,0.0,0.0,1.0,1.0,1.0,1.0,0.0,0.0,0.0,0.0,0.0,0.22768981231662097,21.2058954067024,21.30211257129203
11129,445.12,0.98,1,-0.013,0.277,0.024,-0.025,-0.017,0.12,0.0,0.0,0.0,0.0,2.0,0.0,0.02,0.34,0.05,0.18,1.24,0.15,0.06,0.0,0.0,0.0,0.0,0.0,0.0,0.0,0.0,1.0,0.0,0.0,0.0,1.0,1.0,1.0,1.0,0.0,0.0,0.0,0.0,0.0,0.2363832556335757,21.70575960430784,21.200943375236914
11130,445.16,0.98,1,-0.022,0.252,0.018,-0.021,-0.023,0.21,0.0,0.0,0.0,0.0,1.76,0.0,0.0,0.3,0.05,0.19,1.21,0.23,0.03,0.0,0.0,0.0,0.0,0.0,0.0,0.0,0.0,1.0,0.0,0.0,0.0,1.0,1.0,1.0,1.0,0.0,0.0,0.0,0.0,0.0,0.2541787640845247,22.000909072126998,21.81123563670793
11131,445.2,0.98,1,-0.006,0.255,0.016,-0.019,-0.027,0.23,0.0,0.0,0.0,0.0,1.59,0.0,0.0,0.25,0.05,0.17,1.12,0.21,0.0,0.0,0.0,0.0,0.0,0.0,0.0,0.0,0.0,1.0,0.0,0.0,0.0,1.0,1.0,1.0,1.0,0.0,0.0,0.0,0.0,0.0,0.2524912230894667,22.111083193729023,21.608331726442838
11132,445.24,0.98,1,-0.006,0.243,0.009,-0.018,-0.029,0.31,0.0,0.0,0.0,0.0,1.36,0.0,0.04,0.21,0.07,0.22,1.01,0.18,0.0,0.01,0.0,0.36,0.0,0.0,0.0,0.0,0.0,1.0,0.0,0.0,0.0,1.0,1.0,1.0,1.0,0.0,0.0,0.0,0.0,0.0,0.24995985462241027,21.91118435867865,21.608331726443065
11133,445.28,0.98,1,-0.017,0.288,0.007,-0.019,-0.028,0.51,0.0,0.0,0.0,0.0,1.09,0.0,0.13,0.23,0.17,0.38,0.9,0.19,0.0,0.01,0.0,1.13,0.0,0.0,0.0,0.0,0.0,1.0,0.0,0.0,0.0,1.0,0.0,1.0,1.0,0.0,0.0,0.0,0.0,1.0,0.22739341173699523,19.237463450257724,17.980545041794574
11134,445.32,0.98,1,0.0,0.392,0.003,-0.033,-0.027,0.7,0.0,0.0,0.0,0.0,0.9,0.0,0.2,0.26,0.27,0.43,0.86,0.29,0.0,0.01,0.0,1.68,0.0,1.0,0.0,0.0,0.0,1.0,0.0,0.0,0.0,1.0,0.0,1.0,1.0,0.0,0.0,0.0,0.0,1.0,0.17826462812468366,15.799050604387505,20.578872661057016
11135,445.36,0.98,1,0.003,0.396,-0.004,-0.025,-0.028,0.7,0.0,0.0,0.0,0.0,0.83,0.0,0.17,0.28,0.24,0.48,0.75,0.3,0.0,0.0,0.0,1.85,0.0,1.0,0.0,0.0,0.0,1.0,0.0,0.0,0.0,1.0,0.0,1.0,1.0,0.0,0.0,0.0,0.0,1.0,0.1796935974365613,17.315888657530735,20.362956563328378
11136,445.4,0.98,1,-0.015,0.326,-0.013,-0.026,-0.028,0.51,0.0,0.0,0.0,0.0,1.08,0.0,0.07,0.18,0.13,0.46,0.81,0.25,0.0,0.0,0.0,1.47,0.0,1.0,0.0,0.0,0.0,1.0,0.0,0.0,0.0,1.0,0.0,1.0,1.0,0.0,0.0,0.0,0.0,1.0,0.19772369174654747,18.099999999999998,20.51828452868306
11137,445.44,0.98,1,0.01,0.309,-0.001,-0.018,-0.035,0.34,0.0,0.0,0.0,0.0,1.41,0.0,0.01,0.15,0.04,0.44,0.78,0.23,0.0,0.0,0.0,1.32,0.0,1.0,0.0,0.0,0.0,1.0,0.0,0.0,0.0,1.0,0.0,1.0,1.0,0.0,0.0,0.0,0.0,1.0,0.20431542286231147,17.901117283566272,19.612750954417386
11138,445.48,0.98,1,-0.0,0.284,-0.003,-0.017,-0.038,0.24,0.0,0.0,0.0,0.0,1.73,0.0,0.07,0.15,0.0,0.42,0.88,0.19,0.0,0.0,0.0,1.05,0.0,1.0,0.0,0.0,0.0,1.0,0.0,0.0,0.0,1.0,0.0,1.0,1.0,0.0,0.0,0.0,0.0,1.0,0.20871635103755592,16.302760502442478,16.430459518832787
11139,445.52,0.98,1,-0.013,0.286,-0.003,-0.01,-0.041,0.29,0.0,0.0,0.0,0.0,1.86,0.0,0.1,0.19,0.0,0.36,0.9,0.21,0.0,0.0,0.0,0.89,0.0,1.0,0.0,0.0,0.0,1.0,0.0,0.0,0.0,1.0,0.0,1.0,1.0,0.0,0.0,0.0,0.0,0.0,0.20216789663217696,17.210461934532773,17.613914953808443
11140,445.56,0.98,1,-0.0,0.286,-0.002,-0.003,-0.032,0.23,0.0,0.0,0.0,0.0,2.04,0.0,0.12,0.19,0.0,0.43,0.92,0.23,0.0,0.0,0.0,0.6,0.0,1.0,0.0,0.0,0.0,1.0,0.0,0.0,0.0,1.0,0.0,1.0,1.0,0.0,0.0,0.0,0.0,0.0,0.18054929878315656,18.127603261325117,18.022485955050705
11141,445.6,0.98,1,-0.004,0.291,0.006,-0.013,-0.02,0.18,0.0,0.0,0.0,0.0,2.2,0.0,0.05,0.17,0.0,0.45,1.01,0.31,0.0,0.03,0.0,0.41,0.0,1.0,0.0,0.0,0.0,1.0,0.0,0.0,0.0,1.0,0.0,1.0,1.0,0.0,0.0,0.0,0.0,0.0,0.17804940217392196,17.927911200137157,18.406792224610864
11142,445.64,0.98,1,-0.003,0.27,0.014,0.002,-0.025,0.06,0.0,0.0,0.0,0.0,2.2,0.0,0.01,0.09,0.0,0.47,1.16,0.26,0.0,0.03,0.0,0.19,0.0,1.0,0.0,0.0,0.0,1.0,0.0,0.0,0.0,1.0,0.0,1.0,1.0,0.0,0.0,0.0,0.0,0.0,0.20391946222938145,19.54328529188478,18.801063799689587
11143,445.68,0.98,1,-0.002,0.286,0.017,-0.008,-0.002,0.14,0.0,0.0,0.0,0.0,2.06,0.0,0.03,0.11,0.0,0.39,1.33,0.26,0.0,0.03,0.0,0.08,0.0,0.0,0.0,0.0,0.0,1.0,0.0,0.0,0.0,1.0,0.0,1.0,1.0,0.0,0.0,0.0,0.0,0.0,0.20470182531135367,20.62934802653725,20.002249873451735
11144,445.72,0.98,1,-0.0,0.26,0.005,-0.001,-0.015,0.12,0.0,0.0,0.0,0.0,2.06,0.0,0.03,0.12,0.0,0.32,1.47,0.16,0.06,0.0,0.0,0.0,0.0,0.0,0.0,0.0,0.0,1.0,0.0,0.0,0.0,1.0,1.0,1.0,1.0,0.0,0.0,0.0,0.0,0.0,0.21596025135235855,19.7205476597381,20.500243900988107
11145,445.76,0.98,1,-0.01,0.272,0.013,-0.01,0.004,0.08,0.0,0.0,0.0,0.0,2.07,0.0,0.1,0.16,0.01,0.36,1.34,0.33,0.07,0.05,0.0,0.0,0.0,0.0,0.0,0.0,0.0,1.0,0.0,0.0,0.0,1.0,1.0,1.0,1.0,0.0,0.0,0.0,0.0,0.0,0.21037830613458905,20.012246250733575,20.800240383226527
11146,445.8,0.98,1,-0.006,0.27,0.008,-0.0,-0.029,0.04,0.0,0.0,0.0,0.0,2.06,0.0,0.07,0.1,0.01,0.44,1.32,0.38,0.1,0.05,0.0,0.0,0.0,0.0,0.0,0.0,0.0,0.0,0.0,0.0,0.0,0.0,1.0,1.0,0.0,0.0,0.0,0.0,0.0,0.0,0.21493772910592765,20.928927349484358,20.606067067735083
11147,445.84,0.98,1,-0.01,0.281,0.021,-0.005,-0.01,0.04,0.0,0.0,0.01,0.0,1.96,0.0,0.07,0.08,0.01,0.42,1.26,0.44,0.09,0.05,0.05,0.0,0.0,0.0,0.0,0.0,0.0,0.0,0.0,0.0,0.0,0.0,1.0,1.0,1.0,0.0,0.0,0.0,0.0,0.0,0.19553159604245612,20.60606706773531,21.708293346092454
11148,445.88,0.98,1,-0.01,0.274,0.024,-0.008,-0.008,0.04,0.0,0.0,0.01,0.0,1.96,0.0,0.0,0.05,0.0,0.38,1.41,0.24,0.16,0.0,0.14,0.0,0.0,0.0,0.0,0.0,0.0,0.0,0.0,0.0,0.0,0.0,0.0,1.0,0.0,0.0,0.0,0.0,0.0,0.0,0.21012593966198845,20.60097085090885,21.7036863228347
11149,445.92,0.98,1,-0.015,0.276,0.023,-0.006,-0.007,0.05,0.0,0.0,0.01,0.0,1.83,0.0,0.0,0.06,0.0,0.38,1.45,0.25,0.15,0.0,0.28,0.0,0.0,0.0,0.0,0.0,0.0,0.0,0.0,0.0,0.0,0.0,0.0,1.0,0.0,0.0,0.0,0.0,0.0,0.0,0.1999526996192525,21.400233643584453,21.908217636311814
11150,445.96,0.98,1,-0.016,0.249,0.022,-0.01,-0.01,0.05,0.0,0.0,0.0,0.0,1.68,0.0,0.0,0.05,0.0,0.31,1.42,0.16,0.23,0.0,0.39,0.0,0.0,0.0,0.0,0.0,0.0,0.0,0.0,0.0,0.0,0.0,0.0,1.0,0.0,0.0,0.0,0.0,0.0,0.0,0.2435247295602701,21.215088969881837,20.5
11151,446.0,0.98,1,-0.009,0.284,0.022,-0.006,-0.013,0.05,0.0,0.0,0.0,0.0,1.5,0.0,0.0,0.07,0.0,0.18,1.4,0.22,0.26,0.0,0.38,0.0,0.0,0.0,0.0,0.0,0.0,0.0,0.0,0.0,0.0,0.0,0.0,1.0,0.0,0.0,0.0,0.0,0.0,0.0,0.20632784129762322,20.400245096566717,21.514878572745882
11152,446.04,0.98,1,-0.014,0.239,0.015,-0.004,-0.012,0.0,0.0,0.0,0.0,0.0,1.55,0.0,0.0,0.05,0.0,0.04,1.43,0.22,0.42,0.0,0.4,0.0,0.0,0.0,0.0,0.0,0.0,0.0,0.0,0.0,0.0,0.0,0.0,1.0,0.0,0.0,0.0,0.0,0.0,0.0,0.2436724265116079,21.0,21.403737991294975
11153,446.08,0.98,1,-0.013,0.281,0.02,-0.001,-0.013,0.0,0.0,0.0,0.0,0.0,1.51,0.0,0.0,0.02,0.0,0.05,1.48,0.28,0.52,0.0,0.48,0.0,0.0,0.0,0.0,0.0,0.0,0.0,0.0,0.0,0.0,0.0,0.0,1.0,0.0,0.0,0.0,0.0,0.0,0.0,0.20127409389031126,20.800961516237614,21.718655575334353
11154,446.12,0.98,1,-0.013,0.26,0.014,-0.002,-0.011,0.0,0.0,0.0,0.0,0.0,1.47,0.0,0.04,0.0,0.0,0.09,1.53,0.22,0.67,0.0,0.63,0.0,0.0,0.0,0.0,0.0,0.0,0.0,0.0,0.0,0.0,0.0,0.0,1.0,0.0,0.0,0.0,0.0,0.0,0.0,0.22012907292711426,20.800000000000182,21.908217636311814
11155,446.16,0.98,1,-0.016,0.271,0.014,-0.003,-0.013,0.0,0.0,0.0,0.0,0.0,1.66,0.0,0.04,0.01,0.0,0.18,1.55,0.12,0.69,0.0,0.64,0.0,0.0,0.0,0.0,0.0,0.0,0.0,0.0,0.0,0.0,0.0,0.0,1.0,0.0,0.0,0.0,0.0,0.0,0.0,0.201015129582796,21.20094337523691,21.80825531765432
11156,446.2,0.98,1,-0.007,0.225,0.02,-0.009,-0.016,0.0,0.0,0.0,0.0,0.0,1.66,0.0,0.05,0.06,0.0,0.29,1.59,0.22,0.67,0.0,0.54,0.0,0.0,0.0,0.0,0.0,0.0,0.0,0.0,0.0,0.0,0.0,0.0,1.0,0.0,0.0,0.0,0.0,0.0,0.0,0.25594337268892603,21.319005605328023,21.2058954067024
11157,446.24,0.98,1,-0.014,0.276,0.029,-0.006,-0.018,0.0,0.0,0.0,0.0,0.0,1.82,0.0,0.01,0.09,0.0,0.31,1.59,0.33,0.61,0.0,0.45,0.0,0.0,0.0,0.0,0.0,0.0,0.0,0.0,0.0,0.0,0.0,0.0,1.0,0.0,0.0,0.0,0.0,0.0,0.0,0.2166108636987294,21.51882896442091,22.118318200080136
11158,446.28,0.98,1,-0.009,0.276,0.024,-0.006,-0.02,0.08,0.0,0.0,0.0,0.0,1.5,0.0,0.01,0.09,0.0,0.32,1.55,0.29,0.54,0.0,0.43,0.33,0.0,0.0,0.0,0.0,0.0,0.0,0.0,0.0,0.0,0.0,0.0,1.0,0.0,0.0,0.0,0.0,0.0,0.0,0.2122106295808063,20.90598000573051,22.12261286557255
11159,446.32,0.98,1,-0.022,0.284,0.015,-0.005,-0.017,0.32,0.0,0.0,0.0,0.0,1.03,0.0,0.0,0.08,0.0,0.28,1.49,0.15,0.34,0.0,0.35,0.97,0.0,0.0,0.0,0.0,0.0,0.0,0.0,0.0,0.0,0.0,0.0,1.0,0.0,0.0,0.0,0.0,0.0,1.0,0.22240013275136084,20.112185361118904,18.794946129212402
11160,446.36,0.98,1,-0.004,0.408,0.017,-0.019,-0.016,0.57,0.0,0.0,0.0,0.0,0.44,0.0,0.0,0.1,0.0,0.33,1.4,0.19,0.14,0.0,0.21,1.6,0.0,0.0,0.0,0.0,0.0,0.0,0.0,0.0,0.0,1.0,0.0,1.0,0.0,0.0,0.0,0.0,0.0,1.0,0.17824166444550327,16.63009320479006,21.214381914163926
11161,446.4,0.98,1,0.002,0.402,0.022,-0.007,-0.033,0.57,0.0,0.0,0.0,0.0,0.38,0.0,0.0,0.12,0.0,0.28,1.31,0.22,0.0,0.0,0.14,1.77,0.0,0.0,0.0,0.0,0.0,0.0,0.0,0.0,0.0,1.0,0.0,1.0,0.0,0.0,0.0,0.0,0.0,1.0,0.18132434678446846,18.469434208984406,20.61771083316478
11162,446.44,0.98,1,-0.012,0.35,0.021,-0.007,-0.017,0.47,0.0,0.0,0.0,0.0,1.12,0.0,0.0,0.16,0.1,0.23,1.14,0.29,0.0,0.0,0.09,1.46,0.0,0.0,0.0,0.0,0.0,0.0,0.0,0.0,0.0,1.0,0.0,1.0,0.0,0.0,0.0,0.0,0.0,1.0,0.18147223877522023,17.80702108720036,20.155644370746373
11163,446.48,0.98,1,0.006,0.297,0.03,-0.011,-0.045,0.27,0.0,0.0,0.0,0.0,1.81,0.0,0.02,0.19,0.2,0.25,1.02,0.21,0.0,0.0,0.09,0.97,0.0,0.0,0.0,0.0,0.0,0.0,0.0,0.0,0.0,1.0,0.0,1.0,0.0,0.0,0.0,0.0,0.0,1.0,0.2030462591975446,17.402586014727902,17.747675904185357
11164,446.52,0.98,1,-0.0,0.286,0.031,-0.009,-0.056,0.18,0.0,0.0,0.0,0.0,2.12,0.0,0.09,0.24,0.2,0.33,0.96,0.33,0.0,0.04,0.0,0.46,0.0,0.0,0.0,0.0,0.0,0.0,0.0,0.0,0.0,1.0,0.0,1.0,1.0,0.0,0.0,0.0,0.0,0.0,0.19455022658630117,17.70112990743816,18.713097017864296
11165,446.56,0.98,1,0.005,0.281,0.027,-0.015,-0.039,0.08,0.0,0.0,0.1,0.0,1.86,0.0,0.09,0.26,0.1,0.33,0.8,0.24,0.0,0.04,0.0,0.14,0.0,0.0,0.0,0.0,0.0,0.0,0.0,0.0,0.0,1.0,0.0,1.0,0.0,0.0,0.0,0.0,0.0,0.0,0.20677883314696444,19.904019694523882,19.10942175995928
11166,446.6,0.98,1,0.015,0.279,0.031,-0.007,-0.059,0.03,0.0,0.0,0.1,0.0,1.73,0.0,0.15,0.26,0.0,0.35,0.85,0.37,0.0,0.04,0.0,0.0,0.0,0.0,0.0,0.0,0.0,0.0,0.0,0.0,0.0,1.0,0.0,1.0,1.0,0.0,0.0,0.0,0.0,0.0,0.2199548783090672,20.002249873451735,20.103979705520906
11167,446.64,0.98,1,0.01,0.286,0.028,-0.02,-0.042,0.09,0.0,0.0,0.1,0.0,1.51,0.0,0.09,0.23,0.04,0.26,0.79,0.21,0.0,0.0,0.0,0.0,0.0,0.0,0.0,0.0,0.0,0.0,0.0,0.0,0.0,1.0,0.0,1.0,1.0,0.0,0.0,0.0,0.0,0.0,0.21665942513644693,20.200990074746382,21.918485349129487
11168,446.68,0.98,1,0.025,0.282,0.035,-0.011,-0.061,0.09,0.0,0.0,0.0,0.0,1.59,0.0,0.09,0.21,0.09,0.28,0.9,0.31,0.0,0.0,0.0,0.0,0.0,0.0,0.0,0.0,0.0,0.0,0.0,0.0,0.0,1.0,0.0,1.0,1.0,0.0,0.0,0.0,0.0,0.0,0.21441137492713452,20.302216627748,21.60370338622538
11169,446.72,0.98,1,0.018,0.274,0.029,-0.007,-0.056,0.09,0.0,0.0,0.0,0.0,1.56,0.0,0.02,0.21,0.09,0.21,0.91,0.22,0.04,0.0,0.0,0.0,0.0,0.0,0.0,0.0,0.0,0.0,0.0,0.0,0.0,1.0,0.0,1.0,0.0,0.0,0.0,0.0,0.0,0.0,0.23118438419173531,20.62934802653747,21.70575960430784
11170,446.76,0.98,1,0.003,0.274,0.03,-0.023,-0.04,0.03,0.0,0.0,0.0,0.0,1.66,0.0,0.01,0.23,0.04,0.28,0.87,0.22,0.08,0.0,0.0,0.0,0.0,0.0,0.0,0.0,0.0,0.0,0.0,0.0,0.0,1.0,0.0,1.0,0.0,0.0,0.0,0.0,0.0,0.0,0.23159587985133195,21.14000946073596,21.702073633641604
11171,446.8,0.98,1,0.017,0.265,0.032,-0.013,-0.057,0.01,0.0,0.0,0.0,0.0,1.67,0.0,0.01,0.27,0.0,0.38,0.79,0.11,0.08,0.0,0.0,0.0,0.0,0.0,0.0,0.0,0.0,1.0,0.0,0.0,0.0,1.0,0.0,0.0,0.0,0.0,0.0,0.0,0.0,0.0,0.23863573136481692,21.22357180118375,22.302017845925914
11172,446.84,0.98,1,0.01,0.264,0.032,-0.011,-0.06,0.01,0.0,0.0,0.0,0.0,1.71,0.0,0.01,0.29,0.0,0.44,0.67,0.0,0.04,0.0,0.0,0.0,0.0,0.0,0.0,0.0,0.0,1.0,0.0,0.0,0.0,1.0,0.0,0.0,0.0,0.0,0.0,0.0,0.0,0.0,0.2416046681378397,21.233935103979245,22.800219297190935
11173,446.88,0.98,1,0.015,0.261,0.037,-0.014,-0.059,0.01,0.0,0.0,0.0,0.0,1.81,0.0,0.01,0.31,0.0,0.41,0.61,0.0,0.0,0.0,0.0,0.0,0.0,0.0,0.0,0.0,0.0,1.0,0.0,0.0,0.0,1.0,0.0,0.0,0.0,0.0,0.0,0.0,0.0,0.0,0.25611974642297364,21.16837263466411,22.60022123785508
11174,446.92,0.98,1,0.014,0.261,0.034,-0.016,-0.058,0.02,0.0,0.0,0.0,0.0,1.98,0.0,0.0,0.32,0.0,0.34,0.59,0.02,0.01,0.0,0.0,0.0,0.0,0.0,0.0,0.0,0.0,1.0,0.0,0.0,0.0,1.0,0.0,0.0,0.0,0.0,0.0,0.0,0.0,0.0,0.2500585539812791,21.367732682715953,22.800219297190935
11175,446.96,0.98,1,0.026,0.262,0.033,-0.018,-0.057,0.05,0.0,0.0,0.0,0.0,2.13,0.0,0.0,0.33,0.0,0.25,0.6,0.02,0.05,0.0,0.0,0.0,0.0,0.0,0.0,0.0,0.0,1.0,0.0,0.0,0.0,1.0,0.0,0.0,0.0,0.0,0.0,0.0,0.0,0.0,0.24429387116649323,21.153250341259525,23.60190670263753
11176,447.0,0.98,1,0.031,0.269,0.037,-0.026,-0.056,0.05,0.0,0.0,0.0,0.0,2.03,0.0,0.0,0.32,0.0,0.28,0.65,0.02,0.1,0.0,0.0,0.0,0.0,0.0,0.0,0.0,0.0,1.0,0.0,0.0,0.0,1.0,0.0,0.0,0.0,0.0,0.0,0.0,0.0,0.0,0.23560423186808988,22.588713996153036,23.603389587090998
11177,447.04,0.98,1,0.034,0.266,0.035,-0.031,-0.055,0.03,0.0,0.0,0.0,0.0,1.84,0.0,0.0,0.32,0.0,0.29,0.7,0.08,0.15,0.0,0.0,0.0,0.0,0.0,0.0,0.0,0.0,1.0,0.0,0.0,0.0,1.0,0.0,0.0,0.0,0.0,0.0,0.0,0.0,0.0,0.2364300335215083,22.716733920174484,23.70084386683314
11178,447.08,0.98,1,0.033,0.278,0.045,-0.03,-0.058,0.0,0.0,0.0,0.0,0.0,1.74,0.0,0.01,0.3,0.0,0.28,0.72,0.15,0.19,0.0,0.0,0.0,0.0,0.0,0.0,0.0,0.0,1.0,0.0,0.0,0.0,1.0,0.0,0.0,0.0,0.0,0.0,0.0,0.0,0.0,0.23632825284149983,22.539077177204792,23.405341270744024
11179,447.12,0.98,1,0.035,0.273,0.041,-0.024,-0.06,0.0,0.0,0.0,0.0,0.0,1.86,0.0,0.03,0.32,0.1,0.19,0.78,0.16,0.14,0.0,0.0,0.0,0.0,0.0,0.0,0.0,0.0,1.0,0.0,0.0,0.0,1.0,0.0,0.0,0.0,0.0,0.0,0.0,0.0,0.0,0.21793438991356368,22.697356674291303,23.70527367485982
11180,447.16,0.98,1,0.028,0.258,0.045,-0.031,-0.061,0.0,0.0,0.0,0.0,0.0,1.87,0.0,0.11,0.33,0.19,0.08,0.8,0.08,0.12,0.0,0.0,0.0,0.0,0.0,0.0,0.0,0.0,0.0,0.0,0.0,0.0,1.0,0.0,0.0,0.0,0.0,0.0,0.0,0.0,0.0,0.255013738083728,22.597787502319772,23.51042322035058
11181,447.2,0.98,1,0.02,0.263,0.045,-0.032,-0.058,0.0,0.0,0.0,0.06,0.0,1.78,0.0,0.13,0.31,0.22,0.09,0.73,0.02,0.11,0.03,0.0,0.0,0.0,0.0,0.0,0.0,0.0,1.0,0.0,0.0,0.0,1.0,0.0,0.0,0.0,0.0,0.0,0.0,0.0,0.0,0.2449712539755425,23.036058690670245,23.61715478206458
11182,447.24,0.98,1,0.023,0.263,0.044,-0.034,-0.058,0.0,0.0,0.0,0.06,0.0,1.73,0.0,0.16,0.33,0.19,0.09,0.61,0.0,0.21,0.03,0.0,0.0,0.0,0.0,0.0,0.0,0.0,1.0,0.0,0.0,0.0,1.0,0.0,0.0,0.0,0.0,0.0,0.0,0.0,0.0,0.2551519454745286,23.269078194032655,23.51361307838504
11183,447.28,0.98,1,0.012,0.266,0.043,-0.03,-0.058,0.0,0.0,0.0,0.16,0.0,1.68,0.0,0.14,0.32,0.14,0.16,0.53,0.01,0.24,0.05,0.0,0.0,0.0,0.0,0.0,0.0,0.0,1.0,0.0,0.0,0.0,1.0,0.0,0.0,0.0,0.0,0.0,0.0,0.0,0.0,0.23368912258969243,23.257256931977295,24.01686907155052
11184,447.32,0.98,1,0.006,0.251,0.038,-0.036,-0.059,0.0,0.0,0.0,0.26,0.0,1.69,0.0,0.11,0.36,0.11,0.18,0.53,0.01,0.25,0.02,0.0,0.0,0.0,0.0,0.0,0.0,0.0,0.0,0.0,0.0,0.0,1.0,0.0,0.0,0.0,0.0,0.0,0.0,0.0,0.0,0.26819027384264416,23.39316139387753,23.725513693068947
11185,447.36,0.98,1,0.009,0.262,0.042,-0.036,-0.06,0.0,0.0,0.0,0.26,0.0,1.53,0.0,0.07,0.33,0.03,0.19,0.6,0.09,0.27,0.02,0.0,0.0,0.0,0.0,0.0,0.0,0.0,0.0,0.0,0.0,0.0,1.0,0.0,0.0,0.0,0.0,0.0,0.0,0.0,0.0,0.25259535825815616,23.46763729053264,23.71349826575555
11186,447.4,0.98,1,0.006,0.247,0.034,-0.039,-0.058,0.0,0.0,0.0,0.16,0.0,1.47,0.0,0.03,0.31,0.01,0.32,0.56,0.12,0.22,0.05,0.0,0.0,0.0,0.0,0.0,0.0,0.0,0.0,0.0,0.0,0.0,1.0,0.0,0.0,0.0,0.0,0.0,0.0,0.0,0.0,0.2618178594216437,23.025420734483976,24.213219529835392
11187,447.44,0.98,1,0.008,0.268,0.047,-0.039,-0.06,0.0,0.0,0.0,0.07,0.0,1.51,0.0,0.03,0.29,0.07,0.33,0.55,0.15,0.16,0.05,0.0,0.0,0.0,0.0,0.0,0.0,0.0,0.0,0.0,0.0,0.0,1.0,0.0,0.0,0.0,0.0,0.0,0.0,0.0,0.0,0.26248562090526784,22.74906591488969,23.907530194480426
11188,447.48,0.98,1,0.003,0.262,0.044,-0.037,-0.056,0.0,0.0,0.0,0.07,0.0,1.43,0.0,0.06,0.32,0.14,0.46,0.52,0.07,0.06,0.05,0.0,0.0,0.0,0.0,0.0,0.0,0.0,0.0,0.0,0.0,0.0,1.0,0.0,0.0,0.0,0.0,0.0,0.0,0.0,0.0,0.2531103314902848,22.020445045457272,23.205387305537524
11189,447.52,0.98,1,0.01,0.277,0.056,-0.041,-0.056,0.0,0.0,0.0,0.07,0.0,1.38,0.0,0.04,0.36,0.14,0.33,0.64,0.03,0.15,0.0,0.02,0.0,0.0,0.0,0.0,0.0,0.0,0.0,0.0,0.0,0.0,1.0,0.0,0.0,0.0,0.0,0.0,0.0,0.0,0.0,0.26216622296927883,22.03111436128469,23.507658326596463
11190,447.56,0.98,1,0.018,0.271,0.047,-0.039,-0.048,0.0,0.0,0.0,0.0,0.0,1.29,0.0,0.04,0.37,0.09,0.28,0.79,0.0,0.2,0.0,0.02,0.0,0.0,0.0,0.0,0.0,0.0,0.0,0.0,0.0,0.0,1.0,0.0,0.0,0.0,0.0,0.0,0.0,0.0,0.0,0.254580556010821,22.49822215198356,23.703375287076778
11191,447.6,0.98,1,0.02,0.265,0.048,-0.038,-0.046,0.0,0.0,0.0,0.0,0.0,1.42,0.0,0.0,0.36,0.05,0.24,0.88,0.05,0.26,0.0,0.02,0.0,0.0,0.0,0.0,0.0,0.0,0.0,0.0,0.0,0.0,1.0,0.0,1.0,0.0,0.0,0.0,0.0,0.0,0.0,0.2683861292466604,22.5077764339351,23.90188277102882
11192,447.64,0.98,1,0.013,0.271,0.051,-0.041,-0.043,0.0,0.0,0.0,0.0,0.0,1.46,0.0,0.0,0.33,0.1,0.3,0.92,0.06,0.19,0.0,0.0,0.0,0.0,0.0,0.0,0.0,0.0,0.0,0.0,0.0,0.0,1.0,0.0,1.0,0.0,0.0,0.0,0.0,0.0,0.0,0.26778015911580255,22.14158982548453,23.407691043757254
11193,447.68,0.98,1,-0.011,0.285,0.044,-0.041,-0.04,0.13,0.0,0.0,0.0,0.0,1.23,0.0,0.0,0.38,0.32,0.36,0.89,0.17,0.11,0.03,0.0,0.79,0.0,0.0,0.0,0.0,0.0,0.0,0.0,0.0,0.0,1.0,0.0,1.0,0.0,0.0,0.0,0.0,0.0,0.0,0.22590539732825335,18.802393464662902,20.10895322984258
11194,447.72,0.98,1,0.042,0.405,0.04,-0.062,-0.033,0.24,0.0,0.0,0.0,0.0,0.89,0.0,0.0,0.4,0.42,0.38,0.88,0.18,0.03,0.03,0.0,1.52,0.0,0.0,0.0,0.0,0.0,0.0,0.0,0.0,0.0,1.0,0.0,1.0,0.0,0.0,0.0,0.0,0.0,1.0,0.19689713740855133,17.383325343558354,21.1683726346641
11195,447.76,0.98,1,0.026,0.404,0.029,-0.054,-0.028,0.27,0.0,0.0,0.0,0.0,0.8,0.0,0.0,0.41,0.52,0.31,0.86,0.28,0.0,0.03,0.0,1.96,0.0,0.0,0.0,0.0,0.0,1.0,0.0,0.0,0.0,1.0,0.0,0.0,0.0,0.0,0.0,0.0,0.0,1.0,0.1892625200413694,17.08478855590552,20.14869722835689
11196,447.8,0.98,1,0.021,0.344,0.022,-0.04,-0.031,0.18,0.0,0.0,0.0,0.0,1.21,0.0,0.01,0.38,0.42,0.33,0.74,0.34,0.0,0.0,0.0,1.4,0.0,0.0,0.0,0.0,0.0,1.0,0.0,0.0,0.0,1.0,0.0,0.0,0.0,0.0,0.0,0.0,0.0,1.0,0.19321808125430828,17.74767590418513,19.450449866262606
11197,447.84,0.98,1,0.002,0.313,0.049,-0.039,-0.034,0.07,0.0,0.0,0.0,0.0,1.73,0.0,0.08,0.37,0.43,0.26,0.72,0.29,0.02,0.0,0.0,0.76,0.0,0.0,0.0,0.0,0.0,1.0,0.0,0.0,0.0,1.0,0.0,0.0,0.0,0.0,0.0,0.0,0.0,1.0,0.20924641706092065,17.30462365958874,18.786431273661357
11198,447.88,0.98,1,0.007,0.29,0.04,-0.04,-0.028,0.07,0.0,0.0,0.01,0.0,1.85,0.0,0.08,0.38,0.33,0.29,0.69,0.18,0.04,0.0,0.0,0.36,0.0,0.0,0.0,0.0,0.0,1.0,0.0,0.0,0.0,1.0,0.0,0.0,0.0,0.0,0.0,0.0,0.0,0.0,0.2072412195885462,17.33493582335967,17.9178681767671
11199,447.92,0.98,1,0.008,0.266,0.047,-0.033,-0.03,0.03,0.0,0.0,0.01,0.0,1.65,0.0,0.08,0.37,0.27,0.25,0.75,0.02,0.07,0.0,0.0,0.12,0.0,0.0,0.0,0.0,0.0,1.0,0.0,0.0,0.0,1.0,0.0,0.0,0.0,0.0,0.0,0.0,0.0,0.0,0.2285255916773759,18.944656238633716,18.601075237738414
11200,447.96,0.98,1,0.004,0.258,0.04,-0.04,-0.028,0.06,0.0,0.0,0.01,0.0,1.52,0.0,0.01,0.39,0.19,0.3,0.87,0.01,0.09,0.0,0.0,0.04,0.0,0.0,0.0,0.0,0.0,1.0,0.0,0.0,0.0,1.0,0.0,0.0,0.0,0.0,0.0,0.0,0.0,0.0,0.24693697983822277,19.112822920751306,19.100000000000136
11201,448.0,0.98,1,0.005,0.275,0.045,-0.041,-0.03,0.03,0.0,0.0,0.01,0.0,1.78,0.0,0.03,0.4,0.19,0.29,1.0,0.06,0.12,0.0,0.0,0.0,0.0,0.0,0.0,0.0,0.0,1.0,0.0,0.0,0.0,1.0,0.0,0.0,0.0,0.0,0.0,0.0,0.0,0.0,0.2540821513126629,19.801010075246115,20.600242717016847
11202,448.04,0.98,1,0.018,0.294,0.057,-0.038,-0.033,0.03,0.0,0.0,0.03,0.0,1.91,0.0,0.06,0.44,0.16,0.38,1.0,0.05,0.15,0.0,0.0,0.0,0.0,0.0,0.0,0.0,0.0,1.0,0.0,0.0,0.0,1.0,0.0,0.0,0.0,0.0,0.0,0.0,0.0,0.0,0.2505293117197998,20.00099997500125,21.30023474049049
11203,448.08,0.98,1,0.015,0.273,0.045,-0.029,-0.037,0.0,0.0,0.0,0.09,0.0,1.94,0.0,0.1,0.43,0.17,0.52,0.86,0.05,0.11,0.0,0.0,0.0,0.0,0.0,0.0,0.0,0.0,0.0,0.0,0.0,0.0,1.0,0.0,1.0,0.0,0.0,0.0,0.0,0.0,0.0,0.252226760728002,19.900251254695345,21.30093894644079
11204,448.12,0.98,1,0.014,0.267,0.043,-0.031,-0.037,0.02,0.0,0.0,0.08,0.0,1.7,0.0,0.08,0.44,0.14,0.69,0.8,0.02,0.1,0.0,0.0,0.0,0.0,0.0,0.0,0.0,0.0,1.0,0.0,0.0,0.0,1.0,0.0,1.0,0.0,0.0,0.0,0.0,0.0,0.0,0.25588200802035527,20.803845798313304,21.900228309312077
11205,448.16,0.98,1,0.005,0.27,0.047,-0.034,-0.039,0.02,0.0,0.0,0.07,0.0,1.67,0.0,0.05,0.4,0.11,0.76,0.83,0.03,0.05,0.0,0.0,0.0,0.0,0.0,0.0,0.0,0.0,1.0,0.0,0.0,0.0,1.0,0.0,1.0,0.0,0.0,0.0,0.0,0.0,0.0,0.2659300412915625,20.940391591372013,22.299999999999955
11206,448.2,0.98,1,0.016,0.257,0.044,-0.042,-0.037,0.02,0.0,0.0,0.0,0.0,1.59,0.0,0.02,0.4,0.16,0.68,0.91,0.04,0.05,0.0,0.0,0.0,0.0,0.0,0.0,0.0,0.0,1.0,0.0,0.0,0.0,1.0,0.0,0.0,0.0,0.0,0.0,0.0,0.0,0.0,0.2749298895376435,21.06086417980041,22.20022522408257
11207,448.24,0.98,1,0.019,0.266,0.051,-0.038,-0.04,0.0,0.0,0.0,0.06,0.0,1.69,0.0,0.02,0.39,0.22,0.55,0.86,0.02,0.02,0.0,0.0,0.0,0.0,0.0,0.0,0.0,0.0,0.0,0.0,0.0,0.0,1.0,0.0,0.0,0.0,0.0,0.0,0.0,0.0,0.0,0.27058573152986143,21.140009460735733,22.302017845925917
11208,448.28,0.98,1,0.027,0.263,0.049,-0.038,-0.041,0.0,0.0,0.0,0.06,0.0,1.61,0.0,0.02,0.34,0.23,0.45,0.86,0.1,0.02,0.0,0.0,0.0,0.0,0.0,0.0,0.0,0.0,0.0,0.0,0.0,0.0,1.0,0.0,1.0,0.0,0.0,0.0,0.0,0.0,0.0,0.274343955016385,21.239821091525272,22.500888871331284
11209,448.32,0.98,1,0.015,0.258,0.044,-0.043,-0.036,0.0,0.0,0.0,0.06,0.0,1.68,0.0,0.01,0.32,0.14,0.36,0.72,0.09,0.07,0.0,0.0,0.0,0.0,0.0,0.0,0.0,0.0,0.0,0.0,0.0,0.0,1.0,0.0,0.0,0.0,0.0,0.0,0.0,0.0,0.0,0.27152730564431793,21.65202069091927,21.902054698132638
11210,448.36,0.98,1,0.02,0.252,0.04,-0.043,-0.033,0.0,0.0,0.0,0.12,0.0,1.6,0.0,0.01,0.33,0.04,0.29,0.76,0.12,0.13,0.0,0.0,0.0,0.0,0.0,0.0,0.0,0.0,0.0,0.0,0.0,0.0,1.0,0.0,0.0,0.0,0.0,0.0,0.0,0.0,0.0,0.2798960305132209,21.260291625469346,22.205629916757644
11211,448.4,0.98,1,0.016,0.248,0.037,-0.048,-0.031,0.0,0.0,0.0,0.25,0.0,1.6,0.0,0.01,0.35,0.05,0.23,0.73,0.06,0.16,0.0,0.0,0.0,0.0,0.0,0.0,0.0,0.0,0.0,0.0,0.0,0.0,1.0,0.0,0.0,0.0,0.0,0.0,0.0,0.0,0.0,0.2811723339744649,21.6667948714157,22.70550594018997
11212,448.44,0.98,1,0.011,0.261,0.035,-0.046,-0.032,0.0,0.0,0.0,0.25,0.0,1.49,0.0,0.01,0.33,0.04,0.22,0.82,0.07,0.23,0.0,0.0,0.0,0.0,0.0,0.0,0.0,0.0,0.0,0.0,0.0,0.0,1.0,0.0,0.0,0.0,0.0,0.0,0.0,0.0,0.0,0.2672817772691237,21.758906222510404,22.90545786488461
11213,448.48,0.98,1,0.005,0.252,0.03,-0.044,-0.03,0.0,0.0,0.0,0.23,0.0,1.53,0.0,0.0,0.3,0.04,0.24,0.79,0.07,0.25,0.0,0.01,0.0,0.0,0.0,0.0,0.0,0.0,0.0,0.0,0.0,0.0,1.0,0.0,0.0,0.0,0.0,0.0,0.0,0.0,0.0,0.26879560955641935,21.583790213954543,22.70550594018997
11214,448.52,0.98,1,0.009,0.264,0.032,-0.043,-0.03,0.0,0.0,0.0,0.1,0.0,1.61,0.0,0.0,0.27,0.01,0.19,0.87,0.03,0.35,0.0,0.01,0.0,0.0,0.0,0.0,0.0,0.0,0.0,0.0,0.0,0.0,1.0,0.0,0.0,0.0,0.0,0.0,0.0,0.0,0.0,0.2530825616892503,21.98226557932563,22.614154859291023
11215,448.56,0.98,1,-0.0,0.285,0.038,-0.043,-0.028,0.0,0.0,0.0,0.1,0.0,1.69,0.0,0.0,0.27,0.01,0.18,0.87,0.02,0.33,0.0,0.01,0.0,0.0,0.0,0.0,0.0,0.0,0.0,0.0,0.0,0.0,1.0,0.0,0.0,0.0,0.0,0.0,0.0,0.0,0.0,0.22395455157076355,22.244100341438894,22.714092541856083
11216,448.6,0.98,1,-0.0,0.283,0.037,-0.054,-0.024,0.0,0.0,0.0,0.04,0.0,1.68,0.0,0.01,0.26,0.0,0.1,0.94,0.02,0.42,0.0,0.0,0.0,0.0,0.0,0.0,0.0,0.0,0.0,0.0,0.0,0.0,1.0,0.0,0.0,0.0,0.0,0.0,0.0,0.0,0.0,0.24723746220577042,22.44370735863382,22.71783440383352
11217,448.64,0.98,1,0.003,0.29,0.042,-0.047,-0.026,0.0,0.0,0.0,0.04,0.0,1.75,0.0,0.01,0.27,0.0,0.08,0.87,0.07,0.44,0.0,0.0,0.0,0.0,0.0,0.0,0.0,0.0,0.0,0.0,0.0,0.0,1.0,0.0,0.0,0.0,0.0,0.0,0.0,0.0,0.0,0.21791782687081615,22.332263655975364,22.913969538253387
11218,448.68,0.98,1,0.001,0.292,0.039,-0.046,-0.025,0.0,0.0,0.0,0.05,0.0,1.8,0.0,0.08,0.27,0.0,0.02,0.83,0.07,0.49,0.0,0.0,0.0,0.0,0.0,0.0,0.0,0.0,0.0,0.0,0.0,0.0,1.0,0.0,0.0,0.0,0.0,0.0,0.0,0.0,0.0,0.22683694672050247,22.222511109233174,22.907858913482162
11219,448.72,0.98,1,-0.002,0.283,0.033,-0.044,-0.021,0.0,0.0,0.0,0.02,0.0,1.79,0.0,0.08,0.25,0.0,0.03,0.81,0.05,0.44,0.0,0.0,0.0,0.0,0.0,0.0,0.0,0.0,0.0,0.0,0.0,0.0,1.0,0.0,0.0,0.0,0.0,0.0,0.0,0.0,0.0,0.22752911179157664,22.127358631341334,22.81074308302993
11220,448.76,0.98,1,-0.0,0.267,0.035,-0.048,-0.023,0.0,0.0,0.0,0.02,0.0,1.74,0.0,0.13,0.28,0.0,0.05,0.8,0.03,0.44,0.0,0.0,0.0,0.0,0.0,0.0,0.0,0.0,0.0,0.0,0.0,0.0,1.0,0.0,1.0,0.0,0.0,0.0,0.0,0.0,0.0,0.25816752786598335,22.244100341438667,23.142385356743063
11221,448.8,0.98,1,-0.013,0.281,0.031,-0.041,-0.018,0.0,0.0,0.0,0.0,0.0,1.61,0.0,0.09,0.31,0.01,0.04,0.92,0.03,0.41,0.0,0.0,0.0,0.0,0.0,0.0,0.0,0.0,0.0,0.0,0.0,0.0,1.0,0.0,1.0,0.0,0.0,0.0,0.0,0.0,0.0,0.23089607028521206,22.31098384204511,22.737194198053597
11222,448.84,0.98,1,-0.015,0.248,0.022,-0.046,-0.017,0.01,0.0,0.0,0.0,0.0,1.51,0.0,0.18,0.37,0.03,0.09,0.99,0.03,0.3,0.0,0.0,0.15,0.0,0.0,0.0,0.0,0.0,0.0,0.0,0.0,0.0,1.0,0.0,1.0,0.0,0.0,0.0,0.0,0.0,0.0,0.26073061163022704,22.30807028857512,23.547823678633232
11223,448.88,0.98,1,-0.015,0.299,0.029,-0.047,-0.02,0.11,0.0,0.0,0.0,0.0,1.06,0.0,0.22,0.38,0.05,0.21,1.0,0.02,0.14,0.0,0.0,0.93,0.0,1.0,0.0,0.0,0.0,0.0,0.0,0.0,0.0,1.0,0.0,1.0,0.0,0.0,0.0,0.0,0.0,1.0,0.20656522807335376,17.513994404475525,19.864541273334435
11224,448.92,0.98,1,0.011,0.394,0.008,-0.06,-0.014,0.23,0.0,0.0,0.0,0.0,0.73,0.0,0.28,0.38,0.09,0.3,1.0,0.02,0.02,0.0,0.0,1.59,0.0,1.0,0.0,0.0,0.0,0.0,0.0,0.0,0.0,1.0,0.0,1.0,0.0,0.0,0.0,0.0,0.0,1.0,0.1844066810386968,15.160474926597788,20.647518010647094
11225,448.96,0.98,1,0.004,0.386,0.005,-0.056,-0.019,0.32,0.0,0.0,0.0,0.0,0.37,0.0,0.25,0.36,0.07,0.28,0.95,0.02,0.0,0.0,0.0,1.89,0.0,0.0,0.0,0.0,0.0,0.0,0.0,0.0,0.0,1.0,0.0,1.0,0.0,0.0,0.0,0.0,0.0,1.0,0.18383963805692088,16.01311962111077,18.638669480410787
11226,449.0,0.98,1,0.006,0.333,-0.001,-0.055,-0.019,0.35,0.0,0.0,0.0,0.0,0.7,0.0,0.17,0.34,0.04,0.16,0.95,0.0,0.0,0.0,0.0,1.38,0.0,0.0,0.0,0.0,0.0,0.0,0.0,0.0,0.0,1.0,0.0,1.0,0.0,0.0,0.0,0.0,0.0,1.0,0.1921919422286912,18.681809334216002,19.18462926407483
11227,449.04,0.98,1,-0.003,0.296,0.01,-0.041,-0.025,0.24,0.0,0.0,0.0,0.0,0.99,0.0,0.09,0.34,0.0,0.13,0.92,0.0,0.0,0.0,0.0,0.88,0.0,0.0,0.0,0.0,0.0,0.0,0.0,0.0,0.0,1.0,0.0,0.0,0.0,0.0,0.0,0.0,0.0,1.0,0.20964024568697864,17.118703221915048,19.492819190665948
11228,449.08,0.98,1,0.0,0.27,0.014,-0.039,-0.029,0.14,0.0,0.0,0.0,0.0,1.52,0.0,0.01,0.32,0.0,0.11,0.81,0.0,0.01,0.0,0.0,0.43,0.0,0.0,0.0,0.0,0.0,0.0,0.0,0.0,0.0,1.0,0.0,0.0,0.0,0.0,0.0,0.0,0.0,0.0,0.2037106682476835,16.21974105835237,17.328877632437667
11229,449.12,0.98,1,-0.004,0.277,0.019,-0.037,-0.028,0.05,0.0,0.0,0.09,0.0,1.58,0.0,0.0,0.28,0.01,0.09,0.76,0.0,0.05,0.0,0.0,0.15,0.0,0.0,0.0,0.0,0.0,1.0,0.0,0.0,0.0,1.0,0.0,0.0,0.0,0.0,0.0,0.0,0.0,0.0,0.2077112387052402,17.035551062410633,18.31338308450949
11230,449.16,0.98,1,0.002,0.268,0.02,-0.037,-0.029,0.05,0.0,0.0,0.09,0.0,1.67,0.0,0.0,0.25,0.01,0.05,0.64,0.0,0.09,0.0,0.0,0.0,0.0,0.0,0.0,0.0,0.0,1.0,0.0,0.0,0.0,1.0,0.0,0.0,0.0,0.0,0.0,0.0,0.0,0.0,0.21250053550380726,18.25376673456746,18.304371062672388
11231,449.2,0.98,1,0.008,0.258,0.019,-0.032,-0.03,0.11,0.0,0.0,0.09,0.0,1.64,0.0,0.0,0.21,0.01,0.07,0.64,0.0,0.11,0.0,0.0,0.0,0.0,0.0,0.0,0.0,0.0,1.0,0.0,0.0,0.0,1.0,0.0,0.0,0.0,0.0,0.0,0.0,0.0,0.0,0.2238265128074242,18.83215335536535,18.5024322725419
11232,449.24,0.98,1,0.004,0.263,0.018,-0.036,-0.028,0.14,0.0,0.0,0.0,0.0,1.65,0.0,0.0,0.2,0.0,0.09,0.68,0.01,0.1,0.0,0.0,0.0,0.0,0.0,0.0,0.0,0.0,1.0,0.0,0.0,0.0,1.0,0.0,0.0,0.0,0.0,0.0,0.0,0.0,0.0,0.22456288895441803,19.730686759461587,19.1002617783107
11233,449.28,0.98,1,0.001,0.254,0.02,-0.033,-0.03,0.21,0.0,0.0,0.0,0.0,1.69,0.0,0.0,0.2,0.0,0.11,0.79,0.11,0.07,0.0,0.0,0.0,1.0,0.0,0.0,0.0,0.0,1.0,0.0,0.0,0.0,1.0,0.0,0.0,0.0,0.0,0.0,0.0,0.0,0.0,0.23464708063265557,21.119185590358263,20.00099997500125
11234,449.32,0.98,1,0.013,0.243,0.028,-0.027,-0.035,0.2,0.03,0.0,0.06,0.0,1.66,0.0,0.02,0.23,0.1,0.07,0.8,0.15,0.05,0.03,0.0,0.0,1.0,1.0,0.0,0.0,0.0,1.0,0.0,0.0,0.0,1.0,0.0,0.0,0.0,0.0,0.0,0.0,0.0,0.0,0.24843888355603216,20.500243900988107,20.102238681301284
11235,449.36,0.98,1,0.008,0.24,0.024,-0.023,-0.036,0.14,0.03,0.0,0.06,0.0,1.68,0.0,0.02,0.27,0.1,0.04,0.79,0.28,0.01,0.03,0.0,0.0,1.0,1.0,0.0,0.0,0.0,1.0,0.0,0.0,0.0,1.0,0.0,0.0,0.0,0.0,0.0,0.0,0.0,0.0,0.25246512326269294,19.601020381602495,20.50219500443794
11236,449.4,0.98,1,0.013,0.256,0.028,-0.025,-0.032,0.16,0.03,0.0,0.06,0.0,1.57,0.0,0.02,0.25,0.09,0.0,0.77,0.25,0.04,0.11,0.0,0.0,1.0,1.0,0.0,0.0,0.0,1.0,0.0,0.0,0.0,1.0,0.0,0.0,0.0,0.0,0.0,0.0,0.0,0.0,0.2469661173163375,20.00399960007998,20.706037766796474
11237,449.44,0.98,1,-0.003,0.248,0.025,-0.024,-0.027,0.2,0.0,0.0,0.0,0.0,1.42,0.0,0.0,0.23,0.01,0.0,0.77,0.23,0.07,0.11,0.0,0.0,1.0,1.0,0.0,0.0,0.0,1.0,0.0,0.0,0.0,1.0,0.0,0.0,1.0,0.0,0.0,0.0,0.0,0.0,0.24821187108598636,20.102238681301053,20.708693826506824
11238,449.48,0.98,1,0.005,0.244,0.026,-0.026,-0.024,0.3,0.07,0.0,0.0,0.0,1.4,0.0,0.0,0.17,0.0,0.0,0.75,0.16,0.11,0.13,0.0,0.0,1.0,1.0,0.0,0.0,0.0,1.0,0.0,0.0,0.0,1.0,0.0,0.0,1.0,0.0,0.0,0.0,0.0,0.0,0.24975288511353838,20.6038831291581,21.21155345560509
11239,449.52,0.98,1,0.002,0.25,0.029,-0.027,-0.023,0.29,0.07,0.0,0.05,0.0,1.61,0.0,0.0,0.16,0.0,0.0,0.73,0.17,0.11,0.05,0.0,0.0,1.0,1.0,0.0,0.0,0.0,0.0,0.0,0.0,0.0,1.0,0.0,0.0,1.0,0.0,0.0,0.0,0.0,0.0,0.2547701684391987,19.906280415989414,20.811775512915712
11240,449.56,0.98,1,-0.009,0.248,0.024,-0.03,-0.02,0.21,0.07,0.0,0.05,0.0,1.66,0.0,0.0,0.19,0.0,0.0,0.73,0.35,0.07,0.02,0.0,0.0,1.0,1.0,0.0,0.0,0.0,0.0,0.0,0.0,0.0,1.0,0.0,0.0,1.0,0.0,0.0,0.0,0.0,0.0,0.2559209131609219,20.70386437358982,20.415680248279617
11241,449.6,0.98,1,-0.006,0.248,0.027,-0.025,-0.025,0.09,0.0,0.0,0.05,0.0,1.56,0.0,0.0,0.2,0.0,0.0,0.72,0.41,0.03,0.07,0.0,0.0,1.0,1.0,0.0,0.0,0.0,0.0,0.0,0.0,0.0,1.0,0.0,0.0,1.0,0.0,0.0,0.0,0.0,0.0,0.25863218630850676,20.408821622034026,20.915305400591304
11242,449.64,0.98,1,-0.019,0.246,0.025,-0.03,-0.022,0.1,0.15,0.0,0.02,0.0,1.45,0.0,0.0,0.22,0.0,0.0,0.64,0.5,0.08,0.12,0.0,0.01,1.0,1.0,0.0,0.0,0.0,0.0,0.0,0.0,0.0,1.0,0.0,0.0,1.0,0.0,0.0,0.0,0.0,0.0,0.2642450074720105,21.00380917833715,20.915305400591077
11243,449.68,0.98,1,0.0,0.26,0.026,-0.027,-0.021,0.27,0.17,0.0,0.02,0.0,1.37,0.0,0.0,0.21,0.0,0.08,0.6,0.39,0.1,0.16,0.0,0.35,1.0,1.0,0.0,0.0,0.0,0.0,0.0,0.0,0.0,1.0,0.0,0.0,1.0,0.0,0.0,0.0,0.0,0.0,0.24260263755324282,19.90401969452411,21.303755537463523
11244,449.72,0.98,1,-0.027,0.286,0.024,-0.025,-0.021,0.51,0.23,0.0,0.02,0.0,0.96,0.0,0.11,0.29,0.11,0.26,0.62,0.4,0.1,0.1,0.0,1.04,1.0,1.0,0.0,0.0,0.0,0.0,0.0,0.0,0.0,1.0,0.0,0.0,1.0,0.0,0.0,0.0,0.0,1.0,0.22391807061325453,18.931983519958887,19.15124016872005
11245,449.76,0.98,1,0.006,0.398,0.013,-0.049,-0.012,0.66,0.08,0.0,0.0,0.0,0.49,0.0,0.22,0.34,0.22,0.42,0.68,0.35,0.01,0.14,0.0,1.82,1.0,1.0,0.0,0.0,0.0,0.0,0.0,0.0,0.0,1.0,0.0,0.0,1.0,0.0,0.0,0.0,0.0,1.0,0.1860996706851128,16.50605949341025,20.66204249342271
11246,449.8,0.98,1,-0.011,0.412,0.02,-0.04,-0.015,0.65,0.2,0.0,0.0,0.0,0.33,0.0,0.27,0.37,0.29,0.44,0.75,0.34,0.0,0.16,0.0,2.05,1.0,1.0,0.0,0.0,0.0,0.0,0.0,0.0,0.0,1.0,0.0,0.0,1.0,0.0,0.0,0.0,0.0,1.0,0.1866352679751221,16.533904560024624,20.04220546746291
11247,449.84,0.98,1,0.003,0.345,0.011,-0.034,-0.014,0.48,0.19,0.0,0.0,0.0,0.93,0.0,0.19,0.31,0.18,0.42,0.74,0.19,0.0,0.15,0.0,1.58,1.0,1.0,0.0,0.0,0.0,0.0,0.0,0.0,0.0,1.0,0.0,0.0,1.0,0.0,0.0,0.0,0.0,1.0,0.1881834486264134,17.514565367145007,19.911052207254098
11248,449.88,0.98,1,-0.003,0.302,0.024,-0.025,-0.021,0.23,0.19,0.0,0.0,0.0,1.42,0.0,0.09,0.28,0.07,0.35,0.69,0.2,0.01,0.08,0.0,0.82,1.0,1.0,0.0,0.0,0.0,0.0,0.0,0.0,0.0,1.0,0.0,0.0,0.0,0.0,0.0,0.0,0.0,1.0,0.21486330675081194,17.01881311960385,19.49281919066617
11249,449.92,0.98,1,0.0,0.281,0.022,-0.03,-0.017,0.23,0.13,0.0,0.0,0.0,1.77,0.0,0.13,0.32,0.13,0.4,0.67,0.17,0.01,0.03,0.0,0.27,0.0,1.0,0.0,0.0,0.0,0.0,0.0,0.0,0.0,1.0,0.0,0.0,0.0,0.0,0.0,0.0,0.0,1.0,0.19826959103351288,16.743058263053427,17.72822608159095
11250,449.96,0.98,1,0.002,0.285,0.031,-0.03,-0.017,0.16,0.08,0.0,0.0,0.0,1.72,0.0,0.09,0.33,0.13,0.35,0.73,0.2,0.06,0.02,0.0,0.06,0.0,1.0,0.0,0.0,0.0,0.0,0.0,0.0,0.0,1.0,0.0,0.0,0.0,0.0,0.0,0.0,0.0,0.0,0.2129581729120858,18.36137249771918,18.804254837669006
11251,450.0,0.98,1,-0.014,0.275,0.027,-0.033,-0.013,0.23,0.08,0.0,0.01,0.0,1.76,0.0,0.09,0.35,0.13,0.35,0.78,0.06,0.08,0.0,0.0,0.03,0.0,1.0,0.0,0.0,0.0,1.0,0.0,0.0,0.0,1.0,0.0,0.0,0.0,0.0,0.0,0.0,0.0,0.0,0.22071461438227463,18.985520798756184,19.806312125178636
11252,450.04,0.98,1,-0.004,0.267,0.033,-0.03,-0.015,0.11,0.0,0.0,0.02,0.0,1.65,0.0,0.03,0.32,0.0,0.31,0.73,0.02,0.15,0.0,0.0,0.0,0.0,1.0,0.0,0.0,0.0,0.0,0.0,0.0,0.0,1.0,0.0,0.0,0.0,0.0,0.0,0.0,0.0,0.0,0.2420962487465107,18.445866745696804,20.10397970552113
11253,450.08,0.98,1,-0.002,0.281,0.029,-0.03,-0.013,0.14,0.08,0.0,0.02,0.0,1.62,0.0,0.08,0.3,0.0,0.33,0.74,0.0,0.18,0.0,0.0,0.0,0.0,1.0,0.0,0.0,0.0,1.0,0.0,0.0,0.0,1.0,0.0,1.0,0.0,0.0,0.0,0.0,0.0,0.0,0.22645578710808137,18.42715387682003,20.802163349036515
11254,450.12,0.98,1,-0.007,0.282,0.034,-0.029,-0.016,0.07,0.09,0.0,0.01,0.0,1.32,0.0,0.1,0.3,0.02,0.23,0.79,0.0,0.2,0.01,0.0,0.0,0.0,1.0,0.0,0.0,0.0,1.0,0.0,0.0,0.0,1.0,0.0,1.0,0.0,0.0,0.0,0.0,0.0,0.0,0.22668791015708656,18.926436537288122,20.802163349036515
11255,450.16,0.98,1,-0.016,0.263,0.03,-0.03,-0.018,0.04,0.09,0.0,0.0,0.0,1.32,0.0,0.08,0.29,0.02,0.17,0.94,0.02,0.2,0.01,0.0,0.0,0.0,1.0,0.0,0.0,0.0,1.0,0.0,0.0,0.0,1.0,0.0,1.0,0.0,0.0,0.0,0.0,0.0,0.0,0.24967986106869927,19.42086506827115,20.708693826506824
11256,450.2,0.98,1,-0.013,0.271,0.024,-0.03,-0.019,0.05,0.01,0.0,0.0,0.0,1.36,0.0,0.09,0.32,0.02,0.13,0.95,0.02,0.12,0.02,0.0,0.0,0.0,1.0,0.0,0.0,0.0,1.0,0.0,0.0,0.0,1.0,0.0,1.0,0.0,0.0,0.0,0.0,0.0,0.0,0.24063261348110465,20.106217943710984,21.10852908186632
11257,450.24,0.98,1,-0.024,0.261,0.023,-0.027,-0.022,0.05,0.0,0.0,0.0,0.0,1.59,0.0,0.08,0.31,0.0,0.23,0.86,0.02,0.08,0.14,0.0,0.0,0.0,1.0,0.0,0.0,0.0,1.0,0.0,0.0,0.0,1.0,0.0,1.0,0.0,0.0,0.0,0.0,0.0,0.0,0.24797747549178945,20.80096151623761,21.219095173922987
11258,450.28,0.98,1,-0.02,0.263,0.026,-0.017,-0.027,0.13,0.11,0.0,0.0,0.0,1.82,0.0,0.1,0.32,0.0,0.38,0.64,0.0,0.02,0.18,0.0,0.0,0.0,1.0,0.0,0.0,0.0,1.0,0.0,0.0,0.0,1.0,0.0,1.0,0.0,0.0,0.0,0.0,0.0,0.0,0.24896338412787222,20.60097085090885,22.222511109233402
11259,450.32,0.98,1,-0.02,0.271,0.029,-0.015,-0.027,0.19,0.17,0.0,0.0,0.0,1.97,0.0,0.05,0.26,0.0,0.46,0.57,0.0,0.01,0.31,0.0,0.0,0.0,1.0,0.0,0.0,0.0,1.0,0.0,0.0,0.0,1.0,0.0,0.0,0.0,0.0,0.0,0.0,0.0,0.0,0.2467683586791169,20.700241544484268,21.01927686672403
11260,450.36,0.98,1,-0.01,0.297,0.033,-0.01,-0.028,0.19,0.17,0.0,0.0,0.0,2.07,0.0,0.03,0.19,0.0,0.46,0.58,0.0,0.0,0.33,0.0,0.0,0.0,1.0,0.0,0.0,0.0,1.0,0.0,0.0,0.0,1.0,0.0,0.0,0.0,0.0,0.0,0.0,0.0,0.0,0.21630798245878807,20.0,21.008569680013917
11261,450.4,0.98,1,-0.005,0.3,0.033,-0.011,-0.027,0.1,0.06,0.0,0.0,0.0,1.99,0.0,0.06,0.12,0.02,0.37,0.63,0.0,0.0,0.32,0.0,0.0,0.0,1.0,0.0,0.0,0.0,0.0,0.0,0.0,0.0,1.0,0.0,0.0,0.0,0.0,0.0,0.0,0.0,0.0,0.20645908939437607,20.300246303924446,21.10852908186632
11262,450.44,0.98,1,-0.013,0.29,0.029,-0.016,-0.027,0.0,0.0,0.0,0.01,0.0,1.83,0.0,0.05,0.12,0.02,0.26,0.56,0.0,0.0,0.27,0.0,0.0,0.0,1.0,0.0,0.0,0.0,0.0,0.0,0.0,0.0,1.0,0.0,0.0,0.0,0.0,0.0,0.0,0.0,0.0,0.21258355434295406,21.100000000000136,21.11160818128255
11263,450.48,0.98,1,-0.014,0.278,0.026,-0.02,-0.025,0.02,0.0,0.0,0.01,0.0,1.76,0.0,0.05,0.15,0.02,0.21,0.58,0.0,0.0,0.15,0.0,0.0,0.0,1.0,0.0,0.0,0.0,0.0,0.0,0.0,0.0,1.0,0.0,0.0,0.0,0.0,0.0,0.0,0.0,0.0,0.23006209906358696,21.10094784600933,21.414948050369023
11264,450.52,0.98,1,-0.014,0.29,0.031,-0.015,-0.026,0.02,0.0,0.0,0.01,0.0,1.64,0.0,0.0,0.21,0.01,0.17,0.55,0.0,0.0,0.12,0.0,0.0,0.0,1.0,0.0,0.0,0.0,0.0,0.0,0.0,0.0,1.0,0.0,0.0,0.0,0.0,0.0,0.0,0.0,0.0,0.2132943574167192,21.100236965493924,21.608331726443065
11265,450.56,0.98,1,-0.011,0.278,0.028,-0.009,-0.029,0.02,0.01,0.0,0.07,0.0,1.51,0.0,0.0,0.27,0.05,0.11,0.59,0.0,0.0,0.03,0.0,0.0,0.0,1.0,0.0,0.0,0.0,0.0,0.0,0.0,0.0,1.0,0.0,0.0,0.0,0.0,0.0,0.0,0.0,0.0,0.21564674130832712,21.00095235935742,20.90598000573051
11266,450.6,0.98,1,-0.014,0.275,0.029,-0.008,-0.033,0.03,0.07,0.0,0.07,0.0,1.43,0.0,0.0,0.28,0.08,0.13,0.5,0.03,0.0,0.0,0.0,0.0,0.0,1.0,0.0,0.0,0.0,0.0,0.0,0.0,0.0,1.0,0.0,0.0,0.0,0.0,0.0,0.0,0.0,0.0,0.23066162897765222,21.10094784600933,20.724140512937865
11267,450.64,0.98,1,-0.02,0.275,0.027,-0.006,-0.033,0.03,0.17,0.0,0.11,0.0,1.29,0.0,0.0,0.27,0.08,0.12,0.5,0.07,0.0,0.0,0.0,0.0,0.0,1.0,0.0,0.0,0.0,0.0,0.0,0.0,0.0,1.0,0.0,0.0,0.0,0.0,0.0,0.0,0.0,0.0,0.22588406976778297,21.103791128609952,21.123683390924175
11268,450.68,0.98,1,-0.009,0.267,0.023,-0.003,-0.033,0.07,0.22,0.0,0.07,0.0,1.37,0.0,0.0,0.25,0.06,0.3,0.47,0.07,0.0,0.02,0.0,0.0,0.0,1.0,0.0,0.0,0.0,0.0,0.0,0.0,0.0,1.0,0.0,0.0,0.0,0.0,0.0,0.0,0.0,0.0,0.23687590688005628,21.002142747824564,20.91530540059108
11269,450.72,0.98,1,-0.012,0.261,0.023,-0.002,-0.034,0.11,0.16,0.0,0.07,0.0,1.32,0.0,0.0,0.27,0.03,0.44,0.6,0.15,0.0,0.02,0.0,0.36,0.0,1.0,0.0,0.0,0.0,0.0,0.0,0.0,0.0,1.0,0.0,0.0,0.0,0.0,0.0,0.0,0.0,0.0,0.2404332304827873,20.20222759994555,20.819462048765768
11270,450.76,0.98,1,-0.018,0.332,0.022,-0.004,-0.035,0.49,0.23,0.0,0.03,0.0,0.93,0.0,0.05,0.29,0.13,0.57,0.59,0.23,0.0,0.06,0.0,1.05,1.0,1.0,0.0,0.0,0.0,0.0,0.0,0.0,0.0,1.0,0.0,0.0,0.0,0.0,0.0,0.0,0.0,1.0,0.22168794765994215,19.904019694523882,18.179658962697747
11271,450.8,0.98,1,0.0,0.416,0.016,-0.008,-0.029,0.73,0.37,0.0,0.0,0.0,0.61,0.0,0.09,0.33,0.24,0.58,0.73,0.26,0.0,0.04,0.0,1.74,1.0,1.0,0.0,0.0,0.0,0.0,0.0,0.0,0.0,1.0,0.0,0.0,0.0,0.0,0.0,0.0,0.0,1.0,0.17138538699632866,18.445595680270173,19.972481067708998
11272,450.84,0.98,1,-0.013,0.397,0.007,-0.014,-0.026,0.85,0.37,0.0,0.0,0.0,0.35,0.0,0.09,0.35,0.32,0.48,0.73,0.21,0.0,0.04,0.0,1.79,1.0,1.0,0.0,0.0,0.0,0.0,0.0,0.0,0.0,1.0,0.0,0.0,0.0,0.0,0.0,0.0,0.0,1.0,0.18085803434114825,16.970562748477093,21.659178193089552
11273,450.88,0.98,1,-0.013,0.328,0.007,-0.007,-0.029,0.62,0.29,0.0,0.0,0.0,0.74,0.0,0.05,0.36,0.22,0.43,0.79,0.1,0.0,0.0,0.0,1.37,1.0,1.0,0.0,0.0,0.0,0.0,0.0,0.0,0.0,1.0,0.0,0.0,1.0,0.0,0.0,0.0,0.0,1.0,0.18762485080172842,20.25487595617402,20.09975124224178
11274,450.92,0.98,1,0.003,0.313,0.016,-0.004,-0.033,0.41,0.08,0.0,0.03,0.0,1.13,0.0,0.02,0.32,0.1,0.43,0.74,0.21,0.0,0.0,0.0,0.84,1.0,1.0,0.0,0.0,0.0,0.0,0.0,0.0,0.0,1.0,0.0,0.0,1.0,0.0,0.0,0.0,0.0,1.0,0.2011130273146537,16.63009320479006,19.764867821465486
11275,450.96,0.98,1,-0.006,0.301,0.025,-0.009,-0.036,0.24,0.14,0.0,0.03,0.0,1.47,0.0,0.02,0.29,0.02,0.45,0.56,0.26,0.0,0.05,0.0,0.6,0.0,1.0,0.0,0.0,0.0,0.0,0.0,0.0,0.0,1.0,0.0,0.0,0.0,0.0,0.0,0.0,0.0,1.0,0.19435570260491375,15.711460785044828,17.323394586512155
11276,451.0,0.98,1,-0.014,0.292,0.026,-0.007,-0.036,0.15,0.06,0.0,0.06,0.0,1.62,0.0,0.02,0.26,0.02,0.38,0.59,0.34,0.0,0.05,0.0,0.43,0.0,1.0,0.0,0.0,0.0,0.0,0.0,0.0,0.0,1.0,0.0,0.0,0.0,0.0,0.0,0.0,0.0,0.0,0.19998290303030297,17.328877632437667,18.201098867925577
11277,451.04,0.98,1,-0.001,0.292,0.027,-0.003,-0.03,0.15,0.06,0.0,0.09,0.0,1.72,0.0,0.0,0.26,0.0,0.34,0.51,0.19,0.0,0.05,0.0,0.27,0.0,1.0,0.0,0.0,0.0,0.0,0.0,0.0,0.0,1.0,0.0,0.0,0.0,0.0,0.0,0.0,0.0,0.0,0.20443953575773613,18.33930205869346,18.602419197513132
11278,451.08,0.98,1,-0.01,0.29,0.035,-0.003,-0.039,0.16,0.0,0.0,0.09,0.0,1.78,0.0,0.0,0.24,0.0,0.33,0.68,0.11,0.0,0.0,0.0,0.18,0.0,0.0,0.0,0.0,0.0,0.0,0.0,0.0,0.0,1.0,0.0,0.0,0.0,0.0,0.0,0.0,0.0,0.0,0.20725671517128122,18.527007313648905,18.900264548413162
11279,451.12,0.98,1,-0.015,0.274,0.02,-0.002,-0.031,0.14,0.0,0.0,0.06,0.0,1.97,0.0,0.0,0.25,0.0,0.38,0.74,0.03,0.0,0.0,0.02,0.09,0.0,0.0,0.0,0.0,0.0,0.0,0.0,0.0,0.0,1.0,0.0,0.0,0.0,0.0,0.0,0.0,0.0,0.0,0.2129712029767427,20.042205467462903,19.700000000000045
11280,451.16,0.98,1,-0.02,0.277,0.024,-0.005,-0.027,0.08,0.0,0.0,0.09,0.0,1.87,0.0,0.0,0.25,0.0,0.34,0.75,0.04,0.0,0.0,0.02,0.09,0.0,0.0,0.0,0.0,0.0,0.0,0.0,0.0,0.0,1.0,0.0,0.0,0.0,0.0,0.0,0.0,0.0,0.0,0.22256988161664384,20.324615617521484,20.20024752323599
11281,451.2,0.98,1,-0.006,0.283,0.028,0.002,-0.04,0.04,0.0,0.0,0.09,0.0,1.81,0.0,0.0,0.26,0.0,0.39,0.85,0.09,0.03,0.0,0.02,0.0,0.0,0.0,0.0,0.0,0.0,0.0,0.0,0.0,0.0,1.0,0.0,0.0,0.0,0.0,0.0,0.0,0.0,0.0,0.21747982336502286,20.120139164528567,20.900239233080427
11282,451.24,0.98,1,-0.008,0.293,0.033,-0.017,-0.018,0.01,0.0,0.0,0.11,0.0,1.63,0.0,0.0,0.27,0.0,0.4,0.77,0.22,0.03,0.0,0.0,0.0,0.0,0.0,0.0,0.0,0.0,0.0,0.0,0.0,0.0,1.0,0.0,0.0,1.0,0.0,0.0,0.0,0.0,0.0,0.21848742922896577,20.706037766796474,21.402102700435634
11283,451.28,0.98,1,-0.004,0.293,0.027,-0.006,-0.033,0.01,0.0,0.0,0.02,0.0,1.7,0.0,0.0,0.27,0.0,0.39,0.76,0.39,0.03,0.0,0.0,0.0,0.0,0.0,0.0,0.0,0.0,0.0,0.0,0.0,0.0,1.0,0.0,0.0,1.0,0.0,0.0,0.0,0.0,0.0,0.21774338457532094,20.306156701847797,21.30023474049049
11284,451.32,0.98,1,-0.009,0.28,0.032,-0.001,-0.04,0.01,0.08,0.0,0.02,0.0,1.72,0.0,0.0,0.27,0.0,0.33,0.59,0.4,0.0,0.02,0.0,0.0,0.0,0.0,0.0,0.0,0.0,0.0,0.0,0.0,0.0,1.0,0.0,0.0,1.0,0.0,0.0,0.0,0.0,0.0,0.2172891389896116,20.500975586542218,20.500975586542218
11285,451.36,0.98,1,0.009,0.279,0.026,-0.0,-0.041,0.0,0.08,0.0,0.0,0.0,1.83,0.0,0.0,0.24,0.0,0.33,0.57,0.28,0.0,0.02,0.0,0.0,0.0,0.0,0.0,0.0,0.0,0.0,0.0,0.0,0.0,1.0,0.0,0.0,1.0,0.0,0.0,0.0,0.0,0.0,0.21172030734431013,20.20222759994555,21.0
11286,451.4,0.98,1,-0.012,0.284,0.029,-0.003,-0.031,0.04,0.08,0.0,0.0,0.0,1.82,0.0,0.0,0.25,0.05,0.41,0.61,0.13,0.0,0.02,0.0,0.0,0.0,0.0,0.0,0.0,0.0,0.0,0.0,0.0,0.0,1.0,0.0,0.0,1.0,0.0,0.0,0.0,0.0,0.0,0.21499009404697655,20.8002403832263,21.30211257129203
11287,451.44,0.98,1,-0.003,0.279,0.04,-0.015,-0.034,0.14,0.07,0.0,0.04,0.0,1.86,0.0,0.0,0.25,0.15,0.34,0.63,0.04,0.0,0.0,0.0,0.0,0.0,0.0,0.0,0.0,0.0,0.0,0.0,0.0,0.0,1.0,0.0,0.0,0.0,0.0,0.0,0.0,0.0,0.0,0.22310033706484658,21.30093894644079,21.500930212434994
11288,451.48,0.98,1,0.005,0.286,0.04,-0.006,-0.039,0.24,0.19,0.0,0.04,0.0,1.89,0.0,0.0,0.25,0.22,0.26,0.63,0.03,0.0,0.0,0.0,0.0,0.0,0.0,0.0,0.0,0.0,0.0,0.0,0.0,0.0,1.0,0.0,0.0,0.0,0.0,0.0,0.0,0.0,0.0,0.21968155698141006,20.102238681301053,21.600231480241042
11289,451.52,0.98,1,0.013,0.277,0.04,-0.003,-0.041,0.26,0.23,0.0,0.15,0.0,1.86,0.0,0.0,0.24,0.17,0.13,0.72,0.0,0.0,0.0,0.0,0.0,0.0,0.0,0.0,0.0,0.0,0.0,0.0,0.0,0.0,1.0,0.0,0.0,0.0,0.0,0.0,0.0,0.0,0.0,0.2174825789575832,19.704060495237847,21.602083232873767
11290,451.56,0.98,1,0.013,0.296,0.049,-0.007,-0.04,0.26,0.17,0.0,0.11,0.0,1.77,0.0,0.0,0.24,0.08,0.14,0.79,0.0,0.0,0.0,0.0,0.0,0.0,0.0,0.0,0.0,0.0,0.0,0.0,0.0,0.0,1.0,0.0,1.0,0.0,0.0,0.0,0.0,0.0,0.0,0.21062882874751432,20.303940504246906,21.400233643584453
11291,451.6,0.98,1,0.012,0.287,0.047,-0.003,-0.038,0.15,0.05,0.0,0.11,0.0,1.59,0.0,0.0,0.27,0.06,0.13,0.83,0.0,0.0,0.0,0.0,0.0,0.0,0.0,0.0,0.0,0.0,0.0,0.0,0.0,0.0,1.0,0.0,1.0,0.0,0.0,0.0,0.0,0.0,0.0,0.21965035493986762,19.804039991880625,21.905707018948146
11292,451.64,0.98,1,0.005,0.288,0.042,-0.009,-0.033,0.16,0.01,0.0,0.0,0.0,1.58,0.0,0.0,0.29,0.14,0.21,0.88,0.05,0.0,0.0,0.0,0.0,0.0,0.0,0.0,0.0,0.0,0.0,0.0,0.0,0.0,1.0,0.0,1.0,0.0,0.0,0.0,0.0,0.0,0.0,0.21618110290952744,20.706037766796474,21.508370463612533
11293,451.68,0.98,1,0.009,0.279,0.042,-0.014,-0.032,0.07,0.0,0.0,0.0,0.0,1.77,0.0,0.0,0.31,0.16,0.21,0.91,0.05,0.0,0.01,0.0,0.0,0.0,0.0,0.0,0.0,0.0,0.0,0.0,0.0,0.0,1.0,0.0,1.0,0.0,0.0,0.0,0.0,0.0,0.0,0.22906988350597868,20.200990074746382,21.30844902849567
11294,451.72,0.98,1,0.012,0.292,0.045,-0.011,-0.038,0.07,0.0,0.0,0.0,0.0,1.69,0.0,0.0,0.29,0.19,0.21,0.91,0.05,0.0,0.01,0.0,0.0,0.0,0.0,0.0,0.0,0.0,0.0,0.0,0.0,0.0,1.0,0.0,1.0,0.0,0.0,0.0,0.0,0.0,0.0,0.2138893793588078,20.802163349036515,21.50581316760657
11295,451.76,0.98,1,0.015,0.285,0.042,-0.01,-0.041,0.0,0.0,0.0,0.0,0.0,1.65,0.0,0.0,0.24,0.2,0.19,0.82,0.0,0.0,0.03,0.0,0.0,0.0,0.0,0.0,0.0,0.0,0.0,0.0,0.0,0.0,1.0,0.0,1.0,0.0,0.0,0.0,0.0,0.0,0.0,0.22079291503411835,20.20024752323599,21.818570072303043
11296,451.8,0.98,1,0.011,0.295,0.046,-0.006,-0.045,0.01,0.0,0.0,0.0,0.0,1.65,0.0,0.0,0.24,0.18,0.22,0.7,0.0,0.0,0.01,0.0,0.0,0.0,0.0,0.0,0.0,0.0,0.0,0.0,0.0,0.0,1.0,0.0,1.0,0.0,0.0,0.0,0.0,0.0,0.0,0.2204607782479432,20.00099997500125,21.323461257497527
11297,451.84,0.98,1,0.011,0.287,0.045,-0.008,-0.045,0.01,0.0,0.0,0.0,0.0,1.83,0.0,0.0,0.22,0.2,0.29,0.64,0.0,0.01,0.01,0.0,0.0,0.0,0.0,0.0,0.0,0.0,0.0,0.0,0.0,0.0,1.0,0.0,0.0,0.0,0.0,0.0,0.0,0.0,0.0,0.22715895202259256,21.00095235935742,20.93442141545819
11298,451.88,0.98,1,0.008,0.294,0.049,-0.01,-0.044,0.02,0.01,0.0,0.0,0.0,1.94,0.0,0.0,0.28,0.27,0.34,0.56,0.0,0.04,0.04,0.01,0.0,0.0,0.0,0.0,0.0,0.0,0.0,0.0,0.0,0.0,1.0,0.0,0.0,0.0,0.0,0.0,0.0,0.0,0.0,0.2246632654201996,20.900956915892493,21.528121144215067
11299,451.92,0.98,1,0.002,0.274,0.042,-0.016,-0.04,0.24,0.1,0.0,0.0,0.0,1.54,0.0,0.0,0.33,0.26,0.37,0.54,0.0,0.05,0.11,0.01,0.54,0.0,1.0,0.0,0.0,0.0,0.0,0.0,0.0,0.0,1.0,0.0,0.0,0.0,0.0,0.0,0.0,0.0,0.0,0.24023894831020187,20.500975586542218,20.919369015340873
11300,451.96,0.98,1,0.016,0.363,0.038,-0.013,-0.041,0.56,0.14,0.0,0.0,0.0,1.05,0.0,0.04,0.42,0.34,0.49,0.57,0.14,0.03,0.15,0.01,1.42,0.0,1.0,0.0,0.0,0.0,0.0,0.0,0.0,0.0,1.0,0.0,0.0,0.0,0.0,0.0,0.0,0.0,1.0,0.21873507715861545,20.200000000000045,21.215088969881833
11301,452.0,0.98,1,-0.001,0.43,0.051,-0.039,-0.035,0.75,0.13,0.0,0.0,0.0,0.38,0.0,0.04,0.4,0.32,0.43,0.64,0.16,0.0,0.11,0.0,2.16,0.0,1.0,0.0,0.0,0.0,0.0,0.0,0.0,0.0,1.0,0.0,0.0,0.0,0.0,0.0,0.0,0.0,1.0,0.18086292538489085,16.93310367298334,19.836330305779796
11302,452.04,0.98,1,0.009,0.408,0.032,-0.028,-0.034,0.64,0.04,0.0,0.0,0.0,0.52,0.0,0.04,0.37,0.44,0.4,0.76,0.18,0.0,0.03,0.0,2.2,0.0,1.0,0.0,0.0,0.0,0.0,0.0,0.0,0.0,1.0,0.0,1.0,0.0,0.0,0.0,0.0,0.0,1.0,0.18641067174246861,17.19447585708865,21.958369702689772
11303,452.08,0.98,1,-0.019,0.367,0.04,-0.015,-0.042,0.36,0.0,0.0,0.0,0.0,0.95,0.0,0.0,0.27,0.39,0.24,0.79,0.04,0.0,0.0,0.0,1.75,0.0,1.0,0.0,0.0,0.0,0.0,0.0,0.0,0.0,1.0,0.0,1.0,0.0,0.0,0.0,0.0,0.0,1.0,0.1931830980278087,18.745132701584208,19.175505208468348
11304,452.12,0.98,1,0.004,0.296,0.034,-0.017,-0.041,0.21,0.0,0.0,0.0,0.0,1.49,0.0,0.0,0.24,0.37,0.24,0.87,0.02,0.0,0.0,0.0,1.15,0.0,1.0,0.0,0.0,0.0,0.0,0.0,0.0,0.0,1.0,0.0,1.0,0.0,0.0,0.0,0.0,0.0,1.0,0.20464294151438212,16.215116404145896,18.587361297397752
11305,452.16,0.98,1,-0.003,0.298,0.048,-0.013,-0.047,0.14,0.0,0.0,0.0,0.0,1.63,0.0,0.0,0.25,0.26,0.25,0.93,0.03,0.0,0.0,0.0,0.63,0.0,0.0,0.0,0.0,0.0,1.0,0.0,0.0,0.0,1.0,0.0,1.0,0.0,0.0,0.0,0.0,0.0,0.0,0.20017993316119156,17.12921480979198,18.509727172489605
11306,452.2,0.98,1,-0.014,0.286,0.036,-0.012,-0.03,0.09,0.0,0.0,0.0,0.0,1.7,0.0,0.0,0.27,0.16,0.31,0.94,0.03,0.03,0.0,0.0,0.2,0.0,0.0,0.0,0.0,0.0,1.0,0.0,0.0,0.0,1.0,0.0,1.0,0.0,0.0,0.0,0.0,0.0,0.0,0.21107443244655866,18.613167382259398,19.30414463269477
11307,452.24,0.98,1,-0.001,0.287,0.043,-0.009,-0.04,0.09,0.0,0.0,0.0,0.0,1.92,0.0,0.0,0.24,0.1,0.31,0.97,0.03,0.11,0.04,0.01,0.06,0.0,0.0,0.0,0.0,0.0,1.0,0.0,0.0,0.0,1.0,0.0,1.0,0.0,0.0,0.0,0.0,0.0,0.0,0.2242790068912552,18.31338308450949,20.402205763103254
11308,452.28,0.98,1,-0.002,0.283,0.041,-0.014,-0.038,0.06,0.0,0.0,0.0,0.0,2.04,0.0,0.0,0.23,0.16,0.33,0.96,0.0,0.15,0.04,0.01,0.0,0.0,0.0,0.0,0.0,0.0,1.0,0.0,0.0,0.0,1.0,0.0,1.0,0.0,0.0,0.0,0.0,0.0,0.0,0.23595757249041488,19.604081207748465,20.703864373589592
11309,452.32,0.98,1,-0.005,0.292,0.048,-0.012,-0.041,0.1,0.0,0.0,0.0,0.0,1.87,0.0,0.0,0.23,0.22,0.39,1.02,0.0,0.12,0.04,0.01,0.0,0.0,0.0,0.0,0.0,0.0,1.0,0.0,0.0,0.0,1.0,0.0,1.0,0.0,0.0,0.0,0.0,0.0,0.0,0.24123713756100065,19.40025773024687,20.503902067655318
11310,452.36,0.98,1,-0.003,0.298,0.051,-0.016,-0.04,0.04,0.0,0.0,0.0,0.0,1.66,0.0,0.0,0.29,0.23,0.5,0.99,0.0,0.06,0.02,0.0,0.0,0.0,0.0,0.0,0.0,0.0,1.0,0.0,0.0,0.0,1.0,0.0,1.0,0.0,0.0,0.0,0.0,0.0,0.0,0.2461094236858395,19.401030900444532,20.508778608196053
11311,452.4,0.98,1,-0.006,0.296,0.046,-0.014,-0.041,0.04,0.0,0.0,0.0,0.0,1.54,0.0,0.0,0.33,0.24,0.49,0.91,0.0,0.05,0.02,0.0,0.0,0.0,0.0,0.0,0.0,0.0,1.0,0.0,0.0,0.0,1.0,0.0,1.0,0.0,0.0,0.0,0.0,0.0,0.0,0.24199738251369085,19.806312125178636,21.005951537600005
11312,452.44,0.98,1,-0.006,0.304,0.049,-0.011,-0.044,0.0,0.0,0.0,0.0,0.0,1.72,0.0,0.0,0.37,0.25,0.45,0.8,0.0,0.04,0.02,0.0,0.0,0.0,0.0,0.0,0.0,0.0,1.0,0.0,0.0,0.0,1.0,0.0,1.0,0.0,0.0,0.0,0.0,0.0,0.0,0.2373565039915353,20.0,20.8002403832263
11313,452.48,0.98,1,0.001,0.29,0.043,-0.007,-0.045,0.0,0.0,0.0,0.02,0.0,1.79,0.0,0.0,0.34,0.2,0.51,0.77,0.0,0.08,0.01,0.0,0.0,0.0,0.0,0.0,0.0,0.0,1.0,0.0,0.0,0.0,1.0,0.0,1.0,0.0,0.0,0.0,0.0,0.0,0.0,0.2350734611571188,19.800252523642172,21.09999999999991
11314,452.52,0.98,1,-0.005,0.287,0.046,-0.015,-0.039,0.03,0.0,0.0,0.09,0.0,1.92,0.0,0.0,0.33,0.21,0.62,0.78,0.0,0.06,0.01,0.0,0.0,0.0,0.0,0.0,0.0,0.0,1.0,0.0,0.0,0.0,1.0,0.0,1.0,0.0,0.0,0.0,0.0,0.0,0.0,0.24754163928001577,20.20024752323599,22.000227271553356
11315,452.56,0.98,1,0.008,0.29,0.048,-0.011,-0.038,0.06,0.0,0.0,0.09,0.0,1.93,0.0,0.0,0.28,0.22,0.65,0.8,0.0,0.06,0.02,0.0,0.0,0.0,0.0,0.0,0.0,0.0,1.0,0.0,0.0,0.0,1.0,0.0,1.0,0.0,0.0,0.0,0.0,0.0,0.0,0.24605419234848497,19.5,21.700230413523308
11316,452.6,0.98,1,0.006,0.276,0.046,-0.011,-0.039,0.06,0.0,0.0,0.12,0.0,1.93,0.0,0.0,0.28,0.29,0.56,0.79,0.0,0.02,0.01,0.0,0.0,0.0,0.0,0.0,0.0,0.0,1.0,0.0,0.0,0.0,1.0,0.0,1.0,0.0,0.0,0.0,0.0,0.0,0.0,0.2550599141649996,20.606067067735083,21.70092163941435
11317,452.64,0.98,1,-0.005,0.295,0.052,-0.009,-0.04,0.03,0.0,0.0,0.06,0.0,1.83,0.0,0.0,0.26,0.28,0.45,0.84,0.0,0.03,0.01,0.0,0.0,0.0,0.0,0.0,0.0,0.0,1.0,0.0,0.0,0.0,1.0,0.0,1.0,0.0,0.0,0.0,0.0,0.0,0.0,0.23763003105325742,20.500243900988107,21.80206412246322
11318,452.68,0.98,1,0.005,0.289,0.047,-0.01,-0.04,0.0,0.0,0.0,0.06,0.0,1.8,0.0,0.0,0.26,0.18,0.41,0.89,0.06,0.05,0.0,0.0,0.0,0.0,0.0,0.0,0.0,0.0,1.0,0.0,0.0,0.0,1.0,0.0,1.0,0.0,0.0,0.0,0.0,0.0,0.0,0.24489043776928945,20.102238681301284,21.90205469813264
11319,452.72,0.98,1,0.004,0.298,0.057,-0.007,-0.032,0.18,0.0,0.0,0.0,0.0,1.63,0.0,0.0,0.25,0.1,0.34,0.91,0.06,0.04,0.0,0.03,0.49,0.0,0.0,0.0,0.0,0.0,1.0,0.0,0.0,0.0,1.0,0.0,1.0,0.0,0.0,0.0,0.0,0.0,0.0,0.2227449836295373,20.60606706773531,22.500888871331284
11320,452.76,0.98,1,0.009,0.375,0.044,-0.009,-0.024,0.44,0.0,0.0,0.0,0.0,1.22,0.0,0.0,0.32,0.21,0.43,0.89,0.12,0.02,0.08,0.03,1.33,0.0,1.0,0.0,0.0,0.0,1.0,0.0,0.0,0.0,1.0,0.0,1.0,0.0,0.0,0.0,0.0,0.0,1.0,0.20801852131746412,19.809088823062968,23.042569301186877
11321,452.8,0.98,1,-0.023,0.449,0.061,-0.028,-0.033,0.77,0.0,0.0,0.0,0.0,0.86,0.0,0.0,0.38,0.45,0.53,0.82,0.16,0.0,0.12,0.03,2.05,0.0,1.0,0.0,0.0,0.0,1.0,0.0,0.0,0.0,1.0,0.0,1.0,0.0,0.0,0.0,0.0,0.0,1.0,0.1782100648523504,15.09205088780169,21.32838484273945
11322,452.84,0.98,1,-0.007,0.44,0.06,-0.019,-0.035,0.71,0.0,0.0,0.0,0.0,0.74,0.0,0.0,0.4,0.7,0.61,0.89,0.24,0.0,0.12,0.0,2.13,0.0,1.0,0.0,0.0,0.0,1.0,0.0,0.0,0.0,1.0,0.0,1.0,0.0,0.0,0.0,0.0,0.0,1.0,0.18177672485463905,16.2996932486474,20.840585404445775
11323,452.88,0.98,1,-0.015,0.407,0.054,-0.015,-0.036,0.54,0.0,0.0,0.0,0.0,1.13,0.01,0.0,0.33,0.63,0.61,0.96,0.22,0.0,0.04,0.0,1.56,0.0,1.0,0.0,0.0,0.0,1.0,0.0,0.0,0.0,1.0,0.0,0.0,0.0,0.0,0.0,0.0,0.0,1.0,0.18895058924828512,16.624379687675475,20.180436070610696
11324,452.92,0.98,1,-0.009,0.34,0.061,-0.007,-0.031,0.3,0.0,0.0,0.0,0.0,1.57,0.01,0.0,0.28,0.52,0.59,0.96,0.12,0.0,0.0,0.0,1.16,0.0,0.0,0.0,0.0,0.0,1.0,0.0,0.0,0.0,1.0,0.0,0.0,0.0,0.0,0.0,0.0,0.0,1.0,0.2009797152937711,17.718069872308146,19.166898549321864
11325,452.96,0.98,1,-0.006,0.338,0.053,-0.009,-0.035,0.25,0.0,0.0,0.0,0.0,1.95,0.01,0.0,0.29,0.34,0.6,0.85,0.09,0.01,0.0,0.0,0.7,0.0,0.0,0.0,0.0,0.0,1.0,0.0,0.0,0.0,1.0,0.0,0.0,0.0,0.0,0.0,0.0,0.0,0.0,0.1886944091278655,16.419500601419124,17.840403582878906
11326,453.0,0.98,1,-0.029,0.297,0.054,-0.01,-0.031,0.35,0.0,0.0,0.0,0.0,2.18,0.0,0.0,0.33,0.22,0.62,0.7,0.1,0.02,0.0,0.0,0.53,0.0,0.0,0.0,0.0,0.0,1.0,0.0,0.0,0.0,1.0,0.0,0.0,0.0,0.0,0.0,0.0,0.0,0.0,0.21479377800446792,18.039955654047485,19.202343606966355
11327,453.04,0.98,1,-0.027,0.278,0.055,-0.006,-0.027,0.36,0.14,0.0,0.06,0.0,2.25,0.0,0.0,0.35,0.1,0.57,0.68,0.16,0.07,0.0,0.0,0.21,0.0,0.0,0.0,0.0,0.0,1.0,0.0,0.0,0.0,1.0,0.0,0.0,0.0,0.0,0.0,0.0,0.0,0.0,0.23763099067720328,18.527007313648905,19.70228413154175
11328,453.08,0.98,1,-0.017,0.263,0.05,-0.008,-0.024,0.38,0.2,0.0,0.06,0.0,2.36,0.0,0.0,0.37,0.12,0.62,0.66,0.14,0.07,0.0,0.0,0.11,0.0,0.0,0.0,0.0,0.0,1.0,0.0,0.0,0.0,1.0,0.0,0.0,0.0,0.0,0.0,0.0,0.0,0.0,0.25164129004588076,18.71710447692168,19.70228413154175
11329,453.12,0.98,1,-0.027,0.271,0.059,-0.011,-0.023,0.23,0.2,0.0,0.16,0.0,2.28,0.0,0.0,0.35,0.08,0.6,0.64,0.09,0.15,0.0,0.0,0.0,0.0,0.0,0.0,0.0,0.0,1.0,0.0,0.0,0.0,1.0,0.0,0.0,0.0,0.0,0.0,0.0,0.0,0.0,0.25741263444710893,19.72536438193226,20.508778608196053
11330,453.16,0.98,1,-0.017,0.248,0.055,-0.002,-0.022,0.26,0.05,0.0,0.1,0.0,2.27,0.0,0.0,0.3,0.08,0.63,0.65,0.04,0.15,0.0,0.0,0.0,0.0,0.0,0.0,0.0,0.0,1.0,0.0,0.0,0.0,1.0,0.0,0.0,0.0,0.0,0.0,0.0,0.0,0.0,0.2633783752131959,19.70228413154152,20.824024587000423
11331,453.2,0.98,1,-0.013,0.266,0.056,-0.01,-0.022,0.26,0.0,0.0,0.1,0.0,2.23,0.0,0.0,0.27,0.0,0.55,0.6,0.01,0.16,0.0,0.0,0.0,0.0,0.0,0.0,0.0,0.0,1.0,0.0,0.0,0.0,1.0,0.0,0.0,0.0,0.0,0.0,0.0,0.0,0.0,0.26428180851099525,20.012246250733572,20.915305400591077
11332,453.24,0.98,1,-0.021,0.265,0.053,-0.004,-0.023,0.28,0.14,0.0,0.0,0.0,2.38,0.0,0.0,0.26,0.0,0.53,0.62,0.01,0.13,0.0,0.0,0.0,0.0,0.0,0.0,0.0,0.0,1.0,0.0,0.0,0.0,1.0,0.0,0.0,0.0,0.0,0.0,0.0,0.0,0.0,0.25340902678862604,20.200247523235763,20.81537893001225
11333,453.28,0.98,1,-0.011,0.257,0.051,-0.006,-0.027,0.23,0.14,0.0,0.0,0.0,2.33,0.0,0.0,0.3,0.0,0.47,0.53,0.0,0.08,0.0,0.0,0.0,0.0,0.0,0.0,0.0,0.0,1.0,0.0,0.0,0.0,1.0,0.0,0.0,0.0,0.0,0.0,0.0,0.0,0.0,0.26082827116411395,20.900239233080427,21.3114992433662
11334,453.32,0.98,1,-0.007,0.267,0.047,-0.005,-0.028,0.25,0.2,0.0,0.0,0.0,2.22,0.0,0.0,0.34,0.04,0.5,0.56,0.0,0.08,0.0,0.0,0.0,0.0,0.0,0.0,0.0,0.0,1.0,0.0,0.0,0.0,1.0,0.0,0.0,0.0,0.0,0.0,0.0,0.0,0.0,0.2600850917809378,19.900251254695345,21.60370338622515
11335,453.36,0.98,1,0.0,0.294,0.048,-0.011,-0.027,0.19,0.07,0.0,0.09,0.0,2.08,0.0,0.0,0.33,0.08,0.51,0.53,0.06,0.08,0.0,0.0,0.0,0.0,0.0,0.0,0.0,0.0,1.0,0.0,0.0,0.0,1.0,0.0,0.0,0.0,0.0,0.0,0.0,0.0,0.0,0.24485931854569923,20.600242717016847,22.200225224082796
11336,453.4,0.98,1,0.013,0.301,0.047,-0.008,-0.028,0.2,0.07,0.0,0.09,0.0,1.96,0.0,0.0,0.3,0.16,0.5,0.61,0.12,0.12,0.0,0.0,0.0,0.0,0.0,0.0,0.0,0.0,1.0,0.0,0.0,0.0,1.0,0.0,0.0,0.0,0.0,0.0,0.0,0.0,0.0,0.23155104924107361,20.500243900988107,21.90205469813264
11337,453.44,0.98,1,0.01,0.309,0.054,-0.006,-0.028,0.09,0.0,0.0,0.09,0.0,1.92,0.0,0.0,0.26,0.16,0.48,0.67,0.16,0.14,0.0,0.0,0.0,0.0,0.0,0.0,0.0,0.0,1.0,0.0,0.0,0.0,1.0,0.0,0.0,0.0,0.0,0.0,0.0,0.0,0.0,0.223691628788566,20.400980368600028,21.60370338622515
11338,453.48,0.98,1,0.01,0.314,0.053,-0.011,-0.024,0.09,0.0,0.0,0.0,0.0,1.99,0.0,0.0,0.27,0.23,0.52,0.73,0.13,0.12,0.02,0.0,0.0,0.0,0.0,0.0,0.0,0.0,1.0,0.0,0.0,0.0,1.0,0.0,0.0,0.0,0.0,0.0,0.0,0.0,0.0,0.2313497235309844,20.600000000000136,21.7036863228347
11339,453.52,0.98,1,0.005,0.29,0.048,-0.011,-0.024,0.05,0.0,0.0,0.0,0.0,2.11,0.0,0.0,0.28,0.23,0.64,0.74,0.07,0.11,0.02,0.01,0.0,0.0,0.0,0.0,0.0,0.0,1.0,0.0,0.0,0.0,1.0,0.0,0.0,0.0,0.0,0.0,0.0,0.0,0.0,0.24737554882018586,20.700000000000045,22.80087717610877
11340,453.56,0.98,1,0.01,0.301,0.049,-0.01,-0.023,0.04,0.0,0.0,0.0,0.0,2.14,0.0,0.0,0.28,0.21,0.58,0.68,0.03,0.09,0.02,0.06,0.0,0.0,0.0,0.0,0.0,0.0,1.0,0.0,0.0,0.0,1.0,0.0,0.0,0.0,0.0,0.0,0.0,0.0,0.0,0.2358612869524246,20.300246303924446,22.70088104017115
11341,453.6,0.98,1,0.011,0.304,0.046,-0.009,-0.023,0.02,0.0,0.0,0.0,0.0,1.99,0.0,0.0,0.28,0.18,0.61,0.64,0.01,0.09,0.0,0.06,0.0,0.0,0.0,0.0,0.0,0.0,1.0,0.0,0.0,0.0,1.0,0.0,0.0,0.0,0.0,0.0,0.0,0.0,0.0,0.23046894457586853,20.80096151623761,22.500888871331284
11342,453.64,0.98,1,0.013,0.3,0.052,-0.006,-0.026,0.05,0.04,0.0,0.0,0.0,1.89,0.0,0.0,0.3,0.09,0.52,0.62,0.02,0.06,0.0,0.05,0.0,0.0,0.0,0.0,0.0,0.0,1.0,0.0,0.0,0.0,1.0,0.0,0.0,0.0,0.0,0.0,0.0,0.0,0.0,0.23107923815804954,21.0,22.700220263248593
11343,453.68,0.98,1,0.009,0.281,0.034,-0.009,-0.024,0.14,0.04,0.0,0.0,0.0,1.48,0.0,0.0,0.32,0.24,0.54,0.65,0.11,0.03,0.07,0.0,0.55,0.0,1.0,0.0,0.0,0.0,0.0,0.0,0.0,0.0,1.0,0.0,0.0,0.0,0.0,0.0,0.0,0.0,0.0,0.24259704479032118,19.901004999747993,21.799999999999955
11344,453.72,0.98,1,-0.009,0.357,0.035,-0.011,-0.022,0.38,0.04,0.0,0.0,0.0,1.08,0.0,0.0,0.41,0.3,0.48,0.66,0.21,0.0,0.09,0.0,1.36,0.0,1.0,0.0,0.0,0.0,0.0,0.0,0.0,0.0,1.0,0.0,0.0,0.0,0.0,0.0,0.0,0.0,1.0,0.2147663614647574,19.13164917094176,19.520758181996925
11345,453.76,0.98,1,-0.009,0.413,0.033,-0.025,-0.017,0.57,0.05,0.0,0.0,0.0,0.66,0.0,0.0,0.4,0.42,0.45,0.69,0.34,0.0,0.09,0.0,2.08,0.0,1.0,0.0,0.0,0.0,0.0,0.0,0.0,0.0,1.0,0.0,0.0,0.0,0.0,0.0,0.0,0.0,1.0,0.18093133608536366,17.90670265570958,19.536888186197928
11346,453.8,0.98,1,-0.013,0.405,0.024,-0.017,-0.018,0.66,0.05,0.0,0.0,0.0,0.68,0.0,0.0,0.35,0.27,0.38,0.74,0.34,0.0,0.02,0.0,2.21,0.0,1.0,0.0,0.0,0.0,0.0,0.0,0.0,0.0,1.0,0.0,0.0,0.0,0.0,0.0,0.0,0.0,1.0,0.18157839878658522,17.509426032854382,20.130076999355875
11347,453.84,0.98,1,-0.011,0.349,0.023,-0.01,-0.021,0.55,0.05,0.0,0.0,0.0,1.09,0.0,0.0,0.26,0.16,0.35,0.76,0.35,0.0,0.0,0.0,1.76,0.0,1.0,0.0,0.0,0.0,0.0,0.0,0.0,0.0,1.0,0.0,0.0,0.0,0.0,0.0,0.0,0.0,1.0,0.18956924388661567,18.14662503056712,20.455072720477034
11348,453.88,0.98,1,0.005,0.33,0.034,-0.011,-0.025,0.37,0.0,0.0,0.0,0.0,1.57,0.0,0.0,0.21,0.09,0.35,0.79,0.25,0.0,0.0,0.0,1.37,0.0,0.0,0.0,0.0,0.0,0.0,0.0,0.0,0.0,1.0,0.0,0.0,0.0,0.0,0.0,0.0,0.0,1.0,0.19802196478932838,16.71915069613268,18.2463695019037
11349,453.92,0.98,1,-0.005,0.32,0.043,-0.008,-0.03,0.29,0.0,0.0,0.0,0.0,1.88,0.0,0.0,0.23,0.12,0.42,0.76,0.18,0.0,0.0,0.0,0.88,0.0,0.0,0.0,0.0,0.0,1.0,0.0,0.0,0.0,1.0,0.0,0.0,0.0,0.0,0.0,0.0,0.0,0.0,0.18885110368502556,15.938004893963452,18.4271538768198
11350,453.96,0.98,1,-0.02,0.299,0.036,-0.004,-0.03,0.19,0.03,0.0,0.0,0.0,1.97,0.0,0.0,0.26,0.1,0.34,0.76,0.18,0.0,0.0,0.0,0.52,0.0,0.0,0.0,0.0,0.0,1.0,0.0,0.0,0.0,1.0,0.0,0.0,0.0,0.0,0.0,0.0,0.0,0.0,0.19066634510527253,18.246369501903473,18.706683297688066
11351,454.0,0.98,1,-0.018,0.293,0.041,-0.003,-0.031,0.14,0.03,0.0,0.0,0.0,1.98,0.0,0.0,0.27,0.05,0.3,0.77,0.15,0.01,0.0,0.0,0.19,0.0,0.0,0.0,0.0,0.0,1.0,0.0,0.0,0.0,1.0,0.0,1.0,0.0,0.0,0.0,0.0,0.0,0.0,0.20802339972357275,18.23321145602172,19.202343606966355
11352,454.04,0.98,1,-0.007,0.286,0.036,-0.003,-0.028,0.1,0.03,0.0,0.0,0.0,1.98,0.0,0.0,0.3,0.0,0.23,0.81,0.15,0.02,0.0,0.0,0.0,0.0,0.0,0.0,0.0,0.0,0.0,0.0,0.0,0.0,1.0,0.0,1.0,0.0,0.0,0.0,0.0,0.0,0.0,0.2085378581454262,18.745132701584208,19.601020381602723
11353,454.08,0.98,1,-0.013,0.285,0.036,-0.001,-0.028,0.09,0.0,0.0,0.0,0.0,1.93,0.0,0.0,0.31,0.0,0.25,0.81,0.1,0.02,0.0,0.0,0.0,0.0,0.0,0.0,0.0,0.0,0.0,0.0,0.0,0.0,1.0,0.0,1.0,0.0,0.0,0.0,0.0,0.0,0.0,0.217225219320281,19.044421755464246,19.300259065618736
11354,454.12,0.98,1,-0.017,0.297,0.039,-0.001,-0.028,0.09,0.0,0.0,0.0,0.0,1.95,0.0,0.0,0.32,0.0,0.27,0.77,0.16,0.01,0.0,0.0,0.0,0.0,0.0,0.0,0.0,0.0,0.0,0.0,0.0,0.0,1.0,0.0,1.0,0.0,0.0,0.0,0.0,0.0,0.0,0.22685144869360002,18.60967490312512,19.59999999999991
11355,454.16,0.98,1,-0.009,0.287,0.039,0.001,-0.027,0.05,0.0,0.0,0.0,0.0,1.97,0.0,0.0,0.27,0.0,0.39,0.75,0.18,0.0,0.0,0.0,0.0,0.0,0.0,0.0,0.0,0.0,0.0,0.0,0.0,0.0,1.0,0.0,1.0,0.0,0.0,0.0,0.0,0.0,0.0,0.23059695477671854,18.206866836443925,20.40000000000009
11356,454.2,0.98,1,-0.01,0.291,0.038,0.001,-0.026,0.07,0.0,0.0,0.0,0.0,1.94,0.0,0.0,0.25,0.0,0.46,0.8,0.12,0.05,0.0,0.0,0.0,0.0,0.0,0.0,0.0,0.0,0.0,0.0,0.0,0.0,1.0,0.0,1.0,0.0,0.0,0.0,0.0,0.0,0.0,0.2229815106686781,19.11282292075131,20.500243900988107
11357,454.24,0.98,1,-0.009,0.284,0.032,-0.002,-0.026,0.06,0.0,0.0,0.0,0.0,1.87,0.0,0.0,0.26,0.0,0.49,0.87,0.06,0.07,0.0,0.02,0.0,0.0,0.0,0.0,0.0,0.0,0.0,0.0,0.0,0.0,1.0,0.0,1.0,0.0,0.0,0.0,0.0,0.0,0.0,0.228650283390321,18.906612599828755,20.8002403832263
11358,454.28,0.98,1,-0.008,0.284,0.031,-0.011,-0.025,0.12,0.0,0.0,0.0,0.0,1.93,0.0,0.0,0.31,0.01,0.49,0.92,0.04,0.09,0.0,0.02,0.0,0.0,0.0,0.0,0.0,0.0,0.0,0.0,0.0,0.0,1.0,0.0,1.0,0.0,0.0,0.0,0.0,0.0,0.0,0.2320491667365815,19.009471323527123,20.702173798903388
11359,454.32,0.98,1,-0.013,0.296,0.033,-0.013,-0.025,0.13,0.0,0.0,0.0,0.0,1.89,0.0,0.0,0.29,0.04,0.47,0.95,0.09,0.08,0.0,0.02,0.03,0.0,0.0,0.0,0.0,0.0,1.0,0.0,0.0,0.0,1.0,0.0,1.0,0.0,0.0,0.0,0.0,0.0,0.0,0.2223993022975852,19.00657780874821,20.602184350209217
11360,454.36,0.98,1,-0.002,0.285,0.034,-0.014,-0.032,0.12,0.0,0.0,0.0,0.0,1.99,0.0,0.0,0.28,0.04,0.47,0.93,0.07,0.14,0.0,0.0,0.03,0.0,0.0,0.0,0.0,0.0,1.0,0.0,0.0,0.0,1.0,0.0,1.0,0.0,0.0,0.0,0.0,0.0,0.0,0.2309065769144358,18.90238080242813,21.00095235935742
11361,454.4,0.98,1,-0.001,0.297,0.037,-0.013,-0.031,0.06,0.0,0.0,0.03,0.0,2.01,0.0,0.0,0.25,0.02,0.36,0.83,0.07,0.16,0.0,0.0,0.03,0.0,0.0,0.0,0.0,0.0,1.0,0.0,0.0,0.0,1.0,0.0,1.0,0.0,0.0,0.0,0.0,0.0,0.0,0.21581309144503993,19.00236827345476,20.500243900988107
11362,454.44,0.98,1,-0.004,0.277,0.035,-0.009,-0.039,0.01,0.0,0.0,0.03,0.0,1.99,0.0,0.0,0.23,0.0,0.4,0.7,0.03,0.14,0.0,0.0,0.0,0.0,0.0,0.0,0.0,0.0,1.0,0.0,0.0,0.0,1.0,0.0,0.0,0.0,0.0,0.0,0.0,0.0,0.0,0.2360508540451755,19.00026315607234,20.600970850909082
11363,454.48,0.98,1,-0.004,0.288,0.037,-0.009,-0.039,0.0,0.0,0.0,0.03,0.0,1.83,0.0,0.0,0.23,0.0,0.35,0.61,0.03,0.1,0.0,0.0,0.0,0.0,0.0,0.0,0.0,0.0,1.0,0.0,0.0,0.0,1.0,0.0,0.0,0.0,0.0,0.0,0.0,0.0,0.0,0.23696949375109203,20.000249998437518,21.100236965493924
11364,454.52,0.98,1,0.003,0.292,0.035,-0.014,-0.038,0.07,0.0,0.0,0.01,0.0,1.74,0.0,0.0,0.24,0.01,0.4,0.62,0.08,0.06,0.0,0.0,0.0,0.0,0.0,0.0,0.0,0.0,1.0,0.0,0.0,0.0,1.0,0.0,0.0,0.0,0.0,0.0,0.0,0.0,0.0,0.23262062024140173,20.0,21.500232556881798
11365,454.56,0.98,1,-0.0,0.303,0.05,-0.016,-0.039,0.12,0.0,0.0,0.01,0.0,1.82,0.0,0.0,0.25,0.05,0.44,0.72,0.07,0.13,0.0,0.0,0.0,0.0,0.0,0.0,0.0,0.0,1.0,0.0,0.0,0.0,1.0,0.0,0.0,0.0,0.0,0.0,0.0,0.0,0.0,0.2370174083277035,20.399999999999864,21.400233643584453
11366,454.6,0.98,1,0.007,0.293,0.039,-0.019,-0.037,0.19,0.0,0.0,0.03,0.0,1.9,0.0,0.0,0.16,0.05,0.58,0.82,0.11,0.14,0.0,0.0,0.0,0.0,0.0,0.0,0.0,0.0,1.0,0.0,0.0,0.0,1.0,0.0,1.0,0.0,0.0,0.0,0.0,0.0,0.0,0.23597953323264576,19.904019694523882,21.500930212434994
11367,454.64,0.98,1,0.006,0.3,0.05,-0.014,-0.042,0.25,0.0,0.0,0.02,0.0,1.89,0.0,0.0,0.11,0.07,0.63,0.96,0.05,0.21,0.0,0.0,0.0,0.0,0.0,0.0,0.0,0.0,1.0,0.0,0.0,0.0,1.0,0.0,1.0,0.0,0.0,0.0,0.0,0.0,0.0,0.23071507074257708,20.611889772652976,21.10094784600933
11368,454.68,0.98,1,0.01,0.301,0.053,-0.009,-0.046,0.31,0.0,0.0,0.14,0.0,1.82,0.0,0.0,0.09,0.08,0.6,1.02,0.08,0.21,0.0,0.0,0.0,0.0,0.0,0.0,0.0,0.0,1.0,0.0,0.0,0.0,1.0,0.0,1.0,0.0,0.0,0.0,0.0,0.0,0.0,0.22260567694037797,20.30394050424691,21.50581316760657
11369,454.72,0.98,1,0.012,0.3,0.055,-0.009,-0.044,0.31,0.0,0.0,0.12,0.0,1.86,0.0,0.0,0.12,0.11,0.67,0.97,0.11,0.22,0.01,0.0,0.0,0.0,0.0,0.0,0.0,0.0,1.0,0.0,0.0,0.0,1.0,0.0,1.0,0.0,0.0,0.0,0.0,0.0,0.0,0.2373921622551879,20.40882162203403,21.711287386979198
11370,454.76,0.98,1,0.008,0.3,0.057,-0.005,-0.044,0.25,0.0,0.0,0.23,0.0,1.91,0.0,0.0,0.14,0.09,0.75,0.84,0.13,0.19,0.01,0.0,0.0,0.0,0.0,0.0,0.0,0.0,1.0,0.0,0.0,0.0,1.0,0.0,1.0,0.0,0.0,0.0,0.0,0.0,0.0,0.22759991262745452,21.533462331914944,21.40840956259955
11371,454.8,0.98,1,0.01,0.302,0.061,-0.007,-0.041,0.26,0.0,0.0,0.15,0.0,1.93,0.0,0.0,0.14,0.11,0.76,0.82,0.11,0.18,0.01,0.0,0.0,0.0,0.0,0.0,0.0,0.0,1.0,0.0,0.0,0.0,1.0,0.0,1.0,0.0,0.0,0.0,0.0,0.0,0.0,0.22858428124624652,21.623135757794152,21.315018179677867
11372,454.84,0.98,1,0.006,0.292,0.057,-0.012,-0.033,0.34,0.0,0.0,0.15,0.0,1.35,0.0,0.0,0.16,0.14,0.84,0.79,0.07,0.11,0.02,0.0,0.61,0.0,0.0,0.0,0.0,0.0,1.0,0.0,0.0,0.0,1.0,0.0,0.0,0.0,0.0,0.0,0.0,0.0,0.0,0.24616615860269808,20.30886505937735,21.905707018948146
11373,454.88,0.98,1,-0.002,0.384,0.048,-0.007,-0.028,0.61,0.25,0.0,0.03,0.0,0.72,0.0,0.03,0.26,0.18,0.8,0.78,0.18,0.06,0.09,0.0,1.41,0.0,0.0,0.0,0.0,0.0,1.0,0.0,0.0,0.0,1.0,0.0,0.0,0.0,0.0,0.0,0.0,0.0,1.0,0.20965684763182552,20.424495097798715,21.01927686672403
11374,454.92,0.98,1,-0.028,0.426,0.05,-0.03,-0.016,0.69,0.25,0.0,0.0,0.0,0.13,0.0,0.03,0.35,0.3,0.87,0.69,0.31,0.0,0.12,0.0,2.18,0.0,0.0,0.0,0.0,0.0,1.0,0.0,0.0,0.0,1.0,0.0,0.0,0.0,0.0,0.0,0.0,0.0,1.0,0.18274319781468146,17.808424972467378,20.020239758804088
11375,454.96,0.98,1,0.004,0.409,0.042,-0.032,-0.012,0.77,0.25,0.0,0.0,0.0,0.42,0.0,0.03,0.42,0.38,0.66,0.73,0.29,0.0,0.13,0.0,2.15,0.0,0.0,0.0,0.0,0.0,1.0,0.0,0.0,0.0,1.0,0.0,0.0,0.0,0.0,0.0,0.0,0.0,1.0,0.18755332945164582,17.848809484108497,20.634921855921732
11376,455.0,0.98,1,-0.012,0.393,0.042,-0.029,-0.012,0.61,0.0,0.0,0.0,0.0,0.99,0.0,0.0,0.37,0.4,0.57,0.69,0.16,0.0,0.09,0.0,1.71,0.0,0.0,0.0,0.0,0.0,1.0,0.0,0.0,0.0,1.0,0.0,0.0,0.0,0.0,0.0,0.0,0.0,1.0,0.18848115125084253,18.98552079875596,21.33963448609179
11377,455.04,0.98,1,0.005,0.307,0.042,-0.017,-0.016,0.5,0.0,0.0,0.0,0.0,1.76,0.0,0.0,0.31,0.32,0.48,0.77,0.03,0.03,0.12,0.0,1.22,0.0,0.0,0.0,0.0,0.0,1.0,0.0,0.0,0.0,1.0,0.0,0.0,0.0,0.0,0.0,0.0,0.0,1.0,0.2024016734974166,17.17469068134844,19.158809983921373
11378,455.08,0.98,1,0.007,0.306,0.053,-0.018,-0.019,0.3,0.0,0.0,0.0,0.0,2.18,0.0,0.0,0.27,0.3,0.54,0.74,0.03,0.03,0.09,0.0,0.65,0.0,0.0,0.0,0.0,0.0,1.0,0.0,0.0,0.0,1.0,0.0,0.0,0.0,0.0,0.0,0.0,0.0,1.0,0.2033331039279546,16.424676556936987,18.645374761586222
11379,455.12,0.98,1,-0.004,0.301,0.053,-0.018,-0.02,0.17,0.0,0.0,0.0,0.0,2.26,0.0,0.0,0.27,0.35,0.62,0.79,0.03,0.13,0.07,0.0,0.32,0.0,0.0,0.0,0.0,0.0,1.0,0.0,0.0,0.0,1.0,0.0,0.0,0.0,0.0,0.0,0.0,0.0,0.0,0.21180085138497276,18.054362353736007,18.606719216455023
11380,455.16,0.98,1,0.008,0.296,0.05,-0.014,-0.016,0.06,0.0,0.0,0.0,0.0,1.96,0.0,0.0,0.31,0.24,0.57,0.7,0.0,0.19,0.05,0.0,0.04,0.0,0.0,0.0,0.0,0.0,1.0,0.0,0.0,0.0,1.0,0.0,0.0,0.0,0.0,0.0,0.0,0.0,0.0,0.2293298994601855,18.916923639957815,20.020239758804088
11381,455.2,0.98,1,0.019,0.284,0.054,-0.009,-0.017,0.13,0.0,0.0,0.14,0.0,1.96,0.0,0.0,0.31,0.19,0.54,0.64,0.03,0.31,0.1,0.0,0.04,0.0,0.0,0.0,0.0,0.0,1.0,0.0,0.0,0.0,1.0,0.0,0.0,0.0,0.0,0.0,0.0,0.0,0.0,0.23930895339801994,18.91295852054891,21.2058954067024
11382,455.24,0.98,1,0.002,0.252,0.05,-0.006,-0.015,0.08,0.0,0.0,0.14,0.0,1.97,0.0,0.0,0.3,0.18,0.5,0.55,0.05,0.26,0.14,0.0,0.0,0.0,0.0,0.0,0.0,0.0,1.0,0.0,0.0,0.0,1.0,0.0,0.0,0.0,0.0,0.0,0.0,0.0,0.0,0.25690931867153544,19.82044399099067,21.203773249117532
11383,455.28,0.98,1,-0.023,0.255,0.057,-0.014,-0.014,0.15,0.0,0.0,0.14,0.0,2.18,0.0,0.0,0.33,0.23,0.39,0.54,0.1,0.3,0.11,0.0,0.0,0.0,0.0,0.0,0.0,0.0,1.0,0.0,0.0,0.0,1.0,0.0,0.0,0.0,0.0,0.0,0.0,0.0,0.0,0.27041171341657233,21.123683390924175,21.42335174523361
11384,455.32,0.98,1,-0.004,0.247,0.05,-0.009,-0.014,0.08,0.0,0.0,0.04,0.0,1.9,0.0,0.0,0.37,0.22,0.27,0.6,0.08,0.3,0.04,0.0,0.0,0.0,0.0,0.0,0.0,0.0,1.0,0.0,0.0,0.0,1.0,0.0,0.0,0.0,0.0,0.0,0.0,0.0,0.0,0.2656821324135412,20.90095691589272,20.719555979798454
11385,455.36,0.98,1,-0.012,0.246,0.051,-0.012,-0.016,0.1,0.0,0.0,0.09,0.0,1.76,0.0,0.0,0.37,0.24,0.25,0.67,0.06,0.35,0.03,0.0,0.0,0.0,0.0,0.0,0.0,0.0,1.0,0.0,0.0,0.0,1.0,0.0,0.0,0.0,0.0,0.0,0.0,0.0,0.0,0.2610702444123486,21.100000000000136,21.508370463612533
11386,455.4,0.98,1,-0.005,0.279,0.056,-0.016,-0.018,0.03,0.0,0.0,0.09,0.0,1.65,0.0,0.0,0.32,0.3,0.28,0.67,0.01,0.34,0.03,0.0,0.0,0.0,0.0,0.0,0.0,0.0,1.0,0.0,0.0,0.0,1.0,0.0,0.0,0.0,0.0,0.0,0.0,0.0,0.0,0.24913306333124516,21.30023474049072,22.410934831014835
11387,455.44,0.98,1,0.011,0.283,0.062,-0.014,-0.024,0.02,0.0,0.0,0.05,0.0,1.6,0.0,0.0,0.32,0.39,0.34,0.63,0.01,0.32,0.04,0.0,0.0,0.0,0.0,0.0,0.0,0.0,1.0,0.0,0.0,0.0,1.0,0.0,0.0,0.0,0.0,0.0,0.0,0.0,0.0,0.24008207512360275,22.40022321317366,22.514217730136664
11388,455.48,0.98,1,0.013,0.279,0.063,-0.017,-0.023,0.0,0.0,0.0,0.0,0.0,1.58,0.0,0.0,0.35,0.29,0.35,0.72,0.0,0.33,0.01,0.0,0.0,0.0,0.0,0.0,0.0,0.0,0.0,0.0,0.0,0.0,1.0,0.0,0.0,0.0,0.0,0.0,0.0,0.0,0.0,0.24978529633028235,22.510886255321005,22.62211307548449
11389,455.52,0.98,1,0.015,0.269,0.055,-0.025,-0.018,0.0,0.0,0.0,0.03,0.0,1.41,0.0,0.0,0.41,0.33,0.47,0.73,0.0,0.34,0.01,0.0,0.0,0.0,0.0,0.0,0.0,0.0,0.0,0.0,0.0,0.0,1.0,0.0,0.0,0.0,0.0,0.0,0.0,0.0,0.0,0.2685454372787134,23.017601960239038,23.12163489029282
11390,455.56,0.98,1,0.012,0.281,0.059,-0.022,-0.018,0.0,0.0,0.0,0.03,0.0,1.2,0.0,0.0,0.41,0.29,0.57,0.75,0.0,0.3,0.02,0.0,0.0,0.0,0.0,0.0,0.0,0.0,0.0,0.0,0.0,0.0,1.0,0.0,0.0,0.0,0.0,0.0,0.0,0.0,0.0,0.256555554041241,22.405579662218162,23.042569301186877
11391,455.6,0.98,1,0.017,0.28,0.057,-0.018,-0.022,0.0,0.0,0.0,0.13,0.0,1.12,0.0,0.0,0.38,0.3,0.5,0.7,0.0,0.33,0.02,0.0,0.0,0.0,0.0,0.0,0.0,0.0,0.0,0.0,0.0,0.0,1.0,0.0,0.0,0.0,0.0,0.0,0.0,0.0,0.0,0.25340344575902396,22.03837562072123,23.721087664776295
11392,455.64,0.98,1,0.014,0.29,0.059,-0.018,-0.022,0.0,0.0,0.0,0.1,0.0,1.01,0.0,0.0,0.38,0.2,0.49,0.78,0.0,0.31,0.03,0.0,0.0,0.0,0.0,0.0,0.0,0.0,0.0,0.0,0.0,0.0,1.0,0.0,0.0,0.0,0.0,0.0,0.0,0.0,0.0,0.23266361246566905,22.537524265100636,23.521266972678152
11393,455.68,0.98,1,0.014,0.285,0.058,-0.021,-0.02,0.0,0.0,0.0,0.1,0.0,1.31,0.0,0.0,0.4,0.22,0.44,0.87,0.0,0.28,0.01,0.0,0.0,0.0,0.0,0.0,0.0,0.0,0.0,0.0,0.0,0.0,1.0,0.0,0.0,0.0,0.0,0.0,0.0,0.0,0.0,0.233810660072363,22.132555207205428,23.517227727774376
11394,455.72,0.98,1,0.018,0.276,0.056,-0.019,-0.025,0.0,0.0,0.0,0.0,0.0,1.35,0.0,0.0,0.44,0.19,0.43,0.86,0.04,0.21,0.01,0.0,0.0,0.0,0.0,0.0,0.0,0.0,0.0,0.0,0.0,0.0,1.0,0.0,0.0,0.0,0.0,0.0,0.0,0.0,0.0,0.24809660876203343,22.2272355456094,23.725513693068947
11395,455.76,0.98,1,0.017,0.285,0.054,-0.013,-0.023,0.0,0.0,0.0,0.0,0.0,1.54,0.0,0.0,0.43,0.25,0.37,0.78,0.12,0.19,0.0,0.0,0.0,0.0,0.0,0.0,0.0,0.0,0.0,0.0,0.0,0.0,1.0,0.0,0.0,0.0,0.0,0.0,0.0,0.0,0.0,0.2291942399271572,22.514217730136664,23.213789005675096
11396,455.8,0.98,1,0.016,0.294,0.064,-0.016,-0.025,0.0,0.0,0.0,0.0,0.0,1.6,0.0,0.0,0.42,0.15,0.34,0.69,0.12,0.24,0.0,0.0,0.0,0.0,0.0,0.0,0.0,0.0,0.0,0.0,0.0,0.0,1.0,0.0,0.0,0.0,0.0,0.0,0.0,0.0,0.0,0.23400519084363214,22.426992665090076,23.21378900567487
11397,455.84,0.98,1,0.019,0.274,0.054,-0.019,-0.022,0.0,0.0,0.0,0.04,0.0,1.65,0.0,0.0,0.4,0.2,0.34,0.68,0.1,0.26,0.0,0.0,0.0,0.0,0.0,0.0,0.0,0.0,0.0,0.0,0.0,0.0,1.0,0.0,0.0,0.0,0.0,0.0,0.0,0.0,0.0,0.2459835114849574,22.426992665090076,23.721087664776295
11398,455.88,0.98,1,0.02,0.289,0.059,-0.018,-0.02,0.11,0.0,0.0,0.04,0.0,1.53,0.0,0.0,0.42,0.2,0.33,0.73,0.02,0.18,0.03,0.0,0.41,0.0,0.0,0.0,0.0,0.0,0.0,0.0,0.0,0.0,1.0,0.0,0.0,0.0,0.0,0.0,0.0,0.0,0.0,0.2382385230324474,21.91460700081099,23.707593720156463
11399,455.92,0.98,1,0.001,0.351,0.047,-0.018,-0.018,0.37,0.0,0.0,0.04,0.0,0.9,0.0,0.03,0.52,0.34,0.37,0.73,0.02,0.1,0.04,0.0,1.2,0.0,0.0,0.0,0.0,0.0,0.0,0.0,0.0,0.0,1.0,0.0,0.0,0.0,0.0,0.0,0.0,0.0,1.0,0.2148369071149907,18.926436537288122,19.525624189766635
11400,455.96,0.98,1,-0.027,0.421,0.051,-0.04,-0.01,0.54,0.04,0.0,0.0,0.0,0.6,0.0,0.03,0.56,0.51,0.33,0.73,0.01,0.0,0.04,0.0,1.85,0.0,0.0,0.0,0.0,0.0,0.0,0.0,0.0,0.0,1.0,0.0,0.0,0.0,0.0,0.0,0.0,0.0,1.0,0.18182840188632032,18.41412501315208,19.021303845951252
11401,456.0,0.98,1,0.005,0.406,0.039,-0.03,-0.01,0.58,0.04,0.0,0.0,0.0,0.59,0.0,0.03,0.53,0.55,0.22,0.67,0.01,0.01,0.0,0.0,1.86,0.0,1.0,0.0,0.0,0.0,0.0,0.0,0.0,0.0,1.0,0.0,0.0,0.0,0.0,0.0,0.0,0.0,1.0,0.18233472959421004,16.388410539158418,21.5188289644209
11402,456.04,0.98,1,0.006,0.331,0.039,-0.018,-0.014,0.32,0.04,0.0,0.0,0.0,1.35,0.0,0.01,0.42,0.67,0.12,0.69,0.03,0.01,0.0,0.0,1.29,0.0,1.0,0.0,0.0,0.0,0.0,0.0,0.0,0.0,1.0,0.0,0.0,0.0,0.0,0.0,0.0,0.0,1.0,0.1879584541591796,17.142053552594113,19.93614807328624
11403,456.08,0.98,1,0.028,0.331,0.062,-0.026,-0.017,0.15,0.0,0.0,0.0,0.0,1.82,0.0,0.01,0.4,0.62,0.18,0.65,0.04,0.02,0.0,0.0,0.81,0.0,0.0,0.0,0.0,0.0,0.0,0.0,0.0,0.0,1.0,0.0,0.0,0.0,0.0,0.0,0.0,0.0,1.0,0.18065010731459671,16.278820596099752,18.23321145602172
11404,456.12,0.98,1,0.014,0.304,0.056,-0.025,-0.015,0.01,0.0,0.0,0.0,0.0,2.09,0.0,0.01,0.42,0.64,0.23,0.66,0.04,0.04,0.0,0.0,0.39,0.0,0.0,0.0,0.0,0.0,1.0,0.0,0.0,0.0,1.0,0.0,0.0,0.0,0.0,0.0,0.0,0.0,0.0,0.2013469607771579,17.364907140552358,18.6024191975129
11405,456.16,0.98,1,0.029,0.296,0.057,-0.024,-0.016,0.01,0.04,0.0,0.0,0.0,1.97,0.0,0.0,0.44,0.54,0.33,0.6,0.01,0.06,0.0,0.0,0.17,0.0,0.0,0.0,0.0,0.0,1.0,0.0,0.0,0.0,1.0,0.0,0.0,0.0,0.0,0.0,0.0,0.0,0.0,0.22603123250673712,18.91295852054868,19.704060495238075
11406,456.2,0.98,1,0.016,0.303,0.061,-0.024,-0.016,0.01,0.04,0.0,0.0,0.0,1.9,0.0,0.0,0.44,0.52,0.27,0.68,0.01,0.08,0.0,0.0,0.0,0.0,0.0,0.0,0.0,0.0,0.0,0.0,0.0,0.0,1.0,0.0,0.0,0.0,0.0,0.0,0.0,0.0,0.0,0.2385815822260003,19.200260414900672,20.899999999999864
11407,456.24,0.98,1,0.026,0.298,0.061,-0.024,-0.016,0.0,0.04,0.0,0.0,0.0,1.89,0.0,0.0,0.42,0.58,0.28,0.74,0.0,0.08,0.0,0.0,0.0,0.0,0.0,0.0,0.0,0.0,0.0,0.0,0.0,0.0,1.0,0.0,0.0,0.0,0.0,0.0,0.0,0.0,0.0,0.2547038836004798,20.000249998437518,20.900956915892493
11408,456.28,0.98,1,0.025,0.294,0.062,-0.026,-0.016,0.0,0.0,0.0,0.0,0.0,1.71,0.0,0.0,0.43,0.57,0.23,0.86,0.0,0.1,0.0,0.0,0.0,0.0,0.0,0.0,0.0,0.0,0.0,0.0,0.0,0.0,1.0,0.0,1.0,0.0,0.0,0.0,0.0,0.0,0.0,0.2627548068634673,19.902261178067043,21.80091741188884
11409,456.32,0.98,1,0.034,0.289,0.062,-0.025,-0.016,0.0,0.0,0.0,0.02,0.0,1.72,0.0,0.0,0.42,0.49,0.25,0.85,0.0,0.12,0.0,0.0,0.0,0.0,0.0,0.0,0.0,0.0,0.0,0.0,0.0,0.0,1.0,0.0,1.0,0.0,0.0,0.0,0.0,0.0,0.0,0.2547152666952046,20.20222759994555,22.100226243185748
11410,456.36,0.98,1,0.037,0.283,0.059,-0.02,-0.017,0.0,0.0,0.0,0.02,0.0,1.66,0.0,0.0,0.47,0.41,0.25,0.87,0.05,0.15,0.0,0.0,0.0,0.0,0.0,0.0,0.0,0.0,0.0,0.0,0.0,0.0,1.0,0.0,1.0,0.0,0.0,0.0,0.0,0.0,0.0,0.2539666147145908,20.10895322984258,22.100226243185976
11411,456.4,0.98,1,0.029,0.288,0.061,-0.026,-0.015,0.0,0.01,0.0,0.07,0.0,1.71,0.0,0.0,0.45,0.35,0.27,0.89,0.1,0.19,0.0,0.0,0.0,0.0,0.0,0.0,0.0,0.0,0.0,0.0,0.0,0.0,1.0,0.0,1.0,0.0,0.0,0.0,0.0,0.0,0.0,0.26051684149109633,20.2121250738264,22.303587155433046
11412,456.44,0.98,1,0.041,0.284,0.065,-0.021,-0.016,0.0,0.01,0.0,0.05,0.0,1.59,0.0,0.0,0.46,0.46,0.33,0.87,0.1,0.18,0.0,0.0,0.0,0.0,0.0,0.0,0.0,0.0,0.0,0.0,0.0,0.0,1.0,0.0,1.0,0.0,0.0,0.0,0.0,0.0,0.0,0.26017829778005785,20.424495097798488,22.500888871331284
11413,456.48,0.98,1,0.036,0.277,0.061,-0.023,-0.018,0.0,0.01,0.0,0.08,0.0,1.44,0.0,0.0,0.43,0.52,0.37,0.89,0.04,0.2,0.0,0.0,0.0,0.0,0.0,0.0,0.0,0.0,0.0,0.0,0.0,0.0,1.0,0.0,1.0,0.0,0.0,0.0,0.0,0.0,0.0,0.2614057415285842,20.529490982486635,23.105410621756885
11414,456.52,0.98,1,0.033,0.259,0.059,-0.015,-0.018,0.0,0.0,0.0,0.08,0.0,1.44,0.0,0.0,0.46,0.55,0.38,0.87,0.0,0.18,0.0,0.0,0.0,0.0,0.0,0.0,0.0,0.0,0.0,0.0,0.0,0.0,1.0,0.0,1.0,0.0,0.0,0.0,0.0,0.0,0.0,0.25971773031193957,20.524375751773793,22.232408776378733
11415,456.56,0.98,1,0.031,0.274,0.066,-0.023,-0.02,0.0,0.0,0.0,0.1,0.0,1.37,0.0,0.0,0.44,0.51,0.38,0.96,0.0,0.23,0.0,0.0,0.0,0.0,0.0,0.0,0.0,0.0,0.0,0.0,0.0,0.0,1.0,0.0,1.0,0.0,0.0,0.0,0.0,0.0,0.0,0.26854421381155025,20.84706214314137,22.30560467685214
11416,456.6,0.98,1,0.024,0.288,0.067,-0.022,-0.016,0.0,0.0,0.0,0.07,0.0,1.43,0.0,0.0,0.45,0.43,0.39,0.88,0.0,0.19,0.0,0.0,0.0,0.0,0.0,0.0,0.0,0.0,0.0,0.0,0.0,0.0,1.0,0.0,1.0,0.0,0.0,0.0,0.0,0.0,0.0,0.24165555473931633,21.52812114421507,22.11831820008013
11417,456.64,0.98,1,0.03,0.271,0.071,-0.022,-0.019,0.0,0.0,0.0,0.02,0.0,1.47,0.0,0.0,0.48,0.47,0.38,0.87,0.0,0.23,0.0,0.0,0.0,0.0,0.0,0.0,0.0,0.0,0.0,0.0,0.0,0.0,1.0,0.0,1.0,0.0,0.0,0.0,0.0,0.0,0.0,0.26682175878604925,21.73890521622471,22.707928130941447
11418,456.68,0.98,1,0.021,0.284,0.065,-0.019,-0.017,0.0,0.0,0.0,0.0,0.0,1.6,0.0,0.0,0.5,0.44,0.48,0.89,0.0,0.25,0.0,0.0,0.0,0.0,0.0,0.0,0.0,0.0,0.0,0.0,0.0,0.0,1.0,0.0,1.0,0.0,0.0,0.0,0.0,0.0,0.0,0.23970474967974964,21.708293346092454,22.108143296079977
11419,456.72,0.98,1,0.025,0.287,0.07,-0.02,-0.019,0.0,0.0,0.0,0.0,0.0,1.66,0.0,0.0,0.48,0.53,0.49,0.97,0.0,0.27,0.0,0.0,0.0,0.0,0.0,0.0,0.0,0.0,0.0,0.0,0.0,0.0,1.0,0.0,1.0,0.0,0.0,0.0,0.0,0.0,0.0,0.23275088764610669,21.239821091525272,22.21823575354267
11420,456.76,0.98,1,0.017,0.292,0.074,-0.019,-0.017,0.0,0.0,0.0,0.0,0.0,1.54,0.0,0.03,0.43,0.48,0.55,0.88,0.0,0.26,0.0,0.0,0.0,0.0,0.0,0.0,0.0,0.0,0.0,0.0,0.0,0.0,1.0,0.0,1.0,0.0,0.0,0.0,0.0,0.0,0.0,0.22409652586260237,21.818570072303043,22.432119828496017
11421,456.8,0.98,1,0.031,0.283,0.07,-0.018,-0.019,0.0,0.0,0.0,0.0,0.0,1.45,0.0,0.03,0.39,0.55,0.54,0.78,0.0,0.22,0.0,0.0,0.0,0.0,0.0,0.0,0.0,0.0,0.0,0.0,0.0,0.0,1.0,0.0,1.0,0.0,0.0,0.0,0.0,0.0,0.0,0.2570938488004014,21.233935103979245,22.21103329428849
11422,456.84,0.98,1,0.033,0.282,0.071,-0.018,-0.02,0.0,0.0,0.0,0.01,0.0,1.44,0.0,0.03,0.39,0.58,0.51,0.77,0.0,0.23,0.0,0.0,0.0,0.0,0.0,0.0,0.0,0.0,0.0,0.0,0.0,0.0,1.0,0.0,1.0,0.0,0.0,0.0,0.0,0.0,0.0,0.2563347704609849,21.733154395991434,21.511392330576836
11423,456.88,0.98,1,0.027,0.289,0.067,-0.016,-0.017,0.0,0.0,0.0,0.06,0.0,1.57,0.0,0.0,0.42,0.69,0.51,0.78,0.0,0.18,0.0,0.0,0.0,0.0,0.0,0.0,0.0,0.0,0.0,0.0,0.0,0.0,1.0,0.0,1.0,0.0,0.0,0.0,0.0,0.0,0.0,0.23877237995997116,21.73890521622471,21.514878572745882
11424,456.92,0.98,1,0.026,0.273,0.075,-0.02,-0.019,0.0,0.0,0.0,0.12,0.0,1.71,0.0,0.0,0.47,0.65,0.32,0.8,0.0,0.2,0.0,0.0,0.0,0.0,0.0,0.0,0.0,0.0,0.0,0.0,0.0,0.0,1.0,0.0,1.0,0.0,0.0,0.0,0.0,0.0,0.0,0.2650192933233592,21.4457454988164,20.511947737842934
11425,456.96,0.98,1,0.019,0.265,0.073,-0.017,-0.018,0.0,0.0,0.0,0.18,0.0,1.89,0.0,0.1,0.54,0.54,0.22,0.71,0.0,0.2,0.0,0.0,0.0,0.0,0.0,0.0,0.0,0.0,0.0,0.0,0.0,0.0,1.0,0.0,1.0,0.0,0.0,0.0,0.0,0.0,0.0,0.23777958285935796,21.52812114421507,21.627991122616915
11426,457.0,0.98,1,0.011,0.258,0.065,-0.019,-0.015,0.0,0.0,0.0,0.23,0.0,1.93,0.0,0.14,0.58,0.4,0.09,0.62,0.0,0.2,0.0,0.0,0.0,0.0,0.0,0.0,0.0,0.0,1.0,0.0,0.0,1.0,1.0,0.0,1.0,0.0,0.0,0.0,0.0,0.0,0.0,0.24654890970095647,21.623135757794152,20.803845798313304
11427,457.04,0.98,1,0.028,0.269,0.067,-0.02,-0.018,0.0,0.0,0.0,0.27,0.0,1.9,0.01,0.18,0.63,0.39,0.05,0.47,0.0,0.14,0.0,0.0,0.0,0.0,0.0,0.0,0.0,0.0,1.0,0.0,0.0,1.0,1.0,0.0,1.0,0.0,0.0,0.0,0.0,0.0,0.0,0.2617825788804451,21.228518554058404,20.400245096566945
11428,457.08,0.98,1,0.02,0.276,0.068,-0.017,-0.017,0.0,0.0,0.0,0.31,0.0,1.76,0.01,0.08,0.63,0.32,0.03,0.39,0.0,0.12,0.0,0.0,0.0,0.0,0.0,0.0,0.0,0.0,1.0,0.0,0.0,1.0,1.0,0.0,0.0,0.0,0.0,0.0,0.0,0.0,0.0,0.24814636520292874,21.714741536569164,21.00380917833715
11429,457.12,0.98,1,0.032,0.273,0.069,-0.023,-0.016,0.0,0.0,0.0,0.22,0.0,1.75,0.01,0.16,0.67,0.35,0.0,0.5,0.0,0.16,0.0,0.0,0.0,0.0,0.0,0.0,0.0,0.0,1.0,0.0,0.0,1.0,1.0,0.0,0.0,0.0,0.0,0.0,0.0,0.0,0.0,0.26408872359682123,21.52812114421507,21.000238093888363
11430,457.16,0.98,1,0.006,0.263,0.067,-0.019,-0.014,0.0,0.0,0.0,0.16,0.02,1.9,0.0,0.25,0.73,0.23,0.0,0.49,0.0,0.14,0.04,0.01,0.0,0.0,0.0,0.0,0.0,0.0,1.0,0.0,0.0,1.0,1.0,0.0,0.0,0.0,0.0,0.0,0.0,0.0,0.0,0.24029492054408153,22.114474897677223,20.40220576310303
11431,457.2,0.98,1,0.016,0.271,0.064,-0.016,-0.015,0.0,0.0,0.0,0.08,0.08,1.9,0.0,0.41,0.82,0.36,0.01,0.43,0.0,0.09,0.04,0.01,0.0,0.0,0.0,0.0,0.0,0.0,1.0,0.0,0.0,1.0,1.0,0.0,0.0,0.0,0.0,0.0,0.0,0.0,0.0,0.24348243656179003,22.02271554554524,21.40840956259955
11432,457.24,0.98,1,0.021,0.279,0.063,-0.017,-0.016,0.0,0.0,0.0,0.08,0.1,1.98,0.0,0.47,0.88,0.46,0.11,0.31,0.0,0.04,0.05,0.01,0.0,0.0,0.0,0.0,0.0,0.0,1.0,0.0,0.0,1.0,1.0,0.0,0.0,0.0,0.0,0.0,0.0,0.0,0.0,0.2458591660629337,22.617913254763266,20.200247523235763
11433,457.28,0.98,1,0.037,0.281,0.066,-0.016,-0.018,0.0,0.0,0.0,0.05,0.12,1.98,0.0,0.49,0.94,0.73,0.18,0.31,0.0,0.01,0.06,0.0,0.0,0.0,0.0,0.0,0.0,0.0,1.0,0.0,0.0,1.0,1.0,0.0,0.0,0.0,0.0,0.0,0.0,0.0,0.0,0.2510836537048794,22.322410264127125,21.90000000000009
11434,457.32,0.98,1,0.038,0.288,0.065,-0.015,-0.014,0.0,0.0,0.0,0.0,0.11,2.06,0.0,0.42,1.01,0.86,0.17,0.28,0.0,0.01,0.12,0.0,0.0,0.0,0.0,0.0,0.0,1.0,1.0,0.0,0.0,1.0,1.0,0.0,0.0,0.0,0.0,0.0,0.0,0.0,0.0,0.24776060200031352,21.428252378577078,22.302017845925914
11435,457.36,0.98,1,0.047,0.277,0.061,-0.01,-0.017,0.0,0.0,0.0,0.0,0.16,2.13,0.0,0.4,1.09,0.96,0.07,0.19,0.0,0.0,0.15,0.0,0.0,0.0,0.0,0.0,0.0,1.0,1.0,0.0,0.0,1.0,1.0,0.0,0.0,0.0,0.0,0.0,0.0,0.0,0.0,0.24905818581655143,21.727862297059787,23.200215516240405
11436,457.4,0.98,1,0.008,0.286,0.06,-0.007,-0.016,0.04,0.0,0.0,0.0,0.18,2.37,0.0,0.44,1.13,0.86,0.04,0.13,0.0,0.0,0.19,0.0,0.0,0.0,0.0,0.0,0.0,1.0,1.0,0.0,0.0,1.0,1.0,0.0,0.0,0.0,0.0,0.0,0.0,0.0,0.0,0.22928775486728487,21.50581316760657,21.20094337523691
11437,457.44,0.98,1,-0.04,0.279,0.06,-0.005,-0.017,0.12,0.06,0.0,0.05,0.19,2.6,0.0,0.57,1.13,0.74,0.08,0.1,0.0,0.0,0.19,0.0,0.0,0.0,0.0,0.0,0.0,1.0,1.0,0.0,0.0,1.0,1.0,0.0,0.0,0.0,0.0,0.0,0.0,0.0,0.0,0.23206381464994402,21.699999999999818,23.221541723150125
11438,457.48,0.98,1,-0.036,0.266,0.055,-0.004,-0.015,0.16,0.06,0.0,0.05,0.17,2.75,0.0,0.62,1.12,0.64,0.14,0.18,0.0,0.0,0.24,0.0,0.0,0.0,0.0,0.0,0.0,1.0,1.0,0.0,0.0,1.0,1.0,0.0,0.0,0.0,0.0,0.0,0.0,0.0,0.0,0.2411947931901386,21.900228309312077,23.9409690697767
11439,457.52,0.98,1,-0.042,0.278,0.059,-0.004,-0.017,0.22,0.06,0.0,0.22,0.19,2.75,0.0,0.6,1.13,0.68,0.12,0.25,0.0,0.0,0.18,0.0,0.0,0.0,0.0,0.0,0.0,1.0,1.0,0.0,0.0,1.0,1.0,0.0,0.0,0.0,0.0,0.0,0.0,0.0,0.0,0.23384297242034557,22.0,23.835477759004494
11440,457.56,0.98,1,-0.043,0.272,0.054,-0.002,-0.014,0.2,0.0,0.0,0.17,0.18,2.79,0.0,0.66,1.13,0.72,0.15,0.31,0.0,0.0,0.18,0.0,0.0,0.0,0.0,0.0,0.0,1.0,1.0,0.0,0.0,1.0,1.0,0.0,0.0,0.0,0.0,0.0,0.0,0.0,0.0,0.23603392265542741,21.900228309312304,23.535929979501557
11441,457.6,0.98,1,-0.044,0.282,0.059,-0.004,-0.018,0.22,0.0,0.0,0.27,0.2,2.74,0.0,0.59,1.11,0.7,0.08,0.32,0.0,0.0,0.13,0.0,0.0,0.0,0.0,0.0,0.0,1.0,1.0,0.0,0.0,1.0,1.0,0.0,0.0,0.0,0.0,0.0,0.0,0.0,0.0,0.23001561765082779,22.200000000000045,23.735627229968074
11442,457.64,0.98,1,-0.042,0.273,0.055,-0.001,-0.018,0.19,0.0,0.0,0.24,0.2,2.81,0.0,0.66,1.06,0.69,0.13,0.32,0.0,0.0,0.19,0.0,0.0,0.0,0.0,0.0,0.0,1.0,1.0,0.0,0.0,1.0,1.0,0.0,0.0,0.0,0.0,0.0,0.0,0.0,0.0,0.23318448908465084,22.0,23.541665191740364
11443,457.68,0.98,1,-0.035,0.27,0.047,0.0,-0.017,0.16,0.06,0.0,0.24,0.23,2.76,0.04,0.64,1.04,0.67,0.06,0.3,0.0,0.0,0.24,0.01,0.0,0.0,0.0,0.0,0.0,1.0,1.0,0.0,0.0,1.0,1.0,0.0,0.0,0.0,0.0,0.0,0.0,0.0,0.0,0.23441716177228436,22.09999999999991,22.926403991904273
11444,457.72,0.98,1,-0.064,0.294,0.052,0.003,-0.003,0.09,0.06,0.0,0.14,0.18,2.91,0.13,0.65,1.01,0.45,0.06,0.32,0.0,0.0,0.31,0.23,0.0,0.0,0.0,0.0,0.0,1.0,1.0,0.0,0.0,1.0,1.0,0.0,0.0,0.0,0.0,0.0,0.0,0.0,0.0,0.2098790395126304,22.30201784592614,18.206866836443698
11445,457.76,0.98,1,-0.126,0.312,0.069,0.012,0.019,0.04,0.06,0.0,0.0,0.11,2.68,0.21,0.4,0.95,0.24,0.01,0.37,0.0,0.0,0.38,0.4,0.06,0.0,0.0,0.0,0.0,1.0,1.0,0.0,0.0,1.0,1.0,0.0,0.0,0.0,0.0,0.0,0.0,0.0,0.0,0.18576716217499456,21.403737991294978,20.506096654409877
11446,457.8,0.98,1,-0.183,0.277,0.072,0.036,0.03,0.0,0.0,0.0,0.0,0.09,2.54,0.17,0.15,0.92,0.02,0.01,0.44,0.03,0.0,0.4,0.65,0.06,0.0,0.0,0.0,0.0,1.0,1.0,0.0,0.0,1.0,1.0,0.0,0.0,0.0,0.0,0.0,0.0,0.0,0.0,0.2116567441430441,20.10099500024826,24.80503981049008
11447,457.84,0.98,1,-0.238,0.274,0.066,0.073,0.042,0.0,0.0,0.0,0.01,0.15,2.14,0.1,0.0,0.9,0.1,0.0,0.31,0.23,0.0,0.42,0.61,0.09,0.0,0.0,0.0,0.0,1.0,1.0,0.0,0.0,1.0,1.0,0.0,0.0,0.0,0.0,1.0,0.0,0.0,0.0,0.22581769169383958,18.10994202089021,26.936406590338006
11448,457.88,0.98,1,-0.266,0.266,0.059,0.115,0.049,0.0,0.0,0.0,0.01,0.24,2.02,0.02,0.0,0.91,0.28,0.0,0.25,0.36,0.0,0.38,0.66,0.03,0.0,0.0,0.0,0.0,1.0,1.0,0.0,0.0,1.0,1.0,0.0,0.0,0.0,0.0,1.0,0.0,0.0,0.0,0.23900096481319166,18.60430057809206,27.765085989422083
11449,457.92,0.98,1,-0.283,0.29,0.063,0.15,0.05,0.02,0.0,0.0,0.01,0.21,1.7,0.02,0.0,0.88,0.48,0.0,0.16,0.39,0.0,0.52,0.56,0.08,0.0,0.0,0.0,0.0,1.0,1.0,0.0,0.0,1.0,1.0,0.0,0.0,0.0,0.0,1.0,0.0,0.0,0.0,0.22977854092081948,20.611889772652972,26.71722290957642
11450,457.96,0.98,1,-0.295,0.287,0.058,0.173,0.048,0.07,0.0,0.0,0.06,0.22,1.58,0.0,0.0,0.87,0.66,0.0,0.25,0.25,0.0,0.61,0.44,0.06,0.0,0.0,0.0,0.0,1.0,1.0,0.0,0.0,1.0,1.0,0.0,0.0,0.0,0.0,1.0,0.0,0.0,0.0,0.22859015720390624,22.21823575354267,25.203967941576288
11451,458.0,0.98,1,-0.309,0.282,0.054,0.186,0.049,0.11,0.0,0.0,0.14,0.22,1.54,0.0,0.02,0.84,0.8,0.0,0.28,0.13,0.0,0.71,0.24,0.06,0.0,0.0,0.0,0.0,1.0,1.0,0.0,0.0,1.0,1.0,0.0,0.0,0.0,1.0,1.0,0.0,0.0,0.0,0.2312048169350125,22.526872841120227,25.21923868795406
11452,458.04,0.98,1,-0.297,0.274,0.048,0.192,0.046,0.13,0.0,0.0,0.25,0.31,1.53,0.0,0.02,0.77,0.92,0.0,0.36,0.06,0.0,0.69,0.09,0.0,0.0,0.0,0.0,0.0,1.0,1.0,0.0,0.0,1.0,1.0,0.0,0.0,0.0,1.0,1.0,0.0,0.0,0.0,0.2315223541217492,21.54553317975677,28.442397929851058
11453,458.08,0.98,1,-0.313,0.275,0.049,0.2,0.041,0.16,0.02,0.0,0.31,0.32,1.44,0.0,0.02,0.69,0.92,0.0,0.4,0.01,0.0,0.71,0.07,0.0,0.0,0.0,0.0,0.0,1.0,1.0,0.0,0.0,1.0,1.0,0.0,0.0,0.0,1.0,1.0,0.0,0.0,0.0,0.2352606356561324,21.874185699129423,28.27030243913214
11454,458.12,0.98,1,-0.318,0.282,0.049,0.203,0.041,0.22,0.02,0.0,0.23,0.33,1.4,0.0,0.0,0.57,0.82,0.0,0.39,0.0,0.0,0.66,0.1,0.0,0.0,0.0,0.0,0.0,1.0,1.0,0.0,0.0,1.0,1.0,0.0,0.0,0.0,1.0,1.0,0.0,0.0,0.0,0.2295152364918868,21.758906222510404,28.118677067031534
11455,458.16,0.98,1,-0.325,0.277,0.048,0.209,0.039,0.4,0.16,0.0,0.12,0.29,1.5,0.0,0.0,0.53,0.81,0.0,0.42,0.0,0.0,0.63,0.17,0.0,0.0,0.0,0.0,0.0,1.0,0.0,0.0,0.0,1.0,1.0,0.0,0.0,0.0,1.0,1.0,0.0,0.0,0.0,0.23493955045491052,22.073513539987236,26.915608854343166
11456,458.2,0.98,1,-0.324,0.285,0.051,0.216,0.037,0.51,0.36,0.0,0.0,0.28,1.37,0.0,0.01,0.45,0.75,0.0,0.43,0.0,0.0,0.76,0.19,0.0,0.0,0.0,0.0,0.0,1.0,0.0,0.0,0.0,1.0,1.0,0.0,0.0,0.0,1.0,1.0,0.0,0.0,0.0,0.22915578369567202,21.592822881689184,26.717222909576524
11457,458.24,0.98,1,-0.331,0.291,0.054,0.221,0.036,0.71,0.61,0.0,0.0,0.28,1.06,0.0,0.07,0.46,0.76,0.0,0.48,0.0,0.0,0.83,0.16,0.21,0.0,0.0,0.0,0.0,1.0,0.0,0.0,0.0,1.0,1.0,0.0,0.0,0.0,1.0,1.0,0.0,0.0,0.0,0.23956991170659325,21.77452640127913,26.459969765666827
11458,458.28,0.98,1,-0.299,0.305,0.046,0.211,0.036,0.67,0.63,0.0,0.0,0.19,0.61,0.0,0.07,0.42,0.67,0.0,0.53,0.0,0.0,0.93,0.13,1.18,0.0,0.0,0.0,0.0,1.0,1.0,0.0,0.0,1.0,1.0,0.0,0.0,0.0,1.0,1.0,0.0,0.0,0.0,0.19621682124348316,22.418296099391853,25.27231687044145
11459,458.32,0.98,1,-0.24,0.411,0.047,0.214,0.038,0.73,0.41,0.0,0.0,0.12,0.3,0.0,0.06,0.41,0.57,0.0,0.52,0.03,0.0,0.79,0.29,2.16,0.0,0.0,0.0,0.0,0.0,1.0,0.0,0.0,1.0,1.0,0.0,0.0,0.0,1.0,0.0,0.0,0.0,1.0,0.17632989933374127,19.461243536834903,18.417383093154115
11460,458.36,0.98,1,-0.173,0.463,0.051,0.182,0.033,0.46,0.16,0.0,0.0,0.0,0.22,0.0,0.0,0.4,0.49,0.0,0.48,0.07,0.0,0.69,0.47,2.69,0.0,0.0,0.0,0.0,0.0,0.0,0.0,0.0,1.0,1.0,0.0,0.0,0.0,1.0,0.0,0.0,0.0,1.0,0.1666203763952855,18.985520798756173,17.701129907438045
11461,458.4,0.98,1,-0.162,0.423,0.038,0.133,0.028,0.27,0.0,0.0,0.0,0.0,0.67,0.0,0.0,0.38,0.4,0.0,0.51,0.1,0.0,0.51,0.66,2.25,0.0,0.0,0.0,0.0,0.0,0.0,0.0,0.0,0.0,1.0,0.0,0.0,0.0,1.0,0.0,0.0,0.0,1.0,0.16728954095101636,20.84058540444577,19.104188022525346
11462,458.44,0.98,1,-0.064,0.365,0.052,0.089,0.024,0.04,0.0,0.0,0.0,0.0,1.22,0.0,0.0,0.38,0.32,0.03,0.69,0.07,0.0,0.43,0.88,1.53,0.0,0.0,0.0,0.0,0.0,0.0,0.0,0.0,0.0,1.0,0.0,0.0,0.0,0.0,0.0,0.0,0.0,1.0,0.1789713187647698,19.81615502563497,19.231484602079004
11463,458.48,0.98,1,-0.047,0.356,0.062,0.045,0.023,0.0,0.0,0.0,0.0,0.0,1.62,0.0,0.0,0.35,0.14,0.05,0.68,0.03,0.0,0.51,1.13,0.9,0.0,0.0,0.0,0.0,0.0,0.0,0.0,0.0,0.0,1.0,0.0,0.0,0.0,0.0,0.0,0.0,0.0,1.0,0.17440239785903905,19.21665943914295,18.62176146340633
11464,458.52,0.98,1,-0.033,0.327,0.065,0.016,0.02,0.0,0.0,0.0,0.0,0.0,1.59,0.0,0.0,0.39,0.03,0.1,0.67,0.0,0.0,0.64,1.25,0.45,0.0,0.0,0.0,0.0,0.0,0.0,0.0,0.0,0.0,1.0,0.0,0.0,0.0,0.0,0.0,0.0,0.0,1.0,0.19605431511348953,18.90105817143566,19.50230755577401
11465,458.56,0.98,1,-0.011,0.329,0.069,-0.003,0.019,0.0,0.0,0.0,0.0,0.0,1.55,0.0,0.0,0.42,0.0,0.12,0.62,0.0,0.0,0.77,1.27,0.2,0.0,0.0,0.0,0.0,0.0,0.0,0.0,0.0,0.0,1.0,0.0,0.0,0.0,0.0,0.0,0.0,0.0,1.0,0.19424174392944316,19.806312125178636,20.215835377248247
11466,458.6,0.98,1,-0.01,0.341,0.082,-0.01,0.017,0.0,0.0,0.0,0.0,0.0,1.66,0.0,0.0,0.51,0.07,0.15,0.48,0.0,0.0,0.88,1.27,0.09,0.0,0.0,0.0,0.0,0.0,0.0,0.0,0.0,0.0,1.0,0.0,0.0,0.0,0.0,0.0,0.0,0.0,1.0,0.20024900618096358,19.40025773024687,19.91607391028673
11467,458.64,0.98,1,-0.008,0.335,0.076,-0.012,-0.014,0.03,0.0,0.0,0.0,0.0,1.84,0.0,0.0,0.55,0.09,0.12,0.29,0.0,0.0,0.94,1.33,0.0,0.0,0.0,0.0,0.0,0.0,1.0,0.0,0.0,1.0,1.0,0.0,0.0,0.0,0.0,1.0,0.0,0.0,0.0,0.20500557743480982,19.70025380547169,21.00095235935742
11468,458.68,0.98,1,0.001,0.337,0.082,-0.008,-0.011,0.03,0.0,0.0,0.0,0.0,1.9,0.0,0.0,0.6,0.09,0.08,0.03,0.0,0.0,0.96,1.21,0.05,0.0,0.0,0.0,0.0,0.0,1.0,0.0,0.0,1.0,1.0,0.0,0.0,0.0,0.0,1.0,0.0,0.0,0.0,0.21462434872923133,20.300985197768295,21.003809178337153
11469,458.72,0.98,1,-0.005,0.333,0.072,-0.006,-0.012,0.09,0.0,0.0,0.0,0.0,1.95,0.0,0.0,0.57,0.07,0.04,0.03,0.0,0.0,0.85,1.07,0.05,0.0,0.0,0.0,0.0,0.0,1.0,0.0,0.0,1.0,1.0,0.0,0.0,0.0,0.0,1.0,0.0,0.0,0.0,0.2112696572443989,20.400980368600028,21.005951537600005
11470,458.76,0.98,1,0.002,0.319,0.059,-0.005,-0.025,0.19,0.0,0.0,0.0,0.0,2.04,0.0,0.0,0.53,0.05,0.01,0.0,0.0,0.0,0.75,0.94,0.05,0.0,0.0,0.0,0.0,0.0,1.0,0.0,0.0,1.0,1.0,0.0,0.0,0.0,0.0,1.0,0.0,0.0,0.0,0.21074781749331578,19.701015202268177,21.500930212434998
11471,458.8,0.98,1,0.01,0.332,0.069,-0.006,-0.02,0.27,0.0,0.0,0.01,0.0,2.11,0.0,0.0,0.55,0.05,0.0,0.0,0.0,0.0,0.73,0.89,0.0,0.0,0.0,0.0,0.0,0.0,1.0,0.0,0.0,1.0,1.0,0.0,0.0,0.0,0.0,1.0,0.0,0.0,0.0,0.21699997223423279,21.2058954067024,22.403571143904806
11472,458.84,0.98,1,0.01,0.317,0.063,-0.006,-0.017,0.24,0.0,0.0,0.01,0.0,2.08,0.0,0.0,0.59,0.0,0.07,0.0,0.0,0.0,0.79,0.83,0.0,0.0,0.0,0.0,0.0,0.0,1.0,0.0,0.0,1.0,1.0,0.0,0.0,0.0,0.0,1.0,0.0,0.0,0.0,0.22736322862534747,21.418916872708664,21.414948050369023
11473,458.88,0.98,1,0.012,0.312,0.053,-0.013,-0.025,0.2,0.0,0.0,0.01,0.0,2.05,0.0,0.0,0.64,0.03,0.07,0.0,0.0,0.0,0.82,0.8,0.0,0.0,0.0,0.0,0.0,0.0,1.0,0.0,0.0,1.0,1.0,0.0,0.0,0.0,0.0,1.0,0.0,0.0,0.0,0.23274408987429812,20.70386437358982,21.302112571292035
11474,458.92,0.98,1,0.016,0.316,0.054,-0.009,-0.03,0.25,0.0,0.0,0.0,0.0,1.92,0.0,0.0,0.63,0.07,0.07,0.01,0.0,0.0,0.85,0.7,0.0,0.0,0.0,0.0,0.0,0.0,1.0,0.0,0.0,1.0,1.0,0.0,0.0,0.0,0.0,1.0,0.0,0.0,0.0,0.22268597637287968,20.700241544484495,21.700230413523308
11475,458.96,0.98,1,0.02,0.299,0.047,-0.012,-0.027,0.37,0.0,0.0,0.0,0.0,2.04,0.0,0.0,0.65,0.2,0.04,0.04,0.0,0.0,0.77,0.74,0.0,0.0,0.0,0.0,0.0,0.0,1.0,0.0,0.0,1.0,1.0,0.0,0.0,0.0,0.0,1.0,0.0,0.0,0.0,0.23105368397912074,20.400245096566945,22.300224214119417
11476,459.0,0.98,1,0.016,0.322,0.065,-0.008,-0.03,0.37,0.09,0.0,0.12,0.0,2.02,0.0,0.0,0.66,0.24,0.11,0.09,0.0,0.0,0.75,0.77,0.0,0.0,0.0,0.0,0.0,0.0,1.0,0.0,0.0,1.0,1.0,0.0,0.0,0.0,0.0,1.0,0.0,0.0,0.0,0.20648104528739908,20.90598000573051,22.30089684295226
11477,459.04,0.98,1,0.027,0.332,0.07,-0.022,-0.027,0.3,0.13,0.0,0.12,0.0,2.22,0.0,0.0,0.73,0.28,0.23,0.1,0.0,0.0,0.71,0.85,0.0,0.0,0.0,0.0,0.0,0.0,1.0,0.0,0.0,1.0,1.0,0.0,0.0,0.0,0.0,1.0,0.0,0.0,0.0,0.21882292812293883,20.615528128088215,22.20360331117456
11478,459.08,0.98,1,0.01,0.318,0.063,-0.02,-0.025,0.15,0.13,0.0,0.12,0.0,2.16,0.0,0.0,0.78,0.42,0.26,0.15,0.06,0.07,0.72,0.73,0.05,0.0,0.0,0.0,0.0,0.0,1.0,0.0,0.0,1.0,1.0,0.0,0.0,0.0,0.0,1.0,0.0,0.0,0.0,0.21807480591601594,21.40840956259955,22.600884938426773
11479,459.12,0.98,1,0.007,0.311,0.066,-0.025,-0.027,0.05,0.03,0.0,0.0,0.0,2.22,0.0,0.0,0.91,0.76,0.2,0.22,0.09,0.2,0.72,0.62,0.05,0.0,0.0,0.0,0.0,0.0,1.0,0.0,0.0,1.0,1.0,0.0,0.0,0.0,0.0,1.0,0.0,0.0,0.0,0.19883143612204662,22.200225224082796,22.002045359466013
11480,459.16,0.98,1,0.008,0.296,0.068,-0.023,-0.028,0.01,0.0,0.0,0.0,0.0,2.4,0.0,0.0,1.03,1.12,0.16,0.4,0.09,0.37,0.61,0.52,0.05,0.0,0.0,0.0,0.0,0.0,1.0,0.0,0.0,1.0,1.0,0.0,0.0,0.0,0.0,0.0,0.0,0.0,0.0,0.2061718804310426,22.403571143904806,22.200000000000045
11481,459.2,0.98,1,-0.001,0.301,0.077,-0.014,-0.032,0.02,0.0,0.0,0.0,0.05,2.48,0.0,0.11,1.17,1.34,0.2,0.58,0.13,0.5,0.48,0.48,0.0,0.0,0.0,0.0,0.0,0.0,1.0,0.0,0.0,1.0,1.0,0.0,1.0,0.0,0.0,0.0,0.0,0.0,0.0,0.20192645648951085,22.10814329607975,22.400223213173433
11482,459.24,0.98,1,-0.0,0.299,0.074,-0.021,-0.033,0.02,0.0,0.0,0.0,0.08,2.57,0.0,0.23,1.23,1.37,0.37,0.75,0.19,0.51,0.38,0.38,0.0,0.0,0.0,0.0,0.0,1.0,1.0,0.0,0.0,1.0,1.0,0.0,1.0,0.0,0.0,0.0,0.0,0.0,0.0,0.20733861211172783,22.414281161794907,22.59999999999991
11483,459.28,0.98,1,-0.006,0.297,0.066,-0.016,-0.037,0.01,0.0,0.0,0.0,0.11,2.55,0.0,0.34,1.25,1.33,0.38,0.81,0.35,0.52,0.43,0.25,0.0,0.0,0.0,0.0,0.0,1.0,1.0,0.0,0.0,1.0,1.0,0.0,1.0,0.0,0.0,0.0,0.0,0.0,0.0,0.2107159530027224,22.714092541856083,22.200900882621905
11484,459.32,0.98,1,-0.01,0.291,0.058,-0.018,-0.034,0.0,0.0,0.0,0.0,0.07,2.58,0.0,0.35,1.18,1.36,0.33,0.8,0.38,0.46,0.45,0.15,0.0,0.0,0.0,0.0,0.0,1.0,1.0,0.0,0.0,1.0,1.0,0.0,1.0,1.0,0.0,0.0,0.0,0.0,0.0,0.21255920188708521,22.305604676851914,22.700220263248593
11485,459.36,0.98,1,-0.01,0.277,0.046,-0.018,-0.031,0.0,0.0,0.0,0.0,0.07,2.54,0.0,0.39,1.11,1.37,0.19,0.72,0.37,0.37,0.42,0.06,0.0,0.0,0.0,0.0,0.0,1.0,1.0,0.0,0.0,1.0,1.0,0.0,1.0,1.0,0.0,0.0,0.0,0.0,0.0,0.2200456306574689,22.803508501982712,22.299999999999955
11486,459.4,0.98,1,-0.014,0.278,0.045,-0.018,-0.029,0.0,0.0,0.0,0.0,0.04,2.29,0.0,0.42,1.04,1.39,0.19,0.72,0.38,0.26,0.3,0.03,0.0,0.0,0.0,0.0,0.0,1.0,1.0,0.0,0.0,1.0,1.0,0.0,1.0,1.0,0.0,0.0,0.0,0.0,0.0,0.22246668281884122,22.805481797147113,22.40000000000009
11487,459.44,0.98,1,-0.007,0.277,0.047,-0.021,-0.029,0.0,0.0,0.0,0.0,0.03,2.19,0.0,0.41,0.98,1.31,0.32,0.86,0.42,0.17,0.21,0.01,0.0,0.0,0.0,0.0,0.0,0.0,1.0,0.0,0.0,1.0,1.0,0.0,1.0,1.0,0.0,0.0,0.0,0.0,0.0,0.22267952681983236,22.707928130941223,22.900218339570568
11488,459.48,0.98,1,-0.009,0.278,0.048,-0.018,-0.035,0.07,0.03,0.0,0.0,0.03,2.2,0.0,0.31,0.9,1.33,0.46,0.92,0.53,0.15,0.15,0.01,0.0,0.0,0.0,0.0,0.0,0.0,1.0,0.0,0.0,1.0,1.0,0.0,1.0,1.0,0.0,0.0,0.0,0.0,0.0,0.22547746373618982,22.503555274667157,22.60022123785508
11489,459.52,0.98,1,-0.001,0.287,0.05,-0.015,-0.043,0.1,0.03,0.0,0.0,0.02,2.28,0.0,0.17,0.79,1.3,0.43,0.92,0.49,0.24,0.12,0.09,0.0,0.0,0.0,0.0,0.0,0.0,1.0,0.0,0.0,1.0,1.0,0.0,1.0,1.0,0.0,0.0,0.0,0.0,0.0,0.2254377294690376,22.31434516180114,22.601991062736182
11490,459.56,0.98,1,-0.014,0.296,0.057,-0.01,-0.044,0.1,0.03,0.0,0.0,0.02,2.22,0.0,0.07,0.73,1.27,0.28,0.79,0.48,0.31,0.13,0.09,0.0,0.0,0.0,0.0,0.0,0.0,1.0,0.0,0.0,1.0,1.0,0.0,1.0,1.0,0.0,0.0,0.0,0.0,0.0,0.21538831516112866,22.127358631341565,23.20193957409577
11491,459.6,0.98,1,-0.009,0.295,0.061,-0.011,-0.046,0.06,0.0,0.0,0.0,0.0,2.18,0.0,0.0,0.7,1.18,0.2,0.85,0.34,0.33,0.11,0.11,0.0,0.0,0.0,0.0,0.0,0.0,1.0,0.0,0.0,1.0,1.0,0.0,1.0,1.0,0.0,0.0,0.0,0.0,0.0,0.2225014818996211,22.032702966272662,23.5
11492,459.64,0.98,1,-0.003,0.301,0.067,-0.001,-0.052,0.03,0.0,0.0,0.0,0.0,2.09,0.0,0.0,0.7,1.19,0.16,0.92,0.36,0.29,0.09,0.12,0.0,0.0,0.0,0.0,0.0,0.0,1.0,0.0,0.0,1.0,1.0,0.0,1.0,1.0,0.0,0.0,0.0,0.0,0.0,0.224276107504145,21.82773465112672,23.101947969814056
11493,459.68,0.98,1,-0.016,0.294,0.066,-0.014,-0.027,0.03,0.0,0.0,0.0,0.0,2.07,0.0,0.0,0.69,1.13,0.24,0.96,0.3,0.26,0.07,0.23,0.0,0.0,0.0,0.0,0.0,0.0,1.0,0.0,0.0,1.0,1.0,0.0,1.0,1.0,0.0,0.0,0.0,0.0,0.0,0.22630881218594623,21.92281916177762,23.0
11494,459.72,0.98,1,0.002,0.292,0.066,-0.008,-0.039,0.0,0.0,0.0,0.0,0.0,1.99,0.0,0.0,0.65,1.09,0.2,0.87,0.4,0.35,0.06,0.21,0.0,0.0,0.0,0.0,0.0,0.0,1.0,0.0,0.0,1.0,1.0,0.0,1.0,1.0,0.0,0.0,0.0,0.0,0.0,0.22261452082783484,21.914607000811216,22.700000000000045
11495,459.76,0.98,1,-0.005,0.289,0.064,-0.003,-0.04,0.0,0.0,0.0,0.0,0.0,2.1,0.0,0.06,0.65,1.1,0.2,0.7,0.48,0.37,0.07,0.17,0.0,0.0,0.0,0.0,0.0,0.0,1.0,0.0,0.0,1.0,1.0,0.0,1.0,1.0,0.0,0.0,0.0,0.0,0.0,0.23187730098782167,22.018401395196697,22.40000000000009
11496,459.8,0.98,1,-0.004,0.287,0.062,-0.001,-0.04,0.02,0.0,0.0,0.0,0.0,2.08,0.0,0.06,0.67,1.07,0.17,0.73,0.53,0.4,0.16,0.28,0.0,0.0,0.0,0.0,0.0,0.0,1.0,0.0,0.0,1.0,1.0,0.0,1.0,1.0,0.0,0.0,0.0,0.0,0.0,0.23085281140958813,22.222511109233402,22.50199991111901
11497,459.84,0.98,1,-0.023,0.302,0.062,-0.015,-0.017,0.11,0.03,0.0,0.0,0.0,1.9,0.0,0.06,0.67,1.09,0.17,0.77,0.46,0.36,0.22,0.38,0.0,0.0,1.0,0.0,0.0,0.0,1.0,0.0,0.0,1.0,1.0,0.0,1.0,1.0,0.0,0.0,0.0,0.0,0.0,0.22680146821413347,22.01454064930722,22.100904958847412
11498,459.88,0.98,1,-0.012,0.289,0.058,-0.009,-0.031,0.14,0.03,0.0,0.12,0.0,1.72,0.0,0.0,0.69,1.08,0.16,0.86,0.31,0.35,0.34,0.51,0.0,0.0,1.0,0.0,0.0,0.0,1.0,0.0,0.0,1.0,1.0,0.0,1.0,1.0,0.0,0.0,0.0,0.0,0.0,0.23232955952111267,22.008180297334896,22.302017845925914
11499,459.92,0.98,1,-0.012,0.287,0.059,-0.006,-0.035,0.12,0.03,0.0,0.12,0.0,1.69,0.0,0.0,0.68,1.13,0.17,0.81,0.35,0.33,0.3,0.5,0.0,0.0,1.0,0.0,0.0,0.0,1.0,0.0,0.0,1.0,1.0,0.0,1.0,1.0,0.0,0.0,1.0,0.0,0.0,0.23683467216569898,22.111083193728795,22.50199991111901
11500,459.96,0.98,1,-0.005,0.282,0.06,-0.012,-0.035,0.02,0.0,0.0,0.12,0.0,1.81,0.0,0.02,0.68,1.09,0.22,0.69,0.41,0.24,0.23,0.55,0.0,0.0,1.0,0.0,0.0,0.0,1.0,0.0,0.0,1.0,1.0,0.0,1.0,1.0,0.0,0.0,1.0,0.0,0.0,0.24426456296806476,22.008180297334896,22.800877176109
11501,460.0,0.98,1,-0.011,0.28,0.059,-0.002,-0.04,0.0,0.0,0.0,0.0,0.01,1.88,0.0,0.06,0.68,1.06,0.35,0.56,0.43,0.14,0.2,0.55,0.0,0.0,1.0,0.0,0.0,0.0,1.0,0.0,0.0,1.0,1.0,0.0,0.0,0.0,0.0,0.0,1.0,0.0,0.0,0.23079620642539206,21.80206412246345,23.200862052949713
11502,460.04,0.98,1,0.03,0.288,0.056,-0.006,-0.04,0.0,0.0,0.0,0.0,0.05,1.85,0.0,0.07,0.7,0.97,0.37,0.44,0.35,0.07,0.16,0.47,0.0,0.0,1.0,0.0,0.0,0.0,1.0,0.0,0.0,1.0,1.0,0.0,0.0,0.0,0.0,0.0,1.0,0.0,0.0,0.23067328978391288,20.30394050424691,21.128653530218063
11503,460.08,0.98,1,0.03,0.284,0.055,-0.009,-0.04,0.0,0.0,0.0,0.0,0.05,1.9,0.0,0.05,0.72,0.94,0.46,0.42,0.29,0.1,0.18,0.46,0.0,0.0,1.0,0.0,0.0,0.0,1.0,0.0,0.0,1.0,1.0,0.0,0.0,0.0,0.0,0.0,0.0,0.0,0.0,0.2321294698301119,19.906280415989414,22.2272355456094
11504,460.12,0.98,1,0.03,0.284,0.054,-0.013,-0.038,0.05,0.0,0.0,0.0,0.09,2.0,0.0,0.04,0.76,0.87,0.48,0.45,0.25,0.17,0.11,0.44,0.0,0.0,1.0,0.0,0.0,0.0,1.0,0.0,0.0,1.0,1.0,0.0,0.0,0.0,0.0,0.0,0.0,0.0,0.0,0.2296044545032455,20.306156701847797,23.021728866442675
11505,460.16,0.98,1,0.028,0.279,0.051,-0.014,-0.035,0.05,0.0,0.0,0.0,0.08,2.24,0.0,0.06,0.76,0.87,0.57,0.49,0.25,0.19,0.07,0.45,0.0,0.0,0.0,0.0,0.0,0.0,1.0,0.0,0.0,1.0,1.0,0.0,0.0,0.0,0.0,0.0,0.0,0.0,0.0,0.22910272406840684,20.60218435020899,23.11752581917009
11506,460.2,0.98,1,0.037,0.285,0.055,-0.014,-0.031,0.05,0.0,0.0,0.0,0.13,2.29,0.0,0.12,0.75,0.85,0.62,0.53,0.35,0.19,0.05,0.54,0.0,0.0,0.0,0.0,0.0,0.0,1.0,0.0,0.0,1.0,1.0,0.0,0.0,0.0,0.0,0.0,0.0,0.0,0.0,0.2319489140601947,20.8002403832263,22.814030770558674
11507,460.24,0.98,1,0.045,0.286,0.061,-0.018,-0.027,0.0,0.0,0.0,0.0,0.08,2.31,0.0,0.09,0.69,0.83,0.57,0.56,0.33,0.19,0.0,0.62,0.0,0.0,0.0,0.0,0.0,0.0,1.0,0.0,0.0,1.0,1.0,0.0,0.0,0.0,0.0,0.0,0.0,0.0,0.0,0.23108856196822508,20.4009803685998,23.100865784641194
11508,460.28,0.98,1,0.05,0.286,0.067,-0.021,-0.023,0.05,0.0,0.0,0.0,0.07,2.21,0.0,0.08,0.68,0.79,0.57,0.52,0.24,0.19,0.0,0.72,0.0,0.0,0.0,0.0,0.0,0.0,1.0,0.0,0.0,0.0,1.0,0.0,1.0,0.0,0.0,0.0,0.0,0.0,0.0,0.2365390303570414,20.600970850909082,23.405341270744255
11509,460.32,0.98,1,0.056,0.294,0.079,-0.024,-0.023,0.11,0.0,0.0,0.0,0.02,2.17,0.0,0.03,0.6,0.72,0.53,0.61,0.12,0.19,0.0,0.82,0.0,0.0,0.0,0.0,0.0,0.0,1.0,0.0,0.0,0.0,1.0,0.0,1.0,0.0,0.0,0.0,1.0,0.0,0.0,0.24073639951025455,20.200990074746382,22.90349318335533
11510,460.36,0.98,1,0.032,0.324,0.078,-0.03,-0.021,0.47,0.12,0.0,0.0,0.02,1.9,0.0,0.03,0.53,0.75,0.66,0.63,0.18,0.12,0.04,0.85,0.56,0.0,0.0,0.0,0.0,0.0,1.0,0.0,0.0,0.0,1.0,0.0,1.0,0.0,0.0,0.0,1.0,0.0,1.0,0.20458965547283067,17.755280904564746,19.085072700935665
11511,460.4,0.98,1,-0.003,0.447,0.082,-0.048,-0.022,0.64,0.13,0.0,0.0,0.0,1.51,0.0,0.0,0.36,0.87,0.57,0.74,0.31,0.06,0.04,0.85,1.0,0.0,1.0,0.0,0.0,0.0,1.0,0.0,0.0,0.0,1.0,0.0,1.0,0.0,0.0,0.0,1.0,0.0,1.0,0.1742035317903759,16.150541786577943,19.275113488641065
11512,460.44,0.98,1,-0.004,0.418,0.075,-0.05,-0.023,0.78,0.16,0.0,0.0,0.0,1.26,0.0,0.0,0.3,0.84,0.41,0.75,0.48,0.15,0.04,0.87,1.25,1.0,1.0,0.0,0.0,0.0,0.0,0.0,0.0,0.0,1.0,0.0,1.0,0.0,0.0,0.0,1.0,0.0,1.0,0.17463431039727956,17.042593699317095,20.271408436514765
11513,460.48,0.98,1,0.032,0.339,0.069,-0.04,-0.03,0.49,0.04,0.0,0.0,0.0,1.51,0.0,0.0,0.37,0.9,0.27,0.82,0.55,0.24,0.0,0.83,0.76,1.0,1.0,0.0,0.0,0.0,0.0,0.0,0.0,0.0,1.0,0.0,1.0,0.0,0.0,0.0,1.0,0.0,1.0,0.17935449531765138,17.772169254201966,19.990497742677732
11514,460.52,0.98,1,0.077,0.338,0.073,-0.052,-0.036,0.36,0.02,0.0,0.0,0.0,1.89,0.0,0.0,0.51,0.97,0.21,0.97,0.57,0.5,0.0,0.81,0.32,1.0,1.0,0.0,0.0,0.0,0.0,0.0,0.0,0.0,1.0,0.0,1.0,0.0,0.0,0.0,1.0,0.0,0.0,0.18850815401999632,17.11052307791895,19.383756085960172
11515,460.56,0.98,1,0.075,0.329,0.076,-0.055,-0.041,0.17,0.0,0.0,0.0,0.02,2.3,0.0,0.0,0.72,1.27,0.21,1.12,0.44,0.68,0.0,0.78,0.07,1.0,1.0,0.0,0.0,0.0,1.0,0.0,0.0,0.0,1.0,0.0,1.0,0.0,0.0,0.0,0.0,0.0,0.0,0.17894838660435924,17.822738285684338,20.607280266934794
11516,460.6,0.98,1,0.065,0.315,0.077,-0.053,-0.045,0.11,0.0,0.0,0.0,0.03,2.35,0.0,0.0,0.89,1.37,0.15,1.26,0.36,0.94,0.0,0.86,0.0,1.0,0.0,0.0,0.0,0.0,1.0,0.0,0.0,1.0,1.0,0.0,1.0,0.0,0.0,0.0,0.0,0.0,0.0,0.2041638983879327,17.90251378996825,20.5078033928552
11517,460.64,0.98,1,0.066,0.313,0.076,-0.049,-0.048,0.04,0.0,0.0,0.0,0.03,2.41,0.0,0.0,1.04,1.44,0.11,1.3,0.42,1.0,0.0,0.95,0.0,1.0,0.0,0.0,0.0,0.0,1.0,0.0,0.0,1.0,1.0,0.0,1.0,0.0,0.0,0.0,0.0,0.0,0.0,0.20702162932022644,17.500285711953392,20.470710783946988
11518,460.68,0.98,1,0.08,0.313,0.079,-0.045,-0.052,0.02,0.0,0.0,0.0,0.04,2.3,0.0,0.0,1.14,1.48,0.07,1.28,0.61,1.02,0.0,0.82,0.0,1.0,0.0,0.0,0.0,0.0,1.0,0.0,0.0,1.0,1.0,0.0,1.0,0.0,0.0,0.0,0.0,0.0,0.0,0.2086434857696216,17.802527910384143,21.06086417980041
11519,460.72,0.98,1,0.074,0.302,0.077,-0.042,-0.05,0.02,0.0,0.0,0.0,0.09,2.27,0.0,0.03,1.19,1.54,0.03,1.19,0.78,0.97,0.0,0.65,0.0,1.0,0.0,0.0,0.0,0.0,1.0,0.0,0.0,1.0,1.0,0.0,1.0,0.0,0.0,0.0,0.0,0.0,0.0,0.21198139060163285,18.404347312523836,21.46741717114553
11520,460.76,0.98,1,0.071,0.321,0.082,-0.048,-0.048,0.0,0.0,0.0,0.0,0.13,2.19,0.0,0.03,1.16,1.61,0.0,1.11,0.84,0.92,0.0,0.59,0.0,1.0,0.0,0.0,0.0,0.0,1.0,0.0,0.0,1.0,1.0,0.0,1.0,0.0,0.0,0.0,1.0,0.0,0.0,0.21937308844054348,18.209887424144107,21.874185699129416
11521,460.8,0.98,1,0.068,0.299,0.073,-0.046,-0.042,0.0,0.0,0.0,0.0,0.15,2.18,0.0,0.03,1.07,1.5,0.0,0.97,0.76,0.73,0.08,0.69,0.0,1.0,1.0,0.0,0.0,0.0,1.0,0.0,0.0,1.0,1.0,0.0,1.0,0.0,0.0,0.0,1.0,0.0,0.0,0.23064379834524487,18.30983342360051,21.927608168699198
11522,460.84,0.98,1,0.06,0.305,0.071,-0.044,-0.037,0.28,0.05,0.0,0.0,0.08,1.7,0.0,0.0,1.01,1.47,0.0,0.83,0.77,0.44,0.22,0.8,0.44,1.0,1.0,0.0,0.0,0.0,1.0,0.0,0.0,1.0,1.0,0.0,1.0,0.0,0.0,1.0,1.0,0.0,0.0,0.21318696753138813,17.00264685276972,19.990497742677732
11523,460.88,0.98,1,0.041,0.422,0.087,-0.07,-0.031,0.59,0.05,0.0,0.0,0.04,1.17,0.0,0.02,1.09,1.36,0.0,0.64,0.79,0.17,0.38,0.71,0.92,1.0,1.0,0.0,0.0,0.0,0.0,0.0,0.0,1.0,1.0,0.0,1.0,1.0,0.0,1.0,1.0,0.0,1.0,0.18092270445479738,15.065191668213183,21.07700168430036
11524,460.92,0.98,1,0.015,0.444,0.096,-0.083,-0.02,0.69,0.05,0.0,0.0,0.0,0.87,0.0,0.14,1.19,1.44,0.0,0.53,0.8,0.01,0.46,0.49,1.31,1.0,1.0,0.0,0.0,0.0,0.0,0.0,0.0,1.0,1.0,0.0,0.0,1.0,0.0,1.0,1.0,0.0,1.0,0.17155908809008838,17.281782315490403,19.981241202687947
11525,460.96,0.98,1,0.045,0.403,0.083,-0.077,-0.012,0.42,0.0,0.0,0.0,0.0,0.98,0.0,0.14,1.1,1.35,0.0,0.59,0.84,0.08,0.46,0.42,1.09,1.0,1.0,0.0,0.0,0.0,0.0,0.0,0.0,1.0,1.0,0.0,0.0,1.0,0.0,1.0,1.0,0.0,1.0,0.17444310418861642,17.006469357277055,22.250617968946436
11526,461.0,0.98,1,0.024,0.351,0.075,-0.072,-0.005,0.11,0.0,0.0,0.0,0.01,1.43,0.0,0.17,0.96,1.27,0.0,0.63,0.8,0.26,0.3,0.49,0.72,1.0,1.0,0.0,0.0,0.0,0.0,0.0,0.0,1.0,1.0,0.0,0.0,1.0,0.0,1.0,1.0,0.0,1.0,0.18728327880935697,15.953056133543686,20.67849124090044
11527,461.04,0.98,1,0.05,0.339,0.087,-0.073,-0.004,0.0,0.0,0.0,0.0,0.01,1.77,0.0,0.22,0.78,1.07,0.0,0.7,0.89,0.34,0.14,0.61,0.32,0.0,0.0,0.0,0.0,0.0,0.0,0.0,0.0,0.0,1.0,0.0,0.0,1.0,0.0,0.0,1.0,0.0,1.0,0.18075277007665463,17.19447585708865,18.270194306574894
11528,461.08,0.98,1,0.056,0.338,0.084,-0.08,-0.004,0.0,0.0,0.0,0.0,0.01,2.16,0.0,0.27,0.72,0.92,0.0,0.82,0.82,0.27,0.0,0.69,0.1,0.0,0.0,0.0,0.0,0.0,0.0,0.0,0.0,1.0,1.0,0.0,0.0,0.0,0.0,0.0,1.0,0.0,1.0,0.18378917051654042,18.110770276274835,18.726718879718177
11529,461.12,0.98,1,0.049,0.337,0.073,-0.077,0.0,0.0,0.0,0.0,0.0,0.01,2.07,0.0,0.29,0.65,0.91,0.0,0.89,0.83,0.24,0.0,0.69,0.0,0.0,0.0,0.0,0.0,0.0,0.0,0.0,0.0,1.0,1.0,0.0,0.0,0.0,0.0,0.0,1.0,0.0,1.0,0.19210020101254255,18.30956034425736,18.509727172489605
11530,461.16,0.98,1,0.044,0.333,0.08,-0.073,0.004,0.0,0.0,0.0,0.0,0.02,2.01,0.0,0.18,0.67,0.95,0.0,0.98,0.82,0.42,0.0,0.71,0.0,0.0,0.0,0.0,0.0,0.0,0.0,0.0,0.0,1.0,1.0,0.0,0.0,0.0,0.0,0.0,1.0,0.0,1.0,0.196117795755196,18.39836949297405,18.813027401245307
11531,461.2,0.93,1,0.042,0.341,0.096,-0.063,0.002,0.0,0.0,0.0,0.0,0.12,1.9,0.0,0.38,0.87,0.96,0.0,0.74,0.78,0.48,0.08,0.7,0.0,0.0,0.0,0.0,0.0,0.0,0.0,0.0,0.0,1.0,1.0,0.0,0.0,0.0,0.0,0.0,1.0,0.0,1.0,0.2033994312564678,18.638669480410787,19.512560057562926
11532,461.24,0.98,1,0.051,0.33,0.115,-0.067,-0.003,0.0,0.0,0.0,0.0,0.24,2.09,0.0,0.59,1.13,0.9,0.0,0.49,0.69,0.35,0.44,0.66,0.0,1.0,0.0,0.0,0.0,0.0,1.0,0.0,0.0,1.0,1.0,0.0,0.0,0.0,0.0,1.0,1.0,0.0,0.0,0.21572010421556118,19.30414463269477,20.20618717126024
11533,461.28,0.98,1,0.055,0.323,0.119,-0.08,-0.002,0.0,0.0,0.0,0.01,0.38,2.27,0.0,0.97,1.36,1.0,0.0,0.2,0.56,0.09,0.87,0.65,0.0,1.0,0.0,0.0,0.0,0.0,1.0,0.0,0.0,1.0,1.0,0.0,0.0,0.0,0.0,1.0,1.0,0.0,0.0,0.22199056405048834,20.61552812808844,22.899999999999864
11534,461.32,0.98,1,0.058,0.321,0.117,-0.08,-0.004,0.0,0.0,0.0,0.01,0.47,2.52,0.02,1.25,1.47,1.02,0.0,0.11,0.33,0.03,1.25,0.44,0.0,1.0,1.0,0.0,0.0,1.0,1.0,0.0,1.0,1.0,1.0,0.0,0.0,0.0,0.0,1.0,1.0,0.0,0.0,0.21701267559149462,21.028789789238942,22.70550594018997
11535,461.36,0.98,1,0.051,0.303,0.1,-0.086,-0.005,0.0,0.01,0.0,0.11,0.51,2.62,0.03,1.49,1.5,0.96,0.0,0.2,0.14,0.0,1.36,0.4,0.0,1.0,1.0,0.0,0.0,1.0,1.0,0.0,1.0,1.0,1.0,0.0,0.0,0.0,0.0,1.0,1.0,0.0,0.0,0.2231363450162582,21.43944961980144,23.02628932329306
11536,461.4,0.98,1,0.061,0.308,0.087,-0.098,-0.01,0.0,0.11,0.0,0.23,0.47,2.4,0.03,1.58,1.52,0.77,0.0,0.18,0.0,0.0,1.43,0.3,0.0,1.0,1.0,0.0,0.0,1.0,1.0,0.0,1.0,1.0,1.0,0.0,0.0,0.0,0.0,1.0,1.0,0.0,0.0,0.23179216501914746,20.64751801064732,22.701982292302187
11537,461.44,0.98,1,0.051,0.311,0.076,-0.087,-0.011,0.0,0.11,0.0,0.39,0.37,2.24,0.02,1.48,1.46,0.57,0.0,0.2,0.0,0.0,1.58,0.5,0.0,1.0,1.0,0.0,0.0,1.0,1.0,0.0,1.0,1.0,1.0,0.0,0.0,0.0,0.0,1.0,1.0,0.0,0.0,0.22832945455574996,21.33963448609179,22.901964981197665
11538,461.48,0.98,1,0.052,0.31,0.069,-0.094,-0.006,0.0,0.1,0.0,0.41,0.29,2.1,0.0,1.44,1.41,0.41,0.0,0.07,0.0,0.0,1.68,0.69,0.0,1.0,1.0,0.0,0.0,1.0,1.0,0.0,1.0,1.0,1.0,0.0,0.0,0.0,0.0,1.0,1.0,0.0,0.0,0.23160241483541302,21.439449619801206,23.107790893981964
11539,461.52,0.98,1,0.075,0.305,0.079,-0.107,-0.007,0.0,0.0,0.0,0.37,0.2,2.14,0.0,1.42,1.35,0.21,0.0,0.18,0.0,0.0,1.71,0.77,0.0,1.0,1.0,0.0,0.0,0.0,1.0,0.0,1.0,1.0,1.0,0.0,0.0,0.0,0.0,1.0,1.0,0.0,0.0,0.23710339722535895,18.01776900728833,23.107790893982187
11540,461.56,0.98,1,0.083,0.294,0.075,-0.112,-0.007,0.0,0.0,0.0,0.29,0.17,1.98,0.0,1.46,1.36,0.1,0.0,0.21,0.0,0.0,1.62,0.77,0.0,1.0,0.0,0.0,0.0,0.0,1.0,0.0,0.0,1.0,1.0,0.0,0.0,0.0,0.0,1.0,1.0,0.0,0.0,0.2375912300549412,16.910647533432986,23.110603626906986
11541,461.6,0.98,1,0.093,0.289,0.076,-0.116,-0.008,0.0,0.0,0.0,0.18,0.13,1.92,0.0,1.38,1.33,0.06,0.0,0.39,0.02,0.0,1.52,0.73,0.0,1.0,0.0,0.0,0.0,0.0,1.0,0.0,0.0,1.0,1.0,0.0,0.0,0.0,0.0,1.0,1.0,0.0,0.0,0.2545333932739794,16.30490723677993,23.02628932329306
11542,461.64,0.98,1,0.089,0.287,0.071,-0.111,-0.011,0.0,0.0,0.0,0.09,0.15,1.84,0.0,1.26,1.31,0.12,0.0,0.4,0.08,0.0,1.44,0.73,0.0,1.0,0.0,0.0,0.0,0.0,1.0,0.0,0.0,1.0,1.0,0.0,0.0,0.0,0.0,1.0,1.0,0.0,0.0,0.24431640425325762,16.9047330650325,22.81775624376766
11543,461.68,0.98,1,0.086,0.286,0.072,-0.109,-0.009,0.0,0.0,0.0,0.16,0.15,1.85,0.0,1.15,1.28,0.2,0.0,0.41,0.08,0.0,1.34,0.67,0.0,1.0,0.0,0.0,0.0,0.0,1.0,0.0,0.0,1.0,1.0,0.0,0.0,0.0,0.0,1.0,1.0,0.0,0.0,0.2477265619303603,16.61475248085281,23.117525819170094
11544,461.72,0.98,1,0.092,0.279,0.071,-0.112,-0.009,0.0,0.0,0.0,0.19,0.12,1.92,0.0,1.06,1.25,0.26,0.0,0.35,0.06,0.0,1.34,0.48,0.0,1.0,0.0,0.0,0.0,0.0,1.0,0.0,0.0,1.0,1.0,0.0,0.0,0.0,0.0,1.0,1.0,0.0,0.0,0.2579601221455129,16.414932226481945,23.113848662652348
11545,461.76,0.98,1,0.085,0.287,0.071,-0.107,-0.013,0.0,0.0,0.0,0.28,0.05,2.02,0.0,1.1,1.23,0.27,0.03,0.37,0.0,0.0,1.3,0.39,0.0,1.0,0.0,0.0,0.0,0.0,1.0,0.0,0.0,1.0,1.0,0.0,0.0,0.0,0.0,1.0,0.0,0.0,0.0,0.24180768671181854,18.017769007288337,23.200215516240405
11546,461.8,0.98,1,0.09,0.282,0.067,-0.102,-0.019,0.0,0.0,0.0,0.22,0.0,2.08,0.0,1.18,1.21,0.3,0.06,0.4,0.0,0.0,1.32,0.41,0.0,1.0,0.0,0.0,0.0,0.0,1.0,0.0,0.0,1.0,1.0,0.0,0.0,0.0,0.0,1.0,0.0,0.0,0.0,0.24249177059930516,17.418381095842264,23.200000000000045
11547,461.84,0.98,1,0.085,0.284,0.069,-0.102,-0.021,0.0,0.0,0.0,0.18,0.0,1.99,0.0,1.26,1.23,0.33,0.06,0.43,0.0,0.0,1.38,0.39,0.0,1.0,0.0,0.0,0.0,0.0,1.0,0.0,0.0,1.0,1.0,0.0,0.0,0.0,0.0,1.0,0.0,0.0,0.0,0.24207092336874464,18.03357978882729,23.507658326596463
11548,461.88,0.98,1,0.068,0.283,0.069,-0.099,-0.026,0.0,0.0,0.0,0.08,0.01,1.95,0.0,1.26,1.33,0.47,0.04,0.39,0.0,0.0,1.53,0.37,0.0,1.0,0.0,0.0,0.0,0.0,1.0,0.0,0.0,1.0,1.0,0.0,0.0,0.0,0.0,1.0,0.0,0.0,0.0,0.24513303383953522,19.25097400133284,22.002045359466017
11549,461.92,0.98,1,0.065,0.291,0.065,-0.092,-0.029,0.0,0.0,0.0,0.07,0.04,1.87,0.0,1.26,1.46,0.64,0.0,0.31,0.0,0.0,1.66,0.29,0.0,1.0,0.0,0.0,0.0,0.0,1.0,0.0,0.0,1.0,1.0,0.0,0.0,0.0,0.0,1.0,0.0,0.0,0.0,0.24015463470370868,21.260291625469346,23.407691043757485
11550,461.96,0.98,1,0.055,0.29,0.066,-0.09,-0.03,0.0,0.0,0.0,0.14,0.14,1.93,0.0,1.38,1.63,0.69,0.0,0.19,0.0,0.0,1.73,0.28,0.0,1.0,0.0,0.0,0.0,0.0,1.0,0.0,0.0,1.0,1.0,0.0,0.0,0.0,0.0,1.0,0.0,0.0,0.0,0.2387664837841929,21.502790516581662,23.300214591286448
11551,462.0,0.98,1,0.063,0.287,0.065,-0.093,-0.03,0.0,0.01,0.0,0.14,0.22,1.8,0.0,1.45,1.71,0.86,0.0,0.1,0.0,0.0,1.84,0.26,0.0,1.0,0.0,0.0,0.0,0.0,1.0,0.0,0.0,1.0,1.0,0.0,0.0,0.0,0.0,1.0,0.0,0.0,0.0,0.24306147228483235,21.821548982599797,23.70189865812446
11552,462.04,0.98,1,0.064,0.278,0.074,-0.095,-0.033,0.01,0.04,0.0,0.13,0.26,1.87,0.07,1.48,1.67,0.92,0.0,0.11,0.0,0.0,1.67,0.14,0.0,1.0,1.0,0.0,0.0,0.0,1.0,0.0,0.0,1.0,1.0,0.0,0.0,0.0,0.0,1.0,0.0,0.0,0.0,0.2381402188288683,21.692394980729908,23.90522955338443
11553,462.08,0.98,1,0.059,0.289,0.059,-0.085,-0.036,0.04,0.04,0.0,0.1,0.15,2.07,0.18,1.32,1.46,0.77,0.0,0.33,0.0,0.0,1.19,0.06,0.0,1.0,1.0,0.0,0.0,0.0,1.0,0.0,0.0,1.0,1.0,0.0,0.0,0.0,0.0,1.0,0.0,0.0,0.0,0.23583217232260734,21.982265579325393,23.41046774415249
11554,462.12,0.98,1,0.061,0.294,0.057,-0.086,-0.038,0.2,0.06,0.0,0.1,0.07,1.92,0.18,1.15,1.2,0.53,0.0,0.57,0.0,0.0,0.64,0.0,0.23,1.0,1.0,0.0,0.0,0.0,1.0,0.0,0.0,1.0,1.0,0.0,0.0,0.0,0.0,0.0,0.0,0.0,0.0,0.23282695562627592,20.928927349484358,23.603389587090998
11555,462.16,0.98,1,0.076,0.319,0.05,-0.098,-0.039,0.55,0.06,0.0,0.04,0.0,1.39,0.11,1.03,0.96,0.19,0.18,0.75,0.0,0.0,0.35,0.05,0.75,1.0,1.0,0.0,0.0,0.0,0.0,0.0,0.0,1.0,1.0,0.0,0.0,0.0,0.0,0.0,0.0,0.0,1.0,0.21337960414255758,15.41168387944688,18.133394607739742
11556,462.2,0.98,1,0.046,0.405,0.042,-0.122,-0.029,0.93,0.28,0.0,0.0,0.0,0.71,0.0,0.98,0.75,0.14,0.19,0.95,0.0,0.0,0.56,0.21,1.24,1.0,1.0,0.0,0.0,0.0,0.0,0.0,0.0,1.0,1.0,0.0,0.0,0.0,0.0,0.0,0.0,0.0,1.0,0.17534472982270394,17.4106289375198,22.94776677587599
11557,462.24,0.98,1,0.064,0.4,0.027,-0.118,-0.02,1.04,0.34,0.0,0.0,0.0,0.68,0.0,1.0,0.63,0.0,0.21,0.99,0.0,0.0,0.86,0.34,1.41,1.0,1.0,0.0,0.0,0.0,0.0,0.0,0.0,1.0,1.0,0.0,0.0,0.0,0.0,0.0,0.0,0.0,1.0,0.16322067614790403,16.223748025656846,21.559452683219952
11558,462.28,0.98,1,0.057,0.357,0.034,-0.111,-0.021,0.89,0.34,0.0,0.08,0.0,1.16,0.0,1.18,0.61,0.02,0.03,0.88,0.0,0.0,1.24,0.54,1.12,1.0,1.0,0.0,0.0,0.0,0.0,0.0,0.0,1.0,1.0,0.0,0.0,0.0,0.0,1.0,0.0,0.0,1.0,0.17498689240234633,16.81933411285957,18.49783771147307
11559,462.32,0.98,1,0.042,0.321,0.059,-0.107,-0.028,0.61,0.13,0.0,0.1,0.05,1.83,0.0,1.48,0.81,0.14,0.02,0.53,0.0,0.0,1.42,0.59,0.74,1.0,1.0,0.0,0.0,0.0,0.0,0.0,0.0,1.0,1.0,0.0,0.0,0.0,0.0,1.0,0.0,0.0,1.0,0.2030683728571204,14.916433890176164,18.45318400710281
11560,462.36,0.98,1,0.078,0.344,0.072,-0.109,-0.028,0.43,0.04,0.0,0.14,0.12,2.13,0.02,1.73,0.98,0.26,0.0,0.3,0.0,0.0,1.61,0.56,0.35,1.0,1.0,0.0,0.0,0.0,1.0,0.0,1.0,1.0,1.0,0.0,0.0,0.0,0.0,1.0,0.0,0.0,1.0,0.18321483497477942,15.605127362504836,17.763445611705
11561,462.4,0.98,1,0.077,0.331,0.062,-0.102,-0.028,0.21,0.01,0.0,0.06,0.29,2.44,0.1,1.76,1.21,0.38,0.0,0.14,0.0,0.0,1.65,0.42,0.12,1.0,1.0,0.0,0.0,0.0,1.0,0.0,1.0,1.0,1.0,0.0,0.0,0.0,0.0,1.0,0.0,0.0,1.0,0.1754025774500031,16.11521020650978,17.940178371465628
11562,462.44,0.98,1,0.075,0.325,0.064,-0.097,-0.031,0.08,0.0,0.0,0.07,0.33,2.4,0.2,1.75,1.25,0.38,0.01,0.12,0.0,0.0,1.74,0.34,0.01,1.0,1.0,0.0,0.0,0.0,1.0,0.0,1.0,1.0,1.0,0.0,0.0,0.0,0.0,1.0,0.0,0.0,0.0,0.1892900158462522,17.001176429882726,19.630843079195692
11563,462.48,0.98,1,0.074,0.327,0.065,-0.098,-0.032,0.03,0.07,0.0,0.03,0.29,2.45,0.25,1.55,1.19,0.4,0.05,0.29,0.0,0.0,1.33,0.24,0.0,1.0,1.0,0.0,0.0,0.0,1.0,0.0,1.0,1.0,1.0,0.0,0.0,0.0,0.0,1.0,0.0,0.0,0.0,0.19288579531282726,17.01440566108614,19.742846805868744
11564,462.52,0.98,1,0.073,0.335,0.063,-0.094,-0.032,0.18,0.15,0.0,0.05,0.11,2.22,0.19,1.31,1.01,0.37,0.14,0.55,0.0,0.0,0.79,0.14,0.0,0.0,1.0,0.0,0.0,0.0,1.0,0.0,0.0,1.0,1.0,0.0,0.0,0.0,0.0,0.0,0.0,0.0,0.0,0.207532414112098,17.407182425654163,19.63670033381363
11565,462.56,0.98,1,0.066,0.309,0.046,-0.088,-0.03,0.27,0.22,0.0,0.03,0.02,2.07,0.08,1.09,0.82,0.28,0.28,0.74,0.0,0.0,0.3,0.01,0.0,0.0,1.0,0.0,0.0,0.0,1.0,0.0,0.0,1.0,1.0,1.0,0.0,0.0,0.0,0.0,0.0,0.0,0.0,0.21449619966830674,17.813758727455536,19.830532015051897
11566,462.6,0.98,1,0.069,0.312,0.045,-0.091,-0.034,0.3,0.16,0.0,0.07,0.0,2.0,0.08,1.1,0.71,0.13,0.4,0.77,0.0,0.0,0.24,0.0,0.0,0.0,1.0,0.0,0.0,0.0,1.0,0.0,0.0,1.0,1.0,1.0,0.0,0.0,0.0,0.0,0.0,0.0,0.0,0.2163223233655877,17.700282483621372,20.130076999356096
11567,462.64,0.98,1,0.058,0.318,0.051,-0.084,-0.036,0.2,0.07,0.0,0.06,0.0,1.97,0.1,1.19,0.63,0.03,0.31,0.69,0.0,0.0,0.33,0.0,0.0,0.0,1.0,0.0,0.0,0.0,1.0,0.0,0.0,1.0,1.0,1.0,0.0,0.0,0.0,0.0,0.0,0.0,0.0,0.21455139952810703,18.0,20.435263639111767
11568,462.68,0.98,1,0.071,0.315,0.042,-0.083,-0.031,0.25,0.08,0.0,0.05,0.0,1.81,0.1,1.17,0.67,0.01,0.16,0.62,0.0,0.0,0.21,0.0,0.5,0.0,1.0,0.0,0.0,0.0,1.0,0.0,0.0,1.0,1.0,1.0,0.0,0.0,0.0,0.0,0.0,0.0,0.0,0.19268876215143993,17.40000000000009,20.05617112013158
11569,462.72,0.98,1,0.044,0.387,0.034,-0.063,-0.026,0.31,0.2,0.0,0.01,0.0,1.29,0.1,1.12,0.8,0.24,0.11,0.43,0.0,0.0,0.19,0.01,1.27,0.0,1.0,0.0,0.0,0.0,1.0,0.0,0.0,1.0,1.0,1.0,0.0,0.0,0.0,0.0,0.0,0.0,1.0,0.1830575771710385,18.206866836443925,17.747675904185357
11570,462.76,0.98,1,-0.035,0.433,0.049,-0.042,-0.022,0.6,0.51,0.0,0.0,0.0,0.97,0.3,0.86,0.85,0.37,0.12,0.32,0.09,0.0,0.27,0.16,2.16,0.0,0.0,0.0,0.0,0.0,1.0,0.0,0.0,1.0,1.0,0.0,0.0,0.0,0.0,0.0,0.0,0.0,1.0,0.17119409880081993,17.640861656960098,19.964217991196005
11571,462.8,0.98,1,-0.091,0.451,0.072,0.054,-0.02,0.66,0.56,0.09,0.0,0.01,0.87,0.53,0.51,0.79,0.47,0.12,0.18,0.2,0.0,0.35,0.39,2.45,0.0,0.0,0.0,0.0,0.0,1.0,0.0,0.0,1.0,1.0,0.0,0.0,0.0,0.0,0.0,0.0,0.0,1.0,0.16476006334263282,19.71217897646035,19.437077969695025
11572,462.84,0.98,1,-0.168,0.412,0.071,0.125,0.007,0.52,0.44,0.2,0.0,0.11,1.3,0.64,0.18,0.6,0.32,0.0,0.19,0.36,0.0,0.3,0.72,2.23,0.0,0.0,1.0,0.0,1.0,1.0,0.0,0.0,1.0,1.0,0.0,0.0,0.0,0.0,0.0,0.0,0.0,1.0,0.1633412735846133,20.37105790085528,21.00095235935742
11573,462.88,0.98,1,-0.242,0.375,0.068,0.181,0.031,0.26,0.12,0.2,0.0,0.34,1.58,0.45,0.18,0.54,0.25,0.0,0.21,0.27,0.0,0.48,0.91,1.65,0.0,0.0,1.0,0.0,1.0,1.0,0.0,0.0,1.0,1.0,0.0,0.0,0.0,0.0,1.0,0.0,0.0,1.0,0.18128158262572283,19.89095271725309,22.1
11574,462.92,0.98,1,-0.311,0.333,0.074,0.228,0.038,0.27,0.12,0.11,0.0,0.53,1.73,0.22,0.42,0.56,0.3,0.0,0.24,0.16,0.0,0.86,1.13,0.97,0.0,0.0,1.0,0.0,1.0,1.0,0.0,0.0,1.0,1.0,0.0,0.0,0.0,0.0,1.0,0.0,0.0,0.0,0.20240946535862564,16.659531806146305,25.10478042126635
11575,462.96,0.98,1,-0.33,0.309,0.064,0.243,0.051,0.34,0.23,0.0,0.0,0.59,1.65,0.04,0.69,0.62,0.24,0.0,0.2,0.0,0.0,1.59,1.22,0.63,0.0,0.0,1.0,0.0,1.0,1.0,0.0,0.0,1.0,1.0,0.0,0.0,0.0,0.0,1.0,0.0,0.0,0.0,0.20888120471936328,17.31184565550413,25.71478174124754
11576,463.0,0.98,1,-0.349,0.302,0.064,0.265,0.091,0.33,0.23,0.0,0.0,0.49,1.6,0.0,0.79,0.67,0.21,0.0,0.12,0.0,0.0,2.08,1.46,0.49,0.0,0.0,0.0,0.0,1.0,1.0,0.0,0.0,1.0,1.0,0.0,0.0,0.0,0.0,1.0,1.0,0.0,0.0,0.2145771771172612,19.27615106809462,26.288020085202398
11577,463.04,0.98,1,-0.359,0.301,0.063,0.275,0.106,0.17,0.11,0.0,0.0,0.48,1.68,0.0,0.79,0.76,0.07,0.0,0.03,0.0,0.11,2.54,1.62,0.52,0.0,0.0,0.0,0.0,1.0,1.0,0.0,0.0,1.0,1.0,0.0,0.0,0.0,0.0,1.0,1.0,0.0,0.0,0.22327454508754396,20.20915634062936,26.76415513331214
11578,463.08,0.98,1,-0.373,0.303,0.059,0.283,0.116,0.18,0.05,0.0,0.0,0.44,1.71,0.0,0.77,0.85,0.14,0.04,0.01,0.0,0.32,2.69,1.8,0.47,0.0,0.0,0.0,0.0,1.0,1.0,0.0,0.0,1.0,1.0,0.0,0.0,0.0,0.0,1.0,1.0,0.0,0.0,0.22799720389971104,21.3412745636245,26.977953962448694
11579,463.12,0.98,1,-0.383,0.315,0.06,0.29,0.12,0.14,0.06,0.0,0.0,0.46,1.77,0.0,0.8,0.88,0.23,0.11,0.05,0.0,0.62,2.7,1.74,0.39,0.0,0.0,0.0,0.0,1.0,1.0,0.0,0.0,1.0,1.0,0.0,0.0,0.0,0.0,1.0,1.0,0.0,0.0,0.2276295785897855,20.945882650296745,26.809140232390835
11580,463.16,0.98,1,-0.403,0.308,0.056,0.292,0.123,0.27,0.1,0.0,0.0,0.43,1.61,0.0,0.89,0.86,0.44,0.12,0.17,0.03,0.77,2.56,1.62,0.38,0.0,0.0,0.0,0.0,1.0,1.0,0.0,0.0,1.0,1.0,0.0,0.0,0.0,0.0,1.0,1.0,0.0,0.0,0.22216063334777536,19.28444969398919,26.340083523026276
11581,463.2,0.98,1,-0.409,0.309,0.056,0.303,0.119,0.3,0.05,0.0,0.0,0.46,1.6,0.0,0.99,0.85,0.58,0.08,0.29,0.11,0.88,2.37,1.5,0.3,0.0,0.0,0.0,0.0,1.0,1.0,0.0,0.0,1.0,1.0,0.0,0.0,0.0,0.0,1.0,1.0,0.0,0.0,0.2278050382956605,19.464840096954337,26.94679943889444
11582,463.24,0.98,1,-0.421,0.296,0.055,0.299,0.119,0.44,0.12,0.0,0.0,0.48,1.47,0.0,1.05,0.88,0.66,0.04,0.31,0.16,0.95,2.25,1.34,0.31,0.0,0.0,0.0,0.0,1.0,1.0,0.0,0.0,1.0,1.0,0.0,0.0,0.0,0.0,1.0,1.0,0.0,0.0,0.23081740185455898,19.94241710525587,27.47981077081868
11583,463.28,0.98,1,-0.414,0.31,0.064,0.296,0.112,0.38,0.21,0.0,0.0,0.52,1.33,0.0,1.06,0.9,0.7,0.1,0.31,0.14,0.97,2.21,1.31,0.34,0.0,0.0,0.0,0.0,1.0,1.0,0.0,0.0,1.0,1.0,0.0,0.0,0.0,0.0,1.0,1.0,0.0,0.0,0.2299116546756218,21.44014925321187,27.23857558684009
11584,463.32,0.98,1,-0.407,0.317,0.069,0.298,0.103,0.4,0.32,0.02,0.0,0.48,0.99,0.0,0.97,0.96,0.6,0.29,0.29,0.05,0.81,2.26,1.36,1.06,0.0,0.0,0.0,0.0,1.0,1.0,0.0,0.0,1.0,1.0,0.0,0.0,0.0,0.0,1.0,1.0,0.0,0.0,0.22571909921975947,20.895214763194122,25.381095327034313
11585,463.36,0.98,1,-0.355,0.382,0.08,0.298,0.096,0.3,0.3,0.02,0.0,0.32,0.71,0.0,0.7,1.01,0.61,0.26,0.28,0.12,0.45,2.36,1.54,1.93,0.0,0.0,0.0,0.0,1.0,1.0,0.0,0.0,1.0,1.0,0.0,0.0,0.0,0.0,1.0,1.0,0.0,0.0,0.19920644624456774,19.777259668619404,19.996999774966305
11586,463.4,0.98,1,-0.269,0.487,0.1,0.281,0.081,0.18,0.18,0.08,0.0,0.2,0.68,0.0,0.55,1.1,0.58,0.19,0.29,0.27,0.23,2.19,1.61,2.64,0.0,0.0,0.0,0.0,0.0,1.0,0.0,0.0,1.0,1.0,0.0,0.0,0.0,0.0,1.0,1.0,0.0,1.0,0.16389116775334298,18.555861607589,17.572990639046047
11587,463.44,0.98,1,-0.21,0.489,0.088,0.202,0.064,0.05,0.07,0.18,0.0,0.14,0.93,0.05,0.34,1.1,0.68,0.01,0.32,0.39,0.07,2.01,1.57,2.47,0.0,0.0,0.0,0.0,0.0,1.0,0.0,0.0,1.0,1.0,0.0,0.0,0.0,0.0,1.0,1.0,0.0,1.0,0.1498191576396916,21.832315497903615,19.53100099841275
11588,463.48,0.98,1,-0.158,0.436,0.074,0.156,0.031,0.0,0.0,0.28,0.0,0.22,1.53,0.12,0.39,1.16,0.68,0.0,0.34,0.36,0.07,1.69,1.4,1.9,0.0,0.0,0.0,0.0,0.0,1.0,0.0,0.0,1.0,1.0,0.0,0.0,0.0,0.0,1.0,1.0,0.0,1.0,0.1530253216898112,20.32978111047946,19.70634415613413
11589,463.52,0.98,1,-0.076,0.376,0.081,0.113,0.0,0.0,0.0,0.22,0.0,0.24,2.11,0.19,0.3,1.12,0.65,0.0,0.39,0.23,0.0,1.61,1.27,1.03,0.0,0.0,0.0,0.0,0.0,1.0,0.0,0.0,1.0,1.0,0.0,0.0,0.0,0.0,1.0,1.0,0.0,1.0,0.16503203466972655,22.100226243185976,18.313383084509713
11590,463.56,0.98,1,-0.039,0.326,0.079,0.054,-0.009,0.0,0.0,0.11,0.0,0.27,2.69,0.25,0.43,1.2,0.59,0.05,0.45,0.11,0.0,1.52,1.3,0.42,0.0,0.0,0.0,0.0,0.0,1.0,0.0,0.0,1.0,1.0,0.0,0.0,0.0,0.0,1.0,0.0,0.0,1.0,0.17088123351494428,22.011133546457803,19.243960091415747
11591,463.6,0.98,1,-0.004,0.343,0.096,0.001,-0.017,0.0,0.0,0.0,0.0,0.27,2.83,0.24,0.62,1.24,0.55,0.08,0.47,0.03,0.01,1.48,1.31,0.01,0.0,0.0,0.0,0.0,0.0,1.0,0.0,0.0,1.0,1.0,0.0,0.0,0.0,0.0,1.0,0.0,0.0,1.0,0.1762129773534553,20.348218595248046,19.43116054176885
11592,463.64,0.98,1,0.041,0.332,0.078,-0.045,-0.024,0.0,0.0,0.0,0.0,0.24,2.81,0.18,0.86,1.34,0.57,0.11,0.29,0.0,0.01,1.5,1.12,0.0,0.0,0.0,0.0,0.0,0.0,1.0,0.0,0.0,1.0,1.0,0.0,0.0,0.0,0.0,1.0,0.0,0.0,1.0,0.1862991715070882,20.229928324143728,20.24845673131663
11593,463.68,0.98,1,0.062,0.321,0.069,-0.056,-0.052,0.0,0.0,0.0,0.0,0.2,2.69,0.15,1.05,1.43,0.67,0.07,0.1,0.0,0.01,1.52,0.75,0.0,0.0,0.0,0.0,0.0,0.0,1.0,0.0,0.0,1.0,1.0,0.0,0.0,0.0,0.0,1.0,0.0,0.0,0.0,0.19541481368475538,20.255616505058587,20.662042493422483
11594,463.72,0.98,1,0.086,0.313,0.068,-0.07,-0.059,0.0,0.0,0.0,0.0,0.13,2.63,0.09,1.06,1.5,0.79,0.04,0.0,0.0,0.0,1.53,0.43,0.0,0.0,0.0,0.0,0.0,1.0,1.0,0.0,0.0,1.0,1.0,0.0,0.0,0.0,0.0,1.0,0.0,0.0,0.0,0.21641789023125133,19.84943324127916,21.49325475585292
11595,463.76,0.98,1,0.119,0.306,0.063,-0.084,-0.061,0.0,0.0,0.0,0.0,0.16,2.55,0.08,1.0,1.56,0.85,0.0,0.0,0.0,0.0,1.53,0.29,0.0,0.0,0.0,0.0,0.0,1.0,1.0,0.0,0.0,1.0,1.0,0.0,0.0,0.0,0.0,1.0,0.0,0.0,0.0,0.22368547383729495,19.649936386665388,20.507803392855212
11596,463.8,0.98,1,0.123,0.317,0.067,-0.086,-0.066,0.0,0.0,0.0,0.0,0.16,2.37,0.0,0.95,1.56,0.96,0.0,0.0,0.0,0.0,1.5,0.22,0.0,0.0,0.0,0.0,0.0,1.0,1.0,0.0,0.0,1.0,1.0,0.0,0.0,0.0,0.0,1.0,0.0,0.0,0.0,0.21677550678234753,19.872845795205034,21.224985276791028
11597,463.84,0.98,1,0.13,0.326,0.075,-0.093,-0.07,0.0,0.0,0.0,0.0,0.2,2.13,0.0,1.02,1.57,1.05,0.0,0.0,0.0,0.0,1.5,0.16,0.0,0.0,0.0,0.0,0.0,1.0,1.0,0.0,0.0,1.0,1.0,0.0,0.0,0.0,0.0,1.0,0.0,0.0,0.0,0.22817211083645172,19.83380951809313,20.55261540534449
11598,463.88,0.98,1,0.134,0.321,0.072,-0.098,-0.07,0.0,0.0,0.0,0.0,0.22,2.06,0.0,1.14,1.59,1.09,0.0,0.0,0.0,0.0,1.45,0.1,0.0,0.0,0.0,0.0,0.0,1.0,1.0,0.0,0.0,1.0,1.0,0.0,0.0,0.0,0.0,1.0,0.0,0.0,0.0,0.23263002481131062,20.16829194552677,20.862646045025098
11599,463.92,0.98,1,0.137,0.317,0.071,-0.102,-0.07,0.0,0.0,0.0,0.0,0.27,2.01,0.0,1.18,1.6,1.06,0.0,0.0,0.0,0.0,1.38,0.05,0.0,0.0,0.0,0.0,0.0,1.0,1.0,0.0,0.0,1.0,1.0,0.0,0.0,0.0,0.0,1.0,0.0,0.0,0.0,0.23788672759421414,20.044201156444313,22.00045454075902
11600,463.96,0.98,1,0.156,0.303,0.074,-0.105,-0.071,0.0,0.0,0.0,0.0,0.31,2.02,0.04,1.19,1.58,0.92,0.0,0.07,0.0,0.0,1.46,0.03,0.0,0.0,0.0,0.0,0.0,1.0,1.0,0.0,0.0,1.0,1.0,0.0,0.0,0.0,0.0,1.0,0.0,0.0,0.0,0.2309345493830996,20.02123872291609,21.24758809841733
11601,464.0,0.98,1,0.14,0.293,0.077,-0.114,-0.078,0.0,0.0,0.0,0.0,0.35,2.12,0.08,1.3,1.56,0.87,0.0,0.07,0.0,0.0,1.45,0.03,0.0,0.0,0.0,0.0,0.0,1.0,1.0,0.0,1.0,1.0,1.0,0.0,0.0,0.0,0.0,1.0,0.0,0.0,0.0,0.24302891408209087,20.32264746532807,17.21307642462556
11602,464.04,0.98,1,0.126,0.285,0.072,-0.115,-0.08,0.0,0.0,0.0,0.0,0.34,2.19,0.08,1.35,1.53,0.69,0.0,0.1,0.0,0.0,1.53,0.0,0.0,0.0,0.0,0.0,0.0,1.0,1.0,0.0,1.0,1.0,1.0,0.0,0.0,0.0,0.0,1.0,0.0,0.0,0.0,0.2500381796369041,20.056919005669783,16.546903033498314
11603,464.08,0.98,1,0.138,0.287,0.075,-0.117,-0.085,0.0,0.0,0.0,0.09,0.31,2.33,0.05,1.36,1.53,0.68,0.0,0.06,0.0,0.0,1.41,0.0,0.0,0.0,0.0,0.0,0.0,1.0,1.0,0.0,1.0,1.0,1.0,0.0,0.0,0.0,0.0,1.0,0.0,0.0,0.0,0.25001824052603194,20.4198432902901,17.494284781036306
11604,464.12,0.98,1,0.144,0.281,0.067,-0.114,-0.085,0.0,0.0,0.0,0.09,0.32,2.22,0.0,1.3,1.57,0.73,0.0,0.06,0.0,0.0,1.45,0.0,0.0,0.0,0.0,0.0,0.0,1.0,1.0,0.0,1.0,1.0,1.0,0.0,0.0,0.0,0.0,1.0,0.0,0.0,0.0,0.24791832524944013,20.223006700290508,19.28989372702703
11605,464.16,0.98,1,0.151,0.289,0.072,-0.11,-0.091,0.0,0.0,0.0,0.09,0.32,2.19,0.0,1.33,1.57,0.6,0.0,0.03,0.0,0.0,1.5,0.01,0.0,0.0,0.0,0.0,0.0,1.0,1.0,0.0,1.0,1.0,1.0,0.0,0.0,0.0,0.0,1.0,0.0,0.0,0.0,0.24975493265947118,20.437710243567036,19.5734514074548
11606,464.2,0.98,1,0.107,0.297,0.063,-0.102,-0.092,0.0,0.0,0.0,0.06,0.31,2.2,0.0,1.31,1.55,0.61,0.0,0.0,0.0,0.0,1.56,0.06,0.0,0.0,0.0,0.0,0.0,1.0,1.0,0.0,1.0,1.0,1.0,0.0,0.0,0.0,0.0,1.0,0.0,0.0,0.0,0.24211129899040293,21.555741694499908,23.2045254207018
11607,464.24,0.98,1,0.099,0.317,0.063,-0.097,-0.092,0.0,0.0,0.0,0.08,0.25,2.26,0.0,1.27,1.55,0.61,0.0,0.0,0.0,0.0,1.6,0.11,0.0,0.0,0.0,0.0,0.0,1.0,1.0,0.0,1.0,1.0,1.0,0.0,0.0,0.0,0.0,1.0,0.0,0.0,0.0,0.21765782860568988,21.396495040076054,24.64832651520179
11608,464.28,0.98,1,0.104,0.325,0.064,-0.103,-0.094,0.0,0.0,0.0,0.14,0.25,2.38,0.0,1.17,1.59,0.74,0.0,0.0,0.0,0.0,1.62,0.14,0.0,0.0,0.0,0.0,0.0,1.0,1.0,0.0,1.0,1.0,1.0,0.0,0.0,0.0,0.0,1.0,0.0,0.0,0.0,0.22303556587992573,21.631689716709417,24.239843233816423
11609,464.32,0.98,1,0.101,0.313,0.057,-0.099,-0.094,0.0,0.0,0.0,0.08,0.22,2.26,0.0,1.17,1.62,0.75,0.0,0.0,0.0,0.0,1.72,0.1,0.0,0.0,0.0,0.0,0.0,1.0,1.0,0.0,1.0,1.0,1.0,0.0,0.0,0.0,0.0,1.0,0.0,0.0,0.0,0.22366917294703034,21.415881957089706,23.952661647508172
11610,464.36,0.98,1,0.103,0.313,0.059,-0.094,-0.098,0.0,0.0,0.0,0.06,0.19,2.18,0.0,1.18,1.59,0.69,0.0,0.0,0.0,0.0,1.73,0.11,0.0,0.0,0.0,0.0,0.0,1.0,1.0,0.0,1.0,1.0,1.0,0.0,0.0,0.0,0.0,1.0,0.0,0.0,0.0,0.22972055754821288,21.457399656062613,23.56692597688557
11611,464.4,0.98,1,0.104,0.31,0.055,-0.085,-0.102,0.0,0.0,0.0,0.0,0.12,2.05,0.0,1.18,1.57,0.74,0.0,0.0,0.0,0.0,1.71,0.11,0.0,0.0,0.0,0.0,0.0,1.0,1.0,0.0,1.0,1.0,1.0,0.0,0.0,0.0,0.0,1.0,0.0,0.0,0.0,0.21623170439864858,20.862646045025194,23.777510382712393
11612,464.44,0.98,1,0.08,0.308,0.044,-0.078,-0.098,0.0,0.0,0.0,0.0,0.13,2.08,0.01,1.01,1.6,0.69,0.0,0.0,0.0,0.0,1.57,0.17,0.41,0.0,0.0,0.0,0.0,1.0,1.0,0.0,1.0,1.0,1.0,0.0,0.0,0.0,0.0,1.0,0.0,0.0,0.0,0.20964988612778263,19.194269978303566,18.952572384771592
11613,464.48,0.98,1,0.059,0.334,0.04,-0.047,-0.096,0.17,0.11,0.0,0.0,0.17,1.82,0.21,0.8,1.63,0.7,0.0,0.0,0.0,0.0,1.61,0.17,1.21,0.0,0.0,0.0,0.0,1.0,1.0,0.0,0.0,1.0,1.0,0.0,0.0,0.0,0.0,1.0,0.0,0.0,1.0,0.18511245369531543,18.43908891458587,18.003610748958053
11614,464.52,0.93,1,-0.001,0.429,0.059,0.007,-0.09,0.38,0.37,0.0,0.0,0.18,1.31,0.43,0.5,1.59,0.61,0.0,0.0,0.06,0.0,1.74,0.38,2.23,0.0,0.0,0.0,0.0,1.0,1.0,0.0,0.0,1.0,1.0,0.0,0.0,0.0,0.0,1.0,0.0,0.0,1.0,0.16652740764878454,17.80702108720036,17.889941307897065
11615,464.56,0.93,1,-0.108,0.479,0.09,0.084,-0.07,0.43,0.43,0.0,0.0,0.19,0.86,0.62,0.26,1.49,0.52,0.0,0.0,0.15,0.0,1.95,0.56,2.88,0.0,0.0,0.0,0.0,1.0,1.0,0.0,0.0,1.0,1.0,0.0,0.0,0.0,0.0,1.0,0.0,0.0,1.0,0.1672835883565787,18.001111076819672,19.712178976460123
11616,464.6,0.98,1,-0.179,0.446,0.079,0.157,-0.042,0.26,0.32,0.0,0.0,0.39,0.79,0.72,0.12,1.36,0.44,0.0,0.0,0.15,0.0,2.01,0.76,2.96,0.0,0.0,0.0,0.0,1.0,1.0,1.0,0.0,1.0,1.0,0.0,0.0,0.0,0.0,1.0,0.0,0.0,1.0,0.16342874483553016,19.904019694524113,19.45044986626272
11617,464.64,0.98,1,-0.247,0.394,0.072,0.222,-0.028,0.12,0.06,0.02,0.0,0.66,1.36,0.76,0.21,1.27,0.46,0.0,0.0,0.09,0.0,2.06,0.64,2.64,0.0,0.0,0.0,0.0,1.0,1.0,1.0,0.0,1.0,1.0,0.0,0.0,0.0,0.0,1.0,0.0,0.0,1.0,0.15387824697237895,18.4271538768198,19.60229578391268
11618,464.68,0.98,1,-0.279,0.364,0.079,0.294,-0.008,0.09,0.04,0.02,0.0,0.86,1.72,0.62,0.42,1.28,0.47,0.0,0.0,0.0,0.0,2.22,0.56,1.98,0.0,0.0,0.0,0.0,1.0,1.0,1.0,0.0,1.0,1.0,0.0,0.0,0.0,0.0,1.0,0.0,0.0,1.0,0.1907647215180724,19.492819190665948,20.366639388961595
11619,464.72,0.98,1,-0.348,0.331,0.071,0.313,0.029,0.21,0.12,0.02,0.0,0.88,2.0,0.37,0.65,1.39,0.4,0.0,0.0,0.0,0.0,2.41,0.46,1.33,0.0,0.0,0.0,0.0,1.0,1.0,1.0,0.0,1.0,1.0,0.0,0.0,0.0,0.0,1.0,0.0,0.0,0.0,0.2114182889379067,17.722584461641038,21.30633708547763
11620,464.76,0.98,1,-0.368,0.31,0.061,0.317,0.052,0.26,0.12,0.0,0.0,0.84,1.85,0.12,0.91,1.53,0.41,0.0,0.0,0.0,0.04,2.37,0.41,0.89,0.0,0.0,0.0,0.0,1.0,1.0,1.0,1.0,1.0,1.0,0.0,0.0,0.0,0.0,1.0,0.0,0.0,0.0,0.22293309823983443,16.410362579784714,23.398504225697838
11621,464.8,0.98,1,-0.394,0.316,0.06,0.313,0.07,0.46,0.17,0.0,0.0,0.78,1.66,0.07,1.1,1.56,0.47,0.0,0.0,0.0,0.18,2.25,0.4,0.56,0.0,0.0,0.0,0.0,1.0,1.0,1.0,1.0,1.0,1.0,0.0,0.0,0.0,0.0,1.0,0.0,0.0,0.0,0.22811798822139923,16.52150114245057,23.515314159075164
11622,464.84,0.98,1,-0.396,0.338,0.067,0.316,0.079,0.57,0.11,0.0,0.0,0.7,1.42,0.03,1.28,1.58,0.56,0.0,0.0,0.0,0.35,2.11,0.34,0.48,1.0,0.0,0.0,0.0,1.0,1.0,1.0,1.0,1.0,1.0,0.0,0.0,0.0,0.0,1.0,0.0,0.0,0.0,0.20723424376828753,16.288953311984205,23.515314159075164
11623,464.88,0.98,1,-0.406,0.345,0.07,0.32,0.083,0.68,0.11,0.0,0.0,0.62,1.1,0.02,1.35,1.58,0.56,0.0,0.0,0.0,0.51,2.14,0.43,0.22,1.0,0.0,0.0,0.0,1.0,1.0,1.0,1.0,1.0,1.0,0.0,0.0,0.0,0.0,1.0,0.0,0.0,0.0,0.2116987562580908,16.49848477891236,22.22003600357114
11624,464.92,0.98,1,-0.404,0.349,0.074,0.329,0.083,0.74,0.26,0.0,0.0,0.59,1.13,0.0,1.48,1.59,0.55,0.0,0.0,0.0,0.58,2.16,0.42,0.22,1.0,0.0,1.0,0.0,1.0,1.0,1.0,1.0,1.0,1.0,0.0,0.0,0.0,0.0,1.0,0.0,0.0,0.0,0.21568529887888274,17.824140933015585,22.14158982548457
11625,464.96,0.98,1,-0.407,0.344,0.077,0.332,0.08,0.8,0.38,0.0,0.03,0.57,1.0,0.0,1.49,1.64,0.52,0.0,0.0,0.0,0.56,2.22,0.34,0.26,1.0,0.0,1.0,0.0,1.0,1.0,1.0,1.0,1.0,1.0,0.0,0.0,0.0,0.0,1.0,0.0,0.0,0.0,0.22537095332578508,19.005525512334653,21.67233259250137
11626,465.0,0.98,1,-0.406,0.336,0.085,0.34,0.077,0.84,0.42,0.0,0.03,0.56,0.92,0.0,1.43,1.67,0.48,0.0,0.0,0.0,0.57,2.21,0.18,0.35,1.0,0.0,1.0,0.0,1.0,1.0,1.0,1.0,1.0,1.0,0.0,0.0,0.0,0.0,1.0,0.0,0.0,0.0,0.24516745962892728,19.90075375456938,21.965882636488796
11627,465.04,0.98,1,-0.382,0.319,0.077,0.325,0.07,0.83,0.5,0.0,0.03,0.63,0.98,0.0,1.28,1.73,0.36,0.0,0.0,0.0,0.5,2.24,0.13,0.79,1.0,0.0,1.0,0.0,1.0,1.0,1.0,1.0,1.0,1.0,0.0,0.0,0.0,0.0,1.0,0.0,0.0,0.0,0.23650089925496096,19.964217991196016,23.08527669316531
11628,465.08,0.98,1,-0.355,0.35,0.063,0.311,0.062,0.77,0.81,0.0,0.0,0.65,1.15,0.0,1.0,1.71,0.19,0.0,0.0,0.07,0.36,2.47,0.35,1.59,1.0,0.0,1.0,0.0,1.0,1.0,0.0,1.0,1.0,1.0,0.0,0.0,0.0,0.0,1.0,0.0,0.0,0.0,0.20181626830581897,16.180543872194026,18.906083676954314
11629,465.12,0.98,1,-0.277,0.439,0.071,0.318,0.045,0.57,0.94,0.0,0.0,0.56,1.14,0.0,0.65,1.68,0.04,0.0,0.0,0.25,0.13,2.74,0.63,2.45,1.0,0.0,0.0,0.0,1.0,1.0,0.0,0.0,1.0,1.0,0.0,0.0,1.0,0.0,1.0,1.0,0.0,1.0,0.16518951974686008,18.07373785358201,16.23083485221883
11630,465.16,0.98,1,-0.233,0.429,0.098,0.298,0.03,0.31,0.63,0.11,0.0,0.37,0.9,0.0,0.28,1.58,0.07,0.04,0.07,0.62,0.31,2.76,0.93,2.65,0.0,0.0,0.0,0.0,1.0,1.0,0.0,0.0,1.0,1.0,0.0,0.0,1.0,0.0,1.0,1.0,0.0,1.0,0.17605463270910915,17.482848738120325,16.900295855398486
11631,465.2,0.93,1,-0.154,0.446,0.076,0.206,0.046,0.07,0.17,0.19,0.0,0.27,1.33,0.0,0.07,1.42,0.22,0.31,0.47,0.99,0.66,2.3,1.15,2.25,0.0,0.0,0.0,0.0,1.0,1.0,0.0,0.0,1.0,1.0,0.0,0.0,1.0,0.0,1.0,1.0,0.0,1.0,0.1616117969716981,19.73651438324411,19.601020381602495
11632,465.24,0.93,1,-0.125,0.422,0.029,0.172,0.041,0.0,0.0,0.25,0.0,0.37,2.17,0.0,0.0,1.44,0.4,0.66,0.88,1.36,0.88,1.82,1.06,1.59,0.0,0.0,0.0,0.0,1.0,1.0,0.0,0.0,1.0,1.0,0.0,1.0,1.0,0.0,1.0,1.0,0.0,1.0,0.10379395000972932,18.931983519958887,19.74284680586875
11633,465.28,0.88,1,-0.044,0.309,-0.025,0.138,0.048,0.0,0.0,0.14,0.0,0.64,2.83,0.0,0.0,1.74,0.66,0.95,1.18,1.49,0.74,1.5,0.68,0.89,0.0,0.0,0.0,0.0,1.0,1.0,0.0,0.0,1.0,1.0,0.0,1.0,1.0,0.0,1.0,1.0,0.0,0.0,0.1627574764175888,20.506096654409877,18.66038584810069
11634,465.32,0.88,1,-0.01,0.269,-0.058,0.073,0.064,0.0,0.0,0.06,0.0,0.94,2.7,0.0,0.03,2.13,0.96,0.94,1.22,1.47,0.44,1.54,0.21,0.3,0.0,0.0,0.0,0.0,1.0,1.0,0.0,0.0,1.0,1.0,0.0,1.0,1.0,0.0,1.0,0.0,0.0,0.0,0.175773399201066,20.155892438689126,17.434735443934997
11635,465.36,0.98,1,0.026,0.237,-0.057,-0.011,0.073,0.0,0.0,0.0,0.0,1.17,2.18,0.0,0.22,2.39,1.17,1.05,1.33,1.06,0.58,1.73,0.0,0.0,0.0,0.0,0.0,0.0,1.0,1.0,0.0,0.0,1.0,1.0,0.0,1.0,1.0,0.0,1.0,0.0,0.0,0.0,0.18683431532139244,19.085072700935665,17.16566340110387
11636,465.4,0.98,1,0.056,0.26,-0.013,-0.065,0.048,0.0,0.0,0.0,0.0,1.3,1.88,0.0,0.55,2.51,1.2,1.28,1.43,0.57,0.95,1.95,0.0,0.0,0.0,0.0,0.0,0.0,1.0,1.0,0.0,1.0,1.0,1.0,0.0,1.0,1.0,0.0,1.0,0.0,0.0,0.0,0.17835373750201447,18.760063965775856,18.31747799234377
11637,465.44,0.98,1,0.101,0.271,0.026,-0.141,0.018,0.0,0.0,0.0,0.0,1.32,1.68,0.0,1.05,2.58,0.92,1.53,1.25,0.3,1.32,2.02,0.0,0.0,0.0,0.0,0.0,0.0,1.0,1.0,0.0,1.0,1.0,1.0,0.0,1.0,1.0,0.0,1.0,0.0,0.0,0.0,0.1983099926376629,18.4783657286026,18.23321145602172
11638,465.48,0.98,1,0.157,0.235,-0.003,-0.223,-0.009,0.0,0.0,0.0,0.0,1.26,1.7,0.0,1.42,2.63,0.62,1.39,0.93,0.25,1.21,1.72,0.0,0.0,0.0,0.0,0.0,0.0,1.0,1.0,0.0,1.0,1.0,1.0,0.0,0.0,1.0,0.0,0.0,0.0,0.0,0.0,0.23228181046110885,18.965494984312915,16.498484778912147
11639,465.52,0.98,1,0.163,0.227,-0.018,-0.238,-0.042,0.0,0.0,0.0,0.0,1.02,1.8,0.0,1.56,2.43,0.32,0.84,0.61,0.25,0.83,1.22,0.0,0.0,0.0,0.0,0.0,0.0,1.0,1.0,0.0,1.0,1.0,1.0,0.0,0.0,0.0,0.0,0.0,0.0,0.0,0.0,0.22517102457318156,19.251233726699166,15.930473941474594
11640,465.56,0.98,1,0.157,0.235,0.001,-0.185,-0.078,0.0,0.0,0.0,0.0,0.66,1.96,0.0,1.5,1.98,0.18,0.33,0.45,0.11,0.42,0.9,0.0,0.0,0.0,0.0,0.0,0.0,1.0,1.0,0.0,1.0,1.0,1.0,0.0,0.0,0.0,0.0,0.0,0.0,0.0,0.0,0.22830189010720958,19.28444969398919,17.130382365843545
11641,465.6,0.98,1,0.201,0.301,0.046,-0.153,-0.111,0.0,0.0,0.0,0.0,0.29,2.15,0.0,1.41,1.5,0.19,0.0,0.41,0.0,0.16,0.79,0.0,0.0,0.0,0.0,0.0,0.0,0.0,1.0,0.0,1.0,1.0,1.0,0.0,0.0,0.0,0.0,0.0,0.0,0.0,0.0,0.22557386775930094,18.133394607739472,18.21647605877713
11642,465.64,0.98,1,0.218,0.311,0.049,-0.161,-0.117,0.0,0.0,0.0,0.0,0.06,2.19,0.0,1.36,1.17,0.34,0.0,0.49,0.0,0.0,0.75,0.0,0.0,0.0,0.0,0.0,0.0,0.0,1.0,0.0,0.0,1.0,1.0,0.0,0.0,0.0,0.0,0.0,0.0,0.0,0.0,0.23394388560055934,17.87092610918631,17.656726763474683
11643,465.68,0.98,1,0.224,0.312,0.056,-0.165,-0.121,0.0,0.03,0.0,0.0,0.0,2.04,0.04,1.32,1.08,0.44,0.0,0.66,0.0,0.0,0.65,0.0,0.0,0.0,0.0,0.0,0.0,0.0,1.0,0.0,0.0,1.0,1.0,0.0,0.0,0.0,0.0,0.0,0.0,0.0,0.0,0.23414791499194862,17.853851125177357,17.003823099526798
11644,465.72,0.98,1,0.218,0.296,0.053,-0.166,-0.117,0.0,0.03,0.0,0.0,0.0,1.93,0.08,1.26,1.06,0.48,0.0,0.78,0.0,0.0,0.68,0.0,0.0,0.0,0.0,0.0,0.0,0.0,1.0,0.0,0.0,1.0,1.0,0.0,0.0,0.0,0.0,0.0,0.0,0.0,0.0,0.2353727711993117,17.378722622793795,15.847397262642206
11645,465.76,0.98,1,0.224,0.291,0.054,-0.166,-0.117,0.0,0.03,0.0,0.0,0.0,1.74,0.19,1.28,1.05,0.42,0.0,0.74,0.0,0.0,0.67,0.0,0.0,0.0,0.0,0.0,0.0,0.0,1.0,0.0,0.0,1.0,1.0,0.0,0.0,0.0,0.0,0.0,0.0,0.0,0.0,0.24615039665001204,17.22904524342541,15.337535656030283
11646,465.8,0.98,1,0.217,0.294,0.058,-0.166,-0.119,0.0,0.0,0.0,0.0,0.0,1.75,0.23,1.31,1.05,0.31,0.03,0.77,0.0,0.0,0.55,0.0,0.0,0.0,0.0,0.0,0.0,0.0,1.0,0.0,0.0,1.0,1.0,0.0,0.0,0.0,0.0,0.0,0.0,0.0,0.0,0.24363847686964799,17.32772345116338,16.101242188104578
11647,465.84,0.98,1,0.218,0.296,0.06,-0.168,-0.121,0.0,0.0,0.0,0.0,0.0,1.82,0.3,1.36,0.97,0.21,0.07,0.88,0.0,0.0,0.37,0.0,0.0,1.0,0.0,0.0,0.0,0.0,1.0,0.0,0.0,1.0,1.0,0.0,0.0,0.0,0.0,0.0,0.0,0.0,0.0,0.23776572233096382,17.21307642462554,16.826764394856202
11648,465.88,0.98,1,0.222,0.306,0.069,-0.176,-0.12,0.01,0.0,0.0,0.03,0.0,1.81,0.28,1.32,0.94,0.18,0.2,1.03,0.0,0.0,0.45,0.0,0.0,1.0,0.0,0.0,0.0,0.0,1.0,0.0,0.0,1.0,1.0,0.0,0.0,0.0,0.0,0.0,0.0,0.0,0.0,0.23520406252449155,17.361163555476253,16.788686666919485
11649,465.92,0.98,1,0.226,0.313,0.077,-0.182,-0.115,0.01,0.04,0.0,0.03,0.0,1.65,0.24,1.34,0.95,0.19,0.2,1.07,0.0,0.0,0.63,0.0,0.0,1.0,0.0,0.0,0.0,0.0,1.0,0.0,1.0,1.0,1.0,0.0,0.0,0.0,0.0,0.0,0.0,0.0,0.0,0.24337995750912828,17.36116355547648,17.415510328439893
11650,465.96,0.98,1,0.237,0.321,0.081,-0.186,-0.108,0.01,0.04,0.0,0.03,0.0,1.61,0.18,1.42,1.06,0.22,0.19,1.0,0.0,0.0,0.85,0.0,0.0,1.0,0.0,0.0,0.0,0.0,1.0,0.0,1.0,1.0,1.0,0.0,0.0,0.0,0.0,0.0,0.0,0.0,0.0,0.24073916430903824,17.34416328336415,16.18301578816525
11651,466.0,0.98,1,0.223,0.328,0.078,-0.186,-0.105,0.0,0.04,0.0,0.04,0.0,1.74,0.13,1.54,1.2,0.24,0.07,0.98,0.0,0.0,1.0,0.1,0.0,1.0,0.0,0.0,0.0,0.0,1.0,0.0,1.0,1.0,1.0,0.0,0.0,0.0,0.0,0.0,0.0,0.0,0.0,0.23200583409427833,17.69208862740632,15.41492782986665
11652,466.04,0.98,1,0.228,0.333,0.074,-0.18,-0.108,0.0,0.0,0.0,0.04,0.04,2.18,0.08,1.55,1.3,0.36,0.04,0.77,0.0,0.0,1.27,0.2,0.0,1.0,0.0,0.0,0.0,0.0,1.0,0.0,1.0,1.0,1.0,0.0,0.0,0.0,0.0,0.0,0.0,0.0,0.0,0.229908409898612,17.52512482123876,16.00781059358212
11653,466.08,0.98,1,0.226,0.337,0.081,-0.181,-0.112,0.01,0.13,0.0,0.12,0.06,2.27,0.03,1.42,1.4,0.45,0.02,0.54,0.0,0.0,1.61,0.46,0.0,1.0,0.0,0.0,0.0,0.0,1.0,0.0,1.0,1.0,1.0,0.0,0.0,0.0,0.0,1.0,0.0,0.0,0.0,0.2297334651523908,17.37872262279356,16.44506004853736
11654,466.12,0.98,1,0.223,0.328,0.085,-0.185,-0.11,0.01,0.19,0.0,0.12,0.1,2.39,0.0,1.36,1.48,0.52,0.0,0.23,0.0,0.0,2.02,0.61,0.0,1.0,0.0,0.0,0.0,0.0,1.0,0.0,1.0,1.0,1.0,0.0,0.0,0.0,0.0,1.0,0.0,0.0,0.0,0.2444224491803085,17.378722622793784,17.344163283364317
11655,466.16,0.98,1,0.223,0.323,0.079,-0.181,-0.11,0.01,0.24,0.0,0.12,0.09,2.21,0.0,1.29,1.52,0.53,0.0,0.28,0.0,0.0,1.88,0.74,0.0,1.0,0.0,0.0,0.0,0.0,1.0,0.0,1.0,1.0,1.0,0.0,0.0,0.0,0.0,1.0,0.0,0.0,0.0,0.2405170745725914,17.181967291320152,16.671532623007355
11656,466.2,0.98,1,0.225,0.323,0.057,-0.172,-0.106,0.0,0.11,0.0,0.04,0.07,2.04,0.0,1.28,1.5,0.44,0.0,0.53,0.0,0.02,1.35,0.49,0.0,1.0,0.0,0.0,0.0,0.0,1.0,0.0,0.0,1.0,1.0,0.0,0.0,0.0,0.0,1.0,0.0,0.0,0.0,0.23667287161775327,17.1143214881573,16.54236984231696
11657,466.24,0.98,1,0.214,0.31,0.045,-0.16,-0.11,0.0,0.1,0.0,0.0,0.05,1.8,0.0,1.27,1.42,0.36,0.0,0.78,0.0,0.03,0.76,0.24,0.0,1.0,0.0,0.0,0.0,0.0,1.0,0.0,0.0,1.0,1.0,0.0,0.0,0.0,0.0,1.0,0.0,0.0,0.0,0.2407567707050547,17.380736463107475,16.422241016377768
11658,466.28,0.98,1,0.207,0.315,0.047,-0.159,-0.105,0.0,0.05,0.0,0.04,0.09,1.93,0.0,1.34,1.35,0.32,0.12,0.69,0.0,0.03,0.62,0.24,0.0,0.0,0.0,0.0,0.0,0.0,1.0,0.0,0.0,1.0,1.0,0.0,0.0,0.0,0.0,1.0,0.0,0.0,0.0,0.23492042702915783,17.366634676873744,16.81219795267717
11659,466.32,0.98,1,0.214,0.331,0.065,-0.17,-0.093,0.0,0.05,0.0,0.04,0.18,2.04,0.0,1.44,1.31,0.43,0.19,0.43,0.0,0.0,0.92,0.52,0.0,0.0,0.0,0.0,0.0,0.0,1.0,0.0,0.0,1.0,1.0,0.0,0.0,0.0,0.0,1.0,0.0,0.0,0.0,0.2309682160859723,17.315888657530735,16.92483382488597
11660,466.36,0.98,1,0.205,0.341,0.076,-0.169,-0.087,0.0,0.1,0.0,0.04,0.3,2.13,0.0,1.53,1.38,0.49,0.19,0.18,0.0,0.0,1.39,0.65,0.0,0.0,0.0,0.0,0.0,1.0,1.0,0.0,1.0,1.0,1.0,0.0,0.0,0.0,0.0,1.0,1.0,0.0,0.0,0.22169137097317965,17.514565367145007,16.3783393541592
11661,466.4,0.98,1,0.203,0.341,0.084,-0.166,-0.087,0.0,0.14,0.0,0.02,0.39,2.1,0.0,1.5,1.47,0.53,0.07,0.09,0.0,0.0,1.79,0.5,0.0,0.0,0.0,0.0,0.0,1.0,1.0,0.0,1.0,1.0,1.0,0.0,0.0,0.0,0.0,1.0,1.0,0.0,0.0,0.21500980540421544,17.592327873252028,17.729072169744132
11662,466.44,0.98,1,0.199,0.337,0.083,-0.16,-0.093,0.0,0.3,0.0,0.04,0.43,2.23,0.0,1.53,1.57,0.53,0.0,0.09,0.0,0.0,1.92,0.31,0.0,0.0,1.0,0.0,0.0,1.0,1.0,0.0,1.0,1.0,1.0,0.0,0.0,0.0,0.0,1.0,1.0,0.0,0.0,0.2075941236615385,17.67766952966369,18.435292240699766
11663,466.48,0.98,1,0.187,0.351,0.087,-0.148,-0.104,0.0,0.3,0.0,0.04,0.44,2.34,0.0,1.49,1.61,0.64,0.0,0.08,0.0,0.0,1.84,0.24,0.0,0.0,1.0,0.0,0.0,1.0,1.0,0.0,1.0,1.0,1.0,0.0,0.0,0.0,0.0,1.0,1.0,0.0,0.0,0.2040410367735928,17.90474797365218,17.748521065148026
11664,466.52,0.98,1,0.19,0.336,0.081,-0.147,-0.113,0.13,0.44,0.0,0.02,0.35,2.12,0.0,1.49,1.68,0.81,0.0,0.06,0.0,0.0,1.82,0.25,0.37,0.0,1.0,0.0,0.0,1.0,1.0,0.0,1.0,1.0,1.0,0.0,0.0,0.0,0.0,1.0,1.0,0.0,0.0,0.1975133414073597,17.805897899291825,18.180484041961204
11665,466.56,0.98,1,0.148,0.368,0.066,-0.144,-0.124,0.28,0.43,0.0,0.0,0.24,1.7,0.0,1.5,1.82,1.08,0.0,0.0,0.0,0.0,2.01,0.21,0.9,1.0,1.0,0.0,0.0,1.0,1.0,0.0,1.0,1.0,1.0,0.0,0.0,0.0,0.0,1.0,0.0,0.0,1.0,0.1907541394115132,17.901117283566585,19.31890266034788
11666,466.6,0.98,1,0.114,0.416,0.061,-0.172,-0.121,0.36,0.36,0.0,0.0,0.18,1.4,0.0,1.44,1.89,1.15,0.0,0.0,0.0,0.0,2.14,0.15,1.5,1.0,1.0,0.0,0.0,1.0,1.0,0.0,1.0,1.0,1.0,0.0,0.0,0.0,0.0,1.0,0.0,0.0,1.0,0.18130092546573895,16.414932226482176,26.49849052304665
11667,466.64,0.98,1,0.1,0.398,0.043,-0.145,-0.119,0.41,0.39,0.0,0.0,0.21,1.32,0.0,1.41,1.87,1.18,0.0,0.0,0.0,0.0,2.12,0.05,1.36,1.0,1.0,0.0,0.0,1.0,1.0,0.0,1.0,1.0,1.0,0.0,0.0,0.0,0.0,1.0,0.0,0.0,1.0,0.15951344269344497,16.9047330650325,22.588713996153217
11668,466.68,0.98,1,0.101,0.343,0.037,-0.125,-0.119,0.36,0.37,0.0,0.06,0.28,1.47,0.0,1.28,1.79,1.12,0.0,0.0,0.0,0.0,1.97,0.0,0.95,1.0,1.0,0.0,0.0,1.0,1.0,0.0,1.0,1.0,1.0,0.0,0.0,0.0,0.0,1.0,0.0,0.0,1.0,0.15479293153954,18.001111076819676,19.946177578673986
11669,466.72,0.98,1,0.178,0.308,0.046,-0.127,-0.116,0.36,0.44,0.0,0.16,0.39,1.7,0.03,1.31,1.78,1.13,0.0,0.0,0.0,0.0,1.86,0.0,0.37,1.0,1.0,0.0,0.0,1.0,1.0,0.0,1.0,1.0,1.0,0.0,0.0,0.0,0.0,1.0,0.0,0.0,1.0,0.1764901923513688,16.602710622064006,18.479177470872486
11670,466.76,0.98,1,0.177,0.301,0.055,-0.13,-0.117,0.18,0.23,0.0,0.23,0.5,1.94,0.03,1.39,1.85,1.1,0.0,0.01,0.0,0.0,1.77,0.0,0.23,1.0,1.0,0.0,0.0,1.0,1.0,0.0,1.0,1.0,1.0,0.0,0.0,0.0,0.0,1.0,0.0,0.0,0.0,0.18940871873604193,16.23730273167296,18.183783984638495
11671,466.8,0.98,1,0.182,0.316,0.057,-0.128,-0.119,0.08,0.1,0.0,0.24,0.63,2.11,0.08,1.46,1.9,1.12,0.0,0.01,0.0,0.0,1.66,0.0,0.1,1.0,1.0,0.0,0.0,1.0,1.0,0.0,1.0,1.0,1.0,0.0,0.0,0.0,0.0,1.0,0.0,0.0,0.0,0.18070879577850502,16.169724796668756,19.185932346383236
11672,466.84,0.98,1,0.167,0.312,0.06,-0.129,-0.114,0.06,0.04,0.0,0.28,0.6,2.06,0.04,1.47,1.95,1.24,0.0,0.01,0.0,0.0,1.54,0.0,0.22,1.0,1.0,0.0,0.0,1.0,1.0,0.0,1.0,1.0,1.0,0.0,0.0,0.0,0.0,1.0,0.0,0.0,0.0,0.17851987011125578,16.278820596099752,18.965494984312915
11673,466.88,0.98,1,0.172,0.32,0.057,-0.128,-0.115,0.08,0.16,0.0,0.23,0.65,2.23,0.04,1.51,2.02,1.31,0.0,0.01,0.0,0.0,1.61,0.0,0.13,1.0,1.0,0.0,0.0,1.0,1.0,0.0,1.0,1.0,1.0,0.0,0.0,0.0,0.0,1.0,0.0,0.0,0.0,0.17435288657683523,16.06113321033108,19.00736699282672
11674,466.92,0.98,1,0.168,0.314,0.059,-0.122,-0.116,0.07,0.19,0.0,0.17,0.7,2.33,0.01,1.55,2.11,1.34,0.0,0.0,0.0,0.0,1.68,0.0,0.17,1.0,1.0,0.0,0.0,1.0,1.0,0.0,1.0,1.0,1.0,0.0,0.0,0.0,0.0,1.0,0.0,0.0,0.0,0.1734090370872768,16.9664374575217,18.9928934077988
11675,466.96,0.98,1,0.16,0.312,0.056,-0.117,-0.116,0.02,0.21,0.0,0.03,0.83,2.56,0.02,1.66,2.18,1.1,0.0,0.0,0.0,0.0,1.74,0.0,0.04,0.0,1.0,0.0,0.0,1.0,1.0,0.0,1.0,1.0,1.0,0.0,0.0,0.0,0.0,1.0,0.0,0.0,0.0,0.16981170330967044,17.16566340110387,18.681809334216002
11676,467.0,0.98,1,0.157,0.311,0.046,-0.12,-0.114,0.0,0.1,0.0,0.02,0.91,2.69,0.05,1.69,2.23,1.02,0.0,0.0,0.0,0.0,1.71,0.0,0.04,0.0,1.0,0.0,0.0,1.0,1.0,0.0,1.0,1.0,1.0,0.0,0.0,0.0,0.0,1.0,0.0,0.0,0.0,0.16699538250130097,16.443843832875658,18.528356645962916
11677,467.04,0.98,1,0.16,0.302,0.045,-0.116,-0.117,0.0,0.07,0.0,0.0,1.0,2.67,0.08,1.67,2.27,0.95,0.0,0.0,0.0,0.0,1.72,0.0,0.01,0.0,1.0,0.0,0.0,1.0,1.0,0.0,1.0,1.0,1.0,0.0,0.0,0.0,0.0,1.0,0.0,0.0,0.0,0.1684220463081911,17.241809649801883,18.11767093199354
11678,467.08,0.98,1,0.16,0.305,0.045,-0.114,-0.118,0.0,0.01,0.0,0.11,1.03,2.62,0.12,1.65,2.35,1.09,0.0,0.0,0.0,0.0,1.77,0.0,0.01,0.0,1.0,0.0,0.0,1.0,1.0,0.0,1.0,1.0,1.0,0.0,0.0,0.0,0.0,1.0,0.0,0.0,0.0,0.16948890092601568,17.075128110793198,18.34693434882233
11679,467.12,0.98,1,0.159,0.301,0.047,-0.108,-0.122,0.0,0.07,0.0,0.12,1.03,2.51,0.14,1.7,2.42,1.09,0.0,0.0,0.0,0.0,1.9,0.0,0.02,0.0,1.0,0.0,0.0,1.0,1.0,0.0,1.0,1.0,1.0,0.0,0.0,0.0,0.0,1.0,0.0,0.0,0.0,0.17353249806727106,17.5034282356344,18.741664813991314
11680,467.16,0.98,1,0.147,0.3,0.042,-0.102,-0.123,0.0,0.07,0.0,0.19,1.03,2.64,0.11,1.78,2.47,1.17,0.0,0.0,0.0,0.0,1.98,0.0,0.02,0.0,1.0,0.0,0.0,1.0,1.0,0.0,1.0,1.0,1.0,0.0,0.0,0.0,0.0,1.0,0.0,0.0,0.0,0.17106841269793022,17.216561793807866,19.334166648707807
11681,467.2,0.98,1,0.144,0.291,0.041,-0.104,-0.12,0.0,0.07,0.0,0.08,1.02,2.64,0.14,1.73,2.47,1.1,0.0,0.0,0.0,0.0,2.09,0.0,0.02,0.0,1.0,0.0,0.0,1.0,1.0,0.0,1.0,1.0,1.0,0.0,0.0,0.0,0.0,1.0,0.0,0.0,0.0,0.1751105240659479,17.265283084849827,19.251233726699184
11682,467.24,0.98,1,0.155,0.28,0.032,-0.096,-0.125,0.0,0.0,0.0,0.07,1.01,2.6,0.17,1.7,2.49,1.11,0.0,0.0,0.0,0.0,2.05,0.0,0.0,0.0,1.0,0.0,0.0,1.0,1.0,0.0,1.0,1.0,1.0,0.0,0.0,0.0,0.0,1.0,0.0,0.0,0.0,0.18189390363991229,17.791290003819338,19.16898536699331
11683,467.28,0.98,1,0.143,0.285,0.034,-0.091,-0.127,0.0,0.0,0.0,0.0,0.98,2.54,0.22,1.7,2.48,1.02,0.0,0.0,0.0,0.0,1.94,0.0,0.0,0.0,0.0,0.0,0.0,1.0,1.0,1.0,1.0,1.0,1.0,0.0,0.0,0.0,0.0,1.0,0.0,0.0,0.0,0.17636086754105026,18.080099557248012,19.28989372702703
11684,467.32,0.98,1,0.144,0.281,0.034,-0.087,-0.126,0.04,0.0,0.0,0.0,1.04,2.73,0.19,1.74,2.49,1.19,0.0,0.0,0.0,0.0,1.83,0.0,0.0,0.0,0.0,0.0,0.0,1.0,1.0,1.0,1.0,1.0,1.0,0.0,0.0,0.0,0.0,1.0,0.0,0.0,0.0,0.18327284495005447,18.398369492974062,19.0378570222598
11685,467.36,0.98,1,0.14,0.282,0.034,-0.079,-0.122,0.04,0.0,0.0,0.0,1.08,3.0,0.15,1.73,2.5,1.31,0.0,0.0,0.0,0.0,1.77,0.0,0.0,0.0,0.0,0.0,0.0,1.0,1.0,1.0,1.0,1.0,1.0,0.0,0.0,0.0,0.0,1.0,0.0,0.0,0.0,0.18025742859344374,18.569060288555264,19.007366992826928
11686,467.4,0.98,1,0.133,0.29,0.034,-0.079,-0.117,0.04,0.0,0.0,0.04,1.1,3.22,0.12,1.78,2.5,1.34,0.0,0.0,0.0,0.0,1.81,0.0,0.0,0.0,0.0,0.0,0.0,1.0,1.0,1.0,1.0,1.0,1.0,0.0,0.0,0.0,0.0,1.0,0.0,0.0,0.0,0.18056543285413867,18.487833837418695,18.879883474216726
11687,467.44,0.98,1,0.133,0.284,0.034,-0.079,-0.112,0.0,0.0,0.0,0.13,1.11,3.19,0.09,1.83,2.51,1.31,0.0,0.0,0.0,0.0,1.82,0.0,0.0,0.0,0.0,0.0,0.0,1.0,1.0,0.0,1.0,1.0,1.0,0.0,0.0,0.0,0.0,1.0,0.0,0.0,0.0,0.18749875298180196,18.369812192834154,19.325630649476913
11688,467.48,0.98,1,0.135,0.292,0.041,-0.082,-0.108,0.0,0.0,0.0,0.16,1.08,2.98,0.08,1.82,2.5,1.22,0.0,0.0,0.0,0.0,1.81,0.0,0.0,0.0,0.0,0.0,0.0,1.0,1.0,0.0,1.0,1.0,1.0,0.0,0.0,0.0,0.0,1.0,0.0,0.0,0.0,0.18766301492685875,18.66869036649322,19.746392075515878
11689,467.52,0.98,1,0.12,0.287,0.04,-0.082,-0.106,0.0,0.0,0.0,0.22,1.04,2.88,0.07,1.77,2.52,1.24,0.0,0.0,0.0,0.0,1.92,0.0,0.0,0.0,0.0,0.0,0.0,1.0,1.0,0.0,1.0,1.0,1.0,0.0,0.0,0.0,0.0,1.0,0.0,0.0,0.0,0.18984050071250014,17.62554963681984,20.209403751719286
11690,467.56,0.98,1,0.117,0.3,0.047,-0.081,-0.109,0.0,0.0,0.0,0.16,1.05,2.8,0.05,1.79,2.53,1.24,0.0,0.0,0.0,0.0,2.02,0.0,0.0,0.0,0.0,0.0,0.0,1.0,1.0,0.0,1.0,1.0,1.0,0.0,0.0,0.0,0.0,1.0,0.0,0.0,0.0,0.18919885822482985,18.23321145602159,20.220039564748546
11691,467.6,0.98,1,0.113,0.288,0.044,-0.081,-0.108,0.0,0.0,0.0,0.14,1.02,2.86,0.05,1.78,2.51,1.27,0.0,0.0,0.0,0.0,2.2,0.0,0.0,0.0,0.0,0.0,0.0,1.0,1.0,0.0,1.0,1.0,1.0,0.0,0.0,0.0,0.0,1.0,0.0,0.0,0.0,0.1885556967476396,18.69679116854003,20.78701517774983
11692,467.64,0.98,1,0.116,0.298,0.05,-0.082,-0.108,0.0,0.0,0.0,0.04,1.0,2.72,0.07,1.66,2.46,1.33,0.0,0.0,0.0,0.0,2.13,0.0,0.0,0.0,0.0,0.0,0.0,1.0,1.0,0.0,1.0,1.0,1.0,0.0,0.0,0.0,0.0,1.0,0.0,0.0,0.0,0.19346783040390494,19.039432764659857,21.413313615599016
11693,467.68,0.98,1,0.11,0.292,0.054,-0.077,-0.11,0.0,0.0,0.0,0.02,0.94,2.71,0.07,1.64,2.4,1.36,0.0,0.0,0.0,0.0,2.08,0.01,0.0,0.0,0.0,0.0,0.0,1.0,1.0,0.0,1.0,1.0,1.0,0.0,0.0,0.0,0.0,1.0,0.0,0.0,0.0,0.19638115008963478,18.741664813991456,21.2762778699657
11694,467.72,0.98,1,0.112,0.308,0.059,-0.073,-0.112,0.0,0.05,0.0,0.0,0.85,2.64,0.03,1.54,2.36,1.22,0.0,0.0,0.0,0.0,2.08,0.07,0.0,0.0,0.0,0.0,0.0,1.0,1.0,0.0,1.0,1.0,1.0,0.0,0.0,0.0,0.0,1.0,0.0,0.0,0.0,0.18817912141053983,19.12694434560836,21.711747972008062
11695,467.76,0.98,1,0.1,0.296,0.055,-0.079,-0.108,0.0,0.05,0.0,0.0,0.86,2.73,0.0,1.69,2.4,1.11,0.0,0.0,0.0,0.0,2.03,0.12,0.0,0.0,0.0,0.0,0.0,1.0,1.0,0.0,1.0,1.0,1.0,0.0,0.0,0.0,0.0,1.0,0.0,0.0,0.0,0.19058538239123904,19.051771571168775,21.367732682715737
11696,467.8,0.98,1,0.101,0.298,0.056,-0.073,-0.115,0.0,0.05,0.0,0.0,0.85,2.9,0.0,1.61,2.43,1.03,0.0,0.0,0.0,0.0,2.04,0.16,0.0,0.0,0.0,0.0,0.0,1.0,1.0,0.0,1.0,1.0,1.0,0.0,0.0,0.0,0.0,1.0,1.0,0.0,0.0,0.18443234234461045,19.039432764659868,21.168372634664326
11697,467.84,0.98,1,0.102,0.291,0.051,-0.07,-0.117,0.0,0.0,0.0,0.0,0.88,2.99,0.0,1.72,2.46,1.13,0.0,0.0,0.0,0.0,1.96,0.16,0.0,0.0,0.0,0.0,0.0,1.0,1.0,0.0,1.0,1.0,1.0,0.0,0.0,0.0,0.0,1.0,1.0,0.0,0.0,0.18739306479698437,19.051771571169,20.905740838344084
11698,467.88,0.98,1,0.105,0.294,0.049,-0.072,-0.116,0.0,0.0,0.0,0.0,0.88,2.99,0.0,1.59,2.44,1.17,0.0,0.0,0.0,0.0,2.06,0.21,0.0,0.0,0.0,0.0,0.0,1.0,1.0,0.0,1.0,1.0,1.0,0.0,0.0,0.0,0.0,1.0,1.0,0.0,0.0,0.18983119428083803,18.72965562950919,20.926777104943987
11699,467.92,0.98,1,0.099,0.29,0.047,-0.071,-0.115,0.0,0.0,0.0,0.0,0.88,2.64,0.0,1.51,2.41,1.13,0.0,0.0,0.0,0.0,2.1,0.27,0.0,0.0,0.0,0.0,0.0,1.0,1.0,0.0,1.0,1.0,1.0,0.0,0.0,0.0,0.0,1.0,1.0,0.0,0.0,0.19301255933840655,19.077997798511117,21.02617416459766
11700,467.96,0.98,1,0.09,0.276,0.046,-0.073,-0.113,0.0,0.0,0.0,0.0,0.85,2.63,0.0,1.37,2.36,1.11,0.0,0.0,0.0,0.0,2.26,0.21,0.0,0.0,0.0,0.0,0.0,1.0,1.0,0.0,1.0,1.0,1.0,0.0,0.0,0.0,0.0,1.0,1.0,0.0,0.0,0.18508514248112498,19.33726971420737,21.077001684300352
11701,468.0,0.98,1,0.085,0.288,0.049,-0.072,-0.114,0.0,0.0,0.0,0.0,0.79,2.6,0.0,1.29,2.36,1.09,0.0,0.0,0.0,0.0,2.39,0.11,0.0,0.0,0.0,0.0,0.0,1.0,1.0,0.0,1.0,1.0,1.0,0.0,0.0,0.0,0.0,1.0,1.0,0.0,0.0,0.17754493896848367,19.723082923316163,21.783020910792008
11702,468.04,0.98,1,0.092,0.277,0.045,-0.073,-0.115,0.0,0.0,0.0,0.0,0.72,2.86,0.0,1.31,2.35,1.12,0.0,0.0,0.0,0.0,2.5,0.05,0.0,0.0,0.0,0.0,0.0,1.0,1.0,0.0,1.0,1.0,1.0,0.0,0.0,0.0,0.0,1.0,1.0,0.0,0.0,0.18597403337199864,19.71217897646035,21.79197099851232
11703,468.08,0.98,1,0.091,0.277,0.046,-0.075,-0.115,0.0,0.02,0.0,0.01,0.68,2.87,0.0,1.34,2.37,1.15,0.0,0.0,0.0,0.0,2.53,0.05,0.0,0.0,0.0,0.0,0.0,1.0,1.0,0.0,1.0,1.0,1.0,0.0,0.0,0.0,0.0,1.0,1.0,0.0,0.0,0.19338995140252496,19.712178976460123,21.384573879317724
11704,468.12,0.98,1,0.091,0.28,0.044,-0.077,-0.115,0.02,0.02,0.0,0.01,0.67,2.96,0.0,1.38,2.4,1.26,0.0,0.0,0.0,0.0,2.47,0.08,0.0,0.0,0.0,0.0,0.0,1.0,1.0,0.0,1.0,1.0,1.0,0.0,0.0,0.0,0.0,1.0,1.0,0.0,0.0,0.20368110351665264,19.535864454894096,21.07700168430036
11705,468.16,0.98,1,0.089,0.287,0.058,-0.076,-0.12,0.02,0.02,0.0,0.01,0.74,2.95,0.0,1.35,2.42,1.27,0.0,0.0,0.0,0.0,2.36,0.12,0.0,0.0,0.0,0.0,0.0,1.0,1.0,0.0,1.0,1.0,1.0,0.0,0.0,0.0,0.0,1.0,1.0,0.0,0.0,0.2015599285340629,19.723082923315935,21.276277869965924
11706,468.2,0.98,1,0.089,0.29,0.055,-0.074,-0.12,0.02,0.0,0.0,0.0,0.84,2.97,0.0,1.36,2.48,1.26,0.0,0.0,0.0,0.0,2.23,0.18,0.0,0.0,0.0,0.0,0.0,1.0,1.0,0.0,1.0,1.0,1.0,0.0,0.0,0.0,0.0,1.0,1.0,0.0,0.0,0.1966880600644258,19.811612756158997,21.185372312045782
11707,468.24,0.98,1,0.084,0.278,0.048,-0.07,-0.115,0.0,0.0,0.0,0.0,0.89,2.81,0.0,1.33,2.48,1.21,0.0,0.0,0.0,0.0,2.21,0.15,0.0,0.0,0.0,0.0,0.0,1.0,1.0,0.0,1.0,1.0,1.0,0.0,0.0,0.0,0.0,1.0,1.0,0.0,0.0,0.20013952441350413,19.921847303902265,21.268051156605818
11708,468.28,0.98,1,0.077,0.271,0.044,-0.068,-0.11,0.0,0.0,0.0,0.0,0.91,2.8,0.0,1.34,2.48,1.21,0.0,0.0,0.0,0.0,2.27,0.11,0.0,0.0,0.0,0.0,0.0,1.0,1.0,0.0,1.0,1.0,1.0,0.0,0.0,0.0,0.0,1.0,1.0,0.0,0.0,0.20386182256854546,19.83380951809314,21.06086417980041
11709,468.32,0.98,1,0.064,0.268,0.044,-0.058,-0.107,0.0,0.0,0.0,0.0,0.92,2.78,0.0,1.36,2.44,1.2,0.0,0.0,0.0,0.0,2.32,0.08,0.0,0.0,0.0,0.0,0.0,1.0,1.0,0.0,1.0,1.0,1.0,0.0,0.0,0.0,0.0,1.0,1.0,0.0,0.0,0.19158607377859094,19.900753754569152,21.35275157912905
11710,468.36,0.98,1,0.063,0.27,0.046,-0.058,-0.103,0.0,0.0,0.0,0.0,0.99,2.87,0.01,1.39,2.36,1.15,0.0,0.0,0.0,0.0,2.39,0.13,0.0,0.0,0.0,0.0,0.0,1.0,1.0,0.0,1.0,1.0,1.0,0.0,0.0,0.0,0.0,1.0,1.0,0.0,0.0,0.19510673413251362,20.080836635957173,20.729206448873096
11711,468.4,0.98,1,0.043,0.271,0.046,-0.054,-0.099,0.0,0.0,0.0,0.0,1.01,2.72,0.01,1.43,2.33,1.17,0.0,0.0,0.0,0.0,2.42,0.12,0.0,0.0,0.0,0.0,0.0,1.0,1.0,0.0,1.0,1.0,1.0,0.0,0.0,0.0,0.0,1.0,1.0,0.0,0.0,0.19212190927534556,19.84943324127916,19.925109786397755
11712,468.44,0.98,1,0.041,0.272,0.051,-0.052,-0.095,0.0,0.0,0.0,0.0,1.02,2.62,0.01,1.45,2.31,1.25,0.0,0.0,0.0,0.0,2.37,0.08,0.0,0.0,0.0,0.0,0.0,1.0,1.0,0.0,1.0,1.0,1.0,0.0,0.0,0.0,0.0,1.0,0.0,0.0,0.0,0.19153952580192427,20.35534327885428,19.816155025635197
11713,468.48,0.98,1,0.027,0.271,0.05,-0.051,-0.087,0.0,0.0,0.0,0.0,1.01,2.59,0.0,1.44,2.38,1.39,0.04,0.0,0.0,0.0,2.32,0.06,0.0,0.0,0.0,0.0,0.0,1.0,1.0,0.0,1.0,1.0,1.0,0.0,0.0,0.0,0.0,1.0,0.0,0.0,0.0,0.1884311414787072,20.35534327885451,19.920341362537027
11714,468.52,0.98,1,0.03,0.273,0.053,-0.047,-0.087,0.0,0.0,0.0,0.08,0.99,2.66,0.05,1.51,2.42,1.42,0.04,0.0,0.0,0.0,2.32,0.04,0.01,0.0,0.0,0.0,0.0,1.0,1.0,0.0,1.0,1.0,1.0,0.0,0.0,0.0,0.0,1.0,0.0,0.0,0.0,0.19458011753794008,21.4457454988164,19.50640920313116
11715,468.56,0.98,1,0.018,0.282,0.056,-0.043,-0.086,0.0,0.0,0.0,0.08,0.97,2.57,0.05,1.49,2.43,1.35,0.04,0.0,0.0,0.0,2.41,0.12,0.06,0.0,0.0,0.0,0.0,1.0,1.0,0.0,1.0,1.0,1.0,0.0,0.0,0.0,0.0,1.0,0.0,0.0,0.0,0.18235614149936297,21.35275157912905,20.01599360511489
11716,468.6,0.98,1,0.017,0.289,0.056,-0.041,-0.087,0.0,0.08,0.0,0.08,0.94,2.46,0.05,1.52,2.4,1.22,0.0,0.0,0.0,0.0,2.38,0.09,0.06,0.0,0.0,0.0,0.0,1.0,1.0,0.0,1.0,1.0,1.0,0.0,0.0,0.0,0.0,1.0,0.0,0.0,0.0,0.18911383359356132,20.647518010647094,19.812369873389663
11717,468.64,0.98,1,0.011,0.272,0.064,-0.027,-0.095,0.0,0.08,0.0,0.0,0.91,2.53,0.0,1.46,2.4,1.15,0.0,0.0,0.0,0.0,2.35,0.19,0.05,0.0,0.0,0.0,0.0,1.0,1.0,0.0,1.0,1.0,1.0,0.0,0.0,0.0,0.0,1.0,0.0,0.0,0.0,0.19512415533872401,20.940391591371792,20.319940944796034
11718,468.68,0.98,1,0.019,0.289,0.065,-0.028,-0.094,0.03,0.14,0.0,0.0,1.02,2.89,0.03,1.49,2.47,1.23,0.0,0.0,0.0,0.0,2.24,0.24,0.25,0.0,0.0,0.0,0.0,1.0,1.0,0.0,1.0,1.0,1.0,0.0,0.0,0.0,0.0,1.0,0.0,0.0,0.0,0.18789353978176576,20.447982785595354,19.716236963477634
11719,468.72,0.98,1,0.0,0.33,0.067,-0.013,-0.084,0.03,0.06,0.0,0.0,1.02,3.21,0.09,1.33,2.49,1.25,0.0,0.01,0.09,0.0,2.21,0.46,0.43,0.0,0.0,0.0,0.0,1.0,1.0,1.0,1.0,1.0,1.0,0.0,0.0,0.0,0.0,1.0,0.0,0.0,0.0,0.15944015217208407,19.121192431435766,20.35534327885428
11720,468.76,0.98,1,0.013,0.343,0.071,-0.024,-0.056,0.05,0.06,0.0,0.0,1.0,3.22,0.15,1.11,2.44,1.37,0.0,0.1,0.17,0.0,2.2,0.65,0.71,0.0,0.0,0.0,0.0,1.0,1.0,1.0,1.0,1.0,1.0,0.0,0.0,0.0,0.0,1.0,0.0,0.0,0.0,0.15605789323411728,18.339302058693693,19.03785702225962
11721,468.8,0.98,1,0.003,0.352,0.083,-0.026,-0.048,0.02,0.0,0.0,0.0,0.9,3.11,0.17,0.92,2.38,1.29,0.0,0.22,0.23,0.0,2.16,0.82,0.61,0.0,0.0,0.0,0.0,1.0,1.0,1.0,1.0,1.0,1.0,0.0,0.0,0.0,0.0,1.0,0.0,0.0,0.0,0.1549522318456798,18.246369501903484,19.557607215607945
11722,468.84,0.98,1,0.003,0.347,0.08,-0.02,-0.048,0.02,0.0,0.0,0.0,0.87,2.95,0.16,0.93,2.38,1.27,0.0,0.27,0.23,0.0,2.14,0.85,0.63,0.0,0.0,0.0,0.0,1.0,1.0,1.0,1.0,1.0,1.0,0.0,0.0,0.0,0.0,1.0,0.0,0.0,0.0,0.15606379648024932,18.645374761586222,19.95645259057818
11723,468.88,0.98,1,-0.005,0.351,0.084,-0.015,-0.054,0.0,0.0,0.0,0.0,0.88,2.91,0.12,0.96,2.42,1.17,0.0,0.18,0.22,0.0,2.2,0.81,0.55,0.0,0.0,0.0,0.0,1.0,1.0,1.0,1.0,1.0,1.0,0.0,0.0,0.0,0.0,1.0,0.0,0.0,0.0,0.15325875396324085,19.237463450257717,20.05617112013158
11724,468.92,0.98,1,-0.005,0.355,0.087,-0.013,-0.057,0.0,0.0,0.0,0.0,0.89,2.81,0.08,0.93,2.43,1.14,0.0,0.08,0.22,0.0,2.28,0.79,0.56,0.0,0.0,0.0,0.0,1.0,1.0,1.0,1.0,1.0,1.0,0.0,0.0,0.0,0.0,1.0,0.0,0.0,0.0,0.15511277985137029,18.54561942885705,20.171762441591365
11725,468.96,0.98,1,-0.003,0.342,0.082,-0.011,-0.055,0.11,0.0,0.0,0.0,0.95,2.84,0.03,0.95,2.44,1.14,0.0,0.14,0.29,0.0,2.37,0.85,0.43,0.0,0.0,0.0,0.0,1.0,1.0,1.0,1.0,1.0,1.0,0.0,0.0,0.0,0.0,1.0,0.0,0.0,0.0,0.15840146477715222,18.931983519959115,20.379646709400983
11726,469.0,0.98,1,-0.012,0.332,0.075,-0.008,-0.053,0.2,0.12,0.0,0.0,0.89,2.51,0.01,1.0,2.46,1.19,0.0,0.25,0.3,0.0,2.36,0.83,0.66,0.0,0.0,0.0,0.0,1.0,1.0,1.0,1.0,1.0,1.0,0.0,0.0,0.0,0.0,1.0,0.0,0.0,0.0,0.15402299267796848,19.91607391028673,20.063897926375127
11727,469.04,0.98,1,0.002,0.349,0.073,-0.014,-0.05,0.48,0.12,0.0,0.0,0.72,1.74,0.0,1.06,2.52,1.26,0.0,0.22,0.31,0.0,2.5,0.76,1.16,0.0,0.0,0.0,0.0,1.0,1.0,1.0,1.0,1.0,1.0,0.0,0.0,0.0,0.0,1.0,0.0,0.0,1.0,0.18093935966666597,18.545619428857044,18.844893207445
11728,469.08,0.93,1,0.01,0.458,0.072,-0.004,-0.045,0.55,0.25,0.0,0.0,0.52,0.97,0.0,1.02,2.59,1.44,0.0,0.21,0.26,0.0,2.54,0.61,1.81,0.0,0.0,0.0,0.0,1.0,1.0,1.0,1.0,1.0,1.0,0.0,0.0,0.0,0.0,1.0,0.0,0.0,1.0,0.15637546249004136,20.603883129157868,21.1482859825566
11729,469.12,0.98,1,0.017,0.46,0.071,-0.017,-0.041,0.5,0.13,0.0,0.0,0.58,0.98,0.04,1.07,2.58,1.55,0.0,0.2,0.22,0.0,2.49,0.63,2.0,0.0,0.0,0.0,0.0,1.0,1.0,1.0,1.0,1.0,1.0,0.0,0.0,0.0,0.0,1.0,0.0,0.0,1.0,0.16325529144456613,16.419500601419124,21.077001684300352
11730,469.16,0.98,1,0.008,0.395,0.066,-0.012,-0.042,0.22,0.13,0.0,0.0,0.8,1.91,0.05,1.15,2.54,1.55,0.0,0.22,0.19,0.0,2.36,0.69,1.76,0.0,0.0,0.0,0.0,1.0,1.0,1.0,1.0,1.0,1.0,0.0,0.0,0.0,0.0,1.0,0.0,0.0,1.0,0.14592620924459498,19.004210059878837,21.25299978826523
11731,469.2,0.98,1,0.009,0.322,0.086,-0.007,-0.047,0.03,0.0,0.0,0.0,1.07,2.67,0.12,1.22,2.54,1.46,0.0,0.23,0.13,0.0,2.31,0.8,1.27,0.0,0.0,0.0,0.0,1.0,1.0,1.0,1.0,1.0,1.0,0.0,0.0,0.0,0.0,1.0,0.0,0.0,1.0,0.1573437370644184,19.10235587565066,19.226284092356387
11732,469.24,0.98,1,-0.001,0.356,0.106,-0.009,-0.051,0.0,0.0,0.0,0.0,1.24,3.06,0.1,1.27,2.67,1.44,0.0,0.29,0.12,0.0,2.36,0.81,0.86,0.0,0.0,0.0,0.0,1.0,1.0,1.0,1.0,1.0,1.0,0.0,0.0,0.0,0.0,1.0,1.0,0.0,0.0,0.16377962775408356,17.12921480979198,17.890779748238984
11733,469.28,0.98,1,0.01,0.352,0.11,-0.005,-0.055,0.0,0.0,0.0,0.0,1.33,2.86,0.1,1.31,2.79,1.52,0.0,0.39,0.25,0.0,2.44,0.82,0.52,0.0,0.0,0.0,0.0,1.0,1.0,1.0,1.0,1.0,1.0,0.0,0.0,0.0,0.0,1.0,1.0,0.0,0.0,0.15914355993852053,18.170580618130966,19.623710148695118
11734,469.32,0.98,1,0.009,0.321,0.108,-0.002,-0.058,0.0,0.0,0.0,0.0,1.31,2.9,0.06,1.42,2.88,1.58,0.0,0.35,0.32,0.0,2.44,0.8,0.31,0.0,0.0,0.0,0.0,1.0,1.0,1.0,1.0,1.0,1.0,0.0,0.0,0.0,0.0,1.0,1.0,0.0,0.0,0.15218821926517612,19.42575609854102,19.84943324127916
11735,469.36,0.98,1,-0.008,0.318,0.107,-0.002,-0.059,0.0,0.0,0.0,0.0,1.29,2.91,0.04,1.52,2.92,1.59,0.0,0.23,0.37,0.0,2.49,0.74,0.11,0.0,0.0,0.0,0.0,1.0,1.0,1.0,1.0,1.0,1.0,0.0,0.0,0.0,0.0,1.0,1.0,0.0,0.0,0.15945385273536167,18.638669480410794,20.441379601191166
11736,469.4,0.98,1,0.001,0.312,0.105,-0.002,-0.059,0.0,0.0,0.0,0.0,1.27,3.13,0.03,1.58,2.99,1.53,0.0,0.21,0.29,0.0,2.52,0.67,0.03,0.0,0.0,0.0,0.0,1.0,1.0,0.0,1.0,1.0,1.0,0.0,0.0,0.0,0.0,1.0,1.0,0.0,0.0,0.16524228215433906,19.121192431436,20.235612172603073
11737,469.44,0.98,1,0.01,0.302,0.1,-0.003,-0.057,0.0,0.0,0.0,0.0,1.26,3.21,0.0,1.59,3.01,1.45,0.0,0.2,0.22,0.0,2.63,0.65,0.0,0.0,0.0,0.0,0.0,1.0,1.0,0.0,1.0,1.0,1.0,0.0,0.0,0.0,0.0,1.0,1.0,0.0,0.0,0.1725023970313772,18.63249849054057,21.034257771549722
11738,469.48,0.98,1,0.017,0.3,0.097,-0.005,-0.057,0.0,0.0,0.0,0.0,1.22,3.26,0.0,1.51,2.97,1.36,0.0,0.21,0.17,0.0,2.67,0.66,0.0,0.0,0.0,0.0,0.0,1.0,1.0,0.0,1.0,1.0,1.0,0.0,0.0,0.0,0.0,1.0,1.0,0.0,0.0,0.17297898565274566,19.437077969694798,21.72302925468734
11739,469.52,0.98,1,0.014,0.297,0.093,-0.009,-0.055,0.0,0.0,0.0,0.0,1.2,3.32,0.0,1.5,2.95,1.4,0.0,0.18,0.17,0.0,2.68,0.72,0.0,0.0,0.0,0.0,0.0,1.0,1.0,0.0,1.0,1.0,1.0,0.0,0.0,0.0,0.0,1.0,1.0,0.0,0.0,0.17986746493200756,19.536888186197928,21.13409567499864
11740,469.56,0.98,1,0.017,0.297,0.092,-0.013,-0.054,0.06,0.0,0.0,0.0,1.2,3.39,0.0,1.45,2.9,1.47,0.0,0.12,0.21,0.0,2.7,0.82,0.0,0.0,0.0,0.0,0.0,1.0,1.0,0.0,1.0,1.0,1.0,0.0,0.0,0.0,0.0,1.0,1.0,0.0,0.0,0.17821953389180173,20.14869722835688,21.228518554058404
11741,469.6,0.98,1,0.023,0.296,0.091,-0.015,-0.054,0.06,0.0,0.0,0.01,1.18,3.35,0.0,1.43,2.9,1.42,0.0,0.08,0.37,0.0,2.69,0.91,0.0,0.0,0.0,0.0,0.0,1.0,1.0,0.0,1.0,1.0,1.0,0.0,0.0,0.0,0.0,1.0,1.0,0.0,0.0,0.1793129242315616,19.550191814915777,21.627991122616915
11742,469.64,0.98,1,0.027,0.294,0.091,-0.02,-0.051,0.06,0.0,0.0,0.01,1.13,3.18,0.0,1.38,2.83,1.44,0.0,0.05,0.46,0.0,2.72,0.99,0.0,0.0,0.0,0.0,0.0,1.0,1.0,0.0,1.0,1.0,1.0,0.0,0.0,0.0,0.0,1.0,1.0,0.0,0.0,0.18068135141452224,20.163581031156276,21.633307652784076
11743,469.68,0.98,1,0.023,0.294,0.093,-0.024,-0.05,0.0,0.0,0.0,0.01,1.08,3.17,0.0,1.32,2.81,1.4,0.0,0.08,0.42,0.0,2.71,0.96,0.0,0.0,0.0,0.0,0.0,1.0,1.0,0.0,1.0,1.0,1.0,0.0,0.0,0.0,0.0,1.0,1.0,0.0,0.0,0.17793270901735853,20.26326725876165,21.93855054464615
11744,469.72,0.98,1,0.02,0.305,0.092,-0.019,-0.053,0.02,0.0,0.0,0.0,1.1,3.13,0.0,1.21,2.77,1.56,0.0,0.11,0.27,0.0,2.72,0.98,0.0,0.0,0.0,0.0,0.0,1.0,1.0,0.0,1.0,1.0,1.0,0.0,0.0,0.0,0.0,1.0,1.0,0.0,0.0,0.17438588249967232,20.47071078394676,21.73890521622471
11745,469.76,0.98,1,0.022,0.298,0.092,-0.017,-0.056,0.02,0.0,0.0,0.0,1.19,3.21,0.0,1.15,2.78,1.58,0.0,0.08,0.16,0.0,2.68,0.91,0.0,0.0,0.0,0.0,0.0,1.0,1.0,0.0,1.0,1.0,1.0,0.0,0.0,0.0,0.0,1.0,1.0,0.0,0.0,0.17975859693559315,20.379646709400976,22.044500447957535
11746,469.8,0.98,1,0.018,0.298,0.093,-0.013,-0.059,0.02,0.0,0.0,0.0,1.21,3.11,0.0,1.23,2.78,1.65,0.0,0.05,0.26,0.0,2.68,0.9,0.0,0.0,0.0,0.0,0.0,1.0,1.0,0.0,1.0,1.0,1.0,0.0,0.0,0.0,0.0,1.0,1.0,0.0,0.0,0.1806494219575121,20.271408436514765,22.044500447957535
11747,469.84,0.98,1,0.017,0.301,0.096,-0.015,-0.058,0.0,0.0,0.0,0.0,1.2,3.12,0.0,1.33,2.8,1.69,0.0,0.02,0.33,0.0,2.73,0.88,0.0,0.0,0.0,0.0,0.0,1.0,1.0,0.0,1.0,1.0,1.0,0.0,0.0,0.0,0.0,1.0,1.0,0.0,0.0,0.17857719888147022,19.864541273334435,22.144299492194282
11748,469.88,0.98,1,0.018,0.301,0.096,-0.016,-0.056,0.04,0.0,0.0,0.0,1.14,3.02,0.03,1.46,2.78,1.68,0.0,0.07,0.4,0.0,2.75,0.92,0.0,0.0,0.0,0.0,0.0,1.0,1.0,0.0,1.0,1.0,1.0,0.0,0.0,0.0,0.0,1.0,1.0,0.0,0.0,0.18243948858925713,20.148697228357108,21.932852071721182
11749,469.92,0.98,1,0.019,0.303,0.099,-0.018,-0.055,0.04,0.0,0.0,0.0,1.17,2.98,0.04,1.47,2.8,1.68,0.0,0.13,0.42,0.0,2.77,0.95,0.0,0.0,0.0,0.0,0.0,1.0,1.0,1.0,1.0,1.0,1.0,0.0,0.0,0.0,0.0,1.0,1.0,0.0,0.0,0.1836759458677149,19.85673689204745,22.13255520720542
11750,469.96,0.98,1,0.006,0.3,0.1,-0.018,-0.054,0.04,0.0,0.0,0.0,1.21,2.9,0.08,1.53,2.79,1.59,0.0,0.22,0.43,0.0,2.77,1.0,0.0,0.0,0.0,0.0,0.0,1.0,1.0,1.0,1.0,1.0,1.0,0.0,0.0,0.0,0.0,1.0,1.0,0.0,0.0,0.18226849846502907,20.479257799051084,22.232408776378726
11751,470.0,0.98,1,0.001,0.308,0.103,-0.02,-0.05,0.0,0.0,0.0,0.0,1.2,2.9,0.09,1.47,2.79,1.6,0.0,0.22,0.36,0.0,2.79,0.98,0.0,0.0,0.0,0.0,0.0,1.0,1.0,1.0,1.0,1.0,1.0,0.0,0.0,0.0,0.0,1.0,1.0,0.0,0.0,0.17807245235310792,20.16358103115606,21.123683390924175
11752,470.04,0.98,1,0.006,0.305,0.103,-0.023,-0.046,0.0,0.0,0.0,0.0,1.16,2.88,0.15,1.44,2.75,1.53,0.0,0.22,0.27,0.0,2.76,0.99,0.0,0.0,0.0,0.0,0.0,1.0,1.0,1.0,1.0,1.0,1.0,0.0,0.0,0.0,0.0,1.0,1.0,0.0,0.0,0.18068766567750927,20.66204249342271,20.82402458700065
11753,470.08,0.98,1,0.005,0.303,0.096,-0.022,-0.043,0.0,0.0,0.0,0.0,1.13,2.95,0.22,1.43,2.72,1.46,0.0,0.21,0.18,0.0,2.75,1.0,0.0,0.0,0.0,0.0,0.0,1.0,1.0,1.0,1.0,1.0,1.0,0.0,0.0,0.0,0.0,1.0,1.0,0.0,0.0,0.17823194031103182,20.462648899885952,20.62934802653725
11754,470.12,0.98,1,0.002,0.301,0.102,-0.023,-0.042,0.0,0.0,0.0,0.0,1.15,2.98,0.21,1.51,2.73,1.29,0.0,0.29,0.19,0.0,2.72,1.06,0.0,0.0,0.0,0.0,0.0,1.0,1.0,1.0,1.0,1.0,1.0,0.0,0.0,0.0,0.0,1.0,1.0,0.0,0.0,0.18403914262779797,20.662042493422483,20.923909768491985
11755,470.16,0.98,1,0.0,0.299,0.101,-0.024,-0.038,0.0,0.0,0.0,0.01,1.23,3.06,0.15,1.66,2.72,1.26,0.0,0.23,0.26,0.0,2.77,0.9,0.0,0.0,0.0,0.0,0.0,1.0,1.0,1.0,1.0,1.0,1.0,0.0,0.0,0.0,0.0,1.0,1.0,0.0,0.0,0.18390187797003563,20.75427666771362,21.618741869035674
11756,470.2,0.98,1,0.001,0.294,0.091,-0.03,-0.067,0.05,0.0,0.0,0.01,1.27,3.15,0.06,1.73,2.77,1.33,0.0,0.15,0.3,0.0,2.84,0.76,0.0,0.0,0.0,0.0,0.0,1.0,1.0,1.0,1.0,1.0,1.0,0.0,0.0,0.0,0.0,1.0,1.0,0.0,0.0,0.18471071671629458,20.447982785595347,21.11918559035849
11757,470.24,0.98,1,0.013,0.313,0.102,-0.008,-0.065,0.05,0.0,0.0,0.01,1.28,3.32,0.1,1.76,2.74,1.43,0.0,0.08,0.23,0.0,2.87,0.72,0.0,0.0,0.0,0.0,0.0,1.0,1.0,1.0,1.0,1.0,1.0,0.0,0.0,0.0,0.0,1.0,1.0,0.0,0.0,0.18001597974353284,20.32978111047923,21.514878572745882
11758,470.28,0.98,1,0.005,0.308,0.098,-0.02,-0.037,0.05,0.0,0.0,0.0,1.14,3.3,0.14,1.7,2.58,1.16,0.0,0.18,0.11,0.0,2.84,0.97,0.0,0.0,0.0,0.0,0.0,1.0,1.0,1.0,1.0,1.0,1.0,0.0,0.0,0.0,0.0,1.0,1.0,0.0,0.0,0.18147179306877576,20.515603817582363,21.208488866489105
11759,470.32,0.98,1,0.018,0.303,0.11,-0.029,-0.027,0.02,0.0,0.0,0.0,0.98,3.11,0.15,1.74,2.24,0.9,0.14,0.25,0.02,0.0,2.6,1.04,0.0,0.0,0.0,0.0,0.0,1.0,1.0,1.0,1.0,1.0,1.0,0.0,0.0,0.0,0.0,1.0,1.0,0.0,0.0,0.18852030078310228,20.220039564748674,21.514878572745882
11760,470.36,0.98,1,0.022,0.288,0.081,-0.033,-0.05,0.09,0.0,0.0,0.0,0.77,2.93,0.18,1.69,1.75,0.76,0.44,0.19,0.02,0.0,2.29,1.07,0.0,0.0,0.0,0.0,0.0,1.0,1.0,1.0,1.0,1.0,1.0,1.0,0.0,0.0,0.0,1.0,1.0,0.0,0.0,0.1995406626705276,20.706037766796474,21.605786262017777
11761,470.4,0.98,1,0.024,0.28,0.064,-0.031,-0.054,0.21,0.04,0.0,0.0,0.66,2.8,0.24,1.74,1.44,0.88,0.81,0.18,0.0,0.0,1.99,0.98,0.11,0.0,0.0,0.0,0.0,1.0,1.0,1.0,1.0,1.0,1.0,1.0,0.0,0.0,0.0,1.0,1.0,0.0,0.0,0.2028720944001169,20.608736011701584,21.60370338622515
11762,470.44,0.98,1,0.003,0.306,0.052,-0.04,-0.058,0.63,0.31,0.0,0.0,0.45,2.33,0.33,1.7,1.29,1.09,1.02,0.17,0.03,0.0,1.96,1.05,0.73,0.0,0.0,0.0,0.0,1.0,1.0,1.0,1.0,1.0,1.0,1.0,0.0,0.0,0.0,1.0,1.0,0.0,0.0,0.1885899095290724,19.112822920751537,18.445866745696588
11763,470.48,0.98,1,-0.008,0.436,0.048,-0.044,-0.056,0.98,0.59,0.0,0.0,0.28,1.65,0.3,1.77,1.36,1.14,1.04,0.16,0.09,0.0,2.12,1.03,1.29,1.0,1.0,0.0,0.0,1.0,1.0,1.0,1.0,1.0,1.0,1.0,0.0,0.0,0.0,1.0,1.0,0.0,1.0,0.1503347730616058,15.538983235720414,19.059118552545918
11764,470.52,0.98,1,-0.02,0.441,0.045,-0.043,-0.055,1.15,0.66,0.0,0.0,0.26,1.38,0.27,1.79,1.38,1.19,0.91,0.12,0.09,0.0,2.22,0.96,1.79,1.0,1.0,0.0,0.0,1.0,1.0,1.0,1.0,1.0,1.0,1.0,0.0,0.0,0.0,1.0,1.0,0.0,1.0,0.14479500008524793,15.845504094221763,18.445866745696577
11765,470.56,0.98,1,0.01,0.388,0.034,-0.041,-0.054,1.0,0.57,0.0,0.0,0.41,1.76,0.25,1.78,1.37,0.98,0.59,0.07,0.07,0.0,2.17,0.98,1.41,1.0,1.0,0.0,0.0,1.0,1.0,1.0,1.0,1.0,1.0,1.0,0.0,0.0,0.0,1.0,1.0,0.0,1.0,0.16513165042521272,17.9178681767671,21.168372634664326
11766,470.6,0.98,1,0.026,0.313,0.027,-0.029,-0.052,0.84,0.34,0.0,0.0,0.62,2.42,0.3,1.79,1.36,0.89,0.28,0.07,0.0,0.0,2.15,0.99,1.04,1.0,1.0,0.0,0.0,1.0,1.0,1.0,1.0,1.0,1.0,0.0,0.0,0.0,0.0,1.0,1.0,0.0,1.0,0.17048392265489898,18.61316738225917,19.76486782146548
11767,470.64,0.98,1,0.015,0.323,0.047,-0.036,-0.054,0.64,0.24,0.0,0.0,0.73,2.93,0.31,1.77,1.42,0.76,0.03,0.02,0.0,0.0,2.16,1.0,0.65,1.0,1.0,0.0,0.0,1.0,1.0,1.0,1.0,1.0,1.0,0.0,0.0,0.0,0.0,1.0,1.0,0.0,1.0,0.18263635925392974,17.00264685276972,18.07097119692243
11768,470.68,0.98,1,0.027,0.326,0.054,-0.038,-0.06,0.53,0.05,0.0,0.0,0.76,3.12,0.32,1.76,1.43,0.84,0.02,0.0,0.0,0.0,2.23,0.97,0.41,1.0,0.0,0.0,0.0,1.0,1.0,1.0,1.0,1.0,1.0,0.0,0.0,0.0,0.0,1.0,1.0,0.0,0.0,0.16520272800011992,16.607528413343058,17.940178371465635
11769,470.72,0.98,1,0.023,0.311,0.048,-0.038,-0.063,0.45,0.08,0.0,0.0,0.74,3.09,0.32,1.68,1.37,0.86,0.03,0.0,0.0,0.0,2.06,1.12,0.35,1.0,0.0,0.0,0.0,1.0,1.0,1.0,1.0,1.0,1.0,0.0,0.0,0.0,0.0,1.0,1.0,0.0,0.0,0.16851059500752832,16.804761230080185,18.71710447692168
11770,470.76,0.98,1,0.032,0.303,0.043,-0.035,-0.066,0.57,0.18,0.0,0.15,0.65,2.91,0.34,1.53,1.17,0.95,0.09,0.01,0.02,0.0,1.78,1.3,0.14,0.0,0.0,0.0,0.0,1.0,1.0,0.0,1.0,1.0,1.0,1.0,0.0,0.0,0.0,1.0,1.0,0.0,0.0,0.17895069183427997,17.501142819827507,18.726718879718177
11771,470.8,0.98,1,0.036,0.292,0.037,-0.033,-0.067,0.58,0.29,0.0,0.27,0.56,2.79,0.32,1.38,1.0,0.83,0.2,0.07,0.02,0.0,1.42,1.35,0.24,0.0,0.0,0.0,0.0,1.0,1.0,0.0,0.0,1.0,1.0,1.0,0.0,0.0,0.0,1.0,1.0,0.0,0.0,0.18185813408022675,18.101104938649375,18.90238080242813
11772,470.84,0.98,1,0.028,0.284,0.032,-0.03,-0.07,0.65,0.4,0.0,0.3,0.45,2.75,0.3,1.28,0.83,0.72,0.28,0.16,0.02,0.0,1.18,1.32,0.13,0.0,0.0,0.0,0.0,1.0,1.0,0.0,0.0,1.0,1.0,1.0,0.0,0.0,0.0,1.0,1.0,0.0,0.0,0.1815807563273801,18.401086924418216,19.306475597581198
11773,470.88,0.98,1,0.042,0.28,0.035,-0.031,-0.072,0.64,0.47,0.0,0.15,0.4,2.7,0.26,1.22,0.73,0.55,0.35,0.28,0.05,0.0,1.02,1.4,0.13,0.0,0.0,0.0,0.0,1.0,1.0,0.0,0.0,1.0,1.0,1.0,0.0,0.0,0.0,1.0,1.0,0.0,0.0,0.19859431703574468,18.704277585622005,19.309324172533803
11774,470.92,0.98,1,0.051,0.292,0.044,-0.033,-0.072,0.66,0.51,0.0,0.03,0.38,2.68,0.28,1.14,0.64,0.46,0.41,0.38,0.07,0.0,0.91,1.47,0.04,0.0,0.0,0.0,0.0,1.0,1.0,0.0,0.0,1.0,1.0,1.0,0.0,0.0,0.0,1.0,1.0,0.0,0.0,0.19656910147498452,18.417383093154005,19.606376513777256
11775,470.96,0.98,1,0.05,0.286,0.039,-0.033,-0.071,0.67,0.48,0.0,0.1,0.33,2.67,0.31,0.99,0.57,0.4,0.47,0.48,0.08,0.0,0.76,1.54,0.0,0.0,0.0,0.0,0.0,1.0,1.0,0.0,0.0,1.0,1.0,1.0,0.0,0.0,0.0,1.0,1.0,0.0,0.0,0.1985130802579711,18.809572031282325,19.920341362536806
11776,471.0,0.98,1,0.052,0.287,0.038,-0.034,-0.073,0.82,0.48,0.0,0.14,0.28,2.69,0.32,0.84,0.55,0.44,0.47,0.59,0.03,0.0,0.67,1.5,0.0,0.0,0.0,0.0,0.0,1.0,1.0,0.0,0.0,1.0,1.0,1.0,0.0,0.0,0.0,1.0,1.0,0.0,0.0,0.2014406236995509,18.806647760831762,20.21583537724825
11777,471.04,0.98,1,0.059,0.278,0.037,-0.032,-0.075,0.83,0.39,0.0,0.14,0.23,2.69,0.32,0.8,0.57,0.48,0.42,0.58,0.01,0.0,0.62,1.43,0.0,0.0,0.0,0.0,0.0,1.0,1.0,0.0,0.0,1.0,1.0,1.0,0.0,0.0,0.0,1.0,1.0,0.0,0.0,0.20781496945041278,19.216659439142944,20.519746587129195
11778,471.08,0.98,1,0.042,0.286,0.038,-0.031,-0.08,0.82,0.38,0.0,0.05,0.27,2.76,0.29,0.85,0.65,0.44,0.45,0.48,0.02,0.0,0.67,1.13,0.0,0.0,0.0,0.0,0.0,1.0,1.0,0.0,0.0,1.0,1.0,1.0,0.0,0.0,0.0,1.0,1.0,0.0,0.0,0.20371279747603827,19.61249601657057,20.324615617521708
11779,471.12,0.98,1,0.048,0.273,0.037,-0.024,-0.087,0.6,0.35,0.0,0.01,0.33,2.63,0.3,0.97,0.86,0.44,0.41,0.37,0.02,0.0,0.73,0.74,0.0,0.0,0.0,0.0,0.0,1.0,1.0,0.0,0.0,1.0,1.0,1.0,0.0,0.0,0.0,1.0,1.0,0.0,0.0,0.2076843235106703,19.531000998412754,20.020239758804088
11780,471.16,0.98,1,0.042,0.292,0.041,-0.03,-0.092,0.54,0.46,0.0,0.01,0.44,2.81,0.42,1.05,1.16,0.67,0.26,0.33,0.02,0.0,0.83,0.48,0.0,0.0,0.0,0.0,0.0,1.0,1.0,0.0,0.0,1.0,1.0,1.0,0.0,0.0,0.0,1.0,1.0,0.0,0.0,0.1878019237663882,19.620652384668468,20.435263639111774
11781,471.2,0.98,1,0.035,0.309,0.045,-0.024,-0.1,0.46,0.38,0.0,0.0,0.61,2.9,0.62,1.12,1.52,0.83,0.09,0.29,0.0,0.0,1.22,0.44,0.0,0.0,0.0,0.0,0.0,1.0,1.0,0.0,0.0,1.0,1.0,0.0,0.0,0.0,0.0,1.0,1.0,0.0,0.0,0.17679651598233814,19.643064933965785,20.734753434753017
11782,471.24,0.98,1,0.03,0.299,0.054,-0.012,-0.094,0.37,0.23,0.0,0.0,0.73,3.21,0.7,1.11,1.78,0.89,0.0,0.25,0.0,0.0,1.59,0.54,0.0,0.0,0.0,0.0,0.0,1.0,1.0,0.0,0.0,1.0,1.0,0.0,0.0,0.0,0.0,1.0,1.0,0.0,0.0,0.1705996514078641,20.130076999355875,20.56234422433396
11783,471.28,0.98,1,0.031,0.293,0.069,-0.018,-0.071,0.24,0.06,0.0,0.0,0.87,3.27,0.63,1.19,1.97,0.89,0.0,0.19,0.0,0.0,1.82,0.52,0.0,0.0,0.0,0.0,0.0,1.0,1.0,0.0,0.0,1.0,1.0,0.0,1.0,0.0,0.0,1.0,1.0,0.0,0.0,0.18091154487735578,20.030227157973023,21.0535032714273
11784,471.32,0.98,1,0.016,0.316,0.071,-0.007,-0.079,0.19,0.0,0.0,0.0,0.84,3.28,0.44,1.22,2.02,1.0,0.0,0.39,0.0,0.0,1.54,0.61,0.0,0.0,0.0,0.0,0.0,1.0,1.0,0.0,1.0,1.0,1.0,0.0,1.0,0.0,0.0,1.0,1.0,0.0,0.0,0.17092594216902535,19.620652384668468,20.24845673131663
11785,471.36,0.98,1,-0.005,0.315,0.078,-0.015,-0.052,0.17,0.0,0.0,0.0,0.78,3.29,0.3,1.3,2.0,1.1,0.0,0.6,0.0,0.0,0.97,0.46,0.0,0.0,0.0,0.0,0.0,1.0,1.0,1.0,1.0,1.0,1.0,0.0,0.0,0.0,0.0,1.0,1.0,0.0,0.0,0.1706949908436693,20.30221662774777,21.046614929722068
11786,471.4,0.98,1,-0.012,0.324,0.085,-0.02,-0.037,0.18,0.0,0.0,0.0,0.75,3.21,0.19,1.38,1.96,1.26,0.06,0.8,0.0,0.01,0.48,0.34,0.02,0.0,0.0,0.0,0.0,1.0,1.0,1.0,1.0,1.0,1.0,0.0,0.0,0.0,0.0,1.0,1.0,0.0,0.0,0.17303123387818242,20.50219500443794,21.433618453261776
11787,471.44,0.98,1,-0.008,0.301,0.069,-0.02,-0.053,0.14,0.06,0.0,0.0,0.87,3.21,0.28,1.48,2.0,1.28,0.1,0.72,0.0,0.01,0.32,0.13,0.02,0.0,0.0,0.0,0.0,1.0,1.0,1.0,1.0,1.0,1.0,0.0,1.0,0.0,0.0,1.0,1.0,0.0,0.0,0.17519235600680805,20.900239233080654,20.811775512915716
11788,471.48,0.98,1,0.004,0.308,0.074,-0.009,-0.049,0.23,0.06,0.0,0.0,1.05,3.13,0.42,1.63,2.12,1.38,0.1,0.53,0.0,0.01,0.96,0.37,0.02,0.0,0.0,0.0,0.0,1.0,1.0,1.0,1.0,1.0,1.0,0.0,1.0,0.0,0.0,1.0,1.0,0.0,0.0,0.17749324700904945,20.70096616102741,19.816155025634977
11789,471.52,0.98,1,-0.001,0.318,0.112,-0.02,-0.031,0.18,0.06,0.0,0.0,1.16,3.21,0.53,1.77,2.3,1.28,0.04,0.46,0.0,0.0,1.85,0.81,0.02,0.0,0.0,0.0,0.0,1.0,1.0,1.0,1.0,1.0,1.0,0.0,0.0,0.0,0.0,1.0,1.0,0.0,0.0,0.17060991377098733,20.503902067655318,20.106217943710984
11790,471.56,0.98,1,-0.021,0.349,0.124,-0.021,-0.02,0.08,0.0,0.0,0.0,1.35,3.16,0.48,2.12,2.51,1.61,0.01,0.3,0.03,0.0,2.78,1.05,0.13,0.0,0.0,0.0,0.0,1.0,1.0,1.0,1.0,1.0,1.0,0.0,0.0,0.0,0.0,1.0,1.0,0.0,0.0,0.15113173474030928,18.7096231923575,19.43116054176907
11791,471.6,0.98,1,-0.015,0.386,0.107,-0.031,-0.05,0.08,0.03,0.0,0.0,1.61,3.29,0.47,2.32,2.75,1.85,0.01,0.18,0.07,0.0,3.33,1.17,0.43,0.0,0.0,0.0,0.0,1.0,1.0,1.0,1.0,1.0,1.0,0.0,0.0,0.0,0.0,1.0,1.0,0.0,0.0,0.15862022604563392,17.328877632437667,17.93376703316944
11792,471.64,0.98,1,-0.03,0.385,0.101,-0.003,-0.055,0.08,0.03,0.0,0.0,1.79,3.22,0.49,2.47,2.93,2.14,0.01,0.0,0.07,0.0,3.53,1.31,0.64,0.0,0.0,0.0,0.0,1.0,1.0,1.0,1.0,1.0,1.0,0.0,0.0,0.0,0.0,1.0,1.0,0.0,0.0,0.15330600836260352,17.507141400011598,18.07097119692243
11793,471.68,0.98,1,-0.024,0.398,0.114,-0.009,-0.034,0.08,0.03,0.0,0.0,1.77,3.22,0.46,2.36,3.02,1.94,0.0,0.08,0.05,0.0,3.6,1.56,0.61,0.0,0.0,0.0,0.0,1.0,1.0,1.0,1.0,1.0,1.0,0.0,0.0,0.0,0.0,1.0,1.0,0.0,0.0,0.1457703048799348,16.714664220378513,17.980545041794574
11794,471.72,0.98,1,-0.037,0.389,0.111,-0.008,-0.018,0.0,0.0,0.0,0.0,1.7,3.02,0.35,2.34,3.02,1.88,0.0,0.21,0.01,0.0,3.66,1.75,0.45,0.0,0.0,0.0,0.0,1.0,1.0,1.0,1.0,1.0,1.0,0.0,0.0,0.0,0.0,1.0,1.0,0.0,0.0,0.15130810045734272,18.5097271724896,18.03357978882729
11795,471.76,0.98,1,-0.042,0.394,0.117,-0.009,-0.012,0.0,0.0,0.0,0.0,1.65,3.02,0.25,2.28,3.04,1.85,0.0,0.34,0.01,0.0,3.73,1.81,0.37,0.0,0.0,0.0,0.0,1.0,1.0,1.0,1.0,1.0,1.0,0.0,0.0,0.0,0.0,1.0,1.0,0.0,0.0,0.15407310193181473,17.80449381476481,18.2463695019037
11796,471.8,0.98,1,-0.037,0.379,0.114,-0.008,-0.009,0.0,0.0,0.0,0.0,1.64,3.1,0.19,2.22,3.03,1.92,0.0,0.38,0.02,0.0,3.78,1.79,0.48,0.0,0.0,0.0,0.0,1.0,1.0,1.0,1.0,1.0,1.0,0.0,0.0,0.0,0.0,1.0,1.0,0.0,0.0,0.13610328089353566,17.20726590716845,18.645374761586222
11797,471.84,0.98,1,-0.05,0.406,0.124,-0.002,-0.008,0.04,0.03,0.0,0.06,1.58,3.22,0.19,2.12,3.02,1.9,0.0,0.35,0.02,0.0,3.75,1.79,0.59,0.0,0.0,0.0,0.0,1.0,1.0,1.0,1.0,1.0,1.0,0.0,0.0,0.0,0.0,1.0,1.0,0.0,0.0,0.15000809287684974,17.70112990743816,18.852055590836724
11798,471.88,0.98,1,-0.016,0.378,0.128,-0.002,-0.01,0.04,0.03,0.0,0.06,1.59,3.21,0.16,2.11,3.0,1.93,0.0,0.37,0.03,0.0,3.79,1.75,0.73,0.0,0.0,0.0,0.0,1.0,1.0,1.0,1.0,1.0,1.0,0.0,0.0,0.0,0.0,1.0,1.0,0.0,0.0,0.14057254005945202,17.102631376487206,18.732325002519087
11799,471.92,0.98,1,-0.031,0.417,0.139,-0.003,-0.01,0.04,0.03,0.0,0.06,1.61,3.31,0.16,2.14,3.01,2.02,0.0,0.41,0.05,0.0,3.9,1.83,0.75,0.0,0.0,0.0,0.0,1.0,1.0,1.0,1.0,1.0,1.0,0.0,0.0,0.0,0.0,1.0,1.0,0.0,0.0,0.14362975213199275,16.215116404145896,18.83215335536535
11800,471.96,0.98,1,-0.031,0.383,0.125,0.0,-0.007,0.04,0.0,0.0,0.0,1.67,3.25,0.16,2.14,3.03,2.12,0.0,0.43,0.13,0.0,3.94,1.86,0.54,0.0,0.0,0.0,0.0,1.0,1.0,1.0,1.0,1.0,1.0,0.0,0.0,0.0,0.0,1.0,1.0,0.0,0.0,0.13505324580261083,16.61475248085281,18.732325002519087
11801,472.0,0.98,1,-0.02,0.363,0.124,0.007,-0.009,0.12,0.03,0.0,0.11,1.64,3.16,0.17,2.1,3.04,2.06,0.0,0.34,0.19,0.0,3.93,1.87,0.31,0.0,0.0,0.0,0.0,1.0,1.0,1.0,1.0,1.0,1.0,0.0,0.0,0.0,0.0,1.0,1.0,0.0,0.0,0.14199334324695145,18.201098867925577,17.913681921927807
11802,472.04,0.98,1,-0.022,0.352,0.118,0.009,-0.008,0.13,0.03,0.0,0.16,1.6,3.0,0.15,2.07,3.06,2.05,0.0,0.33,0.17,0.0,3.74,1.78,0.17,0.0,0.0,0.0,0.0,1.0,1.0,1.0,1.0,1.0,1.0,0.0,0.0,0.0,0.0,1.0,1.0,0.0,0.0,0.1470162026459535,18.5,18.513238506539047
11803,472.08,0.98,1,-0.017,0.356,0.124,0.008,-0.011,0.09,0.03,0.0,0.2,1.58,3.11,0.11,2.08,3.09,2.04,0.0,0.31,0.11,0.0,3.65,1.71,0.21,0.0,0.0,0.0,0.0,1.0,1.0,1.0,1.0,1.0,1.0,0.0,0.0,0.0,0.0,1.0,1.0,0.0,0.0,0.14814557360898614,18.801063799689587,18.409780009549365
11804,472.12,0.98,1,-0.015,0.354,0.12,0.008,-0.009,0.01,0.0,0.0,0.16,1.56,3.2,0.05,2.08,3.06,2.07,0.0,0.38,0.05,0.0,3.59,1.62,0.22,0.0,0.0,0.0,0.0,1.0,1.0,1.0,1.0,1.0,1.0,0.0,0.0,0.0,0.0,1.0,1.0,0.0,0.0,0.14947621254111843,18.701069488133605,18.122361876974118
11805,472.16,0.98,1,-0.019,0.361,0.124,0.007,-0.008,0.01,0.0,0.0,0.14,1.57,3.37,0.1,2.12,3.07,2.04,0.0,0.4,0.08,0.0,3.54,1.55,0.31,0.0,0.0,0.0,0.0,1.0,1.0,1.0,1.0,1.0,1.0,0.0,0.0,0.0,0.0,1.0,1.0,0.0,0.0,0.14485052873111004,18.901058171435892,18.513238506539047
11806,472.2,0.98,1,-0.028,0.361,0.126,0.001,-0.007,0.01,0.0,0.0,0.09,1.52,3.32,0.09,2.19,3.07,2.04,0.0,0.49,0.06,0.0,3.51,1.48,0.33,0.0,0.0,0.0,0.0,1.0,1.0,1.0,1.0,1.0,1.0,0.0,0.0,0.0,0.0,1.0,1.0,0.0,0.0,0.14603074208065517,18.80664776083199,18.006943105369107
11807,472.24,0.98,1,-0.026,0.366,0.128,-0.001,-0.005,0.0,0.0,0.0,0.03,1.49,3.32,0.07,2.24,3.12,2.01,0.0,0.52,0.05,0.0,3.47,1.46,0.38,0.0,0.0,0.0,0.0,1.0,1.0,1.0,1.0,1.0,1.0,0.0,0.0,0.0,0.0,1.0,1.0,0.0,0.0,0.14594824689945482,18.0,18.017769007288337
11808,472.28,0.98,1,-0.024,0.372,0.129,-0.003,-0.003,0.0,0.0,0.0,0.0,1.42,3.17,0.01,2.22,3.09,2.05,0.0,0.52,0.03,0.0,3.51,1.48,0.36,0.0,0.0,0.0,0.0,1.0,1.0,1.0,1.0,1.0,1.0,0.0,0.0,0.0,0.0,1.0,1.0,0.0,0.0,0.14676862490019313,18.000277775634462,18.117670931993345
11809,472.32,0.98,1,-0.029,0.377,0.133,-0.001,-0.001,0.0,0.0,0.0,0.0,1.39,2.73,0.0,2.16,3.09,2.09,0.0,0.37,0.06,0.0,3.6,1.62,0.83,0.0,0.0,0.0,0.0,1.0,1.0,1.0,1.0,1.0,1.0,0.0,0.0,0.0,0.0,1.0,1.0,0.0,0.0,0.14406987123956919,17.700000000000045,17.81375872745554
11810,472.36,0.98,1,-0.009,0.444,0.128,-0.007,0.003,0.03,0.0,0.0,0.0,1.24,2.23,0.0,2.19,3.04,2.22,0.0,0.25,0.11,0.0,3.81,1.77,1.2,0.0,0.0,0.0,0.0,1.0,1.0,1.0,1.0,1.0,1.0,0.0,0.0,0.0,0.0,1.0,1.0,0.0,1.0,0.13426140387208219,18.201098867925577,19.10418802252546
11811,472.4,0.93,1,-0.025,0.511,0.146,-0.005,0.007,0.03,0.0,0.0,0.0,1.26,2.01,0.01,2.41,3.04,2.37,0.04,0.31,0.2,0.0,3.97,1.89,1.56,0.0,0.0,0.0,0.0,1.0,1.0,1.0,1.0,1.0,1.0,0.0,0.0,0.0,0.0,1.0,1.0,0.0,1.0,0.09752937818643546,19.90401969452411,24.509997960016232
11812,472.44,0.93,1,-0.023,0.545,0.174,-0.018,0.004,0.03,0.0,0.0,0.0,1.38,2.37,0.09,2.52,2.97,2.52,0.07,0.44,0.25,0.0,3.98,1.82,1.29,0.0,0.0,0.0,0.0,1.0,1.0,1.0,1.0,1.0,1.0,0.0,0.0,0.0,0.0,1.0,1.0,0.0,1.0,0.037280411293297414,18.50027026829608,19.906280415989414
11813,472.48,0.98,1,-0.012,0.459,0.162,-0.018,0.005,0.0,0.0,0.0,0.0,1.69,2.98,0.18,2.58,2.99,2.69,0.07,0.63,0.2,0.0,3.76,1.59,0.81,0.0,0.0,0.0,0.0,1.0,1.0,1.0,1.0,1.0,1.0,0.0,0.0,0.0,0.0,1.0,1.0,0.0,1.0,0.09526866102090363,17.802527910383915,18.206866836443925
11814,472.52,0.98,1,-0.007,0.315,0.13,-0.047,-0.021,0.0,0.0,0.0,0.0,1.89,3.38,0.25,2.51,2.94,2.66,0.03,0.52,0.11,0.0,3.68,1.29,0.31,0.0,0.0,0.0,0.0,1.0,1.0,1.0,1.0,1.0,1.0,0.0,0.0,0.0,0.0,1.0,1.0,0.0,0.0,0.14440499727938494,18.40000000000009,19.50640920313116
11815,472.56,0.98,1,0.007,0.339,0.118,-0.05,-0.036,0.0,0.0,0.0,0.0,1.98,3.58,0.17,2.52,2.93,2.67,0.02,0.41,0.03,0.0,3.64,1.09,0.0,0.0,0.0,0.0,0.0,1.0,1.0,1.0,1.0,1.0,1.0,0.0,0.0,0.0,0.0,1.0,1.0,0.0,0.0,0.15033655583270017,17.9178681767671,18.7216452268491
11816,472.6,0.98,1,0.01,0.323,0.109,-0.047,-0.041,0.0,0.0,0.0,0.0,2.01,3.55,0.08,2.47,2.88,2.57,0.07,0.24,0.11,0.0,3.69,1.03,0.0,0.0,0.0,0.0,0.0,1.0,1.0,1.0,1.0,1.0,1.0,0.0,0.0,0.0,0.0,1.0,1.0,0.0,0.0,0.15391553436963432,18.417383093154232,19.32588937151424
11817,472.64,0.98,1,0.023,0.301,0.104,-0.046,-0.037,0.0,0.0,0.0,0.0,1.97,3.57,0.0,2.44,2.9,2.65,0.1,0.11,0.14,0.0,3.64,1.04,0.0,0.0,0.0,0.0,0.0,1.0,1.0,1.0,1.0,1.0,1.0,0.0,0.0,0.0,0.0,1.0,1.0,0.0,0.0,0.16029225777329353,18.406792224610864,19.001052602421794
11818,472.68,0.98,1,0.026,0.319,0.114,-0.069,-0.038,0.0,0.0,0.0,0.02,2.0,3.45,0.0,2.45,2.91,2.62,0.14,0.1,0.27,0.0,3.6,1.02,0.0,0.0,0.0,0.0,0.0,1.0,1.0,1.0,1.0,1.0,1.0,0.0,0.0,0.0,0.0,1.0,1.0,0.0,0.0,0.16186086828234247,17.61391495380867,19.316573195057092
11819,472.72,0.98,1,0.034,0.334,0.121,-0.086,-0.041,0.0,0.0,0.0,0.02,2.04,3.45,0.01,2.45,2.89,2.58,0.1,0.11,0.28,0.0,3.63,0.98,0.0,0.0,0.0,0.0,0.0,1.0,1.0,1.0,1.0,1.0,1.0,0.0,0.0,0.0,0.0,1.0,1.0,0.0,0.0,0.16027602428535806,17.927911200137157,19.331321734428773
11820,472.76,0.98,1,0.042,0.337,0.119,-0.089,-0.049,0.0,0.0,0.0,0.02,2.12,3.27,0.01,2.4,2.9,2.52,0.16,0.11,0.35,0.0,3.63,0.9,0.0,0.0,0.0,0.0,0.0,1.0,1.0,1.0,1.0,1.0,1.0,0.0,0.0,0.0,0.0,1.0,1.0,0.0,0.0,0.15655148767561133,17.5410946066658,19.231484602078996
11821,472.8,0.98,1,0.047,0.33,0.107,-0.086,-0.057,0.0,0.0,0.0,0.0,2.11,3.26,0.01,2.39,2.88,2.52,0.11,0.11,0.25,0.0,3.58,0.85,0.0,0.0,0.0,0.0,0.0,1.0,1.0,1.0,1.0,1.0,1.0,0.0,0.0,0.0,0.0,1.0,1.0,0.0,0.0,0.15398149576863085,17.655594014362606,19.15124016872029
11822,472.84,0.98,1,0.044,0.328,0.105,-0.082,-0.063,0.0,0.0,0.0,0.0,2.07,3.31,0.0,2.37,2.94,2.45,0.19,0.04,0.17,0.0,3.47,0.78,0.0,0.0,0.0,0.0,0.0,1.0,1.0,1.0,1.0,1.0,1.0,0.0,0.0,0.0,0.0,1.0,1.0,0.0,0.0,0.1556311599170745,17.68191166135599,19.550191814915788
11823,472.88,0.98,1,0.061,0.318,0.107,-0.081,-0.066,0.0,0.0,0.0,0.0,2.04,3.44,0.0,2.38,2.95,2.32,0.23,0.04,0.05,0.0,3.44,0.71,0.0,0.0,0.0,0.0,0.0,1.0,1.0,1.0,1.0,1.0,1.0,0.0,0.0,0.0,0.0,1.0,1.0,0.0,0.0,0.1621520992220703,18.745132701584208,18.931983519959115
11824,472.92,0.98,1,0.054,0.313,0.109,-0.077,-0.071,0.0,0.0,0.0,0.02,2.02,3.39,0.0,2.35,3.0,2.25,0.3,0.0,0.03,0.0,3.46,0.63,0.0,0.0,0.0,0.0,0.0,1.0,1.0,1.0,1.0,1.0,1.0,0.0,0.0,0.0,0.0,1.0,1.0,0.0,0.0,0.15969961691458584,18.13973538947017,19.026297590440446
11825,472.96,0.98,1,0.048,0.318,0.107,-0.078,-0.07,0.0,0.0,0.0,0.03,2.11,3.27,0.0,2.42,3.01,2.31,0.22,0.0,0.09,0.0,3.5,0.57,0.0,0.0,0.0,0.0,0.0,1.0,1.0,1.0,1.0,1.0,1.0,0.0,0.0,0.0,0.0,1.0,1.0,0.0,0.0,0.15498022665949526,17.940178371465635,18.92643653728835
11826,473.0,0.98,1,0.045,0.309,0.1,-0.082,-0.067,0.0,0.0,0.0,0.03,2.17,3.19,0.07,2.44,3.0,2.3,0.09,0.0,0.07,0.0,3.55,0.54,0.0,0.0,0.0,0.0,0.0,1.0,1.0,1.0,1.0,1.0,1.0,0.0,0.0,0.0,0.0,1.0,1.0,0.0,0.0,0.16213395359325486,16.942549985170334,19.026297590440446
11827,473.04,0.98,1,0.041,0.31,0.099,-0.08,-0.067,0.0,0.0,0.0,0.01,2.2,3.28,0.09,2.45,2.98,2.19,0.0,0.0,0.07,0.0,3.64,0.65,0.0,0.0,0.0,0.0,0.0,1.0,1.0,1.0,1.0,1.0,1.0,0.0,0.0,0.0,0.0,1.0,1.0,0.0,0.0,0.15903261633500038,17.44849563716033,18.69679116854003
11828,473.08,0.98,1,0.037,0.305,0.097,-0.075,-0.065,0.0,0.0,0.0,0.0,2.19,3.44,0.13,2.46,2.99,2.1,0.0,0.0,0.01,0.0,3.77,0.73,0.0,0.0,0.0,0.0,0.0,1.0,1.0,1.0,1.0,1.0,1.0,0.0,0.0,0.0,0.0,1.0,1.0,0.0,0.0,0.15799852255497518,17.622996340009742,18.85974549138981
11829,473.12,0.98,1,0.047,0.297,0.095,-0.071,-0.065,0.0,0.0,0.0,0.0,2.2,3.62,0.13,2.53,3.02,2.13,0.03,0.0,0.01,0.0,3.83,0.72,0.0,0.0,0.0,0.0,0.0,1.0,1.0,1.0,1.0,1.0,1.0,0.0,0.0,0.0,0.0,1.0,1.0,0.0,0.0,0.16275862946527414,17.72822608159095,18.760063965775856
11830,473.16,0.98,1,0.047,0.3,0.099,-0.063,-0.066,0.0,0.0,0.0,0.0,2.26,3.85,0.19,2.6,3.05,2.25,0.15,0.0,0.03,0.0,3.87,0.58,0.0,0.0,0.0,0.0,0.0,1.0,1.0,1.0,1.0,1.0,1.0,0.0,0.0,0.0,0.0,1.0,1.0,0.0,0.0,0.15826974102651864,17.64086165695987,18.65261375786237
11831,473.2,0.98,1,0.047,0.285,0.093,-0.057,-0.067,0.0,0.0,0.0,0.0,2.27,3.87,0.18,2.55,3.05,2.37,0.18,0.0,0.02,0.0,3.77,0.5,0.0,0.0,0.0,0.0,0.0,1.0,1.0,1.0,1.0,1.0,1.0,0.0,0.0,0.0,0.0,1.0,1.0,0.0,0.0,0.1650163835855138,18.213456563760804,19.13765920900455
11832,473.24,0.98,1,0.038,0.283,0.083,-0.058,-0.065,0.0,0.0,0.0,0.0,2.28,3.84,0.21,2.52,3.08,2.4,0.22,0.0,0.05,0.0,3.72,0.51,0.0,0.0,0.0,0.0,0.0,1.0,1.0,1.0,1.0,1.0,1.0,0.0,0.0,0.0,0.0,1.0,1.0,0.0,0.0,0.15876102967692723,18.517289218457435,19.84263087395415
11833,473.28,0.98,1,0.039,0.286,0.08,-0.057,-0.065,0.0,0.0,0.0,0.0,2.23,3.67,0.2,2.5,3.09,2.38,0.18,0.0,0.11,0.0,3.62,0.5,0.0,0.0,0.0,0.0,0.0,1.0,1.0,1.0,1.0,1.0,1.0,0.0,0.0,0.0,0.0,1.0,1.0,0.0,0.0,0.15673798117246235,18.51728921845744,19.95645259057818
11834,473.32,0.98,1,0.051,0.285,0.081,-0.059,-0.065,0.0,0.0,0.0,0.0,2.25,3.56,0.21,2.46,3.12,2.29,0.2,0.0,0.15,0.0,3.6,0.47,0.0,0.0,0.0,0.0,0.0,1.0,1.0,1.0,1.0,1.0,1.0,0.0,0.0,0.0,0.0,1.0,1.0,0.0,0.0,0.16106991942477172,18.41331040307536,19.536888186197928
11835,473.36,0.98,1,0.049,0.284,0.075,-0.055,-0.061,0.0,0.0,0.0,0.0,2.34,3.54,0.2,2.59,3.17,2.41,0.23,0.0,0.12,0.0,3.57,0.41,0.0,0.0,0.0,0.0,0.0,1.0,1.0,1.0,1.0,1.0,1.0,0.0,0.0,0.0,0.0,1.0,1.0,0.0,0.0,0.1569752000621794,18.317477992343772,19.565530915362356
11836,473.4,0.98,1,0.037,0.287,0.079,-0.058,-0.061,0.0,0.0,0.0,0.0,2.44,3.56,0.23,2.66,3.23,2.63,0.24,0.0,0.05,0.0,3.49,0.34,0.0,0.0,0.0,0.0,0.0,1.0,1.0,1.0,1.0,1.0,1.0,0.0,0.0,0.0,0.0,1.0,1.0,0.0,0.0,0.15546503287661476,17.822738285684338,18.83215335536535
11837,473.44,0.98,1,0.033,0.293,0.084,-0.061,-0.057,0.0,0.0,0.0,0.0,2.48,3.68,0.25,2.87,3.26,2.83,0.29,0.0,0.0,0.0,3.47,0.27,0.0,0.0,0.0,0.0,0.0,1.0,1.0,1.0,1.0,1.0,1.0,0.0,0.0,0.0,0.0,1.0,1.0,0.0,0.0,0.14867992292261428,17.241809649801894,19.116746585127828
11838,473.48,0.98,1,0.041,0.291,0.081,-0.063,-0.055,0.0,0.0,0.0,0.0,2.51,3.69,0.21,2.9,3.28,2.92,0.3,0.0,0.0,0.0,3.34,0.17,0.0,0.0,0.0,0.0,0.0,1.0,1.0,1.0,1.0,1.0,1.0,0.0,0.0,0.0,0.0,1.0,1.0,0.0,0.0,0.15103015906849426,17.014405661086133,18.81701357814248
11839,473.52,0.98,1,0.031,0.297,0.08,-0.06,-0.052,0.0,0.0,0.0,0.0,2.5,3.57,0.15,2.92,3.3,2.95,0.33,0.0,0.0,0.0,3.26,0.09,0.0,0.0,0.0,0.0,0.0,1.0,1.0,1.0,1.0,1.0,1.0,0.0,0.0,0.0,0.0,1.0,1.0,0.0,0.0,0.15446459695068426,17.310401497365635,19.630843079195692
11840,473.56,0.98,1,0.029,0.296,0.086,-0.062,-0.048,0.0,0.0,0.0,0.0,2.48,3.4,0.07,2.88,3.32,3.02,0.31,0.0,0.0,0.0,3.17,0.0,0.0,0.0,0.0,0.0,0.0,1.0,1.0,1.0,1.0,1.0,1.0,0.0,0.0,0.0,0.0,1.0,1.0,0.0,0.0,0.15423842650343894,17.30722392528618,19.825236442473976
11841,473.6,0.98,1,0.026,0.297,0.085,-0.065,-0.044,0.0,0.0,0.0,0.0,2.39,3.15,0.03,2.85,3.3,3.02,0.27,0.0,0.02,0.0,3.18,0.0,0.0,0.0,0.0,0.0,0.0,1.0,1.0,1.0,1.0,1.0,1.0,0.0,0.0,0.0,0.0,1.0,1.0,0.0,0.0,0.15744505019889005,17.20726590716822,19.41648783894769
11842,473.64,0.98,1,0.031,0.284,0.085,-0.069,-0.041,0.0,0.0,0.0,0.0,2.36,3.14,0.0,2.87,3.29,2.96,0.27,0.0,0.07,0.0,3.25,0.0,0.0,0.0,0.0,0.0,0.0,1.0,1.0,1.0,1.0,1.0,1.0,0.0,0.0,0.0,0.0,1.0,1.0,0.0,0.0,0.1577999478322729,17.200290695217962,19.709134937891157
11843,473.68,0.98,1,0.028,0.283,0.086,-0.072,-0.04,0.0,0.0,0.0,0.0,2.31,3.21,0.02,2.85,3.31,2.78,0.33,0.0,0.09,0.0,3.32,0.0,0.0,0.0,0.0,0.0,0.0,1.0,1.0,1.0,1.0,1.0,1.0,0.0,0.0,0.0,0.0,1.0,0.0,0.0,0.0,0.15667454367047542,17.30260096054921,20.208908926510652
11844,473.72,0.98,1,0.038,0.291,0.081,-0.078,-0.04,0.0,0.0,0.0,0.02,2.26,3.28,0.04,2.84,3.31,2.65,0.36,0.0,0.18,0.0,3.4,0.0,0.0,0.0,0.0,0.0,0.0,1.0,1.0,1.0,1.0,1.0,1.0,0.0,0.0,0.0,0.0,1.0,0.0,0.0,0.0,0.16066592964827636,17.20726590716822,18.73846311734218
11845,473.76,0.98,1,0.04,0.292,0.081,-0.08,-0.043,0.0,0.0,0.0,0.02,2.25,3.35,0.12,2.8,3.31,2.51,0.37,0.0,0.22,0.0,3.38,0.0,0.0,0.0,0.0,0.0,0.0,1.0,1.0,1.0,1.0,1.0,1.0,0.0,0.0,0.0,0.0,1.0,0.0,0.0,0.0,0.16284474117388648,17.11432148815736,19.665197685250877
11846,473.8,0.98,1,0.04,0.3,0.083,-0.082,-0.043,0.0,0.0,0.0,0.06,2.29,3.36,0.16,2.84,3.31,2.47,0.29,0.0,0.31,0.0,3.3,0.0,0.0,0.0,0.0,0.0,0.0,1.0,1.0,1.0,1.0,1.0,1.0,0.0,0.0,0.0,0.0,1.0,0.0,0.0,0.0,0.15985420406571113,17.407182425654163,20.76968945362453
11847,473.84,0.98,1,0.032,0.3,0.08,-0.078,-0.044,0.0,0.0,0.0,0.04,2.31,3.64,0.23,2.84,3.3,2.38,0.18,0.0,0.32,0.0,3.16,0.0,0.0,0.0,0.0,0.0,0.0,1.0,1.0,1.0,1.0,1.0,1.0,0.0,0.0,0.0,0.0,1.0,0.0,0.0,0.0,0.1557851350284733,17.31415605797749,20.280039447693213
11848,473.88,0.98,1,0.039,0.294,0.08,-0.076,-0.041,0.0,0.0,0.0,0.09,2.28,3.74,0.22,2.87,3.3,2.36,0.12,0.0,0.31,0.0,3.07,0.0,0.0,0.0,0.0,0.0,0.0,1.0,1.0,1.0,1.0,1.0,1.0,0.0,0.0,0.0,0.0,1.0,0.0,0.0,0.0,0.1598390530722894,17.407182425654163,20.163581031156276
11849,473.92,0.98,1,0.044,0.292,0.078,-0.079,-0.038,0.0,0.0,0.0,0.11,2.27,3.77,0.21,2.85,3.31,2.36,0.11,0.0,0.3,0.0,3.03,0.0,0.0,0.0,0.0,0.0,0.0,1.0,1.0,1.0,1.0,1.0,1.0,0.0,0.0,0.0,0.0,1.0,0.0,0.0,0.0,0.16349544779090197,17.107308379753867,20.662042493422483
11850,473.96,0.98,1,0.042,0.29,0.075,-0.081,-0.035,0.0,0.0,0.0,0.19,2.28,3.65,0.15,2.86,3.32,2.5,0.12,0.0,0.29,0.0,3.1,0.0,0.0,0.0,0.0,0.0,0.0,1.0,1.0,1.0,1.0,1.0,1.0,0.0,0.0,0.0,0.0,1.0,0.0,0.0,0.0,0.16311693027789226,17.010584939971935,20.05617112013158
11851,474.0,0.98,1,0.048,0.29,0.082,-0.089,-0.033,0.0,0.0,0.0,0.19,2.3,3.57,0.19,2.97,3.32,2.57,0.12,0.0,0.28,0.0,3.19,0.0,0.0,0.0,0.0,0.0,0.0,1.0,1.0,1.0,1.0,1.0,1.0,0.0,0.0,0.0,0.0,1.0,0.0,0.0,0.0,0.15716128051067962,16.707483353276206,18.7216452268491
11852,474.04,0.98,1,0.043,0.282,0.083,-0.083,-0.032,0.0,0.0,0.0,0.13,2.26,3.5,0.18,3.02,3.33,2.61,0.14,0.0,0.18,0.0,3.3,0.0,0.0,0.0,0.0,0.0,0.0,1.0,1.0,1.0,1.0,1.0,1.0,0.0,0.0,0.0,0.0,1.0,0.0,0.0,0.0,0.16138150186726385,17.20465053408507,18.409780009549365
11853,474.08,0.98,1,0.053,0.292,0.084,-0.087,-0.032,0.0,0.0,0.0,0.05,2.24,3.43,0.24,3.07,3.36,2.57,0.17,0.0,0.18,0.0,3.21,0.0,0.0,0.0,0.0,0.0,0.0,1.0,1.0,1.0,1.0,1.0,1.0,0.0,0.0,0.0,0.0,1.0,0.0,0.0,0.0,0.1613250544510642,16.90473306503227,18.826576959181885
11854,474.12,0.98,1,0.044,0.294,0.086,-0.083,-0.032,0.0,0.0,0.0,0.04,2.21,3.28,0.16,2.97,3.38,2.57,0.12,0.0,0.17,0.0,3.17,0.0,0.0,0.0,0.0,0.0,0.0,1.0,1.0,1.0,1.0,1.0,1.0,0.0,0.0,0.0,0.0,1.0,0.0,0.0,0.0,0.15854950167210258,17.402586014727902,18.726718879718405
11855,474.16,0.98,1,0.051,0.305,0.091,-0.087,-0.032,0.0,0.0,0.0,0.11,2.19,3.24,0.2,3.01,3.35,2.58,0.12,0.0,0.25,0.0,3.15,0.0,0.0,0.0,0.0,0.0,0.0,1.0,1.0,1.0,1.0,1.0,1.0,0.0,0.0,0.0,0.0,1.0,0.0,0.0,0.0,0.15879114494187502,17.40000000000009,19.431160541769078
11856,474.2,0.98,1,0.041,0.293,0.091,-0.082,-0.035,0.0,0.0,0.0,0.14,2.19,3.25,0.19,3.0,3.35,2.59,0.13,0.0,0.15,0.0,3.26,0.0,0.0,0.0,0.0,0.0,0.0,1.0,1.0,1.0,1.0,1.0,1.0,0.0,0.0,0.0,0.0,1.0,0.0,0.0,0.0,0.16036801031086684,17.800280896659984,18.513238506539047
11857,474.24,0.98,1,0.047,0.303,0.095,-0.088,-0.034,0.0,0.0,0.0,0.1,2.19,3.31,0.2,3.02,3.26,2.58,0.22,0.0,0.09,0.0,3.24,0.0,0.0,0.0,0.0,0.0,0.0,1.0,1.0,1.0,1.0,1.0,1.0,0.0,0.0,0.0,0.0,1.0,0.0,0.0,0.0,0.16185881448543005,17.7002824836216,19.62549362436513
11858,474.28,0.98,1,0.052,0.304,0.095,-0.083,-0.037,0.0,0.0,0.0,0.06,2.12,3.35,0.24,2.96,3.13,2.65,0.27,0.0,0.01,0.0,3.17,0.0,0.0,0.0,0.0,0.0,0.0,1.0,1.0,1.0,1.0,1.0,1.0,0.0,0.0,0.0,0.0,1.0,0.0,0.0,0.0,0.17000131333107252,17.699999999999818,19.525624189766635
11859,474.32,0.98,1,0.043,0.307,0.094,-0.084,-0.037,0.0,0.0,0.0,0.03,1.94,3.05,0.27,2.78,2.92,2.59,0.23,0.0,0.03,0.0,3.15,0.01,0.0,0.0,0.0,0.0,0.0,1.0,1.0,1.0,1.0,1.0,1.0,0.0,0.0,0.0,0.0,1.0,0.0,0.0,0.0,0.16733509050883208,17.20116275139566,19.830532015051897
11860,474.36,0.98,1,0.043,0.3,0.088,-0.088,-0.034,0.0,0.0,0.0,0.06,1.74,3.08,0.35,2.61,2.73,2.37,0.12,0.02,0.02,0.0,3.13,0.01,0.0,0.0,0.0,0.0,0.0,1.0,1.0,1.0,1.0,1.0,1.0,0.0,0.0,0.0,0.0,1.0,0.0,0.0,0.0,0.16785759999324396,17.400287353949164,20.529490982486628
11861,474.4,0.98,1,0.043,0.299,0.083,-0.089,-0.031,0.0,0.0,0.0,0.03,1.5,2.89,0.33,2.39,2.42,2.08,0.11,0.13,0.04,0.0,2.89,0.01,0.08,0.0,0.0,0.0,0.0,1.0,1.0,1.0,1.0,1.0,1.0,0.0,0.0,0.0,0.0,1.0,0.0,0.0,0.0,0.17084563818544105,17.60113632695335,20.319940944796027
11862,474.44,0.98,1,0.034,0.284,0.068,-0.079,-0.027,0.0,0.02,0.0,0.03,1.23,2.57,0.27,2.32,2.17,1.93,0.18,0.21,0.1,0.0,2.69,0.0,0.64,0.0,0.0,0.0,0.0,1.0,1.0,1.0,1.0,1.0,1.0,0.0,0.0,0.0,0.0,1.0,0.0,0.0,0.0,0.1829013829117972,17.11052307791895,18.246369501903484
11863,474.48,0.98,1,0.011,0.383,0.068,-0.111,-0.021,0.16,0.21,0.0,0.0,0.96,1.98,0.19,2.28,1.92,1.78,0.34,0.39,0.23,0.0,2.45,0.05,1.2,0.0,0.0,0.0,0.0,1.0,1.0,1.0,1.0,1.0,1.0,0.0,0.0,0.0,0.0,1.0,0.0,0.0,0.0,0.1568651660347925,17.72484132510068,19.137659209004543
11864,474.52,0.98,1,0.024,0.36,0.052,-0.103,-0.017,0.22,0.25,0.0,0.0,0.84,1.71,0.11,2.19,1.8,1.62,0.36,0.47,0.28,0.0,2.32,0.18,1.47,0.0,0.0,0.0,0.0,1.0,1.0,1.0,1.0,1.0,1.0,1.0,0.0,0.0,0.0,1.0,0.0,0.0,0.0,0.15628413797333762,16.90709910067361,19.930378822290223
11865,474.56,0.98,1,0.01,0.359,0.047,-0.092,-0.021,0.22,0.32,0.0,0.07,0.82,2.11,0.19,2.1,1.66,1.39,0.45,0.59,0.26,0.0,2.04,0.3,1.14,0.0,0.0,0.0,0.0,1.0,1.0,1.0,1.0,1.0,1.0,1.0,0.0,0.0,0.0,1.0,0.0,0.0,0.0,0.15943889300191683,14.060227594175002,17.722866585290358
11866,474.6,0.98,1,0.051,0.298,0.047,-0.094,-0.022,0.08,0.13,0.0,0.2,0.89,2.65,0.26,1.97,1.56,1.34,0.39,0.63,0.19,0.0,1.78,0.4,0.6,0.0,0.0,0.0,0.0,1.0,1.0,0.0,1.0,1.0,1.0,1.0,0.0,0.0,0.0,1.0,0.0,0.0,0.0,0.17187723775640942,15.426276284314241,17.647946056127797
11867,474.64,0.98,1,0.059,0.319,0.055,-0.087,-0.028,0.04,0.08,0.0,0.22,0.95,3.03,0.33,1.89,1.5,1.26,0.44,0.7,0.12,0.0,1.67,0.39,0.24,0.0,0.0,0.0,0.0,1.0,1.0,0.0,1.0,1.0,1.0,1.0,0.0,0.0,0.0,1.0,0.0,0.0,0.0,0.1735039527306149,15.100000000000136,17.075128110793198
11868,474.68,0.98,1,0.07,0.306,0.059,-0.084,-0.035,0.04,0.0,0.0,0.22,1.02,3.13,0.28,1.81,1.54,1.24,0.39,0.73,0.1,0.0,1.56,0.4,0.01,0.0,0.0,0.0,0.0,1.0,1.0,0.0,1.0,1.0,1.0,1.0,0.0,0.0,0.0,1.0,0.0,0.0,0.0,0.17768810314012978,16.300306745580155,18.33930205869346
11869,474.72,0.98,1,0.077,0.3,0.059,-0.086,-0.036,0.02,0.0,0.0,0.11,1.03,3.06,0.27,1.78,1.57,1.24,0.34,0.73,0.04,0.0,1.51,0.31,0.0,0.0,0.0,0.0,0.0,1.0,1.0,0.0,1.0,1.0,1.0,1.0,0.0,0.0,0.0,1.0,0.0,0.0,0.0,0.18334062775548787,16.001249951175687,18.844893207444773
11870,474.76,0.98,1,0.074,0.303,0.059,-0.088,-0.039,0.0,0.0,0.0,0.14,1.02,3.11,0.19,1.81,1.63,1.33,0.25,0.63,0.16,0.0,1.48,0.33,0.0,0.0,0.0,0.0,0.0,1.0,1.0,0.0,1.0,1.0,1.0,1.0,0.0,0.0,0.0,1.0,0.0,0.0,0.0,0.1836189202499952,16.101242188104756,19.23746345025749
11871,474.8,0.98,1,0.06,0.303,0.056,-0.084,-0.043,0.0,0.0,0.0,0.23,1.06,3.04,0.16,1.87,1.65,1.48,0.24,0.54,0.21,0.0,1.57,0.38,0.0,0.0,0.0,0.0,0.0,1.0,1.0,1.0,1.0,1.0,1.0,1.0,0.0,0.0,0.0,1.0,0.0,0.0,0.0,0.17712876494133245,16.001249951175687,19.343732835210428
11872,474.84,0.98,1,0.067,0.295,0.056,-0.079,-0.043,0.07,0.01,0.0,0.22,1.13,3.0,0.18,2.02,1.72,1.58,0.18,0.47,0.33,0.0,1.63,0.43,0.0,0.0,0.0,0.0,0.0,1.0,1.0,0.0,1.0,1.0,1.0,1.0,0.0,0.0,0.0,1.0,0.0,0.0,0.0,0.18141810270668662,16.800297616411395,19.231484602079004
11873,474.88,0.98,1,0.067,0.302,0.057,-0.077,-0.044,0.07,0.02,0.0,0.27,1.22,2.93,0.22,2.15,1.81,1.62,0.13,0.45,0.3,0.0,1.68,0.35,0.0,0.0,0.0,0.0,0.0,1.0,1.0,1.0,1.0,1.0,1.0,0.0,0.0,0.0,0.0,1.0,0.0,0.0,0.0,0.17811807857384737,16.70119756185171,18.931983519959108
11874,474.92,0.98,1,0.064,0.306,0.058,-0.084,-0.043,0.12,0.02,0.0,0.25,1.29,3.02,0.23,2.23,1.93,1.63,0.02,0.42,0.26,0.0,1.65,0.17,0.0,0.0,0.0,0.0,0.0,1.0,1.0,1.0,1.0,1.0,1.0,0.0,0.0,0.0,0.0,1.0,0.0,0.0,0.0,0.18010862989435175,16.71466422037828,19.730686759461815
11875,474.96,0.98,1,0.067,0.31,0.065,-0.076,-0.045,0.08,0.01,0.0,0.48,1.42,3.1,0.29,2.32,2.11,1.7,0.02,0.33,0.25,0.0,1.68,0.06,0.0,0.0,0.0,0.0,0.0,1.0,1.0,1.0,1.0,1.0,1.0,0.0,0.0,0.0,0.0,1.0,0.0,0.0,0.0,0.17570433666387908,16.802678357928492,19.126160095533983
11876,475.0,0.98,1,0.061,0.295,0.065,-0.079,-0.044,0.13,0.0,0.0,0.5,1.5,3.08,0.33,2.45,2.26,1.76,0.0,0.19,0.27,0.0,1.7,0.02,0.0,0.0,0.0,0.0,0.0,1.0,1.0,1.0,1.0,1.0,1.0,0.0,0.0,0.0,0.0,1.0,0.0,0.0,0.0,0.17434663337720105,17.601136326953576,19.716236963477634
11877,475.04,0.98,1,0.066,0.294,0.064,-0.079,-0.045,0.1,0.0,0.0,0.46,1.53,2.94,0.41,2.53,2.37,1.81,0.0,0.22,0.34,0.0,1.7,0.0,0.0,0.0,0.0,0.0,0.0,1.0,1.0,1.0,1.0,1.0,1.0,0.0,0.0,0.0,0.0,1.0,0.0,0.0,0.0,0.17258685531931273,17.50114281982751,20.212125073826396
11878,475.08,0.98,1,0.055,0.299,0.06,-0.084,-0.044,0.11,0.0,0.0,0.21,1.49,2.87,0.39,2.52,2.37,1.9,0.0,0.28,0.29,0.0,1.67,0.0,0.0,0.0,0.0,0.0,0.0,1.0,1.0,1.0,1.0,1.0,1.0,0.0,0.0,0.0,0.0,1.0,0.0,0.0,0.0,0.1741857474978014,17.7002824836216,19.7205476597381
11879,475.12,0.98,1,0.057,0.3,0.06,-0.081,-0.045,0.08,0.0,0.0,0.22,1.52,3.03,0.44,2.51,2.38,2.06,0.0,0.42,0.24,0.0,1.66,0.0,0.0,0.0,0.0,0.0,0.0,1.0,1.0,1.0,1.0,1.0,1.0,0.0,0.0,0.0,0.0,1.0,0.0,0.0,0.0,0.1746170075991036,18.00444389588304,19.61249601657057
11880,475.16,0.98,1,0.056,0.302,0.067,-0.083,-0.044,0.14,0.0,0.0,0.24,1.57,3.32,0.43,2.61,2.43,2.16,0.0,0.39,0.19,0.0,1.77,0.0,0.0,0.0,0.0,0.0,0.0,1.0,1.0,1.0,1.0,1.0,1.0,0.0,0.0,0.0,0.0,1.0,0.0,0.0,0.0,0.17867043561061027,18.002499826412997,20.20618717126024
11881,475.2,0.98,1,0.05,0.297,0.069,-0.075,-0.041,0.12,0.0,0.0,0.24,1.6,3.42,0.3,2.65,2.5,2.22,0.0,0.43,0.14,0.0,1.87,0.0,0.0,0.0,0.0,0.0,0.0,1.0,1.0,1.0,1.0,1.0,1.0,0.0,0.0,0.0,0.0,1.0,0.0,0.0,0.0,0.17186872145692733,18.200274723201343,20.00099997500125
11882,475.24,0.98,1,0.056,0.291,0.07,-0.076,-0.037,0.11,0.0,0.0,0.16,1.59,3.37,0.16,2.64,2.55,2.24,0.08,0.4,0.15,0.0,2.03,0.0,0.0,0.0,0.0,0.0,0.0,1.0,1.0,1.0,1.0,1.0,1.0,0.0,0.0,0.0,0.0,1.0,0.0,0.0,0.0,0.17549500817000913,18.40000000000009,20.002249873451735
11883,475.28,0.98,1,0.056,0.291,0.076,-0.079,-0.035,0.03,0.0,0.0,0.18,1.61,3.21,0.1,2.58,2.55,2.24,0.08,0.43,0.1,0.0,2.17,0.09,0.0,0.0,0.0,0.0,0.0,1.0,1.0,1.0,1.0,1.0,1.0,0.0,0.0,0.0,0.0,1.0,0.0,0.0,0.0,0.1819443573420481,18.106904760339265,20.500975586542218
11884,475.32,0.98,1,0.056,0.309,0.08,-0.086,-0.028,0.06,0.0,0.0,0.26,1.62,3.35,0.15,2.58,2.56,2.23,0.08,0.34,0.09,0.0,2.35,0.16,0.0,0.0,0.0,0.0,0.0,1.0,1.0,1.0,1.0,1.0,1.0,0.0,0.0,0.0,0.0,1.0,0.0,0.0,0.0,0.17697904168705897,17.9011172835665,20.400245096566945
11885,475.36,0.98,1,0.047,0.316,0.086,-0.084,-0.03,0.08,0.02,0.0,0.21,1.64,3.39,0.2,2.51,2.58,2.25,0.0,0.3,0.1,0.0,2.45,0.24,0.0,0.0,0.0,0.0,0.0,1.0,1.0,1.0,1.0,1.0,1.0,0.0,0.0,0.0,0.0,1.0,0.0,0.0,0.0,0.17578757425488462,18.100000000000136,21.103791128609956
11886,475.4,0.98,1,0.048,0.312,0.091,-0.089,-0.028,0.13,0.04,0.0,0.08,1.64,3.54,0.27,2.4,2.62,2.19,0.0,0.24,0.14,0.0,2.44,0.14,0.0,0.0,0.0,0.0,0.0,1.0,1.0,1.0,1.0,1.0,1.0,0.0,0.0,0.0,0.0,1.0,0.0,0.0,0.0,0.1862514680516462,18.202472359544828,21.600231480241042
11887,475.44,0.98,1,0.049,0.318,0.086,-0.082,-0.026,0.1,0.04,0.0,0.0,1.68,3.49,0.29,2.32,2.68,2.18,0.0,0.32,0.13,0.0,2.36,0.07,0.0,0.0,0.0,0.0,0.0,1.0,1.0,1.0,1.0,1.0,1.0,0.0,0.0,0.0,0.0,1.0,0.0,0.0,0.0,0.17426416494888175,18.4024454896626,21.005951537600005
11888,475.48,0.98,1,0.053,0.309,0.088,-0.087,-0.025,0.08,0.01,0.0,0.0,1.73,3.46,0.37,2.33,2.69,2.31,0.0,0.39,0.06,0.0,2.33,0.0,0.0,0.0,0.0,0.0,0.0,1.0,1.0,1.0,1.0,1.0,1.0,0.0,0.0,0.0,0.0,1.0,0.0,0.0,0.0,0.17894203175439144,17.510282693320516,20.900956915892497
11889,475.52,0.98,1,0.061,0.299,0.091,-0.091,-0.028,0.04,0.0,0.0,0.08,1.72,3.4,0.41,2.44,2.68,2.4,0.0,0.45,0.15,0.0,2.3,0.0,0.0,0.0,0.0,0.0,0.0,1.0,1.0,1.0,1.0,1.0,1.0,0.0,0.0,0.0,0.0,1.0,0.0,0.0,0.0,0.18432562905847868,18.000277775634462,20.8002403832263
11890,475.56,0.98,1,0.048,0.308,0.092,-0.082,-0.028,0.07,0.0,0.0,0.17,1.75,3.42,0.46,2.44,2.65,2.5,0.0,0.36,0.21,0.0,2.23,0.0,0.0,0.0,0.0,0.0,0.0,1.0,1.0,1.0,1.0,1.0,1.0,0.0,0.0,0.0,0.0,1.0,0.0,0.0,0.0,0.1803217537285628,17.41838109584249,20.700241544484495
11891,475.6,0.98,1,0.047,0.292,0.09,-0.083,-0.028,0.05,0.0,0.0,0.2,1.71,3.52,0.49,2.44,2.64,2.31,0.0,0.37,0.21,0.0,2.13,0.0,0.0,0.0,0.0,0.0,0.0,1.0,1.0,1.0,1.0,1.0,1.0,0.0,0.0,0.0,0.0,1.0,0.0,0.0,0.0,0.17968371345611955,17.304623659588742,20.903827400741804
11892,475.64,0.98,1,0.052,0.293,0.083,-0.081,-0.029,0.03,0.0,0.0,0.13,1.72,3.51,0.44,2.36,2.63,2.32,0.0,0.38,0.1,0.0,2.11,0.0,0.0,0.0,0.0,0.0,0.0,1.0,1.0,1.0,1.0,1.0,1.0,0.0,0.0,0.0,0.0,1.0,0.0,0.0,0.0,0.1860303050338015,17.71806987230837,20.90000000000009
11893,475.68,0.98,1,0.05,0.288,0.079,-0.079,-0.028,0.0,0.0,0.0,0.03,1.71,3.52,0.43,2.35,2.66,2.16,0.0,0.42,0.12,0.0,2.15,0.0,0.0,0.0,0.0,0.0,0.0,1.0,1.0,1.0,1.0,1.0,1.0,0.0,0.0,0.0,0.0,1.0,0.0,0.0,0.0,0.1849130527053815,17.510282693320512,21.500232556881798
11894,475.72,0.98,1,0.048,0.282,0.075,-0.076,-0.031,0.04,0.0,0.0,0.25,1.75,3.41,0.39,2.37,2.7,2.21,0.0,0.32,0.18,0.0,2.16,0.0,0.0,0.0,0.0,0.0,0.0,1.0,1.0,1.0,1.0,1.0,1.0,0.0,0.0,0.0,0.0,1.0,0.0,0.0,0.0,0.18883165142749864,17.6181724364361,20.70096616102741
11895,475.76,0.98,1,0.044,0.286,0.073,-0.075,-0.032,0.04,0.0,0.0,0.32,1.8,3.39,0.41,2.36,2.7,2.19,0.03,0.22,0.23,0.0,2.08,0.0,0.0,0.0,0.0,0.0,0.0,1.0,1.0,1.0,1.0,1.0,1.0,0.0,0.0,0.0,0.0,1.0,0.0,0.0,0.0,0.18513322247078634,17.9178681767671,20.400980368600028
11896,475.8,0.98,1,0.052,0.28,0.072,-0.073,-0.034,0.05,0.0,0.0,0.48,1.85,3.31,0.41,2.4,2.71,2.27,0.08,0.16,0.15,0.0,2.02,0.0,0.0,0.0,0.0,0.0,0.0,1.0,1.0,1.0,1.0,1.0,1.0,0.0,0.0,0.0,0.0,1.0,0.0,0.0,0.0,0.18746008498245953,17.61391495380867,21.0
11897,475.84,0.98,1,0.044,0.281,0.074,-0.073,-0.034,0.01,0.0,0.0,0.36,1.88,3.28,0.37,2.44,2.71,2.3,0.1,0.17,0.06,0.0,2.04,0.0,0.0,0.0,0.0,0.0,0.0,1.0,1.0,1.0,1.0,1.0,1.0,0.0,0.0,0.0,0.0,1.0,0.0,0.0,0.0,0.1875807045757858,18.313383084509493,20.8002403832263
11898,475.88,0.98,1,0.047,0.277,0.079,-0.077,-0.035,0.03,0.0,0.0,0.48,1.91,3.29,0.32,2.51,2.75,2.35,0.07,0.12,0.0,0.0,2.11,0.0,0.0,0.0,0.0,0.0,0.0,1.0,1.0,1.0,1.0,1.0,1.0,0.0,0.0,0.0,0.0,1.0,0.0,0.0,0.0,0.1910687567647522,17.80702108720036,20.90000000000009
11899,475.92,0.98,1,0.05,0.283,0.077,-0.075,-0.035,0.02,0.0,0.0,0.42,1.9,3.17,0.27,2.53,2.75,2.44,0.02,0.06,0.0,0.0,2.17,0.0,0.0,0.0,0.0,0.0,0.0,1.0,1.0,1.0,1.0,1.0,1.0,0.0,0.0,0.0,0.0,1.0,0.0,0.0,0.0,0.190185595960485,17.149344010777703,20.300985197768068
11900,475.96,0.98,1,0.052,0.28,0.07,-0.073,-0.033,0.02,0.0,0.0,0.28,1.92,3.13,0.18,2.56,2.8,2.44,0.02,0.0,0.02,0.0,2.17,0.0,0.0,0.0,0.0,0.0,0.0,1.0,1.0,1.0,1.0,1.0,1.0,0.0,0.0,0.0,0.0,1.0,0.0,0.0,0.0,0.18954406234486781,17.24905794529086,20.60024271701662
11901,476.0,0.98,1,0.067,0.28,0.079,-0.077,-0.035,0.0,0.0,0.0,0.17,1.92,2.96,0.12,2.61,2.88,2.51,0.02,0.03,0.1,0.0,2.19,0.0,0.0,0.0,0.0,0.0,0.0,1.0,1.0,1.0,1.0,1.0,1.0,0.0,0.0,0.0,0.0,1.0,0.0,0.0,0.0,0.1931391450305984,17.902513789968246,20.20222759994555
11902,476.04,0.98,1,0.068,0.274,0.077,-0.081,-0.033,0.0,0.0,0.0,0.08,1.94,3.01,0.12,2.59,2.92,2.53,0.02,0.05,0.11,0.0,2.16,0.0,0.0,0.0,0.0,0.0,0.0,1.0,1.0,1.0,1.0,1.0,1.0,0.0,0.0,0.0,0.0,1.0,0.0,0.0,0.0,0.1897390214428028,18.202472359544824,20.40882162203403
11903,476.08,0.98,1,0.071,0.267,0.076,-0.079,-0.031,0.0,0.0,0.0,0.08,1.97,3.08,0.09,2.47,2.98,2.48,0.03,0.05,0.09,0.0,2.23,0.0,0.0,0.0,0.0,0.0,0.0,1.0,1.0,1.0,1.0,1.0,1.0,0.0,0.0,0.0,0.0,1.0,0.0,0.0,0.0,0.1934344820974463,18.201098867925573,20.706037766796474
11904,476.12,0.98,1,0.066,0.274,0.082,-0.078,-0.031,0.0,0.0,0.0,0.0,2.01,3.18,0.09,2.38,2.97,2.3,0.03,0.03,0.01,0.0,2.32,0.0,0.0,0.0,0.0,0.0,0.0,1.0,1.0,1.0,1.0,1.0,1.0,0.0,0.0,0.0,0.0,1.0,0.0,0.0,0.0,0.1958710092635381,17.80449381476504,20.10895322984258
11905,476.16,0.98,1,0.044,0.285,0.075,-0.065,-0.031,0.0,0.0,0.0,0.0,2.0,3.0,0.02,2.36,2.99,2.15,0.03,0.01,0.0,0.0,2.54,0.0,0.28,0.0,0.0,0.0,0.0,1.0,1.0,0.0,1.0,1.0,1.0,0.0,0.0,0.0,0.0,1.0,0.0,0.0,0.0,0.17268112501832109,18.400271737123976,19.50102561405425
11906,476.2,0.98,1,0.024,0.298,0.064,-0.052,-0.034,0.09,0.06,0.0,0.0,1.84,2.39,0.02,2.46,3.05,2.3,0.05,0.0,0.0,0.0,2.7,0.0,0.66,1.0,0.0,0.0,0.0,1.0,1.0,0.0,1.0,1.0,1.0,0.0,0.0,0.0,0.0,1.0,0.0,0.0,0.0,0.16953135050778062,18.20988742414388,18.806647760831762
11907,476.24,0.98,1,0.008,0.369,0.066,-0.08,-0.027,0.11,0.1,0.0,0.0,1.76,2.11,0.0,2.47,3.0,2.44,0.05,0.0,0.05,0.0,2.81,0.0,1.15,1.0,0.0,0.0,0.0,1.0,1.0,0.0,1.0,1.0,1.0,0.0,0.0,0.0,0.0,1.0,0.0,0.0,0.0,0.15352108073394627,17.049633427144407,18.31338308450972
11908,476.28,0.98,1,-0.023,0.371,0.064,-0.067,-0.027,0.22,0.12,0.0,0.0,1.67,2.09,0.0,2.41,2.82,2.32,0.05,0.0,0.05,0.0,2.86,0.04,1.1,1.0,0.0,0.0,0.0,1.0,1.0,1.0,1.0,1.0,1.0,0.0,0.0,0.0,0.0,1.0,1.0,0.0,0.0,0.10875326504432611,18.146625030566884,22.21103329428849
11909,476.32,0.98,1,0.003,0.345,0.07,-0.061,-0.032,0.13,0.06,0.0,0.0,1.59,2.37,0.05,2.25,2.46,1.86,0.0,0.03,0.05,0.0,2.72,0.29,0.89,1.0,0.0,0.0,0.0,1.0,1.0,1.0,1.0,1.0,1.0,0.0,0.0,0.0,0.0,1.0,1.0,0.0,0.0,0.14466402178869642,19.14418971907656,18.30983342360051
11910,476.36,0.98,1,0.025,0.305,0.061,-0.074,-0.025,0.11,0.03,0.0,0.2,1.33,2.63,0.14,1.95,2.07,1.44,0.0,0.18,0.01,0.0,2.45,0.77,0.45,1.0,0.0,0.0,0.0,1.0,1.0,1.0,1.0,1.0,1.0,0.0,0.0,0.0,0.0,1.0,1.0,0.0,0.0,0.1559892108900366,17.747675904185357,19.609181522949815
11911,476.4,0.98,1,0.037,0.312,0.067,-0.077,-0.025,0.07,0.0,0.0,0.31,1.11,2.8,0.2,1.72,1.75,1.21,0.0,0.27,0.11,0.0,2.28,1.3,0.21,0.0,0.0,0.0,0.0,1.0,1.0,1.0,1.0,1.0,1.0,0.0,0.0,0.0,0.0,1.0,1.0,0.0,0.0,0.16719193892303044,16.910647533432986,18.638669480410787
11912,476.44,0.98,1,0.03,0.334,0.087,-0.092,-0.026,0.1,0.0,0.0,0.39,0.94,2.86,0.23,1.5,1.47,1.17,0.0,0.4,0.11,0.0,1.84,1.54,0.04,0.0,0.0,0.0,0.0,1.0,1.0,1.0,1.0,1.0,1.0,0.0,0.0,0.0,0.0,1.0,1.0,0.0,0.0,0.19811925930569518,17.00735135169495,17.8404035828789
11913,476.48,0.98,1,0.055,0.333,0.067,-0.089,-0.028,0.17,0.0,0.0,0.39,0.85,2.83,0.18,1.47,1.27,1.15,0.0,0.6,0.2,0.0,1.19,1.32,0.0,0.0,0.0,0.0,0.0,1.0,1.0,0.0,1.0,1.0,1.0,0.0,0.0,0.0,0.0,1.0,1.0,0.0,0.0,0.17808050396844605,15.711460785044824,17.95466513193703
11914,476.52,0.98,1,0.07,0.317,0.057,-0.083,-0.035,0.16,0.0,0.0,0.44,0.73,2.88,0.26,1.44,1.1,1.17,0.02,0.82,0.1,0.0,0.46,1.08,0.0,0.0,0.0,0.0,0.0,1.0,1.0,0.0,1.0,1.0,1.0,0.0,0.0,0.0,0.0,1.0,1.0,0.0,0.0,0.1808490183219829,15.90031446229903,18.23951753747894
11915,476.56,0.98,1,0.069,0.326,0.056,-0.095,-0.033,0.19,0.0,0.0,0.51,0.71,2.93,0.28,1.51,1.15,1.09,0.02,0.68,0.1,0.0,0.49,0.84,0.0,0.0,0.0,0.0,0.0,1.0,1.0,0.0,1.0,1.0,1.0,0.0,0.0,0.0,0.0,1.0,1.0,0.0,0.0,0.17872196695127363,16.002812252851058,17.847408775505713
11916,476.6,0.98,1,0.069,0.313,0.074,-0.085,-0.034,0.16,0.0,0.0,0.5,0.88,2.94,0.42,1.71,1.39,1.19,0.02,0.34,0.0,0.0,1.21,0.81,0.0,0.0,0.0,0.0,0.0,1.0,1.0,0.0,1.0,1.0,1.0,0.0,0.0,0.0,0.0,1.0,1.0,0.0,0.0,0.180048047303848,16.200000000000045,18.333030300525827
11917,476.64,0.98,1,0.061,0.306,0.083,-0.078,-0.039,0.23,0.0,0.0,0.34,1.12,3.03,0.42,1.94,1.81,1.32,0.0,0.02,0.0,0.0,1.83,0.52,0.0,0.0,0.0,0.0,0.0,1.0,1.0,1.0,1.0,1.0,1.0,0.0,0.0,0.0,0.0,1.0,1.0,0.0,0.0,0.18815178571711938,15.815498727514052,17.933767033169445
11918,476.68,0.98,1,0.057,0.299,0.083,-0.07,-0.038,0.25,0.01,0.0,0.22,1.38,3.32,0.44,2.11,2.15,1.55,0.0,0.0,0.0,0.0,2.22,0.43,0.0,0.0,0.0,0.0,0.0,1.0,1.0,1.0,1.0,1.0,1.0,0.0,0.0,0.0,0.0,1.0,1.0,0.0,0.0,0.1857988089412559,16.107762104029135,18.817013578142706
11919,476.72,0.98,1,0.061,0.296,0.085,-0.062,-0.036,0.21,0.01,0.0,0.07,1.49,3.42,0.43,2.16,2.34,1.77,0.0,0.0,0.01,0.0,2.32,0.3,0.0,0.0,0.0,0.0,0.0,1.0,1.0,1.0,1.0,1.0,1.0,0.0,0.0,0.0,0.0,1.0,1.0,0.0,0.0,0.1890802203658398,16.70269439342053,19.01289036417136
11920,476.76,0.98,1,0.058,0.308,0.097,-0.066,-0.032,0.09,0.01,0.0,0.08,1.55,3.29,0.41,2.19,2.42,1.78,0.0,0.0,0.01,0.0,2.52,0.3,0.0,0.0,0.0,0.0,0.0,1.0,1.0,1.0,1.0,1.0,1.0,0.0,0.0,0.0,0.0,1.0,1.0,0.0,0.0,0.19010423999106685,16.70119756185171,19.404123273160362
11921,476.8,0.98,1,0.053,0.303,0.088,-0.056,-0.029,0.0,0.0,0.0,0.05,1.56,3.02,0.42,2.18,2.42,1.72,0.0,0.0,0.01,0.0,2.53,0.14,0.0,0.0,0.0,0.0,0.0,1.0,1.0,1.0,1.0,1.0,1.0,0.0,0.0,0.0,0.0,1.0,1.0,0.0,0.0,0.1841215430840745,17.501142819827507,19.504102132628407
11922,476.84,0.98,1,0.049,0.301,0.093,-0.055,-0.023,0.0,0.0,0.0,0.01,1.45,3.08,0.38,2.0,2.4,1.58,0.0,0.0,0.0,0.0,2.12,0.05,0.0,0.0,0.0,0.0,0.0,1.0,1.0,1.0,1.0,1.0,1.0,0.0,0.0,0.0,0.0,1.0,1.0,0.0,0.0,0.18856726211292396,17.210461934532773,19.801010075246115
11923,476.88,0.98,1,0.042,0.302,0.07,-0.048,-0.017,0.0,0.0,0.0,0.0,1.36,3.17,0.42,1.81,2.28,1.49,0.03,0.17,0.0,0.0,1.28,0.0,0.0,0.0,0.0,0.0,0.0,1.0,1.0,1.0,1.0,1.0,1.0,0.0,0.0,0.0,0.0,1.0,1.0,0.0,0.0,0.19385433566479163,16.299999999999955,19.602295783912794
11924,476.92,0.98,1,0.034,0.286,0.053,-0.038,-0.017,0.0,0.0,0.0,0.04,1.21,3.25,0.4,1.62,2.14,1.37,0.08,0.3,0.0,0.0,0.47,0.0,0.0,0.0,0.0,0.0,0.0,1.0,1.0,1.0,1.0,1.0,1.0,1.0,0.0,0.0,0.0,1.0,0.0,0.0,0.0,0.19136121575580983,16.600301202086573,18.900264548412935
11925,476.96,0.98,1,0.042,0.307,0.063,-0.044,-0.012,0.0,0.0,0.0,0.15,1.13,3.14,0.38,1.59,1.97,1.11,0.13,0.38,0.0,0.0,0.44,0.17,0.0,0.0,0.0,0.0,0.0,1.0,1.0,0.0,1.0,1.0,1.0,1.0,0.0,0.0,0.0,0.0,0.0,0.0,0.0,0.198645900633786,16.500303027520435,19.40644222932155
11926,477.0,0.98,1,0.039,0.318,0.081,-0.052,-0.01,0.02,0.0,0.0,0.18,1.02,3.09,0.34,1.56,1.84,0.9,0.24,0.44,0.0,0.0,0.54,0.22,0.0,0.0,0.0,0.0,0.0,1.0,1.0,0.0,1.0,1.0,1.0,1.0,0.0,0.0,0.0,0.0,0.0,0.0,0.0,0.19916176852085415,16.9047330650325,19.70025380547169
11927,477.04,0.98,1,0.023,0.317,0.072,-0.054,-0.008,0.02,0.0,0.0,0.22,0.98,3.02,0.33,1.52,1.72,0.85,0.22,0.51,0.0,0.0,0.53,0.25,0.0,0.0,0.0,0.0,0.0,1.0,1.0,0.0,1.0,1.0,1.0,1.0,0.0,0.0,0.0,0.0,0.0,0.0,0.0,0.20127637919617572,16.80476123007996,19.001052602421794
11928,477.08,0.98,1,0.021,0.313,0.07,-0.053,-0.01,0.02,0.0,0.0,0.12,0.96,2.95,0.37,1.52,1.66,0.87,0.18,0.59,0.0,0.0,0.3,0.25,0.0,0.0,0.0,0.0,0.0,1.0,1.0,0.0,1.0,1.0,1.0,1.0,1.0,0.0,0.0,0.0,0.0,0.0,0.0,0.18770932046150574,17.20726590716845,18.702406262296886
11929,477.12,0.98,1,0.016,0.311,0.072,-0.051,-0.013,0.0,0.0,0.0,0.1,0.89,2.82,0.32,1.53,1.68,1.0,0.15,0.58,0.0,0.0,0.27,0.26,0.0,0.0,0.0,0.0,0.0,1.0,1.0,0.0,1.0,1.0,1.0,1.0,1.0,0.0,0.0,0.0,0.0,0.0,0.0,0.18749733074391337,18.106904760339265,19.201041638411
11930,477.16,0.98,1,0.011,0.308,0.07,-0.05,-0.015,0.0,0.0,0.0,0.15,0.87,3.05,0.37,1.51,1.73,1.12,0.12,0.6,0.01,0.0,0.35,0.23,0.0,0.0,0.0,0.0,0.0,1.0,1.0,0.0,1.0,1.0,1.0,1.0,1.0,0.0,0.0,0.0,0.0,0.0,0.0,0.18679757556280513,18.406792224610864,19.40412327316013
11931,477.2,0.98,1,0.019,0.309,0.072,-0.05,-0.014,0.0,0.0,0.0,0.14,0.9,3.09,0.42,1.44,1.83,1.32,0.12,0.57,0.02,0.0,0.37,0.06,0.0,0.0,0.0,0.0,0.0,1.0,1.0,0.0,1.0,1.0,1.0,0.0,0.0,0.0,0.0,0.0,0.0,0.0,0.0,0.18716653411909825,18.404347312523612,19.501025614054253
11932,477.24,0.98,1,0.007,0.312,0.079,-0.052,-0.014,0.0,0.0,0.0,0.12,1.08,3.12,0.54,1.52,2.03,1.45,0.0,0.34,0.02,0.0,0.7,0.0,0.0,0.0,0.0,0.0,0.0,1.0,1.0,1.0,1.0,1.0,1.0,0.0,0.0,0.0,0.0,0.0,0.0,0.0,0.0,0.18711167354281416,18.000277775634462,19.501025614054253
11933,477.28,0.98,1,0.013,0.308,0.091,-0.046,-0.02,0.0,0.0,0.0,0.01,1.25,3.0,0.54,1.71,2.28,1.64,0.0,0.13,0.01,0.0,1.24,0.0,0.0,0.0,0.0,0.0,0.0,1.0,1.0,1.0,1.0,1.0,1.0,0.0,0.0,0.0,0.0,1.0,0.0,0.0,0.0,0.1838041000457406,17.59999999999991,18.80106379968959
11934,477.32,0.98,1,0.019,0.293,0.091,-0.051,-0.023,0.0,0.0,0.0,0.01,1.4,3.07,0.48,1.98,2.51,1.77,0.0,0.0,0.0,0.0,1.7,0.0,0.0,0.0,0.0,0.0,0.0,1.0,1.0,1.0,1.0,1.0,1.0,0.0,0.0,0.0,0.0,1.0,0.0,0.0,0.0,0.180274585841181,17.402586014727902,19.09999999999991
11935,477.36,0.98,1,0.022,0.292,0.087,-0.047,-0.028,0.0,0.0,0.0,0.09,1.54,3.26,0.45,2.06,2.69,1.97,0.0,0.0,0.0,0.0,1.98,0.0,0.0,0.0,0.0,0.0,0.0,1.0,1.0,1.0,1.0,1.0,1.0,0.0,0.0,0.0,0.0,1.0,0.0,0.0,0.0,0.17313262588024503,18.0,19.200260414900672
11936,477.4,0.98,1,0.016,0.303,0.094,-0.044,-0.03,0.0,0.0,0.0,0.15,1.65,3.5,0.37,2.23,2.83,2.09,0.0,0.0,0.0,0.0,2.19,0.0,0.0,0.0,0.0,0.0,0.0,1.0,1.0,1.0,1.0,1.0,1.0,0.0,0.0,0.0,0.0,1.0,0.0,0.0,0.0,0.1736019983260335,18.200274723201343,18.900264548412935
11937,477.44,0.98,1,0.016,0.29,0.097,-0.039,-0.035,0.0,0.0,0.0,0.15,1.73,3.66,0.35,2.36,2.98,2.27,0.0,0.0,0.0,0.0,2.37,0.0,0.0,0.0,0.0,0.0,0.0,1.0,1.0,1.0,1.0,1.0,1.0,0.0,0.0,0.0,0.0,1.0,0.0,0.0,0.0,0.1692392646041948,18.102486017119443,19.401030900444304
11938,477.48,0.98,1,0.013,0.29,0.097,-0.04,-0.032,0.0,0.0,0.0,0.07,1.78,3.65,0.27,2.45,3.07,2.43,0.0,0.0,0.0,0.0,2.53,0.0,0.0,0.0,0.0,0.0,0.0,1.0,1.0,1.0,1.0,1.0,1.0,0.0,0.0,0.0,0.0,1.0,0.0,0.0,0.0,0.16847799777097133,18.50027026829608,19.101047091717387
11939,477.52,0.98,1,0.017,0.308,0.095,-0.042,-0.033,0.0,0.0,0.0,0.0,1.85,3.42,0.25,2.36,3.07,2.43,0.0,0.0,0.0,0.0,2.83,0.04,0.0,0.0,0.0,0.0,0.0,1.0,1.0,1.0,1.0,1.0,1.0,0.0,0.0,0.0,0.0,1.0,0.0,0.0,0.0,0.16922273732008197,18.200274723201343,19.100000000000136
11940,477.56,0.98,1,0.007,0.287,0.099,-0.035,-0.035,0.0,0.0,0.0,0.0,1.94,3.13,0.2,2.29,3.05,2.39,0.0,0.0,0.0,0.0,3.14,0.11,0.0,0.0,0.0,0.0,0.0,1.0,1.0,1.0,1.0,1.0,1.0,0.0,0.0,0.0,0.0,1.0,1.0,0.0,0.0,0.16671046580822008,18.102486017119215,19.10235587565043
11941,477.6,0.98,1,0.004,0.299,0.093,-0.027,-0.038,0.0,0.0,0.0,0.0,2.04,3.02,0.23,2.38,3.01,2.34,0.0,0.0,0.0,0.0,3.44,0.21,0.0,0.0,0.0,0.0,0.0,1.0,1.0,1.0,1.0,1.0,1.0,0.0,0.0,0.0,0.0,1.0,1.0,0.0,0.0,0.15824230577524578,18.000277775634462,18.802393464662906
11942,477.64,0.98,1,0.002,0.283,0.089,-0.029,-0.045,0.0,0.0,0.0,0.0,2.14,3.2,0.23,2.53,3.03,2.48,0.0,0.0,0.0,0.0,3.53,0.32,0.0,0.0,0.0,0.0,0.0,1.0,1.0,1.0,1.0,1.0,1.0,0.0,0.0,0.0,0.0,1.0,1.0,0.0,0.0,0.1532972420077746,18.106904760339265,18.901058171435665
11943,477.68,0.98,1,0.007,0.307,0.09,-0.03,-0.05,0.0,0.0,0.0,0.0,2.17,3.3,0.32,2.51,3.03,2.48,0.0,0.0,0.0,0.0,3.61,0.38,0.39,0.0,0.0,0.0,0.0,1.0,1.0,1.0,1.0,1.0,1.0,0.0,0.0,0.0,0.0,1.0,1.0,0.0,0.0,0.1495500695526501,18.60026881526192,17.799999999999955
11944,477.72,0.98,1,-0.031,0.351,0.086,-0.012,-0.045,0.0,0.0,0.0,0.0,2.11,3.3,0.36,2.43,3.05,2.5,0.0,0.0,0.03,0.0,3.62,0.63,0.63,0.0,0.0,0.0,0.0,1.0,1.0,1.0,1.0,1.0,1.0,0.0,0.0,0.0,0.0,1.0,1.0,0.0,0.0,0.1217171575880714,17.600284088616206,17.91786817676688
11945,477.76,0.98,1,-0.039,0.368,0.1,-0.012,-0.023,0.0,0.0,0.0,0.0,1.94,3.03,0.37,2.25,3.06,2.44,0.0,0.03,0.03,0.0,3.62,0.9,1.03,0.0,0.0,0.0,0.0,1.0,1.0,1.0,1.0,1.0,1.0,0.0,0.0,0.0,0.0,1.0,1.0,0.0,0.0,0.1260823545549222,17.800280896659984,17.71806987230837
11946,477.8,0.98,1,-0.034,0.376,0.118,-0.012,-0.015,0.0,0.0,0.0,0.0,1.75,2.99,0.28,2.18,3.03,2.4,0.0,0.04,0.04,0.0,3.68,1.21,0.87,0.0,0.0,0.0,0.0,1.0,1.0,1.0,1.0,1.0,1.0,0.0,0.0,0.0,0.0,1.0,1.0,0.0,0.0,0.11810810365359885,17.707060738586787,18.504323819042945
11947,477.84,0.98,1,-0.028,0.373,0.122,-0.009,-0.011,0.0,0.0,0.0,0.0,1.63,2.89,0.21,2.07,3.0,2.27,0.0,0.04,0.05,0.0,3.73,1.37,0.8,0.0,0.0,0.0,0.0,1.0,1.0,1.0,1.0,1.0,1.0,0.0,0.0,0.0,0.0,1.0,1.0,0.0,0.0,0.12900208740250352,18.70668329768784,18.301092863542284
11948,477.88,0.98,1,-0.034,0.377,0.123,-0.011,-0.007,0.0,0.0,0.0,0.0,1.56,2.84,0.25,2.05,2.96,2.22,0.0,0.03,0.09,0.0,3.76,1.42,0.48,0.0,0.0,0.0,0.0,1.0,1.0,1.0,1.0,1.0,1.0,0.0,0.0,0.0,0.0,1.0,1.0,0.0,0.0,0.13260418386054798,17.9011172835665,18.70026737776767
11949,477.92,0.98,1,-0.029,0.375,0.14,-0.02,-0.009,0.0,0.0,0.0,0.01,1.69,2.89,0.25,2.29,2.95,2.27,0.03,0.03,0.16,0.0,3.68,1.28,0.32,0.0,0.0,0.0,0.0,1.0,1.0,1.0,1.0,1.0,1.0,0.0,0.0,0.0,0.0,1.0,1.0,0.0,0.0,0.13703393473883388,17.200290695217962,18.50432381904294
11950,477.96,0.98,1,-0.021,0.345,0.102,-0.026,-0.036,0.0,0.0,0.0,0.01,1.86,3.02,0.35,2.42,3.0,2.43,0.03,0.03,0.23,0.0,3.66,1.17,0.51,0.0,0.0,0.0,0.0,1.0,1.0,1.0,1.0,1.0,1.0,0.0,0.0,0.0,0.0,1.0,1.0,0.0,0.0,0.13258761102773864,19.5,19.904019694524113
11951,478.0,0.98,1,-0.04,0.355,0.121,-0.005,-0.044,0.0,0.0,0.0,0.04,2.06,3.4,0.41,2.5,3.09,2.4,0.03,0.06,0.26,0.0,3.68,1.16,0.45,0.0,0.0,0.0,0.0,1.0,1.0,1.0,1.0,1.0,1.0,0.0,0.0,0.0,0.0,1.0,1.0,0.0,0.0,0.12360115249729119,18.50432381904294,18.506755523321747
11952,478.04,0.98,1,-0.048,0.387,0.125,-0.003,-0.023,0.0,0.0,0.0,0.04,2.01,3.26,0.45,2.36,3.15,2.24,0.0,0.14,0.31,0.0,3.69,1.29,0.54,0.0,0.0,0.0,0.0,1.0,1.0,1.0,1.0,1.0,1.0,0.0,0.0,0.0,0.0,1.0,1.0,0.0,0.0,0.12427859689019219,17.602556632489634,18.402445489662373
11953,478.08,0.98,1,-0.02,0.369,0.123,-0.002,-0.013,0.0,0.0,0.0,0.04,1.9,3.09,0.4,2.27,3.14,2.08,0.0,0.25,0.23,0.0,3.72,1.27,0.33,0.0,0.0,0.0,0.0,1.0,1.0,1.0,1.0,1.0,1.0,0.0,0.0,0.0,0.0,1.0,1.0,0.0,0.0,0.13612636823413943,17.500285711953392,18.706683297688066
11954,478.12,0.98,1,-0.022,0.386,0.132,-0.006,-0.009,0.0,0.0,0.0,0.09,1.77,2.79,0.35,2.2,3.08,2.05,0.0,0.29,0.23,0.0,3.72,1.3,0.4,0.0,0.0,0.0,0.0,1.0,1.0,1.0,1.0,1.0,1.0,0.0,0.0,0.0,0.0,1.0,1.0,0.0,0.0,0.1378352146717962,17.80112356004526,19.41262475813085
11955,478.16,0.98,1,-0.022,0.386,0.132,-0.007,-0.006,0.0,0.0,0.0,0.09,1.76,2.89,0.36,2.11,3.07,2.04,0.0,0.29,0.15,0.0,3.76,1.26,0.33,0.0,0.0,0.0,0.0,1.0,1.0,1.0,1.0,1.0,1.0,0.0,0.0,0.0,0.0,1.0,1.0,0.0,0.0,0.1368368347842537,17.80252791038392,19.212756179163932
11956,478.2,0.98,1,-0.024,0.374,0.129,-0.006,-0.008,0.0,0.0,0.0,0.15,1.78,3.06,0.33,2.14,3.08,2.07,0.0,0.22,0.15,0.0,3.74,1.29,0.36,0.0,0.0,0.0,0.0,1.0,1.0,1.0,1.0,1.0,1.0,0.0,0.0,0.0,0.0,1.0,1.0,0.0,0.0,0.14142159649035818,17.00264685276972,19.00236827345476
11957,478.24,0.98,1,-0.023,0.374,0.129,-0.006,-0.01,0.0,0.0,0.0,0.11,1.84,3.18,0.3,2.18,3.09,2.03,0.0,0.21,0.12,0.0,3.64,1.18,0.48,0.0,0.0,0.0,0.0,1.0,1.0,1.0,1.0,1.0,1.0,0.0,0.0,0.0,0.0,1.0,1.0,0.0,0.0,0.1466648541029827,17.510282693320516,19.00026315607234
11958,478.28,0.98,1,-0.017,0.36,0.122,-0.005,-0.01,0.0,0.0,0.0,0.11,1.9,3.27,0.34,2.21,3.08,2.03,0.0,0.27,0.07,0.0,3.58,1.13,0.38,0.0,0.0,0.0,0.0,1.0,1.0,1.0,1.0,1.0,1.0,0.0,0.0,0.0,0.0,1.0,1.0,0.0,0.0,0.14216638220734137,18.5,18.90105817143566
11959,478.32,0.98,1,-0.027,0.372,0.122,-0.005,-0.012,0.0,0.0,0.0,0.05,1.83,3.25,0.42,2.14,3.06,1.92,0.0,0.29,0.05,0.0,3.49,1.03,0.3,0.0,0.0,0.0,0.0,1.0,1.0,1.0,1.0,1.0,1.0,0.0,0.0,0.0,0.0,1.0,1.0,0.0,0.0,0.13877946913707234,17.410341754256383,18.702406262296883
11960,478.36,0.98,1,-0.03,0.358,0.111,-0.003,-0.01,0.0,0.0,0.0,0.0,1.79,3.1,0.5,2.13,3.04,1.88,0.0,0.26,0.02,0.0,3.47,1.1,0.11,0.0,0.0,0.0,0.0,1.0,1.0,1.0,1.0,1.0,1.0,0.0,0.0,0.0,0.0,1.0,1.0,0.0,0.0,0.13904708944112765,18.000277775634462,18.801063799689587
11961,478.4,0.98,1,-0.029,0.358,0.113,-0.004,-0.011,0.0,0.0,0.0,0.0,1.76,3.14,0.52,2.11,3.03,1.81,0.01,0.2,0.02,0.0,3.51,1.18,0.16,0.0,0.0,0.0,0.0,1.0,1.0,1.0,1.0,1.0,1.0,0.0,0.0,0.0,0.0,1.0,1.0,0.0,0.0,0.14502944923973726,18.20027472320111,18.800265955565582
11962,478.44,0.98,1,-0.038,0.351,0.113,-0.0,-0.009,0.0,0.0,0.0,0.0,1.77,3.13,0.54,2.2,3.03,1.78,0.01,0.26,0.04,0.0,3.58,1.24,0.24,0.0,0.0,0.0,0.0,1.0,1.0,1.0,1.0,1.0,1.0,0.0,0.0,0.0,0.0,1.0,1.0,0.0,0.0,0.14294397970224515,18.7096231923575,19.200000000000045
11963,478.48,0.98,1,-0.01,0.359,0.12,-0.005,-0.004,0.0,0.0,0.0,0.0,1.77,3.25,0.55,2.28,3.02,1.79,0.01,0.29,0.04,0.0,3.63,1.21,0.23,0.0,0.0,0.0,0.0,1.0,1.0,1.0,1.0,1.0,1.0,0.0,0.0,0.0,0.0,1.0,1.0,0.0,0.0,0.1283072448863699,18.802393464663133,18.802393464662902
11964,478.52,0.98,1,-0.026,0.362,0.13,-0.003,0.0,0.0,0.0,0.0,0.0,1.75,3.21,0.53,2.36,3.02,1.84,0.02,0.41,0.09,0.0,3.62,1.14,0.17,0.0,0.0,0.0,0.0,1.0,1.0,1.0,1.0,1.0,1.0,0.0,0.0,0.0,0.0,1.0,1.0,0.0,0.0,0.10907263577384863,18.20439507371782,19.300259065618736
11965,478.56,0.98,1,-0.024,0.362,0.132,-0.006,0.004,0.0,0.0,0.0,0.0,1.71,3.36,0.48,2.32,3.05,1.91,0.02,0.45,0.06,0.0,3.62,1.12,0.17,0.0,0.0,0.0,0.0,1.0,1.0,1.0,1.0,1.0,1.0,0.0,0.0,0.0,0.0,1.0,1.0,0.0,0.0,0.11031717260998777,18.002499826412997,18.900264548412935
11966,478.6,0.98,1,-0.013,0.393,0.127,-0.007,0.006,0.03,0.0,0.0,0.0,1.55,2.93,0.35,2.18,3.02,1.95,0.02,0.43,0.09,0.0,3.76,1.15,0.51,0.0,0.0,0.0,0.0,1.0,1.0,1.0,1.0,1.0,1.0,0.0,0.0,0.0,0.0,1.0,1.0,0.0,1.0,0.12019387628501046,18.201098867925573,18.802393464662906
11967,478.64,0.93,1,-0.036,0.42,0.108,0.009,0.008,0.03,0.0,0.0,0.0,1.47,2.72,0.27,2.16,3.03,2.07,0.0,0.33,0.1,0.0,3.84,1.19,1.02,0.0,0.0,0.0,0.0,1.0,1.0,1.0,1.0,1.0,1.0,0.0,0.0,0.0,0.0,1.0,1.0,0.0,1.0,0.08512134410529008,17.30115603073986,25.10079680010192
11968,478.68,0.93,1,-0.057,0.475,0.108,-0.001,0.01,0.03,0.0,0.0,0.0,1.51,2.57,0.27,2.2,2.99,2.08,0.0,0.25,0.1,0.0,3.81,1.23,1.16,0.0,0.0,0.0,0.0,1.0,1.0,1.0,1.0,1.0,1.0,0.0,0.0,0.0,0.0,1.0,1.0,0.0,1.0,0.05427901899014662,16.507574019219177,25.90019304947368
11969,478.72,0.98,1,-0.041,0.407,0.105,0.0,0.009,0.0,0.0,0.0,0.0,1.68,3.0,0.36,2.25,3.05,2.19,0.0,0.31,0.06,0.0,3.7,1.13,0.96,0.0,0.0,0.0,0.0,1.0,1.0,1.0,1.0,1.0,1.0,0.0,0.0,0.0,0.0,1.0,1.0,0.0,1.0,0.08897826649876672,16.602710622064006,18.20247235954505
11970,478.76,0.98,1,-0.032,0.306,0.12,-0.014,0.006,0.0,0.0,0.0,0.0,1.88,3.25,0.44,2.38,3.06,2.24,0.0,0.21,0.08,0.0,3.55,1.0,0.45,0.0,0.0,0.0,0.0,1.0,1.0,1.0,1.0,1.0,1.0,0.0,0.0,0.0,0.0,1.0,1.0,0.0,0.0,0.14324020174469398,18.301092863542284,18.517289218457435
11971,478.8,0.98,1,-0.028,0.324,0.101,-0.034,-0.022,0.0,0.0,0.0,0.0,2.04,3.39,0.48,2.55,3.1,2.4,0.0,0.13,0.08,0.0,3.6,0.78,0.14,0.0,0.0,0.0,0.0,1.0,1.0,1.0,1.0,1.0,1.0,0.0,0.0,0.0,0.0,1.0,1.0,0.0,0.0,0.14864582965867962,17.60454486773222,18.621761463406337
11972,478.84,0.98,1,-0.024,0.312,0.092,-0.027,-0.037,0.0,0.0,0.0,0.0,2.18,3.48,0.4,2.66,3.09,2.45,0.05,0.0,0.07,0.0,3.62,0.63,0.05,0.0,0.0,0.0,0.0,1.0,1.0,1.0,1.0,1.0,1.0,0.0,0.0,0.0,0.0,1.0,1.0,0.0,0.0,0.1491079689794417,18.30682932678399,18.82153022471867
11973,478.88,0.98,1,-0.032,0.284,0.089,-0.022,-0.044,0.0,0.0,0.0,0.0,2.17,3.5,0.33,2.61,3.06,2.61,0.1,0.0,0.0,0.0,3.68,0.5,0.15,0.0,0.0,0.0,0.0,1.0,1.0,1.0,1.0,1.0,1.0,0.0,0.0,0.0,0.0,1.0,1.0,0.0,0.0,0.14394799737483405,19.00236827345476,19.01289036417136
11974,478.92,0.98,1,-0.018,0.292,0.09,-0.023,-0.047,0.0,0.0,0.0,0.0,2.15,3.55,0.15,2.52,3.02,2.71,0.11,0.0,0.0,0.0,3.61,0.55,0.29,0.0,0.0,0.0,0.0,1.0,1.0,1.0,1.0,1.0,1.0,0.0,0.0,0.0,0.0,1.0,1.0,0.0,0.0,0.14437446500539708,19.30103624161144,19.112822920751306
11975,478.96,0.98,1,-0.022,0.278,0.083,-0.019,-0.05,0.0,0.0,0.0,0.0,2.15,3.57,0.18,2.51,3.02,2.69,0.08,0.0,0.0,0.0,3.58,0.65,0.31,0.0,0.0,0.0,0.0,1.0,1.0,1.0,1.0,1.0,1.0,0.0,0.0,0.0,0.0,1.0,1.0,0.0,0.0,0.14530310163943325,18.906612599828527,19.00657780874821
11976,479.0,0.98,1,-0.003,0.308,0.084,-0.025,-0.051,0.0,0.0,0.0,0.0,2.22,3.67,0.2,2.52,3.03,2.5,0.09,0.0,0.03,0.0,3.68,0.77,0.2,0.0,0.0,0.0,0.0,1.0,1.0,1.0,1.0,1.0,1.0,0.0,0.0,0.0,0.0,1.0,1.0,0.0,0.0,0.14199290488334199,18.01776900728833,18.527007313648905
11977,479.04,0.98,1,-0.003,0.302,0.085,-0.03,-0.049,0.0,0.0,0.0,0.0,2.26,3.64,0.33,2.52,3.03,2.35,0.08,0.0,0.09,0.0,3.75,0.82,0.06,0.0,0.0,0.0,0.0,1.0,1.0,1.0,1.0,1.0,1.0,0.0,0.0,0.0,0.0,1.0,1.0,0.0,0.0,0.14184477028472448,18.40679222461109,18.513238506539047
11978,479.08,0.98,1,-0.007,0.3,0.084,-0.032,-0.047,0.0,0.0,0.0,0.0,2.22,3.45,0.35,2.49,3.02,2.32,0.05,0.0,0.12,0.0,3.82,0.72,0.0,0.0,0.0,0.0,0.0,1.0,1.0,1.0,1.0,1.0,1.0,0.0,0.0,0.0,0.0,1.0,1.0,0.0,0.0,0.14375765124071,18.802393464662906,17.910053042914285
11979,479.12,0.98,1,0.001,0.287,0.085,-0.034,-0.05,0.0,0.0,0.0,0.0,2.12,3.27,0.37,2.49,3.03,2.36,0.0,0.0,0.1,0.0,3.85,0.64,0.0,0.0,0.0,0.0,0.0,1.0,1.0,1.0,1.0,1.0,1.0,0.0,0.0,0.0,0.0,1.0,1.0,0.0,0.0,0.14852472428425353,18.809572031282325,18.406792224610864
11980,479.16,0.98,1,-0.005,0.284,0.081,-0.033,-0.049,0.0,0.0,0.0,0.0,2.02,3.19,0.34,2.49,3.06,2.38,0.08,0.0,0.03,0.0,3.84,0.48,0.0,0.0,0.0,0.0,0.0,1.0,1.0,1.0,1.0,1.0,1.0,0.0,0.0,0.0,0.0,1.0,1.0,0.0,0.0,0.14468727148730307,18.809572031282322,18.706683297688066
11981,479.2,0.98,1,-0.002,0.29,0.075,-0.037,-0.049,0.0,0.0,0.0,0.0,1.92,3.21,0.31,2.44,3.04,2.36,0.15,0.0,0.0,0.0,3.68,0.4,0.0,0.0,0.0,0.0,0.0,1.0,1.0,1.0,1.0,1.0,1.0,0.0,0.0,0.0,0.0,1.0,1.0,0.0,0.0,0.14815800473197585,18.806647760831762,18.20439507371782
11982,479.24,0.98,1,-0.003,0.286,0.067,-0.038,-0.044,0.0,0.0,0.0,0.0,1.85,3.25,0.28,2.39,2.96,2.35,0.31,0.06,0.07,0.0,3.51,0.28,0.0,0.0,0.0,0.0,0.0,1.0,1.0,1.0,1.0,1.0,1.0,0.0,0.0,0.0,0.0,1.0,1.0,0.0,0.0,0.14908851741991092,18.7096231923575,18.217573932881447
11983,479.28,0.98,1,-0.004,0.294,0.073,-0.043,-0.042,0.0,0.0,0.0,0.0,1.76,3.27,0.22,2.34,2.83,2.35,0.28,0.22,0.09,0.0,3.37,0.35,0.0,0.0,0.0,0.0,0.0,1.0,1.0,1.0,1.0,1.0,1.0,0.0,0.0,0.0,0.0,1.0,0.0,0.0,0.0,0.1524781078646164,18.309833423600736,18.926436537288122
11984,479.32,0.98,1,-0.008,0.288,0.068,-0.037,-0.042,0.0,0.0,0.0,0.0,1.68,3.33,0.16,2.3,2.71,2.42,0.28,0.47,0.17,0.0,3.31,0.4,0.0,0.0,0.0,0.0,0.0,1.0,1.0,1.0,1.0,1.0,1.0,0.0,0.0,0.0,0.0,1.0,0.0,0.0,0.0,0.1522527155794718,18.906612599828755,19.231484602078776
11985,479.36,0.98,1,0.006,0.268,0.069,-0.039,-0.038,0.0,0.0,0.0,0.0,1.64,3.24,0.15,2.28,2.6,2.45,0.18,0.63,0.28,0.0,3.18,0.54,0.0,0.0,0.0,0.0,0.0,1.0,1.0,1.0,1.0,1.0,1.0,0.0,0.0,0.0,0.0,1.0,0.0,0.0,0.0,0.1586606601525762,18.50432381904294,18.501081049495458
11986,479.4,0.98,1,0.012,0.276,0.065,-0.042,-0.037,0.0,0.0,0.0,0.0,1.68,3.21,0.2,2.3,2.55,2.49,0.27,0.66,0.43,0.0,3.1,0.5,0.0,0.0,0.0,0.0,0.0,1.0,1.0,1.0,1.0,1.0,1.0,0.0,0.0,0.0,0.0,1.0,0.0,0.0,0.0,0.16141608652994616,18.702406262296883,18.406792224610864
11987,479.44,0.98,1,0.006,0.288,0.064,-0.046,-0.034,0.0,0.0,0.0,0.03,1.68,3.14,0.36,2.36,2.51,2.46,0.38,0.67,0.41,0.0,3.02,0.41,0.0,0.0,0.0,0.0,0.0,1.0,1.0,1.0,1.0,1.0,1.0,0.0,0.0,0.0,0.0,1.0,0.0,0.0,0.0,0.16220369493031192,18.30983342360051,18.717104476921453
11988,479.48,0.98,1,0.015,0.284,0.07,-0.046,-0.041,0.0,0.0,0.0,0.03,1.7,3.14,0.41,2.36,2.51,2.43,0.45,0.63,0.35,0.0,2.98,0.25,0.0,0.0,0.0,0.0,0.0,1.0,1.0,1.0,1.0,1.0,1.0,0.0,1.0,0.0,0.0,1.0,0.0,0.0,0.0,0.17242453160468707,18.309833423600736,18.83215335536535
11989,479.52,0.98,1,0.005,0.286,0.063,-0.048,-0.039,0.0,0.0,0.0,0.03,1.6,3.06,0.48,2.34,2.44,2.3,0.45,0.65,0.26,0.0,2.87,0.17,0.0,0.0,0.0,0.0,0.0,1.0,1.0,1.0,1.0,1.0,1.0,0.0,0.0,0.0,0.0,1.0,0.0,0.0,0.0,0.17294362990739012,18.61719635176052,19.009471323527123
11990,479.56,0.98,1,0.015,0.276,0.06,-0.04,-0.041,0.04,0.0,0.0,0.0,1.56,3.1,0.47,2.24,2.4,2.25,0.38,0.6,0.25,0.0,2.74,0.24,0.0,0.0,0.0,0.0,0.0,1.0,1.0,1.0,1.0,1.0,1.0,0.0,0.0,0.0,0.0,1.0,0.0,0.0,0.0,0.17310218607116537,18.904232330354052,19.209372712298364
11991,479.6,0.98,1,0.013,0.281,0.067,-0.04,-0.039,0.04,0.0,0.0,0.0,1.46,3.24,0.5,2.14,2.33,2.16,0.27,0.63,0.22,0.0,2.63,0.29,0.0,0.0,0.0,0.0,0.0,1.0,1.0,1.0,1.0,1.0,1.0,0.0,1.0,0.0,0.0,1.0,0.0,0.0,0.0,0.17277702830713976,18.706683297688066,18.606719216455023
11992,479.64,0.98,1,0.011,0.282,0.062,-0.041,-0.036,0.04,0.0,0.0,0.0,1.47,3.49,0.48,2.08,2.33,2.18,0.24,0.67,0.14,0.0,2.54,0.34,0.0,0.0,0.0,0.0,0.0,1.0,1.0,1.0,1.0,1.0,1.0,0.0,0.0,0.0,0.0,1.0,0.0,0.0,0.0,0.17014728929576525,18.60671921645525,18.902380802428127
11993,479.68,0.98,1,0.018,0.286,0.066,-0.044,-0.037,0.0,0.0,0.0,0.0,1.49,3.45,0.43,2.06,2.34,2.19,0.22,0.66,0.19,0.0,2.59,0.4,0.0,0.0,0.0,0.0,0.0,1.0,1.0,1.0,1.0,1.0,1.0,0.0,0.0,0.0,0.0,1.0,0.0,0.0,0.0,0.17711911387493665,18.702406262296883,19.116746585128055
11994,479.72,0.98,1,0.017,0.277,0.056,-0.041,-0.036,0.0,0.0,0.0,0.0,1.47,3.33,0.37,1.97,2.33,2.18,0.19,0.59,0.24,0.0,2.63,0.44,0.0,0.0,0.0,0.0,0.0,1.0,1.0,1.0,1.0,1.0,1.0,0.0,0.0,0.0,0.0,1.0,0.0,0.0,0.0,0.1769665702053601,18.704277585622005,18.813027401245083
11995,479.76,0.98,1,0.01,0.279,0.051,-0.039,-0.036,0.0,0.0,0.0,0.0,1.43,3.05,0.24,1.88,2.33,2.17,0.12,0.49,0.43,0.0,2.74,0.43,0.0,0.0,0.0,0.0,0.0,1.0,1.0,1.0,1.0,1.0,1.0,0.0,0.0,0.0,0.0,1.0,0.0,0.0,0.0,0.17169315891710807,19.30414463269477,19.312690128514127
11996,479.8,0.98,1,0.005,0.28,0.045,-0.037,-0.042,0.0,0.0,0.0,0.0,1.4,3.09,0.15,1.83,2.29,2.09,0.05,0.49,0.45,0.0,2.74,0.42,0.0,0.0,0.0,0.0,0.0,1.0,1.0,1.0,1.0,1.0,1.0,0.0,0.0,0.0,0.0,1.0,0.0,0.0,0.0,0.16661522983582427,19.00236827345476,19.716236963477638
11997,479.84,0.98,1,0.014,0.269,0.044,-0.039,-0.037,0.0,0.0,0.0,0.0,1.45,3.26,0.07,1.85,2.35,2.04,0.08,0.55,0.47,0.0,2.72,0.37,0.0,0.0,0.0,0.0,0.0,1.0,1.0,1.0,1.0,1.0,1.0,0.0,0.0,0.0,0.0,1.0,0.0,0.0,0.0,0.1744287207325621,18.906612599828755,19.306475597581198
11998,479.88,0.98,1,-0.005,0.282,0.04,-0.041,-0.032,0.0,0.0,0.0,0.01,1.44,3.26,0.11,1.88,2.33,1.99,0.11,0.6,0.45,0.0,2.66,0.42,0.0,0.0,0.0,0.0,0.0,1.0,1.0,1.0,1.0,1.0,1.0,0.0,0.0,0.0,0.0,1.0,0.0,0.0,0.0,0.16463031109062137,19.106543381784295,19.409276132818647
11999,479.92,0.98,1,0.006,0.282,0.046,-0.044,-0.033,0.0,0.0,0.0,0.03,1.46,3.21,0.16,1.91,2.34,2.08,0.13,0.6,0.53,0.0,2.6,0.35,0.0,0.0,0.0,0.0,0.0,1.0,1.0,1.0,1.0,1.0,1.0,0.0,0.0,0.0,0.0,1.0,0.0,0.0,0.0,0.16694403929442328,18.7130970178643,19.509228585466932
12000,479.96,0.98,1,0.002,0.285,0.046,-0.043,-0.033,0.0,0.0,0.0,0.03,1.49,3.06,0.25,1.93,2.33,2.04,0.15,0.61,0.47,0.0,2.59,0.38,0.0,0.0,0.0,0.0,0.0,1.0,1.0,1.0,1.0,1.0,1.0,0.0,0.0,0.0,0.0,1.0,0.0,0.0,0.0,0.16433767302695856,18.713097017864296,19.7124326251227
12001,480.0,0.98,1,0.018,0.282,0.05,-0.049,-0.034,0.0,0.0,0.0,0.02,1.56,3.28,0.27,2.01,2.36,2.03,0.17,0.7,0.42,0.0,2.44,0.29,0.0,0.0,0.0,0.0,0.0,1.0,1.0,1.0,1.0,1.0,1.0,0.0,0.0,0.0,0.0,1.0,0.0,0.0,0.0,0.17203042206313562,19.3093241725338,19.021303845951252
12002,480.04,0.98,1,0.005,0.284,0.046,-0.04,-0.037,0.0,0.0,0.0,0.0,1.55,3.22,0.31,2.06,2.41,2.01,0.24,0.78,0.36,0.0,2.3,0.19,0.0,0.0,0.0,0.0,0.0,1.0,1.0,1.0,1.0,1.0,1.0,0.0,0.0,0.0,0.0,1.0,0.0,0.0,0.0,0.1689402940552007,19.609181522950042,19.112822920751306
12003,480.08,0.98,1,0.002,0.264,0.036,-0.041,-0.034,0.0,0.0,0.0,0.0,1.51,3.23,0.32,2.01,2.4,2.18,0.33,0.91,0.27,0.0,2.09,0.06,0.0,0.0,0.0,0.0,0.0,1.0,1.0,1.0,1.0,1.0,1.0,0.0,1.0,0.0,0.0,1.0,0.0,0.0,0.0,0.17155712771962628,20.306156701847797,18.9095214111834
12004,480.12,0.98,1,-0.001,0.269,0.039,-0.036,-0.04,0.0,0.0,0.0,0.0,1.42,3.13,0.32,1.88,2.35,2.2,0.47,0.98,0.23,0.0,2.04,0.0,0.0,0.0,0.0,0.0,0.0,1.0,1.0,1.0,1.0,1.0,1.0,1.0,1.0,0.0,0.0,1.0,0.0,0.0,0.0,0.17167664968715235,20.603883129157868,19.206509313251114
12005,480.16,0.98,1,-0.002,0.248,0.032,-0.031,-0.039,0.0,0.0,0.0,0.0,1.42,3.28,0.34,1.82,2.32,2.16,0.48,1.08,0.15,0.0,1.92,0.0,0.0,0.0,0.0,0.0,0.0,1.0,1.0,1.0,1.0,1.0,1.0,1.0,1.0,0.0,0.0,1.0,0.0,0.0,0.0,0.17395434036767127,20.40220576310303,19.416487838947692
12006,480.2,0.98,1,0.004,0.266,0.038,-0.029,-0.041,0.0,0.0,0.0,0.0,1.36,2.99,0.34,1.84,2.27,2.13,0.39,1.08,0.22,0.0,1.89,0.0,0.23,0.0,0.0,0.0,0.0,1.0,1.0,1.0,1.0,1.0,1.0,1.0,1.0,0.0,0.0,1.0,0.0,0.0,0.0,0.1710747983150066,20.20222759994555,18.813027401245307
12007,480.24,0.98,1,0.002,0.265,0.026,-0.026,-0.038,0.04,0.0,0.0,0.0,1.26,2.32,0.27,1.97,2.39,2.26,0.3,1.03,0.3,0.0,1.83,0.0,1.0,0.0,0.0,0.0,0.0,1.0,1.0,1.0,1.0,1.0,1.0,1.0,1.0,0.0,0.0,1.0,0.0,0.0,0.0,0.18854155901012504,21.100947846009102,19.11674658512806
12008,480.28,0.98,1,0.008,0.379,0.029,-0.036,-0.032,0.13,0.0,0.0,0.0,1.09,1.84,0.16,2.02,2.46,2.45,0.34,0.98,0.35,0.0,1.84,0.0,1.61,0.0,0.0,0.0,0.0,1.0,1.0,1.0,1.0,1.0,1.0,1.0,1.0,0.0,0.0,1.0,0.0,0.0,0.0,0.13850309838595481,18.03357978882729,19.11674658512783
12009,480.32,0.98,1,0.007,0.42,0.041,-0.034,-0.029,0.13,0.0,0.0,0.0,1.03,1.72,0.15,1.94,2.5,2.52,0.36,0.98,0.31,0.0,1.88,0.0,1.8,0.0,0.0,0.0,0.0,1.0,1.0,1.0,1.0,1.0,1.0,0.0,1.0,0.0,0.0,1.0,0.0,0.0,0.0,0.09873245912696485,17.78145100940869,20.20222759994555
12010,480.36,0.98,1,0.0,0.358,0.038,-0.031,-0.026,0.08,0.0,0.0,0.0,1.09,2.04,0.18,1.78,2.45,2.49,0.29,0.95,0.22,0.0,1.98,0.0,1.19,0.0,0.0,0.0,0.0,1.0,1.0,1.0,1.0,1.0,1.0,0.0,1.0,0.0,0.0,1.0,0.0,0.0,0.0,0.1607286868258463,19.51640335717624,21.874185699129416
12011,480.4,0.98,1,-0.021,0.305,0.041,-0.031,-0.024,0.0,0.0,0.0,0.0,1.16,2.28,0.25,1.6,2.41,2.41,0.2,0.85,0.23,0.0,2.06,0.0,0.74,0.0,0.0,0.0,0.0,1.0,1.0,1.0,1.0,1.0,1.0,0.0,0.0,0.0,0.0,1.0,0.0,0.0,0.0,0.16552135451205963,19.35071058126802,20.64097865896858
12012,480.44,0.98,1,-0.002,0.271,0.045,-0.022,-0.028,0.0,0.0,0.0,0.0,1.23,2.57,0.26,1.57,2.44,2.36,0.18,0.77,0.21,0.0,2.03,0.0,0.46,0.0,0.0,0.0,0.0,1.0,1.0,1.0,1.0,1.0,1.0,0.0,0.0,0.0,0.0,1.0,0.0,0.0,0.0,0.17089187516124235,18.902380802428127,17.11052307791895
12013,480.48,0.98,1,-0.011,0.262,0.05,-0.026,-0.029,0.0,0.0,0.0,0.02,1.26,2.9,0.24,1.58,2.46,2.34,0.16,0.75,0.26,0.0,2.01,0.02,0.42,0.0,0.0,0.0,0.0,1.0,1.0,1.0,1.0,1.0,1.0,0.0,0.0,0.0,0.0,1.0,0.0,0.0,0.0,0.18275054157733062,18.400271737123976,17.110523077919176
12014,480.52,0.98,1,-0.01,0.277,0.057,-0.024,-0.028,0.0,0.0,0.0,0.07,1.32,3.05,0.24,1.6,2.49,2.26,0.14,0.7,0.23,0.0,2.04,0.02,0.41,0.0,0.0,0.0,0.0,1.0,1.0,1.0,1.0,1.0,1.0,0.0,0.0,0.0,0.0,1.0,0.0,0.0,0.0,0.17950802856085932,17.900279327429594,17.200290695217962
12015,480.56,0.98,1,-0.014,0.272,0.057,-0.021,-0.028,0.0,0.0,0.0,0.07,1.31,3.12,0.2,1.54,2.5,2.22,0.12,0.62,0.27,0.0,2.1,0.04,0.38,0.0,0.0,0.0,0.0,1.0,1.0,1.0,1.0,1.0,1.0,0.0,0.0,0.0,0.0,1.0,0.0,0.0,0.0,0.1820377141674925,18.800265955565582,17.501142819827507
12016,480.6,0.98,1,-0.008,0.279,0.06,-0.021,-0.029,0.0,0.0,0.0,0.05,1.3,3.04,0.22,1.49,2.53,2.2,0.15,0.58,0.27,0.0,2.15,0.02,0.33,0.0,0.0,0.0,0.0,1.0,1.0,1.0,1.0,1.0,1.0,0.0,0.0,0.0,0.0,1.0,0.0,0.0,0.0,0.18380912303386882,18.301092863542284,17.810109488714502
12017,480.64,0.98,1,-0.019,0.279,0.054,-0.02,-0.026,0.0,0.0,0.0,0.0,1.33,3.04,0.21,1.47,2.55,2.19,0.18,0.61,0.26,0.0,2.19,0.02,0.18,0.0,0.0,0.0,0.0,1.0,1.0,1.0,1.0,1.0,1.0,0.0,0.0,0.0,0.0,1.0,0.0,0.0,0.0,0.1770997888703128,18.800265955565582,18.40434731252384
12018,480.68,0.98,1,-0.024,0.278,0.052,-0.016,-0.027,0.0,0.0,0.0,0.0,1.39,2.96,0.2,1.58,2.59,2.21,0.19,0.58,0.28,0.0,2.19,0.0,0.08,0.0,0.0,0.0,0.0,1.0,1.0,1.0,1.0,1.0,1.0,0.0,0.0,0.0,0.0,1.0,0.0,0.0,0.0,0.17533259678842106,18.900264548412935,18.600268815261693
12019,480.72,0.98,1,-0.027,0.289,0.056,-0.02,-0.026,0.0,0.0,0.0,0.0,1.46,3.03,0.21,1.68,2.62,2.13,0.17,0.53,0.36,0.0,2.16,0.0,0.0,0.0,0.0,0.0,0.0,1.0,1.0,1.0,1.0,1.0,1.0,0.0,0.0,0.0,0.0,1.0,0.0,0.0,0.0,0.17019632927311593,19.401030900444532,19.206509313251114
12020,480.76,0.98,1,-0.032,0.286,0.052,-0.012,-0.029,0.0,0.0,0.0,0.0,1.5,2.94,0.2,1.82,2.67,2.15,0.13,0.47,0.41,0.0,2.19,0.0,0.0,0.0,0.0,0.0,0.0,1.0,1.0,1.0,1.0,1.0,1.0,0.0,0.0,0.0,0.0,1.0,0.0,0.0,0.0,0.1643708329884902,19.70025380547169,19.10418802252546
12021,480.8,0.98,1,-0.028,0.295,0.06,-0.022,-0.031,0.0,0.0,0.0,0.0,1.55,2.97,0.19,1.85,2.68,2.12,0.1,0.41,0.36,0.0,2.22,0.0,0.0,0.0,0.0,0.0,0.0,1.0,1.0,1.0,1.0,1.0,1.0,0.0,0.0,0.0,0.0,1.0,0.0,0.0,0.0,0.16988128270558006,19.70025380547169,19.001052602421794
12022,480.84,0.98,1,-0.028,0.29,0.059,-0.016,-0.033,0.0,0.0,0.0,0.0,1.59,2.97,0.11,1.8,2.69,2.16,0.1,0.35,0.29,0.0,2.24,0.0,0.0,0.0,0.0,0.0,0.0,1.0,1.0,1.0,1.0,1.0,1.0,0.0,0.0,0.0,0.0,1.0,0.0,0.0,0.0,0.16926337924844198,20.000249998437518,18.50432381904294
12023,480.88,0.98,1,-0.029,0.292,0.062,-0.01,-0.037,0.0,0.0,0.0,0.0,1.59,3.16,0.07,1.82,2.71,2.25,0.1,0.31,0.26,0.0,2.16,0.0,0.0,0.0,0.0,0.0,0.0,1.0,1.0,1.0,1.0,1.0,1.0,0.0,0.0,0.0,0.0,1.0,0.0,0.0,0.0,0.16990547279341783,20.000249998437518,18.202472359545055
12024,480.92,0.98,1,-0.022,0.293,0.069,-0.01,-0.042,0.0,0.0,0.0,0.0,1.6,3.35,0.07,1.85,2.73,2.27,0.08,0.21,0.22,0.0,2.19,0.0,0.01,0.0,0.0,0.0,0.0,1.0,1.0,1.0,1.0,1.0,1.0,0.0,0.0,0.0,0.0,1.0,0.0,0.0,0.0,0.1694795030383712,20.00099997500125,18.40027173712375
12025,480.96,0.98,1,-0.031,0.29,0.06,-0.006,-0.042,0.0,0.0,0.0,0.0,1.69,3.59,0.23,1.8,2.74,2.07,0.17,0.14,0.22,0.0,2.45,0.0,0.1,0.0,0.0,0.0,0.0,1.0,1.0,1.0,1.0,1.0,1.0,0.0,0.0,0.0,0.0,1.0,0.0,0.0,0.0,0.16444891786809662,19.904019694524113,18.702406262296883
12026,481.0,0.98,1,-0.033,0.288,0.078,0.005,-0.034,0.0,0.0,0.0,0.0,1.68,3.65,0.33,1.58,2.72,1.76,0.13,0.12,0.13,0.0,2.79,0.21,0.1,0.0,0.0,0.0,0.0,1.0,1.0,1.0,1.0,1.0,1.0,0.0,0.0,0.0,0.0,1.0,0.0,0.0,0.0,0.1612732946392247,20.806008747474806,19.202343606966355
12027,481.04,0.98,1,-0.033,0.293,0.085,-0.008,-0.006,0.0,0.0,0.0,0.0,1.6,3.58,0.46,1.54,2.6,1.54,0.26,0.15,0.13,0.0,2.9,0.41,0.09,0.0,0.0,0.0,0.0,1.0,1.0,1.0,1.0,1.0,1.0,0.0,0.0,0.0,0.0,1.0,0.0,0.0,0.0,0.16302780211653303,20.106217943710757,19.402319448973195
12028,481.08,0.98,1,-0.037,0.282,0.066,-0.022,-0.025,0.0,0.0,0.0,0.0,1.45,3.4,0.38,1.61,2.47,1.59,0.34,0.23,0.0,0.0,2.84,0.57,0.0,0.0,0.0,0.0,0.0,1.0,1.0,1.0,1.0,1.0,1.0,0.0,0.0,0.0,0.0,1.0,0.0,0.0,0.0,0.17870612359537394,19.10418802252546,19.306475597581198
12029,481.12,0.98,1,-0.031,0.284,0.066,-0.02,-0.029,0.0,0.0,0.0,0.0,1.36,3.23,0.33,1.72,2.34,1.48,0.49,0.22,0.0,0.0,2.67,0.53,0.0,0.0,0.0,0.0,0.0,1.0,1.0,1.0,1.0,1.0,1.0,0.0,0.0,0.0,0.0,1.0,0.0,0.0,0.0,0.1784928299155395,19.00236827345476,19.201041638411226
12030,481.16,0.98,1,-0.03,0.284,0.061,-0.018,-0.032,0.0,0.0,0.0,0.0,1.31,3.26,0.24,1.69,2.26,1.54,0.53,0.31,0.0,0.0,2.68,0.56,0.0,0.0,0.0,0.0,0.0,1.0,1.0,1.0,1.0,1.0,1.0,0.0,0.0,0.0,0.0,1.0,0.0,0.0,0.0,0.1737811775941161,19.402319448973195,19.200000000000045
12031,481.2,0.98,1,-0.02,0.274,0.063,-0.018,-0.035,0.0,0.0,0.0,0.03,1.24,3.24,0.26,1.71,2.2,1.5,0.45,0.34,0.0,0.0,2.66,0.6,0.0,0.0,0.0,0.0,0.0,1.0,1.0,1.0,1.0,1.0,1.0,1.0,0.0,0.0,0.0,1.0,0.0,0.0,0.0,0.1826940751537757,19.701015202268174,19.800252523642172
12032,481.24,0.98,1,-0.021,0.272,0.06,-0.02,-0.036,0.0,0.0,0.0,0.06,1.17,3.1,0.24,1.72,2.14,1.59,0.53,0.37,0.01,0.0,2.7,0.56,0.0,0.0,0.0,0.0,0.0,1.0,1.0,1.0,1.0,1.0,1.0,1.0,0.0,0.0,0.0,1.0,0.0,0.0,0.0,0.18194100221043963,19.600255100380846,20.00224987345174
12033,481.28,0.98,1,-0.016,0.266,0.059,-0.018,-0.041,0.0,0.0,0.0,0.06,1.11,2.88,0.23,1.75,2.09,1.52,0.52,0.34,0.08,0.0,2.61,0.5,0.0,0.0,0.0,0.0,0.0,1.0,1.0,1.0,1.0,1.0,1.0,1.0,0.0,0.0,0.0,1.0,0.0,0.0,0.0,0.18291730995963873,19.59999999999991,20.09999999999991
12034,481.32,0.98,1,-0.017,0.268,0.061,-0.02,-0.041,0.0,0.0,0.0,0.03,1.05,2.65,0.17,1.7,2.03,1.52,0.58,0.3,0.15,0.0,2.57,0.54,0.0,0.0,0.0,0.0,0.0,1.0,1.0,1.0,1.0,1.0,1.0,1.0,0.0,0.0,0.0,1.0,0.0,0.0,0.0,0.18848887716585816,20.0,19.800252523642172
12035,481.36,0.98,1,-0.018,0.275,0.062,-0.019,-0.043,0.0,0.0,0.0,0.0,1.02,2.7,0.21,1.7,1.98,1.53,0.47,0.27,0.24,0.0,2.51,0.69,0.0,0.0,0.0,0.0,0.0,1.0,1.0,1.0,1.0,1.0,1.0,1.0,0.0,0.0,0.0,1.0,0.0,0.0,0.0,0.18336637689922894,20.100248754679537,20.300985197768068
12036,481.4,0.98,1,-0.023,0.276,0.064,-0.018,-0.044,0.0,0.0,0.0,0.0,1.01,2.71,0.2,1.64,1.94,1.52,0.53,0.24,0.24,0.0,2.48,0.71,0.03,0.0,0.0,0.0,0.0,1.0,1.0,1.0,1.0,1.0,1.0,1.0,0.0,0.0,0.0,1.0,0.0,0.0,0.0,0.1835483221741846,20.300246303924446,20.20222759994555
12037,481.44,0.98,1,-0.03,0.278,0.068,-0.012,-0.044,0.0,0.0,0.0,0.0,0.97,2.73,0.2,1.64,1.88,1.45,0.56,0.23,0.2,0.0,2.43,0.65,0.03,0.0,0.0,0.0,0.0,1.0,1.0,1.0,1.0,1.0,1.0,1.0,0.0,0.0,0.0,1.0,0.0,0.0,0.0,0.180718679910594,20.30221662774777,20.400980368600028
12038,481.48,0.98,1,-0.03,0.28,0.067,-0.01,-0.044,0.0,0.0,0.0,0.0,0.92,2.69,0.15,1.58,1.84,1.39,0.69,0.32,0.19,0.0,2.15,0.51,0.03,0.0,0.0,0.0,0.0,1.0,1.0,1.0,1.0,1.0,1.0,1.0,0.0,0.0,0.0,1.0,0.0,0.0,0.0,0.1820529676379059,20.4009803685998,20.500243900988107
12039,481.52,0.98,1,-0.035,0.283,0.065,-0.011,-0.041,0.0,0.0,0.0,0.0,0.88,2.55,0.16,1.48,1.78,1.41,0.68,0.54,0.24,0.0,1.73,0.35,0.0,0.0,0.0,0.0,0.0,1.0,1.0,0.0,1.0,1.0,1.0,1.0,0.0,0.0,0.0,1.0,0.0,0.0,0.0,0.18168933477071278,20.600970850909082,20.100248754679537
12040,481.56,0.98,1,-0.031,0.284,0.059,-0.009,-0.039,0.0,0.0,0.0,0.02,0.83,2.44,0.13,1.34,1.71,1.44,0.7,0.78,0.36,0.0,1.22,0.27,0.0,0.0,0.0,0.0,0.0,1.0,1.0,0.0,1.0,1.0,1.0,1.0,1.0,0.0,0.0,0.0,0.0,0.0,0.0,0.18134744833856553,21.0,19.90000000000009
12041,481.6,0.98,1,-0.033,0.285,0.055,-0.009,-0.036,0.0,0.0,0.0,0.02,0.78,2.54,0.16,1.31,1.59,1.4,0.67,0.98,0.36,0.0,0.9,0.15,0.0,0.0,0.0,0.0,0.0,1.0,1.0,0.0,1.0,1.0,1.0,1.0,1.0,0.0,0.0,0.0,0.0,0.0,0.0,0.18457673650290707,20.70096616102741,20.303940504247134
12042,481.64,0.98,1,-0.035,0.286,0.053,-0.013,-0.033,0.0,0.0,0.0,0.02,0.76,2.7,0.17,1.37,1.51,1.37,0.7,1.09,0.29,0.0,0.73,0.17,0.0,0.0,0.0,0.0,0.0,1.0,1.0,0.0,1.0,1.0,1.0,1.0,1.0,0.0,0.0,0.0,0.0,0.0,0.0,0.18568437034273833,20.5,20.300246303924446
12043,481.68,0.98,1,-0.036,0.291,0.049,-0.015,-0.03,0.0,0.0,0.0,0.0,0.76,2.87,0.18,1.48,1.43,1.4,0.78,1.11,0.27,0.0,0.67,0.2,0.0,0.0,0.0,0.0,0.0,1.0,1.0,0.0,1.0,1.0,1.0,1.0,1.0,0.0,0.0,0.0,0.0,0.0,0.0,0.1867133778689702,20.200990074746382,20.200000000000045
12044,481.72,0.98,1,-0.035,0.292,0.056,-0.015,-0.031,0.0,0.0,0.0,0.0,0.75,2.59,0.15,1.39,1.41,1.45,0.83,1.08,0.42,0.0,0.54,0.19,0.0,0.0,0.0,0.0,0.0,1.0,1.0,0.0,0.0,1.0,1.0,1.0,1.0,0.0,0.0,0.0,0.0,0.0,0.0,0.18084316846394508,20.40000000000009,20.299999999999955
12045,481.76,0.98,1,-0.034,0.286,0.056,-0.017,-0.033,0.0,0.0,0.0,0.0,0.71,2.67,0.09,1.17,1.35,1.48,0.82,0.99,0.52,0.07,0.47,0.25,0.0,0.0,0.0,0.0,0.0,1.0,1.0,0.0,0.0,1.0,1.0,1.0,1.0,0.0,0.0,0.0,0.0,0.0,0.0,0.18498505693202671,20.70096616102741,19.900251254695345
12046,481.8,0.98,1,-0.014,0.305,0.066,-0.016,-0.037,0.02,0.0,0.0,0.0,0.49,2.25,0.05,0.78,1.29,1.28,0.64,1.01,0.48,0.07,0.27,0.28,0.4,0.0,0.0,0.0,0.0,1.0,1.0,0.0,0.0,1.0,1.0,1.0,1.0,0.0,0.0,0.0,0.0,0.0,0.0,0.19094124306184238,19.51640335717624,19.70228413154175
12047,481.84,0.98,1,-0.002,0.357,0.047,-0.024,-0.035,0.31,0.13,0.0,0.0,0.26,1.75,0.02,0.54,1.24,1.21,0.69,1.04,0.43,0.07,0.2,0.61,1.2,0.0,0.0,0.0,0.0,0.0,1.0,0.0,0.0,1.0,1.0,1.0,1.0,0.0,0.0,0.0,0.0,0.0,1.0,0.1878363445493768,18.62686232299999,20.429635336931586
12048,481.88,0.98,1,-0.036,0.428,0.068,-0.034,-0.037,0.54,0.22,0.0,0.0,0.03,1.1,0.0,0.28,1.17,1.1,0.73,1.07,0.5,0.0,0.09,0.67,1.83,0.0,0.0,0.0,0.0,0.0,1.0,0.0,0.0,1.0,1.0,1.0,1.0,0.0,0.0,0.0,1.0,0.0,1.0,0.169798655358589,14.582523787054022,19.98124120268818
12049,481.92,0.98,1,-0.006,0.435,0.072,-0.032,-0.037,0.63,0.22,0.03,0.0,0.0,1.1,0.0,0.14,1.07,1.21,0.8,1.12,0.53,0.04,0.08,0.64,1.91,0.0,0.0,0.0,0.0,0.0,1.0,0.0,0.0,1.0,1.0,1.0,1.0,0.0,0.0,0.0,1.0,0.0,1.0,0.1722019990917917,16.269296235547543,19.782062582046436
12050,481.96,0.98,1,-0.012,0.401,0.069,-0.032,-0.033,0.38,0.08,0.03,0.0,0.04,1.65,0.0,0.08,0.98,1.24,0.72,1.24,0.62,0.14,0.01,0.57,1.33,0.0,0.0,0.0,0.0,0.0,1.0,0.0,0.0,1.0,1.0,1.0,1.0,0.0,0.0,0.0,1.0,0.0,1.0,0.18626241507850066,16.643316977093377,19.691876497682916
12051,482.0,0.98,1,-0.005,0.35,0.084,-0.026,-0.038,0.18,0.0,0.03,0.0,0.16,2.15,0.0,0.07,0.95,1.35,0.6,1.31,0.77,0.25,0.01,0.75,0.85,0.0,0.0,0.0,0.0,0.0,1.0,0.0,0.0,1.0,1.0,0.0,1.0,0.0,0.0,0.0,1.0,0.0,1.0,0.18736141794770467,19.764867821465486,20.235612172603073
12052,482.04,0.98,1,-0.012,0.305,0.079,-0.022,-0.036,0.06,0.0,0.0,0.0,0.3,2.38,0.01,0.08,1.03,1.4,0.47,1.19,0.94,0.42,0.0,0.93,0.45,0.0,0.0,0.0,0.0,1.0,1.0,0.0,0.0,1.0,1.0,0.0,1.0,1.0,0.0,0.0,1.0,0.0,1.0,0.18983295893019575,17.510282693320516,17.940178371465407
12053,482.08,0.98,1,-0.017,0.309,0.081,-0.02,-0.038,0.03,0.0,0.0,0.0,0.43,2.44,0.01,0.1,1.12,1.44,0.3,0.96,0.92,0.48,0.04,1.02,0.24,0.0,0.0,0.0,0.0,1.0,1.0,0.0,0.0,1.0,1.0,0.0,1.0,0.0,0.0,0.0,1.0,0.0,1.0,0.1966331577771862,16.200308639035292,17.22353041626489
12054,482.12,0.98,1,-0.03,0.341,0.095,-0.01,-0.039,0.0,0.0,0.0,0.0,0.55,2.4,0.01,0.22,1.26,1.6,0.16,0.7,0.87,0.55,0.17,0.96,0.13,0.0,0.0,0.0,0.0,1.0,1.0,0.0,0.0,1.0,1.0,0.0,1.0,0.0,0.0,1.0,1.0,0.0,0.0,0.19622280460194852,18.001111076819672,17.534537347760278
12055,482.16,0.98,1,-0.037,0.351,0.116,-0.023,-0.044,0.0,0.0,0.0,0.0,0.68,2.49,0.0,0.37,1.41,1.73,0.12,0.5,0.78,0.41,0.29,0.98,0.07,0.0,0.0,0.0,0.0,1.0,1.0,0.0,0.0,1.0,1.0,0.0,1.0,0.0,0.0,1.0,1.0,0.0,0.0,0.19337356189772262,17.60710084028591,17.428711943227338
12056,482.2,0.98,1,-0.044,0.33,0.113,-0.021,-0.043,0.0,0.0,0.0,0.0,0.83,2.54,0.0,0.39,1.56,1.88,0.15,0.38,0.81,0.29,0.34,0.98,0.08,0.0,0.0,0.0,0.0,1.0,1.0,0.0,0.0,1.0,1.0,0.0,1.0,0.0,0.0,1.0,1.0,0.0,0.0,0.1940168813993112,17.80112356004526,17.510282693320516
12057,482.24,0.98,1,-0.049,0.328,0.122,-0.019,-0.041,0.0,0.0,0.0,0.0,0.89,2.6,0.0,0.39,1.61,1.85,0.18,0.37,0.79,0.13,0.3,0.97,0.03,0.0,0.0,0.0,0.0,1.0,1.0,0.0,0.0,1.0,1.0,0.0,0.0,0.0,0.0,1.0,1.0,0.0,0.0,0.1990912716022526,18.102486017119215,18.10994202089021
12058,482.28,0.98,1,-0.045,0.308,0.117,-0.016,-0.039,0.0,0.0,0.0,0.0,0.95,2.7,0.0,0.35,1.63,1.82,0.21,0.43,0.81,0.21,0.24,0.97,0.04,0.0,0.0,0.0,0.0,1.0,1.0,0.0,0.0,1.0,1.0,0.0,0.0,0.0,0.0,1.0,1.0,0.0,0.0,0.2011960236440508,18.702406262296655,17.500285711953392
12059,482.32,0.93,1,-0.043,0.331,0.121,-0.006,-0.04,0.0,0.0,0.0,0.0,0.91,2.73,0.0,0.39,1.59,1.69,0.19,0.48,0.76,0.27,0.15,0.93,0.1,0.0,0.0,0.0,0.0,1.0,1.0,0.0,0.0,1.0,1.0,0.0,0.0,0.0,0.0,1.0,1.0,1.0,0.0,0.18562343031700695,19.601020381602723,17.904468715937796
12060,482.36,0.88,1,-0.04,0.324,0.117,-0.01,-0.042,0.0,0.0,0.0,0.0,0.91,2.87,0.0,0.33,1.58,1.71,0.23,0.6,0.76,0.29,0.06,0.92,0.1,0.0,0.0,0.0,0.0,1.0,1.0,0.0,0.0,1.0,1.0,0.0,1.0,0.0,0.0,1.0,1.0,1.0,0.0,0.1930307823417622,19.301036241611442,17.902513789968246
12061,482.4,0.93,1,-0.05,0.317,0.12,-0.006,-0.042,0.0,0.0,0.0,0.0,0.85,2.94,0.0,0.24,1.56,1.66,0.17,0.76,0.78,0.2,0.04,0.84,0.08,0.0,0.0,0.0,0.0,1.0,1.0,0.0,0.0,1.0,1.0,0.0,1.0,0.0,0.0,1.0,1.0,1.0,0.0,0.19540281390501751,19.20104163841123,17.100000000000136
12062,482.44,0.93,1,-0.027,0.304,0.133,0.001,-0.035,0.0,0.0,0.0,0.0,0.74,3.05,0.0,0.1,1.43,1.52,0.11,0.91,0.79,0.39,0.04,0.95,0.0,0.0,0.0,0.0,0.0,1.0,1.0,0.0,0.0,1.0,1.0,0.0,1.0,0.0,0.0,1.0,1.0,1.0,0.0,0.2108732822650742,18.5,17.202616080119952
12063,482.48,0.93,1,-0.039,0.349,0.155,0.002,-0.012,0.0,0.0,0.0,0.0,0.64,2.98,0.0,0.16,1.36,1.41,0.09,1.08,0.87,0.34,0.19,1.13,0.0,0.0,0.0,0.0,0.0,1.0,1.0,0.0,0.0,1.0,1.0,0.0,1.0,0.0,0.0,1.0,1.0,1.0,0.0,0.19975686381987992,18.50432381904294,17.722866585290358
12064,482.52,0.93,1,-0.058,0.315,0.124,-0.021,-0.003,0.0,0.0,0.0,0.0,0.62,2.91,0.0,0.34,1.37,1.5,0.11,0.97,0.98,0.35,0.23,1.22,0.0,0.0,0.0,0.0,0.0,1.0,1.0,0.0,0.0,1.0,1.0,0.0,1.0,0.0,0.0,1.0,1.0,0.0,0.0,0.20333980494141224,19.60408120774869,18.601075237738183
12065,482.56,0.98,1,-0.055,0.309,0.127,-0.011,-0.033,0.0,0.0,0.0,0.0,0.73,2.79,0.0,0.52,1.51,1.66,0.11,0.88,1.04,0.1,0.41,1.17,0.0,0.0,0.0,0.0,0.0,1.0,1.0,0.0,0.0,1.0,1.0,0.0,1.0,0.0,0.0,1.0,1.0,0.0,0.0,0.20421989634880156,19.802272596851054,18.700267377767442
12066,482.6,0.98,1,-0.043,0.305,0.121,-0.011,-0.037,0.06,0.0,0.0,0.0,0.7,2.57,0.0,0.46,1.52,1.68,0.04,0.71,1.0,0.13,0.44,1.13,0.0,0.0,0.0,0.0,0.0,1.0,1.0,0.0,0.0,1.0,1.0,0.0,1.0,1.0,0.0,1.0,1.0,0.0,0.0,0.20980563007706582,18.70026737776767,18.399999999999864
12067,482.64,0.98,1,-0.033,0.322,0.133,0.003,-0.031,0.06,0.0,0.0,0.0,0.7,2.57,0.0,0.41,1.49,1.58,0.0,0.75,0.95,0.19,0.61,1.33,0.0,0.0,0.0,0.0,0.0,1.0,1.0,0.0,0.0,1.0,1.0,0.0,0.0,1.0,0.0,1.0,1.0,0.0,0.0,0.20473874417517202,18.80106379968959,18.402445489662373
12068,482.68,0.98,1,-0.033,0.333,0.147,-0.014,-0.01,0.06,0.0,0.0,0.0,0.66,2.62,0.0,0.41,1.51,1.6,0.05,0.69,1.04,0.32,0.66,1.3,0.0,0.0,0.0,0.0,0.0,1.0,1.0,0.0,0.0,1.0,1.0,0.0,0.0,1.0,0.0,1.0,1.0,0.0,0.0,0.20868603244200407,19.09999999999991,17.90446871593802
12069,482.72,0.98,1,-0.036,0.311,0.121,-0.02,-0.036,0.0,0.0,0.0,0.0,0.67,2.59,0.0,0.51,1.54,1.66,0.1,0.6,1.04,0.4,0.58,1.2,0.0,0.0,0.0,0.0,0.0,1.0,1.0,0.0,0.0,1.0,1.0,0.0,1.0,1.0,0.0,1.0,1.0,0.0,0.0,0.22885700492075056,19.609181522949815,18.60430057809206
12070,482.76,0.98,1,-0.037,0.302,0.108,-0.005,-0.044,0.0,0.0,0.0,0.01,0.66,2.56,0.0,0.53,1.56,1.67,0.25,0.59,0.98,0.38,0.52,0.84,0.0,0.0,0.0,0.0,0.0,1.0,1.0,0.0,0.0,1.0,1.0,0.0,1.0,1.0,0.0,1.0,1.0,0.0,0.0,0.21540471040809078,19.509228585466932,19.00026315607234
12071,482.8,0.98,1,-0.033,0.306,0.104,-0.01,-0.045,0.0,0.0,0.0,0.01,0.64,2.46,0.0,0.54,1.56,1.6,0.33,0.64,0.82,0.26,0.49,0.73,0.0,0.0,0.0,0.0,0.0,1.0,1.0,0.0,0.0,1.0,1.0,0.0,1.0,1.0,0.0,1.0,1.0,0.0,0.0,0.21388861787988003,20.012246250733575,18.901058171435892
12072,482.84,0.98,1,-0.025,0.285,0.098,-0.011,-0.046,0.0,0.0,0.0,0.01,0.65,2.72,0.0,0.56,1.62,1.44,0.28,0.74,0.8,0.15,0.59,0.62,0.0,0.0,0.0,0.0,0.0,1.0,1.0,0.0,0.0,1.0,1.0,0.0,1.0,1.0,0.0,1.0,1.0,0.0,0.0,0.21655926708544954,19.800252523642172,19.301036241611666
12073,482.88,0.98,1,-0.013,0.311,0.105,0.006,-0.041,0.0,0.0,0.0,0.0,0.64,2.76,0.0,0.53,1.6,1.32,0.14,0.94,0.8,0.12,0.72,0.76,0.0,0.0,0.0,0.0,0.0,1.0,1.0,0.0,0.0,1.0,1.0,0.0,1.0,1.0,0.0,1.0,1.0,0.0,0.0,0.20431184677462072,18.60026881526192,19.10235587565043
12074,482.92,0.98,1,-0.04,0.288,0.107,-0.008,-0.013,0.0,0.0,0.0,0.0,0.66,2.83,0.0,0.59,1.65,1.4,0.06,1.05,1.03,0.15,0.73,0.87,0.0,0.0,0.0,0.0,0.0,1.0,1.0,0.0,0.0,1.0,1.0,0.0,1.0,1.0,0.0,1.0,1.0,0.0,0.0,0.21537475764805775,19.800000000000182,18.901058171435892
12075,482.96,0.98,1,-0.049,0.284,0.095,-0.011,-0.037,0.0,0.0,0.0,0.0,0.73,2.7,0.0,0.62,1.68,1.45,0.13,1.09,1.03,0.13,0.75,0.92,0.0,0.0,0.0,0.0,0.0,1.0,1.0,0.0,0.0,1.0,1.0,0.0,1.0,1.0,0.0,1.0,1.0,0.0,0.0,0.20831964036862904,19.201041638411226,19.900251254695117
12076,483.0,0.98,1,-0.042,0.298,0.099,-0.008,-0.046,0.0,0.0,0.0,0.0,0.79,2.76,0.0,0.72,1.74,1.52,0.24,0.98,1.06,0.11,0.72,0.94,0.0,0.0,0.0,0.0,0.0,1.0,1.0,0.0,0.0,1.0,1.0,0.0,1.0,1.0,0.0,1.0,0.0,0.0,0.0,0.202225266329028,20.60024271701662,19.709134937891154
12077,483.04,0.98,1,-0.034,0.308,0.097,-0.007,-0.05,0.0,0.0,0.0,0.0,0.85,2.8,0.0,0.79,1.74,1.52,0.24,0.98,0.91,0.14,0.7,0.89,0.0,0.0,0.0,0.0,0.0,1.0,1.0,0.0,0.0,1.0,1.0,0.0,1.0,1.0,0.0,1.0,0.0,0.0,0.0,0.19121311221336973,19.09999999999991,19.809088823062968
12078,483.08,0.98,1,-0.021,0.317,0.092,0.004,-0.042,0.0,0.0,0.0,0.0,0.78,2.94,0.0,0.74,1.68,1.47,0.17,1.13,0.83,0.16,0.85,1.01,0.0,0.0,0.0,0.0,0.0,1.0,1.0,0.0,0.0,1.0,1.0,0.0,1.0,1.0,0.0,1.0,0.0,0.0,0.0,0.1851874266320452,19.20104163841123,19.404123273160362
12079,483.12,0.98,1,-0.027,0.31,0.096,-0.009,-0.016,0.0,0.0,0.0,0.0,0.81,2.78,0.0,0.84,1.71,1.48,0.08,1.14,0.92,0.16,0.88,1.09,0.0,0.0,0.0,0.0,0.0,1.0,1.0,0.0,0.0,1.0,1.0,0.0,1.0,1.0,0.0,1.0,0.0,0.0,0.0,0.19728147474372537,20.302216627747775,19.204166214652304
12080,483.16,0.98,1,-0.028,0.318,0.086,-0.014,-0.041,0.0,0.0,0.0,0.0,0.81,2.72,0.0,0.84,1.69,1.51,0.02,1.21,1.03,0.05,0.9,1.07,0.0,0.0,0.0,0.0,0.0,1.0,1.0,0.0,0.0,1.0,1.0,0.0,1.0,1.0,0.0,1.0,0.0,0.0,0.0,0.18665800896474943,20.900239233080427,19.70228413154175
12081,483.2,0.98,1,-0.021,0.318,0.092,-0.0,-0.044,0.0,0.0,0.0,0.0,0.8,2.53,0.0,0.96,1.72,1.58,0.02,1.19,1.18,0.05,0.77,1.04,0.0,0.0,0.0,0.0,0.0,1.0,1.0,0.0,0.0,1.0,1.0,0.0,1.0,1.0,0.0,1.0,0.0,0.0,0.0,0.1822988715064972,19.60025510038062,19.312690128513903
12082,483.24,0.98,1,-0.025,0.313,0.093,-0.01,-0.018,0.0,0.0,0.0,0.0,0.78,2.58,0.0,0.96,1.69,1.65,0.0,1.19,1.2,0.03,0.71,0.97,0.0,0.0,0.0,0.0,0.0,1.0,1.0,0.0,0.0,1.0,1.0,0.0,1.0,1.0,0.0,1.0,0.0,0.0,0.0,0.20585826919062983,20.503902067655318,19.09999999999991
12083,483.28,0.98,1,-0.026,0.309,0.091,-0.011,-0.046,0.0,0.0,0.0,0.0,0.74,2.54,0.01,0.87,1.65,1.62,0.0,1.09,1.27,0.02,0.79,1.09,0.03,0.0,0.0,0.0,0.0,1.0,1.0,0.0,0.0,1.0,1.0,0.0,1.0,1.0,0.0,1.0,0.0,0.0,0.0,0.1923315097861138,20.90095691589272,19.50640920313116
12084,483.32,0.98,1,-0.021,0.316,0.083,0.006,-0.044,0.0,0.0,0.0,0.0,0.74,2.6,0.01,0.73,1.63,1.61,0.0,1.13,1.27,0.03,0.7,1.11,0.03,0.0,0.0,0.0,0.0,1.0,1.0,0.0,0.0,1.0,1.0,0.0,1.0,1.0,0.0,1.0,0.0,0.0,0.0,0.1806783983890679,19.701015202267946,20.006249023742555
12085,483.36,0.98,1,-0.023,0.296,0.094,-0.005,-0.021,0.0,0.0,0.0,0.0,0.74,2.63,0.03,0.67,1.61,1.67,0.07,1.18,1.19,0.03,0.71,1.2,0.03,0.0,0.0,0.0,0.0,1.0,1.0,0.0,0.0,1.0,1.0,0.0,1.0,1.0,0.0,0.0,0.0,0.0,0.0,0.2078831602304886,19.901004999748217,19.91230775173997
12086,483.4,0.98,1,-0.022,0.299,0.086,-0.005,-0.046,0.0,0.0,0.0,0.0,0.64,2.71,0.01,0.54,1.57,1.44,0.07,1.2,1.01,0.06,0.62,1.22,0.0,0.0,0.0,0.0,0.0,1.0,1.0,0.0,0.0,1.0,1.0,0.0,1.0,1.0,0.0,0.0,0.0,0.0,0.0,0.18689558396727157,20.500243900988107,19.709134937890926
12087,483.44,0.98,1,-0.027,0.31,0.092,-0.002,-0.022,0.0,0.0,0.0,0.02,0.57,2.76,0.01,0.43,1.49,1.25,0.1,1.09,0.89,0.06,0.59,1.19,0.0,0.0,0.0,0.0,0.0,1.0,1.0,0.0,0.0,1.0,1.0,0.0,1.0,1.0,0.0,0.0,0.0,0.0,0.0,0.18857363273404493,19.900251254695117,20.020239758804088
12088,483.48,0.98,1,-0.038,0.288,0.084,-0.003,-0.012,0.0,0.0,0.0,0.02,0.37,2.65,0.0,0.22,1.39,0.88,0.11,1.12,0.68,0.07,0.44,1.19,0.0,0.0,0.0,0.0,0.0,1.0,1.0,0.0,0.0,1.0,1.0,0.0,1.0,1.0,0.0,0.0,0.0,0.0,0.0,0.20522109211050582,19.601020381602495,19.61249601657057
12089,483.52,0.98,1,-0.025,0.301,0.081,-0.005,-0.013,0.0,0.0,0.0,0.02,0.31,2.41,0.0,0.24,1.33,0.91,0.14,1.04,0.48,0.04,0.44,1.24,0.03,0.0,0.0,0.0,0.0,1.0,1.0,0.0,0.0,1.0,1.0,0.0,1.0,0.0,0.0,0.0,0.0,0.0,0.0,0.20751965811198972,20.200990074746382,19.312690128513896
12090,483.56,0.98,1,-0.029,0.317,0.082,0.008,-0.033,0.0,0.0,0.0,0.0,0.21,2.13,0.0,0.29,1.3,0.85,0.11,1.04,0.31,0.01,0.52,1.33,0.07,0.0,0.0,0.0,0.0,0.0,1.0,0.0,0.0,1.0,1.0,0.0,1.0,0.0,0.0,0.0,1.0,0.0,0.0,0.19321910510574608,19.901004999748217,20.11591409804699
12091,483.6,0.98,1,-0.035,0.284,0.082,0.001,-0.021,0.0,0.0,0.0,0.0,0.2,1.94,0.0,0.3,1.26,0.79,0.04,0.97,0.3,0.0,0.63,1.38,0.07,0.0,0.0,0.0,0.0,0.0,1.0,0.0,0.0,1.0,1.0,0.0,1.0,0.0,0.0,0.0,1.0,0.0,0.0,0.20954704042186728,19.500256408570632,20.020239758804088
12092,483.64,0.98,1,-0.048,0.284,0.082,-0.001,-0.016,0.0,0.0,0.0,0.0,0.14,1.88,0.0,0.27,1.25,0.67,0.04,1.04,0.21,0.0,0.64,1.42,0.1,0.0,0.0,0.0,0.0,0.0,1.0,0.0,0.0,1.0,1.0,0.0,1.0,0.0,0.0,0.0,1.0,0.0,0.0,0.202291556729695,20.700966161027182,19.920341362537027
12093,483.68,0.98,1,-0.042,0.291,0.086,-0.003,-0.015,0.0,0.0,0.0,0.0,0.12,1.77,0.0,0.29,1.22,0.68,0.05,0.94,0.13,0.0,0.66,1.49,0.06,0.0,0.0,0.0,0.0,0.0,1.0,0.0,0.0,1.0,1.0,0.0,1.0,0.0,0.0,0.0,1.0,0.0,0.0,0.20582597428715044,20.40000000000009,19.925109786397528
12094,483.72,0.98,1,-0.033,0.28,0.084,0.0,-0.013,0.0,0.0,0.0,0.0,0.11,1.76,0.0,0.2,1.18,0.7,0.03,0.86,0.06,0.0,0.65,1.45,0.06,0.0,0.0,0.0,0.0,0.0,1.0,0.0,0.0,1.0,1.0,0.0,1.0,0.0,0.0,0.0,1.0,0.0,0.0,0.21483409097159079,19.700000000000045,19.216659439142724
12095,483.76,0.98,1,-0.051,0.283,0.081,-0.003,-0.011,0.0,0.0,0.0,0.01,0.15,2.08,0.0,0.21,1.16,0.77,0.05,0.82,0.12,0.0,0.61,1.35,0.0,0.0,0.0,0.0,0.0,0.0,1.0,0.0,0.0,1.0,1.0,0.0,1.0,0.0,0.0,0.0,1.0,0.0,0.0,0.20092565104882787,20.700241544484495,19.9203413625368
12096,483.8,0.98,1,-0.022,0.319,0.087,0.005,-0.03,0.0,0.0,0.0,0.01,0.16,2.43,0.0,0.18,1.12,0.74,0.05,0.9,0.12,0.0,0.57,1.19,0.0,0.0,0.0,0.0,0.0,0.0,1.0,0.0,0.0,1.0,1.0,0.0,1.0,0.0,0.0,0.0,0.0,0.0,0.0,0.20463059172436998,19.401030900444532,20.30886505937735
12097,483.84,0.98,1,-0.035,0.288,0.085,-0.0,-0.019,0.0,0.0,0.0,0.01,0.13,2.47,0.0,0.26,1.1,0.73,0.08,0.95,0.08,0.0,0.52,1.14,0.0,0.0,0.0,0.0,0.0,0.0,1.0,0.0,0.0,1.0,1.0,0.0,1.0,0.0,0.0,0.0,0.0,0.0,0.0,0.21712703606170344,19.200000000000045,20.215835377248247
12098,483.88,0.98,1,-0.039,0.288,0.081,-0.005,-0.011,0.0,0.0,0.0,0.0,0.13,2.36,0.0,0.3,1.08,0.73,0.13,0.96,0.16,0.0,0.48,1.12,0.0,0.0,0.0,0.0,0.0,0.0,1.0,0.0,0.0,1.0,1.0,0.0,1.0,0.0,0.0,0.0,0.0,0.0,0.0,0.20804268802094966,20.002249873451735,19.42086506827115
12099,483.92,0.98,1,-0.033,0.322,0.086,0.007,-0.031,0.0,0.0,0.0,0.0,0.1,2.3,0.0,0.28,1.06,0.79,0.14,1.0,0.29,0.01,0.42,1.1,0.05,0.0,0.0,0.0,0.0,0.0,1.0,0.0,0.0,1.0,1.0,0.0,1.0,0.0,0.0,0.0,0.0,0.0,0.0,0.19757224435995357,19.50102561405425,20.208908926510652
12100,483.96,0.98,1,-0.045,0.289,0.084,-0.001,-0.019,0.0,0.0,0.0,0.0,0.22,2.66,0.0,0.33,1.06,0.83,0.23,0.95,0.38,0.02,0.3,0.99,0.05,0.0,0.0,0.0,0.0,0.0,1.0,0.0,0.0,1.0,1.0,0.0,1.0,0.0,0.0,0.0,0.0,0.0,0.0,0.21462643266971743,19.60408120774846,20.024984394500787
12101,484.0,0.98,1,-0.037,0.311,0.074,0.005,-0.031,0.0,0.0,0.0,0.0,0.18,2.57,0.0,0.37,1.06,0.83,0.22,0.96,0.4,0.1,0.22,0.75,0.05,0.0,0.0,0.0,0.0,0.0,1.0,0.0,0.0,1.0,1.0,0.0,1.0,0.0,0.0,0.0,0.0,0.0,0.0,0.2161796604538049,18.506755523321747,19.809088823062968
12102,484.04,0.98,1,-0.049,0.291,0.078,-0.006,-0.028,0.0,0.0,0.0,0.0,0.25,2.56,0.0,0.45,1.09,0.9,0.31,0.98,0.43,0.16,0.09,0.62,0.0,0.0,0.0,0.0,0.0,1.0,1.0,0.0,0.0,1.0,1.0,0.0,1.0,0.0,0.0,0.0,0.0,0.0,0.0,0.21647438904530186,20.002249873451735,19.10942175995928
12103,484.08,0.98,1,-0.039,0.331,0.08,0.009,-0.034,0.0,0.0,0.0,0.0,0.14,2.32,0.0,0.32,1.07,0.86,0.27,1.15,0.41,0.25,0.08,0.67,0.04,0.0,0.0,0.0,0.0,0.0,1.0,0.0,0.0,1.0,1.0,0.0,1.0,0.0,0.0,0.0,0.0,0.0,0.0,0.19617307998948819,19.10104709171716,19.716236963477638
12104,484.12,0.98,1,-0.041,0.314,0.08,0.0,-0.016,0.0,0.0,0.0,0.03,0.12,2.37,0.0,0.23,1.04,0.77,0.25,1.22,0.37,0.23,0.04,0.68,0.04,0.0,0.0,0.0,0.0,0.0,1.0,0.0,0.0,1.0,1.0,0.0,1.0,0.0,0.0,0.0,0.0,0.0,0.0,0.20310768683212072,19.20104163841123,19.206509313251114
12105,484.16,0.98,1,-0.036,0.329,0.07,0.01,-0.028,0.0,0.0,0.0,0.03,0.05,2.23,0.0,0.12,0.99,0.57,0.19,1.2,0.38,0.23,0.06,0.67,0.04,0.0,0.0,0.0,0.0,0.0,1.0,0.0,0.0,1.0,1.0,0.0,1.0,0.0,0.0,0.0,0.0,0.0,0.0,0.19418607458484172,19.501025614054253,20.006249023742555
12106,484.2,0.98,1,-0.047,0.327,0.076,0.008,-0.014,0.0,0.0,0.0,0.03,0.05,2.2,0.0,0.12,0.95,0.47,0.19,1.14,0.34,0.25,0.03,0.63,0.0,0.0,0.0,0.0,0.0,0.0,1.0,0.0,0.0,1.0,1.0,0.0,1.0,0.0,0.0,0.0,0.0,0.0,0.0,0.19450190032634973,19.300259065618736,19.60408120774846
12107,484.24,0.98,1,-0.048,0.328,0.077,0.011,-0.011,0.0,0.0,0.0,0.0,0.0,2.03,0.0,0.03,0.94,0.33,0.21,1.13,0.22,0.26,0.03,0.83,0.0,0.0,0.0,0.0,0.0,0.0,1.0,0.0,0.0,1.0,1.0,0.0,1.0,0.0,0.0,0.0,0.0,0.0,1.0,0.19054090578197075,19.60025510038062,19.802272596851054
12108,484.28,0.98,1,-0.059,0.324,0.078,0.017,-0.01,0.0,0.0,0.0,0.0,0.0,2.2,0.01,0.0,0.87,0.38,0.15,1.14,0.16,0.18,0.01,0.9,0.05,0.0,0.0,0.0,0.0,0.0,1.0,0.0,0.0,1.0,1.0,0.0,1.0,0.0,0.0,0.0,0.0,0.0,1.0,0.19408736386594572,18.904232330354052,19.400257730246647
12109,484.32,0.98,1,-0.049,0.337,0.074,0.032,-0.01,0.0,0.0,0.0,0.0,0.0,2.01,0.01,0.0,0.81,0.4,0.08,1.04,0.21,0.06,0.03,0.77,0.4,0.0,0.0,0.0,0.0,0.0,1.0,0.0,0.0,1.0,1.0,0.0,1.0,0.0,0.0,0.0,0.0,0.0,1.0,0.1769906096619911,18.200000000000045,19.709134937891157
12110,484.36,0.98,1,-0.08,0.378,0.073,0.069,-0.008,0.0,0.0,0.0,0.0,0.0,1.62,0.03,0.0,0.74,0.5,0.03,0.9,0.48,0.01,0.1,0.53,1.23,0.0,0.0,0.0,0.0,0.0,1.0,0.0,0.0,1.0,1.0,0.0,1.0,0.0,0.0,0.0,0.0,0.0,1.0,0.17467796348743342,18.904232330354052,18.154062906137487
12111,484.4,0.98,1,-0.129,0.448,0.072,0.12,0.001,0.0,0.0,0.0,0.0,0.0,0.89,0.12,0.0,0.69,0.57,0.03,0.75,0.65,0.0,0.27,0.49,2.16,0.0,0.0,0.0,0.0,0.0,1.0,0.0,0.0,1.0,1.0,0.0,0.0,1.0,0.0,0.0,0.0,0.0,1.0,0.16183939624406807,18.906612599828755,15.925451327984259
12112,484.44,0.98,1,-0.212,0.45,0.079,0.195,0.004,0.0,0.0,0.0,0.0,0.14,0.65,0.36,0.01,0.58,0.7,0.03,0.67,0.81,0.0,0.38,0.49,2.54,0.0,0.0,0.0,0.0,0.0,1.0,0.0,0.0,1.0,1.0,0.0,0.0,1.0,1.0,0.0,0.0,0.0,1.0,0.1657847329195577,18.527007313648905,17.707060738586787
12113,484.48,0.98,1,-0.267,0.412,0.065,0.254,0.019,0.02,0.0,0.0,0.0,0.34,0.93,0.44,0.12,0.52,0.62,0.0,0.57,0.72,0.0,0.58,0.57,2.28,0.0,0.0,0.0,0.0,1.0,1.0,0.0,0.0,1.0,1.0,0.0,0.0,1.0,1.0,0.0,0.0,0.0,1.0,0.1760364701470544,19.84263087395415,19.600255100380732
12114,484.52,0.98,1,-0.337,0.36,0.077,0.319,0.052,0.12,0.0,0.0,0.0,0.49,1.47,0.34,0.3,0.56,0.47,0.0,0.49,0.54,0.01,0.74,0.4,1.6,0.0,0.0,0.0,0.0,1.0,1.0,0.0,0.0,1.0,1.0,0.0,0.0,1.0,1.0,1.0,0.0,0.0,1.0,0.194626067549179,19.983242980057028,19.20442657305853
12115,484.56,0.98,1,-0.427,0.336,0.071,0.356,0.071,0.26,0.0,0.01,0.0,0.44,1.62,0.1,0.53,0.67,0.33,0.0,0.42,0.29,0.11,0.93,0.4,0.93,0.0,0.0,0.0,0.0,1.0,1.0,0.0,0.0,1.0,1.0,0.0,0.0,0.0,1.0,1.0,0.0,0.0,0.0,0.2221255591019662,15.885842753848605,21.887439320304242
12116,484.6,0.98,1,-0.466,0.326,0.067,0.362,0.092,0.56,0.05,0.07,0.0,0.26,1.37,0.0,0.76,0.7,0.48,0.0,0.39,0.08,0.15,1.11,0.43,0.36,0.0,0.0,0.0,0.0,1.0,1.0,0.0,0.0,1.0,1.0,0.0,0.0,0.0,0.0,1.0,0.0,0.0,0.0,0.24536044119022782,15.750872991678918,22.463525992150007
12117,484.64,0.98,1,-0.48,0.344,0.076,0.391,0.099,0.85,0.12,0.09,0.0,0.11,0.95,0.0,0.97,0.65,0.69,0.0,0.37,0.0,0.22,1.33,0.66,0.06,0.0,0.0,1.0,0.0,1.0,1.0,0.0,0.0,1.0,1.0,0.0,0.0,0.0,0.0,1.0,0.0,0.0,0.0,0.2554465104338321,16.440194646049477,21.444113411377007
12118,484.68,0.98,1,-0.461,0.33,0.068,0.396,0.102,1.15,0.2,0.14,0.0,0.03,0.71,0.05,1.17,0.57,0.74,0.0,0.45,0.0,0.23,1.63,0.8,0.0,1.0,0.0,1.0,0.0,1.0,1.0,0.0,0.0,0.0,1.0,0.0,0.0,0.0,0.0,1.0,0.0,0.0,0.0,0.25154450953061414,17.870926109186534,21.221922627321035
12119,484.72,0.98,1,-0.468,0.323,0.063,0.402,0.106,1.35,0.34,0.17,0.0,0.0,0.78,0.09,1.31,0.56,0.85,0.0,0.49,0.0,0.33,1.82,0.92,0.03,1.0,0.0,1.0,0.0,0.0,1.0,0.0,0.0,0.0,1.0,0.0,0.0,0.0,0.0,1.0,0.0,0.0,0.0,0.25619198306336344,18.414125013152322,21.489532335534957
12120,484.76,0.98,1,-0.464,0.316,0.056,0.409,0.109,1.42,0.54,0.24,0.0,0.0,0.71,0.11,1.43,0.59,0.91,0.0,0.45,0.02,0.42,1.98,1.06,0.03,1.0,0.0,1.0,0.0,0.0,1.0,0.0,0.0,0.0,1.0,0.0,0.0,0.0,0.0,1.0,0.0,0.0,0.0,0.26534971234921423,18.741664813991314,21.296009015775734
12121,484.8,0.98,1,-0.474,0.311,0.055,0.414,0.109,1.48,0.72,0.21,0.0,0.0,0.74,0.12,1.48,0.65,1.02,0.0,0.32,0.08,0.46,2.01,1.08,0.03,1.0,0.0,1.0,0.0,0.0,1.0,0.0,0.0,0.0,1.0,0.0,0.0,0.0,0.0,1.0,0.0,0.0,0.0,0.2650487245172374,18.65931402811996,20.207424378183383
12122,484.84,0.98,1,-0.479,0.312,0.056,0.415,0.11,1.47,0.82,0.24,0.0,0.0,0.55,0.11,1.49,0.68,1.03,0.0,0.27,0.08,0.49,2.18,1.03,0.0,1.0,0.0,1.0,0.0,0.0,1.0,0.0,0.0,0.0,1.0,0.0,0.0,0.0,0.0,1.0,0.0,0.0,0.0,0.26651727943668413,19.749683541768313,18.38477631085018
12123,484.88,0.98,1,-0.479,0.313,0.057,0.42,0.108,1.54,0.82,0.26,0.0,0.0,0.51,0.12,1.49,0.69,0.99,0.0,0.26,0.06,0.47,2.25,0.98,0.0,1.0,0.0,1.0,0.0,0.0,1.0,0.0,0.0,0.0,1.0,0.0,0.0,0.0,0.0,1.0,0.0,0.0,0.0,0.2671690626945524,19.690099034794084,16.80773631397157
12124,484.92,0.98,1,-0.474,0.308,0.058,0.424,0.107,1.62,0.9,0.39,0.0,0.0,0.43,0.08,1.5,0.69,1.02,0.0,0.3,0.0,0.48,2.35,1.05,0.0,1.0,0.0,1.0,0.0,0.0,1.0,0.0,0.0,0.0,1.0,0.0,0.0,0.0,0.0,1.0,0.0,0.0,0.0,0.27130548104388524,19.67053634245896,17.00176461429812
12125,484.96,0.98,1,-0.473,0.309,0.056,0.421,0.107,1.71,0.98,0.46,0.0,0.0,0.43,0.12,1.42,0.65,1.0,0.0,0.21,0.0,0.45,2.23,1.06,0.0,1.0,0.0,1.0,0.0,0.0,0.0,0.0,0.0,0.0,1.0,0.0,0.0,0.0,0.0,1.0,0.0,0.0,0.0,0.26922433225907505,19.534584715319696,17.001764614298136
12126,485.0,0.98,1,-0.486,0.317,0.064,0.422,0.105,1.75,1.14,0.55,0.0,0.0,0.38,0.18,1.33,0.62,1.04,0.0,0.12,0.0,0.38,2.11,0.92,0.0,1.0,0.0,1.0,0.0,0.0,0.0,0.0,0.0,0.0,1.0,0.0,0.0,0.0,0.0,1.0,0.0,0.0,0.0,0.2635267655846825,19.927869931329756,16.595180023127245
12127,485.04,0.98,1,-0.48,0.324,0.063,0.425,0.103,1.75,1.16,0.52,0.0,0.0,0.47,0.23,1.25,0.6,1.01,0.0,0.06,0.0,0.32,2.04,0.77,0.0,1.0,0.0,1.0,0.0,0.0,0.0,0.0,0.0,0.0,1.0,0.0,0.0,0.0,0.0,1.0,0.0,0.0,0.0,0.25687967815300217,18.552627846210946,16.90976049505137
12128,485.08,0.98,1,-0.472,0.312,0.06,0.421,0.1,1.73,1.14,0.48,0.0,0.0,0.48,0.16,1.32,0.69,1.07,0.0,0.12,0.0,0.27,2.02,0.72,0.07,1.0,0.0,1.0,0.0,0.0,0.0,1.0,0.0,0.0,1.0,0.0,0.0,0.0,0.0,1.0,0.0,0.0,0.0,0.25999221382660515,18.809837851507382,17.029386365926428
12129,485.12,0.98,1,-0.469,0.31,0.058,0.414,0.099,1.71,1.07,0.42,0.0,0.0,0.7,0.08,1.33,0.72,1.06,0.0,0.24,0.0,0.27,2.0,0.69,0.17,1.0,0.0,1.0,0.0,0.0,0.0,1.0,0.0,1.0,1.0,0.0,0.0,0.0,0.0,1.0,0.0,0.0,0.0,0.2586753314651158,18.926436537288172,17.126879458908963
12130,485.16,0.98,1,-0.467,0.313,0.062,0.414,0.098,1.74,1.13,0.42,0.0,0.0,0.71,0.08,1.35,0.78,1.09,0.0,0.23,0.0,0.26,1.99,0.68,0.25,1.0,0.0,1.0,0.0,0.0,0.0,1.0,0.0,1.0,1.0,0.0,0.0,0.0,0.0,1.0,0.0,0.0,0.0,0.25544381532819893,18.299999999999994,17.344163283364217
12131,485.2,0.98,1,-0.466,0.306,0.062,0.415,0.098,1.76,1.14,0.38,0.0,0.0,0.73,0.12,1.35,0.76,1.07,0.0,0.33,0.0,0.26,1.97,0.69,0.26,1.0,0.0,1.0,0.0,0.0,0.0,1.0,0.0,1.0,1.0,0.0,0.0,0.0,0.0,1.0,0.0,0.0,0.0,0.25644497511638065,17.935997323817634,17.876520914316615
12132,485.24,0.98,1,-0.469,0.303,0.059,0.413,0.099,1.81,1.19,0.38,0.0,0.0,0.7,0.16,1.37,0.75,1.11,0.0,0.3,0.0,0.26,1.98,0.65,0.26,1.0,0.0,1.0,0.0,0.0,0.0,1.0,0.0,1.0,1.0,0.0,0.0,0.0,0.0,1.0,0.0,0.0,0.0,0.25744164539250297,18.52835664596314,18.942280749687963
12133,485.28,0.98,1,-0.466,0.308,0.06,0.424,0.099,1.81,1.15,0.41,0.0,0.0,0.6,0.17,1.48,0.72,1.11,0.0,0.36,0.0,0.22,1.94,0.62,0.23,1.0,0.0,1.0,0.0,0.0,0.0,1.0,0.0,1.0,1.0,0.0,0.0,0.0,0.0,1.0,0.0,0.0,0.0,0.2562823418816273,18.429595763336795,18.942280749688074
12134,485.32,0.98,1,-0.47,0.307,0.057,0.421,0.101,1.72,1.08,0.48,0.0,0.0,0.57,0.12,1.44,0.73,1.03,0.0,0.35,0.0,0.24,2.02,0.66,0.25,1.0,0.0,1.0,0.0,0.0,1.0,1.0,0.0,1.0,1.0,0.0,0.0,0.0,0.0,1.0,0.0,0.0,0.0,0.258125748482988,18.528356645962937,19.548913013259835
12135,485.36,0.98,1,-0.47,0.301,0.052,0.408,0.103,1.53,1.0,0.43,0.0,0.05,0.61,0.08,1.38,0.77,0.95,0.0,0.29,0.03,0.24,1.96,0.91,0.29,1.0,0.0,1.0,0.0,0.0,1.0,0.0,0.0,1.0,1.0,0.0,0.0,0.0,0.0,1.0,0.0,0.0,0.0,0.26202503530193,19.121192431435965,19.23382437270335
12136,485.4,0.98,1,-0.457,0.33,0.052,0.389,0.103,1.23,0.98,0.34,0.0,0.16,0.91,0.01,1.04,0.88,0.66,0.0,0.18,0.13,0.18,2.06,1.12,1.22,1.0,0.0,1.0,0.0,0.0,1.0,0.0,0.0,1.0,1.0,0.0,0.0,0.0,0.0,1.0,0.0,0.0,1.0,0.20946051063901866,16.259458785580865,18.792019582790992
12137,485.44,0.98,1,-0.361,0.386,0.041,0.382,0.09,0.79,0.92,0.29,0.0,0.16,1.01,0.01,0.6,0.86,0.37,0.0,0.03,0.54,0.08,2.24,1.27,2.12,1.0,0.0,1.0,0.0,0.0,1.0,0.0,0.0,1.0,1.0,0.0,0.0,1.0,0.0,1.0,0.0,0.0,1.0,0.19238230982146345,17.96440925830841,16.53027525481654
12138,485.48,0.98,1,-0.321,0.442,0.059,0.372,0.069,0.36,0.59,0.33,0.0,0.11,1.04,0.01,0.19,0.78,0.15,0.0,0.31,1.12,0.2,2.18,1.36,2.81,0.0,0.0,0.0,0.0,0.0,0.0,0.0,0.0,1.0,1.0,0.0,0.0,1.0,0.0,1.0,0.0,0.0,1.0,0.18112675718180732,16.395731151735724,15.508062419270823
12139,485.52,0.82,1,-0.266,0.443,0.047,0.315,0.087,0.05,0.26,0.99,0.0,0.0,1.29,0.11,0.0,0.57,0.19,0.04,0.98,1.55,0.56,1.81,1.46,1.91,0.0,0.0,0.0,0.0,0.0,1.0,0.0,0.0,1.0,1.0,0.0,0.0,1.0,0.0,1.0,0.0,0.0,1.0,0.1804783501396532,21.284971223847023,20.335437049643126
12140,485.56,0.88,1,-0.322,0.322,-0.036,0.361,0.157,0.0,0.0,0.86,0.0,0.0,1.05,0.11,0.4,0.78,0.5,0.04,1.24,1.2,0.56,1.37,1.3,1.31,0.0,0.0,0.0,0.0,0.0,1.0,0.0,0.0,1.0,1.0,0.0,0.0,1.0,0.0,1.0,0.0,0.0,1.0,0.2177018164361867,24.94674327442366,24.8471326313521
12141,485.6,0.98,1,0.063,0.355,-0.004,-0.103,-0.099,0.0,0.19,0.81,0.0,0.0,1.12,0.16,0.97,1.03,0.85,0.04,1.49,0.59,0.36,1.32,0.84,0.55,0.0,0.0,0.0,0.0,0.0,1.0,0.0,0.0,1.0,1.0,0.0,0.0,0.0,0.0,0.0,0.0,0.0,1.0,0.16697518785559076,18.417383093154232,17.526266002774104
12142,485.64,0.98,1,0.131,0.334,0.008,-0.116,-0.126,0.0,0.58,0.55,0.13,0.14,0.62,0.05,1.7,1.32,1.55,0.37,1.57,0.26,0.0,1.45,0.34,0.5,0.0,0.0,0.0,0.0,0.0,1.0,0.0,0.0,1.0,1.0,1.0,0.0,0.0,0.0,0.0,0.0,0.0,1.0,0.15157137963926606,19.00947132352712,20.069130524265237
12143,485.68,0.98,1,0.145,0.236,0.016,-0.188,-0.14,0.16,1.05,0.87,0.13,0.14,0.96,0.05,1.74,1.12,1.24,1.34,1.87,0.27,0.0,1.18,0.43,0.21,0.0,0.0,1.0,0.0,0.0,1.0,0.0,0.0,0.0,0.0,1.0,1.0,0.0,0.0,0.0,0.0,0.0,0.0,0.1950544747076218,17.341568556506026,20.704105872990503
12144,485.72,0.98,1,0.234,0.247,-0.025,-0.369,-0.168,0.44,1.32,1.09,0.13,0.15,0.97,0.0,1.53,0.97,0.83,2.8,2.0,0.26,0.0,1.07,0.51,0.22,1.0,0.0,1.0,0.0,0.0,1.0,0.0,0.0,0.0,0.0,1.0,1.0,0.0,0.0,0.0,0.0,0.0,0.0,0.27128547085568755,13.67954677611794,14.588008774332437
12145,485.76,0.98,1,0.279,0.21,-0.031,-0.395,-0.192,0.75,1.14,1.02,0.05,0.02,1.33,0.0,0.87,0.7,0.0,4.1,1.83,0.06,0.0,0.88,0.51,0.18,1.0,0.0,1.0,0.0,0.0,1.0,0.0,0.0,0.0,0.0,1.0,1.0,0.0,0.0,0.0,0.0,0.0,0.0,0.3054225915881694,14.042791745233526,12.472369462135084
12146,485.8,0.98,1,0.308,0.195,-0.033,-0.43,-0.208,0.9,0.96,0.98,0.16,0.07,1.33,0.0,0.5,0.63,0.0,4.79,1.85,0.13,0.0,0.99,0.15,0.06,1.0,0.0,1.0,0.0,0.0,1.0,0.0,0.0,0.0,0.0,1.0,1.0,0.0,0.0,0.0,0.0,0.0,0.0,0.33838624729334243,13.571293232407847,12.143310915891094
12147,485.84,0.98,1,0.325,0.184,-0.041,-0.445,-0.217,0.83,0.57,0.96,0.16,0.1,1.35,0.0,0.13,0.5,0.0,5.0,1.56,0.13,0.0,1.01,0.0,0.0,1.0,0.0,1.0,0.0,0.0,1.0,0.0,0.0,0.0,0.0,1.0,0.0,0.0,0.0,0.0,0.0,1.0,0.0,0.38050358772694914,12.80820049811851,11.458621208505024
12148,485.88,0.98,1,0.325,0.183,-0.041,-0.458,-0.224,0.94,0.6,0.85,0.11,0.13,1.12,0.0,0.17,0.59,0.0,5.0,1.75,0.13,0.0,1.16,0.0,0.0,1.0,0.0,1.0,0.0,0.0,1.0,0.0,0.0,0.0,0.0,1.0,0.0,0.0,0.0,0.0,0.0,1.0,0.0,0.39162203069813784,11.629703349613099,10.978615577567087
12149,485.92,0.98,1,0.335,0.18,-0.048,-0.458,-0.23,1.16,0.58,0.86,0.0,0.08,1.2,0.0,0.1,0.57,0.0,5.0,1.74,0.08,0.1,0.98,0.0,0.0,1.0,0.0,1.0,0.0,0.0,1.0,0.0,0.0,0.0,0.0,1.0,0.0,0.0,0.0,0.0,0.0,1.0,0.0,0.39011678979750897,11.161093136427178,11.260550608207511
12150,485.96,0.98,1,0.331,0.175,-0.044,-0.445,-0.232,1.43,0.81,0.88,0.04,0.07,1.11,0.0,0.14,0.62,0.0,5.0,1.83,0.08,0.1,0.99,0.0,0.0,1.0,0.0,1.0,0.0,0.0,1.0,0.0,0.0,0.0,0.0,1.0,0.0,0.0,0.0,0.0,0.0,1.0,0.0,0.40247679883507337,10.890821823902826,11.194641575325145
12151,486.0,0.98,1,0.306,0.161,-0.046,-0.468,-0.233,1.37,0.95,0.91,0.05,0.03,1.07,0.0,0.48,0.67,0.0,4.88,1.66,0.08,0.1,1.2,0.3,0.0,1.0,0.0,1.0,0.0,0.0,1.0,0.0,0.0,0.0,0.0,1.0,0.0,0.0,0.0,0.0,0.0,1.0,0.0,0.4092708949306191,13.480726983364027,11.260550608207511
12152,486.04,0.98,1,0.308,0.166,-0.044,-0.472,-0.228,1.27,1.18,1.04,0.12,0.03,0.77,0.0,1.02,0.77,0.0,4.31,1.6,0.0,0.0,1.67,0.42,0.0,1.0,0.0,1.0,0.0,0.0,1.0,0.0,0.0,1.0,0.0,1.0,0.0,0.0,0.0,0.0,0.0,1.0,0.0,0.42270773572880255,12.159769734661785,11.704699910719626
12153,486.08,0.98,1,0.316,0.173,-0.036,-0.474,-0.234,1.18,1.38,1.12,0.18,0.0,0.44,0.0,1.45,0.83,0.0,3.69,1.68,0.0,0.0,1.87,0.74,0.0,1.0,0.0,1.0,0.0,0.0,1.0,0.0,0.0,1.0,0.0,1.0,0.0,0.0,0.0,1.0,0.0,1.0,0.0,0.40460709881297263,12.734598540982848,11.543396380615052
12154,486.12,0.98,1,0.308,0.172,-0.036,-0.467,-0.231,1.3,1.53,1.17,0.17,0.0,0.17,0.0,1.36,0.79,0.0,3.1,1.5,0.0,0.0,1.84,0.77,0.0,1.0,0.0,1.0,0.0,0.0,1.0,0.0,0.0,1.0,0.0,1.0,0.0,0.0,0.0,1.0,0.0,1.0,0.0,0.4101562951231489,12.734598540982626,11.576700738984393
12155,486.16,0.98,1,0.302,0.176,-0.035,-0.458,-0.231,1.4,1.55,1.16,0.1,0.0,0.3,0.0,1.27,0.81,0.0,2.76,1.44,0.0,0.0,1.89,1.01,0.0,1.0,0.0,1.0,0.0,0.0,1.0,0.0,0.0,1.0,0.0,1.0,0.0,0.0,0.0,1.0,0.0,1.0,0.0,0.3974451313088833,13.124404748406638,12.055289295574719
12156,486.2,0.98,1,0.294,0.174,-0.034,-0.456,-0.236,1.51,1.61,1.11,0.12,0.0,0.55,0.0,1.28,0.86,0.0,2.25,1.44,0.0,0.0,2.05,1.35,0.0,1.0,0.0,1.0,0.0,0.0,1.0,0.0,0.0,1.0,0.0,1.0,0.0,0.0,0.0,1.0,0.0,1.0,0.0,0.40209818776059914,13.731715115017364,11.86802426691142
12157,486.24,0.98,1,0.307,0.176,-0.03,-0.458,-0.239,1.58,1.57,1.11,0.16,0.0,0.91,0.0,1.53,0.93,0.0,1.81,1.65,0.0,0.0,2.12,1.62,0.0,1.0,0.0,1.0,0.0,0.0,1.0,0.0,0.0,1.0,0.0,1.0,0.0,0.0,0.0,1.0,0.0,1.0,0.0,0.38364458129714035,14.024621207005957,11.607756027760102
12158,486.28,0.98,1,0.291,0.178,-0.037,-0.453,-0.235,1.45,1.46,1.12,0.45,0.0,1.0,0.0,1.65,0.96,0.0,1.55,1.71,0.0,0.0,2.31,1.88,0.0,1.0,0.0,1.0,0.0,0.0,1.0,0.0,0.0,1.0,0.0,1.0,0.0,0.0,0.0,1.0,0.0,1.0,0.0,0.39079176495262036,13.710215169719339,11.401754250991482
12159,486.32,0.98,1,0.293,0.177,-0.033,-0.457,-0.235,1.35,1.3,1.09,0.4,0.0,0.94,0.0,1.69,0.9,0.0,1.67,1.65,0.0,0.0,2.29,1.76,0.0,1.0,0.0,1.0,0.0,0.0,1.0,0.0,0.0,1.0,0.0,1.0,0.0,0.0,0.0,1.0,0.0,1.0,0.0,0.3888395334237408,13.851353724455953,11.308846094982476
12160,486.36,0.98,1,0.299,0.174,-0.031,-0.454,-0.234,1.18,1.33,1.07,0.44,0.0,0.75,0.0,1.49,0.82,0.0,1.63,1.53,0.0,0.0,2.33,1.64,0.0,1.0,0.0,1.0,0.0,0.0,1.0,0.0,0.0,1.0,0.0,1.0,0.0,0.0,0.0,1.0,0.0,1.0,0.0,0.39711766863217474,13.410443691392125,11.308846094982433
12161,486.4,0.98,1,0.294,0.185,-0.032,-0.452,-0.229,1.18,1.52,0.98,0.28,0.0,0.68,0.0,1.41,0.77,0.0,1.75,1.49,0.0,0.0,2.33,1.56,0.0,1.0,0.0,1.0,0.0,0.0,1.0,0.0,0.0,1.0,0.0,1.0,0.0,0.0,0.0,1.0,0.0,1.0,0.0,0.39655355134409315,13.514806694881027,11.384638773364738
12162,486.44,0.98,1,0.29,0.19,-0.03,-0.458,-0.229,1.17,1.61,1.12,0.35,0.0,0.64,0.0,1.32,0.74,0.0,1.65,1.4,0.0,0.0,2.35,1.55,0.0,1.0,0.0,1.0,0.0,0.0,1.0,0.0,0.0,1.0,0.0,1.0,0.0,0.0,0.0,1.0,0.0,1.0,0.0,0.3926851126612841,13.417153200287961,11.384638773364738
12163,486.48,0.98,1,0.297,0.186,-0.029,-0.45,-0.227,1.1,1.71,1.11,0.48,0.0,0.69,0.0,1.33,0.76,0.0,1.69,1.43,0.0,0.0,2.36,1.56,0.0,1.0,0.0,1.0,0.0,0.0,1.0,0.0,0.0,1.0,0.0,1.0,0.0,0.0,0.0,1.0,0.0,1.0,0.0,0.3938618511814044,13.170041761513096,11.531695452100768
12164,486.52,0.98,1,0.304,0.179,-0.027,-0.456,-0.224,0.98,1.59,1.09,0.45,0.0,0.69,0.0,1.36,0.79,0.0,1.64,1.51,0.0,0.0,2.26,1.71,0.0,1.0,0.0,1.0,0.0,0.0,1.0,0.0,0.0,1.0,0.0,1.0,0.0,0.0,0.0,1.0,0.0,1.0,0.0,0.403587644076098,13.077079184588714,11.178998166204222
12165,486.56,0.98,1,0.305,0.179,-0.028,-0.454,-0.221,1.08,1.65,0.97,0.32,0.0,0.78,0.0,1.3,0.78,0.0,1.44,1.46,0.0,0.0,2.2,1.81,0.0,1.0,0.0,1.0,0.0,0.0,1.0,0.0,0.0,1.0,0.0,1.0,0.0,0.0,0.0,1.0,0.0,1.0,0.0,0.4091324463923242,12.98075498574717,11.569356075426183
12166,486.6,0.98,1,0.296,0.174,-0.021,-0.444,-0.217,1.07,1.46,0.88,0.14,0.0,0.81,0.0,1.3,0.79,0.0,1.47,1.46,0.0,0.0,2.18,2.01,0.0,1.0,0.0,1.0,0.0,0.0,1.0,0.0,0.0,1.0,0.0,1.0,0.0,0.0,0.0,1.0,0.0,1.0,0.0,0.4084197274091716,12.998846102635515,11.253888216967614
12167,486.64,0.98,1,0.286,0.177,-0.025,-0.452,-0.218,1.17,1.37,0.82,0.12,0.0,0.62,0.0,1.2,0.77,0.0,1.34,1.34,0.0,0.0,2.3,1.97,0.0,1.0,0.0,1.0,0.0,0.0,1.0,0.0,0.0,1.0,0.0,1.0,0.0,0.0,0.0,1.0,0.0,1.0,0.0,0.40181058814312737,13.104197800704851,11.236102527122116
12168,486.68,0.98,1,0.286,0.192,-0.016,-0.44,-0.22,1.15,1.39,0.82,0.17,0.0,0.7,0.0,1.22,0.79,0.0,1.65,1.57,0.0,0.0,2.46,1.91,0.0,1.0,0.0,1.0,0.0,0.0,1.0,0.0,0.0,1.0,0.0,1.0,0.0,0.0,0.0,1.0,0.0,1.0,0.0,0.37475276644746847,12.78162743941462,10.978615577567087
12169,486.72,0.98,1,0.295,0.179,-0.011,-0.454,-0.221,1.3,1.45,0.77,0.3,0.0,0.48,0.0,1.26,0.8,0.0,1.53,1.54,0.0,0.0,2.6,1.87,0.0,1.0,0.0,1.0,0.0,0.0,1.0,0.0,0.0,1.0,0.0,1.0,0.0,0.0,0.0,1.0,0.0,1.0,0.0,0.429524498365478,13.32403842684337,11.482595525402772
12170,486.76,0.98,1,0.256,0.169,-0.009,-0.436,-0.218,1.58,2.04,1.09,0.4,0.0,0.73,0.0,1.32,0.84,0.0,1.63,1.57,0.0,0.0,2.66,1.82,0.0,1.0,0.0,1.0,0.0,0.0,1.0,0.0,0.0,1.0,0.0,1.0,0.0,0.0,0.0,1.0,0.0,1.0,0.0,0.4256721901689211,12.653062870309217,12.39677377384933
12171,486.8,0.98,1,0.236,0.236,-0.017,-0.442,-0.216,1.93,2.52,1.07,0.44,0.0,0.71,0.0,1.39,0.91,0.0,1.44,1.41,0.0,0.0,2.79,1.91,0.0,1.0,0.0,1.0,0.0,0.0,1.0,0.0,0.0,1.0,0.0,1.0,0.0,0.0,0.0,1.0,0.0,1.0,0.0,0.38484419356888605,9.42019108086473,13.656134152826532
12172,486.84,0.98,1,0.236,0.233,-0.006,-0.441,-0.214,2.16,3.01,1.18,0.28,0.0,0.88,0.0,1.37,0.93,0.0,1.89,1.28,0.0,0.0,2.85,1.67,0.0,1.0,0.0,1.0,0.0,0.0,1.0,0.0,0.0,1.0,0.0,1.0,0.0,0.0,0.0,1.0,0.0,1.0,0.0,0.3599488791391602,10.756393447619933,13.170041761513096
12173,486.88,0.98,1,0.261,0.254,-0.013,-0.456,-0.207,2.08,2.83,1.09,0.11,0.0,0.83,0.0,1.24,0.91,0.0,2.15,1.23,0.0,0.0,2.91,1.65,0.0,1.0,0.0,1.0,0.0,0.0,1.0,0.0,0.0,1.0,0.0,1.0,0.0,0.0,0.0,1.0,0.0,1.0,0.0,0.35683075722853813,10.480935072788206,13.315404612703365
12174,486.92,0.98,1,0.249,0.235,-0.018,-0.438,-0.202,1.75,2.36,1.17,0.07,0.0,0.85,0.0,1.03,0.85,0.0,2.42,1.22,0.0,0.0,2.75,1.53,0.0,1.0,0.0,1.0,0.0,0.0,1.0,0.0,0.0,1.0,0.0,1.0,0.0,0.0,0.0,1.0,0.0,1.0,0.0,0.3684832216996013,9.91816515288979,13.971399357258527
12175,486.96,0.98,1,0.252,0.196,-0.026,-0.456,-0.196,1.41,2.01,1.15,0.13,0.0,0.77,0.0,0.91,0.85,0.0,2.41,1.16,0.0,0.0,2.65,1.79,0.0,1.0,0.0,1.0,0.0,0.0,1.0,0.0,0.0,1.0,0.0,1.0,0.0,0.0,0.0,1.0,0.0,1.0,0.0,0.42217990615420686,7.5709972922991735,13.392908571329704
12176,487.0,0.98,1,0.274,0.207,-0.008,-0.45,-0.193,1.05,1.69,0.94,0.2,0.0,0.61,0.0,0.98,0.83,0.0,2.31,1.13,0.0,0.0,2.54,1.88,0.0,1.0,0.0,1.0,0.0,0.0,1.0,0.0,0.0,1.0,0.0,1.0,0.0,0.0,0.0,1.0,0.0,1.0,0.0,0.4381152440162357,6.573431371818007,10.941663493272022
12177,487.04,0.98,1,0.277,0.213,-0.011,-0.465,-0.192,0.78,1.69,0.77,0.4,0.0,0.49,0.0,1.03,0.83,0.0,2.24,1.12,0.0,0.0,2.64,1.98,0.03,1.0,0.0,1.0,0.0,0.0,1.0,0.0,0.0,1.0,0.0,1.0,0.0,0.0,0.0,1.0,0.0,1.0,0.0,0.420529073505848,7.156814934033295,11.992080720208643
12178,487.08,0.98,1,0.256,0.226,-0.007,-0.472,-0.189,0.69,1.58,0.73,0.53,0.0,0.41,0.0,1.04,0.85,0.0,2.45,1.35,0.0,0.0,2.62,1.7,0.03,1.0,0.0,1.0,0.0,0.0,1.0,0.0,0.0,1.0,0.0,1.0,0.0,0.0,0.0,1.0,0.0,1.0,0.0,0.35333023747164694,8.343260753446593,11.73413822996819
12179,487.12,0.98,1,0.249,0.221,0.001,-0.458,-0.186,0.86,1.77,0.8,0.54,0.0,0.43,0.0,0.97,0.9,0.0,2.66,1.41,0.0,0.0,2.57,1.45,0.03,1.0,0.0,1.0,0.0,0.0,1.0,0.0,0.0,1.0,0.0,1.0,0.0,0.0,0.0,1.0,0.0,1.0,0.0,0.3641282151546672,8.472307831990006,11.700427342623147
12180,487.16,0.98,1,0.245,0.213,-0.002,-0.449,-0.186,1.04,1.86,0.87,0.52,0.0,0.43,0.0,1.09,0.91,0.0,2.67,1.39,0.0,0.0,2.57,1.39,0.0,1.0,0.0,1.0,0.0,0.0,1.0,0.0,0.0,1.0,0.0,1.0,0.0,0.0,0.0,1.0,0.0,1.0,0.0,0.3584867243141673,8.845903006477105,11.60560209553991
12181,487.2,0.98,1,0.273,0.223,0.011,-0.446,-0.187,1.11,1.95,0.93,0.45,0.0,0.68,0.0,1.2,0.86,0.0,2.09,1.31,0.0,0.0,2.69,1.66,0.0,1.0,0.0,1.0,0.0,0.0,1.0,0.0,0.0,1.0,0.0,1.0,0.0,0.0,0.0,1.0,0.0,1.0,0.0,0.37180685553348614,12.709838708654019,11.510864433221402
12182,487.24,0.98,1,0.233,0.214,0.003,-0.439,-0.185,1.01,1.75,0.87,0.36,0.0,0.65,0.0,1.33,0.84,0.0,1.65,1.24,0.0,0.0,2.82,1.84,0.0,1.0,0.0,1.0,0.0,0.0,1.0,0.0,0.0,1.0,0.0,1.0,0.0,0.0,0.0,1.0,0.0,1.0,0.0,0.3671107321872174,8.786353054595432,11.388590782006384
12183,487.28,0.98,1,0.26,0.21,0.003,-0.44,-0.185,0.98,1.62,0.99,0.26,0.0,0.54,0.0,1.24,0.82,0.0,1.4,1.26,0.0,0.0,2.82,1.92,0.0,1.0,0.0,1.0,0.0,0.0,1.0,0.0,0.0,1.0,0.0,1.0,0.0,0.0,0.0,1.0,0.0,1.0,0.0,0.3907334729096531,12.347064428438081,11.329607230614753
12184,487.32,0.98,1,0.263,0.213,0.006,-0.434,-0.187,0.95,1.52,1.07,0.15,0.0,0.41,0.0,1.24,0.83,0.0,1.22,1.27,0.0,0.0,2.67,1.95,0.0,1.0,0.0,1.0,0.0,0.0,1.0,0.0,0.0,1.0,0.0,1.0,0.0,0.0,0.0,1.0,0.0,1.0,0.0,0.3738261125353172,14.024621207005957,11.798728745080886
12185,487.36,0.98,1,0.281,0.206,0.004,-0.434,-0.179,0.99,1.53,1.23,0.24,0.0,0.39,0.0,1.28,0.86,0.0,1.0,1.33,0.0,0.0,2.68,2.02,0.0,1.0,0.0,1.0,0.0,0.0,1.0,0.0,0.0,1.0,0.0,1.0,0.0,0.0,0.0,1.0,0.0,1.0,0.0,0.3887490768884734,14.091841611371976,11.5520560940466
12186,487.4,0.98,1,0.271,0.208,0.011,-0.436,-0.18,0.93,1.44,1.23,0.15,0.0,0.4,0.0,1.28,0.81,0.0,1.25,1.32,0.0,0.0,2.52,1.98,0.0,1.0,0.0,1.0,0.0,0.0,1.0,0.0,0.0,1.0,0.0,1.0,0.0,0.0,0.0,1.0,0.0,1.0,0.0,0.38400879528046206,13.82931668593933,11.458621208505024
12187,487.44,0.98,1,0.28,0.2,0.017,-0.444,-0.179,0.98,1.51,1.17,0.37,0.0,0.31,0.0,1.25,0.8,0.0,1.7,1.42,0.0,0.0,2.5,1.97,0.0,1.0,0.0,1.0,0.0,0.0,1.0,0.0,0.0,1.0,0.0,1.0,0.0,0.0,0.0,1.0,0.0,1.0,0.0,0.4013172585280159,13.824615727028462,11.321660655575243
12188,487.48,0.98,1,0.284,0.209,0.013,-0.431,-0.176,0.99,1.45,1.15,0.28,0.0,0.34,0.0,1.2,0.8,0.0,1.86,1.46,0.0,0.0,2.54,1.88,0.0,1.0,0.0,1.0,0.0,0.0,1.0,0.0,0.0,1.0,0.0,1.0,0.0,0.0,0.0,1.0,0.0,1.0,0.0,0.37743526356753543,13.46291201783626,12.05528929557497
12189,487.52,0.98,1,0.293,0.19,0.017,-0.443,-0.176,1.06,1.49,1.11,0.31,0.0,0.39,0.0,1.36,0.89,0.0,1.68,1.51,0.0,0.0,2.72,1.78,0.0,1.0,0.0,1.0,0.0,0.0,1.0,0.0,0.0,1.0,0.0,1.0,0.0,0.0,0.0,1.0,0.0,1.0,0.0,0.4140258344152793,13.630847369111043,11.892854997854847
12190,487.56,0.98,1,0.246,0.21,0.014,-0.449,-0.171,1.02,1.48,1.1,0.15,0.0,0.41,0.0,1.38,0.96,0.0,1.4,1.49,0.0,0.0,2.84,1.63,0.0,1.0,0.0,1.0,0.0,0.0,1.0,0.0,0.0,1.0,0.0,1.0,0.0,0.0,0.0,1.0,0.0,1.0,0.0,0.39134245503548026,9.716480844421124,11.27208942476949
12191,487.6,0.98,1,0.251,0.196,0.022,-0.456,-0.172,0.96,1.51,1.08,0.17,0.0,0.52,0.0,1.27,1.0,0.0,1.49,1.5,0.0,0.0,2.85,1.67,0.0,1.0,0.0,1.0,0.0,0.0,1.0,0.0,0.0,1.0,0.0,1.0,0.0,0.0,0.0,1.0,0.0,1.0,0.0,0.43609055579274175,9.984988733093392,11.494781424629195
12192,487.64,0.98,1,0.292,0.217,0.019,-0.46,-0.17,0.81,1.43,1.1,0.23,0.0,0.64,0.0,0.96,1.08,0.0,1.75,1.41,0.0,0.0,2.83,1.51,0.0,1.0,0.0,1.0,0.0,0.0,1.0,0.0,0.0,1.0,0.0,1.0,0.0,0.0,0.0,1.0,0.0,1.0,0.0,0.39287458079180493,13.908630414242866,11.798728745080886
12193,487.68,0.98,1,0.304,0.204,0.018,-0.456,-0.17,0.63,1.23,1.06,0.23,0.0,0.65,0.0,0.71,1.09,0.0,2.18,1.28,0.0,0.0,2.88,1.37,0.0,1.0,0.0,1.0,0.0,0.0,1.0,0.0,0.0,1.0,0.0,1.0,0.0,0.0,0.0,1.0,0.0,1.0,0.0,0.393327840834996,13.649908424601092,11.194641575325145
12194,487.72,0.98,1,0.294,0.206,0.025,-0.469,-0.168,0.56,1.13,1.03,0.43,0.0,0.64,0.0,0.73,1.12,0.0,2.99,1.22,0.0,0.0,2.8,0.99,0.0,1.0,0.0,1.0,0.0,0.0,1.0,0.0,0.0,1.0,0.0,1.0,0.0,0.0,0.0,1.0,0.0,1.0,0.0,0.4025844434735705,14.187670703818855,10.824047302187715
12195,487.76,0.98,1,0.306,0.211,0.025,-0.473,-0.165,0.55,1.16,1.05,0.5,0.0,0.85,0.0,0.9,1.11,0.0,2.84,1.3,0.0,0.0,2.85,1.23,0.0,1.0,0.0,1.0,0.0,0.0,1.0,0.0,0.0,1.0,0.0,1.0,0.0,0.0,0.0,1.0,0.0,1.0,0.0,0.3994755024276534,14.007141035914474,11.264102272262948
12196,487.8,0.98,1,0.294,0.207,0.025,-0.465,-0.162,0.74,1.49,1.11,0.54,0.0,1.02,0.0,1.16,1.11,0.0,2.38,1.33,0.0,0.0,2.92,1.52,0.0,1.0,0.0,1.0,0.0,0.0,1.0,0.0,0.0,1.0,0.0,1.0,0.0,0.0,0.0,1.0,0.0,1.0,0.0,0.40965517894354175,14.418391033676444,11.59482643250864
12197,487.84,0.98,1,0.288,0.194,0.026,-0.443,-0.159,0.74,1.55,1.03,0.55,0.0,1.32,0.0,1.27,1.11,0.0,1.57,1.42,0.0,0.0,3.02,1.81,0.0,1.0,0.0,1.0,0.0,0.0,1.0,0.0,0.0,1.0,0.0,1.0,0.0,0.0,0.0,1.0,0.0,1.0,0.0,0.42583176078516005,13.944532978913326,12.349089035228545
12198,487.88,0.98,1,0.307,0.205,0.035,-0.452,-0.159,0.84,1.78,1.08,0.61,0.03,1.19,0.0,1.26,1.15,0.0,1.59,1.35,0.0,0.0,2.99,1.85,0.0,1.0,0.0,1.0,0.0,0.0,1.0,0.0,0.0,1.0,0.0,1.0,0.0,0.0,0.0,1.0,0.0,1.0,0.0,0.41599260779537045,13.46291201783626,11.73413822996819
12199,487.92,0.98,1,0.272,0.231,0.025,-0.447,-0.155,1.14,2.23,0.99,0.63,0.08,1.3,0.0,1.18,1.2,0.0,1.98,1.28,0.0,0.0,2.95,1.58,0.03,1.0,0.0,1.0,0.0,0.0,1.0,0.0,0.0,1.0,0.0,0.0,0.0,0.0,0.0,1.0,0.0,1.0,0.0,0.38693847561005523,11.214722466472487,11.072488428533052
12200,487.96,0.98,1,0.222,0.248,0.019,-0.452,-0.161,1.45,2.89,0.95,0.4,0.23,0.97,0.0,1.01,1.24,0.05,2.2,1.11,0.0,0.0,3.12,1.53,0.05,1.0,0.0,1.0,0.0,0.0,1.0,0.0,0.0,1.0,0.0,0.0,0.0,0.0,0.0,1.0,0.0,1.0,0.0,0.3993001373409172,10.653168542738815,12.592855117089155
12201,488.0,0.98,1,0.211,0.242,0.019,-0.456,-0.158,1.52,3.16,0.91,0.14,0.25,0.98,0.0,1.0,1.22,0.05,2.87,1.2,0.0,0.0,3.09,1.22,0.15,1.0,0.0,1.0,0.0,0.0,1.0,0.0,0.0,1.0,0.0,0.0,0.0,0.0,0.0,1.0,0.0,1.0,0.0,0.336123596593554,11.122050170719564,14.220056258679238
12202,488.04,0.98,1,0.245,0.259,0.015,-0.467,-0.151,1.11,2.82,0.96,0.05,0.25,1.11,0.0,0.94,1.19,0.05,3.51,1.3,0.0,0.0,2.89,1.07,0.12,1.0,0.0,1.0,0.0,0.0,1.0,0.0,0.0,1.0,0.0,0.0,0.0,0.0,0.0,1.0,0.0,1.0,0.0,0.4118593121941979,9.575489543621261,11.790250209389116
12203,488.08,0.98,1,0.246,0.241,0.022,-0.457,-0.154,0.73,2.35,1.02,0.14,0.13,1.2,0.0,0.81,1.12,0.0,3.88,1.49,0.0,0.0,2.54,1.06,0.11,1.0,0.0,1.0,0.0,0.0,1.0,0.0,0.0,1.0,0.0,0.0,0.0,0.0,0.0,1.0,0.0,1.0,0.0,0.3584862026992752,7.061161377563981,12.747548783981962
12204,488.12,0.98,1,0.245,0.222,0.017,-0.465,-0.153,0.58,2.02,0.88,0.14,0.1,1.07,0.0,0.86,1.13,0.0,3.42,1.5,0.0,0.0,2.4,1.16,0.01,1.0,0.0,1.0,0.0,0.0,1.0,0.0,0.0,1.0,0.0,0.0,0.0,0.0,0.0,1.0,0.0,1.0,0.0,0.36164911423103047,7.040596565632658,10.988175462741578
12205,488.16,0.98,1,0.289,0.226,0.018,-0.46,-0.151,0.47,1.81,0.89,0.16,0.06,0.79,0.0,1.0,1.13,0.0,2.39,1.61,0.0,0.0,2.6,1.54,0.01,1.0,0.0,1.0,0.0,0.0,1.0,0.0,0.0,1.0,0.0,0.0,0.0,0.0,0.0,1.0,0.0,1.0,0.0,0.3365174515406227,8.060397012554503,10.793516572461451
12206,488.2,0.98,1,0.24,0.219,0.019,-0.467,-0.152,0.47,1.75,0.94,0.15,0.02,0.72,0.0,1.25,1.19,0.0,2.28,1.64,0.0,0.0,2.67,1.54,0.0,1.0,0.0,1.0,0.0,0.0,1.0,0.0,0.0,1.0,0.0,1.0,0.0,0.0,0.0,1.0,0.0,1.0,0.0,0.3495316569618683,8.2873397420403,11.692732785794867
12207,488.24,0.98,1,0.243,0.209,0.018,-0.471,-0.149,0.41,1.82,1.07,0.32,0.04,0.8,0.0,1.14,1.19,0.0,2.26,1.66,0.0,0.0,2.92,1.69,0.0,1.0,0.0,1.0,0.0,0.0,1.0,0.0,0.0,1.0,0.0,1.0,0.0,0.0,0.0,1.0,0.0,1.0,0.0,0.3871868340473752,8.354639429682218,11.715374513859858
12208,488.28,0.98,1,0.239,0.214,0.018,-0.471,-0.146,0.46,2.02,1.28,0.55,0.04,0.59,0.0,1.2,1.2,0.0,2.5,1.76,0.0,0.0,2.94,1.63,0.0,1.0,0.0,1.0,0.0,0.0,1.0,0.0,0.0,1.0,0.0,1.0,0.0,0.0,0.0,1.0,0.0,1.0,0.0,0.3549293410087334,8.220097323024962,11.03539759138748
12209,488.32,0.98,1,0.25,0.217,0.02,-0.485,-0.147,0.49,2.13,1.38,0.63,0.03,0.52,0.0,1.23,1.18,0.0,2.49,1.8,0.0,0.0,3.11,1.68,0.0,1.0,0.0,1.0,0.0,0.0,1.0,0.0,0.0,1.0,0.0,1.0,0.0,0.0,0.0,1.0,0.0,1.0,0.0,0.38807954693738556,7.990619500389288,11.01135777277267
12210,488.36,0.98,1,0.251,0.211,0.022,-0.475,-0.145,0.36,2.0,1.54,0.52,0.0,0.41,0.0,1.23,1.08,0.0,2.27,1.81,0.0,0.0,3.12,1.69,0.0,1.0,0.0,1.0,0.0,0.0,1.0,0.0,0.0,1.0,0.0,1.0,0.0,0.0,0.0,1.0,0.0,1.0,0.0,0.3911901426635731,9.343446901438416,11.498260738041992
12211,488.4,0.98,1,0.254,0.21,0.009,-0.493,-0.14,0.39,1.77,1.59,0.25,0.0,0.52,0.0,1.02,0.93,0.0,2.44,1.72,0.0,0.0,2.99,1.83,0.0,1.0,0.0,1.0,0.0,0.0,1.0,0.0,0.0,1.0,0.0,1.0,0.0,0.0,0.0,1.0,0.0,1.0,0.0,0.4018069997128747,8.796590248499738,11.513470371699396
12212,488.44,0.98,1,0.251,0.226,0.015,-0.477,-0.138,0.53,1.84,1.64,0.17,0.0,0.52,0.0,0.75,0.75,0.0,2.35,1.77,0.0,0.0,2.85,2.13,0.0,1.0,0.0,1.0,0.0,0.0,1.0,0.0,0.0,0.0,0.0,1.0,0.0,0.0,0.0,1.0,1.0,1.0,0.0,0.3926522985515289,9.343446901438641,12.206555615733638
12213,488.48,0.98,1,0.27,0.241,0.013,-0.488,-0.135,0.82,2.16,1.61,0.28,0.0,0.53,0.0,0.63,0.64,0.0,2.67,2.0,0.0,0.0,2.6,2.39,0.0,1.0,0.0,1.0,0.0,0.0,1.0,0.0,0.0,0.0,0.0,1.0,0.0,0.0,0.0,1.0,1.0,1.0,0.0,0.3901134611458068,8.221921916437834,10.9562767398417
12214,488.52,0.98,1,0.256,0.226,0.004,-0.507,-0.135,1.06,2.38,1.52,0.65,0.0,0.75,0.0,0.62,0.6,0.0,2.44,2.23,0.0,0.0,2.48,2.51,0.06,1.0,0.0,1.0,0.0,0.0,1.0,0.0,0.0,0.0,0.0,0.0,1.0,0.0,0.0,1.0,1.0,1.0,0.0,0.3963922679950589,8.920201791439332,10.288342918079596
12215,488.56,0.98,1,0.253,0.207,0.013,-0.478,-0.14,1.49,2.82,1.52,0.9,0.0,1.01,0.0,0.56,0.5,0.0,1.83,2.34,0.0,0.0,2.44,2.64,0.31,1.0,1.0,1.0,0.0,0.0,1.0,0.0,0.0,0.0,0.0,0.0,1.0,0.0,0.0,1.0,1.0,1.0,0.0,0.4380983684382097,10.140019723846828,10.900458705944578
12216,488.6,0.98,1,0.23,0.256,0.008,-0.473,-0.141,1.93,3.29,1.47,0.77,0.08,1.15,0.0,0.58,0.55,0.0,1.09,2.13,0.06,0.0,2.43,2.74,0.68,1.0,1.0,1.0,0.0,0.0,1.0,0.0,0.0,0.0,0.0,0.0,1.0,0.0,0.0,1.0,1.0,1.0,0.0,0.33100961130804823,9.305912099305514,12.111564721372696
12217,488.64,0.98,1,0.254,0.303,0.018,-0.442,-0.151,2.28,4.0,1.32,0.37,0.08,0.8,0.0,0.34,0.58,0.0,0.62,1.79,0.21,0.0,2.23,2.68,1.02,1.0,1.0,1.0,0.0,0.0,1.0,0.0,0.0,0.0,0.0,0.0,1.0,0.0,0.0,1.0,1.0,1.0,0.0,0.2829500173162345,13.101526628603382,13.612494260788456
12218,488.68,0.98,1,0.249,0.31,0.007,-0.382,-0.15,2.03,4.14,1.1,0.15,0.08,0.54,0.0,0.42,0.83,0.0,0.34,1.47,0.4,0.0,2.06,2.48,1.15,1.0,1.0,1.0,0.0,0.0,1.0,0.0,0.0,0.0,0.0,0.0,0.0,0.0,0.0,1.0,1.0,1.0,0.0,0.2597677602455125,12.304470732217666,15.533190271158134
12219,488.72,0.98,1,0.213,0.311,-0.009,-0.329,-0.146,2.05,4.27,0.87,0.27,0.22,0.42,0.0,0.66,1.2,0.07,0.16,0.93,0.4,0.0,2.25,2.12,1.41,1.0,1.0,1.0,0.0,1.0,1.0,0.0,0.0,0.0,0.0,0.0,0.0,0.0,0.0,1.0,1.0,0.0,0.0,0.21139540588411104,13.761540611428702,16.868906307167546
12220,488.76,0.93,1,0.146,0.34,-0.0,-0.225,-0.148,2.14,3.96,0.75,0.39,0.58,1.12,0.0,1.09,1.82,0.22,0.0,0.49,0.25,0.0,2.49,1.57,1.77,1.0,1.0,1.0,0.0,1.0,1.0,0.0,1.0,1.0,1.0,0.0,0.0,0.0,0.0,1.0,1.0,0.0,0.0,0.1650387443231169,14.641379716406414,18.52835664596314
12221,488.8,0.98,1,0.08,0.332,0.03,-0.147,-0.135,2.57,3.71,0.46,0.28,0.98,1.73,0.0,1.4,2.33,0.59,0.0,0.03,0.06,0.0,2.61,0.91,2.12,1.0,1.0,1.0,0.0,1.0,1.0,0.0,1.0,1.0,1.0,0.0,0.0,0.0,0.0,1.0,1.0,0.0,0.0,0.1623179535585438,15.205262246998615,18.28223181124229
12222,488.84,0.98,1,0.045,0.319,0.018,-0.08,-0.114,2.68,3.16,0.21,0.12,1.13,2.42,0.0,1.54,2.61,0.76,0.0,0.0,0.0,0.0,2.51,0.43,2.05,1.0,1.0,0.0,0.0,1.0,1.0,0.0,1.0,1.0,1.0,0.0,0.0,0.0,0.0,1.0,1.0,0.0,0.0,0.1470516239268666,17.02380685980665,16.200308639035164
12223,488.88,0.98,1,0.007,0.315,0.019,-0.029,-0.101,2.84,2.79,0.02,0.0,1.1,2.67,0.0,1.68,2.58,0.95,0.0,0.0,0.0,0.0,2.45,0.16,1.71,1.0,1.0,0.0,0.0,1.0,1.0,0.0,1.0,1.0,1.0,0.0,0.0,0.0,0.0,1.0,1.0,0.0,0.0,0.15225652325022743,18.333030300525834,16.750522379914056
12224,488.92,0.98,1,-0.02,0.315,0.018,0.001,-0.077,3.07,2.71,0.0,0.0,1.03,2.88,0.0,1.71,2.53,0.82,0.0,0.0,0.0,0.0,2.4,0.17,1.4,1.0,1.0,0.0,0.0,1.0,1.0,0.0,1.0,1.0,1.0,0.0,0.0,0.0,0.0,1.0,1.0,0.0,0.0,0.15263544048503008,18.852055590836724,17.31415605797748
12225,488.96,0.98,1,-0.04,0.301,-0.004,0.001,-0.039,3.22,2.59,0.0,0.0,0.95,2.83,0.01,1.65,2.28,0.66,0.0,0.0,0.0,0.0,2.32,0.52,0.93,1.0,1.0,0.0,0.0,1.0,1.0,0.0,1.0,1.0,1.0,0.0,0.0,0.0,0.0,1.0,1.0,0.0,0.0,0.17020071577044305,19.059118552545918,18.009997223764362
12226,489.0,0.98,1,-0.035,0.286,-0.013,-0.001,-0.023,3.42,2.56,0.0,0.0,0.87,2.74,0.01,1.55,2.04,0.38,0.09,0.0,0.0,0.0,2.35,1.11,0.62,1.0,1.0,0.0,0.0,1.0,1.0,0.0,1.0,1.0,1.0,1.0,0.0,0.0,0.0,1.0,1.0,0.0,0.0,0.16442097662520758,19.36620768245549,19.3093241725338
12227,489.04,0.98,1,-0.034,0.292,-0.001,-0.0,-0.019,3.53,2.35,0.0,0.0,0.76,2.59,0.01,1.45,1.69,0.23,0.09,0.0,0.0,0.0,2.26,1.87,0.2,1.0,1.0,0.0,0.0,1.0,1.0,0.0,1.0,1.0,1.0,1.0,0.0,0.0,0.0,1.0,1.0,0.0,0.0,0.16734055439052636,19.65731416038329,19.901004999747993
12228,489.08,0.98,1,-0.033,0.294,0.004,0.004,-0.021,3.66,2.27,0.0,0.0,0.67,2.6,0.0,1.44,1.57,0.19,0.09,0.0,0.0,0.0,2.07,2.17,0.22,1.0,1.0,0.0,0.0,1.0,1.0,0.0,1.0,1.0,1.0,1.0,0.0,0.0,0.0,1.0,1.0,0.0,0.0,0.17105224710658656,19.47434209415054,20.399999999999864
12229,489.12,0.98,1,-0.043,0.292,-0.001,0.006,-0.023,3.67,2.17,0.0,0.0,0.63,2.52,0.0,1.46,1.43,0.32,0.03,0.0,0.03,0.0,1.81,2.36,0.32,1.0,1.0,0.0,0.0,1.0,1.0,0.0,1.0,1.0,1.0,1.0,0.0,0.0,0.0,1.0,1.0,0.0,0.0,0.17539056674297634,19.749683541768505,20.802163349036515
12230,489.16,0.98,1,-0.036,0.291,-0.009,0.008,-0.024,3.61,2.09,0.0,0.0,0.63,2.59,0.0,1.54,1.38,0.48,0.12,0.1,0.1,0.0,1.65,2.26,0.56,1.0,1.0,0.0,0.0,1.0,1.0,0.0,1.0,1.0,1.0,1.0,0.0,0.0,0.0,1.0,1.0,0.0,0.0,0.1682398008277787,19.972481067708998,20.90095691589272
12231,489.2,0.98,1,-0.035,0.297,-0.01,0.008,-0.024,3.62,2.14,0.0,0.0,0.64,2.43,0.0,1.6,1.39,0.68,0.17,0.14,0.15,0.0,1.57,2.18,0.78,1.0,1.0,0.0,0.0,1.0,1.0,0.0,1.0,1.0,1.0,1.0,0.0,0.0,0.0,1.0,1.0,0.0,0.0,0.16318919434697676,19.067249408344143,19.50922858546693
12232,489.24,0.98,1,-0.012,0.302,-0.016,-0.016,-0.022,3.47,2.18,0.0,0.0,0.64,1.99,0.0,1.69,1.56,0.73,0.17,0.24,0.12,0.0,1.71,1.81,1.11,1.0,1.0,0.0,0.0,1.0,1.0,0.0,1.0,1.0,1.0,1.0,0.0,0.0,0.0,1.0,1.0,0.0,0.0,0.1804183342824224,17.456230979223523,18.309833423600505
12233,489.28,0.98,1,-0.014,0.375,0.007,-0.06,-0.022,3.24,2.34,0.0,0.0,0.61,1.5,0.0,1.86,1.85,0.88,0.08,0.19,0.06,0.0,1.88,1.26,1.5,1.0,1.0,0.0,0.0,1.0,1.0,0.0,1.0,1.0,1.0,1.0,0.0,0.0,0.0,1.0,1.0,0.0,1.0,0.16093887132346785,15.231874474272603,20.319940944796027
12234,489.32,0.98,1,0.005,0.408,0.045,-0.098,-0.026,3.0,2.48,0.0,0.0,0.58,1.24,0.0,1.93,2.12,1.2,0.04,0.35,0.0,0.0,1.88,0.61,1.84,1.0,1.0,0.0,0.0,1.0,1.0,0.0,1.0,1.0,1.0,0.0,0.0,0.0,0.0,1.0,1.0,0.0,1.0,0.1507670616119871,15.206906325745454,18.626862323000218
12235,489.36,0.98,1,0.07,0.41,0.06,-0.131,-0.035,2.78,2.64,0.0,0.0,0.44,1.23,0.0,2.05,2.26,1.45,0.08,0.63,0.0,0.0,1.71,0.2,2.01,1.0,1.0,0.0,0.0,1.0,1.0,0.0,1.0,1.0,1.0,0.0,0.0,0.0,0.0,1.0,0.0,0.0,1.0,0.15738842562563155,16.360012224934486,17.528548142958105
12236,489.4,0.98,1,0.086,0.385,0.068,-0.171,-0.044,2.69,2.69,0.0,0.0,0.24,1.28,0.0,2.06,2.2,1.49,0.25,1.13,0.0,0.0,1.46,0.0,1.65,1.0,1.0,0.0,0.0,0.0,1.0,0.0,1.0,1.0,1.0,0.0,1.0,0.0,0.0,1.0,0.0,0.0,1.0,0.164475311620298,16.758579892103082,16.269296235547543
12237,489.44,0.98,1,0.117,0.38,0.085,-0.201,-0.048,2.52,2.5,0.0,0.0,0.06,1.52,0.0,2.06,1.99,1.06,0.45,1.51,0.0,0.0,1.25,0.0,1.11,1.0,1.0,0.0,0.0,0.0,1.0,0.0,1.0,1.0,1.0,0.0,1.0,0.0,0.0,1.0,0.0,0.0,1.0,0.1844619796579467,15.30522786501392,14.567086187703987
12238,489.48,0.98,1,0.182,0.331,0.082,-0.231,-0.054,2.26,2.33,0.06,0.0,0.0,1.96,0.0,1.94,1.74,0.74,0.87,1.74,0.0,0.0,1.13,0.0,0.52,1.0,1.0,0.0,0.0,0.0,1.0,0.0,1.0,1.0,1.0,1.0,1.0,0.0,0.0,1.0,0.0,0.0,1.0,0.1996998675249319,15.100000000000136,15.76863976378424
12239,489.52,0.98,1,0.171,0.293,0.063,-0.283,-0.062,1.84,2.18,0.15,0.0,0.0,2.21,0.0,1.91,1.6,0.52,1.17,1.76,0.0,0.0,0.94,0.0,0.25,1.0,1.0,1.0,0.0,0.0,1.0,0.0,1.0,1.0,1.0,1.0,1.0,0.0,0.0,1.0,0.0,0.0,0.0,0.27726599722746115,11.119802156513495,15.08144555405765
12240,489.56,0.98,1,0.221,0.264,0.06,-0.33,-0.07,1.76,2.52,0.15,0.0,0.0,2.12,0.0,1.91,1.48,0.37,1.47,1.62,0.0,0.0,1.25,0.0,0.12,1.0,1.0,1.0,0.0,0.0,1.0,0.0,1.0,1.0,0.0,1.0,1.0,0.0,0.0,1.0,0.0,0.0,0.0,0.3908708495204861,9.492101980067625,14.807092894960848
12241,489.6,0.98,1,0.169,0.29,0.078,-0.282,-0.076,1.87,2.66,0.09,0.0,0.0,1.87,0.0,1.93,1.55,0.3,1.43,1.39,0.0,0.0,1.71,0.01,0.0,1.0,1.0,1.0,0.0,0.0,1.0,0.0,1.0,1.0,0.0,1.0,0.0,0.0,0.0,1.0,0.0,0.0,0.0,0.3298838607525637,11.27918436767468,14.603081866510383
12242,489.64,0.98,1,0.213,0.29,0.073,-0.281,-0.077,1.99,2.73,0.04,0.0,0.0,1.62,0.0,1.83,1.62,0.09,1.64,0.94,0.0,0.0,2.43,0.01,0.0,1.0,1.0,1.0,0.0,0.0,1.0,0.0,1.0,1.0,0.0,1.0,0.0,0.0,0.0,1.0,0.0,0.0,0.0,0.3321555018192182,16.64602054546371,13.947401191619862
12243,489.68,0.98,1,0.215,0.283,0.087,-0.303,-0.078,1.92,2.68,0.19,0.0,0.0,1.56,0.0,1.82,1.78,0.09,1.26,0.53,0.0,0.0,2.9,0.12,0.0,1.0,1.0,1.0,0.0,0.0,1.0,0.0,1.0,1.0,0.0,1.0,0.0,0.0,0.0,1.0,0.0,0.0,0.0,0.3411693680389793,17.454512310574504,13.64001466274865
12244,489.72,0.98,1,0.221,0.291,0.098,-0.328,-0.082,1.65,2.65,0.37,0.0,0.0,1.4,0.0,1.72,1.77,0.0,1.16,0.36,0.0,0.0,3.26,0.34,0.0,1.0,1.0,1.0,0.0,0.0,1.0,0.0,1.0,1.0,0.0,1.0,0.0,0.0,0.0,1.0,0.0,0.0,0.0,0.3089195941554742,17.59318049699949,12.809761902549168
12245,489.76,0.98,1,0.245,0.294,0.09,-0.377,-0.077,1.42,2.62,0.54,0.0,0.0,1.39,0.0,1.72,1.68,0.0,0.87,0.38,0.0,0.0,3.45,0.58,0.0,1.0,1.0,1.0,0.0,0.0,1.0,0.0,1.0,1.0,0.0,1.0,0.0,0.0,0.0,1.0,1.0,0.0,0.0,0.3477344984642401,16.831518053936602,13.318032887780527
12246,489.8,0.98,1,0.26,0.281,0.066,-0.412,-0.078,1.21,2.43,0.54,0.0,0.0,1.29,0.0,1.67,1.63,0.0,0.88,0.33,0.0,0.0,3.5,0.47,0.0,1.0,1.0,1.0,0.0,0.0,1.0,0.0,1.0,1.0,0.0,0.0,0.0,0.0,0.0,1.0,1.0,0.0,0.0,0.35631434965041575,16.796725871430837,13.336416310238803
12247,489.84,0.98,1,0.274,0.267,0.059,-0.393,-0.098,1.39,2.62,0.51,0.04,0.0,1.3,0.0,1.79,1.75,0.04,0.87,0.13,0.0,0.0,3.5,0.23,0.0,1.0,1.0,1.0,0.0,0.0,1.0,0.0,1.0,1.0,0.0,0.0,0.0,0.0,0.0,1.0,1.0,0.0,0.0,0.34216411667901814,14.73397434502997,13.011533345459416
12248,489.88,0.98,1,0.254,0.282,0.072,-0.338,-0.125,1.71,2.8,0.33,0.09,0.0,1.26,0.0,1.85,1.97,0.04,0.62,0.0,0.0,0.0,3.46,0.0,0.0,1.0,1.0,1.0,0.0,0.0,1.0,0.0,1.0,1.0,0.0,0.0,0.0,0.0,0.0,1.0,1.0,0.0,0.0,0.3495460345831554,17.022925717983792,13.793114224133625
12249,489.92,0.98,1,0.255,0.288,0.061,-0.306,-0.133,1.91,2.96,0.31,0.21,0.01,1.27,0.0,1.84,2.11,0.04,0.67,0.0,0.0,0.0,3.59,0.0,0.0,1.0,1.0,1.0,0.0,0.0,1.0,0.0,1.0,1.0,0.0,0.0,0.0,0.0,0.0,1.0,1.0,0.0,0.0,0.2983410321506186,15.745793088949233,14.333875958721093
12250,489.96,0.98,1,0.264,0.28,0.042,-0.343,-0.134,1.71,2.72,0.51,0.25,0.14,1.16,0.0,1.77,2.22,0.02,0.4,0.0,0.0,0.0,3.65,0.0,0.0,1.0,1.0,1.0,0.0,0.0,1.0,0.0,1.0,1.0,1.0,0.0,0.0,0.0,0.0,1.0,0.0,0.0,0.0,0.31714381797593316,16.857639217873935,14.09432509913134
12251,490.0,0.98,1,0.268,0.266,0.029,-0.379,-0.133,1.47,2.63,0.69,0.28,0.22,1.13,0.0,1.85,2.29,0.25,0.43,0.0,0.0,0.0,3.72,0.0,0.0,1.0,1.0,1.0,0.0,0.0,1.0,0.0,1.0,1.0,1.0,0.0,0.0,0.0,0.0,1.0,0.0,0.0,0.0,0.35698101851006,17.34012687381501,13.572398461583708
12252,490.04,0.98,1,0.276,0.262,0.027,-0.38,-0.143,1.28,2.64,0.88,0.35,0.27,0.81,0.0,1.86,2.38,0.53,0.24,0.0,0.0,0.0,3.6,0.0,0.0,1.0,1.0,1.0,0.0,0.0,1.0,0.0,1.0,1.0,1.0,0.0,0.0,0.0,0.0,1.0,0.0,0.0,0.0,0.3555268527283996,16.56804152578089,14.795945390545441
12253,490.08,0.93,1,0.282,0.238,0.004,-0.364,-0.147,1.44,2.89,0.94,0.35,0.18,0.86,0.0,1.82,2.36,0.87,0.23,0.0,0.0,0.0,3.43,0.0,0.0,1.0,1.0,1.0,0.0,0.0,1.0,0.0,1.0,1.0,1.0,0.0,0.0,0.0,0.0,1.0,0.0,0.0,0.0,0.3636443905405583,16.819036833302864,12.592855117089167
12254,490.12,0.98,1,0.35,0.256,0.011,-0.378,-0.147,1.6,2.92,1.19,0.34,0.15,0.81,0.0,1.74,2.23,0.84,0.29,0.36,0.0,0.0,3.51,0.23,0.07,1.0,1.0,1.0,0.0,0.0,1.0,0.0,1.0,1.0,1.0,0.0,0.0,0.0,0.0,1.0,0.0,0.0,0.0,0.37595787274981196,13.901438774457707,11.923925528113681
12255,490.16,0.98,1,0.333,0.276,0.022,-0.391,-0.141,1.9,2.9,1.26,0.29,0.17,1.28,0.0,1.61,2.03,0.6,0.7,0.85,0.0,0.0,3.45,0.58,0.07,1.0,1.0,1.0,0.0,0.0,1.0,0.0,1.0,1.0,1.0,0.0,0.0,0.0,0.0,1.0,1.0,0.0,0.0,0.36660109507262095,15.133076356114683,11.57410903698432
12256,490.2,0.98,1,0.292,0.274,0.037,-0.396,-0.134,2.1,2.84,1.13,0.26,0.2,1.51,0.0,1.58,1.92,0.24,1.06,1.35,0.0,0.0,3.57,0.87,0.07,1.0,1.0,1.0,0.0,0.0,1.0,0.0,1.0,1.0,1.0,1.0,0.0,0.0,0.0,1.0,1.0,0.0,0.0,0.3836265756074765,16.044936896105263,11.414026458704262
12257,490.24,0.98,1,0.294,0.26,0.021,-0.405,-0.137,2.17,2.87,0.95,0.19,0.18,1.64,0.0,1.52,1.9,0.05,1.34,1.28,0.0,0.0,3.44,0.77,0.0,1.0,1.0,1.0,0.0,0.0,1.0,0.0,1.0,1.0,1.0,1.0,0.0,0.0,0.0,1.0,1.0,0.0,0.0,0.34362087947124176,16.288953311984212,11.278741064498199
12258,490.28,0.98,1,0.314,0.268,0.021,-0.389,-0.145,2.05,2.87,0.89,0.05,0.18,1.65,0.0,1.74,1.98,0.21,1.4,0.94,0.0,0.0,3.42,0.42,0.0,1.0,1.0,1.0,0.0,0.0,1.0,0.0,1.0,1.0,1.0,1.0,0.0,0.0,0.0,1.0,1.0,0.0,0.0,0.3406019210604665,16.090059042775447,11.296902230257766
12259,490.32,0.98,1,0.316,0.27,0.013,-0.385,-0.149,1.74,2.78,0.81,0.0,0.14,1.37,0.0,1.89,2.04,0.42,1.24,0.53,0.0,0.0,3.17,0.14,0.0,1.0,1.0,1.0,0.0,0.0,1.0,0.0,1.0,1.0,1.0,1.0,0.0,0.0,0.0,1.0,0.0,0.0,0.0,0.3320428535982245,15.799050604387505,11.666190466471871
12260,490.36,0.98,1,0.27,0.263,0.003,-0.385,-0.152,1.5,2.78,0.72,0.01,0.1,1.1,0.0,1.9,2.06,0.64,1.06,0.25,0.0,0.0,2.9,0.0,0.0,1.0,1.0,1.0,0.0,0.0,1.0,0.0,1.0,1.0,1.0,1.0,0.0,0.0,0.0,1.0,0.0,0.0,0.0,0.31171105970359403,16.686821147240853,11.845674315968584
12261,490.4,0.98,1,0.261,0.268,0.003,-0.374,-0.151,1.52,2.82,0.57,0.05,0.07,0.97,0.0,1.76,2.06,0.56,0.8,0.11,0.0,0.0,2.8,0.0,0.0,1.0,1.0,1.0,0.0,0.0,1.0,0.0,1.0,1.0,1.0,0.0,0.0,0.0,0.0,1.0,0.0,0.0,0.0,0.32140102532005366,15.373353570382703,12.030378215168513
12262,490.44,0.98,1,0.241,0.298,0.039,-0.337,-0.144,1.67,3.04,0.62,0.25,0.06,1.05,0.0,1.46,1.97,0.56,0.68,0.04,0.0,0.0,2.72,0.09,0.0,1.0,1.0,1.0,0.0,0.0,1.0,0.0,1.0,1.0,1.0,0.0,0.0,0.0,0.0,1.0,0.0,0.0,0.0,0.28997827030650986,15.570806016388582,12.541929676090637
12263,490.48,0.98,1,0.245,0.308,0.039,-0.327,-0.145,1.77,3.23,0.62,0.46,0.1,1.27,0.0,1.12,1.9,0.37,0.45,0.3,0.0,0.0,2.85,0.36,0.0,1.0,1.0,1.0,0.0,0.0,1.0,0.0,1.0,1.0,1.0,0.0,0.0,0.0,0.0,1.0,0.0,0.0,0.0,0.2889366920993147,15.652475842498385,12.611502686040314
12264,490.52,0.98,1,0.234,0.326,0.067,-0.312,-0.145,1.38,3.2,0.6,0.61,0.21,1.49,0.0,0.91,1.83,0.27,0.25,0.38,0.0,0.0,2.86,0.69,0.26,1.0,1.0,1.0,0.0,0.0,1.0,0.0,1.0,1.0,1.0,0.0,0.0,0.0,0.0,1.0,1.0,0.0,0.0,0.2713088628549344,16.447796204963097,13.619471355379401
12265,490.56,0.98,1,0.249,0.322,0.076,-0.298,-0.144,1.45,3.46,0.51,0.61,0.42,1.39,0.0,1.02,1.92,0.25,0.1,0.36,0.0,0.0,3.04,0.92,0.7,1.0,1.0,1.0,0.0,1.0,1.0,0.0,1.0,1.0,1.0,0.0,0.0,0.0,0.0,1.0,1.0,0.0,0.0,0.22412962756807783,12.998846102635278,14.089002803605453
12266,490.6,0.93,1,0.153,0.407,0.082,-0.235,-0.14,1.58,3.63,0.41,0.4,0.56,1.07,0.0,1.16,1.91,0.64,0.0,0.14,0.27,0.0,2.82,0.95,1.26,1.0,1.0,1.0,0.0,1.0,1.0,0.0,1.0,1.0,1.0,0.0,0.0,0.0,0.0,1.0,1.0,0.0,0.0,0.17862982874502942,16.901183390520412,18.26499384067786
12267,490.64,0.88,1,0.087,0.44,0.066,-0.154,-0.132,1.8,3.42,0.23,0.2,0.5,0.76,0.0,1.29,1.82,0.86,0.0,0.22,0.52,0.0,2.74,0.65,1.79,1.0,1.0,0.0,0.0,1.0,1.0,0.0,1.0,1.0,1.0,0.0,0.0,0.0,0.0,1.0,1.0,0.0,0.0,0.12512846940378586,18.62686232299999,18.498108011361555
12268,490.68,0.82,1,0.047,0.394,0.022,-0.134,-0.134,1.22,2.55,0.13,0.0,0.83,1.26,0.1,1.01,2.08,1.22,0.0,0.39,0.8,0.0,2.67,0.94,1.79,1.0,1.0,0.0,0.0,1.0,1.0,0.0,1.0,1.0,1.0,0.0,0.0,0.0,0.0,1.0,1.0,0.0,0.0,0.17558372719880724,18.006943105369107,18.659314028120185
12269,490.72,0.98,1,-0.122,0.375,0.073,0.058,0.024,0.56,1.53,0.04,0.0,1.29,2.16,0.13,0.75,2.34,1.11,0.0,0.34,0.82,0.0,2.76,1.19,1.7,1.0,0.0,0.0,0.0,1.0,1.0,0.0,1.0,1.0,1.0,0.0,0.0,0.0,0.0,1.0,1.0,0.0,0.0,0.14341155384648768,19.71623696347741,21.0
12270,490.76,0.98,1,-0.163,0.351,0.093,0.117,0.023,0.11,0.76,0.04,0.0,1.88,2.88,0.24,0.57,2.69,1.15,0.0,0.17,0.58,0.0,2.88,1.55,1.31,1.0,0.0,0.0,0.0,1.0,1.0,0.0,1.0,1.0,1.0,0.0,0.0,0.0,0.0,1.0,1.0,0.0,0.0,0.1500143522450394,21.005951537600005,19.82044399099067
12271,490.8,0.93,1,-0.185,0.32,0.098,0.173,0.026,0.05,0.28,0.0,0.0,2.04,3.0,0.33,0.89,2.51,0.94,0.0,0.0,0.31,0.0,3.01,1.31,1.23,1.0,0.0,0.0,0.0,1.0,1.0,1.0,1.0,1.0,1.0,0.0,0.0,0.0,0.0,1.0,1.0,0.0,0.0,0.17590590249110333,19.82044399099067,19.88164983093702
12272,490.84,0.98,1,-0.303,0.345,0.117,0.27,0.022,0.23,0.05,0.0,0.0,2.09,2.66,0.42,1.28,2.41,0.99,0.0,0.0,0.01,0.0,3.37,0.97,0.9,1.0,0.0,0.0,0.0,1.0,1.0,1.0,1.0,1.0,1.0,0.0,0.0,0.0,0.0,1.0,1.0,0.0,0.0,0.18177051545465986,17.293929570806103,22.289459392277795
12273,490.88,0.98,1,-0.347,0.345,0.108,0.331,0.062,0.32,0.14,0.0,0.0,2.13,2.27,0.34,1.63,2.38,1.18,0.0,0.0,0.0,0.0,3.56,0.87,0.51,1.0,0.0,0.0,0.0,1.0,1.0,1.0,1.0,1.0,1.0,0.0,0.0,0.0,1.0,1.0,1.0,0.0,0.0,0.18715898140048737,18.840912929048887,21.537873618349643
12274,490.92,0.98,1,-0.341,0.324,0.093,0.326,0.094,0.36,0.25,0.0,0.0,2.1,2.23,0.18,1.72,2.41,1.21,0.0,0.0,0.0,0.05,3.56,0.88,0.28,1.0,0.0,0.0,0.0,1.0,1.0,1.0,1.0,1.0,1.0,0.0,0.0,0.0,1.0,1.0,1.0,0.0,0.0,0.1857414400558972,19.94492416631356,21.63168971670955
12275,490.96,0.98,1,-0.352,0.308,0.074,0.308,0.117,0.24,0.2,0.0,0.0,2.08,2.44,0.09,1.69,2.47,1.19,0.0,0.0,0.0,0.24,3.42,1.13,0.33,1.0,0.0,0.0,0.0,1.0,1.0,1.0,1.0,1.0,1.0,0.0,0.0,0.0,1.0,1.0,1.0,0.0,0.0,0.1796829550781484,19.177069640588993,21.949259668608445
12276,491.0,0.98,1,-0.396,0.343,0.077,0.321,0.126,0.27,0.13,0.0,0.0,2.03,2.53,0.14,1.72,2.5,1.04,0.0,0.0,0.0,0.48,3.22,1.11,0.42,1.0,0.0,0.0,0.0,1.0,1.0,1.0,1.0,1.0,1.0,0.0,0.0,0.0,1.0,1.0,1.0,0.0,0.0,0.15823529685506763,16.144658559412232,23.559499145779867
12277,491.04,0.98,1,-0.396,0.342,0.071,0.318,0.132,0.3,0.04,0.0,0.0,2.01,2.33,0.2,1.75,2.52,0.9,0.0,0.0,0.0,0.74,3.22,0.98,0.38,1.0,0.0,0.0,0.0,1.0,1.0,1.0,1.0,1.0,1.0,0.0,0.0,0.0,1.0,1.0,1.0,0.0,0.0,0.165495019653922,17.031735084834963,23.02433495239332
12278,491.08,0.98,1,-0.396,0.337,0.076,0.327,0.13,0.34,0.04,0.04,0.0,2.06,2.24,0.26,1.85,2.54,0.79,0.0,0.0,0.0,0.89,3.25,0.82,0.26,1.0,0.0,0.0,0.0,1.0,1.0,1.0,1.0,1.0,1.0,0.0,0.0,0.0,1.0,1.0,1.0,0.0,0.0,0.16366149810167857,17.01558109498464,22.968892006363763
12279,491.12,0.98,1,-0.4,0.336,0.082,0.332,0.132,0.37,0.01,0.1,0.0,2.08,2.14,0.29,1.83,2.57,0.7,0.0,0.0,0.0,1.03,3.41,0.79,0.18,1.0,0.0,1.0,0.0,1.0,1.0,1.0,1.0,1.0,1.0,0.0,0.0,0.0,1.0,1.0,1.0,0.0,0.0,0.17828632320263516,17.378722622793795,23.083543922023765
12280,491.16,0.98,1,-0.405,0.324,0.08,0.339,0.136,0.35,0.0,0.22,0.03,2.11,2.29,0.25,1.75,2.6,0.71,0.0,0.0,0.0,1.15,3.61,0.85,0.08,1.0,0.0,1.0,0.0,1.0,1.0,1.0,1.0,1.0,1.0,0.0,0.0,0.0,0.0,1.0,1.0,0.0,0.0,0.1881899866338255,17.935997323817862,21.931712199461302
12281,491.2,0.98,1,-0.412,0.34,0.09,0.342,0.141,0.38,0.0,0.28,0.03,2.13,2.32,0.22,1.67,2.58,0.73,0.0,0.0,0.0,1.25,3.72,0.88,0.0,1.0,0.0,1.0,0.0,1.0,1.0,1.0,1.0,1.0,1.0,0.0,0.0,0.0,0.0,1.0,1.0,0.0,0.0,0.1830408587201518,18.34693434882233,22.8982532084874
12282,491.24,0.98,1,-0.41,0.321,0.09,0.343,0.147,0.35,0.0,0.25,0.03,2.16,2.16,0.15,1.61,2.54,0.72,0.0,0.0,0.0,1.44,3.75,0.93,0.0,1.0,0.0,1.0,0.0,1.0,1.0,1.0,1.0,1.0,1.0,0.0,0.0,0.0,0.0,1.0,1.0,0.0,0.0,0.18823157872425778,18.003610748958053,23.820159529272743
12283,491.28,0.98,1,-0.422,0.302,0.081,0.334,0.153,0.37,0.0,0.23,0.06,2.15,2.12,0.17,1.63,2.5,0.73,0.0,0.0,0.0,1.59,3.62,0.95,0.0,1.0,0.0,1.0,0.0,1.0,1.0,1.0,1.0,1.0,1.0,0.0,0.0,0.0,0.0,1.0,1.0,0.0,0.0,0.19054467211192921,18.25842271391495,24.449948875202246
12284,491.32,0.98,1,-0.427,0.313,0.074,0.328,0.156,0.46,0.03,0.24,0.17,2.11,2.02,0.18,1.62,2.5,0.69,0.0,0.0,0.0,1.74,3.52,0.92,0.0,1.0,0.0,1.0,0.0,1.0,1.0,1.0,1.0,1.0,1.0,0.0,0.0,0.0,0.0,1.0,1.0,0.0,0.0,0.18160191025334538,17.805897899291825,23.62541004935152
12285,491.36,0.98,1,-0.44,0.31,0.076,0.338,0.157,0.56,0.03,0.31,0.17,2.08,2.31,0.18,1.64,2.53,0.68,0.0,0.0,0.0,1.78,3.43,0.86,0.0,1.0,0.0,1.0,0.0,1.0,1.0,1.0,1.0,1.0,1.0,0.0,0.0,0.0,0.0,1.0,1.0,0.0,0.0,0.18559999080304357,18.61316738225921,23.889956048515394
12286,491.4,0.98,1,-0.44,0.312,0.075,0.344,0.156,0.62,0.07,0.26,0.11,2.04,2.23,0.17,1.57,2.56,0.58,0.0,0.0,0.0,1.86,3.47,0.73,0.0,1.0,0.0,1.0,0.0,1.0,1.0,1.0,1.0,1.0,1.0,0.0,0.0,0.0,0.0,1.0,1.0,0.0,0.0,0.18863996749567424,18.479177470872504,24.20516473812977
12287,491.44,0.98,1,-0.444,0.314,0.074,0.339,0.154,0.62,0.04,0.19,0.0,2.05,2.22,0.17,1.61,2.59,0.58,0.0,0.0,0.0,1.82,3.45,0.68,0.02,1.0,0.0,1.0,0.0,1.0,1.0,1.0,1.0,1.0,1.0,0.0,0.0,0.0,0.0,1.0,1.0,0.0,0.0,0.18883516472199788,18.149655644116315,23.963513932643476
12288,491.48,0.98,1,-0.435,0.313,0.078,0.349,0.146,0.51,0.04,0.09,0.0,2.14,1.94,0.21,1.62,2.6,0.68,0.0,0.0,0.0,1.68,3.47,0.6,0.02,1.0,0.0,1.0,0.0,1.0,1.0,1.0,1.0,1.0,1.0,0.0,0.0,0.0,0.0,1.0,1.0,0.0,0.0,0.1948984957543462,17.70706073858673,23.89518780005712
12289,491.52,0.98,1,-0.427,0.319,0.089,0.354,0.132,0.45,0.0,0.14,0.0,2.25,2.08,0.25,1.65,2.59,0.86,0.0,0.0,0.0,1.52,3.31,0.65,0.02,1.0,0.0,0.0,0.0,1.0,1.0,1.0,1.0,1.0,1.0,0.0,0.0,0.0,0.0,1.0,1.0,0.0,0.0,0.1898805898822995,17.509426032854382,23.41836885865461
12290,491.56,0.98,1,-0.438,0.339,0.098,0.334,0.127,0.23,0.0,0.19,0.0,2.3,2.13,0.26,1.59,2.55,0.98,0.0,0.0,0.0,1.49,3.15,0.67,0.0,1.0,0.0,0.0,0.0,1.0,1.0,1.0,1.0,1.0,1.0,0.0,0.0,0.0,0.0,1.0,1.0,0.0,0.0,0.1836065166950151,17.870926109186534,23.02433495239332
12291,491.6,0.98,1,-0.446,0.369,0.11,0.318,0.124,0.13,0.0,0.26,0.0,2.29,2.41,0.25,1.37,2.44,1.06,0.0,0.0,0.0,1.48,3.04,0.96,0.22,1.0,0.0,0.0,0.0,1.0,1.0,1.0,1.0,1.0,1.0,0.0,0.0,0.0,0.0,1.0,1.0,0.0,0.0,0.17622809350737872,18.85125990484465,23.098268333362096
12292,491.64,0.98,1,-0.388,0.408,0.112,0.31,0.117,0.0,0.0,0.3,0.0,2.26,2.36,0.27,1.14,2.4,1.42,0.0,0.0,0.09,1.02,3.11,1.25,0.69,1.0,0.0,0.0,0.0,1.0,1.0,1.0,1.0,1.0,1.0,0.0,0.0,0.0,0.0,1.0,1.0,0.0,0.0,0.16575183489097023,20.5922315449298,20.59757267252627
12293,491.68,0.98,1,-0.324,0.46,0.163,0.345,0.094,0.0,0.0,0.23,0.0,2.17,2.23,0.3,0.92,2.42,1.84,0.12,0.0,0.66,0.77,3.06,1.61,1.0,0.0,0.0,0.0,0.0,1.0,1.0,1.0,1.0,1.0,1.0,0.0,0.0,0.0,0.0,1.0,1.0,0.0,0.0,0.11154170503573328,23.299785406737087,19.30802941783545
12294,491.72,0.88,1,-0.22,0.525,0.182,0.268,0.107,0.0,0.03,0.29,0.0,1.78,2.03,0.44,0.86,2.43,2.14,0.28,0.25,1.49,0.91,2.75,1.56,0.78,0.0,0.0,0.0,0.0,1.0,1.0,1.0,1.0,1.0,1.0,0.0,0.0,0.0,0.0,1.0,1.0,0.0,0.0,0.08039589362666782,29.007929950274033,21.736605070709675
12295,491.76,0.77,1,-0.112,0.482,0.103,0.199,0.144,0.0,0.03,0.3,0.0,1.57,2.27,0.49,1.0,2.56,2.3,0.39,0.48,1.74,0.87,2.53,1.27,0.31,0.0,0.0,0.0,0.0,1.0,1.0,1.0,1.0,1.0,1.0,0.0,0.0,0.0,0.0,1.0,1.0,0.0,0.0,0.09622774785286725,27.2660961635508,24.151397475094473
12296,491.8,0.93,1,-0.067,0.457,0.105,0.046,0.029,0.0,0.03,0.51,0.0,1.44,2.75,0.54,1.34,2.64,2.47,0.37,0.81,1.47,0.6,2.46,0.68,0.0,0.0,0.0,0.0,0.0,1.0,1.0,1.0,1.0,1.0,1.0,0.0,0.0,0.0,0.0,1.0,0.0,0.0,0.0,0.11821678842806338,23.835477759004494,19.94241710525591
12297,491.84,0.98,1,0.024,0.383,0.127,-0.056,0.023,0.0,0.0,0.5,0.0,1.59,3.28,0.55,1.96,2.68,2.56,0.24,0.88,0.77,0.0,2.64,0.26,0.0,0.0,0.0,0.0,0.0,1.0,1.0,1.0,1.0,1.0,1.0,0.0,0.0,0.0,0.0,1.0,0.0,0.0,0.0,0.14386095914519187,20.706037766796246,18.600268815261693
12298,491.88,0.98,1,0.068,0.369,0.163,-0.149,0.004,0.0,0.0,0.46,0.0,1.49,3.14,0.48,2.3,2.48,2.46,0.28,0.81,0.57,0.0,2.71,0.02,0.0,0.0,0.0,0.0,0.0,1.0,1.0,1.0,1.0,1.0,1.0,0.0,0.0,0.0,0.0,1.0,0.0,0.0,0.0,0.16658210986338917,18.652613757862596,17.256882684888414
12299,491.92,0.98,1,0.121,0.38,0.178,-0.187,-0.015,0.0,0.0,0.31,0.0,1.33,2.9,0.41,2.59,2.29,2.16,0.31,0.62,0.29,0.0,2.85,0.0,0.0,0.0,0.0,0.0,0.0,1.0,1.0,1.0,1.0,1.0,1.0,0.0,0.0,0.0,0.0,1.0,0.0,0.0,0.0,0.17439100194654933,14.90905764963027,15.219066988485332
12300,491.96,0.98,1,0.144,0.37,0.176,-0.21,-0.027,0.0,0.0,0.25,0.0,1.25,2.49,0.32,2.68,2.2,2.0,0.35,0.45,0.32,0.0,2.98,0.0,0.0,0.0,0.0,0.0,0.0,1.0,1.0,1.0,1.0,1.0,1.0,0.0,0.0,0.0,0.0,1.0,0.0,0.0,0.0,0.1868913021334273,14.169333082400092,13.548431643551822
12301,492.0,0.98,1,0.151,0.365,0.17,-0.227,-0.03,0.0,0.0,0.25,0.0,1.16,2.31,0.27,2.75,2.1,1.79,0.38,0.54,0.18,0.0,3.04,0.0,0.0,0.0,0.0,0.0,0.0,1.0,1.0,1.0,1.0,1.0,1.0,0.0,0.0,0.0,0.0,1.0,0.0,0.0,0.0,0.20339809097766232,13.47293583447952,14.156623891309682
12302,492.04,0.98,1,0.171,0.367,0.177,-0.246,-0.034,0.0,0.0,0.19,0.0,1.11,2.15,0.19,2.8,2.06,1.69,0.35,0.58,0.24,0.0,3.1,0.0,0.0,0.0,0.0,0.0,0.0,1.0,1.0,1.0,1.0,1.0,1.0,0.0,0.0,0.0,0.0,1.0,0.0,0.0,0.0,0.207539340692924,12.557467897629675,13.267252918370016
12303,492.08,0.98,1,0.205,0.364,0.171,-0.263,-0.035,0.0,0.0,0.15,0.0,0.95,2.17,0.07,2.72,2.06,1.42,0.41,0.68,0.07,0.0,3.17,0.0,0.0,0.0,0.0,0.0,0.0,1.0,1.0,1.0,1.0,1.0,1.0,0.0,0.0,0.0,0.0,1.0,0.0,0.0,0.0,0.20470108918730057,12.946814279968509,12.675172582651491
12304,492.12,0.98,1,0.232,0.357,0.172,-0.288,-0.039,0.0,0.0,0.23,0.16,0.83,2.21,0.02,2.67,2.1,1.41,0.23,0.61,0.07,0.0,3.27,0.0,0.0,0.0,0.0,0.0,0.0,1.0,1.0,0.0,1.0,1.0,1.0,0.0,0.0,0.0,0.0,1.0,0.0,0.0,0.0,0.2604312183801811,12.532358118087751,13.336041391657462
12305,492.16,0.98,1,0.217,0.313,0.147,-0.311,-0.038,0.0,0.04,0.33,0.51,0.71,2.38,0.0,2.45,2.08,1.32,0.12,0.62,0.0,0.0,3.32,0.0,0.0,0.0,0.0,1.0,0.0,1.0,1.0,0.0,1.0,1.0,1.0,0.0,0.0,0.0,0.0,1.0,0.0,0.0,0.0,0.2774340185880046,13.024592124131946,13.553228397691825
12306,492.2,0.98,1,0.219,0.328,0.165,-0.33,-0.055,0.0,0.17,0.48,1.06,0.63,2.4,0.0,2.21,2.01,1.27,0.06,0.53,0.0,0.0,3.33,0.0,0.0,0.0,0.0,1.0,0.0,1.0,1.0,0.0,1.0,1.0,1.0,0.0,0.0,0.0,0.0,1.0,0.0,0.0,0.0,0.28751965430938276,14.051334456200241,13.583077707206124
12307,492.24,0.98,1,0.249,0.318,0.154,-0.332,-0.061,0.0,0.38,0.59,1.32,0.57,2.38,0.0,2.12,1.95,1.09,0.08,0.49,0.0,0.0,3.36,0.0,0.0,0.0,0.0,1.0,1.0,1.0,1.0,0.0,1.0,1.0,1.0,0.0,0.0,0.0,0.0,1.0,0.0,0.0,0.0,0.30613271290240207,12.619429464123876,12.856126943990517
12308,492.28,0.98,1,0.236,0.319,0.141,-0.324,-0.067,0.0,0.35,0.66,1.33,0.52,2.21,0.0,1.95,1.87,0.81,0.4,0.49,0.0,0.0,3.42,0.0,0.0,0.0,0.0,1.0,1.0,1.0,1.0,0.0,1.0,1.0,1.0,0.0,0.0,0.0,0.0,1.0,0.0,0.0,0.0,0.3064813062993525,12.865846260545737,13.046455457326331
12309,492.32,0.98,1,0.23,0.302,0.129,-0.345,-0.067,0.0,0.22,0.59,1.17,0.47,2.11,0.0,1.92,1.84,0.72,0.48,0.52,0.0,0.0,3.71,0.0,0.0,0.0,0.0,1.0,1.0,1.0,1.0,0.0,1.0,1.0,1.0,0.0,0.0,0.0,0.0,1.0,0.0,0.0,0.0,0.3110530738904176,8.537564055396553,12.576565508913884
12310,492.36,0.98,1,0.234,0.273,0.121,-0.371,-0.065,0.0,0.13,0.52,1.0,0.45,2.12,0.0,1.83,1.79,0.51,0.67,0.62,0.0,0.0,3.85,0.0,0.0,0.0,0.0,1.0,1.0,1.0,1.0,0.0,1.0,1.0,1.0,0.0,0.0,0.0,0.0,1.0,0.0,0.0,0.0,0.3370786127825549,8.515867542417594,11.92686044187665
12311,492.4,0.98,1,0.229,0.274,0.12,-0.38,-0.073,0.0,0.18,0.6,0.96,0.45,2.16,0.0,1.76,1.76,0.4,0.53,0.56,0.0,0.0,4.02,0.0,0.0,0.0,0.0,1.0,1.0,1.0,1.0,0.0,1.0,1.0,1.0,0.0,0.0,0.0,0.0,1.0,0.0,0.0,0.0,0.3548710336091026,8.174350127074403,12.319902597017744
12312,492.44,0.98,1,0.246,0.268,0.115,-0.395,-0.074,0.0,0.27,0.71,0.98,0.44,2.12,0.0,1.72,1.79,0.16,0.5,0.59,0.0,0.0,3.95,0.0,0.0,0.0,0.0,1.0,1.0,1.0,1.0,0.0,1.0,1.0,1.0,0.0,0.0,0.0,0.0,1.0,0.0,1.0,0.0,0.3589521895379004,8.551023330572873,11.543396380615196
12313,492.48,0.98,1,0.246,0.276,0.115,-0.41,-0.072,0.0,0.2,0.68,1.09,0.49,2.14,0.0,1.64,1.79,0.05,0.47,0.71,0.0,0.0,3.85,0.0,0.0,0.0,0.0,1.0,1.0,1.0,1.0,0.0,1.0,1.0,0.0,0.0,0.0,0.0,0.0,1.0,0.0,1.0,0.0,0.3606377287478626,8.811923740024124,11.400438588054271
12314,492.52,0.98,1,0.239,0.27,0.115,-0.413,-0.074,0.0,0.14,0.73,0.96,0.55,2.1,0.0,1.79,1.86,0.0,0.54,0.88,0.0,0.0,3.84,0.0,0.0,0.0,0.0,1.0,1.0,1.0,1.0,0.0,1.0,1.0,0.0,0.0,0.0,0.0,0.0,1.0,0.0,1.0,0.0,0.365174163776424,7.912016177941121,11.535163631262462
12315,492.56,0.98,1,0.261,0.267,0.11,-0.43,-0.073,0.0,0.05,0.77,0.92,0.63,2.16,0.0,1.73,1.9,0.0,1.06,1.13,0.0,0.0,3.82,0.0,0.0,0.0,0.0,1.0,1.0,1.0,1.0,0.0,1.0,1.0,0.0,0.0,0.0,0.0,0.0,1.0,0.0,1.0,0.0,0.3687144592356134,8.515867542417602,10.91650127101179
12316,492.6,0.98,1,0.263,0.261,0.097,-0.429,-0.08,0.0,0.0,0.81,0.85,0.72,2.18,0.0,1.76,2.0,0.0,1.43,1.13,0.0,0.0,3.9,0.0,0.0,0.0,0.0,1.0,1.0,1.0,1.0,0.0,1.0,1.0,0.0,1.0,0.0,0.0,0.0,1.0,0.0,1.0,0.0,0.3616577097326395,7.90759128938772,11.543396380615196
12317,492.64,0.98,1,0.259,0.256,0.089,-0.431,-0.087,0.0,0.0,0.76,0.97,0.81,2.11,0.0,1.61,1.98,0.0,2.31,1.29,0.0,0.0,3.89,0.0,0.0,0.0,0.0,1.0,1.0,1.0,1.0,0.0,1.0,1.0,0.0,1.0,0.0,0.0,0.0,1.0,0.0,1.0,0.0,0.3895092870503466,7.8746428490440055,11.842297074470151
12318,492.68,0.98,1,0.269,0.263,0.087,-0.438,-0.086,0.0,0.0,0.73,0.89,0.86,2.17,0.0,1.45,1.91,0.0,2.39,1.18,0.04,0.0,3.95,0.0,0.0,0.0,0.0,1.0,1.0,1.0,1.0,0.0,1.0,1.0,0.0,1.0,0.0,0.0,0.0,1.0,0.0,1.0,0.0,0.39288759416656394,8.434453153583773,11.452947218947484
12319,492.72,0.98,1,0.265,0.262,0.093,-0.435,-0.085,0.0,0.0,0.71,0.89,0.82,2.11,0.0,1.36,1.85,0.0,2.59,1.13,0.04,0.0,4.1,0.0,0.0,0.0,0.0,1.0,1.0,1.0,1.0,0.0,1.0,1.0,0.0,1.0,0.0,0.0,0.0,1.0,0.0,1.0,0.0,0.4025542036177857,9.198369420717995,11.462983904725776
12320,492.76,0.98,1,0.273,0.27,0.091,-0.429,-0.09,0.0,0.22,0.71,0.94,0.84,2.08,0.0,1.26,1.86,0.0,2.2,1.08,0.08,0.0,3.92,0.0,0.03,0.0,0.0,1.0,0.0,1.0,1.0,0.0,0.0,1.0,0.0,1.0,0.0,0.0,0.0,1.0,0.0,1.0,0.0,0.40752941413124233,7.632168761236794,10.955363982999245
12321,492.8,0.98,1,0.247,0.29,0.084,-0.422,-0.096,0.0,0.77,0.66,0.93,0.91,1.8,0.0,1.51,1.84,0.17,1.98,1.02,0.04,0.0,3.69,0.0,0.34,0.0,0.0,1.0,0.0,1.0,1.0,0.0,0.0,1.0,0.0,0.0,0.0,0.0,0.0,1.0,0.0,1.0,0.0,0.27671386399578574,11.497825881443896,11.825819210523967
12322,492.84,0.98,1,0.208,0.291,0.086,-0.395,-0.105,0.0,1.39,0.67,0.84,0.9,1.36,0.0,1.58,1.74,0.5,1.48,0.86,0.04,0.0,3.24,0.02,0.75,0.0,0.0,1.0,0.0,1.0,1.0,0.0,0.0,1.0,1.0,0.0,0.0,0.0,0.0,1.0,0.0,0.0,0.0,0.2598738954912877,10.417293314484196,15.740711546813799
12323,492.88,0.98,1,0.213,0.303,0.086,-0.339,-0.116,0.0,1.8,0.61,0.73,0.76,1.04,0.0,1.61,1.61,0.84,0.8,0.46,0.0,0.0,3.16,0.15,1.15,0.0,0.0,1.0,0.0,1.0,1.0,0.0,0.0,1.0,1.0,0.0,0.0,0.0,0.0,1.0,0.0,0.0,0.0,0.2554788659966364,13.7131323919811,16.50969412193949
12324,492.92,0.93,1,0.194,0.336,0.08,-0.31,-0.124,0.02,1.97,0.6,0.63,0.79,1.05,0.0,1.6,1.72,1.18,0.31,0.15,0.0,0.0,2.87,0.32,1.12,0.0,0.0,1.0,0.0,1.0,1.0,0.0,1.0,1.0,1.0,0.0,0.0,0.0,0.0,1.0,0.0,0.0,0.0,0.21805115980742978,13.373481222179919,17.935439777156233
12325,492.96,0.98,1,0.152,0.371,0.133,-0.224,-0.132,0.02,1.79,0.48,0.45,0.99,1.58,0.0,1.63,1.89,1.33,0.05,0.03,0.04,0.0,2.8,0.46,0.95,0.0,0.0,1.0,0.0,1.0,1.0,0.0,1.0,1.0,1.0,0.0,0.0,0.0,0.0,1.0,1.0,0.0,0.0,0.1683979218850754,14.30559331170849,14.08900280360523
12326,493.0,0.98,1,0.151,0.368,0.118,-0.209,-0.126,0.02,1.53,0.34,0.25,1.31,2.17,0.0,1.87,2.07,1.44,0.0,0.01,0.2,0.0,2.85,0.52,0.63,0.0,0.0,0.0,0.0,1.0,1.0,0.0,1.0,1.0,1.0,0.0,0.0,0.0,0.0,1.0,1.0,0.0,0.0,0.16766682506665548,14.317122615945049,15.542522317822256
12327,493.04,0.98,1,0.149,0.362,0.106,-0.183,-0.127,0.0,1.05,0.25,0.1,1.47,2.75,0.0,1.98,2.11,1.27,0.0,0.01,0.32,0.0,3.03,0.6,0.5,0.0,0.0,0.0,0.0,1.0,1.0,0.0,1.0,1.0,1.0,0.0,0.0,0.0,0.0,1.0,1.0,0.0,0.0,0.16717665380694324,15.22662142433447,16.697305171793346
12328,493.08,0.98,1,0.133,0.359,0.102,-0.172,-0.119,0.0,0.91,0.18,0.15,1.62,3.08,0.09,2.1,2.18,1.1,0.0,0.0,0.4,0.0,3.07,0.72,0.38,0.0,0.0,0.0,0.0,1.0,1.0,0.0,1.0,1.0,1.0,0.0,0.0,0.0,0.0,1.0,1.0,0.0,0.0,0.16452740566445048,16.51938255504727,17.194475857088424
12329,493.12,0.98,1,0.109,0.352,0.098,-0.137,-0.109,0.0,0.67,0.12,0.09,1.76,3.18,0.15,2.17,2.27,1.05,0.0,0.0,0.39,0.0,2.88,0.76,0.51,0.0,0.0,0.0,0.0,1.0,1.0,1.0,1.0,1.0,1.0,0.0,0.0,0.0,0.0,1.0,1.0,0.0,0.0,0.15820311914361407,17.310401497365635,17.87176544161204
12330,493.16,0.98,1,0.051,0.341,0.086,-0.093,-0.097,0.0,0.58,0.07,0.07,1.86,3.21,0.23,2.08,2.31,1.14,0.0,0.0,0.33,0.0,2.77,0.93,0.68,0.0,0.0,0.0,0.0,1.0,1.0,1.0,1.0,1.0,1.0,0.0,0.0,0.0,0.0,1.0,1.0,0.0,0.0,0.1473151700604773,18.002499826412997,18.022485955050705
12331,493.2,0.98,1,0.002,0.34,0.079,-0.056,-0.079,0.15,0.46,0.09,0.0,2.02,3.48,0.37,1.93,2.33,1.48,0.0,0.0,0.44,0.0,2.9,1.21,0.97,0.0,0.0,0.0,0.0,1.0,1.0,1.0,1.0,1.0,1.0,0.0,0.0,0.0,0.0,1.0,1.0,0.0,0.0,0.14607661600996677,18.809572031282325,20.324615617521484
12332,493.24,0.98,1,-0.096,0.337,0.07,0.008,-0.062,0.31,0.61,0.12,0.0,2.1,3.75,0.55,1.61,2.28,1.62,0.0,0.0,0.42,0.0,3.01,1.55,1.26,0.0,0.0,0.0,0.0,1.0,1.0,1.0,1.0,1.0,1.0,0.0,0.0,0.0,0.0,1.0,1.0,0.0,1.0,0.1362656122185683,18.70026737776767,19.706344156133902
12333,493.28,0.98,1,-0.153,0.342,0.069,0.071,-0.031,0.44,0.54,0.2,0.0,2.17,3.7,0.72,1.4,2.2,1.57,0.0,0.0,0.66,0.0,3.03,1.87,1.34,0.0,0.0,0.0,0.0,1.0,1.0,1.0,1.0,1.0,1.0,0.0,0.0,0.0,0.0,1.0,1.0,0.0,1.0,0.13672798107954354,19.10104709171716,21.41144553737566
12334,493.32,0.98,1,-0.182,0.333,0.085,0.123,-0.008,0.31,0.37,0.32,0.0,1.95,3.49,0.79,1.09,1.9,1.25,0.0,0.01,0.75,0.0,2.94,2.21,1.24,0.0,0.0,0.0,0.0,1.0,1.0,1.0,1.0,1.0,1.0,0.0,0.0,0.0,0.0,1.0,1.0,0.0,1.0,0.14194625659506857,18.9129585205489,22.643321311150356
12335,493.36,0.98,1,-0.189,0.365,0.114,0.152,0.016,0.15,0.08,0.34,0.0,1.59,3.18,0.88,0.86,1.6,1.05,0.0,0.17,0.82,0.0,2.51,2.46,1.19,0.0,0.0,0.0,0.0,1.0,1.0,1.0,1.0,1.0,1.0,0.0,0.0,0.0,0.0,1.0,1.0,0.0,1.0,0.15092209871481077,17.85497129653247,24.681166909204407
12336,493.4,0.98,1,-0.218,0.362,0.096,0.166,0.04,0.03,0.0,0.27,0.0,1.19,2.91,0.78,0.54,1.25,0.96,0.0,0.56,0.5,0.0,1.68,2.15,1.28,0.0,0.0,0.0,0.0,1.0,1.0,1.0,0.0,1.0,1.0,0.0,0.0,0.0,0.0,1.0,1.0,0.0,1.0,0.14543474074172713,19.0276115158996,22.649724060129206
12337,493.44,0.98,1,-0.235,0.369,0.093,0.175,0.055,0.0,0.0,0.12,0.0,1.05,2.61,0.6,0.52,1.07,0.91,0.0,0.86,0.2,0.0,0.85,1.63,1.35,0.0,0.0,0.0,0.0,1.0,1.0,1.0,0.0,1.0,1.0,0.0,0.0,0.0,0.0,1.0,1.0,0.0,1.0,0.1461650171299354,20.082330542046257,20.255616505058587
12338,493.48,0.98,1,-0.242,0.389,0.109,0.183,0.062,0.03,0.0,0.11,0.0,0.99,2.39,0.45,0.52,0.83,0.68,0.0,0.95,0.0,0.0,0.65,1.59,1.31,0.0,0.0,1.0,0.0,1.0,1.0,1.0,0.0,1.0,1.0,0.0,0.0,0.0,1.0,1.0,1.0,0.0,0.0,0.14686505418988652,19.77169694285234,19.79141227906694
12339,493.52,0.98,1,-0.243,0.401,0.125,0.19,0.065,0.14,0.0,0.11,0.0,0.92,2.31,0.49,0.54,0.57,0.51,0.06,0.94,0.0,0.0,0.94,2.01,1.08,0.0,0.0,1.0,0.0,1.0,1.0,1.0,0.0,1.0,1.0,0.0,1.0,0.0,1.0,1.0,1.0,0.0,0.0,0.15072984745871498,20.0442011564441,19.492819190666058
12340,493.56,0.98,1,-0.259,0.405,0.138,0.204,0.064,0.2,0.0,0.1,0.0,0.8,2.04,0.45,0.43,0.35,0.33,0.07,0.98,0.0,0.06,1.02,2.21,0.87,0.0,0.0,1.0,0.0,1.0,1.0,1.0,0.0,1.0,1.0,0.0,1.0,0.0,1.0,1.0,1.0,0.0,0.0,0.16296324900655973,20.993808611112037,20.180436070610583
12341,493.6,0.98,1,-0.268,0.381,0.137,0.211,0.064,0.17,0.0,0.05,0.0,0.83,1.96,0.32,0.41,0.29,0.44,0.07,1.03,0.01,0.13,0.97,2.02,0.59,0.0,0.0,1.0,0.0,1.0,1.0,1.0,0.0,1.0,1.0,0.0,0.0,0.0,1.0,1.0,1.0,0.0,0.0,0.18134385829103067,21.98044585535066,20.7171426601256
12342,493.64,0.98,1,-0.279,0.381,0.132,0.211,0.062,0.06,0.0,0.0,0.0,1.0,1.83,0.3,0.62,0.57,0.58,0.02,0.71,0.01,0.13,1.14,1.58,0.35,0.0,0.0,0.0,0.0,1.0,1.0,1.0,0.0,1.0,1.0,0.0,0.0,0.0,1.0,1.0,1.0,0.0,0.0,0.17873172582057215,22.900873345791982,20.816579930430503
12343,493.68,0.98,1,-0.292,0.369,0.134,0.212,0.057,0.0,0.0,0.0,0.0,1.27,1.89,0.4,0.9,1.01,0.8,0.0,0.35,0.06,0.08,1.74,1.28,0.2,0.0,0.0,0.0,0.0,1.0,1.0,1.0,0.0,1.0,1.0,0.0,0.0,0.0,1.0,1.0,1.0,0.0,0.0,0.1815341433231642,21.93171219946123,22.599999999999977
12344,493.72,0.98,1,-0.31,0.373,0.13,0.208,0.055,0.0,0.0,0.0,0.0,1.44,1.86,0.48,1.12,1.46,0.95,0.0,0.06,0.08,0.02,2.18,1.08,0.21,0.0,0.0,0.0,0.0,1.0,1.0,1.0,0.0,1.0,1.0,0.0,0.0,0.0,1.0,1.0,1.0,0.0,0.0,0.16547426340145854,23.5423023512995,22.177466041006586
12345,493.76,0.98,1,-0.296,0.377,0.132,0.216,0.047,0.0,0.0,0.0,0.0,1.42,1.79,0.42,0.99,1.56,1.1,0.0,0.09,0.19,0.16,1.97,0.95,0.34,0.0,0.0,0.0,0.0,1.0,1.0,1.0,0.0,1.0,1.0,0.0,0.0,0.0,1.0,1.0,1.0,0.0,0.0,0.1643316555486739,23.08246087400557,20.949701668520316
12346,493.8,0.98,1,-0.296,0.373,0.127,0.209,0.045,0.0,0.0,0.0,0.0,1.26,1.86,0.32,0.82,1.41,1.1,0.0,0.23,0.16,0.33,1.35,0.68,0.59,0.0,0.0,0.0,0.0,1.0,1.0,1.0,1.0,1.0,1.0,0.0,0.0,0.0,1.0,1.0,1.0,0.0,0.0,0.17313321155206118,22.81161984603452,20.398284241572934
12347,493.84,0.98,1,-0.311,0.387,0.132,0.212,0.043,0.02,0.0,0.0,0.0,1.13,1.69,0.31,0.71,1.17,1.15,0.0,0.41,0.17,0.38,0.82,0.44,0.54,0.0,0.0,0.0,0.0,1.0,1.0,1.0,1.0,1.0,1.0,0.0,0.0,0.0,1.0,1.0,1.0,0.0,0.0,0.17198195348714118,22.656566377101466,19.383756085960172
12348,493.88,0.98,1,-0.309,0.396,0.131,0.208,0.047,0.08,0.0,0.04,0.0,1.12,1.78,0.37,0.96,1.01,1.15,0.0,0.54,0.06,0.24,1.07,0.71,0.57,0.0,0.0,0.0,0.0,1.0,1.0,1.0,1.0,1.0,1.0,0.0,0.0,0.0,1.0,1.0,1.0,0.0,0.0,0.16735734482331918,22.96823893989267,19.1049731745428
12349,493.92,0.98,1,-0.288,0.394,0.128,0.207,0.046,0.08,0.0,0.04,0.0,1.26,1.74,0.47,1.13,1.03,1.27,0.0,0.54,0.05,0.06,1.81,1.53,0.49,0.0,0.0,1.0,0.0,1.0,1.0,1.0,1.0,1.0,1.0,0.0,0.0,0.0,1.0,1.0,1.0,0.0,0.0,0.15745443419849037,22.33047245357801,19.403350226185236
12350,493.96,0.98,1,-0.287,0.392,0.13,0.211,0.04,0.05,0.0,0.15,0.0,1.45,1.91,0.41,1.33,1.2,1.39,0.0,0.53,0.0,0.0,2.72,2.25,0.45,0.0,0.0,1.0,0.0,1.0,1.0,1.0,1.0,1.0,1.0,0.0,0.0,0.0,1.0,1.0,1.0,0.0,0.0,0.15459417835154673,22.51443981093017,20.09975124224178
12351,494.0,0.98,1,-0.266,0.377,0.147,0.226,0.032,0.12,0.0,0.28,0.0,1.65,1.77,0.38,1.38,1.43,1.58,0.0,0.49,0.04,0.0,3.4,2.46,0.72,0.0,0.0,1.0,0.0,1.0,1.0,1.0,1.0,1.0,1.0,0.0,0.0,0.0,1.0,1.0,1.0,0.0,0.0,0.16564462580583236,21.958369702689772,20.862646045025112
12352,494.04,0.98,1,-0.293,0.432,0.159,0.235,0.03,0.12,0.0,0.43,0.0,1.46,1.35,0.2,1.22,1.49,1.69,0.0,0.35,0.04,0.0,3.92,2.58,1.46,0.0,0.0,1.0,0.0,1.0,1.0,1.0,1.0,1.0,1.0,0.0,0.0,0.0,1.0,1.0,1.0,0.0,1.0,0.16758216619050223,20.063897926375127,19.6596032513375
12353,494.08,0.98,1,-0.266,0.528,0.184,0.272,0.055,0.12,0.0,0.34,0.0,1.06,0.97,0.13,0.89,1.46,1.55,0.0,0.18,0.17,0.02,3.35,2.47,2.39,0.0,0.0,1.0,0.0,1.0,1.0,1.0,1.0,1.0,1.0,0.0,0.0,1.0,1.0,1.0,1.0,0.0,1.0,0.10504999968316052,22.687441459979667,15.731814898478861
12354,494.12,0.98,1,-0.235,0.519,0.105,0.231,0.086,0.02,0.0,0.29,0.0,0.73,1.01,0.06,0.49,1.3,1.43,0.0,0.33,0.35,0.19,2.31,1.97,2.8,0.0,0.0,1.0,0.0,1.0,1.0,1.0,0.0,1.0,1.0,0.0,0.0,1.0,1.0,1.0,1.0,0.0,1.0,0.11123072390448444,24.002708180536665,15.915401345866185
12355,494.16,0.98,1,-0.248,0.479,0.09,0.213,0.064,0.14,0.0,0.15,0.0,0.69,1.24,0.22,0.48,1.17,1.47,0.0,0.58,0.62,0.27,1.26,1.32,2.47,0.0,0.0,1.0,0.0,1.0,1.0,1.0,0.0,1.0,1.0,0.0,0.0,1.0,1.0,1.0,0.0,0.0,1.0,0.11454742045263866,20.65187642806338,18.73846311734241
12356,494.2,0.98,1,-0.269,0.391,0.09,0.218,0.052,0.21,0.0,0.23,0.0,0.84,1.66,0.39,0.64,1.0,1.63,0.0,0.72,0.63,0.29,1.17,0.99,1.97,0.0,0.0,1.0,0.0,1.0,1.0,1.0,0.0,1.0,1.0,0.0,0.0,1.0,1.0,1.0,0.0,0.0,0.0,0.15465753614467523,21.312203077110677,18.361372497719294
12357,494.24,0.98,1,-0.278,0.405,0.09,0.223,0.051,0.29,0.0,0.11,0.0,0.95,1.83,0.44,0.81,0.95,1.57,0.0,0.56,0.49,0.2,1.33,1.02,1.48,0.0,0.0,1.0,0.0,1.0,1.0,1.0,0.0,1.0,1.0,0.0,0.0,1.0,1.0,1.0,0.0,0.0,0.0,0.1483635229912412,20.280532537386602,16.414932226482055
12358,494.28,0.98,1,-0.279,0.369,0.085,0.219,0.052,0.23,0.0,0.1,0.0,1.04,2.05,0.42,0.87,0.99,1.43,0.0,0.47,0.29,0.13,1.18,0.96,1.3,0.0,0.0,1.0,0.0,1.0,1.0,1.0,0.0,1.0,1.0,0.0,0.0,1.0,1.0,1.0,0.0,0.0,0.0,0.15562198759556517,22.19031320193567,16.904733065032385
12359,494.32,0.98,1,-0.255,0.392,0.091,0.227,0.05,0.25,0.0,0.0,0.0,1.1,2.11,0.38,0.97,1.06,1.35,0.0,0.51,0.19,0.09,1.03,0.87,0.95,0.0,0.0,1.0,0.0,1.0,1.0,1.0,0.0,1.0,1.0,0.0,0.0,0.0,1.0,1.0,0.0,0.0,0.0,0.14489390766742527,21.793806459634258,17.304623659588852
12360,494.36,0.98,1,-0.249,0.382,0.097,0.229,0.046,0.28,0.0,0.0,0.0,1.18,2.24,0.41,1.12,1.13,1.42,0.0,0.47,0.15,0.0,1.16,0.95,0.69,0.0,0.0,1.0,0.0,1.0,1.0,1.0,0.0,1.0,1.0,0.0,0.0,0.0,1.0,1.0,0.0,0.0,0.0,0.14996061367108512,20.850419660045258,17.622996340009855
12361,494.4,0.98,1,-0.25,0.372,0.1,0.232,0.042,0.31,0.0,0.0,0.0,1.25,2.42,0.42,1.32,1.15,1.48,0.0,0.39,0.12,0.0,1.53,1.05,0.44,0.0,0.0,0.0,0.0,1.0,1.0,1.0,1.0,1.0,1.0,0.0,0.0,0.0,1.0,1.0,0.0,0.0,0.0,0.15488466118484723,19.969977466186542,18.33930205869358
12362,494.44,0.98,1,-0.253,0.382,0.103,0.234,0.041,0.34,0.0,0.0,0.0,1.32,2.51,0.47,1.42,1.15,1.43,0.0,0.32,0.12,0.0,1.93,1.05,0.37,0.0,0.0,0.0,0.0,1.0,1.0,1.0,1.0,1.0,1.0,0.0,0.0,0.0,1.0,1.0,0.0,0.0,0.0,0.15095922589444558,20.29408780901487,18.54561942885705
12363,494.48,0.98,1,-0.251,0.381,0.103,0.233,0.041,0.29,0.0,0.0,0.0,1.34,2.53,0.47,1.43,1.17,1.33,0.0,0.37,0.18,0.0,2.16,1.08,0.42,0.0,0.0,0.0,0.0,1.0,1.0,1.0,1.0,1.0,1.0,0.0,0.0,0.0,1.0,1.0,0.0,0.0,0.0,0.153347528082438,20.393136100168643,18.046883387443945
12364,494.52,0.98,1,-0.249,0.373,0.1,0.222,0.045,0.19,0.0,0.0,0.0,1.36,2.38,0.49,1.41,1.2,1.33,0.0,0.42,0.25,0.0,2.22,1.18,0.27,0.0,0.0,0.0,0.0,1.0,1.0,1.0,1.0,1.0,1.0,0.0,0.0,0.0,1.0,1.0,0.0,0.0,0.0,0.1532005130532754,20.54069132234829,18.445866745696698
12365,494.56,0.98,1,-0.243,0.373,0.101,0.212,0.046,0.08,0.0,0.0,0.0,1.35,2.49,0.45,1.33,1.22,1.34,0.0,0.49,0.3,0.0,2.0,1.27,0.18,0.0,0.0,0.0,0.0,1.0,1.0,1.0,1.0,1.0,1.0,0.0,0.0,0.0,1.0,1.0,0.0,0.0,0.0,0.1544759991634074,21.100236965493874,18.44586674569669
12366,494.6,0.98,1,-0.225,0.376,0.096,0.208,0.044,0.0,0.0,0.0,0.0,1.37,2.43,0.43,1.33,1.28,1.42,0.0,0.44,0.22,0.0,1.59,1.13,0.23,0.0,0.0,0.0,0.0,1.0,1.0,1.0,1.0,1.0,1.0,0.0,0.0,0.0,1.0,1.0,0.0,0.0,0.0,0.15456014342519242,21.18584433059017,18.4219977201172
12367,494.64,0.98,1,-0.224,0.377,0.093,0.205,0.044,0.05,0.0,0.0,0.0,1.37,2.41,0.4,1.25,1.33,1.39,0.0,0.4,0.11,0.0,1.25,0.85,0.5,0.0,0.0,0.0,0.0,1.0,1.0,1.0,1.0,1.0,1.0,0.0,0.0,0.0,1.0,1.0,0.0,0.0,0.0,0.15720456004650157,21.954498400100107,18.333030300525834
12368,494.68,0.98,1,-0.214,0.37,0.093,0.203,0.038,0.05,0.0,0.0,0.0,1.42,2.3,0.41,1.28,1.43,1.49,0.0,0.38,0.02,0.0,1.05,0.53,0.69,0.0,0.0,0.0,0.0,1.0,1.0,1.0,1.0,1.0,1.0,0.0,0.0,0.0,1.0,1.0,0.0,0.0,0.0,0.1559314039671978,21.557365330670724,18.327302038216054
12369,494.72,0.98,1,-0.215,0.377,0.095,0.205,0.034,0.05,0.0,0.0,0.0,1.48,2.26,0.47,1.22,1.52,1.59,0.0,0.39,0.0,0.0,1.05,0.41,0.71,0.0,0.0,0.0,0.0,1.0,1.0,1.0,1.0,1.0,1.0,0.0,0.0,0.0,1.0,1.0,0.0,0.0,0.0,0.1512314844012117,20.92677710494375,18.133394607739636
12370,494.76,0.98,1,-0.219,0.371,0.094,0.205,0.031,0.0,0.0,0.0,0.0,1.51,2.2,0.5,1.28,1.62,1.67,0.0,0.37,0.0,0.0,1.06,0.34,0.61,0.0,0.0,0.0,0.0,1.0,1.0,1.0,1.0,1.0,1.0,0.0,0.0,0.0,1.0,1.0,0.0,0.0,0.0,0.1551023772801638,20.069130524265237,18.039955654047493
12371,494.8,0.98,1,-0.211,0.356,0.084,0.199,0.031,0.01,0.0,0.0,0.0,1.53,2.2,0.49,1.24,1.71,1.65,0.0,0.32,0.07,0.0,1.17,0.39,0.44,0.0,0.0,0.0,0.0,1.0,1.0,1.0,1.0,1.0,1.0,0.0,0.0,0.0,1.0,1.0,0.0,0.0,0.0,0.15689257852449973,20.35411506305302,18.146625030567005
12372,494.84,0.98,1,-0.207,0.347,0.085,0.196,0.032,0.01,0.0,0.0,0.0,1.56,2.26,0.48,1.31,1.86,1.57,0.0,0.29,0.11,0.0,1.31,0.35,0.26,0.0,0.0,0.0,0.0,1.0,1.0,1.0,1.0,1.0,1.0,0.0,0.0,0.0,1.0,1.0,0.0,0.0,0.0,0.1687674899720229,20.816579930430493,18.062391868188556
12373,494.88,0.98,1,-0.211,0.354,0.09,0.19,0.033,0.01,0.0,0.0,0.0,1.64,2.36,0.49,1.29,2.02,1.48,0.0,0.22,0.26,0.0,1.46,0.33,0.18,0.0,0.0,0.0,0.0,1.0,1.0,1.0,1.0,1.0,1.0,0.0,0.0,0.0,1.0,1.0,0.0,0.0,0.0,0.1589152617334557,21.446211786700413,17.763445611704885
12374,494.92,0.98,1,-0.211,0.345,0.093,0.184,0.037,0.0,0.0,0.0,0.0,1.72,2.42,0.45,1.33,2.24,1.49,0.0,0.13,0.21,0.0,1.72,0.29,0.25,0.0,0.0,0.0,0.0,1.0,1.0,1.0,1.0,1.0,1.0,0.0,0.0,0.0,1.0,1.0,0.0,0.0,0.0,0.16846891781684942,22.20923231451271,17.691806012954274
12375,494.96,0.98,1,-0.205,0.368,0.113,0.186,0.035,0.0,0.0,0.0,0.0,1.78,2.57,0.35,1.43,2.48,1.46,0.0,0.02,0.35,0.0,2.04,0.4,0.35,0.0,0.0,0.0,0.0,1.0,1.0,1.0,1.0,1.0,1.0,0.0,0.0,0.0,1.0,1.0,0.0,0.0,0.0,0.15883217001830635,22.318826134006283,17.37383089591937
12376,495.0,0.98,1,-0.207,0.364,0.109,0.179,0.043,0.0,0.0,0.0,0.0,1.87,2.74,0.19,1.49,2.76,1.57,0.0,0.0,0.33,0.0,2.42,0.52,0.26,0.0,0.0,0.0,0.0,1.0,1.0,1.0,1.0,1.0,1.0,0.0,0.0,0.0,1.0,1.0,0.0,0.0,0.0,0.1563639358671429,22.62763796775969,17.65559401436272
12377,495.04,0.98,1,-0.205,0.374,0.12,0.185,0.041,0.0,0.0,0.0,0.0,1.96,2.85,0.12,1.58,2.94,1.54,0.0,0.0,0.41,0.0,2.61,0.6,0.26,0.0,0.0,0.0,0.0,1.0,1.0,1.0,1.0,1.0,1.0,0.0,0.0,0.0,1.0,1.0,0.0,0.0,0.0,0.15512831534910848,22.130521909796883,17.348775172904922
12378,495.08,0.98,1,-0.207,0.365,0.112,0.183,0.044,0.0,0.0,0.0,0.0,2.0,2.82,0.08,1.59,3.02,1.61,0.0,0.0,0.39,0.0,2.74,0.64,0.3,0.0,0.0,0.0,0.0,1.0,1.0,1.0,1.0,1.0,1.0,0.0,0.0,0.0,1.0,1.0,0.0,0.0,0.0,0.15187141062097262,22.34032228952846,17.24905794529086
12379,495.12,0.98,1,-0.219,0.358,0.116,0.185,0.039,0.0,0.0,0.0,0.0,1.97,2.66,0.1,1.61,2.98,1.56,0.0,0.0,0.36,0.0,2.84,0.65,0.47,0.0,0.0,0.0,0.0,1.0,1.0,1.0,1.0,1.0,1.0,0.0,0.0,0.0,0.0,1.0,0.0,0.0,0.0,0.15527847658793584,21.633538776631063,17.356554957709847
12380,495.16,0.98,1,-0.202,0.364,0.113,0.184,0.037,0.0,0.0,0.0,0.0,1.88,2.47,0.1,1.56,2.98,1.62,0.0,0.0,0.4,0.0,2.9,0.69,0.49,0.0,0.0,0.0,0.0,1.0,1.0,1.0,1.0,1.0,1.0,0.0,0.0,0.0,0.0,1.0,0.0,0.0,0.0,0.15100831507789209,21.114923632350656,17.541094606665915
12381,495.2,0.98,1,-0.202,0.356,0.108,0.181,0.036,0.0,0.0,0.0,0.0,1.84,2.5,0.1,1.47,2.95,1.58,0.0,0.0,0.31,0.0,2.92,0.71,0.6,0.0,0.0,0.0,0.0,1.0,1.0,1.0,1.0,1.0,1.0,0.0,0.0,0.0,0.0,1.0,1.0,0.0,0.0,0.15164332297880373,21.02617416459766,17.634341496069673
12382,495.24,0.98,1,-0.196,0.361,0.114,0.178,0.036,0.0,0.0,0.0,0.0,1.81,2.59,0.13,1.41,2.96,1.53,0.0,0.0,0.39,0.0,2.92,0.86,0.62,0.0,0.0,0.0,0.0,1.0,1.0,1.0,1.0,1.0,1.0,0.0,0.0,0.0,0.0,1.0,1.0,0.0,0.0,0.1507231670390416,21.005237442123903,17.428711943227338
12383,495.28,0.98,1,-0.199,0.357,0.114,0.176,0.036,0.0,0.0,0.0,0.0,1.86,2.63,0.15,1.4,2.98,1.49,0.0,0.0,0.44,0.0,3.01,0.9,0.58,0.0,0.0,0.0,0.0,1.0,1.0,1.0,1.0,1.0,1.0,0.0,0.0,0.0,0.0,1.0,1.0,0.0,0.0,0.15337726153635245,20.8865985742056,17.23513852569795
12384,495.32,0.98,1,-0.199,0.364,0.125,0.175,0.033,0.0,0.0,0.0,0.0,1.87,2.63,0.19,1.44,2.95,1.56,0.0,0.0,0.44,0.0,3.08,1.0,0.46,0.0,0.0,0.0,0.0,1.0,1.0,1.0,1.0,1.0,1.0,0.0,0.0,0.0,0.0,1.0,1.0,0.0,0.0,0.15727412278142333,21.512786895239852,17.43473544393488
12385,495.36,0.98,1,-0.198,0.366,0.12,0.173,0.033,0.0,0.0,0.0,0.0,1.89,2.71,0.16,1.44,2.94,1.58,0.0,0.0,0.39,0.0,3.11,1.05,0.44,0.0,0.0,0.0,0.0,1.0,1.0,1.0,1.0,1.0,1.0,0.0,0.0,0.0,1.0,1.0,1.0,0.0,0.0,0.14479802121025664,20.578872661057027,18.122361876974004
12386,495.4,0.98,1,-0.197,0.363,0.119,0.172,0.029,0.0,0.0,0.0,0.0,1.87,2.84,0.16,1.42,2.88,1.6,0.0,0.0,0.39,0.0,3.11,1.18,0.58,0.0,0.0,0.0,0.0,1.0,1.0,1.0,1.0,1.0,1.0,0.0,0.0,0.0,1.0,1.0,1.0,0.0,0.0,0.1505337362808103,21.475567512873656,18.327302038216168
12387,495.44,0.98,1,-0.191,0.362,0.117,0.167,0.027,0.0,0.0,0.0,0.0,1.71,2.58,0.1,1.39,2.85,1.63,0.0,0.0,0.47,0.0,3.11,1.25,1.04,0.0,0.0,0.0,0.0,1.0,1.0,1.0,1.0,1.0,1.0,0.0,0.0,0.0,0.0,1.0,1.0,0.0,0.0,0.14752418012523527,22.18152384305474,18.327302038216054
12388,495.48,0.98,1,-0.192,0.393,0.112,0.163,0.023,0.01,0.0,0.0,0.0,1.48,2.05,0.07,1.32,2.87,1.8,0.0,0.0,0.47,0.0,3.26,1.17,1.65,0.0,0.0,0.0,0.0,1.0,1.0,1.0,1.0,1.0,1.0,0.0,0.0,0.0,0.0,1.0,1.0,0.0,0.0,0.16107304588733534,21.692394980729908,21.27627786996581
12389,495.52,0.98,1,-0.226,0.488,0.144,0.18,0.003,0.01,0.0,0.0,0.0,1.38,1.58,0.06,1.28,2.85,1.89,0.0,0.0,0.36,0.0,3.27,1.12,2.11,0.0,0.0,0.0,0.0,1.0,1.0,1.0,1.0,1.0,1.0,0.0,0.0,0.0,0.0,1.0,1.0,0.0,0.0,0.15393713125541125,14.279005567615739,17.5025712396779
12390,495.56,0.98,1,-0.159,0.444,0.121,0.164,-0.006,0.01,0.0,0.0,0.0,1.44,1.54,0.07,1.23,2.84,2.0,0.0,0.0,0.23,0.0,3.31,0.96,2.13,0.0,0.0,0.0,0.0,1.0,1.0,1.0,1.0,1.0,1.0,0.0,0.0,0.0,0.0,1.0,1.0,0.0,0.0,0.13791552443100757,16.935760980835653,18.200274723201343
12391,495.6,0.98,1,-0.181,0.371,0.11,0.154,-0.016,0.0,0.0,0.0,0.0,1.58,1.85,0.11,1.27,2.8,1.94,0.0,0.0,0.15,0.0,3.21,1.05,1.72,0.0,0.0,0.0,0.0,1.0,1.0,1.0,1.0,1.0,1.0,0.0,0.0,0.0,0.0,1.0,1.0,0.0,0.0,0.14247371686750393,20.734753434752783,20.408821622033916
12392,495.64,0.98,1,-0.154,0.35,0.119,0.158,-0.024,0.0,0.0,0.0,0.0,1.61,2.15,0.09,1.29,2.83,1.85,0.0,0.0,0.28,0.0,3.18,1.12,1.31,0.0,0.0,0.0,0.0,1.0,1.0,1.0,1.0,1.0,1.0,0.0,0.0,0.0,0.0,1.0,1.0,0.0,0.0,0.15488815160609753,21.028789789238942,19.20104163841123
12393,495.68,0.98,1,-0.173,0.352,0.132,0.164,-0.031,0.0,0.0,0.0,0.0,1.66,2.35,0.13,1.33,2.84,1.73,0.0,0.0,0.56,0.0,3.15,1.3,0.88,0.0,0.0,0.0,0.0,1.0,1.0,1.0,1.0,1.0,1.0,0.0,0.0,0.0,0.0,1.0,1.0,0.0,0.0,0.16072464760757937,21.134095674998633,17.90446871593791
12394,495.72,0.98,1,-0.163,0.356,0.133,0.165,-0.032,0.0,0.0,0.0,0.0,1.69,2.44,0.13,1.32,2.82,1.65,0.0,0.0,0.65,0.0,3.19,1.37,0.63,0.0,0.0,0.0,0.0,1.0,1.0,1.0,1.0,1.0,1.0,0.0,0.0,0.0,0.0,1.0,1.0,0.0,0.0,0.17333518633637623,21.7036863228347,18.001111076819672
12395,495.76,0.98,1,-0.167,0.337,0.123,0.161,-0.028,0.0,0.0,0.0,0.0,1.7,2.4,0.12,1.3,2.8,1.66,0.0,0.0,0.7,0.0,3.26,1.29,0.49,0.0,0.0,0.0,0.0,1.0,1.0,1.0,1.0,1.0,1.0,0.0,0.0,0.0,0.0,1.0,1.0,0.0,0.0,0.16928839614694624,21.208488866489333,17.707060738586673
12396,495.8,0.98,1,-0.155,0.343,0.125,0.157,-0.029,0.0,0.0,0.0,0.0,1.69,2.32,0.13,1.21,2.79,1.62,0.0,0.0,0.64,0.0,3.27,1.25,0.41,0.0,0.0,0.0,0.0,1.0,1.0,1.0,1.0,1.0,1.0,0.0,0.0,0.0,0.0,1.0,1.0,0.0,0.0,0.16383599102699758,20.711832367031214,17.804493814764925
12397,495.84,0.98,1,-0.157,0.34,0.118,0.153,-0.026,0.0,0.0,0.0,0.0,1.7,2.51,0.19,1.21,2.82,1.58,0.0,0.0,0.67,0.0,3.15,1.19,0.44,0.0,0.0,0.0,0.0,1.0,1.0,1.0,1.0,1.0,1.0,0.0,0.0,0.0,0.0,1.0,1.0,0.0,0.0,0.16665052382113987,21.30586773637718,18.001111076819672
12398,495.88,0.98,1,-0.157,0.35,0.122,0.149,-0.023,0.0,0.0,0.0,0.0,1.74,2.81,0.26,1.29,2.84,1.56,0.0,0.0,0.69,0.0,3.03,1.18,0.43,0.0,0.0,0.0,0.0,1.0,1.0,1.0,1.0,1.0,1.0,0.0,0.0,0.0,0.0,1.0,1.0,0.0,0.0,0.1632881542765685,20.719555979798457,17.899999999999864
12399,495.92,0.98,1,-0.154,0.349,0.122,0.148,-0.021,0.0,0.0,0.0,0.0,1.79,3.12,0.27,1.39,2.88,1.61,0.0,0.0,0.66,0.0,3.03,1.23,0.32,0.0,0.0,0.0,0.0,1.0,1.0,1.0,1.0,1.0,1.0,0.0,0.0,0.0,0.0,1.0,1.0,0.0,0.0,0.162157838657541,21.028789789238942,17.90027932742948
12400,495.96,0.98,1,-0.154,0.355,0.126,0.146,-0.02,0.0,0.0,0.0,0.0,1.84,3.14,0.26,1.34,2.88,1.49,0.0,0.0,0.77,0.0,3.04,1.25,0.35,0.0,0.0,0.0,0.0,1.0,1.0,1.0,1.0,1.0,1.0,0.0,0.0,0.0,0.0,1.0,1.0,0.0,0.0,0.1566046538590493,20.11591409804676,17.501142819827507
12401,496.0,0.98,1,-0.163,0.318,0.121,0.141,-0.018,0.0,0.0,0.0,0.0,1.86,3.12,0.25,1.27,2.85,1.34,0.0,0.0,0.81,0.0,3.04,1.29,0.36,0.0,0.0,0.0,0.0,1.0,1.0,1.0,1.0,1.0,1.0,0.0,0.0,0.0,0.0,1.0,1.0,0.0,0.0,0.15652928936647295,21.80825531765432,17.199999999999932
12402,496.04,0.98,1,-0.16,0.318,0.115,0.138,-0.013,0.0,0.0,0.0,0.0,1.85,3.15,0.26,1.16,2.81,1.26,0.0,0.0,0.96,0.0,2.97,1.26,0.4,0.0,0.0,0.0,0.0,1.0,1.0,1.0,1.0,1.0,1.0,0.0,0.0,0.0,0.0,1.0,1.0,0.0,0.0,0.15189044905740925,22.108143296079977,17.59999999999991
12403,496.08,0.98,1,-0.154,0.322,0.117,0.137,-0.014,0.0,0.0,0.0,0.0,1.84,3.31,0.25,1.19,2.79,1.38,0.0,0.0,0.94,0.0,2.94,1.26,0.28,0.0,0.0,0.0,0.0,1.0,1.0,1.0,1.0,1.0,1.0,0.0,0.0,0.0,0.0,1.0,1.0,0.0,0.0,0.15051560663029584,22.408034273447413,17.800280896660098
12404,496.12,0.98,1,-0.145,0.321,0.111,0.133,-0.013,0.0,0.0,0.0,0.0,1.8,3.35,0.22,1.2,2.8,1.45,0.0,0.0,0.9,0.0,2.98,1.29,0.19,0.0,0.0,0.0,0.0,1.0,1.0,1.0,1.0,1.0,1.0,0.0,0.0,0.0,0.0,1.0,1.0,0.0,0.0,0.1495378236404053,23.10779089398219,17.200000000000045
12405,496.16,0.98,1,-0.145,0.314,0.107,0.131,-0.014,0.0,0.0,0.0,0.0,1.77,3.4,0.18,1.25,2.81,1.38,0.0,0.0,0.74,0.0,2.93,1.22,0.2,0.0,0.0,0.0,0.0,1.0,1.0,1.0,1.0,1.0,1.0,0.0,0.0,0.0,0.0,1.0,1.0,0.0,0.0,0.15650014553706348,22.71409254185608,18.0
12406,496.2,0.98,1,-0.143,0.308,0.104,0.127,-0.01,0.0,0.0,0.0,0.0,1.73,3.29,0.16,1.3,2.81,1.33,0.0,0.0,0.7,0.0,2.89,1.06,0.17,0.0,0.0,0.0,0.0,1.0,1.0,1.0,1.0,1.0,1.0,0.0,0.0,0.0,0.0,1.0,1.0,0.0,0.0,0.15647622171594916,22.410934831015062,17.799999999999955
12407,496.24,0.98,1,-0.139,0.31,0.107,0.12,-0.006,0.0,0.0,0.0,0.0,1.74,3.25,0.13,1.26,2.79,1.33,0.0,0.0,0.61,0.0,2.82,0.96,0.2,0.0,0.0,0.0,0.0,1.0,1.0,1.0,1.0,1.0,1.0,0.0,0.0,0.0,0.0,1.0,1.0,0.0,0.0,0.15824985550590825,22.517992805754247,17.900279327429367
12408,496.28,0.98,1,-0.138,0.311,0.101,0.112,0.001,0.0,0.0,0.0,0.0,1.72,3.14,0.15,1.16,2.77,1.32,0.0,0.0,0.7,0.0,2.81,0.91,0.15,0.0,0.0,0.0,0.0,1.0,1.0,1.0,1.0,1.0,1.0,0.0,0.0,0.0,0.0,1.0,1.0,0.0,0.0,0.1546259808304829,22.0111335464578,17.901117283566272
12409,496.32,0.98,1,-0.13,0.313,0.108,0.107,0.005,0.0,0.0,0.0,0.0,1.64,3.03,0.08,1.05,2.74,1.34,0.0,0.0,0.64,0.0,2.8,0.91,0.17,0.0,0.0,0.0,0.0,1.0,1.0,1.0,1.0,1.0,1.0,0.0,0.0,0.0,0.0,1.0,1.0,0.0,0.0,0.15902070229688625,21.918485349129487,17.90251378996825
12410,496.36,0.98,1,-0.121,0.315,0.111,0.103,0.008,0.0,0.0,0.0,0.0,1.57,3.03,0.08,1.06,2.71,1.36,0.0,0.0,0.82,0.0,2.83,0.98,0.09,0.0,0.0,0.0,0.0,1.0,1.0,1.0,1.0,1.0,1.0,0.0,0.0,0.0,0.0,1.0,1.0,0.0,0.0,0.1576184224547722,22.127358631341338,18.00444389588304
12411,496.4,0.98,1,-0.119,0.315,0.101,0.096,0.016,0.0,0.0,0.0,0.0,1.53,3.11,0.07,1.13,2.71,1.37,0.0,0.0,0.74,0.0,2.75,0.91,0.06,0.0,0.0,0.0,0.0,1.0,1.0,1.0,1.0,1.0,1.0,0.0,0.0,0.0,0.0,1.0,1.0,0.0,0.0,0.1577913570358806,22.02271554554524,17.704519197086423
12412,496.44,0.98,1,-0.123,0.31,0.099,0.092,0.018,0.0,0.0,0.0,0.0,1.57,3.24,0.07,1.19,2.73,1.36,0.0,0.0,0.86,0.0,2.67,0.97,0.0,0.0,0.0,0.0,0.0,1.0,1.0,1.0,1.0,1.0,1.0,0.0,0.0,0.0,0.0,1.0,1.0,0.0,0.0,0.1574960619653267,21.822923727126895,17.80449381476504
12413,496.48,0.98,1,-0.114,0.311,0.099,0.089,0.021,0.0,0.0,0.0,0.0,1.62,3.27,0.05,1.27,2.76,1.36,0.0,0.0,0.79,0.0,2.62,0.92,0.0,0.0,0.0,0.0,0.0,1.0,1.0,1.0,1.0,1.0,1.0,0.0,0.0,0.0,0.0,1.0,1.0,0.0,0.0,0.15922914629521093,21.42335174523361,17.80449381476481
12414,496.52,0.98,1,-0.115,0.305,0.098,0.083,0.024,0.0,0.0,0.0,0.0,1.66,3.22,0.01,1.3,2.78,1.43,0.0,0.0,0.7,0.0,2.69,1.02,0.0,0.0,0.0,0.0,0.0,1.0,1.0,1.0,1.0,1.0,1.0,0.0,0.0,0.0,0.0,1.0,1.0,0.0,0.0,0.15709268653296754,21.428252378577078,18.50432381904294
12415,496.56,0.98,1,-0.106,0.299,0.098,0.078,0.025,0.0,0.0,0.0,0.0,1.67,3.1,0.04,1.3,2.78,1.4,0.0,0.0,0.62,0.0,2.72,1.05,0.0,0.0,0.0,0.0,0.0,1.0,1.0,1.0,1.0,1.0,1.0,0.0,0.0,0.0,0.0,1.0,1.0,0.0,0.0,0.15960650218556857,21.323461257497755,19.202343606966355
12416,496.6,0.98,1,-0.111,0.294,0.095,0.075,0.024,0.0,0.0,0.0,0.0,1.63,3.0,0.04,1.27,2.78,1.37,0.0,0.0,0.42,0.0,2.71,0.99,0.0,0.0,0.0,0.0,0.0,1.0,1.0,1.0,1.0,1.0,1.0,0.0,0.0,0.0,0.0,1.0,1.0,0.0,0.0,0.16378834757281283,21.228518554058404,19.50230755577401
12417,496.64,0.98,1,-0.099,0.298,0.097,0.072,0.019,0.0,0.0,0.0,0.0,1.59,2.98,0.03,1.24,2.76,1.31,0.0,0.0,0.43,0.0,2.75,0.93,0.0,0.0,0.0,0.0,0.0,1.0,1.0,1.0,1.0,1.0,1.0,0.0,0.0,0.0,0.0,1.0,1.0,0.0,0.0,0.1630773186911727,21.428252378577305,19.1002617783107
12418,496.68,0.98,1,-0.102,0.29,0.092,0.066,0.016,0.0,0.0,0.0,0.0,1.54,3.03,0.03,1.3,2.76,1.27,0.0,0.0,0.42,0.0,2.79,0.82,0.0,0.0,0.0,0.0,0.0,1.0,1.0,1.0,1.0,1.0,1.0,0.0,0.0,0.0,0.0,1.0,1.0,0.0,0.0,0.16358642451200384,21.62313575779438,19.201041638411
12419,496.72,0.98,1,-0.099,0.293,0.101,0.06,0.01,0.0,0.0,0.0,0.0,1.55,2.95,0.11,1.32,2.78,1.24,0.0,0.0,0.56,0.0,2.74,0.9,0.0,0.0,0.0,0.0,0.0,1.0,1.0,1.0,1.0,1.0,1.0,0.0,0.0,0.0,0.0,1.0,1.0,0.0,0.0,0.16612697391177578,21.814673960433105,20.000249998437518
12420,496.76,0.98,1,-0.094,0.3,0.104,0.055,0.011,0.0,0.0,0.0,0.0,1.57,2.88,0.22,1.39,2.8,1.15,0.0,0.0,0.58,0.0,2.64,0.88,0.0,0.0,0.0,0.0,0.0,1.0,1.0,1.0,1.0,1.0,1.0,0.0,0.0,0.0,0.0,1.0,1.0,0.0,0.0,0.1637998299540689,21.61480973776998,19.90000000000009
12421,496.8,0.98,1,-0.087,0.297,0.106,0.051,0.01,0.0,0.0,0.0,0.0,1.61,2.98,0.24,1.33,2.82,1.14,0.0,0.0,0.45,0.0,2.6,0.96,0.06,0.0,0.0,0.0,0.0,1.0,1.0,1.0,1.0,1.0,1.0,0.0,0.0,0.0,0.0,1.0,1.0,0.0,0.0,0.16693382225999404,22.01454064930722,20.000249998437518
12422,496.84,0.98,1,-0.082,0.301,0.107,0.05,0.005,0.0,0.0,0.0,0.0,1.58,3.02,0.21,1.36,2.82,1.11,0.0,0.0,0.38,0.0,2.66,0.96,0.12,0.0,0.0,0.0,0.0,1.0,1.0,1.0,1.0,1.0,1.0,0.0,0.0,0.0,0.0,1.0,0.0,0.0,0.0,0.16489046871211072,21.411445537375652,20.0
12423,496.88,0.98,1,-0.072,0.303,0.108,0.044,0.003,0.0,0.0,0.0,0.0,1.54,2.91,0.21,1.37,2.83,1.13,0.0,0.0,0.46,0.0,2.73,1.02,0.12,0.0,0.0,0.0,0.0,1.0,1.0,1.0,1.0,1.0,1.0,0.0,0.0,0.0,0.0,1.0,0.0,0.0,0.0,0.16809910397511402,21.005951537600005,19.59999999999991
12424,496.92,0.98,1,-0.066,0.296,0.104,0.038,-0.001,0.0,0.0,0.0,0.0,1.53,2.69,0.3,1.44,2.83,1.2,0.0,0.0,0.48,0.0,2.8,0.97,0.07,0.0,0.0,0.0,0.0,1.0,1.0,1.0,1.0,1.0,1.0,0.0,0.0,0.0,0.0,1.0,0.0,0.0,0.0,0.16791818554454313,21.403737991294747,19.70025380547169
12425,496.96,0.98,1,-0.057,0.295,0.103,0.033,-0.004,0.0,0.0,0.0,0.0,1.53,2.9,0.37,1.4,2.78,1.26,0.0,0.03,0.46,0.0,2.81,0.87,0.09,0.0,0.0,0.0,0.0,1.0,1.0,1.0,1.0,1.0,1.0,0.0,0.0,0.0,0.0,1.0,0.0,0.0,0.0,0.16804763964575398,21.70092163941435,20.10099500024803
12426,497.0,0.98,1,-0.063,0.295,0.097,0.031,-0.003,0.0,0.0,0.0,0.0,1.5,3.05,0.4,1.31,2.75,1.32,0.0,0.03,0.31,0.0,2.81,0.77,0.09,0.0,0.0,0.0,0.0,1.0,1.0,1.0,1.0,1.0,1.0,0.0,0.0,0.0,0.0,1.0,0.0,0.0,0.0,0.17015493416139685,20.299999999999955,20.503902067655318
12427,497.04,0.98,1,-0.053,0.293,0.095,0.026,-0.002,0.0,0.0,0.0,0.0,1.5,3.2,0.42,1.3,2.72,1.38,0.0,0.03,0.27,0.0,2.76,0.78,0.08,0.0,0.0,0.0,0.0,1.0,1.0,1.0,1.0,1.0,1.0,0.0,0.0,0.0,0.0,1.0,0.0,0.0,0.0,0.17272112919044919,20.4009803685998,20.40220576310303
12428,497.08,0.98,1,-0.046,0.301,0.103,0.019,-0.001,0.0,0.0,0.0,0.0,1.46,3.14,0.41,1.34,2.76,1.41,0.0,0.0,0.21,0.0,2.79,0.83,0.0,0.0,0.0,0.0,0.0,1.0,1.0,1.0,1.0,1.0,1.0,0.0,0.0,0.0,0.0,1.0,0.0,0.0,0.0,0.17085961033139166,20.800240383226527,20.00224987345174
12429,497.12,0.98,1,-0.036,0.293,0.102,0.018,-0.002,0.0,0.0,0.0,0.0,1.49,3.18,0.44,1.41,2.78,1.39,0.0,0.0,0.25,0.0,2.87,0.91,0.0,0.0,0.0,0.0,0.0,1.0,1.0,1.0,1.0,1.0,1.0,0.0,0.0,0.0,0.0,1.0,0.0,0.0,0.0,0.16951471172784255,20.60218435020899,20.90598000573028
12430,497.16,0.98,1,-0.036,0.292,0.103,0.015,-0.001,0.0,0.0,0.0,0.0,1.45,3.04,0.47,1.4,2.76,1.4,0.0,0.0,0.25,0.0,2.86,0.92,0.0,0.0,0.0,0.0,0.0,1.0,1.0,1.0,1.0,1.0,1.0,0.0,0.0,0.0,0.0,1.0,0.0,0.0,0.0,0.1696931208949623,21.103791128609952,21.10379112861018
12431,497.2,0.98,1,-0.03,0.294,0.105,0.011,-0.003,0.0,0.0,0.0,0.0,1.43,2.97,0.46,1.38,2.69,1.51,0.0,0.0,0.26,0.0,2.83,0.82,0.0,0.0,0.0,0.0,0.0,1.0,1.0,1.0,1.0,1.0,1.0,0.0,0.0,0.0,0.0,1.0,0.0,0.0,0.0,0.16846359389598126,21.100947846009102,21.00380917833715
12432,497.24,0.98,1,-0.032,0.289,0.1,0.007,-0.0,0.0,0.0,0.0,0.0,1.33,2.87,0.45,1.34,2.64,1.6,0.0,0.0,0.17,0.0,2.73,0.77,0.0,0.0,0.0,0.0,0.0,1.0,1.0,1.0,1.0,1.0,1.0,0.0,0.0,0.0,0.0,1.0,0.0,0.0,0.0,0.17179252411483814,21.00095235935742,21.002142747824564
12433,497.28,0.98,1,-0.03,0.291,0.098,0.005,-0.0,0.0,0.0,0.0,0.0,1.32,2.94,0.37,1.33,2.64,1.66,0.0,0.04,0.22,0.0,2.76,0.73,0.0,0.0,0.0,0.0,0.0,1.0,1.0,1.0,1.0,1.0,1.0,0.0,0.0,0.0,0.0,1.0,0.0,0.0,0.0,0.17020032421517606,20.70096616102741,20.802163349036515
12434,497.32,0.98,1,-0.03,0.289,0.098,0.001,0.003,0.0,0.0,0.0,0.0,1.3,2.92,0.35,1.33,2.64,1.69,0.0,0.09,0.23,0.0,2.74,0.81,0.0,0.0,0.0,0.0,0.0,1.0,1.0,1.0,1.0,1.0,1.0,0.0,0.0,0.0,0.0,1.0,0.0,0.0,0.0,0.1747762061996067,20.200000000000045,20.902152999153074
12435,497.36,0.98,1,-0.025,0.293,0.101,-0.001,0.004,0.0,0.0,0.0,0.0,1.32,2.93,0.25,1.33,2.62,1.71,0.0,0.18,0.24,0.0,2.71,0.81,0.0,0.0,0.0,0.0,0.0,1.0,1.0,1.0,1.0,1.0,1.0,0.0,0.0,0.0,0.0,1.0,0.0,0.0,0.0,0.17386308817311075,20.8002403832263,21.200235847744757
12436,497.4,0.98,1,-0.027,0.295,0.099,0.001,0.004,0.0,0.0,0.0,0.0,1.25,3.01,0.24,1.27,2.55,1.68,0.0,0.24,0.16,0.0,2.68,0.75,0.0,0.0,0.0,0.0,0.0,1.0,1.0,1.0,1.0,1.0,1.0,0.0,0.0,0.0,0.0,1.0,0.0,0.0,0.0,0.17075389472889066,20.5,20.900956915892497
12437,497.44,0.98,1,-0.028,0.298,0.102,-0.004,0.009,0.0,0.0,0.0,0.03,1.32,3.04,0.26,1.38,2.6,1.53,0.0,0.19,0.13,0.0,2.62,0.53,0.0,0.0,0.0,0.0,0.0,1.0,1.0,1.0,1.0,1.0,1.0,0.0,0.0,0.0,0.0,1.0,0.0,0.0,0.0,0.16932640381351646,20.40000000000009,21.200943375236683
12438,497.48,0.98,1,-0.017,0.29,0.083,-0.011,-0.019,0.0,0.0,0.0,0.04,1.37,3.12,0.32,1.49,2.69,1.39,0.0,0.1,0.08,0.0,2.67,0.33,0.0,0.0,0.0,0.0,0.0,1.0,1.0,1.0,1.0,1.0,1.0,0.0,0.0,0.0,0.0,1.0,0.0,0.0,0.0,0.17382238700615282,20.20024752323599,21.002142747824564
12439,497.52,0.98,1,-0.02,0.297,0.093,0.009,-0.02,0.0,0.0,0.0,0.04,1.43,3.0,0.4,1.55,2.74,1.31,0.0,0.0,0.05,0.0,2.66,0.32,0.0,0.0,0.0,0.0,0.0,1.0,1.0,1.0,1.0,1.0,1.0,0.0,0.0,0.0,0.0,1.0,0.0,0.0,0.0,0.175825979785162,20.8002403832263,21.200943375236687
12440,497.56,0.98,1,-0.028,0.294,0.095,-0.006,0.005,0.0,0.0,0.0,0.01,1.44,3.12,0.4,1.54,2.74,1.22,0.0,0.0,0.02,0.0,2.71,0.34,0.0,0.0,0.0,0.0,0.0,1.0,1.0,1.0,1.0,1.0,1.0,0.0,0.0,0.0,0.0,1.0,0.0,0.0,0.0,0.17924723317951063,20.600242717016847,21.700230413523308
12441,497.6,0.98,1,-0.03,0.284,0.078,-0.007,-0.018,0.0,0.0,0.0,0.01,1.46,3.07,0.46,1.52,2.68,1.23,0.0,0.0,0.03,0.0,2.74,0.39,0.0,0.0,0.0,0.0,0.0,1.0,1.0,1.0,1.0,1.0,1.0,0.0,0.0,0.0,0.0,1.0,0.0,0.0,0.0,0.17832037201141918,20.299999999999955,21.0
12442,497.64,0.98,1,-0.02,0.291,0.088,0.012,-0.019,0.0,0.0,0.0,0.01,1.45,3.08,0.44,1.56,2.75,1.27,0.0,0.0,0.07,0.0,2.86,0.4,0.31,0.0,0.0,0.0,0.0,1.0,1.0,1.0,1.0,1.0,1.0,0.0,0.0,0.0,0.0,1.0,0.0,0.0,0.0,0.17406003993379576,21.000238093888363,21.59999999999991
12443,497.68,0.98,1,-0.025,0.312,0.083,-0.002,0.006,0.0,0.0,0.0,0.01,1.31,2.43,0.49,1.69,2.82,1.53,0.0,0.0,0.12,0.0,3.07,0.56,1.05,0.0,0.0,0.0,0.0,1.0,1.0,1.0,1.0,1.0,1.0,0.0,0.0,0.0,0.0,1.0,0.0,0.0,1.0,0.17517073921366277,19.004210059878837,16.91892431568872
12444,497.72,0.98,1,-0.041,0.416,0.074,-0.018,-0.01,0.11,0.0,0.0,0.0,1.32,2.19,0.49,1.83,2.88,1.66,0.0,0.0,0.11,0.0,3.2,0.97,1.84,0.0,0.0,0.0,0.0,1.0,1.0,1.0,1.0,1.0,1.0,0.0,0.0,0.0,0.0,1.0,1.0,0.0,1.0,0.1420652523090769,17.736967046256726,19.01289036417136
12445,497.76,0.98,1,-0.073,0.404,0.063,-0.001,-0.006,0.17,0.0,0.0,0.0,1.41,2.33,0.58,1.91,2.77,1.61,0.0,0.0,0.07,0.0,3.25,1.25,2.08,0.0,0.0,0.0,0.0,1.0,1.0,1.0,1.0,1.0,1.0,0.0,0.0,0.0,0.0,1.0,1.0,0.0,1.0,0.13942546996549143,19.064626930522266,20.208908926510652
12446,497.8,0.98,1,-0.07,0.379,0.078,0.012,0.012,0.19,0.0,0.0,0.0,1.54,2.95,0.66,1.77,2.61,1.49,0.0,0.01,0.0,0.0,3.26,1.53,1.66,0.0,0.0,0.0,0.0,1.0,1.0,1.0,1.0,1.0,1.0,0.0,0.0,0.0,0.0,1.0,1.0,0.0,1.0,0.09093635105741107,18.42009771961046,20.915305400591077
12447,497.84,0.98,1,-0.06,0.304,0.09,0.003,0.025,0.08,0.0,0.0,0.0,1.58,3.47,0.76,1.72,2.51,1.44,0.0,0.01,0.0,0.0,3.22,1.63,1.02,0.0,0.0,0.0,0.0,1.0,1.0,1.0,1.0,1.0,1.0,0.0,0.0,0.0,0.0,1.0,1.0,0.0,1.0,0.14764461973584925,17.763445611705,18.40027173712375
12448,497.88,0.98,1,-0.052,0.352,0.114,-0.008,0.034,0.02,0.0,0.0,0.0,1.61,3.57,0.73,1.74,2.52,1.47,0.0,0.1,0.0,0.0,3.21,1.87,0.65,0.0,0.0,0.0,0.0,1.0,1.0,1.0,1.0,1.0,1.0,0.0,0.0,0.0,0.0,1.0,1.0,0.0,1.0,0.14243541783156935,16.72991332912402,18.002499826412997
12449,497.92,0.98,1,-0.042,0.357,0.118,-0.007,0.047,0.0,0.0,0.0,0.0,1.63,3.79,0.7,1.77,2.54,1.41,0.0,0.19,0.0,0.0,3.09,1.96,0.33,0.0,0.0,0.0,0.0,1.0,1.0,1.0,1.0,1.0,1.0,0.0,0.0,0.0,0.0,1.0,1.0,0.0,0.0,0.1383753128697658,17.95466513193702,18.301092863542284
12450,497.96,0.98,1,-0.034,0.365,0.135,-0.009,0.054,0.0,0.0,0.0,0.06,1.6,3.69,0.59,1.86,2.53,1.22,0.06,0.19,0.0,0.0,3.01,1.7,0.18,0.0,0.0,0.0,0.0,1.0,1.0,1.0,1.0,1.0,1.0,0.0,0.0,0.0,0.0,1.0,1.0,0.0,0.0,0.14923485787769453,18.117670931993572,18.299999999999955
12451,498.0,0.98,1,-0.018,0.321,0.113,-0.024,0.032,0.0,0.0,0.0,0.06,1.49,3.62,0.56,2.04,2.52,1.11,0.12,0.11,0.0,0.0,2.79,1.13,0.03,0.0,0.0,0.0,0.0,1.0,1.0,1.0,1.0,1.0,1.0,0.0,0.0,0.0,0.0,1.0,1.0,0.0,0.0,0.15818891570722637,17.718069872308142,19.836330305779796
12452,498.04,0.98,1,-0.027,0.316,0.104,-0.012,0.021,0.0,0.0,0.0,0.16,1.38,3.4,0.53,2.17,2.47,0.98,0.14,0.0,0.0,0.0,2.64,0.6,0.03,0.0,0.0,0.0,0.0,1.0,1.0,1.0,1.0,1.0,1.0,0.0,0.0,0.0,0.0,1.0,1.0,0.0,0.0,0.16071284071745257,17.510282693320516,20.024984394500787
12453,498.08,0.98,1,-0.035,0.303,0.103,-0.012,0.017,0.0,0.0,0.0,0.1,1.4,3.3,0.56,2.19,2.47,0.98,0.09,0.0,0.0,0.0,2.6,0.31,0.03,0.0,0.0,0.0,0.0,1.0,1.0,1.0,1.0,1.0,1.0,0.0,0.0,0.0,0.0,1.0,1.0,0.0,0.0,0.1634784429361572,18.732325002519087,19.712432625122702
12454,498.12,0.98,1,-0.045,0.316,0.108,-0.007,0.011,0.03,0.0,0.0,0.1,1.49,3.37,0.59,2.1,2.56,1.01,0.03,0.0,0.0,0.0,2.79,0.28,0.0,0.0,0.0,0.0,0.0,1.0,1.0,1.0,1.0,1.0,1.0,0.0,0.0,0.0,0.0,1.0,0.0,0.0,0.0,0.16304190163227567,18.921416437465638,19.830532015051897
12455,498.16,0.98,1,-0.052,0.327,0.114,0.011,0.017,0.03,0.0,0.0,0.04,1.65,3.5,0.55,2.0,2.71,1.18,0.0,0.02,0.0,0.0,2.97,0.37,0.0,0.0,0.0,0.0,0.0,1.0,1.0,1.0,1.0,1.0,1.0,0.0,0.0,0.0,0.0,1.0,0.0,0.0,0.0,0.16066348500577254,19.42086506827138,19.720547659737868
12456,498.2,0.98,1,-0.061,0.323,0.125,0.01,0.038,0.03,0.0,0.0,0.21,1.63,3.5,0.49,1.92,2.83,1.29,0.0,0.03,0.0,0.0,3.03,0.5,0.0,0.0,0.0,0.0,0.0,1.0,1.0,1.0,1.0,1.0,1.0,0.0,0.0,0.0,0.0,1.0,0.0,0.0,0.0,0.16315792509622568,19.516403357176237,19.636700333813863
12457,498.24,0.98,1,-0.066,0.321,0.124,0.014,0.044,0.0,0.0,0.0,0.25,1.61,3.49,0.35,1.93,2.83,1.29,0.0,0.04,0.0,0.0,3.0,0.64,0.0,0.0,0.0,0.0,0.0,1.0,1.0,1.0,1.0,1.0,1.0,0.0,0.0,0.0,0.0,1.0,0.0,0.0,0.0,0.16329583172451587,19.606376513777256,19.920341362537027
12458,498.28,0.98,1,-0.072,0.315,0.12,0.021,0.042,0.0,0.0,0.0,0.21,1.6,3.52,0.36,1.99,2.85,1.3,0.0,0.06,0.0,0.0,2.92,0.71,0.0,0.0,0.0,0.0,0.0,1.0,1.0,1.0,1.0,1.0,1.0,0.0,0.0,0.0,0.0,1.0,0.0,0.0,0.0,0.16210731487586597,19.70634415613413,20.220039564748674
12459,498.32,0.98,1,-0.071,0.32,0.125,0.025,0.038,0.0,0.0,0.0,0.04,1.69,3.5,0.36,2.01,2.85,1.37,0.0,0.09,0.0,0.0,2.92,0.76,0.0,0.0,0.0,0.0,0.0,1.0,1.0,1.0,1.0,1.0,1.0,0.0,0.0,0.0,0.0,1.0,0.0,0.0,0.0,0.16195137773354729,20.112185361118904,19.736514383244117
12460,498.36,0.98,1,-0.066,0.318,0.123,0.025,0.036,0.0,0.0,0.0,0.0,1.7,3.46,0.42,1.93,2.87,1.4,0.0,0.08,0.0,0.0,2.88,0.74,0.0,0.0,0.0,0.0,0.0,1.0,1.0,1.0,1.0,1.0,1.0,0.0,0.0,0.0,0.0,1.0,0.0,0.0,0.0,0.16283253760095634,20.519746587129188,19.830532015051897
12461,498.4,0.98,1,-0.068,0.31,0.113,0.025,0.038,0.0,0.0,0.0,0.0,1.68,3.37,0.42,1.88,2.88,1.44,0.0,0.08,0.0,0.0,2.95,0.76,0.0,0.0,0.0,0.0,0.0,1.0,1.0,1.0,1.0,1.0,1.0,0.0,0.0,0.0,0.0,1.0,0.0,0.0,0.0,0.1645890766379966,20.719555979798454,19.620652384668468
12462,498.44,0.98,1,-0.062,0.308,0.113,0.02,0.037,0.0,0.0,0.0,0.0,1.65,3.31,0.42,1.81,2.84,1.44,0.0,0.04,0.0,0.0,2.94,0.76,0.0,0.0,0.0,0.0,0.0,1.0,1.0,1.0,1.0,1.0,1.0,0.0,0.0,0.0,0.0,1.0,0.0,0.0,0.0,0.16498358917798853,20.112185361118673,20.124860247962108
12463,498.48,0.98,1,-0.057,0.313,0.116,0.02,0.028,0.0,0.0,0.0,0.0,1.7,3.13,0.47,1.81,2.87,1.56,0.0,0.05,0.0,0.0,2.98,0.86,0.0,0.0,0.0,0.0,0.0,1.0,1.0,1.0,1.0,1.0,1.0,0.0,0.0,0.0,0.0,1.0,0.0,0.0,0.0,0.16523954019321638,20.106217943710984,20.1121853611189
12464,498.52,0.98,1,-0.05,0.313,0.117,0.02,0.02,0.0,0.0,0.0,0.0,1.69,3.12,0.51,1.85,2.88,1.51,0.0,0.04,0.0,0.0,2.95,0.92,0.0,0.0,0.0,0.0,0.0,1.0,1.0,1.0,1.0,1.0,1.0,0.0,0.0,0.0,0.0,1.0,1.0,0.0,0.0,0.1654979536965587,20.203960007879687,19.70634415613413
12465,498.56,0.98,1,-0.052,0.314,0.118,0.015,0.019,0.0,0.0,0.0,0.0,1.66,3.2,0.53,1.85,2.89,1.56,0.0,0.06,0.0,0.0,2.93,1.01,0.0,0.0,0.0,0.0,0.0,1.0,1.0,1.0,1.0,1.0,1.0,0.0,0.0,0.0,0.0,1.0,1.0,0.0,0.0,0.16505447011468344,20.303940504246906,19.904019694524113
12466,498.6,0.98,1,-0.05,0.317,0.119,0.015,0.016,0.0,0.0,0.0,0.0,1.62,3.33,0.53,1.83,2.88,1.51,0.0,0.12,0.0,0.0,2.9,0.97,0.0,0.0,0.0,0.0,0.0,1.0,1.0,1.0,1.0,1.0,1.0,0.0,0.0,0.0,0.0,1.0,1.0,0.0,0.0,0.16501259098522053,19.900251254695345,20.40392119177082
12467,498.64,0.98,1,-0.053,0.312,0.117,0.013,0.019,0.0,0.0,0.0,0.01,1.59,3.33,0.5,1.79,2.87,1.54,0.0,0.14,0.0,0.0,2.94,1.0,0.0,0.0,0.0,0.0,0.0,1.0,1.0,1.0,1.0,1.0,1.0,0.0,0.0,0.0,0.0,1.0,1.0,0.0,0.0,0.16617769239258656,20.203960007879687,19.902261178067043
12468,498.68,0.98,1,-0.053,0.316,0.12,0.008,0.02,0.0,0.0,0.0,0.01,1.61,3.31,0.47,1.82,2.9,1.45,0.0,0.12,0.0,0.0,2.96,0.93,0.0,0.0,0.0,0.0,0.0,1.0,1.0,1.0,1.0,1.0,1.0,0.0,0.0,0.0,0.0,1.0,1.0,0.0,0.0,0.1666995209199233,20.208908926510652,20.203960007879687
12469,498.72,0.98,1,-0.053,0.312,0.117,0.011,0.02,0.0,0.0,0.0,0.05,1.58,3.29,0.4,1.85,2.9,1.45,0.0,0.06,0.0,0.0,2.97,0.95,0.0,0.0,0.0,0.0,0.0,1.0,1.0,1.0,1.0,1.0,1.0,0.0,0.0,0.0,0.0,1.0,0.0,0.0,0.0,0.1661268871043894,20.200990074746382,20.406126531019904
12470,498.76,0.98,1,-0.048,0.315,0.119,0.009,0.018,0.0,0.0,0.0,0.05,1.61,3.41,0.39,1.9,2.91,1.5,0.0,0.05,0.0,0.0,2.92,0.9,0.0,0.0,0.0,0.0,0.0,1.0,1.0,1.0,1.0,1.0,1.0,0.0,0.0,0.0,0.0,1.0,0.0,0.0,0.0,0.16660727361586947,20.702173798903157,20.603883129158095
12471,498.8,0.98,1,-0.047,0.32,0.125,0.012,0.015,0.0,0.0,0.0,0.06,1.62,3.51,0.44,1.92,2.92,1.63,0.0,0.12,0.03,0.0,2.88,0.88,0.0,0.0,0.0,0.0,0.0,1.0,1.0,1.0,1.0,1.0,1.0,0.0,0.0,0.0,0.0,1.0,0.0,0.0,0.0,0.16657197209464286,21.10379112861018,20.60218435020899
12472,498.84,0.98,1,-0.041,0.312,0.121,0.015,0.014,0.0,0.0,0.0,0.06,1.61,3.63,0.5,1.91,2.92,1.78,0.0,0.2,0.03,0.0,2.89,0.92,0.0,0.0,0.0,0.0,0.0,1.0,1.0,1.0,1.0,1.0,1.0,0.0,0.0,0.0,0.0,1.0,0.0,0.0,0.0,0.16583265130827407,20.600970850908855,20.70096616102741
12473,498.88,0.98,1,-0.043,0.315,0.123,0.009,0.016,0.0,0.0,0.0,0.04,1.6,3.4,0.54,1.89,2.87,1.84,0.0,0.22,0.03,0.0,2.92,0.88,0.21,0.0,0.0,0.0,0.0,1.0,1.0,1.0,1.0,1.0,1.0,0.0,0.0,0.0,0.0,1.0,0.0,0.0,0.0,0.16674179835244962,20.700241544484495,20.700241544484495
12474,498.92,0.98,1,-0.058,0.353,0.107,0.01,0.022,0.0,0.0,0.0,0.03,1.53,3.31,0.51,1.91,2.82,1.81,0.0,0.14,0.0,0.0,2.99,0.98,0.52,0.0,0.0,0.0,0.0,1.0,1.0,1.0,1.0,1.0,1.0,0.0,0.0,0.0,0.0,1.0,0.0,0.0,0.0,0.14871856509955245,17.600284088616434,19.399999999999864
12475,498.96,0.98,1,-0.052,0.383,0.112,0.008,0.025,0.0,0.0,0.0,0.0,1.5,3.2,0.46,1.89,2.79,1.68,0.0,0.13,0.0,0.0,3.06,0.97,0.7,0.0,0.0,0.0,0.0,1.0,1.0,1.0,1.0,1.0,1.0,0.0,0.0,0.0,0.0,1.0,0.0,0.0,0.0,0.14326775358373642,17.800280896659984,18.609674903125125
12476,499.0,0.98,1,-0.056,0.401,0.114,0.009,0.029,0.0,0.0,0.0,0.0,1.41,3.19,0.42,1.89,2.79,1.65,0.08,0.21,0.0,0.0,3.0,1.03,0.66,0.0,0.0,0.0,0.0,1.0,1.0,1.0,1.0,1.0,1.0,0.0,0.0,0.0,0.0,1.0,0.0,0.0,0.0,0.14736644724297548,17.600284088616206,18.921416437465865
12477,499.04,0.98,1,-0.052,0.386,0.116,0.007,0.034,0.0,0.0,0.0,0.0,1.35,2.95,0.4,1.79,2.71,1.68,0.09,0.41,0.02,0.0,2.93,1.0,0.48,0.0,0.0,0.0,0.0,1.0,1.0,1.0,1.0,1.0,1.0,0.0,0.0,0.0,0.0,1.0,0.0,0.0,0.0,0.1421754391376152,18.509727172489605,18.51323850653904
12478,499.08,0.98,1,-0.044,0.384,0.117,0.003,0.038,0.0,0.0,0.0,0.0,1.29,2.85,0.39,1.71,2.62,1.68,0.15,0.51,0.02,0.0,2.81,1.06,0.44,0.0,0.0,0.0,0.0,1.0,1.0,1.0,1.0,1.0,1.0,0.0,0.0,0.0,0.0,1.0,0.0,0.0,0.0,0.1452859100247319,18.509727172489605,19.00657780874821
12479,499.12,0.98,1,-0.04,0.408,0.123,0.003,0.035,0.0,0.0,0.0,0.0,1.19,2.69,0.4,1.53,2.46,1.6,0.11,0.55,0.02,0.0,2.82,1.18,0.66,0.0,0.0,0.0,0.0,1.0,1.0,1.0,1.0,1.0,1.0,0.0,1.0,0.0,0.0,1.0,0.0,0.0,0.0,0.15557343392004158,16.90118339052019,18.209887424144107
12480,499.16,0.98,1,-0.068,0.398,0.114,0.001,0.03,0.33,0.0,0.0,0.0,0.92,2.28,0.3,1.48,2.37,1.43,0.19,0.48,0.05,0.0,2.7,1.31,1.24,0.0,0.0,0.0,0.0,1.0,1.0,1.0,1.0,1.0,1.0,0.0,1.0,0.0,0.0,1.0,0.0,0.0,1.0,0.16277696277840276,18.545619428857044,18.501081049495458
12481,499.2,0.98,1,-0.026,0.416,0.11,-0.001,0.029,0.45,0.0,0.0,0.0,0.61,1.66,0.2,1.33,2.2,1.36,0.24,0.58,0.08,0.0,2.32,1.28,1.77,0.0,0.0,0.0,0.0,1.0,1.0,0.0,1.0,1.0,1.0,0.0,1.0,0.0,0.0,1.0,0.0,0.0,1.0,0.14552995216722658,18.732325002519087,18.100276240985846
12482,499.24,0.98,1,-0.04,0.442,0.098,-0.01,0.028,0.48,0.0,0.0,0.0,0.39,1.32,0.12,1.29,2.03,1.34,0.36,0.65,0.18,0.0,1.65,0.95,1.96,0.0,0.0,0.0,0.0,0.0,1.0,0.0,0.0,1.0,1.0,0.0,1.0,0.0,0.0,1.0,0.0,0.0,1.0,0.14982030270636953,17.880995498014272,19.600255100380846
12483,499.28,0.98,1,-0.038,0.405,0.073,-0.01,0.001,0.21,0.0,0.0,0.0,0.42,1.69,0.16,0.99,1.77,1.26,0.34,0.89,0.12,0.0,0.89,0.62,1.64,0.0,0.0,0.0,0.0,0.0,1.0,0.0,0.0,1.0,1.0,0.0,1.0,0.0,0.0,0.0,0.0,0.0,1.0,0.15725193894158523,17.801685313475055,20.803845798313304
12484,499.32,0.98,1,-0.038,0.347,0.08,0.009,-0.003,0.09,0.0,0.0,0.0,0.42,2.22,0.15,0.87,1.61,1.05,0.33,1.01,0.1,0.0,0.34,0.31,1.13,0.0,0.0,0.0,0.0,0.0,1.0,0.0,0.0,1.0,1.0,0.0,1.0,0.0,0.0,0.0,0.0,0.0,1.0,0.15922009090758585,19.03785702225962,20.811775512915716
12485,499.36,0.98,1,-0.034,0.369,0.101,-0.003,0.016,0.07,0.0,0.0,0.0,0.43,2.66,0.11,0.68,1.59,0.83,0.25,1.02,0.0,0.0,0.06,0.24,0.55,0.0,0.0,0.0,0.0,1.0,1.0,0.0,0.0,1.0,1.0,0.0,1.0,0.0,0.0,0.0,0.0,0.0,1.0,0.15581586673834527,16.20277753966898,16.93576098083588
12486,499.4,0.98,1,-0.038,0.35,0.103,0.004,0.006,0.01,0.0,0.0,0.0,0.36,2.69,0.05,0.8,1.61,0.82,0.25,1.08,0.1,0.04,0.0,0.1,0.17,0.0,0.0,0.0,0.0,1.0,1.0,0.0,0.0,1.0,1.0,0.0,1.0,0.0,0.0,0.0,0.0,0.0,1.0,0.180521699793564,17.500285711953392,17.904468715937792
12487,499.44,0.98,1,-0.056,0.318,0.089,-0.013,0.02,0.01,0.0,0.0,0.02,0.44,2.94,0.11,0.84,1.6,0.93,0.26,1.02,0.15,0.04,0.0,0.06,0.01,0.0,0.0,0.0,0.0,1.0,1.0,0.0,0.0,1.0,1.0,0.0,1.0,0.0,0.0,0.0,0.0,0.0,0.0,0.17730343127951154,18.317477992343772,18.313383084509493
12488,499.48,0.98,1,-0.057,0.319,0.09,-0.005,0.002,0.0,0.0,0.0,0.05,0.47,2.96,0.09,0.8,1.55,0.95,0.25,0.97,0.15,0.06,0.04,0.0,0.01,0.0,0.0,0.0,0.0,1.0,1.0,0.0,0.0,1.0,1.0,0.0,1.0,0.0,0.0,0.0,0.0,0.0,0.0,0.18282995165777602,19.62065238466847,19.61631973638267
12489,499.52,0.98,1,-0.045,0.32,0.075,-0.004,-0.001,0.0,0.0,0.0,0.13,0.51,2.98,0.08,0.7,1.6,0.87,0.25,0.71,0.05,0.05,0.17,0.0,0.0,0.0,0.0,0.0,0.0,1.0,1.0,0.0,0.0,1.0,1.0,0.0,1.0,0.0,0.0,0.0,0.0,0.0,0.0,0.18125026343467304,19.10942175995905,19.409276132818647
12490,499.56,0.98,1,-0.035,0.299,0.076,-0.002,-0.008,0.0,0.0,0.0,0.19,0.46,2.72,0.02,0.64,1.63,0.86,0.17,0.57,0.0,0.08,0.32,0.0,0.0,0.0,0.0,0.0,0.0,1.0,1.0,0.0,0.0,1.0,1.0,0.0,1.0,0.0,0.0,0.0,0.0,0.0,0.0,0.1955281285245611,19.00236827345476,20.4009803685998
12491,499.6,0.98,1,-0.031,0.299,0.076,0.0,-0.01,0.0,0.0,0.0,0.16,0.49,2.61,0.02,0.68,1.67,0.99,0.16,0.53,0.0,0.09,0.41,0.01,0.0,0.0,0.0,0.0,0.0,1.0,1.0,0.0,0.0,1.0,1.0,0.0,1.0,0.0,0.0,0.0,0.0,0.0,0.0,0.20120554213226713,19.201041638411226,21.500232556881798
12492,499.64,0.98,1,-0.031,0.308,0.08,0.002,-0.012,0.0,0.0,0.0,0.1,0.45,2.57,0.02,0.71,1.68,1.14,0.09,0.53,0.0,0.07,0.43,0.01,0.0,0.0,0.0,0.0,0.0,1.0,1.0,0.0,0.0,1.0,1.0,0.0,1.0,0.0,0.0,0.0,0.0,0.0,0.0,0.20691397007878076,19.401030900444304,21.5
12493,499.68,0.98,1,-0.022,0.288,0.076,0.003,-0.014,0.0,0.0,0.0,0.02,0.49,2.51,0.03,0.74,1.69,1.24,0.05,0.53,0.04,0.08,0.46,0.01,0.0,0.0,0.0,0.0,0.0,1.0,1.0,0.0,0.0,1.0,1.0,0.0,1.0,0.0,0.0,0.0,0.0,0.0,0.0,0.2052508323314738,19.801010075246342,22.50199991111901
12494,499.72,0.98,1,-0.023,0.303,0.076,0.0,-0.014,0.0,0.0,0.0,0.02,0.47,2.57,0.06,0.75,1.68,1.13,0.01,0.53,0.04,0.06,0.52,0.0,0.0,0.0,0.0,0.0,0.0,1.0,1.0,0.0,0.0,1.0,1.0,0.0,1.0,0.0,0.0,0.0,0.0,0.0,0.0,0.20099108570736363,20.319940944796027,21.500930212434998
12495,499.76,0.98,1,-0.017,0.303,0.078,0.001,-0.013,0.0,0.0,0.0,0.0,0.52,2.78,0.12,0.76,1.65,1.09,0.01,0.66,0.04,0.07,0.45,0.04,0.0,0.0,0.0,0.0,0.0,1.0,1.0,0.0,0.0,1.0,1.0,0.0,1.0,0.0,0.0,0.0,0.0,0.0,0.0,0.21449180055316527,20.300985197768068,21.30211257129203
12496,499.8,0.98,1,-0.022,0.294,0.074,0.003,-0.008,0.0,0.0,0.0,0.01,0.55,2.91,0.22,0.74,1.65,0.99,0.01,0.81,0.0,0.03,0.39,0.05,0.0,0.0,0.0,0.0,0.0,1.0,1.0,0.0,0.0,1.0,1.0,0.0,1.0,0.0,0.0,0.0,0.0,0.0,0.0,0.20865786885492305,20.500243900988107,20.902152999152847
12497,499.84,0.98,1,-0.026,0.319,0.075,0.006,0.001,0.0,0.0,0.0,0.01,0.57,2.82,0.2,0.77,1.64,0.98,0.0,0.9,0.0,0.05,0.32,0.05,0.0,0.0,0.0,0.0,0.0,1.0,1.0,0.0,0.0,1.0,1.0,0.0,1.0,0.0,0.0,0.0,0.0,0.0,0.0,0.19177428013560283,20.0,21.30211257129203
12498,499.88,0.98,1,-0.034,0.303,0.065,0.002,-0.001,0.0,0.0,0.0,0.01,0.6,2.57,0.12,0.87,1.7,0.99,0.0,0.78,0.0,0.02,0.35,0.01,0.0,0.0,0.0,0.0,0.0,1.0,1.0,0.0,0.0,1.0,1.0,0.0,1.0,0.0,0.0,0.0,0.0,0.0,0.0,0.19345788458153704,20.61552812808821,21.002142747824564
12499,499.92,0.98,1,-0.033,0.309,0.072,-0.003,-0.006,0.0,0.0,0.0,0.0,0.66,2.38,0.02,0.99,1.82,1.13,0.0,0.54,0.0,0.02,0.56,0.08,0.0,0.0,0.0,0.0,0.0,1.0,1.0,0.0,0.0,1.0,1.0,0.0,1.0,0.0,0.0,0.0,0.0,0.0,0.0,0.2018932334831658,20.306156701847797,20.60606706773531
12500,499.96,0.98,1,-0.031,0.301,0.078,-0.002,-0.012,0.0,0.0,0.0,0.0,0.76,2.3,0.0,1.14,1.9,1.13,0.01,0.31,0.0,0.0,1.07,0.35,0.0,0.0,0.0,0.0,0.0,1.0,1.0,0.0,1.0,1.0,1.0,0.0,0.0,0.0,0.0,1.0,0.0,0.0,0.0,0.19353624918332282,20.500975586542218,20.706037766796474
12501,500.0,0.98,1,-0.03,0.304,0.085,-0.001,-0.018,0.0,0.0,0.0,0.03,0.88,2.45,0.08,1.14,1.95,1.03,0.01,0.14,0.0,0.0,1.76,0.81,0.0,0.0,0.0,0.0,0.0,1.0,1.0,0.0,1.0,1.0,1.0,0.0,0.0,0.0,0.0,1.0,1.0,0.0,0.0,0.1879242806380645,22.005681084665387,21.60370338622515
12502,500.04,0.98,1,-0.02,0.31,0.093,0.007,-0.013,0.0,0.0,0.0,0.07,0.95,2.52,0.16,1.17,1.94,0.83,0.01,0.04,0.0,0.0,2.3,1.44,0.0,0.0,0.0,0.0,0.0,1.0,1.0,1.0,1.0,1.0,1.0,0.0,0.0,0.0,0.0,1.0,1.0,0.0,0.0,0.18818657776611936,21.403737991294747,21.60208323287354
12503,500.08,0.98,1,-0.023,0.334,0.113,-0.006,0.008,0.0,0.0,0.0,0.07,0.99,2.71,0.16,1.11,1.94,0.71,0.0,0.01,0.0,0.0,2.68,2.02,0.0,0.0,0.0,0.0,0.0,1.0,1.0,1.0,1.0,1.0,1.0,0.0,0.0,0.0,0.0,1.0,1.0,0.0,0.0,0.18803319399505908,21.708293346092457,21.508370463612533
12504,500.12,0.98,1,-0.012,0.336,0.157,-0.022,0.013,0.0,0.0,0.0,0.04,1.02,2.75,0.16,1.24,1.83,0.7,0.0,0.03,0.0,0.0,2.69,2.35,0.0,0.0,0.0,0.0,0.0,1.0,1.0,1.0,1.0,1.0,1.0,0.0,0.0,0.0,0.0,1.0,1.0,0.0,0.0,0.19799615464489326,22.000227271553356,21.703686322834702
12505,500.16,0.98,1,-0.014,0.329,0.1,-0.021,-0.005,0.0,0.0,0.0,0.0,0.98,2.72,0.21,1.23,1.76,0.68,0.0,0.03,0.0,0.0,2.49,2.39,0.0,0.0,0.0,0.0,0.0,1.0,1.0,1.0,1.0,1.0,1.0,0.0,0.0,0.0,0.0,1.0,1.0,0.0,0.0,0.18496670938966944,21.403737991294975,21.50581316760657
12506,500.2,0.98,1,-0.008,0.309,0.069,-0.015,-0.015,0.0,0.0,0.0,0.09,0.9,2.61,0.26,1.27,1.66,0.7,0.0,0.04,0.0,0.0,1.96,2.12,0.0,0.0,0.0,0.0,0.0,1.0,1.0,1.0,1.0,1.0,1.0,1.0,0.0,0.0,0.0,1.0,1.0,0.0,0.0,0.18596453947954208,21.30211257129203,21.50837046361253
12507,500.24,0.98,1,0.0,0.285,0.07,-0.014,-0.021,0.0,0.0,0.0,0.13,0.79,2.61,0.26,1.23,1.66,0.87,0.0,0.09,0.02,0.0,1.48,1.55,0.0,0.0,0.0,0.0,0.0,1.0,1.0,0.0,1.0,1.0,1.0,1.0,0.0,0.0,0.0,1.0,1.0,0.0,0.0,0.20765825828028525,21.000238093888363,21.303755537463523
12508,500.28,0.98,1,0.0,0.292,0.076,-0.012,-0.025,0.0,0.0,0.0,0.18,0.76,2.64,0.18,1.31,1.64,1.08,0.08,0.17,0.09,0.0,1.15,0.89,0.0,0.0,0.0,0.0,0.0,1.0,1.0,0.0,1.0,1.0,1.0,1.0,0.0,0.0,0.0,1.0,0.0,0.0,0.0,0.2040933939895934,20.700000000000045,21.0
12509,500.32,0.98,1,-0.007,0.31,0.082,-0.016,-0.026,0.0,0.0,0.0,0.09,0.79,2.7,0.22,1.43,1.74,1.35,0.08,0.14,0.11,0.0,1.08,0.41,0.0,0.0,0.0,0.0,0.0,1.0,1.0,0.0,1.0,1.0,1.0,1.0,0.0,0.0,0.0,1.0,0.0,0.0,0.0,0.18770744048069546,20.500243900988107,20.900239233080654
12510,500.36,0.98,1,-0.008,0.305,0.078,-0.017,-0.026,0.0,0.01,0.0,0.06,0.83,2.68,0.22,1.49,1.8,1.47,0.08,0.2,0.16,0.0,1.18,0.18,0.0,0.0,0.0,0.0,0.0,1.0,1.0,0.0,1.0,1.0,1.0,0.0,0.0,0.0,0.0,1.0,0.0,0.0,0.0,0.1997255065780511,20.700241544484495,21.100947846009102
12511,500.4,0.98,1,-0.017,0.306,0.073,-0.023,-0.026,0.0,0.01,0.0,0.02,0.88,2.83,0.28,1.53,1.86,1.5,0.0,0.16,0.16,0.0,1.24,0.1,0.0,0.0,0.0,0.0,0.0,1.0,1.0,1.0,1.0,1.0,1.0,0.0,0.0,0.0,0.0,1.0,0.0,0.0,0.0,0.19636174389717204,20.900956915892493,21.70368632283447
12512,500.44,0.98,1,-0.008,0.301,0.07,-0.014,-0.032,0.0,0.01,0.0,0.02,0.91,2.86,0.34,1.49,1.84,1.39,0.0,0.16,0.18,0.0,1.26,0.11,0.0,0.0,0.0,0.0,0.0,1.0,1.0,1.0,1.0,1.0,1.0,0.0,0.0,0.0,0.0,1.0,0.0,0.0,0.0,0.19144319520968045,21.00095235935742,21.203773249117763
12513,500.48,0.98,1,-0.01,0.292,0.066,-0.009,-0.034,0.0,0.0,0.0,0.11,0.95,2.92,0.45,1.49,1.85,1.26,0.0,0.03,0.15,0.0,1.37,0.16,0.0,0.0,0.0,0.0,0.0,1.0,1.0,1.0,1.0,1.0,1.0,0.0,0.0,0.0,0.0,1.0,0.0,0.0,0.0,0.19655161858502623,21.000238093888363,20.70386437358982
12514,500.52,0.98,1,-0.011,0.292,0.065,-0.006,-0.034,0.0,0.0,0.0,0.13,1.0,2.8,0.44,1.5,1.91,1.14,0.0,0.02,0.08,0.0,1.43,0.15,0.01,0.0,0.0,0.0,0.0,1.0,1.0,1.0,1.0,1.0,1.0,0.0,0.0,0.0,0.0,1.0,0.0,0.0,0.0,0.19320213143420809,21.20094337523691,20.603883129157868
12515,500.56,0.98,1,-0.011,0.305,0.054,-0.01,-0.028,0.13,0.15,0.0,0.13,1.05,2.79,0.44,1.47,2.01,1.2,0.0,0.02,0.11,0.0,1.58,0.07,0.21,0.0,0.0,0.0,0.0,1.0,1.0,1.0,1.0,1.0,1.0,0.0,0.0,0.0,0.0,1.0,0.0,0.0,0.0,0.17935952434835095,20.900956915892497,20.908610666421485
12516,500.6,0.98,1,-0.009,0.361,0.064,0.002,-0.02,0.13,0.15,0.0,0.03,1.04,2.71,0.33,1.49,2.09,1.22,0.0,0.14,0.14,0.0,1.6,0.02,0.3,0.0,0.0,0.0,0.0,1.0,1.0,1.0,1.0,1.0,1.0,0.0,0.0,0.0,0.0,1.0,0.0,0.0,0.0,0.16749238753206466,19.101047091717387,19.100261778310927
12517,500.64,0.98,1,-0.014,0.357,0.061,-0.021,-0.003,0.13,0.15,0.0,0.01,1.07,2.71,0.32,1.53,2.14,1.31,0.0,0.13,0.21,0.0,1.67,0.01,0.38,0.0,0.0,0.0,0.0,1.0,1.0,1.0,1.0,1.0,1.0,0.0,0.0,0.0,0.0,1.0,0.0,0.0,0.0,0.16141622300572853,17.702542190318134,19.09999999999991
12518,500.68,0.98,1,-0.018,0.35,0.057,-0.011,-0.019,0.04,0.0,0.0,0.04,1.06,2.57,0.31,1.69,2.17,1.29,0.0,0.13,0.25,0.0,1.67,0.01,0.42,0.0,0.0,0.0,0.0,1.0,1.0,1.0,1.0,1.0,1.0,0.0,0.0,0.0,0.0,1.0,0.0,0.0,0.0,0.16112240047645443,17.902513789968246,18.701069488133605
12519,500.72,0.98,1,-0.016,0.362,0.059,-0.009,-0.023,0.11,0.01,0.0,0.04,1.11,2.47,0.34,1.77,2.18,1.36,0.0,0.01,0.23,0.0,1.78,0.05,0.69,0.0,0.0,0.0,0.0,1.0,1.0,1.0,1.0,1.0,1.0,0.0,0.0,0.0,0.0,1.0,0.0,0.0,0.0,0.16223268481547487,17.713836399831674,18.90105817143589
12520,500.76,0.98,1,-0.024,0.364,0.066,-0.006,-0.026,0.15,0.01,0.0,0.03,1.07,2.47,0.3,1.77,2.22,1.35,0.0,0.0,0.16,0.0,2.02,0.07,0.78,0.0,0.0,0.0,0.0,1.0,1.0,1.0,1.0,1.0,1.0,0.0,0.0,0.0,0.0,1.0,0.0,0.0,0.0,0.1650068104724064,18.009997223764362,19.202343606966355
12521,500.8,0.98,1,-0.032,0.367,0.067,-0.008,-0.023,0.16,0.01,0.0,0.11,1.14,2.56,0.37,1.6,2.27,1.29,0.0,0.0,0.05,0.0,2.26,0.08,0.93,0.0,0.0,0.0,0.0,1.0,1.0,1.0,1.0,1.0,1.0,0.0,0.0,0.0,0.0,1.0,0.0,0.0,0.0,0.17165400032064415,18.402445489662373,19.10942175995905
12522,500.84,0.98,1,-0.026,0.386,0.077,0.005,-0.018,0.09,0.0,0.0,0.11,1.1,2.74,0.42,1.48,2.32,1.05,0.0,0.0,0.01,0.0,2.33,0.21,0.8,0.0,0.0,0.0,0.0,1.0,1.0,1.0,1.0,1.0,1.0,0.0,0.0,0.0,0.0,1.0,0.0,0.0,0.0,0.1569669708453638,18.100000000000136,18.7130970178643
12523,500.88,0.98,1,-0.015,0.366,0.075,-0.008,0.012,0.06,0.0,0.0,0.11,1.1,2.7,0.52,1.52,2.31,1.09,0.0,0.0,0.05,0.0,2.3,0.28,0.79,0.0,0.0,0.0,0.0,1.0,1.0,1.0,1.0,1.0,1.0,0.0,0.0,0.0,0.0,1.0,0.0,0.0,0.0,0.15308709314286056,17.30115603073986,18.806647760831762
12524,500.92,0.98,1,-0.008,0.357,0.074,-0.018,-0.009,0.05,0.0,0.0,0.01,1.11,2.73,0.51,1.65,2.35,1.26,0.0,0.0,0.18,0.0,2.24,0.39,0.76,0.0,0.0,0.0,0.0,1.0,1.0,1.0,1.0,1.0,1.0,0.0,0.0,0.0,0.0,1.0,0.0,0.0,0.0,0.1658338965421871,18.41331040307536,19.602295783912567
12525,500.96,0.98,1,-0.011,0.391,0.088,0.005,-0.011,0.05,0.0,0.0,0.01,1.09,2.56,0.53,1.75,2.43,1.34,0.0,0.04,0.17,0.0,2.35,0.36,0.74,0.0,0.0,0.0,0.0,1.0,1.0,1.0,1.0,1.0,1.0,0.0,0.0,0.0,0.0,1.0,0.0,0.0,0.0,0.1548248066872264,17.802527910384143,19.004210059878837
12526,501.0,0.98,1,-0.027,0.39,0.083,-0.006,0.014,0.05,0.0,0.0,0.01,1.2,2.45,0.48,1.84,2.49,1.36,0.0,0.04,0.16,0.0,2.35,0.4,0.97,0.0,0.0,0.0,0.0,1.0,1.0,1.0,1.0,1.0,1.0,0.0,0.0,0.0,0.0,1.0,0.0,0.0,0.0,0.15609340422693635,16.90000000000009,18.80425483766901
12527,501.04,0.98,1,-0.059,0.398,0.085,-0.013,-0.01,0.13,0.0,0.0,0.0,1.14,2.51,0.42,1.85,2.36,1.27,0.0,0.04,0.18,0.0,2.34,0.53,0.9,0.0,0.0,0.0,0.0,1.0,1.0,1.0,1.0,1.0,1.0,0.0,0.0,0.0,0.0,1.0,0.0,0.0,0.0,0.1562852169108943,16.600301202086573,17.00117642988273
12528,501.08,0.98,1,-0.079,0.391,0.082,-0.008,-0.015,0.29,0.01,0.0,0.0,1.04,2.44,0.45,1.61,1.94,1.19,0.05,0.0,0.18,0.0,2.05,0.76,1.1,0.0,0.0,0.0,0.0,1.0,1.0,1.0,1.0,1.0,1.0,0.0,0.0,0.0,0.0,1.0,0.0,0.0,0.0,0.16595358421003134,16.90739483184785,17.802527910383915
12529,501.12,0.98,1,-0.074,0.391,0.077,-0.01,-0.014,0.36,0.02,0.0,0.05,0.69,2.43,0.5,1.18,1.38,0.92,0.21,0.07,0.14,0.0,1.62,1.0,1.14,0.0,0.0,0.0,0.0,1.0,1.0,1.0,1.0,1.0,1.0,1.0,0.0,0.0,0.0,1.0,0.0,0.0,0.0,0.15762275399336162,16.70748335327598,17.900279327429594
12530,501.16,0.98,1,-0.07,0.384,0.073,-0.015,-0.009,0.33,0.02,0.0,0.05,0.44,2.36,0.53,0.87,0.96,0.79,0.31,0.26,0.0,0.0,1.15,1.07,1.31,0.0,0.0,0.0,0.0,1.0,1.0,0.0,0.0,1.0,1.0,1.0,0.0,0.0,0.0,1.0,0.0,0.0,1.0,0.1629940104561418,17.114321488157355,18.106904760339265
12531,501.2,0.98,1,-0.065,0.379,0.07,-0.01,-0.011,0.25,0.01,0.0,0.05,0.3,2.39,0.48,0.75,0.79,0.81,0.38,0.49,0.0,0.0,0.82,1.05,1.41,0.0,0.0,0.0,0.0,1.0,1.0,0.0,0.0,1.0,1.0,1.0,0.0,0.0,0.0,1.0,0.0,0.0,1.0,0.16934940545884836,17.32887763243789,17.906981878585885
12532,501.24,0.98,1,-0.053,0.38,0.067,-0.013,-0.009,0.21,0.0,0.0,0.0,0.32,2.52,0.46,0.88,0.88,0.89,0.22,0.49,0.0,0.0,0.74,0.9,1.48,0.0,0.0,0.0,0.0,1.0,1.0,0.0,0.0,1.0,1.0,1.0,0.0,0.0,0.0,1.0,0.0,0.0,1.0,0.164856955654165,17.647946056128024,18.30983342360051
12533,501.28,0.98,1,-0.056,0.394,0.07,-0.015,-0.011,0.21,0.05,0.0,0.0,0.37,2.52,0.57,0.98,0.99,0.88,0.12,0.42,0.0,0.0,0.84,0.86,1.58,0.0,0.0,0.0,0.0,1.0,1.0,0.0,0.0,1.0,1.0,1.0,0.0,0.0,0.0,1.0,0.0,0.0,1.0,0.1673105133163924,16.71915069613268,18.31338308450949
12534,501.32,0.98,1,-0.07,0.408,0.078,-0.006,-0.006,0.18,0.05,0.0,0.0,0.46,2.58,0.65,1.1,1.25,0.86,0.01,0.33,0.0,0.0,1.09,0.8,1.7,0.0,0.0,0.0,0.0,1.0,1.0,1.0,0.0,1.0,1.0,0.0,0.0,0.0,0.0,1.0,0.0,0.0,1.0,0.1520233095459685,16.131026005806234,17.114321488157355
12535,501.36,0.98,1,-0.065,0.415,0.094,-0.012,0.009,0.18,0.05,0.0,0.0,0.61,2.66,0.78,1.2,1.54,0.96,0.0,0.28,0.0,0.0,1.46,0.81,1.59,0.0,0.0,0.0,0.0,1.0,1.0,1.0,0.0,1.0,1.0,0.0,0.0,0.0,0.0,1.0,0.0,0.0,1.0,0.15416694193534577,16.71077496706845,17.710166571774348
12536,501.4,0.98,1,-0.078,0.409,0.096,-0.006,-0.006,0.09,0.0,0.0,0.07,0.69,2.66,0.82,1.18,1.78,1.04,0.0,0.19,0.0,0.0,1.76,0.82,1.48,0.0,0.0,0.0,0.0,1.0,1.0,1.0,1.0,1.0,1.0,0.0,0.0,0.0,0.0,1.0,0.0,0.0,1.0,0.15462520191689363,16.600301202086804,18.009997223764362
12537,501.44,0.98,1,-0.063,0.418,0.114,-0.006,0.004,0.04,0.0,0.0,0.07,0.68,2.38,0.75,1.23,1.94,1.23,0.0,0.06,0.0,0.0,2.1,0.77,1.53,0.0,0.0,0.0,0.0,1.0,1.0,1.0,1.0,1.0,1.0,0.0,0.0,0.0,0.0,1.0,0.0,0.0,1.0,0.1690858938177537,17.800280896659984,17.12366783139631
12538,501.48,0.98,1,-0.028,0.45,0.109,-0.012,0.012,0.05,0.0,0.0,0.07,0.55,1.88,0.51,1.25,1.95,1.28,0.0,0.03,0.0,0.0,2.39,1.0,1.98,0.0,0.0,0.0,0.0,1.0,1.0,1.0,1.0,1.0,1.0,0.0,0.0,0.0,0.0,1.0,0.0,0.0,1.0,0.1528256422929783,17.781451009408702,20.12486024796188
12539,501.52,0.98,1,-0.04,0.469,0.121,-0.016,0.015,0.06,0.0,0.0,0.0,0.5,1.75,0.27,1.35,1.9,1.22,0.0,0.16,0.0,0.0,2.38,1.31,2.03,0.0,0.0,0.0,0.0,1.0,1.0,1.0,1.0,1.0,1.0,0.0,0.0,0.0,0.0,1.0,0.0,0.0,1.0,0.1475566085148109,17.223530416264655,18.409780009549134
12540,501.56,0.98,1,-0.031,0.44,0.1,-0.014,0.022,0.18,0.08,0.0,0.0,0.61,2.15,0.22,1.44,1.79,1.14,0.0,0.28,0.0,0.0,2.1,1.43,1.62,0.0,0.0,0.0,0.0,1.0,1.0,1.0,1.0,1.0,1.0,0.0,0.0,0.0,0.0,1.0,0.0,0.0,1.0,0.1497510523218814,17.44849563716033,18.800265955565582
12541,501.6,0.98,1,-0.023,0.372,0.098,0.003,-0.003,0.13,0.08,0.0,0.0,0.8,2.84,0.3,1.48,1.76,0.93,0.02,0.55,0.0,0.0,1.56,1.35,0.83,0.0,0.0,0.0,0.0,1.0,1.0,1.0,1.0,1.0,1.0,0.0,0.0,0.0,0.0,1.0,0.0,0.0,1.0,0.15828247991802336,18.432851108821854,19.509228585466932
12542,501.64,0.98,1,-0.026,0.369,0.102,-0.015,0.018,0.12,0.08,0.0,0.0,0.97,3.07,0.42,1.53,1.82,0.94,0.02,0.53,0.0,0.0,1.33,0.94,0.53,0.0,0.0,0.0,0.0,1.0,1.0,1.0,1.0,1.0,1.0,0.0,0.0,0.0,0.0,1.0,0.0,0.0,0.0,0.15091467087504853,17.610224302943923,17.707060738586787
12543,501.68,0.98,1,-0.031,0.36,0.112,-0.001,-0.001,0.0,0.0,0.0,0.0,0.95,3.17,0.42,1.5,1.86,0.8,0.1,0.66,0.0,0.0,1.22,0.94,0.25,0.0,0.0,0.0,0.0,1.0,1.0,1.0,1.0,1.0,1.0,0.0,1.0,0.0,0.0,1.0,0.0,0.0,0.0,0.1616157030397808,18.201098867925577,18.90105817143589
12544,501.72,0.98,1,-0.037,0.342,0.108,-0.004,0.015,0.0,0.0,0.0,0.0,0.95,3.11,0.45,1.45,1.88,0.66,0.09,0.51,0.01,0.0,1.35,0.91,0.19,0.0,0.0,0.0,0.0,1.0,1.0,1.0,1.0,1.0,1.0,0.0,1.0,0.0,0.0,1.0,0.0,0.0,0.0,0.1587034863349059,19.41648783894769,19.200000000000045
12545,501.76,0.98,1,-0.04,0.335,0.101,-0.003,0.02,0.0,0.0,0.0,0.0,0.91,3.1,0.47,1.52,1.89,0.61,0.11,0.5,0.1,0.0,1.38,0.89,0.0,0.0,0.0,0.0,0.0,1.0,1.0,1.0,1.0,1.0,1.0,0.0,1.0,0.0,0.0,1.0,0.0,0.0,0.0,0.16511165186172896,19.709134937890926,19.899999999999864
12546,501.8,0.98,1,-0.043,0.334,0.096,0.009,-0.001,0.0,0.0,0.0,0.0,0.97,3.1,0.51,1.52,1.93,0.59,0.03,0.38,0.1,0.0,1.59,0.86,0.0,0.0,0.0,0.0,0.0,1.0,1.0,1.0,1.0,1.0,1.0,0.0,1.0,0.0,0.0,1.0,0.0,0.0,0.0,0.1628096428355773,19.904019694523882,19.600000000000136
12547,501.84,0.98,1,-0.048,0.327,0.1,0.004,0.011,0.0,0.0,0.0,0.0,0.93,3.09,0.51,1.48,1.97,0.78,0.02,0.36,0.09,0.0,1.75,0.84,0.0,0.0,0.0,0.0,0.0,1.0,1.0,1.0,1.0,1.0,1.0,0.0,1.0,0.0,0.0,1.0,0.0,0.0,0.0,0.1715757839765739,19.70228413154175,20.200990074746382
12548,501.88,0.98,1,-0.046,0.323,0.111,0.002,0.015,0.0,0.0,0.0,0.0,0.87,3.11,0.45,1.37,1.98,0.84,0.03,0.36,0.03,0.0,1.87,0.95,0.0,0.0,0.0,0.0,0.0,1.0,1.0,1.0,1.0,1.0,1.0,0.0,1.0,0.0,0.0,1.0,0.0,0.0,0.0,0.17623004264199926,20.403921191771047,20.700241544484268
12549,501.92,0.98,1,-0.038,0.333,0.108,0.0,0.021,0.0,0.0,0.0,0.0,0.89,3.13,0.52,1.43,2.02,1.06,0.03,0.38,0.09,0.0,1.9,0.77,0.0,0.0,0.0,0.0,0.0,1.0,1.0,1.0,1.0,1.0,1.0,0.0,1.0,0.0,0.0,1.0,0.0,0.0,0.0,0.17466704237263686,21.00095235935742,20.399999999999864
12550,501.96,0.98,1,-0.044,0.339,0.106,0.012,0.002,0.0,0.0,0.0,0.0,0.96,3.07,0.54,1.42,2.06,1.04,0.03,0.47,0.17,0.0,1.95,0.69,0.0,0.0,0.0,0.0,0.0,1.0,1.0,1.0,1.0,1.0,1.0,0.0,1.0,0.0,0.0,1.0,0.0,0.0,0.0,0.16789436878157846,20.802163349036515,20.100248754679537
12551,502.0,0.98,1,-0.04,0.327,0.104,0.007,0.02,0.0,0.0,0.0,0.0,1.03,3.01,0.51,1.43,2.16,1.01,0.0,0.49,0.24,0.0,2.25,0.72,0.0,0.0,0.0,0.0,0.0,1.0,1.0,1.0,1.0,1.0,1.0,0.0,1.0,0.0,0.0,1.0,0.0,0.0,0.0,0.1806627095257319,20.202227599945324,20.700000000000045
12552,502.04,0.98,1,-0.047,0.33,0.114,0.006,0.027,0.0,0.0,0.0,0.0,1.04,2.94,0.38,1.34,2.21,0.87,0.0,0.47,0.3,0.0,2.45,0.99,0.0,0.0,0.0,0.0,0.0,1.0,1.0,1.0,1.0,1.0,1.0,0.0,1.0,0.0,0.0,1.0,0.0,0.0,0.0,0.17929462561383547,20.20024752323599,20.102238681301056
12553,502.08,0.98,1,-0.056,0.33,0.121,0.006,0.029,0.01,0.0,0.0,0.0,1.01,3.01,0.33,1.37,2.21,0.98,0.0,0.4,0.27,0.0,2.67,1.1,0.0,0.0,0.0,0.0,0.0,1.0,1.0,1.0,1.0,1.0,1.0,0.0,0.0,0.0,0.0,1.0,0.0,0.0,0.0,0.17818774127035056,20.106217943710984,20.303940504247134
12554,502.12,0.98,1,-0.056,0.335,0.125,0.004,0.031,0.02,0.0,0.0,0.0,0.98,3.12,0.32,1.3,2.16,1.04,0.0,0.37,0.19,0.0,2.68,1.16,0.0,0.0,0.0,0.0,0.0,1.0,1.0,1.0,1.0,1.0,1.0,0.0,0.0,0.0,0.0,1.0,0.0,0.0,0.0,0.17787032451544055,20.30886505937735,20.20222759994555
12555,502.16,0.98,1,-0.052,0.337,0.129,0.003,0.029,0.02,0.0,0.0,0.0,0.96,3.1,0.34,1.27,2.16,1.03,0.0,0.35,0.07,0.0,2.74,1.23,0.0,0.0,0.0,0.0,0.0,1.0,1.0,1.0,1.0,1.0,1.0,0.0,0.0,0.0,0.0,1.0,0.0,0.0,0.0,0.17826932905995285,20.30615670184802,20.102238681301284
12556,502.2,0.98,1,-0.053,0.334,0.128,0.0,0.03,0.0,0.0,0.0,0.0,0.99,3.03,0.34,1.44,2.19,0.99,0.0,0.23,0.13,0.0,2.81,1.18,0.0,0.0,0.0,0.0,0.0,1.0,1.0,1.0,1.0,1.0,1.0,0.0,0.0,0.0,0.0,1.0,0.0,0.0,0.0,0.18118444029428005,20.603883129158095,20.20618717126024
12557,502.24,0.98,1,-0.05,0.317,0.105,-0.006,-0.001,0.01,0.0,0.0,0.0,1.14,3.13,0.43,1.62,2.29,1.01,0.0,0.11,0.12,0.0,2.92,1.07,0.0,0.0,0.0,0.0,0.0,1.0,1.0,1.0,1.0,1.0,1.0,0.0,0.0,0.0,0.0,1.0,1.0,0.0,0.0,0.1859446632610837,20.706037766796246,20.103979705520903
12558,502.28,0.98,1,-0.043,0.332,0.107,0.015,-0.005,0.01,0.0,0.0,0.02,1.2,3.25,0.45,1.69,2.33,1.12,0.0,0.01,0.12,0.0,2.92,0.91,0.0,0.0,0.0,0.0,0.0,1.0,1.0,1.0,1.0,1.0,1.0,0.0,0.0,0.0,0.0,1.0,1.0,0.0,0.0,0.18410080076885793,20.700000000000045,19.504102132628407
12559,502.32,0.98,1,-0.059,0.328,0.105,0.012,0.013,0.01,0.0,0.0,0.02,1.27,3.37,0.45,1.59,2.35,1.01,0.0,0.01,0.07,0.0,2.93,0.95,0.0,0.0,0.0,0.0,0.0,1.0,1.0,1.0,1.0,1.0,1.0,0.0,0.0,0.0,0.0,1.0,1.0,0.0,0.0,0.18070650262159263,20.900239233080427,19.40644222932155
12560,502.36,0.98,1,-0.054,0.327,0.112,0.006,0.022,0.0,0.0,0.0,0.02,1.19,3.2,0.39,1.58,2.28,0.97,0.0,0.01,0.2,0.0,2.87,1.03,0.0,0.0,0.0,0.0,0.0,1.0,1.0,1.0,1.0,1.0,1.0,0.0,0.0,0.0,0.0,1.0,1.0,0.0,0.0,0.18272748246579662,20.900956915892497,19.700253805471462
12561,502.4,0.98,1,-0.055,0.319,0.094,-0.002,0.0,0.0,0.0,0.0,0.0,1.26,3.25,0.41,1.6,2.3,0.95,0.0,0.0,0.2,0.0,2.91,1.04,0.0,0.0,0.0,0.0,0.0,1.0,1.0,1.0,1.0,1.0,1.0,0.0,0.0,0.0,0.0,1.0,1.0,0.0,0.0,0.1871345034003825,21.50209292138791,19.509228585466932
12562,502.44,0.98,1,-0.038,0.332,0.108,0.017,-0.002,0.0,0.0,0.0,0.0,1.22,3.12,0.42,1.61,2.31,0.99,0.0,0.02,0.17,0.0,2.91,1.13,0.0,0.0,0.0,0.0,0.0,1.0,1.0,1.0,1.0,1.0,1.0,0.0,0.0,0.0,0.0,1.0,1.0,0.0,0.0,0.18318924615260423,21.30023474049072,19.304144632694996
12563,502.48,0.98,1,-0.047,0.319,0.104,0.005,0.022,0.0,0.0,0.0,0.0,1.25,3.14,0.38,1.63,2.39,1.01,0.0,0.02,0.11,0.0,2.87,0.97,0.0,0.0,0.0,0.0,0.0,1.0,1.0,1.0,1.0,1.0,1.0,0.0,0.0,0.0,0.0,1.0,1.0,0.0,0.0,0.18002897606003998,20.803845798313304,19.801010075246115
12564,502.52,0.98,1,-0.048,0.316,0.097,-0.003,0.001,0.06,0.0,0.0,0.0,1.22,2.9,0.38,1.72,2.38,1.04,0.0,0.02,0.18,0.0,2.89,0.9,0.18,0.0,0.0,0.0,0.0,1.0,1.0,1.0,1.0,1.0,1.0,0.0,0.0,0.0,0.0,1.0,1.0,0.0,0.0,0.17994410441667583,21.005951537600005,19.81236987338966
12565,502.56,0.98,1,-0.045,0.365,0.1,0.014,-0.0,0.06,0.0,0.0,0.0,1.25,2.84,0.37,1.79,2.39,1.11,0.0,0.0,0.14,0.0,2.84,0.83,0.42,0.0,0.0,0.0,0.0,1.0,1.0,1.0,1.0,1.0,1.0,0.0,0.0,0.0,0.0,1.0,1.0,0.0,0.0,0.15933589017477753,19.836330305779803,19.300259065618736
12566,502.6,0.98,1,-0.047,0.381,0.098,0.006,0.023,0.13,0.0,0.0,0.0,1.23,2.82,0.4,1.78,2.41,1.09,0.0,0.0,0.08,0.0,2.85,0.9,0.54,0.0,0.0,0.0,0.0,1.0,1.0,1.0,1.0,1.0,1.0,0.0,0.0,0.0,0.0,1.0,1.0,0.0,0.0,0.14996829819511254,17.828067758453198,19.30233146539553
12567,502.64,0.98,1,-0.042,0.392,0.106,0.01,0.006,0.07,0.0,0.0,0.0,1.17,2.85,0.37,1.73,2.38,1.13,0.0,0.02,0.01,0.0,2.77,1.08,0.5,0.0,0.0,0.0,0.0,1.0,1.0,1.0,1.0,1.0,1.0,0.0,0.0,0.0,0.0,1.0,1.0,0.0,0.0,0.15342024434652451,17.01881311960385,19.70634415613413
12568,502.68,0.98,1,-0.05,0.387,0.108,0.001,0.026,0.1,0.0,0.0,0.0,1.15,2.92,0.33,1.69,2.4,1.31,0.0,0.02,0.01,0.0,2.81,1.08,0.31,0.0,0.0,0.0,0.0,1.0,1.0,1.0,1.0,1.0,1.0,0.0,0.0,0.0,0.0,1.0,1.0,0.0,0.0,0.15280937621784144,17.12921480979198,18.702406262296886
12569,502.72,0.98,1,-0.04,0.384,0.105,0.009,0.01,0.03,0.0,0.0,0.0,1.12,2.92,0.28,1.6,2.33,1.33,0.0,0.04,0.0,0.0,2.77,1.14,0.44,0.0,0.0,0.0,0.0,1.0,1.0,1.0,1.0,1.0,1.0,0.0,0.0,0.0,0.0,1.0,1.0,0.0,0.0,0.15471679347324568,17.323394586512148,19.50640920313116
12570,502.76,0.98,1,-0.054,0.389,0.113,0.004,0.025,0.11,0.0,0.0,0.0,1.13,2.75,0.24,1.65,2.35,1.37,0.0,0.02,0.14,0.0,2.71,0.91,0.49,0.0,0.0,0.0,0.0,1.0,1.0,1.0,1.0,1.0,1.0,0.0,0.0,0.0,0.0,1.0,1.0,0.0,0.0,0.15403884435480591,16.902662512160713,18.900264548413162
12571,502.8,0.98,1,-0.039,0.369,0.095,-0.005,0.004,0.19,0.0,0.0,0.0,1.2,2.75,0.28,1.66,2.36,1.3,0.0,0.02,0.16,0.0,2.69,0.82,0.69,0.0,0.0,0.0,0.0,1.0,1.0,1.0,1.0,1.0,1.0,0.0,0.0,0.0,0.0,1.0,1.0,0.0,0.0,0.16860996626189972,18.146625030566884,19.906280415989187
12572,502.84,0.98,1,-0.048,0.396,0.107,0.016,-0.0,0.19,0.0,0.0,0.0,1.18,2.7,0.27,1.6,2.38,1.35,0.0,0.01,0.16,0.0,2.63,0.77,0.62,0.0,0.0,0.0,0.0,1.0,1.0,1.0,1.0,1.0,1.0,0.0,0.0,0.0,0.0,1.0,1.0,0.0,0.0,0.15332682763101246,16.704789732289406,19.606376513777256
12573,502.88,0.98,1,-0.04,0.383,0.106,0.004,0.024,0.23,0.0,0.0,0.0,1.12,2.8,0.24,1.59,2.36,1.38,0.0,0.01,0.12,0.0,2.58,0.76,0.64,0.0,0.0,0.0,0.0,1.0,1.0,1.0,1.0,1.0,1.0,0.0,0.0,0.0,0.0,1.0,1.0,0.0,0.0,0.15101171532229152,17.11870322191505,19.106543381784295
12574,502.92,0.98,1,-0.046,0.372,0.093,-0.008,0.007,0.18,0.0,0.0,0.0,1.03,2.76,0.2,1.49,2.31,1.45,0.0,0.01,0.1,0.0,2.47,0.67,0.57,0.0,0.0,0.0,0.0,1.0,1.0,1.0,1.0,1.0,1.0,0.0,0.0,0.0,0.0,1.0,0.0,0.0,0.0,0.16697294743114335,18.253766734567233,19.1002617783107
12575,502.96,0.98,1,-0.042,0.395,0.101,0.01,0.004,0.18,0.0,0.0,0.0,1.01,2.8,0.25,1.49,2.26,1.29,0.0,0.05,0.1,0.0,2.4,0.71,0.46,0.0,0.0,0.0,0.0,1.0,1.0,1.0,1.0,1.0,1.0,0.0,0.0,0.0,0.0,1.0,0.0,0.0,0.0,0.15309858457468983,16.407620180879462,19.601020381602495
12576,503.0,0.98,1,-0.029,0.382,0.101,0.004,0.025,0.11,0.0,0.0,0.0,0.99,2.64,0.19,1.44,2.19,1.21,0.09,0.06,0.12,0.0,2.37,0.8,0.47,0.0,0.0,0.0,0.0,1.0,1.0,1.0,1.0,1.0,1.0,0.0,0.0,0.0,0.0,1.0,0.0,0.0,0.0,0.14227731627718815,17.740631330367073,19.412624758130846
12577,503.04,0.98,1,-0.029,0.374,0.093,-0.009,0.007,0.1,0.0,0.0,0.0,0.9,2.57,0.1,1.36,2.08,1.07,0.09,0.06,0.21,0.0,2.23,0.93,0.37,0.0,0.0,0.0,0.0,1.0,1.0,1.0,1.0,1.0,1.0,0.0,0.0,0.0,0.0,1.0,0.0,0.0,0.0,0.16041073509948184,18.944656238633723,19.001052602421794
12578,503.08,0.98,1,-0.057,0.391,0.097,-0.002,-0.001,0.15,0.0,0.0,0.0,0.81,2.38,0.04,1.33,1.93,1.19,0.12,0.02,0.28,0.0,2.05,0.89,0.52,0.0,0.0,0.0,0.0,1.0,1.0,0.0,1.0,1.0,1.0,0.0,0.0,0.0,0.0,1.0,0.0,0.0,0.0,0.16857310115048363,16.810710871346235,20.00224987345174
12579,503.12,0.98,1,-0.043,0.388,0.089,-0.002,-0.003,0.15,0.0,0.0,0.0,0.66,2.57,0.04,1.11,1.79,1.14,0.14,0.05,0.23,0.0,1.72,0.95,0.37,0.0,0.0,0.0,0.0,1.0,1.0,0.0,1.0,1.0,1.0,0.0,0.0,0.0,0.0,1.0,0.0,0.0,0.0,0.1710639270038665,16.204937519163767,19.009471323527123
12580,503.16,0.98,1,-0.037,0.375,0.091,-0.002,-0.006,0.22,0.0,0.0,0.0,0.5,2.56,0.08,0.98,1.56,1.08,0.23,0.22,0.24,0.0,1.3,1.01,0.46,0.0,0.0,0.0,0.0,1.0,1.0,0.0,0.0,1.0,1.0,1.0,0.0,0.0,0.0,1.0,0.0,0.0,0.0,0.17131272836889722,18.560711193270585,19.009471323527123
12581,503.2,0.98,1,-0.045,0.387,0.09,0.002,-0.006,0.23,0.0,0.0,0.0,0.35,2.62,0.05,0.8,1.36,1.1,0.42,0.49,0.23,0.0,0.84,1.01,0.37,0.0,0.0,0.0,0.0,1.0,1.0,0.0,0.0,1.0,1.0,1.0,0.0,0.0,0.0,0.0,0.0,0.0,0.0,0.17013623072385764,17.456230979223523,19.216659439142948
12582,503.24,0.98,1,-0.017,0.387,0.094,-0.004,-0.006,0.46,0.0,0.0,0.0,0.18,2.2,0.05,0.62,1.16,1.09,0.61,0.77,0.24,0.0,0.57,0.96,0.85,0.0,0.0,0.0,0.0,1.0,1.0,0.0,0.0,1.0,1.0,1.0,1.0,0.0,0.0,0.0,0.0,0.0,0.0,0.17562546730078277,18.261708572858172,19.412624758131074
12583,503.28,0.98,1,-0.013,0.454,0.102,-0.02,-0.007,0.74,0.1,0.0,0.0,0.08,1.61,0.02,0.44,1.02,1.17,0.77,0.91,0.26,0.0,0.35,0.91,1.42,0.0,1.0,0.0,0.0,0.0,1.0,0.0,0.0,1.0,1.0,1.0,1.0,0.0,0.0,0.0,0.0,0.0,1.0,0.1937832260110427,15.703502793962798,19.531000998412754
12584,503.32,0.98,1,-0.04,0.488,0.108,-0.017,-0.011,0.94,0.14,0.0,0.0,0.0,1.05,0.02,0.25,0.87,1.18,0.87,1.02,0.22,0.0,0.32,0.9,1.99,0.0,1.0,0.0,0.0,0.0,1.0,0.0,0.0,0.0,1.0,1.0,1.0,0.0,0.0,0.0,0.0,0.0,1.0,0.16038984399647635,15.121177202850273,18.217573932881447
12585,503.36,0.98,1,-0.035,0.464,0.101,-0.017,-0.01,0.86,0.14,0.0,0.0,0.0,1.12,0.08,0.11,0.69,1.19,0.83,1.09,0.28,0.0,0.26,0.89,1.73,0.0,1.0,0.0,0.0,0.0,1.0,0.0,0.0,0.0,1.0,1.0,1.0,0.0,0.0,0.0,0.0,0.0,1.0,0.16921938815310322,17.09883036935577,20.511947737842938
12586,503.4,0.98,1,-0.036,0.386,0.096,-0.008,-0.01,0.55,0.04,0.0,0.01,0.0,1.66,0.08,0.04,0.57,1.09,0.9,1.19,0.26,0.05,0.19,0.97,1.07,0.0,1.0,0.0,0.0,0.0,1.0,0.0,0.0,0.0,1.0,1.0,1.0,0.0,0.0,0.0,1.0,0.0,1.0,0.1821145363914955,19.6596032513375,19.121192431435993
12587,503.44,0.98,1,-0.01,0.377,0.113,-0.015,-0.008,0.33,0.0,0.0,0.01,0.0,2.19,0.07,0.0,0.52,1.03,0.84,1.16,0.3,0.05,0.1,1.0,0.36,0.0,1.0,0.0,0.0,0.0,1.0,0.0,0.0,0.0,1.0,1.0,1.0,0.0,0.0,0.0,1.0,0.0,1.0,0.20212747309826234,16.189502771857967,18.461040057374973
12588,503.48,0.98,1,-0.015,0.388,0.134,-0.018,-0.016,0.23,0.0,0.0,0.02,0.0,2.44,0.02,0.0,0.57,0.99,0.74,1.15,0.36,0.07,0.03,0.98,0.07,0.0,0.0,0.0,0.0,0.0,1.0,0.0,0.0,0.0,1.0,1.0,1.0,0.0,0.0,0.0,1.0,0.0,0.0,0.20289368677949637,17.70225974275614,17.80702108720036
12589,503.52,0.98,1,-0.014,0.356,0.129,-0.017,-0.017,0.21,0.0,0.0,0.01,0.07,2.68,0.02,0.0,0.62,0.92,0.66,1.01,0.52,0.07,0.02,0.8,0.0,0.0,0.0,0.0,0.0,0.0,1.0,0.0,0.0,1.0,1.0,0.0,1.0,0.0,0.0,0.0,1.0,0.0,0.0,0.21804856528350242,19.88164983093702,18.901058171435665
12590,503.56,0.98,1,-0.006,0.365,0.132,-0.013,-0.018,0.22,0.0,0.0,0.07,0.1,2.82,0.0,0.0,0.71,0.84,0.58,0.99,0.66,0.1,0.02,0.78,0.0,0.0,0.0,0.0,0.0,0.0,1.0,0.0,0.0,1.0,1.0,0.0,1.0,0.0,0.0,0.0,1.0,0.0,0.0,0.21515567404591016,19.730686759461815,20.20024752323599
12591,503.6,0.98,1,-0.01,0.362,0.133,-0.017,-0.018,0.17,0.0,0.0,0.08,0.16,2.81,0.0,0.05,0.79,0.73,0.54,0.93,0.62,0.2,0.0,0.8,0.0,0.0,0.0,0.0,0.0,0.0,1.0,0.0,0.0,1.0,1.0,0.0,1.0,0.0,0.0,0.0,1.0,0.0,0.0,0.22860645042633482,19.70634415613413,21.100947846009102
12592,503.64,0.98,1,-0.007,0.352,0.123,-0.007,-0.02,0.14,0.0,0.0,0.07,0.1,2.54,0.0,0.05,0.85,0.72,0.38,0.97,0.57,0.24,0.0,0.89,0.0,0.0,0.0,0.0,0.0,0.0,1.0,0.0,0.0,1.0,1.0,0.0,1.0,1.0,0.0,0.0,1.0,0.0,0.0,0.2273171566336309,20.10895322984258,20.600242717016847
12593,503.68,0.98,1,-0.005,0.349,0.124,-0.004,-0.022,0.12,0.0,0.0,0.01,0.06,2.36,0.0,0.05,0.86,0.81,0.28,0.98,0.57,0.39,0.0,0.9,0.0,0.0,0.0,0.0,0.0,0.0,1.0,0.0,0.0,1.0,1.0,0.0,1.0,0.0,0.0,0.0,1.0,0.0,0.0,0.2308966669651374,20.00224987345174,20.700000000000045
12594,503.72,0.98,1,0.005,0.35,0.126,-0.002,-0.025,0.15,0.0,0.0,0.0,0.0,2.42,0.0,0.0,0.9,0.86,0.22,0.94,0.64,0.45,0.02,0.9,0.0,0.0,0.0,0.0,0.0,0.0,1.0,0.0,0.0,1.0,1.0,0.0,1.0,0.0,0.0,0.0,1.0,0.0,0.0,0.22876274825467413,19.699999999999818,21.500232556881798
12595,503.76,0.98,1,0.004,0.329,0.118,-0.008,-0.023,0.2,0.0,0.0,0.07,0.03,2.52,0.0,0.03,0.92,0.94,0.17,0.87,0.58,0.55,0.06,0.9,0.0,0.0,0.0,0.0,0.0,0.0,1.0,0.0,0.0,1.0,1.0,0.0,1.0,0.0,0.0,0.0,1.0,0.0,0.0,0.2457225261386048,20.100248754679765,21.40093455903256
12596,503.8,0.98,1,-0.014,0.37,0.115,-0.004,-0.021,0.21,0.0,0.0,0.07,0.11,2.56,0.0,0.05,0.93,0.93,0.09,0.75,0.55,0.38,0.2,0.99,0.15,0.0,0.0,0.0,0.0,0.0,1.0,0.0,0.0,1.0,1.0,0.0,1.0,0.0,0.0,0.0,1.0,0.0,0.0,0.21597223273615462,20.6038831291581,20.200000000000045
12597,503.84,0.98,1,-0.029,0.394,0.116,0.008,-0.018,0.13,0.0,0.0,0.07,0.11,2.41,0.0,0.05,0.85,0.9,0.04,0.82,0.55,0.25,0.26,1.23,0.25,0.0,0.0,0.0,0.0,0.0,1.0,0.0,0.0,1.0,1.0,0.0,1.0,1.0,0.0,1.0,1.0,0.0,0.0,0.19737307307491114,19.116746585127828,20.900239233080654
12598,503.88,0.98,1,-0.032,0.39,0.122,0.001,0.013,0.06,0.0,0.0,0.0,0.1,2.18,0.0,0.02,0.89,1.02,0.0,0.72,0.7,0.06,0.32,1.41,0.26,0.0,0.0,0.0,0.0,0.0,1.0,0.0,0.0,1.0,1.0,0.0,1.0,1.0,0.0,1.0,1.0,0.0,0.0,0.19829327114309414,20.13578903345994,21.005951537600005
12599,503.92,0.98,1,-0.022,0.384,0.137,-0.008,-0.009,0.09,0.0,0.0,0.0,0.11,2.17,0.0,0.03,0.96,0.97,0.0,0.56,0.77,0.05,0.33,1.39,0.13,0.0,0.0,0.0,0.0,1.0,1.0,0.0,0.0,1.0,1.0,0.0,0.0,0.0,0.0,1.0,1.0,0.0,0.0,0.2081627323834617,18.852055590836724,20.702173798903384
12600,503.96,0.98,1,-0.022,0.397,0.148,-0.008,-0.019,0.12,0.0,0.0,0.0,0.27,2.15,0.0,0.15,1.07,1.06,0.0,0.25,0.79,0.0,0.45,1.21,0.21,0.0,0.0,0.0,0.0,1.0,1.0,0.0,0.0,1.0,1.0,0.0,0.0,0.0,0.0,1.0,1.0,0.0,0.0,0.19784197706099424,18.931983519959108,20.600970850909082
12601,504.0,0.98,1,-0.033,0.391,0.139,-0.012,-0.015,0.17,0.0,0.0,0.0,0.46,2.23,0.0,0.16,1.15,1.04,0.01,0.29,0.68,0.0,0.44,1.14,0.2,0.0,0.0,0.0,0.0,1.0,1.0,0.0,0.0,1.0,1.0,0.0,0.0,0.0,0.0,1.0,1.0,0.0,0.0,0.19429533989912323,19.358202395883723,20.102238681301053
12602,504.04,0.98,1,-0.025,0.366,0.149,-0.011,-0.014,0.14,0.0,0.0,0.0,0.66,2.46,0.0,0.27,1.22,1.18,0.01,0.38,0.61,0.0,0.37,1.05,0.18,0.0,0.0,0.0,0.0,1.0,1.0,0.0,0.0,1.0,1.0,0.0,0.0,0.0,0.0,1.0,1.0,0.0,0.0,0.2021278049307867,20.64097865896858,20.59999999999991
12603,504.08,0.98,1,-0.027,0.349,0.148,-0.005,-0.015,0.12,0.0,0.0,0.0,0.76,2.7,0.0,0.33,1.29,1.25,0.01,0.49,0.55,0.0,0.45,1.09,0.0,0.0,0.0,0.0,0.0,1.0,1.0,0.0,0.0,1.0,1.0,0.0,0.0,0.0,0.0,1.0,1.0,0.0,0.0,0.189926643297685,20.923909768492212,21.0
12604,504.12,0.98,1,-0.013,0.315,0.141,-0.009,-0.012,0.03,0.0,0.0,0.0,0.73,2.96,0.0,0.59,1.32,1.15,0.0,0.41,0.57,0.0,0.65,0.98,0.0,0.0,0.0,0.0,0.0,1.0,1.0,0.0,0.0,1.0,1.0,0.0,0.0,0.0,0.0,1.0,1.0,0.0,0.0,0.20371747644959817,22.42231031807392,21.500232556881798
12605,504.16,0.98,1,-0.024,0.345,0.13,-0.006,-0.01,0.0,0.0,0.0,0.0,0.61,2.88,0.0,0.68,1.31,0.92,0.0,0.28,0.52,0.0,0.9,1.01,0.0,0.0,0.0,0.0,0.0,1.0,1.0,0.0,0.0,1.0,1.0,0.0,0.0,0.0,0.0,1.0,1.0,0.0,0.0,0.19815661187856998,20.402205763103254,22.30089684295226
12606,504.2,0.98,1,-0.02,0.338,0.122,-0.011,-0.008,0.0,0.0,0.0,0.0,0.58,2.85,0.02,0.74,1.34,0.68,0.01,0.16,0.37,0.0,1.01,0.95,0.0,0.0,0.0,0.0,0.0,1.0,1.0,0.0,0.0,1.0,1.0,0.0,0.0,0.0,0.0,1.0,1.0,0.0,0.0,0.20167129163834874,20.800000000000182,21.302112571292035
12607,504.24,0.98,1,-0.018,0.332,0.1,-0.013,-0.003,0.0,0.0,0.0,0.0,0.6,2.94,0.02,0.75,1.36,0.53,0.06,0.07,0.24,0.0,1.07,0.96,0.0,0.0,0.0,0.0,0.0,1.0,1.0,0.0,0.0,1.0,1.0,0.0,0.0,0.0,0.0,1.0,1.0,0.0,0.0,0.19921098831206385,20.59999999999991,21.900913222968672
12608,504.28,0.98,1,-0.001,0.315,0.103,-0.018,-0.003,0.0,0.0,0.0,0.0,0.62,3.0,0.03,0.77,1.4,0.49,0.06,0.04,0.1,0.0,1.06,0.96,0.0,0.0,0.0,0.0,0.0,1.0,1.0,0.0,0.0,1.0,1.0,0.0,0.0,0.0,0.0,1.0,1.0,0.0,0.0,0.20952529516411558,21.503720608304043,22.20360331117456
12609,504.32,0.98,1,-0.001,0.329,0.095,-0.011,-0.005,0.0,0.0,0.0,0.0,0.6,3.03,0.04,0.79,1.38,0.43,0.05,0.01,0.08,0.0,1.05,1.05,0.0,0.0,0.0,0.0,0.0,1.0,1.0,0.0,0.0,1.0,1.0,0.0,0.0,0.0,0.0,1.0,1.0,0.0,0.0,0.2003838800062228,21.303755537463296,22.40022321317366
12610,504.36,0.98,1,-0.001,0.309,0.089,-0.011,-0.004,0.0,0.0,0.0,0.0,0.58,2.89,0.04,0.79,1.35,0.54,0.0,0.0,0.0,0.0,1.16,1.14,0.0,0.0,0.0,0.0,0.0,1.0,1.0,0.0,0.0,1.0,1.0,0.0,0.0,0.0,0.0,1.0,1.0,0.0,0.0,0.20806649746786438,21.103791128609952,22.90021833957034
12611,504.4,0.98,1,0.01,0.315,0.092,-0.017,-0.011,0.0,0.0,0.0,0.0,0.57,2.77,0.02,0.87,1.39,0.64,0.0,0.01,0.01,0.0,1.36,1.29,0.2,0.0,0.0,0.0,0.0,1.0,1.0,0.0,0.0,1.0,1.0,0.0,0.0,0.0,0.0,1.0,1.0,0.0,0.0,0.20927908511215187,20.90598000573028,21.900913222968445
12612,504.44,0.98,1,-0.019,0.333,0.08,-0.023,-0.013,0.31,0.0,0.0,0.0,0.5,2.42,0.0,0.98,1.44,0.81,0.02,0.03,0.17,0.0,1.54,1.24,1.02,0.0,0.0,0.0,0.0,1.0,1.0,0.0,0.0,1.0,1.0,0.0,0.0,0.0,0.0,1.0,1.0,0.0,1.0,0.2021659708582756,17.318487231857127,19.11674658512783
12613,504.48,0.98,1,-0.021,0.44,0.076,-0.033,-0.013,0.59,0.04,0.0,0.0,0.36,2.06,0.0,1.08,1.52,0.85,0.13,0.03,0.29,0.0,1.7,1.2,1.86,0.0,1.0,0.0,0.0,1.0,1.0,0.0,0.0,1.0,1.0,0.0,0.0,0.0,0.0,1.0,1.0,0.0,1.0,0.159796353416062,15.61601741802307,18.632498490540797
12614,504.52,0.98,1,-0.022,0.446,0.078,-0.036,-0.018,0.62,0.04,0.0,0.0,0.29,1.63,0.0,1.03,1.5,0.81,0.13,0.02,0.4,0.0,1.72,1.1,2.29,0.0,1.0,0.0,0.0,1.0,1.0,0.0,0.0,1.0,1.0,0.0,0.0,0.0,0.0,1.0,1.0,0.0,1.0,0.16113439819712805,15.231874474272603,17.833956375409194
12615,504.56,0.98,1,-0.013,0.398,0.057,-0.022,-0.018,0.37,0.04,0.0,0.0,0.36,1.98,0.0,0.93,1.44,0.78,0.14,0.0,0.25,0.0,1.66,1.02,1.89,0.0,1.0,0.0,0.0,1.0,1.0,0.0,0.0,1.0,1.0,0.0,0.0,0.0,0.0,1.0,1.0,0.0,1.0,0.16212652661120663,17.356554957709733,21.13409567499864
12616,504.6,0.98,1,-0.007,0.335,0.072,-0.02,-0.027,0.09,0.0,0.0,0.0,0.52,2.41,0.01,0.83,1.36,0.66,0.04,0.0,0.12,0.0,1.52,1.0,1.24,0.0,1.0,0.0,0.0,1.0,1.0,0.0,0.0,1.0,1.0,0.0,0.0,0.0,0.0,1.0,1.0,0.0,1.0,0.18170753170496007,16.714664220378506,19.243960091415747
12617,504.64,0.98,1,-0.001,0.33,0.071,-0.024,-0.023,0.06,0.0,0.0,0.0,0.56,2.92,0.01,0.82,1.33,0.61,0.09,0.0,0.04,0.0,1.48,1.03,0.66,0.0,0.0,0.0,0.0,1.0,1.0,0.0,0.0,1.0,1.0,0.0,0.0,0.0,0.0,1.0,1.0,0.0,1.0,0.1829429046400248,16.015305179733545,18.1397353894704
12618,504.68,0.98,1,0.011,0.316,0.078,-0.02,-0.025,0.0,0.0,0.0,0.0,0.51,2.83,0.01,0.75,1.29,0.45,0.05,0.0,0.04,0.0,1.46,1.13,0.24,0.0,0.0,0.0,0.0,1.0,1.0,0.0,0.0,1.0,1.0,0.0,0.0,0.0,0.0,1.0,1.0,0.0,0.0,0.19533489282400335,18.409780009549365,18.902380802428127
12619,504.72,0.98,1,0.012,0.302,0.074,-0.018,-0.022,0.0,0.0,0.0,0.01,0.49,2.75,0.0,0.75,1.29,0.46,0.05,0.0,0.06,0.0,1.5,1.12,0.05,0.0,0.0,0.0,0.0,1.0,1.0,0.0,0.0,1.0,1.0,0.0,0.0,0.0,0.0,1.0,1.0,0.0,0.0,0.20101437254578194,18.509727172489605,18.806647760831762
12620,504.76,0.98,1,0.008,0.312,0.075,-0.018,-0.02,0.0,0.0,0.0,0.04,0.48,2.71,0.0,0.74,1.29,0.48,0.0,0.0,0.02,0.0,1.54,1.06,0.0,0.0,0.0,0.0,0.0,1.0,1.0,0.0,0.0,1.0,1.0,0.0,0.0,0.0,0.0,1.0,1.0,0.0,0.0,0.19262029403098024,19.32097306038177,20.00099997500125
12621,504.8,0.98,1,0.008,0.309,0.079,-0.019,-0.02,0.0,0.0,0.0,0.04,0.45,2.8,0.0,0.76,1.31,0.54,0.0,0.0,0.02,0.0,1.55,0.94,0.0,0.0,0.0,0.0,0.0,1.0,1.0,0.0,0.0,1.0,1.0,0.0,0.0,0.0,0.0,1.0,1.0,0.0,0.0,0.19868055569556528,20.008997975910738,20.611889772652976
12622,504.84,0.98,1,0.006,0.316,0.075,-0.017,-0.021,0.0,0.0,0.0,0.07,0.39,2.75,0.0,0.72,1.31,0.54,0.0,0.0,0.01,0.0,1.54,0.83,0.0,0.0,0.0,0.0,0.0,1.0,1.0,0.0,0.0,1.0,1.0,0.0,0.0,0.0,0.0,1.0,1.0,0.0,0.0,0.19588650981829997,20.00399960007998,20.708693826506597
12623,504.88,0.98,1,0.002,0.307,0.077,-0.019,-0.023,0.0,0.0,0.0,0.04,0.34,2.68,0.0,0.68,1.3,0.48,0.0,0.0,0.01,0.0,1.47,0.83,0.0,0.0,0.0,0.0,0.0,1.0,1.0,0.0,0.0,1.0,1.0,0.0,0.0,0.0,0.0,1.0,1.0,0.0,0.0,0.20379233099805144,20.000249998437518,20.412006270820214
12624,504.92,0.98,1,0.011,0.301,0.078,-0.021,-0.024,0.0,0.0,0.0,0.04,0.3,2.56,0.0,0.68,1.29,0.57,0.05,0.03,0.01,0.0,1.49,0.97,0.0,0.0,0.0,0.0,0.0,1.0,1.0,0.0,0.0,1.0,1.0,0.0,0.0,0.0,0.0,1.0,1.0,0.0,0.0,0.21056845135907967,20.300246303924446,20.911719202399265
12625,504.96,0.98,1,0.006,0.303,0.076,-0.021,-0.025,0.0,0.0,0.0,0.0,0.33,2.46,0.0,0.69,1.24,0.57,0.05,0.08,0.0,0.0,1.52,1.09,0.0,0.0,0.0,0.0,0.0,1.0,1.0,0.0,0.0,1.0,1.0,0.0,0.0,0.0,0.0,1.0,1.0,0.0,0.0,0.21235231234095736,20.500975586542218,21.208488866489333
12626,505.0,0.98,1,-0.003,0.317,0.077,-0.019,-0.026,0.01,0.0,0.0,0.0,0.41,2.51,0.0,0.73,1.25,0.66,0.05,0.07,0.0,0.0,1.51,1.12,0.0,0.0,0.0,0.0,0.0,1.0,1.0,0.0,0.0,1.0,1.0,0.0,0.0,0.0,0.0,1.0,1.0,0.0,0.0,0.1948352932053325,21.400934559032788,20.506096654409877
12627,505.04,0.98,1,-0.024,0.311,0.079,-0.021,-0.027,0.01,0.0,0.0,0.0,0.51,2.55,0.01,0.77,1.27,0.54,0.04,0.05,0.0,0.0,1.46,1.05,0.0,0.0,0.0,0.0,0.0,1.0,1.0,0.0,0.0,1.0,1.0,0.0,0.0,0.0,0.0,1.0,1.0,0.0,0.0,0.21021174185063166,21.811235636707927,21.2058954067024
12628,505.08,0.98,1,-0.017,0.318,0.067,-0.019,-0.021,0.01,0.0,0.0,0.0,0.53,2.61,0.01,0.77,1.27,0.58,0.06,0.0,0.0,0.0,1.39,1.07,0.0,0.0,0.0,0.0,0.0,1.0,1.0,0.0,0.0,1.0,1.0,0.0,0.0,0.0,0.0,1.0,1.0,0.0,0.0,0.20410786058264835,21.605786262017777,20.70386437358982
12629,505.12,0.98,1,-0.015,0.319,0.071,-0.022,-0.02,0.0,0.0,0.0,0.0,0.49,2.53,0.01,0.8,1.23,0.5,0.07,0.0,0.0,0.0,1.45,1.09,0.0,0.0,0.0,0.0,0.0,1.0,1.0,0.0,0.0,1.0,1.0,0.0,0.0,0.0,0.0,1.0,1.0,0.0,0.0,0.20354747887582722,21.900913222968672,20.903827400741577
12630,505.16,0.98,1,-0.027,0.316,0.078,-0.027,-0.018,0.0,0.0,0.0,0.0,0.46,2.46,0.0,0.8,1.23,0.47,0.03,0.0,0.0,0.0,1.55,1.23,0.0,0.0,0.0,0.0,0.0,1.0,1.0,0.0,0.0,1.0,1.0,0.0,0.0,0.0,0.0,1.0,1.0,0.0,0.0,0.21499438927698472,21.90365266342589,20.911719202399496
12631,505.2,0.98,1,-0.022,0.317,0.08,-0.027,-0.017,0.0,0.0,0.0,0.0,0.42,2.43,0.0,0.87,1.23,0.4,0.01,0.0,0.0,0.0,1.6,1.27,0.0,0.0,0.0,0.0,0.0,1.0,1.0,0.0,0.0,1.0,1.0,0.0,0.0,0.0,0.0,1.0,1.0,0.0,0.0,0.2226233094241832,22.0081802973349,20.81537893001225
12632,505.24,0.98,1,-0.023,0.31,0.085,-0.027,-0.02,0.0,0.0,0.0,0.0,0.44,2.31,0.0,0.83,1.26,0.41,0.03,0.0,0.0,0.0,1.54,1.29,0.0,0.0,0.0,0.0,0.0,1.0,1.0,0.0,0.0,1.0,1.0,0.0,0.0,0.0,0.0,1.0,1.0,0.0,0.0,0.2261987930172829,22.10814329607975,21.11918559035849
12633,505.28,0.98,1,-0.02,0.311,0.081,-0.021,-0.021,0.0,0.0,0.0,0.0,0.44,2.34,0.0,0.86,1.26,0.45,0.06,0.03,0.0,0.0,1.5,1.33,0.0,0.0,0.0,0.0,0.0,1.0,1.0,0.0,0.0,1.0,1.0,0.0,0.0,0.0,0.0,1.0,1.0,0.0,0.0,0.2122022643990048,22.303587155433046,21.01166342772509
12634,505.32,0.98,1,-0.03,0.312,0.079,-0.019,-0.023,0.0,0.0,0.0,0.0,0.47,2.33,0.0,0.84,1.26,0.46,0.08,0.04,0.0,0.0,1.5,1.32,0.0,0.0,0.0,0.0,0.0,1.0,1.0,0.0,0.0,1.0,1.0,0.0,0.0,0.0,0.0,1.0,1.0,0.0,0.0,0.20812924520067166,22.70088104017115,21.01523257068548
12635,505.36,0.98,1,-0.035,0.306,0.08,-0.023,-0.024,0.0,0.0,0.0,0.0,0.47,2.46,0.0,0.88,1.26,0.47,0.07,0.04,0.0,0.0,1.54,1.29,0.0,0.0,0.0,0.0,0.0,1.0,1.0,0.0,0.0,1.0,1.0,0.0,0.0,0.0,0.0,1.0,1.0,0.0,0.0,0.2193377718239404,23.30536418938777,21.11918559035849
12636,505.4,0.98,1,-0.036,0.306,0.075,-0.019,-0.024,0.0,0.0,0.0,0.0,0.45,2.4,0.0,0.87,1.23,0.48,0.03,0.01,0.0,0.0,1.53,1.15,0.0,0.0,0.0,0.0,0.0,1.0,1.0,0.0,0.0,1.0,1.0,0.0,0.0,0.0,0.0,1.0,1.0,0.0,0.0,0.21679658487395082,23.10021644920251,21.011663427725086
12637,505.44,0.98,1,-0.033,0.303,0.077,-0.021,-0.024,0.0,0.0,0.0,0.0,0.42,2.34,0.0,0.86,1.22,0.45,0.02,0.0,0.0,0.0,1.54,1.19,0.0,0.0,0.0,0.0,0.0,1.0,1.0,0.0,0.0,1.0,1.0,0.0,0.0,0.0,0.0,1.0,1.0,0.0,0.0,0.2253819061482723,22.90349318335533,21.42335174523361
12638,505.48,0.98,1,-0.03,0.306,0.077,-0.022,-0.022,0.0,0.0,0.0,0.0,0.4,2.28,0.0,0.82,1.2,0.4,0.02,0.0,0.0,0.0,1.51,1.2,0.0,0.0,0.0,0.0,0.0,1.0,1.0,0.0,0.0,1.0,1.0,0.0,0.0,0.0,0.0,1.0,1.0,0.0,0.0,0.223558834186875,22.90087334579195,20.71545316907168
12639,505.52,0.98,1,-0.023,0.296,0.077,-0.022,-0.022,0.02,0.0,0.0,0.0,0.41,2.34,0.0,0.73,1.24,0.39,0.04,0.0,0.0,0.0,1.47,1.3,0.0,0.0,0.0,0.0,0.0,1.0,1.0,0.0,0.0,1.0,1.0,0.0,0.0,0.0,0.0,1.0,1.0,0.0,0.0,0.2272410248535229,22.700220263248593,20.811775512915716
12640,505.56,0.98,1,-0.024,0.299,0.072,-0.019,-0.024,0.02,0.0,0.0,0.06,0.39,2.53,0.0,0.71,1.26,0.42,0.12,0.0,0.0,0.0,1.44,1.27,0.0,0.0,0.0,0.0,0.0,1.0,1.0,0.0,0.0,1.0,1.0,0.0,0.0,0.0,0.0,1.0,1.0,0.0,0.0,0.22033339179948142,22.800219297190935,21.11918559035849
12641,505.6,0.98,1,-0.026,0.298,0.073,-0.02,-0.023,0.04,0.0,0.0,0.07,0.4,2.68,0.0,0.75,1.31,0.48,0.15,0.0,0.0,0.0,1.42,1.31,0.0,0.0,0.0,0.0,0.0,1.0,1.0,0.0,0.0,1.0,1.0,0.0,0.0,0.0,0.0,1.0,1.0,0.0,0.0,0.2190008004144861,22.90087334579195,20.915305400591308
12642,505.64,0.98,1,-0.025,0.301,0.073,-0.018,-0.023,0.02,0.0,0.0,0.07,0.39,2.74,0.0,0.81,1.33,0.46,0.12,0.0,0.0,0.0,1.45,1.25,0.0,0.0,0.0,0.0,0.0,1.0,1.0,0.0,0.0,1.0,1.0,0.0,0.0,0.0,0.0,1.0,1.0,0.0,0.0,0.21401341849567618,23.10086578464097,20.71545316907168
12643,505.68,0.98,1,-0.022,0.302,0.073,-0.021,-0.023,0.05,0.0,0.0,0.01,0.4,2.59,0.0,0.84,1.36,0.49,0.12,0.04,0.0,0.0,1.48,1.21,0.0,0.0,0.0,0.0,0.0,1.0,1.0,0.0,0.0,1.0,1.0,0.0,0.0,0.0,0.0,1.0,1.0,0.0,0.0,0.21598387652896078,22.60022123785508,20.919369015340873
12644,505.72,0.98,1,-0.018,0.309,0.079,-0.02,-0.025,0.03,0.0,0.0,0.01,0.34,2.49,0.0,0.77,1.3,0.46,0.1,0.04,0.0,0.0,1.51,1.18,0.0,0.0,0.0,0.0,0.0,1.0,1.0,0.0,0.0,1.0,1.0,0.0,0.0,0.0,0.0,1.0,1.0,0.0,0.0,0.21929564847224053,22.40089283934915,20.819462048765768
12645,505.76,0.98,1,0.008,0.293,0.074,-0.022,-0.023,0.03,0.0,0.0,0.01,0.31,2.37,0.0,0.79,1.26,0.48,0.21,0.04,0.0,0.0,1.53,1.14,0.0,0.0,0.0,0.0,0.0,1.0,1.0,0.0,0.0,1.0,1.0,0.0,0.0,0.0,0.0,1.0,1.0,0.0,0.0,0.22582629001115967,21.908217636311587,22.622113075484258
12646,505.8,0.98,1,0.013,0.303,0.074,-0.021,-0.023,0.0,0.0,0.0,0.01,0.25,2.46,0.0,0.76,1.18,0.38,0.15,0.0,0.0,0.0,1.57,1.1,0.0,0.0,1.0,0.0,0.0,1.0,1.0,0.0,0.0,1.0,1.0,0.0,0.0,0.0,0.0,1.0,1.0,0.0,0.0,0.22670121773974106,22.044500447957535,23.017601960239038
12647,505.84,0.98,1,0.014,0.301,0.078,-0.025,-0.022,0.0,0.0,0.0,0.01,0.21,2.53,0.0,0.79,1.16,0.41,0.15,0.0,0.0,0.0,1.62,1.11,0.0,0.0,1.0,0.0,0.0,1.0,1.0,0.0,0.0,1.0,1.0,0.0,0.0,0.0,0.0,1.0,1.0,0.0,0.0,0.2290820296563098,22.222511109233402,23.121634890292594
12648,505.88,0.98,1,0.011,0.303,0.079,-0.023,-0.024,0.06,0.0,0.0,0.01,0.23,2.38,0.0,0.77,1.14,0.35,0.04,0.0,0.0,0.0,1.63,1.1,0.23,0.0,1.0,0.0,0.0,1.0,1.0,0.0,0.0,1.0,1.0,0.0,0.0,0.0,0.0,1.0,1.0,0.0,0.0,0.2249700811034826,22.138202275704234,22.91069619195375
12649,505.92,0.98,1,-0.021,0.308,0.07,-0.025,-0.019,0.38,0.25,0.0,0.01,0.2,1.87,0.0,0.91,1.18,0.44,0.08,0.0,0.03,0.0,1.6,1.04,0.92,1.0,1.0,0.0,0.0,1.0,1.0,0.0,0.0,1.0,1.0,0.0,0.0,0.0,0.0,1.0,1.0,0.0,0.0,0.22325922271386778,18.170580618130966,19.03181546778972
12650,505.96,0.98,1,0.008,0.424,0.055,-0.038,-0.015,0.62,0.41,0.0,0.0,0.22,1.32,0.0,0.97,1.18,0.45,0.13,0.0,0.07,0.0,1.6,1.0,1.53,1.0,1.0,0.0,0.0,1.0,1.0,0.0,0.0,1.0,1.0,0.0,0.0,0.0,0.0,1.0,1.0,0.0,1.0,0.16550594185999729,17.25398504693906,19.42575609854102
12651,506.0,0.98,1,-0.016,0.422,0.05,-0.033,-0.014,0.71,0.41,0.0,0.0,0.23,1.24,0.0,1.01,1.2,0.44,0.25,0.0,0.07,0.0,1.61,0.99,1.67,1.0,1.0,0.0,0.0,1.0,1.0,0.0,0.0,1.0,1.0,0.0,0.0,0.0,0.0,1.0,1.0,0.0,1.0,0.1691602797377546,17.12921480979206,19.212756179163925
12652,506.04,0.98,1,0.003,0.349,0.057,-0.023,-0.019,0.41,0.16,0.0,0.0,0.35,1.69,0.01,0.84,1.14,0.29,0.23,0.0,0.04,0.0,1.65,1.06,1.17,1.0,1.0,0.0,0.0,1.0,1.0,0.0,0.0,1.0,1.0,0.0,0.0,0.0,0.0,1.0,1.0,0.0,1.0,0.18239483177382204,18.07097119692243,19.972481067709225
12653,506.08,0.98,1,0.005,0.339,0.06,-0.026,-0.018,0.19,0.0,0.0,0.0,0.39,2.22,0.07,0.76,1.12,0.24,0.21,0.0,0.0,0.0,1.56,1.08,0.72,0.0,1.0,0.0,0.0,1.0,1.0,0.0,0.0,1.0,1.0,0.0,0.0,0.0,0.0,1.0,1.0,0.0,1.0,0.1773852546491397,15.41168387944688,18.43908891458586
12654,506.12,0.98,1,0.008,0.334,0.068,-0.025,-0.023,0.04,0.01,0.0,0.0,0.33,2.38,0.21,0.64,1.04,0.39,0.13,0.03,0.0,0.0,1.45,1.18,0.71,0.0,0.0,0.0,0.0,1.0,1.0,0.0,0.0,1.0,1.0,0.0,0.0,0.0,0.0,1.0,1.0,0.0,1.0,0.18229503026499605,17.628386199536155,18.7216452268491
12655,506.16,0.98,1,0.009,0.369,0.09,-0.015,-0.027,0.24,0.2,0.0,0.0,0.18,2.03,0.27,0.52,0.98,0.43,0.16,0.03,0.09,0.0,1.35,1.4,1.22,0.0,0.0,0.0,0.0,1.0,1.0,0.0,0.0,1.0,1.0,0.0,0.0,0.0,0.0,1.0,1.0,0.0,1.0,0.16584382005130768,17.822738285684338,20.16358103115606
12656,506.2,0.98,1,-0.075,0.451,0.108,0.028,-0.028,0.41,0.2,0.0,0.0,0.07,1.61,0.26,0.36,0.9,0.42,0.15,0.03,0.13,0.0,1.5,1.73,1.84,0.0,0.0,0.0,0.0,0.0,1.0,0.0,0.0,1.0,1.0,0.0,0.0,0.0,0.0,1.0,1.0,0.0,1.0,0.17758834188246692,19.512560057562926,18.98552079875595
12657,506.24,0.98,1,-0.086,0.483,0.129,0.055,-0.017,0.66,0.2,0.2,0.0,0.0,1.15,0.13,0.17,0.9,0.3,0.11,0.01,0.13,0.0,1.75,2.03,2.32,0.0,0.0,0.0,0.0,0.0,1.0,0.0,0.0,1.0,1.0,0.0,0.0,0.0,0.0,1.0,1.0,0.0,1.0,0.18423297810064082,18.80664776083199,18.080099557248012
12658,506.28,0.98,1,-0.109,0.49,0.134,0.101,-0.028,0.7,0.05,0.37,0.0,0.08,1.09,0.17,0.11,0.93,0.3,0.04,0.07,0.03,0.0,2.08,2.41,2.42,0.0,0.0,0.0,0.0,0.0,1.0,0.0,0.0,1.0,1.0,0.0,0.0,0.0,0.0,1.0,1.0,0.0,1.0,0.1900278074046107,20.903827400741577,19.037857022259626
12659,506.32,0.98,1,-0.156,0.511,0.125,0.145,-0.053,0.82,0.05,0.58,0.0,0.25,0.75,0.28,0.14,0.87,0.46,0.0,0.15,0.0,0.0,2.34,2.76,2.41,0.0,0.0,0.0,0.0,0.0,1.0,0.0,0.0,1.0,1.0,0.0,0.0,0.0,0.0,1.0,1.0,0.0,1.0,0.18027059717092875,20.900239233080654,19.582900704441112
12660,506.36,0.98,1,-0.172,0.502,0.13,0.182,-0.084,0.95,0.05,0.68,0.0,0.4,0.76,0.42,0.28,0.74,0.67,0.0,0.27,0.0,0.0,2.61,3.05,2.45,0.0,0.0,1.0,0.0,1.0,1.0,1.0,0.0,1.0,1.0,0.0,0.0,0.0,0.0,1.0,1.0,0.0,1.0,0.1678343743136133,22.801973598791793,18.916923639957908
12661,506.4,0.98,1,-0.169,0.496,0.13,0.202,-0.11,1.13,0.06,0.74,0.0,0.47,0.5,0.47,0.43,0.56,0.82,0.0,0.35,0.0,0.0,2.97,3.19,2.4,1.0,0.0,1.0,0.0,1.0,1.0,1.0,0.0,0.0,1.0,0.0,0.0,0.0,0.0,1.0,1.0,0.0,1.0,0.16636053723242222,24.600000000000136,19.016308790088555
12662,506.44,0.98,1,-0.183,0.508,0.149,0.22,-0.136,1.32,0.14,0.77,0.0,0.4,0.4,0.49,0.56,0.48,0.84,0.0,0.54,0.0,0.0,3.28,3.23,2.61,1.0,0.0,1.0,0.0,1.0,1.0,1.0,0.0,0.0,1.0,0.0,0.0,0.0,0.0,1.0,1.0,0.0,1.0,0.18390963771441904,25.11274576783683,21.086725682286446
12663,506.48,0.98,1,-0.142,0.511,0.158,0.23,-0.161,1.36,0.38,0.72,0.0,0.25,0.14,0.36,0.66,0.43,0.79,0.04,0.85,0.0,0.0,3.25,3.18,2.84,1.0,0.0,1.0,0.0,1.0,1.0,1.0,0.0,0.0,1.0,0.0,0.0,0.0,0.0,1.0,1.0,0.0,1.0,0.1915921674467865,23.73562722996808,19.448650338776773
12664,506.52,0.98,1,-0.153,0.543,0.172,0.217,-0.146,1.46,0.68,0.7,0.0,0.11,0.0,0.2,0.82,0.45,0.8,0.08,1.25,0.0,0.0,2.79,3.09,3.3,1.0,0.0,1.0,0.0,0.0,0.0,0.0,0.0,0.0,1.0,0.0,0.0,0.0,0.0,1.0,1.0,0.0,1.0,0.18300204442009796,22.350391495452556,24.932909978580447
12665,506.56,0.98,1,-0.131,0.53,0.18,0.187,-0.149,1.75,0.81,0.61,0.0,0.0,0.0,0.04,0.97,0.53,0.87,0.3,1.4,0.28,0.0,2.37,2.53,3.32,1.0,1.0,1.0,0.0,0.0,0.0,0.0,0.0,0.0,1.0,0.0,1.0,0.0,0.0,1.0,1.0,0.0,1.0,0.16255647076533752,23.73036030067816,23.249946236496974
12666,506.6,0.98,1,-0.097,0.538,0.269,0.172,-0.179,2.43,0.99,0.37,0.02,0.0,0.0,0.0,0.97,0.49,0.77,0.68,1.62,0.89,0.0,1.99,1.85,2.94,1.0,1.0,0.0,0.0,0.0,0.0,0.0,0.0,0.0,1.0,0.0,1.0,0.0,0.0,1.0,1.0,0.0,1.0,0.17981741144781072,24.915858403835852,24.126748641290312
12667,506.64,0.98,1,-0.079,0.553,0.331,0.144,-0.192,3.49,1.35,0.16,0.02,0.0,0.0,0.19,0.9,0.31,0.72,0.88,2.41,1.53,0.25,1.43,1.28,2.44,1.0,1.0,0.0,0.0,0.0,0.0,0.0,0.0,0.0,1.0,0.0,1.0,0.0,0.0,1.0,0.0,0.0,1.0,0.1862601166498035,26.602443496791746,25.20357117552986
12668,506.68,0.88,1,0.05,0.539,0.362,0.125,-0.19,4.02,1.75,0.28,0.02,0.34,0.08,0.86,0.88,0.16,0.81,0.66,3.61,1.47,0.83,0.68,0.98,2.31,1.0,1.0,0.0,0.0,0.0,0.0,0.0,1.0,0.0,1.0,0.0,1.0,0.0,0.0,1.0,0.0,0.0,1.0,0.1769212295903772,27.338617375426967,28.408449447303518
12669,506.72,0.88,1,0.283,0.592,0.137,0.075,-0.175,3.33,1.44,0.27,0.0,0.69,0.08,1.13,0.95,0.62,1.37,0.25,3.43,1.2,0.83,0.76,0.68,2.33,1.0,1.0,0.0,0.0,0.0,0.0,0.0,1.0,0.0,1.0,0.0,0.0,0.0,0.0,0.0,0.0,0.0,0.0,0.06349621030994723,40.16279372752861,26.82871595883778
12670,506.76,0.88,1,-0.014,0.44,-0.007,0.112,-0.104,2.14,1.0,0.28,0.0,1.22,0.17,1.58,0.67,1.06,1.71,0.06,2.45,0.55,0.58,1.65,0.24,2.6,0.0,1.0,0.0,0.0,0.0,0.0,0.0,0.0,0.0,1.0,0.0,0.0,0.0,0.0,0.0,0.0,0.0,0.0,0.07838270306178319,30.864866758176635,33.97057550292601
12671,506.8,0.03,0,0.0,0.0,0.027,0.116,-0.125,0.83,0.39,0.0,0.0,0.88,0.09,0.91,0.3,1.0,1.24,0.06,0.83,0.34,0.0,1.65,0.0,1.72,0.0,1.0,0.0,0.0,0.0,0.0,0.0,0.0,0.0,0.0,0.0,0.0,0.0,0.0,0.0,0.0,0.0,0.0,0.09787514142978188,30.405920476117895,31.60569568922663
12672,506.84,0.03,0,0.0,0.0,0.012,0.097,-0.141,0.41,0.28,0.0,0.0,0.53,0.09,0.64,0.0,0.44,0.5,0.06,0.35,0.0,0.0,1.04,0.0,0.97,0.0,0.0,0.0,0.0,0.0,0.0,0.0,0.0,0.0,0.0,0.0,0.0,0.0,0.0,0.0,0.0,0.0,0.0,0.06917581950177873,32.820725159569655,32.72002444986863
12673,506.88,0.03,0,0.0,0.0,-0.027,0.102,-0.163,0.0,0.0,0.0,0.0,0.0,0.0,0.0,0.0,0.0,0.0,0.0,0.0,0.0,0.0,0.0,0.0,0.0,0.0,0.0,0.0,0.0,0.0,0.0,0.0,0.0,0.0,0.0,0.0,0.0,0.0,0.0,0.0,0.0,0.0,0.0,0.11731657820481026,34.197368319798976,32.79817068069501
12674,506.92,0.03,0,0.0,0.0,-0.118,0.08,-0.164,0.0,0.0,0.0,0.0,0.0,0.0,0.0,0.0,0.0,0.0,0.0,0.0,0.0,0.0,0.0,0.0,0.0,0.0,0.0,0.0,0.0,0.0,0.0,0.0,0.0,0.0,0.0,0.0,0.0,0.0,0.0,0.0,0.0,0.0,0.0,0.059518817280288745,42.08622102303793,37.42859869137509
12675,506.96,0.03,0,0.0,0.0,-0.131,0.078,-0.167,0.0,0.0,0.0,0.0,0.0,0.0,0.0,0.0,0.0,0.0,0.0,0.0,0.0,0.0,0.0,0.0,0.0,0.0,0.0,0.0,0.0,0.0,0.0,0.0,0.0,0.0,0.0,0.0,0.0,0.0,0.0,0.0,0.0,0.0,0.0,0.484543628570164,19.57345140745504,21.700691233230316
12676,507.0,0.03,0,0.0,0.0,-0.081,0.136,-0.168,0.0,0.0,0.0,0.0,0.0,0.0,0.0,0.0,0.0,0.0,0.0,0.0,0.0,0.0,0.0,0.0,0.0,0.0,0.0,0.0,0.0,0.0,0.0,0.0,0.0,0.0,0.0,0.0,0.0,0.0,0.0,0.0,0.0,0.0,0.0,0.32645383291024843,38.01591771876614,37.73592452822644
12677,507.04,0.03,0,0.0,0.0,0.035,0.181,-0.16,0.0,0.0,0.0,0.0,0.0,0.0,0.0,0.0,0.0,0.0,0.0,0.0,0.0,0.0,0.0,0.0,0.0,0.0,0.0,0.0,0.0,0.0,0.0,0.0,0.0,0.0,0.0,0.0,0.0,0.0,0.0,0.0,0.0,0.0,0.0,0.2175067943380833,39.68941924493227,29.706901555025897
12678,507.08,0.03,0,0.0,0.0,0.104,0.226,-0.15,0.0,0.0,0.0,0.0,0.0,0.0,0.0,0.0,0.0,0.0,0.0,0.0,0.0,0.0,0.0,0.0,0.0,0.0,0.0,0.0,0.0,0.0,0.0,0.0,0.0,0.0,0.0,0.0,0.0,0.0,0.0,0.0,0.0,0.0,0.0,0.16669967926603985,35.04882309008401,26.534505836740145
12679,507.12,0.03,0,0.0,0.0,0.12,0.235,-0.131,0.0,0.0,0.0,0.0,0.0,0.0,0.0,0.0,0.0,0.0,0.0,0.0,0.0,0.0,0.0,0.0,0.0,0.0,0.0,0.0,0.0,0.0,0.0,0.0,0.0,0.0,0.0,0.0,0.0,0.0,0.0,0.0,0.0,0.0,0.0,0.15956847199412041,34.49115828730603,30.80584360149872
12680,507.16,0.03,0,0.0,0.0,0.063,0.23,-0.104,0.0,0.0,0.0,0.0,0.0,0.0,0.0,0.0,0.0,0.0,0.0,0.0,0.0,0.0,0.0,0.0,0.0,0.0,0.0,0.0,0.0,0.0,0.0,0.0,0.0,0.0,0.0,0.0,0.0,0.0,0.0,0.0,0.0,0.0,0.0,0.13876410223767371,26.34103262972058,30.66023483276016
12681,507.2,0.03,0,0.0,0.0,0.023,0.223,-0.084,0.0,0.0,0.0,0.0,0.0,0.0,0.0,0.0,0.0,0.0,0.0,0.0,0.0,0.0,0.0,0.0,0.0,0.0,0.0,0.0,0.0,0.0,0.0,0.0,0.0,0.0,0.0,0.0,0.0,0.0,0.0,0.0,0.0,0.0,0.0,0.08452532575371643,43.20300915445604,24.794555854058085
12682,507.24,0.03,0,0.0,0.0,-0.009,0.241,-0.078,0.0,0.0,0.0,0.0,0.0,0.0,0.0,0.0,0.0,0.0,0.0,0.0,0.0,0.0,0.0,0.0,0.0,0.0,0.0,0.0,0.0,0.0,0.0,0.0,0.0,0.0,0.0,0.0,0.0,0.0,0.0,0.0,0.0,0.0,0.0,0.04254064989546543,25.985572920372764,28.467700996041142
12683,507.28,0.03,0,0.0,0.0,0.052,0.287,-0.078,0.0,0.0,0.0,0.0,0.0,0.0,0.0,0.0,0.0,0.0,0.0,0.0,0.0,0.0,0.0,0.0,0.0,0.0,0.0,0.0,0.0,0.0,0.0,0.0,0.0,0.0,0.0,0.0,0.0,0.0,0.0,0.0,0.0,0.0,0.0,0.04442775748979523,36.77662300973261,31.48142309362782
12684,507.32,0.03,0,0.0,0.0,0.088,0.313,-0.072,0.0,0.0,0.0,0.0,0.0,0.0,0.0,0.0,0.0,0.0,0.0,0.0,0.0,0.0,0.0,0.0,0.0,0.0,0.0,0.0,0.0,0.0,0.0,0.0,0.0,0.0,0.0,0.0,0.0,0.0,0.0,0.0,0.0,0.0,0.0,0.17848865787835275,36.41771546926029,31.390444405901636
12685,507.36,0.03,0,0.0,0.0,0.132,0.308,-0.051,0.0,0.0,0.0,0.0,0.0,0.0,0.0,0.0,0.0,0.0,0.0,0.0,0.0,0.0,0.0,0.0,0.0,0.0,0.0,0.0,0.0,0.0,0.0,0.0,0.0,0.0,0.0,0.0,0.0,0.0,0.0,0.0,0.0,0.0,0.0,0.2210537508989988,38.55930497298945,35.98444108222324
12686,507.4,0.03,0,0.0,0.0,0.174,0.3,-0.035,0.0,0.0,0.0,0.0,0.0,0.0,0.0,0.0,0.0,0.0,0.0,0.0,0.0,0.0,0.0,0.0,0.0,0.0,0.0,0.0,0.0,0.0,0.0,0.0,0.0,0.0,0.0,0.0,0.0,0.0,0.0,0.0,0.0,0.0,0.0,0.24723574281067415,38.95150831482642,32.65348373451139
12687,507.44,0.03,0,0.0,0.0,0.204,0.284,-0.009,0.0,0.0,0.0,0.0,0.0,0.0,0.0,0.0,0.0,0.0,0.0,0.0,0.0,0.0,0.0,0.0,0.0,0.0,0.0,0.0,0.0,0.0,0.0,0.0,0.0,0.0,0.0,0.0,0.0,0.0,0.0,0.0,0.0,0.0,0.0,0.2695912681199709,38.541017111643626,31.59272068056174
12688,507.48,0.03,0,0.0,0.0,0.199,0.257,0.027,0.0,0.0,0.0,0.0,0.0,0.0,0.0,0.0,0.0,0.0,0.0,0.0,0.0,0.0,0.0,0.0,0.0,0.0,0.0,0.0,0.0,0.0,0.0,0.0,0.0,0.0,0.0,0.0,0.0,0.0,0.0,0.0,0.0,0.0,0.0,0.26974358467331455,39.06916943063939,26.484901359076336
12689,507.52,0.03,0,0.0,0.0,0.147,0.251,0.065,0.0,0.0,0.0,0.0,0.0,0.0,0.0,0.0,0.0,0.0,0.0,0.0,0.0,0.0,0.0,0.0,0.0,0.0,0.0,0.0,0.0,0.0,0.0,0.0,0.0,0.0,0.0,0.0,0.0,0.0,0.0,0.0,0.0,0.0,0.0,0.25758573069739027,41.79677021014891,25.180349481291998
12690,507.56,0.03,0,0.0,0.0,0.177,0.228,0.082,0.0,0.0,0.0,0.0,0.0,0.0,0.0,0.0,0.0,0.0,0.0,0.0,0.0,0.0,0.0,0.0,0.0,0.0,0.0,0.0,0.0,0.0,0.0,0.0,0.0,0.0,0.0,0.0,0.0,0.0,0.0,0.0,0.0,0.0,0.0,0.26595434420560904,44.46234361794257,34.41932596667164
12691,507.6,0.03,0,0.0,0.0,0.156,0.2,0.098,0.0,0.0,0.0,0.0,0.0,0.0,0.0,0.0,0.0,0.0,0.0,0.0,0.0,0.0,0.0,0.0,0.0,0.0,0.0,0.0,0.0,0.0,0.0,0.0,0.0,0.0,0.0,0.0,0.0,0.0,0.0,0.0,0.0,0.0,0.0,0.2797518728643491,46.25462139073237,34.37513636336587
12692,507.64,0.03,0,0.0,0.0,0.194,0.18,0.092,0.0,0.0,0.0,0.0,0.0,0.0,0.0,0.0,0.0,0.0,0.0,0.0,0.0,0.0,0.0,0.0,0.0,0.0,0.0,0.0,0.0,0.0,0.0,0.0,0.0,0.0,0.0,0.0,0.0,0.0,0.0,0.0,0.0,0.0,0.0,0.29610218880423145,45.741119356657634,37.06211003167511
12693,507.68,0.03,0,0.0,0.0,0.17,0.168,0.098,0.0,0.0,0.0,0.0,0.0,0.0,0.0,0.0,0.0,0.0,0.0,0.0,0.0,0.0,0.0,0.0,0.0,0.0,0.0,0.0,0.0,0.0,0.0,0.0,0.0,0.0,0.0,0.0,0.0,0.0,0.0,0.0,0.0,0.0,0.0,0.2768061472374358,47.276315423264535,47.805125248240984
12694,507.72,0.03,0,0.0,0.0,0.154,0.158,0.106,0.0,0.0,0.0,0.0,0.0,0.0,0.0,0.0,0.0,0.0,0.0,0.0,0.0,0.0,0.0,0.0,0.0,0.0,0.0,0.0,0.0,0.0,0.0,0.0,0.0,0.0,0.0,0.0,0.0,0.0,0.0,0.0,0.0,0.0,0.0,0.24501076878424743,46.714879856422655,49.161977177489476
12695,507.76,0.03,0,0.0,0.0,0.158,0.153,0.109,0.0,0.0,0.0,0.0,0.0,0.0,0.0,0.0,0.0,0.0,0.0,0.0,0.0,0.0,0.0,0.0,0.0,0.0,0.0,0.0,0.0,0.0,0.0,0.0,0.0,0.0,0.0,0.0,0.0,0.0,0.0,0.0,0.0,0.0,0.0,0.6501746466334518,22.699118925632334,35.81396375717154
12696,507.8,0.03,0,0.0,0.0,0.149,0.155,0.12,0.0,0.0,0.0,0.0,0.0,0.0,0.0,0.0,0.0,0.0,0.0,0.0,0.0,0.0,0.0,0.0,0.0,0.0,0.0,0.0,0.0,0.0,0.0,0.0,0.0,0.0,0.0,0.0,0.0,0.0,0.0,0.0,0.0,0.0,0.0,0.22681231257516868,49.127283661932694,57.09588426498015
12697,507.84,0.03,0,0.0,0.0,0.204,0.158,0.121,0.0,0.0,0.0,0.0,0.0,0.0,0.0,0.0,0.0,0.0,0.0,0.0,0.0,0.0,0.0,0.0,0.0,0.0,0.0,0.0,0.0,0.0,0.0,0.0,0.0,0.0,0.0,0.0,0.0,0.0,0.0,0.0,0.0,0.0,0.0,0.29268952920487085,34.269082275427365,41.501927666073534
12698,507.88,0.03,0,0.0,0.0,0.211,0.177,0.117,0.0,0.0,0.0,0.0,0.0,0.0,0.0,0.0,0.0,0.0,0.0,0.0,0.0,0.0,0.0,0.0,0.0,0.0,0.0,0.0,0.0,0.0,0.0,0.0,0.0,0.0,0.0,0.0,0.0,0.0,0.0,0.0,0.0,0.0,0.0,0.2598955808214715,40.187187012778104,37.722407134222
12699,507.92,0.03,0,0.0,0.0,0.182,0.137,0.146,0.0,0.0,0.0,0.0,0.0,0.0,0.0,0.0,0.0,0.0,0.0,0.0,0.0,0.0,0.0,0.0,0.0,0.0,0.0,0.0,0.0,0.0,0.0,0.0,0.0,0.0,0.0,0.0,0.0,0.0,0.0,0.0,0.0,0.0,0.0,0.42303934799101395,39.76845483545978,44.978216949985864
12700,507.96,0.03,0,0.0,0.0,0.228,0.17,0.131,0.0,0.0,0.0,0.0,0.0,0.0,0.0,0.0,0.0,0.0,0.0,0.0,0.0,0.0,0.0,0.0,0.0,0.0,0.0,0.0,0.0,0.0,0.0,0.0,0.0,0.0,0.0,0.0,0.0,0.0,0.0,0.0,0.0,0.0,0.0,0.3007641956594483,42.79170480361823,43.102784132814406
12701,508.0,0.03,0,0.0,0.0,0.102,0.148,0.18,0.0,0.0,0.0,0.0,0.0,0.0,0.0,0.0,0.0,0.0,0.0,0.0,0.0,0.0,0.0,0.0,0.0,0.0,0.0,0.0,0.0,0.0,0.0,0.0,0.0,0.0,0.0,0.0,0.0,0.0,0.0,0.0,0.0,0.0,0.0,0.17115652261396858,34.65905365124666,35.3458625584381
12702,508.04,0.03,0,0.0,0.0,0.126,0.102,0.196,0.0,0.0,0.0,0.0,0.0,0.0,0.0,0.0,0.0,0.0,0.0,0.0,0.0,0.0,0.0,0.0,0.0,0.0,0.0,0.0,0.0,0.0,0.0,0.0,0.0,0.0,0.0,0.0,0.0,0.0,0.0,0.0,0.0,0.0,0.0,0.14942114083800018,32.69999999999982,31.382319863260726
12703,508.08,0.03,0,0.0,0.0,0.203,0.03,0.204,0.0,0.0,0.0,0.0,0.0,0.0,0.0,0.0,0.0,0.0,0.0,0.0,0.0,0.0,0.0,0.0,0.0,0.0,0.0,0.0,0.0,0.0,0.0,0.0,0.0,0.0,0.0,0.0,0.0,0.0,0.0,0.0,0.0,0.0,0.0,0.1464307393768633,32.83900120283802,30.94139621930474
12704,508.12,0.03,0,0.0,0.0,0.216,-0.0,0.215,0.0,0.0,0.0,0.0,0.0,0.0,0.0,0.0,0.0,0.0,0.0,0.0,0.0,0.0,0.0,0.0,0.0,0.0,0.0,0.0,0.0,0.0,0.0,0.0,0.0,0.0,0.0,0.0,0.0,0.0,0.0,0.0,0.0,0.0,0.0,0.16743004570400813,30.210594168271545,29.93760177435714
12705,508.16,0.03,0,0.0,0.0,0.232,-0.025,0.224,0.0,0.0,0.0,0.0,0.0,0.0,0.0,0.0,0.0,0.0,0.0,0.0,0.0,0.0,0.0,0.0,0.0,0.0,0.0,0.0,0.0,0.0,0.0,0.0,0.0,0.0,0.0,0.0,0.0,0.0,0.0,0.0,0.0,0.0,0.0,0.15500846115344216,32.56148031032987,33.00060605504087
12706,508.2,0.03,0,0.0,0.0,0.252,-0.041,0.232,0.0,0.0,0.0,0.0,0.0,0.0,0.0,0.0,0.0,0.0,0.0,0.0,0.0,0.0,0.0,0.0,0.0,0.0,0.0,0.0,0.0,0.0,0.0,0.0,0.0,0.0,0.0,0.0,0.0,0.0,0.0,0.0,0.0,0.0,0.0,0.16658086160551067,31.200160255998732,27.817979797246196
12707,508.24,0.03,0,0.0,0.0,0.26,-0.053,0.249,0.0,0.0,0.0,0.0,0.0,0.0,0.0,0.0,0.0,0.0,0.0,0.0,0.0,0.0,0.0,0.0,0.0,0.0,0.0,0.0,0.0,0.0,0.0,0.0,0.0,0.0,0.0,0.0,0.0,0.0,0.0,0.0,0.0,0.0,0.0,0.10153362374760454,27.908779980500622,37.30857810209331
12708,508.28,0.03,0,0.0,0.0,0.321,-0.108,0.279,0.0,0.0,0.0,0.0,0.0,0.0,0.0,0.0,0.0,0.0,0.0,0.0,0.0,0.0,0.0,0.0,0.0,0.0,0.0,0.0,0.0,0.0,0.0,0.0,0.0,0.0,0.0,0.0,0.0,0.0,0.0,0.0,0.0,0.0,0.0,0.21505972855597805,24.65866987491409,39.49303736103361
12709,508.32,0.03,0,0.0,0.0,0.376,-0.185,0.316,0.0,0.0,0.0,0.0,0.0,0.0,0.0,0.0,0.0,0.0,0.0,0.0,0.0,0.0,0.0,0.0,0.0,0.0,0.0,0.0,0.0,0.0,0.0,0.0,0.0,0.0,0.0,0.0,0.0,0.0,0.0,0.0,0.0,0.0,0.0,0.15208040337895573,29.720363389433892,35.537304343464164
12710,508.36,0.03,0,0.0,0.0,0.47,-0.222,0.34,0.0,0.0,0.0,0.0,0.0,0.0,0.0,0.0,0.0,0.0,0.0,0.0,0.0,0.0,0.0,0.0,0.0,0.0,0.0,0.0,0.0,0.0,0.0,0.0,0.0,0.0,0.0,0.0,0.0,0.0,0.0,0.0,0.0,0.0,0.0,0.33037180883126294,30.114448359550135,24.830827614076703
12711,508.4,0.03,0,0.0,0.0,0.486,-0.227,0.373,0.0,0.0,0.0,0.0,0.0,0.0,0.0,0.0,0.0,0.0,0.0,0.0,0.0,0.0,0.0,0.0,0.0,0.0,0.0,0.0,0.0,0.0,0.0,0.0,0.0,0.0,0.0,0.0,0.0,0.0,0.0,0.0,0.0,0.0,0.0,0.7247410910176968,33.66184783995068,22.005681084665387
12712,508.44,0.03,0,0.0,0.0,0.479,-0.276,0.431,0.0,0.0,0.0,0.0,0.0,0.0,0.0,0.0,0.0,0.0,0.0,0.0,0.0,0.0,0.0,0.0,0.0,0.0,0.0,0.0,0.0,0.0,0.0,0.0,0.0,0.0,0.0,0.0,0.0,0.0,0.0,0.0,0.0,0.0,0.0,0.6556915628757245,26.563320575560454,17.008233300375434
12713,508.48,0.03,0,0.0,0.0,0.495,-0.318,0.467,0.0,0.0,0.0,0.0,0.0,0.0,0.0,0.0,0.0,0.0,0.0,0.0,0.0,0.0,0.0,0.0,0.0,0.0,0.0,0.0,0.0,0.0,0.0,0.0,0.0,0.0,0.0,0.0,0.0,0.0,0.0,0.0,0.0,0.0,0.0,0.2903964714329483,24.400204917172406,33.149358968161025
12714,508.52,0.03,0,0.0,0.0,0.505,-0.311,0.458,0.78,0.0,0.27,0.03,0.98,1.38,0.29,0.28,0.53,0.72,0.14,0.32,0.88,0.0,0.0,0.88,0.0,0.0,0.0,0.0,0.0,0.0,0.0,0.0,0.0,0.0,0.0,0.0,0.0,0.0,0.0,0.0,0.0,0.0,0.0,0.7165617201901502,28.664437897855194,15.192103211866348
12715,508.56,0.03,0,0.0,0.0,0.488,-0.327,0.506,0.78,0.0,0.27,0.03,0.98,1.38,0.29,0.28,0.53,0.72,0.14,0.32,0.88,0.0,0.0,0.88,0.0,0.0,0.0,0.0,0.0,0.0,0.0,0.0,0.0,0.0,0.0,0.0,0.0,0.0,0.0,0.0,0.0,0.0,0.0,0.24674877482228985,21.000238093888363,27.714617081966015
12716,508.6,0.03,0,0.0,0.0,0.518,-0.305,0.492,0.78,0.0,0.27,0.03,0.98,1.38,0.29,0.28,0.53,0.72,0.14,0.32,0.88,0.0,0.0,0.88,0.0,0.0,0.0,0.0,0.0,0.0,0.0,0.0,0.0,0.0,0.0,0.0,0.0,0.0,0.0,0.0,0.0,0.0,0.0,0.5384437958449566,27.390691849604675,15.966527487215165
12717,508.64,0.03,0,0.0,0.0,0.532,-0.317,0.54,0.0,0.0,0.0,0.0,0.0,0.0,0.0,0.0,0.0,0.0,0.0,0.0,0.0,0.0,0.0,0.0,0.0,0.0,0.0,0.0,0.0,0.0,0.0,0.0,0.0,0.0,0.0,0.0,0.0,0.0,0.0,0.0,0.0,0.0,0.0,0.3068696786767008,25.10338622576638,18.1011049386496
12718,508.68,0.03,0,0.0,0.0,0.541,-0.367,0.613,0.0,0.0,0.0,0.0,0.0,0.0,0.0,0.0,0.0,0.0,0.0,0.0,0.0,0.0,0.0,0.0,0.0,0.0,0.0,0.0,0.0,0.0,0.0,0.0,0.0,0.0,0.0,0.0,0.0,0.0,0.0,0.0,0.0,0.0,0.0,0.8417450923774168,20.08033864256282,18.86637220029335
12719,508.72,0.03,0,0.0,0.0,0.557,-0.4,0.664,0.0,0.0,0.0,0.0,0.0,0.0,0.0,0.0,0.0,0.0,0.0,0.0,0.0,0.0,0.0,0.0,0.0,0.0,0.0,0.0,0.0,0.0,0.0,0.0,0.0,0.0,0.0,0.0,0.0,0.0,0.0,0.0,0.0,0.0,0.0,0.3942938395008233,17.772169254201966,34.35942374371266
12720,508.76,0.03,0,0.0,0.0,0.55,-0.388,0.705,0.0,0.0,0.0,0.0,0.0,0.0,0.0,0.0,0.0,0.0,0.0,0.0,0.0,0.0,0.0,0.0,0.0,0.0,0.0,0.0,0.0,0.0,0.0,0.0,0.0,0.0,0.0,0.0,0.0,0.0,0.0,0.0,0.0,0.0,0.0,0.9663034955437428,17.48056063174185,15.128780519261932
12721,508.8,0.03,0,0.0,0.0,0.577,-0.416,0.753,0.0,0.0,0.0,0.0,0.0,0.0,0.0,0.0,0.0,0.0,0.0,0.0,0.0,0.0,0.0,0.0,0.0,0.0,0.0,0.0,0.0,0.0,0.0,0.0,0.0,0.0,0.0,0.0,0.0,0.0,0.0,0.0,0.0,0.0,0.0,0.8795294870655528,11.552056094046758,9.63016095400275
12722,508.84,0.03,0,0.0,0.0,0.465,-0.288,0.698,0.0,0.0,0.0,0.0,0.0,0.0,0.0,0.0,0.0,0.0,0.0,0.0,0.0,0.0,0.0,0.0,0.0,0.0,0.0,0.0,0.0,0.0,0.0,0.0,0.0,0.0,0.0,0.0,0.0,0.0,0.0,0.0,0.0,0.0,0.0,1.9343737883819914,15.164761785138655,8.309632964216933
12723,508.88,0.03,0,0.0,0.0,0.558,-0.353,0.733,0.0,0.0,0.0,0.0,0.0,0.0,0.0,0.0,0.0,0.0,0.0,0.0,0.0,0.0,0.0,0.0,0.0,0.0,0.0,0.0,0.0,0.0,0.0,0.0,0.0,0.0,0.0,0.0,0.0,0.0,0.0,0.0,0.0,0.0,0.0,1.1690062137986625,18.398369492974098,8.68216562845916
12724,508.92,0.03,0,0.0,0.0,0.517,-0.354,0.778,0.0,0.0,0.0,0.0,0.0,0.0,0.0,0.0,0.0,0.0,0.0,0.0,0.0,0.0,0.0,0.0,0.0,0.0,0.0,0.0,0.0,0.0,0.0,0.0,0.0,0.0,0.0,0.0,0.0,0.0,0.0,0.0,0.0,0.0,0.0,1.3548082485328006,14.035668847618247,4.535416188179548
12725,508.96,0.03,0,0.0,0.0,0.424,-0.304,0.86,0.0,0.0,0.0,0.0,0.0,0.0,0.0,0.0,0.0,0.0,0.0,0.0,0.0,0.0,0.0,0.0,0.0,0.0,0.0,0.0,0.0,0.0,0.0,0.0,0.0,0.0,0.0,0.0,0.0,0.0,0.0,0.0,0.0,0.0,0.0,1.1859436731274502,19.498974332000092,44.87694285487814
12726,509.0,0.03,0,0.0,0.0,0.295,-0.251,0.867,0.0,0.0,0.0,0.0,0.0,0.0,0.0,0.0,0.0,0.0,0.0,0.0,0.0,0.0,0.0,0.0,0.0,0.0,0.0,0.0,0.0,0.0,0.0,0.0,0.0,0.0,0.0,0.0,0.0,0.0,0.0,0.0,0.0,0.0,0.0,0.6737031459144236,25.40649523251877,29.381967258847748
12727,509.04,0.03,0,0.0,0.0,0.131,-0.245,0.922,0.0,0.0,0.0,0.0,0.0,0.0,0.0,0.0,0.0,0.0,0.0,0.0,0.0,0.0,0.0,0.0,0.0,0.0,0.0,0.0,0.0,0.0,0.0,0.0,0.0,0.0,0.0,0.0,0.0,0.0,0.0,0.0,0.0,0.0,0.0,0.16388373535420656,22.92967509582299,34.861009738675065
12728,509.08,0.03,0,0.0,0.0,0.025,-0.258,0.951,0.0,0.0,0.0,0.0,0.0,0.0,0.0,0.0,0.0,0.0,0.0,0.0,0.0,0.0,0.0,0.0,0.0,0.0,0.0,0.0,0.0,0.0,0.0,0.0,0.0,0.0,0.0,0.0,0.0,0.0,0.0,0.0,0.0,0.0,0.0,0.1417485342640084,25.274493071078496,24.648326515201756
12729,509.12,0.03,0,0.0,0.0,0.002,-0.289,0.966,0.0,0.0,0.0,0.0,0.0,0.0,0.0,0.0,0.0,0.0,0.0,0.0,0.0,0.0,0.0,0.0,0.0,0.0,0.0,0.0,0.0,0.0,0.0,0.0,0.0,0.0,0.0,0.0,0.0,0.0,0.0,0.0,0.0,0.0,0.0,0.2729381232091273,26.122786987609253,63.004206208792304
12730,509.16,0.03,0,0.0,0.0,-0.006,-0.33,0.983,0.0,0.0,0.0,0.0,0.0,0.0,0.0,0.0,0.0,0.0,0.0,0.0,0.0,0.0,0.0,0.0,0.0,0.0,0.0,0.0,0.0,0.0,0.0,0.0,0.0,0.0,0.0,0.0,0.0,0.0,0.0,0.0,0.0,0.0,0.0,0.30901403447924936,28.031767693101376,44.36541445766063
12731,509.2,0.03,0,0.0,0.0,-0.014,-0.353,0.99,0.0,0.0,0.0,0.0,0.0,0.0,0.0,0.0,0.0,0.0,0.0,0.0,0.0,0.0,0.0,0.0,0.0,0.0,0.0,0.0,0.0,0.0,0.0,0.0,0.0,0.0,0.0,0.0,0.0,0.0,0.0,0.0,0.0,0.0,0.0,0.2941680465003144,28.50438562747845,69.80179080797286
12732,509.24,0.03,0,0.0,0.0,-0.03,-0.367,0.997,0.0,0.0,0.0,0.0,0.0,0.0,0.0,0.0,0.0,0.0,0.0,0.0,0.0,0.0,0.0,0.0,0.0,0.0,0.0,0.0,0.0,0.0,0.0,0.0,0.0,0.0,0.0,0.0,0.0,0.0,0.0,0.0,0.0,0.0,0.0,0.28045967889363543,29.52050135075622,69.74525073436898
12733,509.28,0.03,0,0.0,0.0,-0.045,-0.374,0.988,0.0,0.0,0.0,0.0,0.0,0.0,0.0,0.0,0.0,0.0,0.0,0.0,0.0,0.0,0.0,0.0,0.0,0.0,0.0,0.0,0.0,0.0,0.0,0.0,0.0,0.0,0.0,0.0,0.0,0.0,0.0,0.0,0.0,0.0,0.0,0.27327185529556186,30.71628232713049,71.5800251466848
12734,509.32,0.03,0,0.0,0.0,-0.049,-0.392,0.982,0.0,0.0,0.0,0.0,0.0,0.0,0.0,0.0,0.0,0.0,0.0,0.0,0.0,0.0,0.0,0.0,0.0,0.0,0.0,0.0,0.0,0.0,0.0,0.0,0.0,0.0,0.0,0.0,0.0,0.0,0.0,0.0,0.0,0.0,0.0,0.3297116753050267,31.80565987367653,69.46034840108425
12735,509.36,0.03,0,0.0,0.0,-0.057,-0.402,0.97,0.0,0.0,0.0,0.0,0.0,0.0,0.0,0.0,0.0,0.0,0.0,0.0,0.0,0.0,0.0,0.0,0.0,0.0,0.0,0.0,0.0,0.0,0.0,0.0,0.0,0.0,0.0,0.0,0.0,0.0,0.0,0.0,0.0,0.0,0.0,0.29170094931861756,31.257799026802946,69.88504847247361
12736,509.4,0.03,0,0.0,0.0,-0.078,-0.399,0.955,0.0,0.0,0.0,0.0,0.0,0.0,0.0,0.0,0.0,0.0,0.0,0.0,0.0,0.0,0.0,0.0,0.0,0.0,0.0,0.0,0.0,0.0,0.0,0.0,0.0,0.0,0.0,0.0,0.0,0.0,0.0,0.0,0.0,0.0,0.0,0.3314508980241557,31.296325662927405,70.90303237520949
12737,509.44,0.03,0,0.0,0.0,-0.069,-0.429,0.963,0.0,0.0,0.0,0.0,0.0,0.0,0.0,0.0,0.0,0.0,0.0,0.0,0.0,0.0,0.0,0.0,0.0,0.0,0.0,0.0,0.0,0.0,0.0,0.0,0.0,0.0,0.0,0.0,0.0,0.0,0.0,0.0,0.0,0.0,0.0,0.358777662832951,32.15960198758685,34.60057802985394
12738,509.48,0.03,0,0.0,0.0,-0.064,-0.45,0.958,0.0,0.0,0.0,0.0,0.0,0.0,0.0,0.0,0.0,0.0,0.0,0.0,0.0,0.0,0.0,0.0,0.0,0.0,0.0,0.0,0.0,0.0,0.0,0.0,0.0,0.0,0.0,0.0,0.0,0.0,0.0,0.0,0.0,0.0,0.0,0.38378432316166866,31.6001582274521,33.860005906673926
12739,509.52,0.03,0,0.0,0.0,-0.066,-0.471,0.962,0.0,0.0,0.0,0.0,0.0,0.0,0.0,0.0,0.0,0.0,0.0,0.0,0.0,0.0,0.0,0.0,0.0,0.0,0.0,0.0,0.0,0.0,0.0,0.0,0.0,0.0,0.0,0.0,0.0,0.0,0.0,0.0,0.0,0.0,0.0,0.39427953844675984,31.30575027051735,34.78304184512918
12740,509.56,0.03,0,0.0,0.0,-0.056,-0.489,0.967,0.0,0.0,0.0,0.0,0.0,0.0,0.0,0.0,0.0,0.0,0.0,0.0,0.0,0.0,0.0,0.0,0.0,0.0,0.0,0.0,0.0,0.0,0.0,0.0,0.0,0.0,0.0,0.0,0.0,0.0,0.0,0.0,0.0,0.0,0.0,0.3685623702020797,31.264036847470653,38.14000524383812
12741,509.6,0.03,0,0.0,0.0,-0.103,-0.495,0.965,0.0,0.0,0.0,0.0,0.0,0.0,0.0,0.0,0.0,0.0,0.0,0.0,0.0,0.0,0.0,0.0,0.0,0.0,0.0,0.0,0.0,0.0,0.0,0.0,0.0,0.0,0.0,0.0,0.0,0.0,0.0,0.0,0.0,0.0,0.0,0.27112644952347,31.800157232315645,52.828022866656745
12742,509.64,0.03,0,0.0,0.0,-0.064,-0.511,0.963,0.0,0.0,0.0,0.0,0.0,0.0,0.0,0.0,0.0,0.0,0.0,0.0,0.0,0.0,0.0,0.0,0.0,0.0,0.0,0.0,0.0,0.0,0.0,0.0,0.0,0.0,0.0,0.0,0.0,0.0,0.0,0.0,0.0,0.0,0.0,0.30476763127407386,30.066592756745816,46.20789975750905
12743,509.68,0.03,0,0.0,0.0,-0.098,-0.511,0.96,0.0,0.0,0.0,0.0,0.0,0.0,0.0,0.0,0.0,0.0,0.0,0.0,0.0,0.0,0.0,0.0,0.0,0.0,0.0,0.0,0.0,0.0,0.0,0.0,0.0,0.0,0.0,0.0,0.0,0.0,0.0,0.0,0.0,0.0,0.0,0.3202950017532213,30.95238278388259,65.596417585109
12744,509.72,0.03,0,0.0,0.0,-0.098,-0.527,0.964,0.0,0.0,0.0,0.0,0.0,0.0,0.0,0.0,0.0,0.0,0.0,0.0,0.0,0.0,0.0,0.0,0.0,0.0,0.0,0.0,0.0,0.0,0.0,0.0,0.0,0.0,0.0,0.0,0.0,0.0,0.0,0.0,0.0,0.0,0.0,0.3453794865797004,30.78830946966736,77.52477023506741
